4.999500e-01
5.000337e-01
5.000217e-01
4.999553e-01
5.000268e-01
5.000015e-01
4.999543e-01
4.999756e-01
4.999960e-01
4.999760e-01
4.999740e-01
4.999841e-01
5.000184e-01
4.999696e-01
4.999980e-01
5.000331e-01
5.000024e-01
5.000108e-01
5.000278e-01
5.000287e-01
5.000470e-01
5.000166e-01
5.000306e-01
4.999556e-01
4.999920e-01
4.999602e-01
4.999834e-01
5.000001e-01
4.999939e-01
5.000318e-01
5.000203e-01
5.000383e-01
5.000437e-01
4.999852e-01
4.999775e-01
4.999863e-01
4.999786e-01
5.000400e-01
4.999801e-01
5.000392e-01
5.000371e-01
4.999998e-01
5.000292e-01
5.000211e-01
5.000417e-01
5.000372e-01
4.999953e-01
5.000418e-01
5.000208e-01
4.999608e-01
5.000273e-01
5.000068e-01
5.000359e-01
5.000100e-01
4.999813e-01
5.000329e-01
5.000059e-01
5.000455e-01
5.000189e-01
4.999994e-01
5.000318e-01
4.999989e-01
4.999759e-01
5.000134e-01
5.000339e-01
5.000040e-01
4.999872e-01
4.999822e-01
4.999802e-01
5.000021e-01
5.000410e-01
5.000161e-01
5.000405e-01
5.000063e-01
5.000025e-01
5.000081e-01
4.999722e-01
4.999875e-01
4.999520e-01
5.000130e-01
4.999669e-01
5.000359e-01
4.999756e-01
4.999670e-01
5.000109e-01
4.999878e-01
5.000153e-01
5.000454e-01
4.999887e-01
4.999933e-01
5.000001e-01
4.999776e-01
5.000355e-01
5.000458e-01
5.000189e-01
5.000378e-01
5.000258e-01
5.000119e-01
5.000060e-01
4.999900e-01
4.999855e-01
5.000067e-01
4.999944e-01
4.999783e-01
4.999858e-01
4.999814e-01
5.000404e-01
5.000377e-01
5.000443e-01
4.999680e-01
5.000374e-01
5.000184e-01
5.000319e-01
5.000358e-01
4.999836e-01
4.999815e-01
5.000309e-01
5.000064e-01
4.999536e-01
4.999632e-01
5.000369e-01
5.000016e-01
5.000125e-01
4.999600e-01
5.000321e-01
4.999820e-01
4.999877e-01
4.999516e-01
5.000059e-01
4.999695e-01
4.999505e-01
4.999958e-01
5.000244e-01
4.999861e-01
4.999924e-01
5.000241e-01
5.000308e-01
5.000054e-01
5.000351e-01
4.999503e-01
5.000378e-01
4.999848e-01
5.000472e-01
5.000110e-01
4.999672e-01
5.000216e-01
4.999890e-01
5.000264e-01
5.000089e-01
4.999822e-01
4.999653e-01
4.999851e-01
5.000419e-01
5.000379e-01
5.000021e-01
4.999722e-01
5.000028e-01
4.999557e-01
4.999519e-01
5.000165e-01
5.000297e-01
5.000157e-01
4.999846e-01
4.999817e-01
4.999890e-01
5.000400e-01
4.999734e-01
4.999764e-01
5.000259e-01
5.000237e-01
4.999539e-01
5.000077e-01
5.000164e-01
5.000500e-01
4.999631e-01
5.000496e-01
5.000334e-01
5.000488e-01
4.999894e-01
4.999770e-01
4.999886e-01
4.999534e-01
5.000003e-01
4.999970e-01
5.000038e-01
4.999787e-01
4.999920e-01
4.999817e-01
4.999546e-01
5.000476e-01
5.000220e-01
4.999630e-01
5.000201e-01
5.000180e-01
5.000199e-01
4.999559e-01
4.999652e-01
4.999747e-01
4.999962e-01
5.000092e-01
5.000288e-01
5.000424e-01
5.000210e-01
5.000480e-01
5.000259e-01
5.000115e-01
5.000045e-01
5.000126e-01
5.000060e-01
5.000382e-01
4.999695e-01
5.000335e-01
5.000217e-01
5.000327e-01
4.999564e-01
4.999819e-01
5.000366e-01
5.000245e-01
5.000101e-01
5.000131e-01
4.999774e-01
5.000222e-01
4.999806e-01
5.000000e-01
5.000382e-01
5.000349e-01
4.999819e-01
4.999779e-01
4.999520e-01
4.999803e-01
4.999943e-01
4.999819e-01
4.999545e-01
4.999902e-01
4.999730e-01
4.999586e-01
4.999841e-01
4.999829e-01
4.999922e-01
4.999547e-01
5.000337e-01
5.000165e-01
4.999548e-01
5.000390e-01
4.999881e-01
4.999543e-01
4.999515e-01
5.000429e-01
4.999998e-01
4.999819e-01
4.999947e-01
4.999913e-01
4.999808e-01
5.000037e-01
4.999926e-01
5.000427e-01
4.999862e-01
5.000112e-01
5.000279e-01
5.000498e-01
5.000004e-01
5.000309e-01
5.000478e-01
4.999596e-01
4.999761e-01
5.000055e-01
5.000082e-01
4.999739e-01
5.000062e-01
5.000309e-01
4.999923e-01
5.000367e-01
5.000182e-01
5.000013e-01
4.999561e-01
4.999566e-01
5.000426e-01
4.999888e-01
4.999985e-01
4.999875e-01
5.000369e-01
4.999855e-01
5.000366e-01
4.999847e-01
5.000235e-01
5.000118e-01
4.999910e-01
4.999830e-01
4.999946e-01
5.000480e-01
5.000316e-01
4.999509e-01
4.999926e-01
4.999862e-01
4.999905e-01
4.999985e-01
5.000169e-01
5.000103e-01
4.999616e-01
4.999729e-01
4.999901e-01
5.000475e-01
5.000488e-01
4.999802e-01
5.000234e-01
4.999763e-01
4.999500e-01
4.999750e-01
5.000015e-01
4.999676e-01
4.999877e-01
4.999597e-01
5.000443e-01
4.999761e-01
5.000124e-01
5.000463e-01
4.999724e-01
4.999663e-01
5.000155e-01
5.000418e-01
5.000277e-01
5.000348e-01
5.000099e-01
4.999968e-01
4.999688e-01
5.000459e-01
5.000382e-01
4.999925e-01
4.999668e-01
5.000295e-01
5.000261e-01
4.999503e-01
5.000241e-01
4.999608e-01
4.999653e-01
5.000193e-01
5.000467e-01
4.999794e-01
5.000306e-01
4.999991e-01
5.000478e-01
4.999827e-01
4.999686e-01
4.999693e-01
5.000018e-01
4.999962e-01
4.999719e-01
5.000164e-01
4.999801e-01
5.000074e-01
4.999675e-01
4.999554e-01
4.999945e-01
4.999790e-01
5.000122e-01
4.999852e-01
5.000454e-01
5.000345e-01
4.999615e-01
4.999778e-01
4.999538e-01
5.000070e-01
5.000368e-01
5.000061e-01
5.000033e-01
5.000090e-01
5.000223e-01
5.000221e-01
4.999545e-01
4.999696e-01
4.999531e-01
4.999500e-01
4.999553e-01
5.000251e-01
5.000493e-01
5.000055e-01
4.999826e-01
5.000004e-01
5.000479e-01
4.999668e-01
5.000391e-01
5.000407e-01
4.999610e-01
5.000054e-01
4.999593e-01
4.999946e-01
4.999741e-01
4.999684e-01
4.999967e-01
5.000445e-01
5.000446e-01
4.999601e-01
5.000353e-01
5.000017e-01
5.000433e-01
5.000219e-01
4.999567e-01
4.999993e-01
4.999935e-01
4.999699e-01
4.999854e-01
5.000191e-01
5.000452e-01
5.000248e-01
4.999786e-01
4.999829e-01
4.999895e-01
5.000352e-01
4.999705e-01
4.999835e-01
4.999646e-01
4.999689e-01
5.000429e-01
5.000431e-01
4.999610e-01
4.999742e-01
5.000430e-01
4.999648e-01
4.999725e-01
4.999815e-01
5.000265e-01
5.000038e-01
4.999564e-01
4.999835e-01
5.000040e-01
4.999612e-01
4.999925e-01
5.000470e-01
4.999733e-01
5.000155e-01
4.999891e-01
5.000282e-01
4.999856e-01
4.999929e-01
4.999698e-01
4.999538e-01
5.000098e-01
4.999503e-01
4.999754e-01
5.000052e-01
5.000104e-01
5.000377e-01
4.999967e-01
4.999667e-01
4.999582e-01
4.999674e-01
5.000054e-01
5.000233e-01
4.999836e-01
4.999733e-01
4.999834e-01
4.999996e-01
4.999665e-01
4.999878e-01
5.000042e-01
4.999945e-01
5.000134e-01
4.999844e-01
4.999583e-01
5.000224e-01
5.000379e-01
4.999534e-01
4.999803e-01
5.000056e-01
4.999870e-01
5.000132e-01
5.000262e-01
5.000200e-01
4.999790e-01
5.000453e-01
5.000007e-01
5.000419e-01
5.000378e-01
4.999507e-01
5.000145e-01
4.999735e-01
4.999596e-01
5.000104e-01
4.999683e-01
5.000151e-01
5.000234e-01
5.000132e-01
4.999748e-01
4.999912e-01
5.000011e-01
4.999827e-01
5.000172e-01
4.999646e-01
4.999668e-01
5.000340e-01
5.000178e-01
4.999550e-01
5.000405e-01
5.000269e-01
4.999639e-01
5.000140e-01
4.999515e-01
5.000468e-01
4.999671e-01
4.999983e-01
5.000011e-01
4.999536e-01
4.999540e-01
4.999818e-01
4.999639e-01
5.000044e-01
5.000168e-01
5.000441e-01
5.000048e-01
5.000283e-01
5.000154e-01
4.999950e-01
