5.000213e-01
5.000124e-01
5.000017e-01
4.999903e-01
4.999792e-01
4.999693e-01
4.999617e-01
4.999569e-01
4.999556e-01
4.999577e-01
4.999632e-01
4.999716e-01
4.999821e-01
4.999939e-01
5.000059e-01
5.000172e-01
5.000269e-01
5.000342e-01
5.000388e-01
5.000402e-01
5.000386e-01
5.000343e-01
5.000277e-01
5.000196e-01
5.000107e-01
5.000018e-01
4.999936e-01
4.999867e-01
4.999817e-01
4.999788e-01
4.999781e-01
4.999797e-01
4.999832e-01
4.999883e-01
4.999945e-01
5.000014e-01
5.000085e-01
5.000153e-01
5.000214e-01
5.000266e-01
5.000306e-01
5.000334e-01
5.000349e-01
5.000353e-01
5.000346e-01
5.000332e-01
5.000311e-01
5.000285e-01
5.000257e-01
5.000227e-01
5.000197e-01
5.000168e-01
5.000141e-01
5.000116e-01
5.000093e-01
5.000073e-01
5.000057e-01
5.000046e-01
5.000039e-01
5.000038e-01
5.000043e-01
5.000054e-01
5.000070e-01
5.000092e-01
5.000116e-01
5.000140e-01
5.000163e-01
5.000180e-01
5.000189e-01
5.000187e-01
5.000171e-01
5.000141e-01
5.000096e-01
5.000039e-01
4.999971e-01
4.999898e-01
4.999824e-01
4.999755e-01
4.999698e-01
4.999659e-01
4.999641e-01
4.999647e-01
4.999680e-01
4.999737e-01
4.999816e-01
4.999911e-01
5.000015e-01
5.000121e-01
5.000220e-01
5.000305e-01
5.000369e-01
5.000406e-01
5.000415e-01
5.000396e-01
5.000350e-01
5.000283e-01
5.000200e-01
5.000111e-01
5.000023e-01
4.999944e-01
4.999882e-01
4.999842e-01
4.999827e-01
4.999840e-01
4.999878e-01
4.999937e-01
5.000013e-01
5.000098e-01
5.000186e-01
5.000267e-01
5.000336e-01
5.000385e-01
5.000412e-01
5.000412e-01
5.000386e-01
5.000335e-01
5.000262e-01
5.000171e-01
5.000069e-01
4.999961e-01
4.999855e-01
4.999756e-01
4.999670e-01
4.999601e-01
4.999554e-01
4.999530e-01
4.999530e-01
4.999554e-01
4.999598e-01
4.999661e-01
4.999738e-01
4.999824e-01
4.999915e-01
5.000005e-01
5.000090e-01
5.000165e-01
5.000228e-01
5.000275e-01
5.000305e-01
5.000319e-01
5.000317e-01
5.000301e-01
5.000273e-01
5.000237e-01
5.000196e-01
5.000151e-01
5.000107e-01
5.000064e-01
5.000024e-01
4.999989e-01
4.999957e-01
4.999928e-01
4.999903e-01
4.999879e-01
4.999858e-01
4.999838e-01
4.999819e-01
4.999804e-01
4.999792e-01
4.999787e-01
4.999788e-01
4.999799e-01
4.999821e-01
4.999853e-01
4.999896e-01
4.999949e-01
5.000009e-01
5.000073e-01
5.000138e-01
5.000200e-01
5.000254e-01
5.000297e-01
5.000325e-01
5.000337e-01
5.000330e-01
5.000306e-01
5.000266e-01
5.000212e-01
5.000147e-01
5.000075e-01
5.000000e-01
4.999926e-01
4.999856e-01
4.999795e-01
4.999743e-01
4.999704e-01
4.999677e-01
4.999664e-01
4.999664e-01
4.999677e-01
4.999702e-01
4.999739e-01
4.999785e-01
4.999840e-01
4.999902e-01
4.999969e-01
5.000038e-01
5.000107e-01
5.000173e-01
5.000232e-01
5.000282e-01
5.000320e-01
5.000345e-01
5.000355e-01
5.000350e-01
5.000331e-01
5.000301e-01
5.000262e-01
5.000219e-01
5.000176e-01
5.000137e-01
5.000106e-01
5.000086e-01
5.000078e-01
5.000082e-01
5.000096e-01
5.000118e-01
5.000143e-01
5.000167e-01
5.000185e-01
5.000191e-01
5.000183e-01
5.000158e-01
5.000116e-01
5.000057e-01
4.999986e-01
4.999906e-01
4.999823e-01
4.999744e-01
4.999673e-01
4.999616e-01
4.999578e-01
4.999560e-01
4.999562e-01
4.999583e-01
4.999620e-01
4.999667e-01
4.999721e-01
4.999776e-01
4.999826e-01
4.999867e-01
4.999898e-01
4.999916e-01
4.999923e-01
4.999920e-01
4.999911e-01
4.999901e-01
4.999893e-01
4.999891e-01
4.999900e-01
4.999920e-01
4.999953e-01
4.999997e-01
5.000051e-01
5.000110e-01
5.000171e-01
5.000227e-01
5.000276e-01
5.000311e-01
5.000331e-01
5.000333e-01
5.000317e-01
5.000283e-01
5.000234e-01
5.000174e-01
5.000108e-01
5.000039e-01
4.999973e-01
4.999914e-01
4.999868e-01
4.999835e-01
4.999819e-01
4.999819e-01
4.999834e-01
4.999864e-01
4.999903e-01
4.999950e-01
4.999999e-01
5.000047e-01
5.000090e-01
5.000123e-01
5.000146e-01
5.000157e-01
5.000155e-01
5.000142e-01
5.000120e-01
5.000092e-01
5.000061e-01
5.000032e-01
5.000006e-01
4.999987e-01
4.999977e-01
4.999975e-01
4.999982e-01
4.999995e-01
5.000012e-01
5.000028e-01
5.000041e-01
5.000046e-01
5.000040e-01
5.000022e-01
4.999992e-01
4.999949e-01
4.999897e-01
4.999840e-01
4.999784e-01
4.999732e-01
4.999693e-01
4.999670e-01
4.999667e-01
4.999686e-01
4.999729e-01
4.999792e-01
4.999872e-01
4.999965e-01
5.000062e-01
5.000157e-01
5.000243e-01
5.000312e-01
5.000361e-01
5.000385e-01
5.000385e-01
5.000360e-01
5.000314e-01
5.000252e-01
5.000181e-01
5.000108e-01
5.000039e-01
4.999980e-01
4.999937e-01
4.999911e-01
4.999905e-01
4.999916e-01
4.999941e-01
4.999976e-01
5.000015e-01
5.000052e-01
5.000082e-01
5.000098e-01
5.000099e-01
5.000082e-01
5.000048e-01
4.999998e-01
4.999938e-01
4.999873e-01
4.999808e-01
4.999751e-01
4.999707e-01
4.999681e-01
4.999676e-01
4.999694e-01
4.999732e-01
4.999788e-01
4.999858e-01
4.999934e-01
5.000011e-01
5.000081e-01
5.000138e-01
5.000177e-01
5.000195e-01
5.000190e-01
5.000164e-01
5.000120e-01
5.000062e-01
4.999996e-01
4.999928e-01
4.999866e-01
4.999815e-01
4.999779e-01
4.999760e-01
4.999761e-01
4.999780e-01
4.999813e-01
4.999858e-01
4.999908e-01
4.999958e-01
5.000004e-01
5.000042e-01
5.000069e-01
5.000082e-01
5.000084e-01
5.000074e-01
5.000057e-01
5.000035e-01
5.000012e-01
4.999992e-01
4.999978e-01
4.999972e-01
4.999974e-01
4.999985e-01
5.000003e-01
5.000026e-01
5.000051e-01
5.000076e-01
5.000097e-01
5.000113e-01
5.000121e-01
5.000122e-01
5.000114e-01
5.000100e-01
5.000081e-01
5.000058e-01
5.000034e-01
5.000009e-01
4.999986e-01
4.999966e-01
4.999948e-01
4.999934e-01
4.999922e-01
4.999912e-01
4.999904e-01
4.999897e-01
4.999891e-01
4.999885e-01
4.999880e-01
4.999877e-01
4.999876e-01
4.999878e-01
4.999883e-01
4.999892e-01
4.999904e-01
4.999920e-01
4.999937e-01
4.999955e-01
4.999972e-01
4.999987e-01
4.999997e-01
5.000002e-01
5.000001e-01
4.999994e-01
4.999981e-01
4.999963e-01
4.999942e-01
4.999919e-01
4.999897e-01
4.999878e-01
4.999862e-01
4.999851e-01
4.999846e-01
4.999847e-01
4.999853e-01
4.999862e-01
4.999874e-01
4.999885e-01
4.999894e-01
4.999900e-01
4.999900e-01
4.999895e-01
4.999884e-01
4.999867e-01
4.999847e-01
4.999825e-01
4.999804e-01
4.999786e-01
4.999775e-01
4.999773e-01
4.999782e-01
4.999804e-01
4.999838e-01
4.999884e-01
4.999940e-01
5.000003e-01
5.000070e-01
5.000137e-01
5.000198e-01
5.000250e-01
5.000289e-01
5.000311e-01
5.000315e-01
5.000299e-01
5.000264e-01
5.000213e-01
5.000148e-01
5.000074e-01
4.999996e-01
4.999921e-01
4.999853e-01
4.999798e-01
4.999760e-01
4.999742e-01
4.999745e-01
4.999769e-01
4.999811e-01
4.999866e-01
4.999931e-01
4.999998e-01
5.000060e-01
5.000112e-01
5.000148e-01
5.000164e-01
5.000157e-01
5.000128e-01
5.000078e-01
5.000012e-01
4.999935e-01
4.999855e-01
4.999780e-01
4.999717e-01
4.999673e-01
4.999654e-01
4.999662e-01
4.999699e-01
4.999760e-01
4.999843e-01
4.999938e-01
5.000039e-01
5.000135e-01
5.000218e-01
5.000278e-01
5.000310e-01
5.000310e-01
5.000276e-01
