6.519497e-01
5.618323e-01
4.638989e-01
3.689596e-01
2.867074e-01
2.230609e-01
1.799565e-01
1.569923e-01
1.533681e-01
1.691104e-01
2.052657e-01
2.630020e-01
3.417286e-01
4.369863e-01
5.397549e-01
6.385392e-01
7.232796e-01
7.881882e-01
8.317791e-01
8.549490e-01
8.588672e-01
8.436924e-01
8.083541e-01
7.514249e-01
6.730224e-01
5.770925e-01
4.724222e-01
3.707757e-01
2.828439e-01
2.150201e-01
1.691012e-01
1.442062e-01
1.390216e-01
1.532148e-01
1.877334e-01
2.439766e-01
3.219023e-01
4.176951e-01
5.226404e-01
6.248851e-01
7.135010e-01
7.818236e-01
8.278470e-01
8.523187e-01
8.564631e-01
8.405590e-01
8.036931e-01
7.447048e-01
6.641896e-01
5.667713e-01
4.618735e-01
3.615145e-01
2.761647e-01
2.118019e-01
1.699733e-01
1.498694e-01
1.505012e-01
1.718995e-01
2.150755e-01
2.807475e-01
3.671301e-01
4.679289e-01
5.724567e-01
6.687225e-01
7.475218e-01
8.044429e-01
8.389410e-01
8.520459e-01
8.444402e-01
8.156628e-01
7.645766e-01
6.910399e-01
5.982539e-01
4.942643e-01
3.907564e-01
2.992101e-01
2.272050e-01
1.775023e-01
1.497105e-01
1.426331e-01
1.558808e-01
1.903010e-01
2.471734e-01
3.262651e-01
4.234454e-01
5.296096e-01
6.326185e-01
7.215196e-01
7.898617e-01
8.359339e-01
8.607272e-01
8.656043e-01
8.508575e-01
8.154180e-01
7.577330e-01
6.777610e-01
5.794311e-01
4.718011e-01
3.671197e-01
2.764835e-01
2.063688e-01
1.583326e-01
1.310845e-01
1.228851e-01
1.330861e-01
1.625966e-01
2.133054e-01
2.864104e-01
3.799348e-01
4.867787e-01
5.954087e-01
6.936988e-01
7.732605e-01
8.310450e-01
8.679055e-01
8.860797e-01
8.872251e-01
8.714577e-01
8.372886e-01
7.824485e-01
7.057123e-01
6.094091e-01
5.011426e-01
3.926639e-01
2.957489e-01
2.180329e-01
1.617962e-01
1.256230e-01
1.068895e-01
1.036047e-01
1.153085e-01
1.432197e-01
1.897076e-01
2.569252e-01
3.445874e-01
4.477506e-01
5.565101e-01
6.588873e-01
7.452979e-01
8.112438e-01
8.568349e-01
8.845442e-01
8.970595e-01
8.959973e-01
8.813917e-01
8.517352e-01
8.045652e-01
7.377899e-01
6.517553e-01
5.512348e-01
4.456052e-01
3.461287e-01
2.618415e-01
1.970541e-01
1.517312e-01
1.235228e-01
1.097602e-01
1.086868e-01
1.199799e-01
1.447855e-01
1.853153e-01
2.438498e-01
3.210395e-01
4.139514e-01
5.151942e-01
6.144875e-01
7.022172e-01
7.725120e-01
8.238881e-01
8.578178e-01
8.767694e-01
8.827585e-01
8.766065e-01
8.577317e-01
8.243644e-01
7.742615e-01
7.060679e-01
6.211483e-01
5.249558e-01
4.265319e-01
3.357451e-01
2.599537e-01
2.023816e-01
1.627800e-01
1.392108e-01
1.296816e-01
1.331275e-01
1.497783e-01
1.810276e-01
2.287786e-01
2.941712e-01
3.758670e-01
4.687339e-01
5.642132e-01
6.527884e-01
7.271049e-01
7.836215e-01
8.221319e-01
8.441379e-01
8.512816e-01
8.443919e-01
8.231815e-01
7.865232e-01
7.333069e-01
6.638137e-01
5.811546e-01
4.917951e-01
4.043190e-01
3.268400e-01
2.647350e-01
2.200491e-01
1.924392e-01
1.806281e-01
1.835361e-01
2.007991e-01
2.326788e-01
2.794342e-01
3.402946e-01
4.124152e-01
4.904855e-01
5.675453e-01
6.367804e-01
6.932447e-01
7.345335e-01
7.603249e-01
7.713994e-01
7.687748e-01
7.532631e-01
7.254821e-01
6.862290e-01
6.370340e-01
5.806217e-01
5.209608e-01
4.627357e-01
4.104188e-01
3.674016e-01
3.355838e-01
3.154858e-01
3.066606e-01
3.081271e-01
3.186563e-01
3.368813e-01
3.612824e-01
3.901390e-01
4.215273e-01
4.534132e-01
4.838352e-01
5.111246e-01
5.340903e-01
5.521157e-01
5.651511e-01
5.736249e-01
5.783070e-01
5.801575e-01
5.801815e-01
5.793012e-01
5.782519e-01
5.775086e-01
5.772438e-01
5.773220e-01
5.773267e-01
5.766183e-01
5.744151e-01
5.698915e-01
5.622855e-01
5.510096e-01
5.357549e-01
5.165770e-01
4.939446e-01
4.687348e-01
4.421636e-01
4.156616e-01
3.907247e-01
3.687792e-01
3.510969e-01
3.387703e-01
3.327324e-01
3.337862e-01
3.425979e-01
3.596205e-01
3.849330e-01
4.180269e-01
4.576186e-01
5.016052e-01
5.472492e-01
5.915776e-01
6.318548e-01
6.659380e-01
6.923935e-01
7.103804e-01
7.194077e-01
7.190976e-01
7.090559e-01
6.889140e-01
6.585586e-01
6.185051e-01
5.702793e-01
5.165947e-01
4.611321e-01
4.079167e-01
3.605471e-01
3.216339e-01
2.926648e-01
2.742452e-01
2.665037e-01
2.694439e-01
2.831092e-01
3.075076e-01
3.423152e-01
3.864538e-01
4.377329e-01
4.927991e-01
5.475370e-01
5.978161e-01
6.402423e-01
6.725733e-01
6.936956e-01
7.033145e-01
7.016003e-01
6.889772e-01
6.661247e-01
6.341594e-01
5.948762e-01
5.508849e-01
5.054912e-01
4.622957e-01
4.246482e-01
3.951798e-01
3.755750e-01
3.665857e-01
3.681686e-01
3.796146e-01
3.996062e-01
4.262251e-01
4.569933e-01
4.890251e-01
5.193076e-01
5.450483e-01
5.639862e-01
5.745913e-01
5.761435e-01
5.687343e-01
5.532387e-01
5.312636e-01
5.050437e-01
4.772494e-01
4.507079e-01
4.280923e-01
4.116570e-01
4.030685e-01
4.033262e-01
4.127292e-01
4.308438e-01
4.564721e-01
4.876693e-01
5.218749e-01
5.561830e-01
5.877014e-01
6.138869e-01
6.327564e-01
6.429459e-01
6.436695e-01
6.346697e-01
6.162298e-01
5.892584e-01
5.553876e-01
5.169788e-01
4.769470e-01
4.384052e-01
4.042345e-01
3.767406e-01
3.574994e-01
3.473891e-01
3.467160e-01
3.553277e-01
3.726464e-01
3.976217e-01
4.286605e-01
4.636228e-01
4.999552e-01
5.349677e-01
5.661757e-01
5.915941e-01
6.098927e-01
6.204060e-01
6.230473e-01
6.181982e-01
6.066242e-01
5.894224e-01
5.679818e-01
5.439195e-01
5.189722e-01
4.948432e-01
4.730381e-01
4.547274e-01
4.406688e-01
4.311978e-01
4.262743e-01
4.255617e-01
4.285194e-01
4.344918e-01
4.427884e-01
4.527500e-01
4.637995e-01
4.754732e-01
4.874307e-01
4.994428e-01
5.113587e-01
5.230593e-01
5.344028e-01
5.451744e-01
5.550461e-01
5.635572e-01
5.701166e-01
5.740318e-01
5.745635e-01
5.710043e-01
5.627801e-01
5.495684e-01
5.314188e-01
5.088531e-01
4.829121e-01
4.551216e-01
4.273703e-01
4.017269e-01
3.802476e-01
3.648248e-01
3.570967e-01
3.583905e-01
3.696435e-01
3.912476e-01
4.228120e-01
4.629193e-01
5.090267e-01
5.576600e-01
6.049150e-01
6.470862e-01
6.811467e-01
7.048971e-01
7.168121e-01
7.157743e-01
7.009229e-01
6.717856e-01
6.287326e-01
5.735951e-01
5.100673e-01
4.434606e-01
3.797013e-01
3.240271e-01
2.800999e-01
2.499256e-01
2.344029e-01
2.340305e-01
2.493558e-01
2.809308e-01
3.287179e-01
3.911202e-01
4.641533e-01
5.414829e-01
6.156801e-01
6.801165e-01
7.303347e-01
7.642018e-01
7.811064e-01
7.809420e-01
7.634777e-01
7.283964e-01
6.760229e-01
6.084795e-01
5.305951e-01
4.497051e-01
3.740429e-01
3.105896e-01
2.637578e-01
2.355069e-01
2.263630e-01
2.364288e-01
2.657569e-01
3.138920e-01
3.787816e-01
4.557173e-01
5.372699e-01
6.147321e-01
6.803661e-01
7.289804e-01
7.580134e-01
7.665564e-01
7.543173e-01
7.212695e-01
6.682235e-01
5.980270e-01
5.165268e-01
4.322178e-01
3.542842e-01
2.901803e-01
2.443666e-01
2.187154e-01
2.137971e-01
2.299608e-01
2.675438e-01
3.260459e-01
4.026312e-01
4.909808e-01
5.817917e-01
6.652006e-01
7.336221e-01
7.830444e-01
8.123288e-01
8.215642e-01
8.106846e-01
7.789935e-01
7.257858e-01
