6.493027e-01
5.463429e-01
4.372286e-01
3.347929e-01
2.493384e-01
1.859456e-01
1.451554e-01
1.254583e-01
1.255717e-01
1.456272e-01
1.871628e-01
2.518961e-01
3.393538e-01
4.442835e-01
5.560096e-01
6.613703e-01
7.496125e-01
8.154006e-01
8.582362e-01
8.798778e-01
8.819301e-01
8.645416e-01
8.262826e-01
7.651966e-01
6.810330e-01
5.779730e-01
4.658460e-01
3.578262e-01
2.655477e-01
1.954562e-01
1.487861e-01
1.239974e-01
1.193535e-01
1.344362e-01
1.704284e-01
2.291893e-01
3.111238e-01
4.124522e-01
5.237795e-01
6.320619e-01
7.253547e-01
7.966648e-01
8.442678e-01
8.693989e-01
8.736451e-01
8.573779e-01
8.194859e-01
7.583977e-01
6.743163e-01
5.718708e-01
4.611552e-01
3.552958e-01
2.656754e-01
1.985576e-01
1.552517e-01
1.345538e-01
1.352118e-01
1.572468e-01
2.019102e-01
2.702840e-01
3.607853e-01
4.668149e-01
5.767965e-01
6.776937e-01
7.596871e-01
8.183650e-01
8.535318e-01
8.665626e-01
8.582795e-01
8.281088e-01
7.746192e-01
6.973987e-01
5.997270e-01
4.903104e-01
3.818821e-01
2.867700e-01
2.127793e-01
1.623752e-01
1.347291e-01
1.283600e-01
1.428539e-01
1.792716e-01
2.392207e-01
3.226569e-01
4.251702e-01
5.367906e-01
6.443022e-01
7.360940e-01
8.057438e-01
8.519952e-01
8.763111e-01
8.803043e-01
8.642388e-01
8.267806e-01
7.659999e-01
6.816209e-01
5.778226e-01
4.645348e-01
3.551245e-01
2.613869e-01
1.897766e-01
1.413676e-01
1.143490e-01
1.066748e-01
1.176685e-01
1.484729e-01
2.014062e-01
2.781137e-01
3.767402e-01
4.896405e-01
6.041498e-01
7.070573e-01
7.895525e-01
8.488535e-01
8.863698e-01
9.048169e-01
9.060935e-01
8.902842e-01
8.555903e-01
7.991755e-01
7.191527e-01
6.175004e-01
5.022693e-01
3.864815e-01
2.833070e-01
2.010956e-01
1.420068e-01
1.040661e-01
8.408114e-02
7.969528e-02
9.035335e-02
1.174942e-01
1.640774e-01
2.331860e-01
3.254813e-01
4.362946e-01
5.547376e-01
6.669008e-01
7.614722e-01
8.332917e-01
8.827887e-01
9.131581e-01
9.277509e-01
9.285905e-01
9.157927e-01
8.875355e-01
8.405510e-01
7.714763e-01
6.793469e-01
5.685173e-01
4.496568e-01
3.366615e-01
2.410023e-01
1.680104e-01
1.173098e-01
8.561242e-02
6.935198e-02
6.619160e-02
7.562434e-02
9.906890e-02
1.395623e-01
2.007754e-01
2.849449e-01
3.899470e-01
5.073059e-01
6.237534e-01
7.263958e-01
8.075772e-01
8.658924e-01
9.039237e-01
9.253645e-01
9.331040e-01
9.283573e-01
9.104223e-01
8.768261e-01
8.240038e-01
7.489114e-01
6.517046e-01
5.383541e-01
4.206558e-01
3.122141e-01
2.229814e-01
1.566451e-01
1.119030e-01
8.535208e-02
7.383137e-02
7.565108e-02
9.102067e-02
1.219827e-01
1.718097e-01
2.435187e-01
3.373313e-01
4.480140e-01
5.644680e-01
6.732316e-01
7.638405e-01
8.318293e-01
8.778660e-01
9.049832e-01
9.161480e-01
9.129173e-01
8.949655e-01
8.602197e-01
8.056623e-01
7.290934e-01
6.317673e-01
5.205721e-01
4.074036e-01
3.049990e-01
2.221120e-01
1.616775e-01
1.223499e-01
1.012084e-01
9.583732e-02
1.053655e-01
1.307009e-01
1.741051e-01
2.379721e-01
3.226976e-01
4.242821e-01
5.334882e-01
6.381982e-01
7.279278e-01
7.970985e-01
8.450768e-01
8.740455e-01
8.867193e-01
8.849073e-01
8.689452e-01
8.377738e-01
7.896044e-01
7.232540e-01
6.399983e-01
5.450712e-01
4.473933e-01
3.569810e-01
2.815612e-01
2.247315e-01
1.864207e-01
1.645744e-01
1.567561e-01
1.610953e-01
1.766131e-01
2.031110e-01
2.407474e-01
2.893739e-01
3.477738e-01
4.131088e-01
4.809697e-01
5.462043e-01
6.041926e-01
6.519042e-01
6.882596e-01
7.138151e-01
7.301213e-01
7.390884e-01
7.425180e-01
7.418126e-01
7.378199e-01
7.307693e-01
7.202818e-01
7.054533e-01
6.850271e-01
6.576737e-01
6.223816e-01
5.789133e-01
5.281991e-01
4.724712e-01
4.149807e-01
3.593282e-01
3.086849e-01
2.652571e-01
2.301899e-01
2.038508e-01
1.862959e-01
1.777306e-01
1.788584e-01
1.910579e-01
2.163123e-01
2.567643e-01
3.137713e-01
3.865670e-01
4.711398e-01
5.603385e-01
6.457096e-01
7.201628e-01
7.797436e-01
8.236461e-01
8.530032e-01
8.694655e-01
8.741648e-01
8.671585e-01
8.472729e-01
8.123405e-01
7.599760e-01
6.890349e-01
6.014824e-01
5.035744e-01
4.049299e-01
3.154121e-01
2.418457e-01
1.867779e-01
1.494819e-01
1.278441e-01
1.199364e-01
1.249021e-01
1.432510e-01
1.766723e-01
2.272972e-01
2.962862e-01
3.819587e-01
4.784618e-01
5.764087e-01
6.657706e-01
7.391993e-01
7.934976e-01
8.288094e-01
8.467836e-01
8.489880e-01
8.360664e-01
8.076351e-01
7.628406e-01
7.015207e-01
6.256936e-01
5.406063e-01
4.543375e-01
3.757321e-01
3.118794e-01
2.667743e-01
2.416496e-01
2.361768e-01
2.494936e-01
2.805089e-01
3.274654e-01
3.871217e-01
4.541901e-01
5.216559e-01
5.820606e-01
6.290673e-01
6.584216e-01
6.680223e-01
6.575377e-01
6.281634e-01
5.827536e-01
5.260507e-01
4.644780e-01
4.052028e-01
3.548027e-01
3.182569e-01
2.987138e-01
2.978495e-01
3.162639e-01
3.534566e-01
4.073205e-01
4.735719e-01
5.458102e-01
6.166176e-01
6.792779e-01
7.290966e-01
7.636346e-01
7.820137e-01
7.839449e-01
7.690591e-01
7.368437e-01
6.872540e-01
6.218159e-01
5.446394e-01
4.624708e-01
3.832986e-01
3.141533e-01
2.594923e-01
2.210153e-01
1.986034e-01
1.915380e-01
1.993759e-01
2.222522e-01
2.605866e-01
3.142587e-01
3.814987e-01
4.580656e-01
5.374481e-01
6.123269e-01
6.765522e-01
7.264292e-01
7.607316e-01
7.798203e-01
7.845994e-01
7.758028e-01
7.537693e-01
7.186813e-01
6.711583e-01
6.129860e-01
5.475990e-01
4.799105e-01
4.153870e-01
3.587938e-01
3.132961e-01
2.803063e-01
2.599560e-01
2.517863e-01
2.553124e-01
2.702928e-01
2.966739e-01
3.342457e-01
3.821197e-01
4.382406e-01
4.992265e-01
5.607449e-01
6.183404e-01
6.683111e-01
7.081938e-01
7.366955e-01
7.532380e-01
7.574177e-01
7.486341e-01
7.260446e-01
6.889218e-01
6.373936e-01
5.733317e-01
5.008843e-01
4.260947e-01
3.555393e-01
2.946904e-01
2.469639e-01
2.138428e-01
1.957234e-01
1.928719e-01
2.060416e-01
2.365209e-01
2.854877e-01
3.527011e-01
4.349968e-01
5.256415e-01
6.155435e-01
6.959873e-01
7.610942e-01
8.084725e-01
8.381546e-01
8.509520e-01
8.471611e-01
8.259753e-01
7.856987e-01
7.248498e-01
6.440739e-01
5.480764e-01
4.459632e-01
3.488762e-01
2.661533e-01
2.028206e-01
1.598086e-01
1.358871e-01
1.296743e-01
1.408701e-01
1.705725e-01
2.206703e-01
2.922450e-01
3.832625e-01
4.868198e-01
5.918473e-01
6.866793e-01
7.630529e-01
8.176090e-01
8.505792e-01
8.634369e-01
8.570833e-01
8.311081e-01
7.841654e-01
7.154491e-01
6.269667e-01
5.254071e-01
4.217182e-01
3.277945e-01
2.524941e-01
1.999478e-01
1.706968e-01
1.639561e-01
1.793123e-01
2.171463e-01
2.776927e-01
3.590496e-01
4.552052e-01
5.558764e-01
6.491376e-01
7.252560e-01
7.788377e-01
8.082168e-01
8.134307e-01
7.945720e-01
7.514634e-01
6.847992e-01
5.981886e-01
4.996204e-01
4.005552e-01
3.125279e-01
2.436750e-01
1.976964e-01
1.752708e-01
1.761847e-01
2.006725e-01
2.493462e-01
3.216998e-01
4.138388e-01
5.171034e-01
6.194504e-01
7.093664e-01
7.794154e-01
8.269258e-01
8.521896e-01
8.561164e-01
8.387169e-01
7.988591e-01
7.353695e-01
