6.376104e-01
5.314477e-01
4.208532e-01
3.188625e-01
2.352771e-01
1.743863e-01
1.361154e-01
1.186871e-01
1.208323e-01
1.428458e-01
1.864565e-01
2.534810e-01
3.433310e-01
4.503875e-01
5.635194e-01
6.693262e-01
7.571898e-01
8.221402e-01
8.640288e-01
8.848180e-01
8.861708e-01
8.681961e-01
8.293687e-01
7.676153e-01
6.825943e-01
5.784888e-01
4.652581e-01
3.562725e-01
2.633012e-01
1.927935e-01
1.458918e-01
1.209421e-01
1.161201e-01
1.309645e-01
1.666708e-01
2.251806e-01
3.070486e-01
4.086595e-01
5.206874e-01
6.299843e-01
7.243835e-01
7.966959e-01
8.451162e-01
8.709018e-01
8.757074e-01
8.599662e-01
8.225855e-01
7.619417e-01
6.781107e-01
5.755698e-01
4.643446e-01
3.576558e-01
2.670956e-01
1.991225e-01
1.551437e-01
1.339642e-01
1.343001e-01
1.561424e-01
2.007339e-01
2.691712e-01
3.598880e-01
4.662683e-01
5.766646e-01
6.779382e-01
7.601886e-01
8.189700e-01
8.540840e-01
8.669056e-01
8.582432e-01
8.275028e-01
7.732550e-01
6.951577e-01
5.966595e-01
4.866909e-01
3.781412e-01
2.833300e-01
2.099263e-01
1.602496e-01
1.334000e-01
1.279104e-01
1.434333e-01
1.810944e-01
2.424924e-01
3.274230e-01
4.311532e-01
5.433633e-01
6.506898e-01
7.416699e-01
8.101842e-01
8.552260e-01
8.783567e-01
8.811549e-01
8.637798e-01
8.247956e-01
7.622618e-01
6.760761e-01
5.707929e-01
4.567578e-01
3.475158e-01
2.546821e-01
1.843385e-01
1.372450e-01
1.114524e-01
1.049326e-01
1.171171e-01
1.492791e-01
2.038173e-01
2.823145e-01
3.826421e-01
4.967366e-01
6.116153e-01
7.140776e-01
7.956141e-01
8.537981e-01
8.902643e-01
9.077921e-01
9.082300e-01
8.915538e-01
8.558400e-01
7.981605e-01
7.166447e-01
6.134648e-01
4.970114e-01
3.806029e-01
2.774588e-01
1.957286e-01
1.372965e-01
9.999173e-02
8.054255e-02
7.660205e-02
8.767872e-02
1.153081e-01
1.625635e-01
2.326245e-01
3.261630e-01
4.383631e-01
5.580536e-01
6.710665e-01
7.660185e-01
8.378656e-01
8.872173e-01
9.174087e-01
9.318622e-01
9.326136e-01
9.197484e-01
8.913726e-01
8.441019e-01
7.744237e-01
6.812527e-01
5.689636e-01
4.484576e-01
3.339758e-01
2.372334e-01
1.635915e-01
1.125539e-01
8.068139e-02
6.429386e-02
6.099304e-02
7.025844e-02
9.354531e-02
1.339921e-01
1.954484e-01
2.803744e-01
3.867922e-01
5.061250e-01
6.247251e-01
7.292554e-01
8.118162e-01
8.710172e-01
9.095956e-01
9.314134e-01
9.394833e-01
9.350883e-01
9.175341e-01
8.842789e-01
8.315824e-01
7.561161e-01
6.577362e-01
5.423173e-01
4.219458e-01
3.107952e-01
2.193091e-01
1.513478e-01
1.055074e-01
7.817704e-02
6.600186e-02
6.715870e-02
8.179989e-02
1.120130e-01
1.612640e-01
2.329416e-01
3.277343e-01
4.406963e-01
5.605205e-01
6.730523e-01
7.670823e-01
8.377639e-01
8.857960e-01
9.144598e-01
9.270033e-01
9.252000e-01
9.088283e-01
8.757429e-01
8.225864e-01
7.465009e-01
6.479286e-01
5.332790e-01
4.148078e-01
3.063646e-01
2.178488e-01
1.527579e-01
1.096788e-01
8.528731e-02
7.670317e-02
8.269112e-02
1.040211e-01
1.432199e-01
2.035645e-01
2.869876e-01
3.911598e-01
5.075368e-01
6.229190e-01
7.245311e-01
8.047727e-01
8.621884e-01
8.992343e-01
9.194391e-01
9.255059e-01
9.184505e-01
8.973925e-01
8.598051e-01
8.023965e-01
7.229625e-01
6.230757e-01
5.101246e-01
3.963167e-01
2.941910e-01
2.118438e-01
1.513966e-01
1.107275e-01
8.614158e-02
7.430234e-02
7.316452e-02
8.227928e-02
1.028038e-01
1.372834e-01
1.890033e-01
2.605735e-01
3.517071e-01
4.571591e-01
5.667975e-01
6.688573e-01
7.544354e-01
8.199006e-01
8.661770e-01
8.964917e-01
9.143767e-01
9.225425e-01
9.224322e-01
9.141044e-01
8.962395e-01
8.662618e-01
8.207717e-01
7.566187e-01
6.728068e-01
5.726697e-01
4.646506e-01
3.601210e-01
2.690963e-01
1.969626e-01
1.442101e-01
1.083170e-01
8.589915e-02
7.411705e-02
7.132610e-02
7.730142e-02
9.328907e-02
1.219292e-01
1.668643e-01
2.316547e-01
3.177137e-01
4.217865e-01
5.348554e-01
6.444415e-01
7.394760e-01
8.140669e-01
8.677529e-01
9.032889e-01
9.242024e-01
9.332456e-01
9.317051e-01
9.191836e-01
8.936237e-01
8.516384e-01
7.894988e-01
7.051617e-01
6.010283e-01
4.856346e-01
3.718841e-01
2.720329e-01
1.932039e-01
1.365907e-01
9.965964e-02
7.886351e-02
7.143845e-02
7.622035e-02
9.386999e-02
1.267237e-01
1.781415e-01
2.509864e-01
3.451234e-01
4.549620e-01
5.693548e-01
6.752218e-01
7.626645e-01
8.276067e-01
8.707878e-01
8.950809e-01
9.032127e-01
8.965434e-01
8.747205e-01
8.359858e-01
7.781884e-01
7.006232e-01
6.062870e-01
5.031107e-01
4.024985e-01
3.154855e-01
2.492826e-01
2.065395e-01
1.869306e-01
1.891940e-01
2.122881e-01
2.553133e-01
3.164161e-01
3.913249e-01
4.725926e-01
5.505066e-01
6.154311e-01
6.600567e-01
6.802510e-01
6.746709e-01
6.442363e-01
5.922146e-01
5.246638e-01
4.502667e-01
3.788810e-01
3.193604e-01
2.780314e-01
2.586004e-01
2.629843e-01
2.919652e-01
3.449060e-01
4.185855e-01
5.061735e-01
5.977947e-01
6.830941e-01
7.542497e-01
8.073443e-01
8.416025e-01
8.575954e-01
8.556366e-01
8.349488e-01
7.937699e-01
7.305083e-01
6.458666e-01
5.450247e-01
4.379817e-01
3.367793e-01
2.511419e-01
1.858213e-01
1.410609e-01
1.148347e-01
1.050174e-01
1.106938e-01
1.326250e-01
1.729878e-01
2.342738e-01
3.172104e-01
4.182504e-01
5.284206e-01
6.353972e-01
7.280801e-01
8.002150e-01
8.506955e-01
8.814301e-01
8.948961e-01
8.925409e-01
8.741236e-01
8.378264e-01
7.811696e-01
7.028920e-01
6.054637e-01
4.967100e-01
3.885100e-01
2.925761e-01
2.163782e-01
1.621124e-01
1.284796e-01
1.131966e-01
1.147993e-01
1.334426e-01
1.708171e-01
2.291641e-01
3.092908e-01
4.080572e-01
5.169923e-01
6.239771e-01
7.176068e-01
7.909880e-01
8.423622e-01
8.731323e-01
8.853834e-01
8.802005e-01
8.570088e-01
8.138549e-01
7.486938e-01
6.616867e-01
5.576767e-01
4.468179e-01
3.417833e-01
2.530293e-01
1.857725e-01
1.404045e-01
1.149190e-01
1.072764e-01
1.167945e-01
1.445508e-01
1.928730e-01
2.637850e-01
3.564681e-01
4.648513e-01
5.776086e-01
6.817656e-01
7.676156e-01
8.311325e-01
8.728628e-01
8.952464e-01
9.003562e-01
8.886956e-01
8.589380e-01
8.085366e-01
7.353788e-01
6.404284e-01
5.301437e-01
4.162895e-01
3.120391e-01
2.269571e-01
1.647615e-01
1.246640e-01
1.041507e-01
1.012239e-01
1.155303e-01
1.485113e-01
2.026303e-01
2.795188e-01
3.772606e-01
4.882871e-01
6.002379e-01
7.002819e-01
7.797828e-01
8.357906e-01
8.692611e-01
8.822977e-01
8.761620e-01
8.504964e-01
8.036911e-01
7.343949e-01
6.439841e-01
5.388338e-01
4.302531e-01
3.310616e-01
2.510422e-01
1.947853e-01
1.628026e-01
1.540438e-01
1.678516e-01
2.045433e-01
2.645264e-01
3.462345e-01
4.439111e-01
5.471557e-01
6.434891e-01
7.224686e-01
7.781802e-01
8.087415e-01
8.141754e-01
7.946337e-01
7.500392e-01
6.812982e-01
5.924364e-01
4.920285e-01
3.920556e-01
3.042493e-01
2.366063e-01
1.925720e-01
1.726766e-01
1.767230e-01
2.050293e-01
2.581531e-01
3.351579e-01
4.312633e-01
5.367826e-01
6.391228e-01
7.270522e-01
7.939595e-01
8.379608e-01
8.597537e-01
8.602672e-01
8.393109e-01
7.955446e-01
7.278130e-01
