6.232358e-01
5.153212e-01
4.048446e-01
3.046773e-01
2.238825e-01
1.659491e-01
1.303172e-01
1.150818e-01
1.190705e-01
1.427559e-01
1.880178e-01
2.567066e-01
3.480870e-01
4.562407e-01
5.697650e-01
6.752298e-01
7.622582e-01
8.262156e-01
8.672029e-01
8.872950e-01
8.881669e-01
8.698905e-01
8.308830e-01
7.690032e-01
6.838380e-01
5.795134e-01
4.659728e-01
3.566215e-01
2.632844e-01
1.924446e-01
1.452379e-01
1.199730e-01
1.147748e-01
1.291344e-01
1.642252e-01
2.220246e-01
3.032147e-01
4.043895e-01
5.164169e-01
6.261916e-01
7.214027e-01
7.946422e-01
8.439472e-01
8.705267e-01
8.760693e-01
8.610742e-01
8.245001e-01
7.647141e-01
6.816840e-01
5.796921e-01
4.685828e-01
3.615438e-01
2.703139e-01
2.015698e-01
1.568829e-01
1.351260e-01
1.350110e-01
1.564907e-01
2.007670e-01
2.689105e-01
3.593566e-01
4.655160e-01
5.757700e-01
6.769811e-01
7.592130e-01
8.179649e-01
8.529840e-01
8.656017e-01
8.565958e-01
8.253646e-01
7.705194e-01
6.918355e-01
5.929503e-01
4.829749e-01
3.748529e-01
2.807946e-01
2.082898e-01
1.595304e-01
1.335893e-01
1.290503e-01
1.456441e-01
1.845426e-01
2.472866e-01
3.334523e-01
4.379580e-01
5.501872e-01
6.567476e-01
7.464362e-01
8.134793e-01
8.570970e-01
8.789027e-01
8.804032e-01
8.616408e-01
8.210989e-01
7.568812e-01
6.691295e-01
5.628101e-01
4.486333e-01
3.401912e-01
2.487898e-01
1.800861e-01
1.345474e-01
1.101381e-01
1.048924e-01
1.183693e-01
1.519605e-01
2.080950e-01
2.882152e-01
3.898505e-01
5.045270e-01
6.190588e-01
7.204147e-01
8.004886e-01
8.572179e-01
8.924147e-01
9.088645e-01
9.083269e-01
8.906575e-01
8.538312e-01
7.948930e-01
7.120846e-01
6.078530e-01
4.909177e-01
3.747567e-01
2.724499e-01
1.918240e-01
1.344749e-01
9.808904e-02
7.938266e-02
7.606791e-02
8.773812e-02
1.160115e-01
1.640161e-01
2.349207e-01
3.292820e-01
4.420762e-01
5.619410e-01
6.746763e-01
7.690483e-01
8.402247e-01
8.889669e-01
9.186684e-01
9.327439e-01
9.331906e-01
9.200459e-01
8.913689e-01
8.437383e-01
7.736319e-01
6.800038e-01
5.673235e-01
4.465997e-01
3.321197e-01
2.355521e-01
1.621621e-01
1.113710e-01
7.969727e-02
6.345147e-02
6.024324e-02
6.956688e-02
9.289547e-02
1.333891e-01
1.949232e-01
2.799834e-01
3.866022e-01
5.061823e-01
6.250281e-01
7.297563e-01
8.124506e-01
8.717334e-01
9.103676e-01
9.322391e-01
9.403796e-01
9.360855e-01
9.186712e-01
8.855933e-01
8.330898e-01
7.577785e-01
6.594327e-01
5.438524e-01
4.231166e-01
3.114787e-01
2.194969e-01
1.511095e-01
1.049310e-01
7.732835e-02
6.490897e-02
6.581211e-02
8.016023e-02
1.100279e-01
1.589015e-01
2.302451e-01
3.248806e-01
4.380025e-01
5.583498e-01
6.716621e-01
7.665394e-01
8.379835e-01
8.866394e-01
9.158116e-01
9.288035e-01
9.274453e-01
9.115545e-01
8.789890e-01
8.263318e-01
7.505784e-01
6.519600e-01
5.367185e-01
4.171341e-01
3.072954e-01
2.173972e-01
1.511145e-01
1.070549e-01
8.181943e-02
7.242748e-02
7.756169e-02
9.795960e-02
1.362069e-01
1.957836e-01
2.789865e-01
3.838968e-01
5.021507e-01
6.202750e-01
7.248941e-01
8.078736e-01
8.675453e-01
9.064367e-01
9.282745e-01
9.359669e-01
9.306792e-01
9.115749e-01
8.759851e-01
8.201773e-01
7.411619e-01
6.396016e-01
5.224355e-01
4.024227e-01
2.934597e-01
2.049443e-01
1.396005e-01
9.523722e-02
6.777817e-02
5.348138e-02
4.999660e-02
5.671163e-02
7.480961e-02
1.071536e-01
1.577758e-01
2.304869e-01
3.262842e-01
4.404019e-01
5.615711e-01
6.756006e-01
7.713125e-01
8.440758e-01
8.950312e-01
9.281523e-01
9.476968e-01
9.568686e-01
9.573603e-01
9.492651e-01
9.310746e-01
8.997462e-01
8.510932e-01
7.809923e-01
6.878020e-01
5.753624e-01
4.541812e-01
3.383951e-01
2.398640e-01
1.641063e-01
1.105833e-01
7.553534e-02
5.467269e-02
4.467036e-02
4.371687e-02
5.163490e-02
6.988690e-02
1.014959e-01
1.506293e-01
2.213513e-01
3.151630e-01
4.280072e-01
5.491789e-01
6.644914e-01
7.621995e-01
8.369395e-01
8.893152e-01
9.230118e-01
9.421100e-01
9.495922e-01
9.467766e-01
9.331820e-01
9.065757e-01
8.632972e-01
7.992620e-01
7.121097e-01
6.042161e-01
4.845946e-01
3.669771e-01
2.642895e-01
1.837980e-01
1.263939e-01
8.909269e-02
6.794848e-02
5.989547e-02
6.353841e-02
7.936284e-02
1.096333e-01
1.578788e-01
2.275648e-01
3.196588e-01
4.298124e-01
5.474662e-01
6.589365e-01
7.529397e-01
8.241887e-01
8.729539e-01
9.023359e-01
9.156982e-01
9.152087e-01
9.013116e-01
8.727801e-01
8.272754e-01
7.626066e-01
6.787785e-01
5.801502e-01
4.759952e-01
3.781193e-01
2.967073e-01
2.374813e-01
2.017800e-01
1.884597e-01
1.957401e-01
2.220124e-01
2.655380e-01
3.234299e-01
3.906045e-01
4.595668e-01
5.215194e-01
5.683252e-01
5.942027e-01
5.964714e-01
5.755926e-01
5.350518e-01
4.811398e-01
4.222146e-01
3.672464e-01
3.241831e-01
2.989699e-01
2.954825e-01
3.158232e-01
3.602037e-01
4.261452e-01
5.076419e-01
5.955502e-01
6.798041e-01
7.523233e-01
8.086618e-01
8.476275e-01
8.696933e-01
8.753650e-01
8.641302e-01
8.341583e-01
7.828862e-01
7.086869e-01
6.134044e-01
5.043402e-01
3.934381e-01
2.931412e-01
2.118243e-01
1.522045e-01
1.129345e-01
9.123633e-02
8.490856e-02
9.335350e-02
1.178564e-01
1.612244e-01
2.265591e-01
3.149096e-01
4.224047e-01
5.390093e-01
6.511213e-01
7.469405e-01
8.203788e-01
8.709953e-01
9.013632e-01
9.143716e-01
9.115911e-01
8.926473e-01
8.553494e-01
7.966459e-01
7.146855e-01
6.117331e-01
4.962072e-01
3.812893e-01
2.799666e-01
2.002516e-01
1.441168e-01
1.097098e-01
9.426201e-02
9.606744e-02
1.153183e-01
1.540093e-01
2.148781e-01
2.991898e-01
4.038017e-01
5.194469e-01
6.326554e-01
7.308980e-01
8.069551e-01
8.594259e-01
8.902852e-01
9.020522e-01
8.959820e-01
8.714077e-01
8.260758e-01
7.575721e-01
6.659023e-01
5.563109e-01
4.399621e-01
3.306477e-01
2.393870e-01
1.712315e-01
1.260313e-01
1.012681e-01
9.460860e-02
1.053113e-01
1.345847e-01
1.850077e-01
2.588436e-01
3.552728e-01
4.677769e-01
5.842235e-01
6.909323e-01
7.780042e-01
8.417086e-01
8.830540e-01
9.048528e-01
9.093786e-01
8.971815e-01
8.668586e-01
8.156868e-01
7.413260e-01
6.445816e-01
5.319904e-01
4.156871e-01
3.093100e-01
2.226929e-01
1.595239e-01
1.187969e-01
9.774081e-02
9.414159e-02
1.074991e-01
1.392100e-01
1.918593e-01
2.674403e-01
3.646073e-01
4.763140e-01
5.902958e-01
6.932754e-01
7.759549e-01
8.349299e-01
8.710676e-01
8.866576e-01
8.832629e-01
8.607927e-01
8.177053e-01
7.523258e-01
6.652053e-01
5.616201e-01
4.521424e-01
3.497736e-01
2.652545e-01
2.042195e-01
1.677776e-01
1.549649e-01
1.649163e-01
1.977163e-01
2.537590e-01
3.318478e-01
4.269223e-01
5.292173e-01
6.263474e-01
7.073181e-01
7.653900e-01
7.980188e-01
8.049078e-01
7.861927e-01
7.419931e-01
6.735523e-01
5.852782e-01
4.860187e-01
3.877829e-01
3.021136e-01
2.367917e-01
1.951923e-01
1.779465e-01
1.850323e-01
2.168506e-01
2.737492e-01
3.541447e-01
4.522858e-01
5.576912e-01
6.577183e-01
7.418730e-01
8.045268e-01
8.444676e-01
8.625884e-01
8.596747e-01
8.352765e-01
7.878969e-01
7.165308e-01
