6.061782e-01
4.967625e-01
3.869431e-01
2.892363e-01
2.117905e-01
1.572203e-01
1.244908e-01
1.116114e-01
1.175456e-01
1.429678e-01
1.899163e-01
2.602691e-01
3.531308e-01
4.622807e-01
5.760655e-01
6.810638e-01
7.671707e-01
8.300946e-01
8.701786e-01
8.895996e-01
8.900407e-01
8.715379e-01
8.324548e-01
7.705827e-01
6.854246e-01
5.810197e-01
4.672593e-01
3.575613e-01
2.638128e-01
1.925561e-01
1.449455e-01
1.192645e-01
1.135862e-01
1.273457e-01
1.616824e-01
2.186029e-01
2.989258e-01
3.994860e-01
5.113927e-01
6.216171e-01
7.177016e-01
7.919859e-01
8.423124e-01
8.698206e-01
8.762293e-01
8.621127e-01
8.264933e-01
7.677361e-01
6.856924e-01
5.844196e-01
4.735388e-01
3.661763e-01
2.742231e-01
2.046061e-01
1.590955e-01
1.366518e-01
1.359861e-01
1.570078e-01
2.008679e-01
2.686060e-01
3.586632e-01
4.644929e-01
5.745260e-01
6.756371e-01
7.578488e-01
8.165884e-01
8.515330e-01
8.639595e-01
8.546124e-01
8.228863e-01
7.674438e-01
6.881927e-01
5.889723e-01
4.790750e-01
3.714832e-01
2.782777e-01
2.067566e-01
1.589846e-01
1.340150e-01
1.304915e-01
1.482282e-01
1.884386e-01
2.525885e-01
3.400070e-01
4.452401e-01
5.573767e-01
6.630277e-01
7.512870e-01
8.167461e-01
8.588514e-01
8.792573e-01
8.793871e-01
8.591604e-01
8.169838e-01
7.510242e-01
6.616969e-01
5.544034e-01
4.402104e-01
3.327170e-01
2.428788e-01
1.759100e-01
1.319911e-01
1.090136e-01
1.050868e-01
1.199040e-01
1.549734e-01
2.127426e-01
2.944898e-01
3.973799e-01
5.125280e-01
6.265757e-01
7.267026e-01
8.052289e-01
8.604536e-01
8.943522e-01
9.097034e-01
9.081693e-01
8.894830e-01
8.515218e-01
7.913156e-01
7.072368e-01
6.020226e-01
4.847176e-01
3.689308e-01
2.675692e-01
1.881202e-01
1.318948e-01
9.644990e-02
7.850069e-02
7.582548e-02
8.810471e-02
1.170369e-01
1.657969e-01
2.375282e-01
3.326567e-01
4.459448e-01
5.658541e-01
6.781830e-01
7.718731e-01
8.423116e-01
8.904041e-01
9.195910e-01
9.332698e-01
9.333936e-01
9.199503e-01
8.909552e-01
8.429591e-01
7.724458e-01
6.784266e-01
5.654733e-01
4.446877e-01
3.303696e-01
2.341095e-01
1.610646e-01
1.105793e-01
7.914233e-02
6.306659e-02
5.997736e-02
6.938693e-02
9.278455e-02
1.333435e-01
1.949480e-01
2.800860e-01
3.867820e-01
5.064237e-01
6.253022e-01
7.300335e-01
8.127122e-01
8.719756e-01
9.105985e-01
9.324744e-01
9.406408e-01
9.363999e-01
9.190723e-01
8.861197e-01
8.337762e-01
7.586375e-01
6.604305e-01
5.448968e-01
4.240819e-01
3.122583e-01
2.200416e-01
1.514257e-01
1.050524e-01
7.728894e-02
6.472850e-02
6.549028e-02
7.967662e-02
1.093466e-01
1.579839e-01
2.290762e-01
3.235040e-01
4.365419e-01
5.569819e-01
6.705448e-01
7.657512e-01
8.375191e-01
8.864466e-01
9.158286e-01
9.289800e-01
9.277483e-01
9.119644e-01
8.794917e-01
8.269062e-01
7.511827e-01
6.525233e-01
5.371524e-01
4.173655e-01
3.072971e-01
2.171909e-01
1.507483e-01
1.065795e-01
8.127842e-02
7.185937e-02
7.700873e-02
9.747909e-02
1.358816e-01
1.957243e-01
2.793137e-01
3.846945e-01
5.034104e-01
6.218811e-01
7.266773e-01
8.096884e-01
8.693109e-01
9.081301e-01
9.299036e-01
9.375431e-01
9.321975e-01
9.129956e-01
8.772161e-01
8.210613e-01
7.414879e-01
6.391650e-01
5.211420e-01
4.003626e-01
2.908720e-01
2.020948e-01
1.366794e-01
9.233469e-02
6.491075e-02
5.062951e-02
4.713280e-02
5.382013e-02
7.190512e-02
1.043071e-01
1.551478e-01
2.283509e-01
3.249963e-01
4.402809e-01
5.627310e-01
6.778782e-01
7.743667e-01
8.475600e-01
8.987009e-01
9.318780e-01
9.514294e-01
9.606015e-01
9.611015e-01
9.530190e-01
9.348230e-01
9.034204e-01
8.545358e-01
7.839238e-01
6.898388e-01
5.761351e-01
4.535223e-01
3.364478e-01
2.369981e-01
1.607275e-01
1.069954e-01
7.191055e-02
5.108309e-02
4.112928e-02
4.020894e-02
4.813520e-02
6.637738e-02
9.798881e-02
1.472030e-01
2.181903e-01
3.125656e-01
4.263110e-01
5.486073e-01
6.650313e-01
7.636264e-01
8.389552e-01
8.916724e-01
9.255643e-01
9.448088e-01
9.524671e-01
9.499232e-01
9.367537e-01
9.107699e-01
8.683125e-01
8.052028e-01
7.188403e-01
6.112469e-01
4.911519e-01
3.723003e-01
2.679441e-01
1.857461e-01
1.268284e-01
8.821902e-02
6.583173e-02
5.637560e-02
5.817669e-02
7.140486e-02
9.802220e-02
1.414133e-01
2.053346e-01
2.917767e-01
3.980831e-01
5.152578e-01
6.299505e-01
7.297459e-01
8.076952e-01
8.629376e-01
8.983338e-01
9.177248e-01
9.242043e-01
9.194050e-01
9.033655e-01
8.747124e-01
8.311709e-01
7.706159e-01
6.927695e-01
6.010509e-01
5.032364e-01
4.097080e-01
3.299422e-01
2.696642e-01
2.303432e-01
2.105037e-01
2.073516e-01
2.177863e-01
2.386945e-01
2.668240e-01
2.985966e-01
3.301346e-01
3.576176e-01
3.778929e-01
3.891211e-01
3.912221e-01
3.859798e-01
3.767878e-01
3.681162e-01
3.648314e-01
3.714944e-01
3.916796e-01
4.272814e-01
4.778453e-01
5.401970e-01
6.088215e-01
6.771733e-01
7.394123e-01
7.916415e-01
8.320974e-01
8.604789e-01
8.769647e-01
8.813494e-01
8.724714e-01
8.480071e-01
8.048043e-01
7.400623e-01
6.534944e-01
5.496930e-01
4.386776e-01
3.330300e-01
2.430810e-01
1.738197e-01
1.252610e-01
9.483130e-02
7.969561e-02
7.816804e-02
9.031616e-02
1.180321e-01
1.645628e-01
2.331719e-01
3.246751e-01
4.345922e-01
5.522369e-01
6.638105e-01
7.579367e-01
8.292384e-01
8.778457e-01
9.066029e-01
9.184355e-01
9.148342e-01
8.953057e-01
8.575349e-01
7.983525e-01
7.158156e-01
6.121610e-01
4.958756e-01
3.802767e-01
2.784643e-01
1.984738e-01
1.422241e-01
1.077860e-01
9.233015e-02
9.411702e-02
1.133329e-01
1.519949e-01
2.128934e-01
2.973674e-01
4.023324e-01
5.185108e-01
6.323336e-01
7.311406e-01
8.076263e-01
8.603746e-01
8.913883e-01
9.032215e-01
8.971505e-01
8.725079e-01
8.270208e-01
7.582471e-01
6.661816e-01
5.561070e-01
4.392796e-01
3.295914e-01
2.381097e-01
1.698680e-01
1.246665e-01
9.994077e-02
9.333158e-02
1.040935e-01
1.334502e-01
1.840117e-01
2.580788e-01
3.548531e-01
4.677912e-01
5.846865e-01
6.917756e-01
7.791218e-01
8.430150e-01
8.845183e-01
9.065041e-01
9.113003e-01
8.994997e-01
8.697193e-01
8.192055e-01
7.454997e-01
6.491905e-01
5.365765e-01
4.196883e-01
3.122835e-01
2.244458e-01
1.600635e-01
1.181866e-01
9.597086e-02
9.105379e-02
1.027644e-01
1.323684e-01
1.824639e-01
2.553424e-01
3.503132e-01
4.611415e-01
5.760372e-01
6.814975e-01
7.674973e-01
8.299418e-01
8.693896e-01
8.882062e-01
8.882571e-01
8.698003e-01
8.314902e-01
7.714398e-01
6.893576e-01
5.891515e-01
4.801728e-01
3.751969e-01
2.858781e-01
2.191779e-01
1.771473e-01
1.591163e-01
1.640491e-01
1.917235e-01
2.424198e-01
3.152855e-01
4.060975e-01
5.060345e-01
6.031108e-01
6.858726e-01
7.465974e-01
7.818240e-01
7.907441e-01
7.734111e-01
7.301840e-01
6.627363e-01
5.759258e-01
4.788481e-01
3.834243e-01
3.008823e-01
2.387358e-01
2.003257e-01
1.864607e-01
1.973444e-01
2.334252e-01
2.946831e-01
3.786390e-01
4.783795e-01
5.826750e-01
6.791233e-01
7.582967e-01
8.157233e-01
8.508655e-01
8.647297e-01
8.578673e-01
8.295160e-01
7.780362e-01
7.026684e-01
