5.856240e-01
4.749127e-01
3.663293e-01
2.718023e-01
1.983564e-01
1.476422e-01
1.181559e-01
1.078635e-01
1.159074e-01
1.431956e-01
1.919417e-01
2.640522e-01
3.584580e-01
4.686212e-01
5.826379e-01
6.871157e-01
7.722471e-01
8.340997e-01
8.732639e-01
8.920193e-01
8.920570e-01
8.733783e-01
8.342932e-01
7.725194e-01
6.874591e-01
5.830375e-01
4.690672e-01
3.589723e-01
2.647190e-01
1.929356e-01
1.448138e-01
1.186172e-01
1.123626e-01
1.254179e-01
1.588788e-01
2.147779e-01
2.940812e-01
3.938961e-01
5.056144e-01
6.163108e-01
7.133713e-01
7.888470e-01
8.403497e-01
8.689305e-01
8.763381e-01
8.632311e-01
8.287075e-01
7.711347e-01
6.902372e-01
5.898182e-01
4.792363e-01
3.715343e-01
2.787671e-01
2.081473e-01
1.616778e-01
1.384254e-01
1.371033e-01
1.575711e-01
2.009221e-01
2.681617e-01
3.577427e-01
4.631755e-01
5.729536e-01
6.739662e-01
7.561832e-01
8.149436e-01
8.498397e-01
8.620870e-01
8.523941e-01
8.201556e-01
7.640937e-01
6.842628e-01
5.847187e-01
4.749414e-01
3.679452e-01
2.756667e-01
2.052015e-01
1.584847e-01
1.345547e-01
1.321217e-01
1.510875e-01
1.927041e-01
2.583467e-01
3.470691e-01
4.530194e-01
5.649906e-01
6.696219e-01
7.563379e-01
8.201138e-01
8.606237e-01
8.795549e-01
8.782376e-01
8.564628e-01
8.125637e-01
7.447862e-01
6.538471e-01
5.456050e-01
4.314775e-01
3.250373e-01
2.368556e-01
1.716900e-01
1.294385e-01
1.079308e-01
1.053604e-01
1.215606e-01
1.581559e-01
2.176030e-01
3.009984e-01
4.051247e-01
5.206852e-01
6.341724e-01
7.330061e-01
8.099460e-01
8.636485e-01
8.962419e-01
9.104894e-01
9.079510e-01
8.882359e-01
8.491257e-01
7.876413e-01
7.022957e-01
5.961243e-01
4.784930e-01
3.631261e-01
2.627409e-01
1.844809e-01
1.293783e-01
9.486796e-02
7.766961e-02
7.562983e-02
8.851646e-02
1.181072e-01
1.676209e-01
2.401724e-01
3.360524e-01
4.498095e-01
5.697354e-01
6.816364e-01
7.746346e-01
8.443344e-01
8.917817e-01
9.204594e-01
9.337458e-01
9.335495e-01
9.198094e-01
8.904976e-01
8.421394e-01
7.712262e-01
6.768289e-01
5.636215e-01
4.427953e-01
3.286575e-01
2.327171e-01
1.600231e-01
1.098456e-01
7.864604e-02
6.274092e-02
5.977192e-02
6.926943e-02
9.273837e-02
1.333638e-01
1.950367e-01
2.802441e-01
3.870008e-01
5.066801e-01
6.255644e-01
7.302743e-01
8.129190e-01
8.721504e-01
9.107530e-01
9.326260e-01
9.408108e-01
9.366145e-01
9.193641e-01
8.865268e-01
8.343362e-01
7.593712e-01
6.613182e-01
5.458640e-01
4.250163e-01
3.130568e-01
2.206495e-01
1.518394e-01
1.052972e-01
7.739457e-02
6.471392e-02
6.535736e-02
7.940857e-02
1.089101e-01
1.573383e-01
2.281934e-01
3.224004e-01
4.353021e-01
5.557458e-01
6.694517e-01
7.648837e-01
8.368890e-01
8.860188e-01
9.155524e-01
9.288079e-01
9.276427e-01
9.118978e-01
8.794439e-01
8.268625e-01
7.511325e-01
6.524612e-01
5.370795e-01
4.172893e-01
3.072287e-01
2.171416e-01
1.507291e-01
1.066040e-01
8.136698e-02
7.204447e-02
7.734018e-02
9.802697e-02
1.367319e-01
1.969581e-01
2.809631e-01
3.866884e-01
5.055574e-01
6.239306e-01
7.284261e-01
8.110458e-01
8.702854e-01
9.087767e-01
9.302768e-01
9.376703e-01
9.320671e-01
9.125542e-01
8.763737e-01
8.197154e-01
7.395763e-01
6.367400e-01
5.184148e-01
3.976503e-01
2.884636e-01
2.001435e-01
1.351959e-01
9.124663e-02
6.412482e-02
5.006749e-02
4.674547e-02
5.359021e-02
7.184692e-02
1.044643e-01
1.555854e-01
2.291320e-01
3.261405e-01
4.417211e-01
5.643113e-01
6.794140e-01
7.757233e-01
8.486865e-01
8.996123e-01
9.326199e-01
9.520516e-01
9.611463e-01
9.616009e-01
9.534955e-01
9.352909e-01
9.038850e-01
8.549900e-01
7.843439e-01
6.901831e-01
5.763545e-01
4.535824e-01
3.363473e-01
2.367665e-01
1.604050e-01
1.066151e-01
7.149072e-02
5.062669e-02
4.062572e-02
3.963433e-02
4.745086e-02
6.552835e-02
9.690644e-02
1.458190e-01
2.164700e-01
3.105571e-01
4.241790e-01
5.465999e-01
6.633795e-01
7.624525e-01
8.382628e-01
8.914005e-01
9.256485e-01
9.452208e-01
9.532357e-01
9.511474e-01
9.386136e-01
9.135289e-01
8.722892e-01
8.106753e-01
7.258615e-01
6.194374e-01
4.996630e-01
3.800956e-01
2.742302e-01
1.901939e-01
1.294714e-01
8.920690e-02
6.521800e-02
5.398125e-02
5.349959e-02
6.355070e-02
8.568198e-02
1.229879e-01
1.793784e-01
2.578745e-01
3.578776e-01
4.727384e-01
5.902360e-01
6.970131e-01
7.839359e-01
8.482541e-01
8.920434e-01
9.193776e-01
9.342195e-01
9.394227e-01
9.364439e-01
9.253372e-01
9.048297e-01
8.724919e-01
8.252077e-01
7.602511e-01
6.770983e-01
5.793632e-01
4.753026e-01
3.756153e-01
2.895027e-01
2.217839e-01
1.727068e-01
1.396288e-01
1.189191e-01
1.071995e-01
1.018953e-01
1.013813e-01
1.049726e-01
1.128946e-01
1.262715e-01
1.471036e-01
1.781312e-01
2.224051e-01
2.823598e-01
3.583762e-01
4.473633e-01
5.424891e-01
6.349052e-01
7.167635e-01
7.835491e-01
8.344361e-01
8.710943e-01
8.961402e-01
9.120010e-01
9.203123e-01
9.216617e-01
9.154773e-01
8.999617e-01
8.721168e-01
8.280809e-01
7.641644e-01
6.788720e-01
5.753982e-01
4.627238e-01
3.533370e-01
2.583707e-01
1.838179e-01
1.302607e-01
9.508921e-02
7.496758e-02
6.741147e-02
7.150575e-02
8.812534e-02
1.198380e-01
1.703296e-01
2.429315e-01
3.380349e-01
4.503461e-01
5.684738e-01
6.785998e-01
7.700605e-01
8.384024e-01
8.843985e-01
9.111410e-01
9.215405e-01
9.169650e-01
8.967821e-01
8.585573e-01
7.990304e-01
7.161980e-01
6.122716e-01
4.957465e-01
3.799655e-01
2.780432e-01
1.980037e-01
1.417382e-01
1.072881e-01
9.179978e-02
9.351608e-02
1.126109e-01
1.510976e-01
2.117824e-01
2.960492e-01
4.008856e-01
5.170786e-01
6.310698e-01
7.301438e-01
8.069151e-01
8.599087e-01
8.911035e-01
9.030543e-01
8.970469e-01
8.724235e-01
8.269182e-01
7.580963e-01
6.659644e-01
5.558244e-01
4.389533e-01
3.292539e-01
2.377888e-01
1.695783e-01
1.244097e-01
9.971240e-02
9.312671e-02
1.039113e-01
1.332970e-01
1.839033e-01
2.580401e-01
3.549114e-01
4.679655e-01
5.849773e-01
6.921685e-01
7.796031e-01
8.435883e-01
8.852148e-01
9.073877e-01
9.124711e-01
9.010949e-01
8.719021e-01
8.221253e-01
7.492082e-01
6.535332e-01
5.411421e-01
4.239105e-01
3.156623e-01
2.267067e-01
1.611430e-01
1.181013e-01
9.468323e-02
8.838354e-02
9.835151e-02
1.256980e-01
1.729973e-01
2.428061e-01
3.350988e-01
4.445497e-01
5.600078e-01
6.678650e-01
7.573575e-01
8.235929e-01
8.667163e-01
8.891231e-01
8.929974e-01
8.790133e-01
8.461277e-01
7.923618e-01
7.166329e-01
6.213246e-01
5.141454e-01
4.071651e-01
3.127701e-01
2.394624e-01
1.906043e-01
1.660867e-01
1.647842e-01
1.861075e-01
2.301027e-01
2.961782e-01
3.810143e-01
4.770033e-01
5.729180e-01
6.570438e-01
7.205854e-01
7.588996e-01
7.704248e-01
7.550249e-01
7.133312e-01
6.475619e-01
5.631284e-01
4.693834e-01
3.780612e-01
2.999454e-01
2.422147e-01
2.081962e-01
1.989408e-01
2.149059e-01
2.564931e-01
3.230517e-01
4.108508e-01
5.115980e-01
6.134550e-01
7.046898e-01
7.773527e-01
8.283140e-01
8.576916e-01
8.664952e-01
8.549309e-01
8.218619e-01
7.655324e-01
6.855636e-01
