5.602617e-01
4.486732e-01
3.421968e-01
2.518382e-01
1.832410e-01
1.370048e-01
1.111828e-01
1.037599e-01
1.141143e-01
1.434282e-01
1.941122e-01
2.681023e-01
3.641398e-01
4.753495e-01
5.895746e-01
6.934732e-01
7.775652e-01
8.382977e-01
8.765161e-01
8.946045e-01
8.942624e-01
8.754573e-01
8.364450e-01
7.748625e-01
6.899925e-01
5.856163e-01
4.714402e-01
3.608875e-01
2.660230e-01
1.935905e-01
1.448399e-01
1.180210e-01
1.110878e-01
1.233303e-01
1.557889e-01
2.105173e-01
2.886399e-01
3.875682e-01
4.990221e-01
6.102107e-01
7.083565e-01
7.851839e-01
8.380331e-01
8.678453e-01
8.763973e-01
8.644423e-01
8.311662e-01
7.749455e-01
6.953683e-01
5.959522e-01
4.857510e-01
3.776966e-01
2.840178e-01
2.122506e-01
1.646705e-01
1.404718e-01
1.383743e-01
1.581818e-01
2.009217e-01
2.675621e-01
3.565739e-01
4.615383e-01
5.710260e-01
6.719425e-01
7.541930e-01
8.130091e-01
8.478837e-01
8.599618e-01
8.499142e-01
8.171387e-01
7.604270e-01
6.799964e-01
5.801362e-01
4.705220e-01
3.641931e-01
2.729255e-01
2.035997e-01
1.580177e-01
1.352078e-01
1.339539e-01
1.542505e-01
1.973841e-01
2.646203e-01
3.547058e-01
4.613633e-01
5.730883e-01
6.765789e-01
7.616265e-01
8.236104e-01
8.624334e-01
8.798068e-01
8.769577e-01
8.535421e-01
8.078236e-01
7.381457e-01
6.455561e-01
5.363926e-01
4.224159e-01
3.171361e-01
2.307049e-01
1.674106e-01
1.268740e-01
1.068742e-01
1.056985e-01
1.233254e-01
1.614949e-01
2.226637e-01
3.077281e-01
4.130718e-01
5.289874e-01
6.418427e-01
7.393258e-01
8.146471e-01
8.668149e-01
8.980997e-01
9.112413e-01
9.076932e-01
8.869394e-01
8.466680e-01
7.838967e-01
6.972880e-01
5.901820e-01
4.722615e-01
3.573506e-01
2.579629e-01
1.808956e-01
1.269086e-01
9.332248e-02
7.686559e-02
7.545454e-02
8.894436e-02
1.191909e-01
1.694550e-01
2.428197e-01
3.394388e-01
4.536476e-01
5.735736e-01
6.850378e-01
7.773449e-01
8.463139e-01
8.931259e-01
9.213036e-01
9.342051e-01
9.336945e-01
9.196622e-01
8.900386e-01
8.413236e-01
7.700175e-01
6.752505e-01
5.617976e-01
4.409370e-01
3.269812e-01
2.313578e-01
1.590096e-01
1.091343e-01
7.816699e-02
6.242850e-02
5.957655e-02
6.915913e-02
9.269625e-02
1.333843e-01
1.951205e-01
2.803910e-01
3.872018e-01
5.069134e-01
6.258009e-01
7.304896e-01
8.131021e-01
8.723041e-01
9.108888e-01
9.327609e-01
9.409657e-01
9.368156e-01
9.196443e-01
8.869254e-01
8.348925e-01
7.601085e-01
6.622189e-01
5.468543e-01
4.259822e-01
3.138916e-01
2.212945e-01
1.522889e-01
1.055759e-01
7.753230e-02
6.473026e-02
6.525465e-02
7.916996e-02
1.085014e-01
1.567165e-01
2.273268e-01
3.213005e-01
4.340495e-01
5.544798e-01
6.683149e-01
7.639635e-01
8.362016e-01
8.855317e-01
9.152152e-01
9.285722e-01
9.274696e-01
9.117585e-01
8.793180e-01
8.267370e-01
7.510023e-01
6.523303e-01
5.369601e-01
4.171972e-01
3.071769e-01
2.171376e-01
1.507777e-01
1.067136e-01
8.155553e-02
7.234452e-02
7.780344e-02
9.872602e-02
1.377537e-01
1.983794e-01
2.828029e-01
3.888529e-01
5.078291e-01
6.260412e-01
7.301703e-01
8.123427e-01
8.711572e-01
9.092895e-01
9.304914e-01
9.376160e-01
9.317313e-01
9.118810e-01
8.752728e-01
8.180908e-01
7.373847e-01
6.340670e-01
5.155101e-01
3.948580e-01
2.860755e-01
1.982962e-01
1.338764e-01
9.036246e-02
6.356975e-02
4.975675e-02
4.662761e-02
5.364811e-02
7.209532e-02
1.049446e-01
1.563528e-01
2.302275e-01
3.275476e-01
4.433312e-01
5.659395e-01
6.808742e-01
7.769036e-01
8.495681e-01
9.002377e-01
9.330529e-01
9.523522e-01
9.613614e-01
9.617642e-01
9.536305e-01
9.354140e-01
9.040076e-01
8.551190e-01
7.844804e-01
6.903207e-01
5.764796e-01
4.536786e-01
3.364027e-01
2.367777e-01
1.603753e-01
1.065488e-01
7.138868e-02
5.048366e-02
4.042824e-02
3.935831e-02
4.705847e-02
6.496529e-02
9.610297e-02
1.447016e-01
2.149921e-01
3.087489e-01
4.221862e-01
5.446626e-01
6.617378e-01
7.612515e-01
8.375316e-01
8.910976e-01
9.257208e-01
9.456423e-01
9.540276e-01
9.523880e-01
9.404443e-01
9.161505e-01
8.759307e-01
8.155070e-01
7.318402e-01
6.261468e-01
5.063111e-01
3.857806e-01
2.783086e-01
1.924461e-01
1.299890e-01
8.817518e-02
6.274964e-02
5.003060e-02
4.782551e-02
5.570299e-02
7.502126e-02
1.087932e-01
1.611317e-01
2.357744e-01
3.334062e-01
4.487555e-01
5.701300e-01
6.833237e-01
7.775677e-01
8.487631e-01
8.984371e-01
9.307593e-01
9.500862e-01
9.597317e-01
9.615872e-01
9.560834e-01
9.422020e-01
9.174775e-01
8.781431e-01
8.198088e-01
7.391767e-01
6.368359e-01
5.197003e-01
4.003500e-01
2.922992e-01
2.045003e-01
1.393092e-01
9.423444e-02
6.484304e-02
4.683307e-02
3.694540e-02
3.316505e-02
3.466552e-02
4.174852e-02
5.586676e-02
7.969794e-02
1.171011e-01
1.725930e-01
2.498440e-01
3.490411e-01
4.642939e-01
5.837247e-01
6.936875e-01
7.843976e-01
8.525683e-01
9.000877e-01
9.311349e-01
9.499338e-01
9.596704e-01
9.621776e-01
9.579175e-01
9.459930e-01
9.241227e-01
8.887038e-01
8.352996e-01
7.600680e-01
6.623711e-01
5.475524e-01
4.272498e-01
3.154579e-01
2.227217e-01
1.530789e-01
1.051690e-01
7.520148e-02
5.941124e-02
5.533860e-02
6.229401e-02
8.144249e-02
1.156432e-01
1.688180e-01
2.443766e-01
3.424986e-01
4.573658e-01
5.770050e-01
6.873674e-01
7.780569e-01
8.451367e-01
8.898230e-01
9.154499e-01
9.250044e-01
9.198437e-01
8.992909e-01
8.608540e-01
8.012023e-01
7.182473e-01
6.141154e-01
4.972568e-01
3.810428e-01
2.786711e-01
1.982436e-01
1.416821e-01
1.070144e-01
9.135130e-02
9.289562e-02
1.117872e-01
1.500198e-01
2.104069e-01
2.943819e-01
3.990209e-01
5.151967e-01
6.293712e-01
7.287643e-01
8.058886e-01
8.591906e-01
8.906156e-01
9.027167e-01
8.967916e-01
8.721965e-01
8.266779e-01
7.578147e-01
6.656324e-01
5.554556e-01
4.385803e-01
3.289128e-01
2.375035e-01
1.693556e-01
1.242455e-01
9.960006e-02
9.306403e-02
1.039043e-01
1.333614e-01
1.840628e-01
2.583187e-01
3.553205e-01
4.684906e-01
5.855787e-01
6.928015e-01
7.802436e-01
8.442463e-01
8.859348e-01
9.082459e-01
9.135750e-01
9.025839e-01
8.739383e-01
8.248577e-01
7.526953e-01
6.576389e-01
5.454827e-01
4.279452e-01
3.189023e-01
2.288740e-01
1.621611e-01
1.179714e-01
9.335032e-02
8.564614e-02
9.381783e-02
1.188011e-01
1.631154e-01
2.295514e-01
3.187521e-01
4.263857e-01
5.421003e-01
6.523145e-01
7.455247e-01
8.159311e-01
8.631496e-01
8.895530e-01
8.976627e-01
8.886475e-01
8.618992e-01
8.155165e-01
7.477532e-01
6.593762e-01
5.559765e-01
4.482137e-01
3.487610e-01
2.677875e-01
2.104558e-01
1.776650e-01
1.683984e-01
1.816614e-01
2.170932e-01
2.741845e-01
3.504994e-01
4.399261e-01
5.325239e-01
6.167663e-01
6.828522e-01
7.246759e-01
7.395692e-01
7.270073e-01
6.879004e-01
6.251419e-01
5.448012e-01
4.564461e-01
3.714407e-01
2.999298e-01
2.486758e-01
2.210381e-01
2.183917e-01
2.414321e-01
2.902795e-01
3.631832e-01
4.546688e-01
5.549430e-01
6.520065e-01
7.355195e-01
7.995295e-01
8.423863e-01
8.647482e-01
8.674389e-01
8.501624e-01
8.113401e-01
7.491680e-01
6.638630e-01
