4.837906e-01
3.742727e-01
2.774685e-01
2.007577e-01
1.460167e-01
1.116051e-01
9.498097e-02
9.452559e-02
1.103754e-01
1.444490e-01
1.996430e-01
2.779443e-01
3.776239e-01
4.910290e-01
6.054846e-01
7.078578e-01
7.894729e-01
8.476408e-01
8.837578e-01
9.004197e-01
8.993360e-01
8.804008e-01
8.417536e-01
7.808453e-01
6.966587e-01
5.925887e-01
4.780330e-01
3.663831e-01
2.699585e-01
1.958307e-01
1.454386e-01
1.170267e-01
1.084070e-01
1.186760e-01
1.487237e-01
2.006241e-01
2.758418e-01
3.724938e-01
4.831104e-01
5.952942e-01
6.959403e-01
7.759981e-01
8.321208e-01
8.649437e-01
8.762853e-01
8.671192e-01
8.368531e-01
7.839101e-01
7.075835e-01
6.107221e-01
5.016195e-01
3.928721e-01
2.970683e-01
2.225167e-01
1.721799e-01
1.455965e-01
1.415209e-01
1.596279e-01
2.007853e-01
2.658727e-01
3.534141e-01
4.571807e-01
5.659457e-01
6.666583e-01
7.490548e-01
8.080896e-01
8.430009e-01
8.547608e-01
8.439551e-01
8.100001e-01
7.518643e-01
6.701523e-01
5.696864e-01
4.605631e-01
3.558427e-01
2.669187e-01
2.001921e-01
1.571864e-01
1.369252e-01
1.383672e-01
1.617078e-01
2.082846e-01
2.790709e-01
3.720825e-01
4.800951e-01
5.910191e-01
6.917861e-01
7.730505e-01
8.310662e-01
8.661941e-01
8.801614e-01
8.739528e-01
8.469357e-01
7.972501e-01
7.235005e-01
6.274972e-01
5.166033e-01
4.032250e-01
3.006216e-01
2.179944e-01
1.586580e-01
1.217002e-01
1.048353e-01
1.065688e-01
1.271851e-01
1.686512e-01
2.333915e-01
3.218459e-01
4.295508e-01
5.459909e-01
6.573653e-01
7.519822e-01
8.239810e-01
8.730526e-01
9.017183e-01
9.126471e-01
9.070682e-01
8.842130e-01
8.415897e-01
7.762270e-01
6.871128e-01
5.782119e-01
4.598242e-01
3.459253e-01
2.485834e-01
1.739009e-01
1.221148e-01
9.033906e-02
7.533239e-02
7.515482e-02
8.983468e-02
1.213801e-01
1.731302e-01
2.480971e-01
3.461545e-01
4.612165e-01
5.810995e-01
6.916719e-01
7.826079e-01
8.501449e-01
8.957209e-01
9.229296e-01
9.350859e-01
9.339662e-01
9.193664e-01
8.891354e-01
8.397257e-01
7.676562e-01
6.721745e-01
5.582527e-01
4.373350e-01
3.237404e-01
2.287352e-01
1.570567e-01
1.077640e-01
7.724295e-02
6.182295e-02
5.919270e-02
6.893368e-02
9.259430e-02
1.333922e-01
1.952369e-01
2.806149e-01
3.875188e-01
5.072883e-01
6.261865e-01
7.308461e-01
8.134115e-01
8.725710e-01
9.111343e-01
9.330162e-01
9.412714e-01
9.372242e-01
9.202238e-01
8.877582e-01
8.360623e-01
7.616655e-01
6.641282e-01
5.489605e-01
4.280434e-01
3.156791e-01
2.226812e-01
1.532604e-01
1.061835e-01
7.783967e-02
6.477948e-02
6.505139e-02
7.867909e-02
1.076507e-01
1.554140e-01
2.255035e-01
3.189774e-01
4.313942e-01
5.517860e-01
6.658867e-01
7.619905e-01
8.347219e-01
8.844785e-01
9.144825e-01
9.280579e-01
9.270919e-01
9.114575e-01
8.790527e-01
8.264826e-01
7.507509e-01
6.520912e-01
5.367573e-01
4.170589e-01
3.071243e-01
2.171816e-01
1.509264e-01
1.069846e-01
8.198735e-02
7.300657e-02
7.880453e-02
1.002174e-01
1.399142e-01
2.013640e-01
2.866419e-01
3.933414e-01
5.125103e-01
6.303622e-01
7.337164e-01
8.149580e-01
8.728947e-01
9.102881e-01
9.308761e-01
9.374452e-01
9.309765e-01
9.104252e-01
8.729304e-01
8.146687e-01
7.328056e-01
6.285248e-01
5.095337e-01
3.891575e-01
2.812389e-01
1.945862e-01
1.312529e-01
8.862937e-02
6.250761e-02
4.919295e-02
4.645894e-02
5.384194e-02
7.268397e-02
1.060140e-01
1.580147e-01
2.325601e-01
3.305064e-01
4.466805e-01
5.692920e-01
6.838491e-01
7.792798e-01
8.513164e-01
9.014526e-01
9.338684e-01
9.528914e-01
9.617179e-01
9.620025e-01
9.537913e-01
9.355201e-01
9.040685e-01
8.551345e-01
7.844439e-01
6.902256e-01
5.763263e-01
4.534797e-01
3.361791e-01
2.365489e-01
1.601513e-01
1.063291e-01
7.116465e-02
5.024111e-02
4.014802e-02
3.901506e-02
4.661826e-02
6.438374e-02
9.532696e-02
1.436802e-01
2.137027e-01
3.072356e-01
4.205858e-01
5.431777e-01
6.605555e-01
7.604692e-01
8.371483e-01
8.910564e-01
9.259551e-01
9.461023e-01
9.546889e-01
9.532507e-01
9.415289e-01
9.174884e-01
8.775456e-01
8.173809e-01
7.338677e-01
6.281079e-01
5.079121e-01
3.867667e-01
2.785677e-01
1.920159e-01
1.289843e-01
8.671146e-02
6.090379e-02
4.783350e-02
4.526884e-02
5.275151e-02
7.163242e-02
1.049536e-01
1.569212e-01
2.314498e-01
3.294515e-01
4.458013e-01
5.687155e-01
6.836579e-01
7.795006e-01
8.519562e-01
9.025538e-01
9.355603e-01
9.554398e-01
9.655894e-01
9.679575e-01
9.630099e-01
9.497396e-01
9.256485e-01
8.868529e-01
8.287136e-01
7.475529e-01
6.435933e-01
5.236940e-01
4.008945e-01
2.894733e-01
1.989757e-01
1.319274e-01
8.569357e-02
5.560662e-02
3.717092e-02
2.700604e-02
2.303238e-02
2.439381e-02
3.138604e-02
4.548391e-02
6.943690e-02
1.072586e-01
1.637230e-01
2.428086e-01
3.448706e-01
4.637793e-01
5.869537e-01
6.999496e-01
7.925723e-01
8.616235e-01
9.093319e-01
9.402096e-01
9.587019e-01
9.681112e-01
9.703222e-01
9.658162e-01
9.536948e-01
9.316510e-01
8.960100e-01
8.421956e-01
7.661633e-01
6.670965e-01
5.503486e-01
4.278613e-01
3.140912e-01
2.199144e-01
1.494214e-01
1.011054e-01
7.097634e-02
5.509785e-02
5.088130e-02
5.753772e-02
7.615429e-02
1.095489e-01
1.616869e-01
2.361766e-01
3.335767e-01
4.484994e-01
5.691653e-01
6.812982e-01
7.740106e-01
8.429422e-01
8.891326e-01
9.159525e-01
9.265352e-01
9.224161e-01
9.030849e-01
8.661602e-01
8.082909e-01
7.271418e-01
6.243489e-01
5.078287e-01
3.907456e-01
2.865964e-01
2.040558e-01
1.455184e-01
1.092158e-01
9.224274e-02
9.267739e-02
1.105114e-01
1.476237e-01
2.068011e-01
2.895952e-01
3.933487e-01
5.092258e-01
6.237912e-01
7.240855e-01
8.022938e-01
8.565904e-01
8.887885e-01
9.014219e-01
8.958210e-01
8.713878e-01
8.259129e-01
7.570196e-01
6.647853e-01
5.545893e-01
4.377654e-01
3.282208e-01
2.369756e-01
1.689988e-01
1.240503e-01
9.956169e-02
9.319802e-02
1.042543e-01
1.339995e-01
1.850755e-01
2.597724e-01
3.572069e-01
4.706874e-01
5.878762e-01
6.949967e-01
7.822319e-01
8.460484e-01
8.876715e-01
9.101056e-01
9.157986e-01
9.054615e-01
8.777944e-01
8.299888e-01
7.592295e-01
6.653417e-01
5.536474e-01
4.355507e-01
3.250034e-01
2.329107e-01
1.639509e-01
1.174693e-01
9.038208e-02
7.971269e-02
8.398282e-02
1.036830e-01
1.410878e-01
1.993205e-01
2.803622e-01
3.822073e-01
4.968042e-01
6.112888e-01
7.127843e-01
7.932125e-01
8.505515e-01
8.868059e-01
9.051930e-01
9.081942e-01
8.966851e-01
8.698333e-01
8.256110e-01
7.620419e-01
6.792385e-01
5.815558e-01
4.781885e-01
3.808703e-01
2.997909e-01
2.407504e-01
2.051809e-01
1.919910e-01
1.993818e-01
2.256451e-01
2.688724e-01
3.259766e-01
3.917228e-01
4.585989e-01
5.179515e-01
5.618931e-01
5.849212e-01
5.846409e-01
5.618346e-01
5.203419e-01
4.667457e-01
4.094891e-01
3.573600e-01
3.179551e-01
2.968727e-01
2.977369e-01
3.224352e-01
3.708550e-01
4.399970e-01
5.232627e-01
6.111651e-01
6.937975e-01
7.636529e-01
8.169235e-01
8.528248e-01
8.719269e-01
8.745993e-01
8.600872e-01
8.263602e-01
7.708864e-01
6.925071e-01
5.940177e-01
