4.188688e-01
3.162240e-01
2.306535e-01
1.661503e-01
1.221853e-01
9.619583e-02
8.576173e-02
8.984052e-02
1.092177e-01
1.463457e-01
2.044289e-01
2.854407e-01
3.872922e-01
5.018166e-01
6.160679e-01
7.171469e-01
7.969575e-01
8.533666e-01
8.880917e-01
9.038299e-01
9.022738e-01
8.832600e-01
8.448528e-01
7.843912e-01
7.006772e-01
5.968654e-01
4.821504e-01
3.698859e-01
2.725383e-01
1.973858e-01
1.459962e-01
1.166235e-01
1.070015e-01
1.161117e-01
1.447473e-01
1.949775e-01
2.684441e-01
3.636634e-01
4.736570e-01
5.863056e-01
6.883564e-01
7.703112e-01
8.283958e-01
8.630368e-01
8.760596e-01
8.685634e-01
8.400937e-01
7.891171e-01
7.147741e-01
6.195294e-01
5.112076e-01
4.021595e-01
3.051449e-01
2.289254e-01
1.768945e-01
1.488216e-01
1.434976e-01
1.605250e-01
2.006753e-01
2.647741e-01
3.513796e-01
4.543838e-01
5.626903e-01
6.632796e-01
7.457829e-01
8.049796e-01
8.399473e-01
8.515507e-01
8.403267e-01
8.057084e-01
7.467776e-01
6.643725e-01
5.636233e-01
4.548545e-01
3.511168e-01
2.635724e-01
1.983519e-01
1.568315e-01
1.380429e-01
1.410480e-01
1.661520e-01
2.147036e-01
2.874821e-01
3.820651e-01
4.907018e-01
6.010247e-01
7.001571e-01
7.792620e-01
8.350667e-01
8.681585e-01
8.802528e-01
8.721922e-01
8.431899e-01
7.913349e-01
7.154027e-01
6.176410e-01
5.059577e-01
3.930521e-01
2.919846e-01
2.114226e-01
1.541786e-01
1.190878e-01
1.038525e-01
1.071027e-01
1.292836e-01
1.724725e-01
2.390600e-01
3.292279e-01
4.380669e-01
5.546688e-01
6.651930e-01
7.582988e-01
8.286002e-01
8.761159e-01
9.034754e-01
9.133006e-01
9.067035e-01
8.827888e-01
8.389786e-01
7.723165e-01
6.819653e-01
5.722084e-01
4.536431e-01
3.402969e-01
2.439976e-01
1.705015e-01
1.197963e-01
8.890396e-02
7.460400e-02
7.502957e-02
9.029465e-02
1.224814e-01
1.749650e-01
2.507185e-01
3.494736e-01
4.649367e-01
5.847778e-01
6.948977e-01
7.851562e-01
8.519941e-01
8.969706e-01
9.237110e-01
9.355077e-01
9.340937e-01
9.192189e-01
8.886931e-01
8.389459e-01
7.665064e-01
6.706799e-01
5.565343e-01
4.355933e-01
3.221768e-01
2.274720e-01
1.561170e-01
1.071043e-01
7.679701e-02
6.152870e-02
5.900296e-02
6.881712e-02
9.253289e-02
1.333779e-01
1.952677e-01
2.806901e-01
3.876332e-01
5.074291e-01
6.263356e-01
7.309879e-01
8.135388e-01
8.726859e-01
9.112458e-01
9.331387e-01
9.414245e-01
9.374344e-01
9.205261e-01
8.881958e-01
8.366795e-01
7.624893e-01
6.651406e-01
5.500799e-01
4.291413e-01
3.166331e-01
2.234227e-01
1.537810e-01
1.065101e-01
7.800610e-02
6.480841e-02
6.494618e-02
7.842141e-02
1.072024e-01
1.547263e-01
2.245390e-01
3.177462e-01
4.299841e-01
5.503525e-01
6.645920e-01
7.609371e-01
8.339312e-01
8.839159e-01
9.140922e-01
9.277858e-01
9.268950e-01
9.113048e-01
8.789233e-01
8.263647e-01
7.506407e-01
6.519931e-01
5.366816e-01
4.170168e-01
3.071235e-01
2.172258e-01
1.510199e-01
1.071373e-01
8.222043e-02
7.335716e-02
7.932988e-02
1.009962e-01
1.410389e-01
2.029130e-01
2.886280e-01
3.956551e-01
5.149139e-01
6.325723e-01
7.355235e-01
8.162862e-01
8.737735e-01
9.107894e-01
9.310634e-01
9.373472e-01
9.305773e-01
9.096637e-01
8.717108e-01
8.128932e-01
7.304388e-01
6.256724e-01
5.064725e-01
3.862516e-01
2.787843e-01
1.927106e-01
1.299312e-01
8.775950e-02
6.197760e-02
4.891557e-02
4.638264e-02
5.395119e-02
7.299634e-02
1.065741e-01
1.588798e-01
2.337692e-01
3.320340e-01
4.484026e-01
5.710084e-01
6.853653e-01
7.804848e-01
8.521976e-01
9.020593e-01
9.342695e-01
9.531489e-01
9.618788e-01
9.620979e-01
9.538396e-01
9.355300e-01
9.040413e-01
8.550667e-01
7.843315e-01
6.900692e-01
5.761371e-01
4.532791e-01
3.359912e-01
2.363900e-01
1.600262e-01
1.062336e-01
7.109056e-02
5.017925e-02
4.008946e-02
3.895071e-02
4.653788e-02
6.427484e-02
9.517448e-02
1.434682e-01
2.134197e-01
3.068844e-01
4.201911e-01
5.427835e-01
6.602073e-01
7.601947e-01
8.369519e-01
8.909265e-01
9.258741e-01
9.460533e-01
9.546574e-01
9.532247e-01
9.414968e-01
9.174385e-01
8.774648e-01
8.172564e-01
7.336917e-01
6.278843e-01
5.076598e-01
3.865150e-01
2.783432e-01
1.918333e-01
1.288460e-01
8.661374e-02
6.084292e-02
4.780990e-02
4.528978e-02
5.283321e-02
7.180183e-02
1.052484e-01
1.573843e-01
2.321138e-01
3.303125e-01
4.467970e-01
5.697343e-01
6.845851e-01
7.802653e-01
8.525439e-01
9.029878e-01
9.358770e-01
9.556728e-01
9.657635e-01
9.680872e-01
9.631002e-01
9.497863e-01
9.256384e-01
8.867643e-01
8.285198e-01
7.472321e-01
6.431450e-01
5.231517e-01
4.003203e-01
2.889308e-01
1.985048e-01
1.315379e-01
8.537481e-02
5.533990e-02
3.693703e-02
2.678785e-02
2.281437e-02
2.416006e-02
3.111765e-02
4.515639e-02
6.901850e-02
1.067119e-01
1.630141e-01
2.419263e-01
3.438519e-01
4.627196e-01
5.859796e-01
6.991640e-01
7.920172e-01
8.612853e-01
9.091701e-01
9.401835e-01
9.587840e-01
9.682924e-01
9.706144e-01
9.662549e-01
9.543445e-01
9.326086e-01
8.974022e-01
8.441549e-01
7.687692e-01
6.702869e-01
5.538599e-01
4.312838e-01
3.170397e-01
2.221782e-01
1.509824e-01
1.020575e-01
7.143411e-02
5.514015e-02
5.052619e-02
5.673252e-02
7.477288e-02
1.074015e-01
1.585623e-01
2.319409e-01
3.283220e-01
4.426492e-01
5.633945e-01
6.762600e-01
7.700823e-01
8.401828e-01
8.874095e-01
9.150921e-01
9.264197e-01
9.230251e-01
9.045021e-01
8.685504e-01
8.118314e-01
7.318922e-01
6.300927e-01
5.140133e-01
3.966420e-01
2.916014e-01
2.078906e-01
1.482031e-01
1.109207e-01
9.315158e-02
9.291328e-02
1.101146e-01
1.465647e-01
2.050261e-01
2.871061e-01
3.902915e-01
5.059164e-01
6.206210e-01
7.213612e-01
8.001437e-01
8.549831e-01
8.876090e-01
9.005354e-01
8.951059e-01
8.707453e-01
8.252699e-01
7.563337e-01
6.640535e-01
5.538516e-01
4.370888e-01
3.276672e-01
2.365768e-01
1.687560e-01
1.239511e-01
9.959893e-02
9.338151e-02
1.046165e-01
1.345934e-01
1.859624e-01
2.609917e-01
3.587343e-01
4.724085e-01
5.896145e-01
6.965905e-01
7.836017e-01
8.472095e-01
8.887070e-01
9.111371e-01
9.169723e-01
9.069457e-01
8.797742e-01
8.326377e-01
7.626381e-01
6.694140e-01
5.580326e-01
4.397124e-01
3.284222e-01
2.352583e-01
1.650981e-01
1.173609e-01
8.888407e-02
7.649141e-02
7.841967e-02
9.483559e-02
1.277566e-01
1.803407e-01
2.552215e-01
3.518366e-01
4.639298e-01
5.797014e-01
6.858303e-01
7.727269e-01
8.369402e-01
8.798610e-01
9.049525e-01
9.155484e-01
9.137395e-01
9.000374e-01
8.734800e-01
8.321074e-01
7.739576e-01
6.986852e-01
6.093752e-01
5.133218e-01
4.205446e-01
3.404835e-01
2.791054e-01
2.381786e-01
2.164029e-01
2.109912e-01
2.187362e-01
2.364030e-01
2.607068e-01
2.882101e-01
3.153803e-01
3.389043e-01
3.561926e-01
3.658977e-01
3.682558e-01
3.651382e-01
3.597984e-01
3.563860e-01
3.593374e-01
3.727219e-01
3.995575e-01
4.410880e-01
4.961409e-01
5.609269e-01
6.296857e-01
6.961573e-01
7.552005e-01
8.037065e-01
8.404949e-01
8.655280e-01
8.789700e-01
8.804242e-01
8.684636e-01
8.405320e-01
7.934209e-01
7.246348e-01
6.346664e-01
5.291617e-01
