3.374971e-01
2.457090e-01
1.749891e-01
1.252660e-01
9.375270e-02
7.733075e-02
7.398565e-02
8.341961e-02
1.071656e-01
1.482653e-01
2.102317e-01
2.949355e-01
3.997436e-01
5.157798e-01
6.297598e-01
7.291320e-01
8.065803e-01
8.606914e-01
8.935842e-01
9.080742e-01
9.058241e-01
8.865910e-01
8.483436e-01
7.882907e-01
7.050353e-01
6.014718e-01
4.865723e-01
3.736433e-01
2.753035e-01
1.990500e-01
1.465893e-01
1.161856e-01
1.054872e-01
1.133483e-01
1.404517e-01
1.888498e-01
2.603625e-01
3.539337e-01
4.631367e-01
5.761984e-01
6.797429e-01
7.637890e-01
8.240728e-01
8.607656e-01
8.756848e-01
8.700648e-01
8.436093e-01
7.948473e-01
7.227678e-01
6.294188e-01
5.220876e-01
4.128085e-01
3.144930e-01
2.364000e-01
1.824251e-01
1.526214e-01
1.458362e-01
1.615964e-01
2.005642e-01
2.635024e-01
3.490069e-01
4.511099e-01
5.588689e-01
6.593047e-01
7.419305e-01
8.013220e-01
8.363684e-01
8.478097e-01
8.361274e-01
8.007788e-01
7.409804e-01
6.578392e-01
5.568285e-01
4.485134e-01
3.459160e-01
2.599319e-01
1.963957e-01
1.565304e-01
1.393847e-01
1.441376e-01
1.712092e-01
2.219455e-01
2.968888e-01
3.931184e-01
5.023188e-01
6.118644e-01
7.091358e-01
7.858656e-01
8.392799e-01
8.701879e-01
8.802763e-01
8.702298e-01
8.390999e-01
7.849357e-01
7.067151e-01
6.071661e-01
4.947607e-01
3.824628e-01
2.830776e-01
2.046980e-01
1.496261e-01
1.164561e-01
1.028930e-01
1.077023e-01
1.314951e-01
1.764560e-01
2.449286e-01
3.368165e-01
4.467515e-01
5.634438e-01
6.730452e-01
7.645920e-01
8.331771e-01
8.791361e-01
9.051949e-01
9.139210e-01
9.063062e-01
8.813287e-01
8.363275e-01
7.683675e-01
6.767938e-01
5.662113e-01
4.475058e-01
3.347402e-01
2.394924e-01
1.671748e-01
1.175345e-01
8.750891e-02
7.390195e-02
7.492042e-02
9.076306e-02
1.235844e-01
1.767937e-01
2.533225e-01
3.527599e-01
4.686070e-01
5.883935e-01
6.980580e-01
7.876461e-01
8.537971e-01
8.981874e-01
9.244710e-01
9.359170e-01
9.342156e-01
9.190720e-01
8.882574e-01
8.381798e-01
7.653782e-01
6.692154e-01
5.548531e-01
4.338921e-01
3.206517e-01
2.262413e-01
1.552017e-01
1.064616e-01
7.636174e-02
6.124008e-02
5.881465e-02
6.869797e-02
9.246453e-02
1.333514e-01
1.952805e-01
2.807411e-01
3.877186e-01
5.075390e-01
6.264557e-01
7.311057e-01
8.136482e-01
8.727886e-01
9.113501e-01
9.332580e-01
9.415780e-01
9.376487e-01
9.208370e-01
8.886477e-01
8.373185e-01
7.633436e-01
6.661922e-01
5.512442e-01
4.302848e-01
3.176281e-01
2.241970e-01
1.543252e-01
1.068521e-01
7.818107e-02
6.484011e-02
6.483832e-02
7.815513e-02
1.067381e-01
1.540132e-01
2.235381e-01
3.164669e-01
4.285169e-01
5.488588e-01
6.632413e-01
7.598369e-01
8.331051e-01
8.833284e-01
9.136853e-01
9.275036e-01
9.266929e-01
9.111509e-01
8.787968e-01
8.262537e-01
7.505419e-01
6.519105e-01
5.366240e-01
4.169935e-01
3.071402e-01
2.172854e-01
1.511264e-01
1.073016e-01
8.246504e-02
7.372092e-02
7.987199e-02
1.017976e-01
1.421938e-01
2.045007e-01
2.906595e-01
3.980161e-01
5.173603e-01
6.348160e-01
7.373539e-01
8.176286e-01
8.746595e-01
9.112925e-01
9.312478e-01
9.372414e-01
9.301642e-01
9.088804e-01
8.704597e-01
8.110759e-01
7.280220e-01
6.227679e-01
5.033650e-01
3.833111e-01
2.763075e-01
1.908225e-01
1.286033e-01
8.688714e-02
6.144734e-02
4.863953e-02
4.630917e-02
5.406503e-02
7.331554e-02
1.071439e-01
1.597578e-01
2.349938e-01
3.335780e-01
4.501395e-01
5.727357e-01
6.868878e-01
7.816922e-01
8.530786e-01
9.026643e-01
9.346679e-01
9.534033e-01
9.620360e-01
9.621892e-01
9.538834e-01
9.355349e-01
9.040087e-01
8.549935e-01
7.842140e-01
6.899089e-01
5.759460e-01
4.530792e-01
3.358066e-01
2.362368e-01
1.599084e-01
1.061467e-01
7.102591e-02
5.012767e-02
4.004207e-02
3.889858e-02
4.647095e-02
6.418080e-02
9.503827e-02
1.432735e-01
2.131541e-01
3.065484e-01
4.198071e-01
5.423932e-01
6.598553e-01
7.599098e-01
8.367400e-01
8.907772e-01
9.257708e-01
9.459794e-01
9.545985e-01
9.531680e-01
9.414305e-01
9.173498e-01
8.773406e-01
8.170850e-01
7.334683e-01
6.276182e-01
5.073767e-01
3.862488e-01
2.781217e-01
1.916688e-01
1.287375e-01
8.655444e-02
6.082721e-02
4.783748e-02
4.536812e-02
5.297944e-02
7.204409e-02
1.056251e-01
1.579376e-01
2.328718e-01
3.312619e-01
4.478631e-01
5.707946e-01
6.855204e-01
7.810077e-01
8.530859e-01
9.033597e-01
9.361204e-01
9.558245e-01
9.658497e-01
9.681228e-01
9.630899e-01
9.497253e-01
9.255132e-01
8.865540e-01
8.282020e-01
7.467943e-01
6.426009e-01
5.225502e-01
3.997325e-01
2.884193e-01
1.981003e-01
1.312388e-01
8.516100e-02
5.518645e-02
3.682115e-02
2.669048e-02
2.271894e-02
2.405001e-02
3.097352e-02
4.495284e-02
6.872202e-02
1.062814e-01
1.624086e-01
2.411236e-01
3.428760e-01
4.616565e-01
5.849555e-01
6.982918e-01
7.913535e-01
8.608292e-01
9.088895e-01
9.400415e-01
9.587542e-01
9.683658e-01
9.708024e-01
9.665930e-01
9.548971e-01
9.334740e-01
8.987102e-01
8.460446e-01
7.713305e-01
6.734705e-01
5.574106e-01
4.347889e-01
3.200988e-01
2.245615e-01
1.526581e-01
1.031128e-01
7.198283e-02
5.526291e-02
5.024341e-02
5.599334e-02
7.345148e-02
1.053057e-01
1.554734e-01
2.277117e-01
3.230271e-01
4.367008e-01
5.574741e-01
6.710455e-01
7.659811e-01
8.372740e-01
8.855671e-01
9.141404e-01
9.262358e-01
9.235843e-01
9.058867e-01
8.709283e-01
8.153894e-01
7.367044e-01
6.359570e-01
5.203786e-01
4.027594e-01
2.968338e-01
2.119291e-01
1.510533e-01
1.127523e-01
9.415512e-02
9.322006e-02
1.097713e-01
1.455451e-01
2.032760e-01
2.846233e-01
3.872169e-01
5.025641e-01
6.173869e-01
7.185618e-01
7.979153e-01
8.532979e-01
8.863500e-01
8.995617e-01
8.942868e-01
8.699715e-01
8.244581e-01
7.554362e-01
6.630730e-01
5.528480e-01
4.361588e-01
3.269001e-01
2.360195e-01
1.684113e-01
1.238011e-01
9.963002e-02
9.360096e-02
1.050592e-01
1.353195e-01
1.870411e-01
2.624651e-01
3.605673e-01
4.744593e-01
5.916705e-01
6.984613e-01
7.851977e-01
8.485546e-01
8.899049e-01
9.123368e-01
9.183525e-01
9.087133e-01
8.821585e-01
8.358564e-01
7.668110e-01
6.744318e-01
5.634664e-01
4.448906e-01
3.326812e-01
2.381687e-01
1.664861e-01
1.171569e-01
8.693471e-02
7.240829e-02
7.147297e-02
8.389558e-02
1.113432e-01
1.569196e-01
2.239046e-01
3.134084e-01
4.215539e-01
5.383457e-01
6.503756e-01
7.462048e-01
8.202168e-01
8.725488e-01
9.065628e-01
9.263105e-01
9.350590e-01
9.347219e-01
9.257440e-01
9.071467e-01
8.766840e-01
8.312782e-01
7.680446e-01
6.860866e-01
5.885509e-01
4.834119e-01
3.815133e-01
2.925713e-01
2.219781e-01
1.703507e-01
1.351705e-01
1.127785e-01
9.971771e-02
9.334271e-02
9.198564e-02
9.494949e-02
1.024777e-01
1.157481e-01
1.368605e-01
1.687088e-01
2.145343e-01
2.769238e-01
3.562258e-01
4.489888e-01
5.477168e-01
6.428753e-01
7.262529e-01
7.934011e-01
8.438225e-01
8.795435e-01
9.034320e-01
9.180363e-01
9.250075e-01
9.248727e-01
9.169428e-01
8.992650e-01
8.686854e-01
8.212775e-01
7.535380e-01
6.645704e-01
5.585313e-01
4.452788e-01
