5.000591e-01
5.000362e-01
5.000092e-01
4.999803e-01
4.999519e-01
4.999265e-01
4.999061e-01
4.998925e-01
4.998870e-01
4.998901e-01
4.999015e-01
4.999204e-01
4.999454e-01
4.999745e-01
5.000054e-01
5.000357e-01
5.000631e-01
5.000855e-01
5.001014e-01
5.001096e-01
5.001096e-01
5.001018e-01
5.000868e-01
5.000661e-01
5.000413e-01
5.000145e-01
4.999877e-01
4.999629e-01
4.999419e-01
4.999260e-01
4.999163e-01
4.999132e-01
4.999167e-01
4.999264e-01
4.999412e-01
4.999600e-01
4.999815e-01
5.000040e-01
5.000261e-01
5.000465e-01
5.000640e-01
5.000777e-01
5.000870e-01
5.000916e-01
5.000915e-01
5.000871e-01
5.000788e-01
5.000674e-01
5.000536e-01
5.000384e-01
5.000228e-01
5.000076e-01
4.999937e-01
4.999819e-01
4.999728e-01
4.999669e-01
4.999644e-01
4.999655e-01
4.999702e-01
4.999780e-01
4.999885e-01
5.000010e-01
5.000147e-01
5.000285e-01
5.000416e-01
5.000527e-01
5.000610e-01
5.000655e-01
5.000658e-01
5.000612e-01
5.000520e-01
5.000383e-01
5.000208e-01
5.000006e-01
4.999789e-01
4.999571e-01
4.999369e-01
4.999199e-01
4.999073e-01
4.999003e-01
4.998997e-01
4.999058e-01
4.999185e-01
4.999369e-01
4.999599e-01
4.999861e-01
5.000135e-01
5.000402e-01
5.000642e-01
5.000837e-01
5.000973e-01
5.001039e-01
5.001031e-01
5.000949e-01
5.000801e-01
5.000598e-01
5.000358e-01
5.000099e-01
4.999845e-01
4.999615e-01
4.999428e-01
4.999301e-01
4.999245e-01
4.999264e-01
4.999357e-01
4.999518e-01
4.999734e-01
4.999988e-01
5.000260e-01
5.000529e-01
5.000773e-01
5.000973e-01
5.001111e-01
5.001177e-01
5.001163e-01
5.001071e-01
5.000904e-01
5.000673e-01
5.000394e-01
5.000084e-01
4.999764e-01
4.999455e-01
4.999176e-01
4.998944e-01
4.998773e-01
4.998672e-01
4.998645e-01
4.998692e-01
4.998808e-01
4.998983e-01
4.999205e-01
4.999459e-01
4.999729e-01
4.999999e-01
5.000255e-01
5.000484e-01
5.000676e-01
5.000823e-01
5.000922e-01
5.000972e-01
5.000975e-01
5.000936e-01
5.000860e-01
5.000757e-01
5.000632e-01
5.000495e-01
5.000351e-01
5.000208e-01
5.000068e-01
4.999936e-01
4.999815e-01
4.999705e-01
4.999607e-01
4.999522e-01
4.999451e-01
4.999393e-01
4.999351e-01
4.999326e-01
4.999319e-01
4.999334e-01
4.999371e-01
4.999432e-01
4.999517e-01
4.999627e-01
4.999758e-01
4.999907e-01
5.000070e-01
5.000239e-01
5.000406e-01
5.000564e-01
5.000704e-01
5.000817e-01
5.000897e-01
5.000938e-01
5.000935e-01
5.000887e-01
5.000795e-01
5.000663e-01
5.000495e-01
5.000299e-01
5.000086e-01
4.999864e-01
4.999647e-01
4.999444e-01
4.999266e-01
4.999123e-01
4.999021e-01
4.998967e-01
4.998961e-01
4.999006e-01
4.999097e-01
4.999231e-01
4.999398e-01
4.999591e-01
4.999798e-01
5.000008e-01
5.000210e-01
5.000393e-01
5.000548e-01
5.000668e-01
5.000747e-01
5.000784e-01
5.000778e-01
5.000735e-01
5.000659e-01
5.000560e-01
5.000447e-01
5.000330e-01
5.000219e-01
5.000125e-01
5.000054e-01
5.000011e-01
4.999999e-01
5.000017e-01
5.000060e-01
5.000123e-01
5.000197e-01
5.000273e-01
5.000339e-01
5.000388e-01
5.000410e-01
5.000401e-01
5.000357e-01
5.000279e-01
5.000171e-01
5.000039e-01
4.999892e-01
4.999740e-01
4.999594e-01
4.999463e-01
4.999358e-01
4.999284e-01
4.999245e-01
4.999242e-01
4.999272e-01
4.999331e-01
4.999411e-01
4.999504e-01
4.999600e-01
4.999690e-01
4.999769e-01
4.999829e-01
4.999870e-01
4.999891e-01
4.999895e-01
4.999887e-01
4.999874e-01
4.999864e-01
4.999863e-01
4.999879e-01
4.999916e-01
4.999976e-01
5.000057e-01
5.000157e-01
5.000270e-01
5.000386e-01
5.000497e-01
5.000593e-01
5.000664e-01
5.000702e-01
5.000703e-01
5.000663e-01
5.000584e-01
5.000470e-01
5.000329e-01
5.000169e-01
5.000002e-01
4.999841e-01
4.999696e-01
4.999577e-01
4.999493e-01
4.999449e-01
4.999445e-01
4.999481e-01
4.999552e-01
4.999649e-01
4.999765e-01
4.999888e-01
5.000008e-01
5.000117e-01
5.000207e-01
5.000272e-01
5.000311e-01
5.000323e-01
5.000312e-01
5.000284e-01
5.000244e-01
5.000199e-01
5.000158e-01
5.000125e-01
5.000105e-01
5.000098e-01
5.000105e-01
5.000123e-01
5.000145e-01
5.000166e-01
5.000177e-01
5.000173e-01
5.000148e-01
5.000097e-01
5.000020e-01
4.999919e-01
4.999798e-01
4.999667e-01
4.999534e-01
4.999412e-01
4.999310e-01
4.999242e-01
4.999214e-01
4.999233e-01
4.999302e-01
4.999417e-01
4.999574e-01
4.999762e-01
4.999970e-01
5.000182e-01
5.000384e-01
5.000561e-01
5.000701e-01
5.000795e-01
5.000836e-01
5.000824e-01
5.000763e-01
5.000658e-01
5.000523e-01
5.000369e-01
5.000210e-01
5.000062e-01
4.999935e-01
4.999841e-01
4.999783e-01
4.999765e-01
4.999783e-01
4.999832e-01
4.999902e-01
4.999982e-01
5.000059e-01
5.000122e-01
5.000161e-01
5.000168e-01
5.000141e-01
5.000079e-01
4.999988e-01
4.999875e-01
4.999751e-01
4.999629e-01
4.999521e-01
4.999439e-01
4.999392e-01
4.999388e-01
4.999427e-01
4.999510e-01
4.999629e-01
4.999776e-01
4.999939e-01
5.000104e-01
5.000257e-01
5.000385e-01
5.000479e-01
5.000529e-01
5.000533e-01
5.000491e-01
5.000408e-01
5.000291e-01
5.000151e-01
5.000000e-01
4.999852e-01
4.999718e-01
4.999608e-01
4.999532e-01
4.999492e-01
4.999491e-01
4.999526e-01
4.999591e-01
4.999680e-01
4.999782e-01
4.999888e-01
4.999989e-01
5.000077e-01
5.000145e-01
5.000190e-01
5.000211e-01
5.000209e-01
5.000187e-01
5.000151e-01
5.000107e-01
5.000061e-01
5.000019e-01
4.999987e-01
4.999968e-01
4.999964e-01
4.999976e-01
5.000001e-01
5.000037e-01
5.000081e-01
5.000127e-01
5.000170e-01
5.000206e-01
5.000232e-01
5.000244e-01
5.000241e-01
5.000222e-01
5.000189e-01
5.000144e-01
5.000088e-01
5.000026e-01
4.999961e-01
4.999896e-01
4.999835e-01
4.999782e-01
4.999738e-01
4.999706e-01
4.999687e-01
4.999681e-01
4.999689e-01
4.999710e-01
4.999742e-01
4.999783e-01
4.999831e-01
4.999883e-01
4.999937e-01
4.999988e-01
5.000035e-01
5.000073e-01
5.000102e-01
5.000118e-01
5.000122e-01
5.000112e-01
5.000091e-01
5.000060e-01
5.000022e-01
4.999979e-01
4.999936e-01
4.999897e-01
4.999864e-01
4.999841e-01
4.999830e-01
4.999830e-01
4.999842e-01
4.999863e-01
4.999891e-01
4.999920e-01
4.999946e-01
4.999964e-01
4.999971e-01
4.999961e-01
4.999934e-01
4.999889e-01
4.999828e-01
4.999753e-01
4.999672e-01
4.999590e-01
4.999516e-01
4.999457e-01
4.999423e-01
4.999419e-01
4.999451e-01
4.999519e-01
4.999625e-01
4.999762e-01
4.999926e-01
5.000106e-01
5.000291e-01
5.000467e-01
5.000622e-01
5.000745e-01
5.000824e-01
5.000852e-01
5.000826e-01
5.000747e-01
5.000618e-01
5.000449e-01
5.000251e-01
5.000039e-01
4.999830e-01
4.999638e-01
4.999480e-01
4.999367e-01
4.999308e-01
4.999307e-01
4.999364e-01
4.999472e-01
4.999621e-01
4.999798e-01
4.999986e-01
5.000166e-01
5.000323e-01
5.000441e-01
5.000507e-01
5.000516e-01
5.000465e-01
5.000358e-01
5.000205e-01
5.000019e-01
4.999817e-01
4.999619e-01
4.999445e-01
4.999311e-01
4.999231e-01
4.999217e-01
4.999270e-01
4.999389e-01
4.999565e-01
4.999784e-01
5.000028e-01
5.000275e-01
5.000502e-01
5.000690e-01
5.000820e-01
5.000879e-01
5.000859e-01
5.000761e-01
