5.001716e-01
5.001074e-01
5.000321e-01
4.999514e-01
4.998719e-01
4.997998e-01
4.997411e-01
4.997007e-01
4.996820e-01
4.996867e-01
4.997149e-01
4.997647e-01
4.998323e-01
4.999128e-01
5.000002e-01
5.000880e-01
5.001696e-01
5.002390e-01
5.002911e-01
5.003221e-01
5.003300e-01
5.003144e-01
5.002767e-01
5.002198e-01
5.001483e-01
5.000673e-01
4.999830e-01
4.999013e-01
4.998280e-01
4.997682e-01
4.997257e-01
4.997032e-01
4.997018e-01
4.997212e-01
4.997596e-01
4.998140e-01
4.998802e-01
4.999536e-01
5.000291e-01
5.001017e-01
5.001666e-01
5.002199e-01
5.002584e-01
5.002801e-01
5.002841e-01
5.002706e-01
5.002411e-01
5.001980e-01
5.001444e-01
5.000843e-01
5.000217e-01
4.999609e-01
4.999058e-01
4.998600e-01
4.998265e-01
4.998073e-01
4.998035e-01
4.998154e-01
4.998419e-01
4.998811e-01
4.999304e-01
4.999862e-01
5.000446e-01
5.001014e-01
5.001525e-01
5.001941e-01
5.002228e-01
5.002361e-01
5.002328e-01
5.002124e-01
5.001757e-01
5.001250e-01
5.000632e-01
4.999945e-01
4.999234e-01
4.998548e-01
4.997938e-01
4.997449e-01
4.997119e-01
4.996974e-01
4.997032e-01
4.997291e-01
4.997738e-01
4.998346e-01
4.999074e-01
4.999871e-01
5.000682e-01
5.001449e-01
5.002116e-01
5.002634e-01
5.002963e-01
5.003079e-01
5.002973e-01
5.002651e-01
5.002137e-01
5.001470e-01
5.000700e-01
4.999886e-01
4.999089e-01
4.998373e-01
4.997792e-01
4.997393e-01
4.997209e-01
4.997255e-01
4.997530e-01
4.998017e-01
4.998679e-01
4.999469e-01
5.000329e-01
5.001194e-01
5.002002e-01
5.002691e-01
5.003209e-01
5.003518e-01
5.003592e-01
5.003424e-01
5.003024e-01
5.002417e-01
5.001643e-01
5.000753e-01
4.999806e-01
4.998864e-01
4.997985e-01
4.997226e-01
4.996631e-01
4.996234e-01
4.996056e-01
4.996101e-01
4.996360e-01
4.996812e-01
4.997422e-01
4.998150e-01
4.998949e-01
4.999772e-01
5.000571e-01
5.001304e-01
5.001936e-01
5.002440e-01
5.002800e-01
5.003007e-01
5.003063e-01
5.002978e-01
5.002768e-01
5.002455e-01
5.002062e-01
5.001614e-01
5.001134e-01
5.000646e-01
5.000167e-01
4.999714e-01
4.999297e-01
4.998925e-01
4.998605e-01
4.998338e-01
4.998128e-01
4.997975e-01
4.997881e-01
4.997848e-01
4.997876e-01
4.997969e-01
4.998126e-01
4.998349e-01
4.998636e-01
4.998984e-01
4.999384e-01
4.999828e-01
5.000301e-01
5.000786e-01
5.001263e-01
5.001710e-01
5.002104e-01
5.002422e-01
5.002645e-01
5.002755e-01
5.002741e-01
5.002596e-01
5.002323e-01
5.001930e-01
5.001432e-01
5.000852e-01
5.000218e-01
4.999562e-01
4.998918e-01
4.998322e-01
4.997806e-01
4.997398e-01
4.997122e-01
4.996993e-01
4.997018e-01
4.997195e-01
4.997513e-01
4.997951e-01
4.998484e-01
4.999079e-01
4.999699e-01
5.000309e-01
5.000873e-01
5.001359e-01
5.001742e-01
5.002003e-01
5.002133e-01
5.002132e-01
5.002008e-01
5.001778e-01
5.001466e-01
5.001101e-01
5.000714e-01
5.000337e-01
4.999999e-01
4.999725e-01
4.999534e-01
4.999435e-01
4.999432e-01
4.999518e-01
4.999681e-01
4.999899e-01
5.000150e-01
5.000406e-01
5.000640e-01
5.000829e-01
5.000952e-01
5.000997e-01
5.000956e-01
5.000831e-01
5.000630e-01
5.000369e-01
5.000066e-01
4.999745e-01
4.999430e-01
4.999143e-01
4.998904e-01
4.998728e-01
4.998623e-01
4.998591e-01
4.998629e-01
4.998725e-01
4.998867e-01
4.999036e-01
4.999214e-01
4.999385e-01
4.999534e-01
4.999651e-01
4.999731e-01
4.999774e-01
4.999787e-01
4.999780e-01
4.999766e-01
4.999759e-01
4.999775e-01
4.999825e-01
4.999918e-01
5.000057e-01
5.000240e-01
5.000458e-01
5.000698e-01
5.000943e-01
5.001171e-01
5.001363e-01
5.001499e-01
5.001562e-01
5.001542e-01
5.001433e-01
5.001239e-01
5.000968e-01
5.000636e-01
5.000265e-01
4.999878e-01
4.999502e-01
4.999162e-01
4.998880e-01
4.998674e-01
4.998555e-01
4.998528e-01
4.998590e-01
4.998733e-01
4.998941e-01
4.999194e-01
4.999473e-01
4.999756e-01
5.000023e-01
5.000257e-01
5.000449e-01
5.000590e-01
5.000682e-01
5.000728e-01
5.000737e-01
5.000721e-01
5.000690e-01
5.000657e-01
5.000631e-01
5.000617e-01
5.000617e-01
5.000628e-01
5.000642e-01
5.000648e-01
5.000634e-01
5.000588e-01
5.000498e-01
5.000357e-01
5.000162e-01
4.999915e-01
4.999625e-01
4.999309e-01
4.998985e-01
4.998677e-01
4.998411e-01
4.998210e-01
4.998096e-01
4.998084e-01
4.998183e-01
4.998394e-01
4.998707e-01
4.999106e-01
4.999566e-01
5.000057e-01
5.000547e-01
5.001002e-01
5.001391e-01
5.001688e-01
5.001874e-01
5.001940e-01
5.001885e-01
5.001719e-01
5.001461e-01
5.001136e-01
5.000773e-01
5.000405e-01
5.000061e-01
4.999769e-01
4.999550e-01
4.999415e-01
4.999369e-01
4.999405e-01
4.999511e-01
4.999665e-01
4.999844e-01
5.000021e-01
5.000169e-01
5.000268e-01
5.000302e-01
5.000262e-01
5.000149e-01
4.999970e-01
4.999743e-01
4.999490e-01
4.999238e-01
4.999012e-01
4.998839e-01
4.998741e-01
4.998732e-01
4.998820e-01
4.999002e-01
4.999269e-01
4.999600e-01
4.999972e-01
5.000355e-01
5.000717e-01
5.001030e-01
5.001267e-01
5.001410e-01
5.001447e-01
5.001374e-01
5.001199e-01
5.000936e-01
5.000606e-01
5.000236e-01
4.999856e-01
4.999495e-01
4.999180e-01
4.998933e-01
4.998771e-01
4.998702e-01
4.998726e-01
4.998837e-01
4.999020e-01
4.999257e-01
4.999525e-01
4.999800e-01
5.000061e-01
5.000286e-01
5.000462e-01
5.000578e-01
5.000630e-01
5.000621e-01
5.000559e-01
5.000455e-01
5.000325e-01
5.000185e-01
5.000052e-01
4.999941e-01
4.999862e-01
4.999825e-01
4.999831e-01
4.999879e-01
4.999964e-01
5.000075e-01
5.000202e-01
5.000330e-01
5.000446e-01
5.000537e-01
5.000593e-01
5.000607e-01
5.000575e-01
5.000496e-01
5.000376e-01
5.000222e-01
5.000043e-01
4.999853e-01
4.999664e-01
4.999490e-01
4.999342e-01
4.999231e-01
4.999165e-01
4.999147e-01
4.999178e-01
4.999256e-01
4.999374e-01
4.999524e-01
4.999693e-01
4.999871e-01
5.000044e-01
5.000201e-01
5.000329e-01
5.000422e-01
5.000474e-01
5.000482e-01
5.000449e-01
5.000379e-01
5.000280e-01
5.000163e-01
5.000040e-01
4.999923e-01
4.999823e-01
4.999751e-01
4.999715e-01
4.999717e-01
4.999759e-01
4.999835e-01
4.999937e-01
5.000054e-01
5.000172e-01
5.000274e-01
5.000347e-01
5.000375e-01
5.000348e-01
5.000261e-01
5.000112e-01
4.999906e-01
4.999656e-01
4.999376e-01
4.999089e-01
4.998817e-01
4.998588e-01
4.998423e-01
4.998345e-01
4.998368e-01
4.998501e-01
4.998745e-01
4.999090e-01
4.999519e-01
5.000008e-01
5.000525e-01
5.001033e-01
5.001497e-01
5.001881e-01
5.002154e-01
5.002292e-01
5.002283e-01
5.002122e-01
5.001818e-01
5.001392e-01
5.000874e-01
5.000301e-01
4.999717e-01
4.999166e-01
4.998691e-01
4.998329e-01
4.998107e-01
4.998042e-01
4.998138e-01
4.998386e-01
4.998761e-01
4.999230e-01
4.999752e-01
5.000279e-01
5.000763e-01
5.001161e-01
5.001435e-01
5.001559e-01
5.001522e-01
5.001324e-01
5.000982e-01
5.000526e-01
4.999998e-01
4.999445e-01
4.998919e-01
4.998471e-01
4.998145e-01
4.997976e-01
4.997984e-01
4.998174e-01
4.998537e-01
4.999046e-01
4.999660e-01
5.000329e-01
5.000996e-01
5.001603e-01
5.002094e-01
5.002425e-01
5.002561e-01
5.002486e-01
5.002198e-01
