5.005086e-01
5.003201e-01
5.000992e-01
4.998627e-01
4.996285e-01
4.994152e-01
4.992397e-01
4.991163e-01
4.990556e-01
4.990634e-01
4.991404e-01
4.992816e-01
4.994777e-01
4.997145e-01
4.999751e-01
5.002405e-01
5.004913e-01
5.007090e-01
5.008776e-01
5.009849e-01
5.010230e-01
5.009891e-01
5.008858e-01
5.007204e-01
5.005052e-01
5.002555e-01
4.999892e-01
4.997253e-01
4.994822e-01
4.992769e-01
4.991234e-01
4.990318e-01
4.990079e-01
4.990525e-01
4.991617e-01
4.993272e-01
4.995369e-01
4.997756e-01
5.000268e-01
5.002730e-01
5.004975e-01
5.006854e-01
5.008245e-01
5.009062e-01
5.009259e-01
5.008834e-01
5.007827e-01
5.006316e-01
5.004415e-01
5.002261e-01
5.000007e-01
4.997811e-01
4.995825e-01
4.994185e-01
4.993002e-01
4.992356e-01
4.992287e-01
4.992797e-01
4.993847e-01
4.995360e-01
4.997228e-01
4.999316e-01
5.001475e-01
5.003549e-01
5.005388e-01
5.006857e-01
5.007845e-01
5.008275e-01
5.008107e-01
5.007345e-01
5.006033e-01
5.004257e-01
5.002135e-01
4.999812e-01
4.997450e-01
4.995217e-01
4.993273e-01
4.991762e-01
4.990798e-01
4.990457e-01
4.990773e-01
4.991733e-01
4.993277e-01
4.995304e-01
4.997674e-01
5.000223e-01
5.002770e-01
5.005134e-01
5.007143e-01
5.008650e-01
5.009544e-01
5.009754e-01
5.009262e-01
5.008100e-01
5.006349e-01
5.004133e-01
5.001612e-01
4.998971e-01
4.996401e-01
4.994095e-01
4.992223e-01
4.990926e-01
4.990304e-01
4.990409e-01
4.991240e-01
4.992741e-01
4.994810e-01
4.997303e-01
5.000044e-01
5.002840e-01
5.005493e-01
5.007814e-01
5.009640e-01
5.010841e-01
5.011331e-01
5.011075e-01
5.010087e-01
5.008432e-01
5.006220e-01
5.003598e-01
5.000737e-01
4.997821e-01
4.995035e-01
4.992554e-01
4.990525e-01
4.989066e-01
4.988253e-01
4.988121e-01
4.988660e-01
4.989818e-01
4.991507e-01
4.993611e-01
4.995994e-01
4.998511e-01
5.001014e-01
5.003368e-01
5.005453e-01
5.007172e-01
5.008457e-01
5.009270e-01
5.009600e-01
5.009465e-01
5.008907e-01
5.007984e-01
5.006769e-01
5.005341e-01
5.003779e-01
5.002162e-01
5.000558e-01
4.999027e-01
4.997619e-01
4.996369e-01
4.995304e-01
4.994441e-01
4.993789e-01
4.993352e-01
4.993131e-01
4.993122e-01
4.993325e-01
4.993733e-01
4.994341e-01
4.995140e-01
4.996118e-01
4.997255e-01
4.998527e-01
4.999898e-01
5.001327e-01
5.002763e-01
5.004149e-01
5.005421e-01
5.006517e-01
5.007375e-01
5.007939e-01
5.008166e-01
5.008025e-01
5.007503e-01
5.006610e-01
5.005374e-01
5.003846e-01
5.002095e-01
5.000208e-01
4.998281e-01
4.996417e-01
4.994719e-01
4.993282e-01
4.992189e-01
4.991504e-01
4.991266e-01
4.991488e-01
4.992157e-01
4.993230e-01
4.994640e-01
4.996301e-01
4.998111e-01
4.999958e-01
5.001731e-01
5.003327e-01
5.004654e-01
5.005640e-01
5.006239e-01
5.006430e-01
5.006223e-01
5.005652e-01
5.004776e-01
5.003673e-01
5.002433e-01
5.001154e-01
4.999930e-01
4.998848e-01
4.997981e-01
4.997380e-01
4.997076e-01
4.997072e-01
4.997351e-01
4.997872e-01
4.998576e-01
4.999395e-01
5.000250e-01
5.001067e-01
5.001776e-01
5.002320e-01
5.002656e-01
5.002764e-01
5.002639e-01
5.002300e-01
5.001779e-01
5.001124e-01
5.000390e-01
4.999635e-01
4.998917e-01
4.998286e-01
4.997780e-01
4.997425e-01
4.997231e-01
4.997196e-01
4.997299e-01
4.997514e-01
4.997806e-01
4.998135e-01
4.998465e-01
4.998766e-01
4.999015e-01
4.999199e-01
4.999318e-01
4.999382e-01
4.999411e-01
4.999432e-01
4.999474e-01
4.999564e-01
4.999727e-01
4.999978e-01
5.000323e-01
5.000754e-01
5.001254e-01
5.001791e-01
5.002329e-01
5.002822e-01
5.003228e-01
5.003504e-01
5.003615e-01
5.003540e-01
5.003267e-01
5.002803e-01
5.002167e-01
5.001393e-01
5.000527e-01
4.999623e-01
4.998735e-01
4.997920e-01
4.997227e-01
4.996696e-01
4.996356e-01
4.996219e-01
4.996285e-01
4.996537e-01
4.996950e-01
4.997486e-01
4.998103e-01
4.998759e-01
4.999414e-01
5.000032e-01
5.000586e-01
5.001059e-01
5.001445e-01
5.001745e-01
5.001968e-01
5.002128e-01
5.002241e-01
5.002321e-01
5.002379e-01
5.002418e-01
5.002437e-01
5.002426e-01
5.002369e-01
5.002248e-01
5.002041e-01
5.001730e-01
5.001304e-01
5.000758e-01
5.000098e-01
4.999346e-01
4.998532e-01
4.997699e-01
4.996898e-01
4.996184e-01
4.995614e-01
4.995237e-01
4.995094e-01
4.995211e-01
4.995597e-01
4.996241e-01
4.997114e-01
4.998165e-01
4.999333e-01
5.000544e-01
5.001718e-01
5.002778e-01
5.003657e-01
5.004297e-01
5.004660e-01
5.004732e-01
5.004518e-01
5.004046e-01
5.003363e-01
5.002532e-01
5.001626e-01
5.000718e-01
4.999881e-01
4.999176e-01
4.998650e-01
4.998332e-01
4.998227e-01
4.998323e-01
4.998587e-01
4.998970e-01
4.999415e-01
4.999859e-01
5.000243e-01
5.000514e-01
5.000634e-01
5.000582e-01
5.000357e-01
4.999978e-01
4.999479e-01
4.998913e-01
4.998339e-01
4.997821e-01
4.997419e-01
4.997187e-01
4.997160e-01
4.997360e-01
4.997786e-01
4.998415e-01
4.999207e-01
5.000103e-01
5.001038e-01
5.001935e-01
5.002724e-01
5.003339e-01
5.003729e-01
5.003860e-01
5.003719e-01
5.003314e-01
5.002676e-01
5.001853e-01
5.000907e-01
4.999911e-01
4.998939e-01
4.998062e-01
4.997343e-01
4.996829e-01
4.996553e-01
4.996524e-01
4.996734e-01
4.997154e-01
4.997743e-01
4.998445e-01
4.999199e-01
4.999943e-01
5.000620e-01
5.001181e-01
5.001589e-01
5.001824e-01
5.001882e-01
5.001774e-01
5.001525e-01
5.001172e-01
5.000759e-01
5.000333e-01
4.999940e-01
4.999619e-01
4.999401e-01
4.999306e-01
4.999339e-01
4.999493e-01
4.999750e-01
5.000080e-01
5.000447e-01
5.000811e-01
5.001132e-01
5.001375e-01
5.001511e-01
5.001522e-01
5.001399e-01
5.001147e-01
5.000782e-01
5.000332e-01
4.999829e-01
4.999314e-01
4.998826e-01
4.998405e-01
4.998084e-01
4.997889e-01
4.997835e-01
4.997926e-01
4.998153e-01
4.998498e-01
4.998932e-01
4.999419e-01
4.999919e-01
5.000393e-01
5.000803e-01
5.001118e-01
5.001315e-01
5.001382e-01
5.001319e-01
5.001139e-01
5.000864e-01
5.000525e-01
5.000160e-01
4.999810e-01
4.999514e-01
4.999306e-01
4.999212e-01
4.999247e-01
4.999413e-01
4.999697e-01
5.000076e-01
5.000511e-01
5.000958e-01
5.001365e-01
5.001683e-01
5.001864e-01
5.001872e-01
5.001681e-01
5.001285e-01
5.000693e-01
4.999934e-01
4.999056e-01
4.998119e-01
4.997196e-01
4.996364e-01
4.995698e-01
4.995266e-01
4.995123e-01
4.995303e-01
4.995817e-01
4.996651e-01
4.997764e-01
4.999091e-01
5.000548e-01
5.002034e-01
5.003445e-01
5.004673e-01
5.005625e-01
5.006222e-01
5.006411e-01
5.006169e-01
5.005505e-01
5.004462e-01
5.003112e-01
5.001553e-01
4.999901e-01
4.998282e-01
4.996819e-01
4.995625e-01
4.994794e-01
4.994388e-01
4.994439e-01
4.994937e-01
4.995839e-01
4.997066e-01
4.998510e-01
5.000048e-01
5.001543e-01
5.002865e-01
5.003896e-01
5.004544e-01
5.004747e-01
5.004485e-01
5.003777e-01
5.002681e-01
5.001293e-01
4.999734e-01
4.998145e-01
4.996670e-01
4.995449e-01
4.994600e-01
4.994212e-01
4.994335e-01
4.994978e-01
4.996100e-01
4.997622e-01
4.999425e-01
5.001363e-01
5.003275e-01
5.004998e-01
5.006379e-01
5.007290e-01
5.007640e-01
5.007380e-01
5.006512e-01
