5.015356e-01
5.009621e-01
5.002922e-01
4.995750e-01
4.988647e-01
4.982158e-01
4.976796e-01
4.972995e-01
4.971080e-01
4.971234e-01
4.973491e-01
4.977724e-01
4.983656e-01
4.990878e-01
4.998882e-01
5.007094e-01
5.014921e-01
5.021792e-01
5.027202e-01
5.030748e-01
5.032164e-01
5.031333e-01
5.028305e-01
5.023286e-01
5.016625e-01
5.008791e-01
5.000336e-01
4.991857e-01
4.983948e-01
4.977165e-01
4.971980e-01
4.968750e-01
4.967692e-01
4.968869e-01
4.972186e-01
4.977399e-01
4.984131e-01
4.991902e-01
5.000165e-01
5.008339e-01
5.015859e-01
5.022207e-01
5.026954e-01
5.029784e-01
5.030522e-01
5.029138e-01
5.025751e-01
5.020619e-01
5.014120e-01
5.006726e-01
4.998967e-01
4.991395e-01
4.984545e-01
4.978897e-01
4.974845e-01
4.972669e-01
4.972513e-01
4.974381e-01
4.978130e-01
4.983487e-01
4.990064e-01
4.997386e-01
5.004926e-01
5.012139e-01
5.018502e-01
5.023553e-01
5.026919e-01
5.028346e-01
5.027717e-01
5.025061e-01
5.020553e-01
5.014500e-01
5.007321e-01
4.999520e-01
4.991650e-01
4.984274e-01
4.977923e-01
4.973060e-01
4.970049e-01
4.969120e-01
4.970362e-01
4.973704e-01
4.978930e-01
4.985682e-01
4.993494e-01
5.001818e-01
5.010065e-01
5.017646e-01
5.024017e-01
5.028715e-01
5.031392e-01
5.031846e-01
5.030029e-01
5.026058e-01
5.020202e-01
5.012870e-01
5.004577e-01
4.995910e-01
4.987486e-01
4.979908e-01
4.973721e-01
4.969374e-01
4.967187e-01
4.967328e-01
4.969803e-01
4.974450e-01
4.980957e-01
4.988881e-01
4.997681e-01
5.006752e-01
5.015474e-01
5.023251e-01
5.029555e-01
5.033958e-01
5.036166e-01
5.036033e-01
5.033572e-01
5.028952e-01
5.022482e-01
5.014589e-01
5.005788e-01
4.996644e-01
4.987733e-01
4.979607e-01
4.972753e-01
4.967566e-01
4.964325e-01
4.963181e-01
4.964147e-01
4.967108e-01
4.971831e-01
4.977986e-01
4.985169e-01
4.992935e-01
5.000826e-01
5.008403e-01
5.015266e-01
5.021081e-01
5.025597e-01
5.028650e-01
5.030169e-01
5.030172e-01
5.028756e-01
5.026086e-01
5.022376e-01
5.017874e-01
5.012840e-01
5.007535e-01
5.002204e-01
4.997067e-01
4.992310e-01
4.988080e-01
4.984491e-01
4.981617e-01
4.979505e-01
4.978172e-01
4.977619e-01
4.977827e-01
4.978767e-01
4.980401e-01
4.982680e-01
4.985546e-01
4.988928e-01
4.992740e-01
4.996881e-01
5.001227e-01
5.005640e-01
5.009960e-01
5.014017e-01
5.017631e-01
5.020627e-01
5.022839e-01
5.024123e-01
5.024373e-01
5.023522e-01
5.021561e-01
5.018536e-01
5.014555e-01
5.009785e-01
5.004447e-01
4.998803e-01
4.993143e-01
4.987772e-01
4.982986e-01
4.979057e-01
4.976211e-01
4.974618e-01
4.974374e-01
4.975495e-01
4.977914e-01
4.981487e-01
4.985996e-01
4.991167e-01
4.996685e-01
5.002218e-01
5.007433e-01
5.012023e-01
5.015728e-01
5.018347e-01
5.019755e-01
5.019911e-01
5.018854e-01
5.016707e-01
5.013658e-01
5.009951e-01
5.005867e-01
5.001700e-01
4.997739e-01
4.994247e-01
4.991440e-01
4.989478e-01
4.988450e-01
4.988375e-01
4.989201e-01
4.990812e-01
4.993041e-01
4.995682e-01
4.998512e-01
5.001303e-01
5.003846e-01
5.005960e-01
5.007511e-01
5.008414e-01
5.008639e-01
5.008211e-01
5.007203e-01
5.005728e-01
5.003925e-01
5.001948e-01
4.999953e-01
4.998080e-01
4.996449e-01
4.995145e-01
4.994221e-01
4.993689e-01
4.993528e-01
4.993689e-01
4.994101e-01
4.994681e-01
4.995346e-01
4.996021e-01
4.996645e-01
4.997180e-01
4.997611e-01
4.997947e-01
4.998219e-01
4.998472e-01
4.998762e-01
4.999141e-01
4.999658e-01
5.000344e-01
5.001208e-01
5.002237e-01
5.003393e-01
5.004612e-01
5.005815e-01
5.006910e-01
5.007802e-01
5.008401e-01
5.008632e-01
5.008445e-01
5.007813e-01
5.006746e-01
5.005282e-01
5.003492e-01
5.001470e-01
4.999329e-01
4.997192e-01
4.995181e-01
4.993408e-01
4.991971e-01
4.990940e-01
4.990358e-01
4.990239e-01
4.990568e-01
4.991302e-01
4.992378e-01
4.993721e-01
4.995246e-01
4.996870e-01
4.998517e-01
5.000121e-01
5.001632e-01
5.003015e-01
5.004249e-01
5.005324e-01
5.006240e-01
5.006998e-01
5.007600e-01
5.008040e-01
5.008308e-01
5.008383e-01
5.008238e-01
5.007842e-01
5.007165e-01
5.006184e-01
5.004886e-01
5.003277e-01
5.001388e-01
4.999273e-01
4.997012e-01
4.994708e-01
4.992484e-01
4.990472e-01
4.988807e-01
4.987612e-01
4.986992e-01
4.987019e-01
4.987727e-01
4.989107e-01
4.991101e-01
4.993608e-01
4.996485e-01
4.999563e-01
5.002651e-01
5.005555e-01
5.008091e-01
5.010102e-01
5.011466e-01
5.012111e-01
5.012014e-01
5.011212e-01
5.009790e-01
5.007879e-01
5.005642e-01
5.003264e-01
5.000931e-01
4.998818e-01
4.997073e-01
4.995806e-01
4.995078e-01
4.994900e-01
4.995231e-01
4.995985e-01
4.997038e-01
4.998244e-01
4.999446e-01
5.000493e-01
5.001255e-01
5.001638e-01
5.001586e-01
5.001096e-01
5.000209e-01
4.999015e-01
4.997638e-01
4.996225e-01
4.994936e-01
4.993924e-01
4.993320e-01
4.993224e-01
4.993689e-01
4.994721e-01
4.996271e-01
4.998241e-01
5.000494e-01
5.002860e-01
5.005155e-01
5.007194e-01
5.008809e-01
5.009862e-01
5.010258e-01
5.009953e-01
5.008958e-01
5.007340e-01
5.005214e-01
5.002736e-01
5.000089e-01
4.997466e-01
4.995058e-01
4.993037e-01
4.991540e-01
4.990663e-01
4.990448e-01
4.990889e-01
4.991926e-01
4.993455e-01
4.995337e-01
4.997412e-01
4.999511e-01
5.001470e-01
5.003147e-01
5.004428e-01
5.005239e-01
5.005552e-01
5.005379e-01
5.004777e-01
5.003836e-01
5.002671e-01
5.001412e-01
5.000189e-01
4.999123e-01
4.998312e-01
4.997826e-01
4.997700e-01
4.997933e-01
4.998485e-01
4.999287e-01
5.000246e-01
5.001254e-01
5.002200e-01
5.002977e-01
5.003498e-01
5.003699e-01
5.003548e-01
5.003044e-01
5.002224e-01
5.001151e-01
4.999916e-01
4.998624e-01
4.997386e-01
4.996310e-01
4.995491e-01
4.995001e-01
4.994881e-01
4.995142e-01
4.995760e-01
4.996678e-01
4.997814e-01
4.999065e-01
5.000319e-01
5.001465e-01
5.002401e-01
5.003046e-01
5.003349e-01
5.003290e-01
5.002886e-01
5.002188e-01
5.001278e-01
5.000259e-01
4.999251e-01
4.998372e-01
4.997735e-01
4.997428e-01
4.997510e-01
4.998004e-01
4.998888e-01
5.000100e-01
5.001537e-01
5.003068e-01
5.004539e-01
5.005789e-01
5.006665e-01
5.007035e-01
5.006804e-01
5.005922e-01
5.004394e-01
5.002283e-01
4.999708e-01
4.996836e-01
4.993876e-01
4.991057e-01
4.988614e-01
4.986770e-01
4.985712e-01
4.985578e-01
4.986440e-01
4.988296e-01
4.991066e-01
4.994594e-01
4.998659e-01
5.002988e-01
5.007274e-01
5.011204e-01
5.014479e-01
5.016839e-01
5.018089e-01
5.018111e-01
5.016879e-01
5.014464e-01
5.011028e-01
5.006819e-01
5.002144e-01
4.997356e-01
4.992820e-01
4.988885e-01
4.985857e-01
4.983972e-01
4.983376e-01
4.984114e-01
4.986119e-01
4.989222e-01
4.993161e-01
4.997605e-01
5.002174e-01
5.006479e-01
5.010148e-01
5.012859e-01
5.014370e-01
5.014540e-01
5.013339e-01
5.010859e-01
5.007302e-01
5.002968e-01
4.998229e-01
4.993501e-01
4.989208e-01
4.985744e-01
4.983444e-01
4.982547e-01
4.983180e-01
4.985342e-01
4.988900e-01
4.993601e-01
4.999085e-01
5.004917e-01
5.010621e-01
5.015716e-01
5.019759e-01
5.022380e-01
5.023313e-01
5.022424e-01
5.019720e-01
