5.047033e-01
5.029143e-01
5.008333e-01
4.986107e-01
4.964121e-01
4.944050e-01
4.927463e-01
4.915697e-01
4.909756e-01
4.910223e-01
4.917212e-01
4.930352e-01
4.948807e-01
4.971335e-01
4.996369e-01
5.022137e-01
5.046786e-01
5.068524e-01
5.085751e-01
5.097178e-01
5.101924e-01
5.099585e-01
5.090263e-01
5.074562e-01
5.053551e-01
5.028682e-01
5.001692e-01
4.974478e-01
4.948956e-01
4.926925e-01
4.909939e-01
4.899194e-01
4.895442e-01
4.898940e-01
4.909434e-01
4.926175e-01
4.947973e-01
4.973286e-01
5.000324e-01
5.027183e-01
5.051979e-01
5.072979e-01
5.088730e-01
5.098154e-01
5.100625e-01
5.096011e-01
5.084682e-01
5.067478e-01
5.045655e-01
5.020788e-01
4.994663e-01
4.969149e-01
4.946063e-01
4.927042e-01
4.913430e-01
4.906179e-01
4.905787e-01
4.912262e-01
4.925124e-01
4.943435e-01
4.965871e-01
4.990812e-01
5.016457e-01
5.040954e-01
5.062531e-01
5.079623e-01
5.090983e-01
5.095771e-01
5.093615e-01
5.084639e-01
5.069452e-01
5.049115e-01
5.025058e-01
4.998988e-01
4.972763e-01
4.948263e-01
4.927254e-01
4.911263e-01
4.901465e-01
4.898603e-01
4.902929e-01
4.914183e-01
4.931613e-01
4.954022e-01
4.979851e-01
5.007287e-01
5.034393e-01
5.059243e-01
5.080062e-01
5.095353e-01
5.104000e-01
5.105355e-01
5.099280e-01
5.086160e-01
5.066878e-01
5.042757e-01
5.015464e-01
4.986898e-01
4.959052e-01
4.933876e-01
4.913137e-01
4.898296e-01
4.890405e-01
4.890040e-01
4.897254e-01
4.911581e-01
4.932065e-01
4.957333e-01
4.985683e-01
5.015211e-01
5.043937e-01
5.069946e-01
5.091517e-01
5.107236e-01
5.116091e-01
5.117533e-01
5.111506e-01
5.098443e-01
5.079228e-01
5.055134e-01
5.027728e-01
4.998762e-01
4.970057e-01
4.943378e-01
4.920320e-01
4.902212e-01
4.890039e-01
4.884389e-01
4.885433e-01
4.892929e-01
4.906253e-01
4.924456e-01
4.946336e-01
4.970524e-01
4.995580e-01
5.020080e-01
5.042706e-01
5.062320e-01
5.078018e-01
5.089170e-01
5.095436e-01
5.096763e-01
5.093367e-01
5.085695e-01
5.074379e-01
5.060186e-01
5.043961e-01
5.026572e-01
5.008865e-01
4.991624e-01
4.975534e-01
4.961168e-01
4.948973e-01
4.939271e-01
4.932263e-01
4.928043e-01
4.926614e-01
4.927897e-01
4.931752e-01
4.937985e-01
4.946354e-01
4.956577e-01
4.968331e-01
4.981254e-01
4.994940e-01
5.008943e-01
5.022785e-01
5.035956e-01
5.047934e-01
5.058203e-01
5.066273e-01
5.071711e-01
5.074168e-01
5.073409e-01
5.069332e-01
5.061998e-01
5.051634e-01
5.038638e-01
5.023569e-01
5.007128e-01
4.990121e-01
4.973422e-01
4.957920e-01
4.944464e-01
4.933816e-01
4.926590e-01
4.923221e-01
4.923920e-01
4.928665e-01
4.937191e-01
4.949004e-01
4.963410e-01
4.979555e-01
4.996477e-01
5.013171e-01
5.028654e-01
5.042026e-01
5.052532e-01
5.059607e-01
5.062915e-01
5.062368e-01
5.058125e-01
5.050582e-01
5.040337e-01
5.028147e-01
5.014873e-01
5.001418e-01
4.988664e-01
4.977413e-01
4.968332e-01
4.961913e-01
4.958446e-01
4.958004e-01
4.960450e-01
4.965453e-01
4.972523e-01
4.981052e-01
4.990365e-01
4.999769e-01
5.008608e-01
5.016307e-01
5.022408e-01
5.026599e-01
5.028724e-01
5.028788e-01
5.026939e-01
5.023454e-01
5.018700e-01
5.013106e-01
5.007118e-01
5.001167e-01
4.995637e-01
4.990836e-01
4.986982e-01
4.984194e-01
4.982496e-01
4.981824e-01
4.982043e-01
4.982974e-01
4.984411e-01
4.986150e-01
4.988011e-01
4.989849e-01
4.991572e-01
4.993141e-01
4.994568e-01
4.995908e-01
4.997244e-01
4.998674e-01
5.000288e-01
5.002155e-01
5.004306e-01
5.006729e-01
5.009360e-01
5.012084e-01
5.014748e-01
5.017169e-01
5.019151e-01
5.020504e-01
5.021062e-01
5.020700e-01
5.019349e-01
5.017001e-01
5.013721e-01
5.009634e-01
5.004928e-01
4.999833e-01
4.994609e-01
4.989525e-01
4.984846e-01
4.980807e-01
4.977603e-01
4.975378e-01
4.974217e-01
4.974147e-01
4.975136e-01
4.977102e-01
4.979925e-01
4.983457e-01
4.987534e-01
4.991985e-01
4.996646e-01
5.001364e-01
5.005999e-01
5.010428e-01
5.014541e-01
5.018237e-01
5.021423e-01
5.024006e-01
5.025897e-01
5.027004e-01
5.027243e-01
5.026537e-01
5.024830e-01
5.022091e-01
5.018333e-01
5.013616e-01
5.008056e-01
5.001832e-01
4.995181e-01
4.988393e-01
4.981801e-01
4.975759e-01
4.970620e-01
4.966718e-01
4.964332e-01
4.963670e-01
4.964843e-01
4.967855e-01
4.972589e-01
4.978816e-01
4.986200e-01
4.994319e-01
5.002693e-01
5.010814e-01
5.018188e-01
5.024365e-01
5.028976e-01
5.031761e-01
5.032591e-01
5.031473e-01
5.028556e-01
5.024114e-01
5.018526e-01
5.012246e-01
5.005761e-01
4.999559e-01
4.994083e-01
4.989698e-01
4.986664e-01
4.985112e-01
4.985039e-01
4.986313e-01
4.988684e-01
4.991813e-01
4.995304e-01
4.998741e-01
5.001728e-01
5.003928e-01
5.005090e-01
5.005080e-01
5.003887e-01
5.001626e-01
4.998528e-01
4.994920e-01
4.991190e-01
4.987755e-01
4.985016e-01
4.983324e-01
4.982945e-01
4.984029e-01
4.986597e-01
4.990535e-01
4.995599e-01
5.001434e-01
5.007607e-01
5.013635e-01
5.019033e-01
5.023353e-01
5.026220e-01
5.027371e-01
5.026673e-01
5.024137e-01
5.019919e-01
5.014310e-01
5.007709e-01
5.000592e-01
4.993477e-01
4.986876e-01
4.981259e-01
4.977014e-01
4.974419e-01
4.973617e-01
4.974615e-01
4.977277e-01
4.981346e-01
4.986460e-01
4.992193e-01
4.998085e-01
5.003681e-01
5.008574e-01
5.012430e-01
5.015017e-01
5.016219e-01
5.016042e-01
5.014609e-01
5.012142e-01
5.008941e-01
5.005355e-01
5.001744e-01
4.998453e-01
4.995774e-01
4.993930e-01
4.993048e-01
4.993157e-01
4.994188e-01
4.995980e-01
4.998303e-01
5.000880e-01
5.003414e-01
5.005620e-01
5.007250e-01
5.008120e-01
5.008123e-01
5.007242e-01
5.005548e-01
5.003198e-01
5.000410e-01
4.997450e-01
4.994602e-01
4.992139e-01
4.990300e-01
4.989261e-01
4.989122e-01
4.989896e-01
4.991506e-01
4.993790e-01
4.996522e-01
4.999426e-01
5.002211e-01
5.004592e-01
5.006326e-01
5.007233e-01
5.007216e-01
5.006274e-01
5.004506e-01
5.002104e-01
4.999334e-01
4.996518e-01
4.993997e-01
4.992103e-01
4.991122e-01
4.991263e-01
4.992634e-01
4.995222e-01
4.998890e-01
5.003378e-01
5.008323e-01
5.013283e-01
5.017775e-01
5.021318e-01
5.023471e-01
5.023884e-01
5.022332e-01
5.018742e-01
5.013212e-01
5.006016e-01
4.997587e-01
4.988495e-01
4.979406e-01
4.971031e-01
4.964073e-01
4.959163e-01
4.956809e-01
4.957349e-01
4.960908e-01
4.967387e-01
4.976451e-01
4.987552e-01
4.999961e-01
5.012818e-01
5.025195e-01
5.036169e-01
5.044892e-01
5.050664e-01
5.052990e-01
5.051627e-01
5.046610e-01
5.038254e-01
5.027142e-01
5.014078e-01
5.000032e-01
4.986069e-01
4.973260e-01
4.962598e-01
4.954920e-01
4.950833e-01
4.950665e-01
4.954429e-01
4.961822e-01
4.972243e-01
4.984835e-01
4.998558e-01
5.012264e-01
5.024796e-01
5.035083e-01
5.042229e-01
5.045591e-01
5.044835e-01
5.039974e-01
5.031368e-01
5.019702e-01
5.005935e-01
4.991227e-01
4.976839e-01
4.964038e-01
4.953985e-01
4.947636e-01
4.945662e-01
4.948381e-01
4.955728e-01
4.967247e-01
4.982122e-01
4.999236e-01
5.017252e-01
5.034718e-01
5.050184e-01
5.062320e-01
5.070024e-01
5.072516e-01
5.069410e-01
5.060754e-01
