5.145195e-01
5.088434e-01
5.022780e-01
4.952952e-01
4.884116e-01
4.821491e-01
4.769939e-01
4.733592e-01
4.715530e-01
4.717543e-01
4.739980e-01
4.781696e-01
4.840100e-01
4.911311e-01
4.990421e-01
5.071841e-01
5.149725e-01
5.218407e-01
5.272834e-01
5.308935e-01
5.323919e-01
5.316469e-01
5.286844e-01
5.236883e-01
5.169897e-01
5.090459e-01
5.004094e-01
4.916879e-01
4.834988e-01
4.764232e-01
4.709629e-01
4.675048e-01
4.662950e-01
4.674224e-01
4.708130e-01
4.762341e-01
4.833087e-01
4.915404e-01
5.003474e-01
5.091058e-01
5.171951e-01
5.240447e-01
5.291752e-01
5.322316e-01
5.330061e-01
5.314514e-01
5.276832e-01
5.219726e-01
5.147288e-01
5.064716e-01
4.977942e-01
4.893205e-01
4.816579e-01
4.753529e-01
4.708520e-01
4.684711e-01
4.683746e-01
4.705659e-01
4.748867e-01
4.810276e-01
4.885474e-01
4.969044e-01
5.054941e-01
5.136945e-01
5.209120e-01
5.266251e-01
5.304213e-01
5.320253e-01
5.313167e-01
5.283380e-01
5.232927e-01
5.165323e-01
5.085337e-01
4.998666e-01
4.911521e-01
4.830171e-01
4.760476e-01
4.707462e-01
4.674969e-01
4.665393e-01
4.679533e-01
4.716533e-01
4.773930e-01
4.847800e-01
4.933012e-01
5.023585e-01
5.113117e-01
5.195259e-01
5.264182e-01
5.314995e-01
5.344075e-01
5.349305e-01
5.330204e-01
5.287960e-01
5.225362e-01
5.146631e-01
5.057148e-01
4.963081e-01
4.870941e-01
4.787102e-01
4.717346e-01
4.666456e-01
4.637906e-01
4.633654e-01
4.654032e-01
4.697734e-01
4.761898e-01
4.842283e-01
4.933547e-01
5.029607e-01
5.124079e-01
5.210729e-01
5.283921e-01
5.338986e-01
5.372509e-01
5.382514e-01
5.368545e-01
5.331665e-01
5.274370e-01
5.200425e-01
5.114614e-01
5.022421e-01
4.929653e-01
4.842033e-01
4.764818e-01
4.702452e-01
4.658322e-01
4.634587e-01
4.632113e-01
4.650480e-01
4.688061e-01
4.742163e-01
4.809213e-01
4.885007e-01
4.964983e-01
5.044520e-01
5.119234e-01
5.185241e-01
5.239366e-01
5.279287e-01
5.303606e-01
5.311852e-01
5.304433e-01
5.282536e-01
5.248008e-01
5.203202e-01
5.150818e-01
5.093736e-01
5.034848e-01
4.976918e-01
4.922446e-01
4.873576e-01
4.832032e-01
4.799094e-01
4.775593e-01
4.761943e-01
4.758176e-01
4.763996e-01
4.778823e-01
4.801839e-01
4.832024e-01
4.868188e-01
4.908996e-01
4.952990e-01
4.998612e-01
5.044233e-01
5.088183e-01
5.128796e-01
5.164454e-01
5.193653e-01
5.215059e-01
5.227577e-01
5.230420e-01
5.223176e-01
5.205855e-01
5.178936e-01
5.143386e-01
5.100647e-01
5.052600e-01
5.001492e-01
4.949828e-01
4.900239e-01
4.855334e-01
4.817543e-01
4.788962e-01
4.771227e-01
4.765394e-01
4.771868e-01
4.790358e-01
4.819875e-01
4.858776e-01
4.904847e-01
4.955431e-01
5.007589e-01
5.058284e-01
5.104580e-01
5.143830e-01
5.173849e-01
5.193045e-01
5.200520e-01
5.196114e-01
5.180407e-01
5.154674e-01
5.120789e-01
5.081098e-01
5.038255e-01
4.995039e-01
4.954169e-01
4.918117e-01
4.888951e-01
4.868212e-01
4.856825e-01
4.855065e-01
4.862566e-01
4.878369e-01
4.901017e-01
4.928674e-01
4.959269e-01
4.990648e-01
5.020730e-01
5.047648e-01
5.069862e-01
5.086253e-01
5.096166e-01
5.099431e-01
5.096334e-01
5.087566e-01
5.074143e-01
5.057303e-01
5.038404e-01
5.018810e-01
4.999797e-01
4.982463e-01
4.967669e-01
4.955998e-01
4.947748e-01
4.942938e-01
4.941350e-01
4.942572e-01
4.946069e-01
4.951240e-01
4.957488e-01
4.964269e-01
4.971142e-01
4.977788e-01
4.984025e-01
4.989800e-01
4.995170e-01
5.000266e-01
5.005258e-01
5.010313e-01
5.015558e-01
5.021048e-01
5.026746e-01
5.032514e-01
5.038116e-01
5.043239e-01
5.047512e-01
5.050549e-01
5.051981e-01
5.051497e-01
5.048876e-01
5.044016e-01
5.036950e-01
5.027853e-01
5.017036e-01
5.004930e-01
4.992060e-01
4.979013e-01
4.966398e-01
4.954816e-01
4.944817e-01
4.936874e-01
4.931363e-01
4.928539e-01
4.928539e-01
4.931373e-01
4.936938e-01
4.945026e-01
4.955341e-01
4.967512e-01
4.981114e-01
4.995677e-01
5.010703e-01
5.025673e-01
5.040062e-01
5.053343e-01
5.065003e-01
5.074549e-01
5.081528e-01
5.085544e-01
5.086276e-01
5.083509e-01
5.077150e-01
5.067256e-01
5.054049e-01
5.037930e-01
5.019478e-01
4.999438e-01
4.978700e-01
4.958258e-01
4.939163e-01
4.922458e-01
4.909121e-01
4.899988e-01
4.895698e-01
4.896633e-01
4.902881e-01
4.914213e-01
4.930079e-01
4.949636e-01
4.971787e-01
4.995249e-01
5.018636e-01
5.040553e-01
5.059689e-01
5.074916e-01
5.085369e-01
5.090508e-01
5.090159e-01
5.084529e-01
5.074188e-01
5.060026e-01
5.043180e-01
5.024954e-01
5.006706e-01
4.989750e-01
4.975247e-01
4.964119e-01
4.956978e-01
4.954082e-01
4.955324e-01
4.960249e-01
4.968098e-01
4.977885e-01
4.988489e-01
4.998753e-01
5.007592e-01
5.014094e-01
5.017597e-01
5.017751e-01
5.014550e-01
5.008332e-01
4.999743e-01
4.989686e-01
4.979229e-01
4.969511e-01
4.961636e-01
4.956567e-01
4.955035e-01
4.957466e-01
4.963936e-01
4.974156e-01
4.987490e-01
5.002999e-01
5.019520e-01
5.035762e-01
5.050412e-01
5.062248e-01
5.070243e-01
5.073655e-01
5.072090e-01
5.065541e-01
5.054393e-01
5.039392e-01
5.021589e-01
5.002257e-01
4.982788e-01
4.964579e-01
4.948927e-01
4.936920e-01
4.929356e-01
4.926683e-01
4.928970e-01
4.935908e-01
4.946840e-01
4.960825e-01
4.976718e-01
4.993268e-01
5.009221e-01
5.023424e-01
5.034913e-01
5.042987e-01
5.047251e-01
5.047645e-01
5.044425e-01
5.038133e-01
5.029536e-01
5.019553e-01
5.009160e-01
4.999310e-01
4.990843e-01
4.984418e-01
4.980462e-01
4.979142e-01
4.980360e-01
4.983777e-01
4.988853e-01
4.994912e-01
5.001214e-01
5.007026e-01
5.011700e-01
5.014738e-01
5.015830e-01
5.014890e-01
5.012055e-01
5.007666e-01
5.002231e-01
4.996368e-01
4.990738e-01
4.985972e-01
4.982608e-01
4.981027e-01
4.981414e-01
4.983734e-01
4.987734e-01
4.992964e-01
4.998824e-01
5.004622e-01
5.009652e-01
5.013265e-01
5.014947e-01
5.014378e-01
5.011478e-01
5.006433e-01
4.999682e-01
4.991897e-01
4.983920e-01
4.976689e-01
4.971152e-01
4.968163e-01
4.968397e-01
4.972262e-01
4.979839e-01
4.990852e-01
5.004659e-01
5.020288e-01
5.036501e-01
5.051886e-01
5.064971e-01
5.074357e-01
5.078841e-01
5.077542e-01
5.069999e-01
5.056238e-01
5.036809e-01
5.012772e-01
4.985640e-01
4.957286e-01
4.929806e-01
4.905359e-01
4.885999e-01
4.873497e-01
4.869190e-01
4.873849e-01
4.887590e-01
4.909837e-01
4.939330e-01
4.974202e-01
5.012093e-01
5.050322e-01
5.086089e-01
5.116689e-01
5.139728e-01
5.153324e-01
5.156264e-01
5.148119e-01
5.129297e-01
5.101038e-01
5.065332e-01
5.024790e-01
4.982446e-01
4.941525e-01
4.905190e-01
4.876287e-01
4.857112e-01
4.849218e-01
4.853281e-01
4.869028e-01
4.895248e-01
4.929865e-01
4.970096e-01
5.012660e-01
5.054042e-01
5.090774e-01
5.119729e-01
5.138375e-01
5.144999e-01
5.138858e-01
5.120259e-01
5.090555e-01
5.052055e-01
5.007858e-01
4.961613e-01
4.917227e-01
4.878546e-01
4.849037e-01
4.831492e-01
4.827790e-01
4.838720e-01
4.863890e-01
4.901731e-01
4.949587e-01
5.003899e-01
5.060472e-01
5.114800e-01
5.162424e-01
5.199289e-01
5.222080e-01
5.228492e-01
5.217435e-01
5.189142e-01
