5.440079e-01
5.260006e-01
5.053374e-01
4.835319e-01
4.622337e-01
4.430742e-01
4.275219e-01
4.167726e-01
4.116825e-01
4.127343e-01
4.200165e-01
4.332027e-01
4.515351e-01
4.738314e-01
4.985402e-01
5.238607e-01
5.479125e-01
5.689205e-01
5.853693e-01
5.961018e-01
6.003593e-01
5.977913e-01
5.884605e-01
5.728592e-01
5.519286e-01
5.270504e-01
4.999781e-01
4.726939e-01
4.472122e-01
4.253759e-01
4.086996e-01
3.982846e-01
3.947964e-01
3.984722e-01
4.091255e-01
4.261319e-01
4.484129e-01
4.744517e-01
5.023753e-01
5.301153e-01
5.556177e-01
5.770488e-01
5.929454e-01
6.022864e-01
6.045041e-01
5.994704e-01
5.874915e-01
5.693195e-01
5.461613e-01
5.196477e-01
4.917308e-01
4.645078e-01
4.400067e-01
4.199894e-01
4.058206e-01
3.984110e-01
3.982146e-01
4.052413e-01
4.190568e-01
4.387706e-01
4.630369e-01
4.901067e-01
5.179562e-01
5.444799e-01
5.677061e-01
5.859757e-01
5.980504e-01
6.031484e-01
6.009391e-01
5.915350e-01
5.754992e-01
5.538604e-01
5.281035e-01
5.000946e-01
4.719287e-01
4.457186e-01
4.233815e-01
4.064768e-01
3.961239e-01
3.929864e-01
3.972852e-01
4.088037e-01
4.268718e-01
4.503469e-01
4.776296e-01
5.067555e-01
5.355681e-01
5.619436e-01
5.840042e-01
6.002647e-01
6.096944e-01
6.117156e-01
6.061813e-01
5.933709e-01
5.740110e-01
5.493004e-01
5.208924e-01
4.907977e-01
4.612002e-01
4.342247e-01
4.117234e-01
3.951362e-01
3.854423e-01
3.831762e-01
3.884618e-01
4.010241e-01
4.201698e-01
4.447585e-01
4.732084e-01
5.035798e-01
5.337462e-01
5.616201e-01
5.853684e-01
6.035586e-01
6.152115e-01
6.197821e-01
6.171117e-01
6.073958e-01
5.911845e-01
5.694056e-01
5.433756e-01
5.147569e-01
4.854391e-01
4.573558e-01
4.322834e-01
4.116788e-01
3.965934e-01
3.876648e-01
3.851573e-01
3.890150e-01
3.988952e-01
4.141786e-01
4.339646e-01
4.570807e-01
4.821295e-01
5.075846e-01
5.319246e-01
5.537738e-01
5.720145e-01
5.858473e-01
5.947991e-01
5.986928e-01
5.976017e-01
5.918088e-01
5.817780e-01
5.681369e-01
5.516606e-01
5.332461e-01
5.138689e-01
4.945232e-01
4.761528e-01
4.595872e-01
4.454944e-01
4.343587e-01
4.264823e-01
4.220034e-01
4.209229e-01
4.231301e-01
4.284213e-01
4.365113e-01
4.470374e-01
4.595626e-01
4.735793e-01
4.885209e-01
5.037805e-01
5.187367e-01
5.327825e-01
5.453535e-01
5.559503e-01
5.641539e-01
5.696346e-01
5.721568e-01
5.715833e-01
5.678825e-01
5.611393e-01
5.515688e-01
5.395273e-01
5.255157e-01
5.101686e-01
4.942276e-01
4.784968e-01
4.637894e-01
4.508727e-01
4.404194e-01
4.329715e-01
4.289175e-01
4.284781e-01
4.316980e-01
4.384387e-01
4.483743e-01
4.609927e-01
4.756095e-01
4.914006e-01
5.074529e-01
5.228300e-01
5.366431e-01
5.481150e-01
5.566295e-01
5.617619e-01
5.632935e-01
5.612143e-01
5.557182e-01
5.471926e-01
5.362009e-01
5.234534e-01
5.097652e-01
4.960008e-01
4.830107e-01
4.715691e-01
4.623202e-01
4.557395e-01
4.521123e-01
4.515278e-01
4.538845e-01
4.589058e-01
4.661624e-01
4.751024e-01
4.850896e-01
4.954476e-01
5.055083e-01
5.146587e-01
5.223819e-01
5.282876e-01
5.321301e-01
5.338141e-01
5.333885e-01
5.310324e-01
5.270334e-01
5.217610e-01
5.156361e-01
5.090994e-01
5.025791e-01
4.964627e-01
4.910723e-01
4.866488e-01
4.833430e-01
4.812146e-01
4.802393e-01
4.803212e-01
4.813091e-01
4.830156e-01
4.852364e-01
4.877692e-01
4.904291e-01
4.930613e-01
4.955492e-01
4.978176e-01
4.998321e-01
5.015934e-01
5.031297e-01
5.044861e-01
5.057142e-01
5.068613e-01
5.079618e-01
5.090303e-01
5.100582e-01
5.110130e-01
5.118410e-01
5.124722e-01
5.128277e-01
5.128278e-01
5.124013e-01
5.114934e-01
5.100733e-01
5.081391e-01
5.057212e-01
5.028828e-01
4.997179e-01
4.963470e-01
4.929111e-01
4.895636e-01
4.864628e-01
4.837624e-01
4.816039e-01
4.801093e-01
4.793751e-01
4.794672e-01
4.804179e-01
4.822233e-01
4.848429e-01
4.881998e-01
4.921825e-01
4.966478e-01
5.014254e-01
5.063234e-01
5.111355e-01
5.156488e-01
5.196526e-01
5.229474e-01
5.253545e-01
5.267249e-01
5.269485e-01
5.259616e-01
5.237543e-01
5.203756e-01
5.159361e-01
5.106080e-01
5.046201e-01
4.982497e-01
4.918097e-01
4.856318e-01
4.800473e-01
4.753679e-01
4.718650e-01
4.697530e-01
4.691736e-01
4.701849e-01
4.727546e-01
4.767578e-01
4.819809e-01
4.881315e-01
4.948547e-01
5.017546e-01
5.084213e-01
5.144584e-01
5.195110e-01
5.232905e-01
5.255943e-01
5.263194e-01
5.254689e-01
5.231509e-01
5.195713e-01
5.150182e-01
5.098413e-01
5.044252e-01
4.991602e-01
4.944125e-01
4.904958e-01
4.876478e-01
4.860129e-01
4.856334e-01
4.864483e-01
4.883005e-01
4.909522e-01
4.941061e-01
4.974325e-01
5.005976e-01
5.032935e-01
5.052646e-01
5.063299e-01
5.063985e-01
5.054768e-01
5.036678e-01
5.011612e-01
4.982164e-01
4.951390e-01
4.922529e-01
4.898709e-01
4.882664e-01
4.876474e-01
4.881377e-01
4.897639e-01
4.924512e-01
4.960279e-01
5.002387e-01
5.047646e-01
5.092494e-01
5.133299e-01
5.166661e-01
5.189701e-01
5.200305e-01
5.197299e-01
5.180559e-01
5.151027e-01
5.110647e-01
5.062221e-01
5.009188e-01
4.955348e-01
4.904563e-01
4.860442e-01
4.826060e-01
4.803719e-01
4.794786e-01
4.799605e-01
4.817484e-01
4.846776e-01
4.885026e-01
4.929173e-01
4.975818e-01
5.021494e-01
5.062949e-01
5.097401e-01
5.122744e-01
5.137686e-01
5.141820e-01
5.135612e-01
5.120321e-01
5.097852e-01
5.070568e-01
5.041060e-01
5.011918e-01
4.985502e-01
4.963749e-01
4.948028e-01
4.939052e-01
4.936857e-01
4.940842e-01
4.949872e-01
4.962421e-01
4.976750e-01
4.991100e-01
5.003868e-01
5.013773e-01
5.019971e-01
5.022123e-01
5.020410e-01
5.015484e-01
5.008376e-01
5.000356e-01
4.992775e-01
4.986895e-01
4.983728e-01
4.983908e-01
4.987596e-01
4.994452e-01
5.003649e-01
5.013958e-01
5.023872e-01
5.031777e-01
5.036144e-01
5.035714e-01
5.029679e-01
5.017814e-01
5.000563e-01
4.979056e-01
4.955052e-01
4.930819e-01
4.908943e-01
4.892095e-01
4.882768e-01
4.883012e-01
4.894190e-01
4.916781e-01
4.950244e-01
4.992975e-01
5.042356e-01
5.094902e-01
5.146505e-01
5.192743e-01
5.229252e-01
5.252095e-01
5.258133e-01
5.245342e-01
5.213063e-01
5.162162e-01
5.095073e-01
5.015714e-01
4.929261e-01
4.841795e-01
4.759838e-01
4.689846e-01
4.637684e-01
4.608149e-01
4.604564e-01
4.628471e-01
4.679426e-01
4.754920e-01
4.850448e-01
4.959754e-01
5.075248e-01
5.188578e-01
5.291306e-01
5.375595e-01
5.434833e-01
5.464146e-01
5.460780e-01
5.424331e-01
5.356855e-01
5.262815e-01
5.148855e-01
5.023365e-01
4.895850e-01
4.776158e-01
4.673640e-01
4.596383e-01
4.550555e-01
4.539945e-01
4.565664e-01
4.626020e-01
4.716565e-01
4.830332e-01
4.958298e-01
5.090076e-01
5.214781e-01
5.321965e-01
5.402511e-01
5.449380e-01
5.458158e-01
5.427416e-01
5.358874e-01
5.257379e-01
5.130650e-01
4.988767e-01
4.843378e-01
4.706714e-01
4.590521e-01
4.505061e-01
4.458292e-01
4.455277e-01
4.497774e-01
4.584020e-01
4.708688e-01
4.863090e-01
5.035722e-01
5.213142e-01
5.381142e-01
5.526004e-01
5.635657e-01
5.700568e-01
5.714360e-01
5.674211e-01
5.581122e-01
