6.096452e-01
5.584532e-01
5.007535e-01
4.415222e-01
3.859858e-01
3.386384e-01
3.026511e-01
2.798767e-01
2.712632e-01
2.773107e-01
2.982647e-01
3.339078e-01
3.830097e-01
4.427300e-01
5.084361e-01
5.742890e-01
6.344558e-01
6.843073e-01
7.209605e-01
7.430443e-01
7.500480e-01
7.417348e-01
7.179376e-01
6.788513e-01
6.257226e-01
5.615831e-01
4.914764e-01
4.217636e-01
3.587025e-01
3.070959e-01
2.697482e-01
2.478165e-01
2.415904e-01
2.511511e-01
2.765774e-01
3.176063e-01
3.728740e-01
4.391333e-01
5.110449e-01
5.819656e-01
6.454760e-01
6.967676e-01
7.331335e-01
7.535323e-01
7.577593e-01
7.457966e-01
7.176659e-01
6.738461e-01
6.160773e-01
5.480929e-01
4.756591e-01
4.055922e-01
3.441654e-01
2.958445e-01
2.630015e-01
2.464836e-01
2.464456e-01
2.628991e-01
2.957122e-01
3.440557e-01
4.055646e-01
4.757596e-01
5.483302e-01
6.164043e-01
6.741519e-01
7.177748e-01
7.454648e-01
7.566677e-01
7.512864e-01
7.292906e-01
6.909158e-01
6.373714e-01
5.716898e-01
4.990914e-01
4.263378e-01
3.602062e-01
3.059527e-01
2.666477e-01
2.435336e-01
2.368893e-01
2.467720e-01
2.732581e-01
3.160747e-01
3.737679e-01
4.428500e-01
5.176026e-01
5.909887e-01
6.563453e-01
7.088517e-01
7.459639e-01
7.668501e-01
7.714453e-01
7.597315e-01
7.315647e-01
6.871179e-01
6.277794e-01
5.570491e-01
4.807318e-01
4.059655e-01
3.394459e-01
2.859160e-01
2.477471e-01
2.255560e-01
2.192067e-01
2.285904e-01
2.538733e-01
2.951411e-01
3.515485e-01
4.203370e-01
4.963752e-01
5.728134e-01
6.427419e-01
7.009015e-01
7.444487e-01
7.725785e-01
7.855516e-01
7.837779e-01
7.673288e-01
7.359889e-01
6.898222e-01
6.300801e-01
5.600299e-01
4.850860e-01
4.118627e-01
3.465120e-01
2.933174e-01
2.542829e-01
2.296708e-01
2.189269e-01
2.214619e-01
2.370390e-01
2.657175e-01
3.073960e-01
3.610904e-01
4.242460e-01
4.925335e-01
5.604521e-01
6.225745e-01
6.747745e-01
7.147971e-01
7.420429e-01
7.569045e-01
7.600818e-01
7.521364e-01
7.333608e-01
7.039424e-01
6.643558e-01
6.158475e-01
5.607953e-01
5.026933e-01
4.456499e-01
3.935743e-01
3.494367e-01
3.149342e-01
2.906159e-01
2.762888e-01
2.714614e-01
2.756661e-01
2.885958e-01
3.100545e-01
3.397550e-01
3.770263e-01
4.205380e-01
4.681765e-01
5.171831e-01
5.645504e-01
6.075299e-01
6.440359e-01
6.727965e-01
6.932481e-01
7.052783e-01
7.089531e-01
7.043247e-01
6.913723e-01
6.700862e-01
6.406763e-01
6.038488e-01
5.610428e-01
5.144997e-01
4.670700e-01
4.217897e-01
3.813850e-01
3.479132e-01
3.226587e-01
3.062622e-01
2.989639e-01
3.008279e-01
3.118540e-01
3.319387e-01
3.606940e-01
3.971893e-01
4.397318e-01
4.858263e-01
5.324040e-01
5.762770e-01
6.146417e-01
6.454237e-01
6.673599e-01
6.798617e-01
6.827897e-01
6.762716e-01
6.606434e-01
6.365244e-01
6.049795e-01
5.676728e-01
5.268982e-01
4.854124e-01
4.460884e-01
4.115123e-01
3.836750e-01
3.638533e-01
3.526663e-01
3.502190e-01
3.562376e-01
3.701344e-01
3.909967e-01
4.175369e-01
4.480683e-01
4.805652e-01
5.128276e-01
5.427203e-01
5.684109e-01
5.885367e-01
6.022647e-01
6.092625e-01
6.096208e-01
6.037748e-01
5.924458e-01
5.766028e-01
5.574273e-01
5.362592e-01
5.145124e-01
4.935635e-01
4.746357e-01
4.587012e-01
4.464215e-01
4.381323e-01
4.338647e-01
4.333896e-01
4.362726e-01
4.419310e-01
4.496897e-01
4.588356e-01
4.686686e-01
4.785500e-01
4.879424e-01
4.964390e-01
5.037790e-01
5.098470e-01
5.146596e-01
5.183398e-01
5.210844e-01
5.231272e-01
5.247039e-01
5.260198e-01
5.272242e-01
5.283936e-01
5.295239e-01
5.305320e-01
5.312670e-01
5.315274e-01
5.310850e-01
5.297108e-01
5.272029e-01
5.234120e-01
5.182643e-01
5.117784e-01
5.040755e-01
4.953804e-01
4.860146e-01
4.763801e-01
4.669360e-01
4.581714e-01
4.505762e-01
4.446135e-01
4.406951e-01
4.391598e-01
4.402548e-01
4.441176e-01
4.507596e-01
4.600506e-01
4.717090e-01
4.853000e-01
5.002479e-01
5.158627e-01
5.313815e-01
5.460170e-01
5.590073e-01
5.696595e-01
5.773812e-01
5.817027e-01
5.822920e-01
5.789691e-01
5.717240e-01
5.607385e-01
5.464066e-01
5.293439e-01
5.103749e-01
4.904926e-01
4.707884e-01
4.523666e-01
4.362583e-01
4.233504e-01
4.143407e-01
4.097145e-01
4.097371e-01
4.144479e-01
4.236511e-01
4.369035e-01
4.535080e-01
4.725271e-01
4.928284e-01
5.131645e-01
5.322775e-01
5.490079e-01
5.623868e-01
5.716983e-01
5.765096e-01
5.766772e-01
5.723409e-01
5.639110e-01
5.520506e-01
5.376447e-01
5.217497e-01
5.055189e-01
4.901096e-01
4.765842e-01
4.658220e-01
4.584521e-01
4.548143e-01
4.549465e-01
4.585935e-01
4.652338e-01
4.741237e-01
4.843571e-01
4.949421e-01
5.048859e-01
5.132824e-01
5.193914e-01
5.226999e-01
5.229628e-01
5.202196e-01
5.147885e-01
5.072376e-01
4.983351e-01
4.889804e-01
4.801226e-01
4.726742e-01
4.674292e-01
4.649936e-01
4.657339e-01
4.697434e-01
4.768311e-01
4.865301e-01
4.981309e-01
5.107378e-01
5.233458e-01
5.349294e-01
5.445323e-01
5.513465e-01
5.547738e-01
5.544677e-01
5.503579e-01
5.426577e-01
5.318561e-01
5.186889e-01
5.040873e-01
4.891035e-01
4.748200e-01
4.622554e-01
4.522796e-01
4.455506e-01
4.424742e-01
4.431877e-01
4.475594e-01
4.552041e-01
4.655110e-01
4.776876e-01
4.908207e-01
5.039505e-01
5.161519e-01
5.266114e-01
5.346899e-01
5.399645e-01
5.422473e-01
5.415840e-01
5.382342e-01
5.326393e-01
5.253782e-01
5.171150e-01
5.085399e-01
5.003109e-01
4.929993e-01
4.870464e-01
4.827363e-01
4.801844e-01
4.793446e-01
4.800295e-01
4.819439e-01
4.847243e-01
4.879836e-01
4.913531e-01
4.945210e-01
4.972603e-01
4.994459e-01
5.010580e-01
5.021722e-01
5.029379e-01
5.035480e-01
5.042032e-01
5.050754e-01
5.062756e-01
5.078281e-01
5.096575e-01
5.115877e-01
5.133552e-01
5.146362e-01
5.150831e-01
5.143693e-01
5.122360e-01
5.085367e-01
5.032738e-01
4.966226e-01
4.889385e-01
4.807446e-01
4.726992e-01
4.655463e-01
4.600527e-01
4.569387e-01
4.568075e-01
4.600781e-01
4.669254e-01
4.772332e-01
4.905679e-01
5.061810e-01
5.230477e-01
5.399417e-01
5.555373e-01
5.685214e-01
5.776990e-01
5.820813e-01
5.809581e-01
5.739611e-01
5.611253e-01
5.429438e-01
5.203949e-01
4.949141e-01
4.682922e-01
4.425045e-01
4.195094e-01
4.010674e-01
3.886170e-01
3.832147e-01
3.855087e-01
3.957092e-01
4.135306e-01
4.381134e-01
4.679740e-01
5.010454e-01
5.348464e-01
5.667621e-01
5.943515e-01
6.155883e-01
6.289776e-01
6.335677e-01
6.289212e-01
6.151163e-01
5.928093e-01
5.633274e-01
5.287130e-01
4.916298e-01
4.550969e-01
4.221107e-01
3.952843e-01
3.766181e-01
3.674316e-01
3.683943e-01
3.795588e-01
4.003293e-01
4.293737e-01
4.645589e-01
5.030228e-01
5.414430e-01
5.764548e-01
6.050745e-01
6.249818e-01
6.346151e-01
6.331449e-01
6.204446e-01
5.971389e-01
5.647218e-01
5.256343e-01
4.831623e-01
4.410843e-01
4.031523e-01
3.726050e-01
3.518923e-01
3.426423e-01
3.457540e-01
3.614500e-01
3.891807e-01
4.274081e-01
4.734294e-01
5.234611e-01
5.730949e-01
6.180031e-01
6.545766e-01
6.802278e-01
6.933204e-01
6.929151e-01
6.785847e-01
6.504778e-01
