988	478	1
536	294	1
284	56	1
721	359	1
484	413	1
936	487	1
992	581	1
475	121	1
914	942	1
165	731	1
470	887	1
484	240	1
228	924	1
978	340	1
981	171	1
411	48	1
490	386	1
980	89	1
463	780	1
473	609	1
715	561	1
981	153	1
973	857	1
989	506	1
472	967	1
243	886	1
484	404	1
84	511	1
598	828	1
978	367	1
712	873	1
699	380	1
468	234	1
368	364	1
714	887	1
971	230	1
713	941	1
980	767	1
484	324	1
956	724	1
988	231	1
469	444	1
957	700	1
677	429	1
542	724	1
482	199	1
463	747	1
552	957	1
462	461	1
902	649	1
983	199	1
985	309	1
728	306	1
998	660	1
979	722	1
986	358	1
477	464	1
178	287	1
460	678	1
467	323	1
976	695	1
931	781	1
248	112	1
253	592	1
979	803	1
473	996	1
463	393	1
703	399	1
653	114	1
971	679	1
962	759	1
412	293	1
977	1	1
960	745	1
848	236	1
568	62	1
984	292	1
978	652	1
161	279	1
967	201	1
484	554	1
703	857	1
449	228	1
543	714	1
700	517	1
475	706	1
971	237	1
654	202	1
483	45	1
215	401	1
431	598	1
22	897	1
864	312	1
474	921	1
430	952	1
468	278	1
462	810	1
10	286	1
475	716	1
975	252	1
984	357	1
978	937	1
749	875	1
936	135	1
629	248	1
244	623	1
484	366	1
958	648	1
733	66	1
489	815	1
512	651	1
469	270	1
469	103	1
979	399	1
203	565	1
976	525	1
915	562	1
521	820	1
483	541	1
57	301	1
992	562	1
472	641	1
969	285	1
970	121	1
229	696	1
473	982	1
391	111	1
630	305	1
487	504	1
204	982	1
11	589	1
370	526	1
465	366	1
429	588	1
976	259	1
475	670	1
192	352	1
567	67	1
456	200	1
956	794	1
739	650	1
979	964	1
484	355	1
539	613	1
155	249	1
437	659	1
484	398	1
130	844	1
979	422	1
994	96	1
370	394	1
974	831	1
965	397	1
995	16	1
948	854	1
980	984	1
460	410	1
739	594	1
990	116	1
104	556	1
467	143	1
469	896	1
996	985	1
992	844	1
462	824	1
15	462	1
738	184	1
980	783	1
169	89	1
418	469	1
226	370	1
988	455	1
464	796	1
764	726	1
996	966	1
966	564	1
465	534	1
981	174	1
210	661	1
485	233	1
980	948	1
111	231	1
931	988	1
956	932	1
480	297	1
475	729	1
528	466	1
475	579	1
915	892	1
192	428	1
267	554	1
336	471	1
969	461	1
320	87	1
203	788	1
181	207	1
489	777	1
484	146	1
485	54	1
951	832	1
622	901	1
831	651	1
315	702	1
978	346	1
180	300	1
403	500	1
947	624	1
893	260	1
223	355	1
482	208	1
960	665	1
956	168	1
164	484	1
878	652	1
468	317	1
691	737	1
482	193	1
464	512	1
226	374	1
473	869	1
22	175	1
38	254	1
710	238	1
40	223	1
960	94	1
54	611	1
973	22	1
189	442	1
485	276	1
995	399	1
965	578	1
529	434	1
979	330	1
233	194	1
469	87	1
972	310	1
396	544	1
479	804	1
933	773	1
479	254	1
473	9	1
486	97	1
984	289	1
971	547	1
472	631	1
805	800	1
969	476	1
464	50	1
468	301	1
465	353	1
463	505	1
727	972	-1
714	815	-1
707	877	-1
726	132	-1
692	72	-1
248	885	-1
75	511	-1
737	527	-1
596	832	-1
714	520	-1
706	703	-1
313	387	-1
233	152	-1
228	824	-1
724	576	-1
162	484	-1
167	86	-1
166	283	-1
229	371	-1
207	666	-1
735	347	-1
459	749	-1
727	560	-1
234	133	-1
726	749	-1
197	315	-1
935	776	-1
729	692	-1
220	780	-1
239	302	-1
248	48	-1
149	28	-1
184	436	-1
230	928	-1
666	617	-1
206	422	-1
245	996	-1
976	357	-1
701	856	-1
733	919	-1
323	461	-1
734	901	-1
148	638	-1
464	892	-1
256	596	-1
733	188	-1
749	666	-1
473	265	-1
967	735	-1
221	39	-1
758	685	-1
763	726	-1
718	600	-1
692	40	-1
735	851	-1
381	107	-1
497	419	-1
275	551	-1
229	454	-1
238	118	-1
953	930	-1
673	267	-1
215	878	-1
692	384	-1
45	220	-1
728	146	-1
24	899	-1
245	80	-1
749	602	-1
234	362	-1
855	227	-1
725	633	-1
198	570	-1
621	267	-1
652	117	-1
732	74	-1
13	460	-1
186	424	-1
202	979	-1
735	63	-1
728	683	-1
814	816	-1
307	286	-1
224	605	-1
235	701	-1
996	967	-1
220	563	-1
213	933	-1
911	564	-1
246	248	-1
732	819	-1
709	253	-1
747	241	-1
308	349	-1
254	864	-1
236	424	-1
196	349	-1
166	267	-1
733	991	-1
224	1	-1
733	598	-1
624	903	-1
321	585	-1
710	272	-1
411	49	-1
197	29	-1
366	529	-1
912	943	-1
162	252	-1
728	15	-1
223	902	-1
721	878	-1
429	599	-1
744	34	-1
478	802	-1
740	869	-1
713	530	-1
897	649	-1
691	390	-1
679	222	-1
164	277	-1
820	305	-1
268	553	-1
745	47	-1
936	486	-1
981	823	-1
991	954	-1
249	263	-1
854	111	-1
515	653	-1
551	718	-1
746	308	-1
326	487	-1
7	585	-1
735	319	-1
912	894	-1
219	852	-1
707	235	-1
695	740	-1
231	886	-1
235	349	-1
167	314	-1
728	152	-1
990	507	-1
227	649	-1
966	755	-1
701	518	-1
489	51	-1
634	82	-1
730	448	-1
432	955	-1
231	409	-1
224	168	-1
746	276	-1
55	610	-1
221	542	-1
233	508	-1
774	805	-1
558	957	-1
221	45	-1
231	194	-1
330	471	-1
494	550	-1
247	182	-1
731	413	-1
434	331	-1
727	644	-1
194	354	-1
209	111	-1
246	29	-1
715	559	-1
173	293	-1
221	724	-1
571	64	-1
717	493	-1
168	238	-1
227	631	-1
994	985	-1
205	262	-1
341	20	-1
740	881	-1
369	266	-1
752	74	-1
228	669	-1
229	260	-1
282	55	-1
176	184	-1
674	428	-1
212	508	-1
430	658	-1
752	638	-1
171	519	-1
996	296	-1
246	621	-1
876	651	-1
696	427	-1
237	340	-1
726	763	-1
231	377	-1
456	678	-1
948	624	-1
894	263	-1
734	312	-1
226	802	-1
37	280	-1
716	388	-1
713	217	-1
731	368	-1
746	195	-1
386	539	-1
206	433	-1
222	696	-1
231	484	-1
214	702	-1
172	351	-1
177	154	-1
707	903	-1
224	580	-1
201	990	-1
222	531	-1
723	86	-1
223	184	-1
963	705	-1
697	338	-1
735	390	-1
708	851	-1
219	79	-1
496	389	-1
721	48	-1
628	308	-1
250	108	-1
641	331	-1
108	554	-1
112	233	-1
652	205	-1
697	441	-1
969	680	-1
240	316	-1
708	552	-1
326	493	-1
718	945	-1
210	813	-1
700	684	-1
699	308	-1
243	931	-1
723	794	-1
746	216	-1
315	703	-1
207	480	-1
