942	478	1
672	294	1
294	56	1
724	359	1
426	413	1
868	487	1
944	581	1
454	121	1
913	942	1
198	731	1
537	887	1
529	240	1
241	924	1
6	340	1
885	171	1
410	48	1
482	386	1
989	89	1
391	780	1
469	609	1
734	561	1
995	153	1
940	857	1
983	506	1
597	967	1
242	886	1
467	404	1
78	511	1
647	828	1
42	367	1
737	873	1
682	380	1
428	234	1
313	364	1
702	887	1
882	230	1
734	941	1
40	767	1
528	324	1
815	724	1
956	231	1
450	444	1
943	700	1
682	429	1
610	724	1
623	199	1
392	747	1
553	957	1
516	461	1
830	649	1
154	199	1
86	309	1
736	306	1
101	660	1
879	722	1
944	358	1
601	464	1
266	287	1
399	678	1
483	323	1
43	695	1
821	781	1
245	112	1
280	592	1
46	803	1
476	996	1
397	393	1
682	399	1
694	114	1
16	679	1
961	759	1
367	293	1
83	1	1
985	745	1
753	236	1
651	62	1
934	292	1
22	652	1
36	279	1
64	201	1
493	554	1
693	857	1
356	228	1
576	714	1
703	517	1
396	706	1
856	237	1
687	202	1
487	45	1
177	401	1
391	598	1
19	897	1
867	312	1
473	921	1
427	952	1
404	278	1
362	810	1
987	286	1
529	716	1
75	252	1
859	357	1
173	937	1
776	875	1
800	135	1
647	248	1
250	623	1
469	366	1
903	648	1
718	66	1
514	815	1
504	651	1
425	270	1
508	103	1
952	399	1
165	565	1
28	525	1
867	562	1
558	820	1
509	541	1
166	301	1
996	562	1
297	641	1
870	285	1
988	121	1
220	696	1
395	982	1
387	111	1
636	305	1
616	504	1
239	982	1
34	589	1
413	526	1
408	366	1
304	588	1
990	259	1
601	670	1
229	352	1
583	67	1
321	200	1
9	794	1
727	650	1
959	964	1
509	355	1
563	613	1
139	249	1
432	659	1
595	398	1
204	844	1
858	422	1
140	96	1
290	394	1
881	831	1
866	397	1
156	16	1
833	854	1
905	984	1
330	410	1
730	594	1
73	116	1
98	556	1
456	143	1
468	896	1
76	985	1
147	844	1
441	824	1
32	462	1
776	184	1
157	783	1
185	89	1
392	469	1
233	370	1
996	455	1
396	796	1
749	726	1
991	966	1
872	564	1
463	534	1
885	174	1
165	661	1
461	233	1
971	948	1
96	231	1
834	988	1
960	932	1
578	297	1
530	729	1
692	466	1
385	579	1
918	892	1
235	428	1
250	554	1
335	471	1
793	461	1
244	87	1
221	788	1
263	207	1
574	777	1
553	146	1
488	54	1
834	832	1
614	901	1
785	651	1
318	702	1
814	346	1
267	300	1
373	500	1
977	624	1
887	260	1
251	355	1
438	208	1
962	665	1
845	168	1
143	484	1
853	652	1
416	317	1
693	737	1
624	193	1
456	512	1
183	374	1
422	869	1
138	175	1
110	254	1
685	238	1
39	223	1
938	94	1
59	611	1
56	22	1
237	442	1
493	276	1
53	399	1
838	578	1
599	434	1
91	330	1
216	194	1
505	87	1
6	310	1
354	544	1
513	804	1
879	773	1
529	254	1
436	9	1
624	97	1
934	289	1
785	547	1
556	631	1
799	800	1
793	476	1
441	50	1
489	301	1
409	353	1
555	505	1
915	972	-1
771	815	-1
680	877	-1
577	132	-1
592	72	-1
408	885	-1
86	511	-1
890	527	-1
536	832	-1
762	520	-1
586	703	-1
365	387	-1
436	152	-1
279	824	-1
603	576	-1
147	484	-1
131	86	-1
48	283	-1
308	371	-1
107	666	-1
710	347	-1
527	749	-1
800	560	-1
237	133	-1
851	749	-1
183	315	-1
930	776	-1
707	692	-1
287	780	-1
356	302	-1
302	48	-1
959	28	-1
33	436	-1
312	928	-1
590	617	-1
164	422	-1
377	996	-1
25	357	-1
690	856	-1
930	919	-1
389	461	-1
766	901	-1
2	638	-1
464	892	-1
286	596	-1
772	188	-1
811	666	-1
483	265	-1
3	735	-1
97	39	-1
808	685	-1
777	726	-1
592	600	-1
676	40	-1
655	851	-1
417	107	-1
443	419	-1
349	551	-1
263	454	-1
239	118	-1
958	930	-1
551	267	-1
99	878	-1
640	384	-1
43	220	-1
821	146	-1
23	899	-1
299	80	-1
748	602	-1
241	362	-1
884	227	-1
713	633	-1
151	570	-1
516	267	-1
529	117	-1
863	74	-1
30	460	-1
76	424	-1
72	979	-1
794	63	-1
766	683	-1
928	816	-1
392	286	-1
147	605	-1
270	701	-1
993	967	-1
198	563	-1
272	933	-1
869	564	-1
287	248	-1
850	819	-1
673	253	-1
748	241	-1
361	349	-1
415	864	-1
355	424	-1
161	349	-1
50	267	-1
830	991	-1
150	1	-1
716	598	-1
611	903	-1
379	585	-1
636	272	-1
411	49	-1
53	29	-1
343	529	-1
920	943	-1
142	252	-1
675	15	-1
262	902	-1
723	878	-1
456	599	-1
919	34	-1
402	802	-1
771	869	-1
795	530	-1
900	649	-1
672	390	-1
549	222	-1
47	277	-1
899	305	-1
316	553	-1
863	47	-1
981	486	-1
986	823	-1
976	954	-1
247	263	-1
963	111	-1
521	653	-1
582	718	-1
871	308	-1
395	487	-1
29	585	-1
756	319	-1
925	894	-1
108	852	-1
681	235	-1
721	740	-1
293	886	-1
255	349	-1
52	314	-1
821	152	-1
983	507	-1
286	649	-1
966	755	-1
495	518	-1
492	51	-1
502	82	-1
641	448	-1
430	955	-1
276	409	-1
132	168	-1
765	276	-1
56	610	-1
266	542	-1
223	508	-1
802	805	-1
552	957	-1
97	45	-1
247	194	-1
338	471	-1
498	550	-1
337	182	-1
843	413	-1
455	331	-1
715	644	-1
161	354	-1
123	111	-1
416	29	-1
676	559	-1
49	293	-1
273	724	-1
564	64	-1
883	493	-1
20	238	-1
210	631	-1
986	985	-1
118	262	-1
451	20	-1
770	881	-1
419	266	-1
929	74	-1
263	669	-1
199	260	-1
288	55	-1
29	184	-1
567	428	-1
157	508	-1
431	658	-1
809	638	-1
66	519	-1
990	296	-1
332	621	-1
854	651	-1
623	427	-1
302	340	-1
777	763	-1
275	377	-1
528	678	-1
917	624	-1
889	263	-1
842	312	-1
272	802	-1
14	280	-1
701	388	-1
615	217	-1
895	368	-1
818	195	-1
407	539	-1
165	433	-1
325	696	-1
347	484	-1
169	702	-1
57	351	-1
100	154	-1
631	903	-1
149	580	-1
73	990	-1
220	531	-1
671	86	-1
296	184	-1
965	705	-1
556	338	-1
837	390	-1
577	851	-1
234	79	-1
486	389	-1
795	48	-1
516	308	-1
383	108	-1
520	331	-1
101	554	-1
95	233	-1
611	205	-1
565	441	-1
931	680	-1
260	316	-1
534	552	-1
395	493	-1
742	945	-1
132	813	-1
590	684	-1
680	308	-1
376	931	-1
589	794	-1
916	216	-1
324	703	-1
104	480	-1
