750	954	1
755	141	1
248	849	1
253	786	1
759	684	1
775	584	1
758	582	1
256	768	1
256	60	1
260	227	1
760	730	1
255	983	1
249	832	1
752	821	1
747	999	1
518	412	1
257	492	1
258	848	1
257	95	1
261	138	1
775	447	1
256	327	1
753	732	1
255	473	1
255	775	1
763	954	1
256	367	1
260	8	1
258	760	1
257	854	1
261	551	1
757	702	1
759	525	1
256	987	1
261	732	1
755	795	1
256	973	1
254	615	1
739	261	1
751	716	1
261	419	1
755	367	1
761	842	1
757	870	1
758	509	1
753	834	1
761	30	1
260	812	1
755	746	1
242	863	1
239	675	1
757	295	1
755	46	1
257	587	1
750	31	1
760	196	1
254	320	1
779	624	1
258	831	1
757	490	1
251	436	1
260	889	1
257	507	1
262	192	1
251	10	1
248	189	1
254	629	1
259	693	1
756	912	1
249	732	1
759	692	1
757	329	1
244	694	1
249	757	1
252	419	1
261	77	1
243	606	1
759	883	1
259	837	1
755	285	1
759	720	1
251	812	1
756	763	1
757	482	1
252	675	1
762	311	1
749	107	1
256	314	1
258	868	1
824	825	1
262	210	1
250	425	1
752	844	1
758	555	1
733	347	1
755	123	1
755	443	1
759	548	1
257	513	1
761	184	1
262	936	1
754	12	1
258	724	1
758	499	1
756	426	1
752	457	1
250	144	1
259	535	1
253	73	1
258	750	1
256	265	1
253	430	1
756	754	1
741	151	1
260	698	1
256	897	1
750	585	1
755	540	1
766	605	1
257	298	1
755	436	1
269	430	1
760	107	1
758	712	1
743	83	1
747	882	1
256	31	1
768	86	1
258	117	1
259	580	1
755	807	1
256	46	1
738	626	1
251	721	1
256	258	1
766	261	1
757	323	1
775	456	1
757	672	1
255	39	1
250	935	1
756	316	1
249	532	1
282	275	1
747	992	1
756	396	1
254	603	1
245	557	1
262	144	1
262	785	1
260	555	1
240	499	1
747	192	1
757	850	1
258	231	1
756	742	1
305	229	1
764	948	1
755	274	1
279	311	1
755	152	1
762	938	1
248	749	1
756	412	1
272	724	1
759	877	1
739	943	1
756	362	1
755	332	1
758	454	1
256	290	1
259	166	1
780	837	1
257	272	1
738	930	1
737	956	1
755	257	1
256	741	1
760	822	1
755	536	1
261	217	1
255	872	1
245	739	1
259	281	1
257	568	1
258	221	1
754	302	1
258	238	1
260	679	1
256	0	1
265	606	1
251	958	1
264	955	1
269	675	1
728	325	1
759	996	1
255	387	1
257	251	1
251	887	1
257	305	1
756	814	1
736	455	1
755	84	1
273	753	1
774	998	1
261	408	1
252	780	1
256	393	1
754	928	1
753	630	1
250	407	1
262	185	1
756	857	1
252	302	1
754	342	1
255	576	1
263	204	1
240	582	1
755	352	1
758	503	1
259	129	1
262	947	1
252	379	1
754	625	1
754	595	1
778	351	1
750	179	1
766	150	1
255	278	1
259	380	1
755	288	1
262	197	1
756	265	1
276	191	1
762	836	1
245	551	1
249	953	1
753	96	1
759	345	1
256	822	1
756	575	1
766	626	1
756	310	1
752	604	1
256	916	1
258	498	1
749	688	1
765	927	1
514	259	1
793	944	1
283	279	1
7	867	-1
8	572	-1
991	870	-1
505	284	-1
9	384	-1
4	51	-1
505	574	-1
505	879	-1
477	257	-1
505	637	-1
17	327	-1
4	829	-1
505	242	-1
1	149	-1
11	447	-1
770	538	-1
996	581	-1
18	838	-1
498	19	-1
506	845	-1
2	89	-1
7	298	-1
542	424	-1
8	391	-1
507	438	-1
499	770	-1
26	813	-1
7	982	-1
515	29	-1
269	195	-1
2	60	-1
506	528	-1
4	899	-1
506	233	-1
8	857	-1
529	646	-1
7	841	-1
12	344	-1
506	84	-1
6	605	-1
501	453	-1
494	435	-1
997	519	-1
505	679	-1
506	932	-1
504	696	-1
510	311	-1
5	484	-1
34	530	-1
481	778	-1
9	539	-1
8	517	-1
16	665	-1
10	440	-1
12	146	-1
996	385	-1
7	425	-1
2	108	-1
15	602	-1
264	422	-1
506	562	-1
9	87	-1
504	705	-1
502	912	-1
502	993	-1
7	208	-1
15	751	-1
517	19	-1
6	327	-1
511	805	-1
989	811	-1
512	417	-1
5	500	-1
6	634	-1
998	843	-1
10	430	-1
2	977	-1
7	906	-1
3	103	-1
6	886	-1
505	292	-1
507	965	-1
508	648	-1
513	410	-1
504	190	-1
505	129	-1
503	148	-1
505	16	-1
999	441	-1
7	556	-1
6	235	-1
10	369	-1
510	404	-1
479	239	-1
504	163	-1
10	686	-1
5	44	-1
505	262	-1
505	667	-1
4	552	-1
505	70	-1
6	958	-1
6	415	-1
505	908	-1
494	889	-1
518	913	-1
511	324	-1
6	937	-1
506	49	-1
11	812	-1
11	678	-1
6	922	-1
995	347	-1
995	531	-1
514	430	-1
4	21	-1
2	813	-1
6	874	-1
1	621	-1
503	35	-1
311	231	-1
7	894	-1
505	359	-1
508	519	-1
514	589	-1
7	253	-1
513	955	-1
8	976	-1
1	449	-1
6	999	-1
22	255	-1
7	221	-1
504	249	-1
523	883	-1
36	674	-1
507	651	-1
262	727	-1
6	15	-1
768	315	-1
496	648	-1
9	526	-1
5	991	-1
523	248	-1
505	981	-1
5	266	-1
239	742	-1
504	55	-1
506	270	-1
501	26	-1
995	539	-1
506	893	-1
505	629	-1
5	913	-1
3	963	-1
510	992	-1
9	349	-1
505	830	-1
9	579	-1
11	620	-1
9	696	-1
8	796	-1
505	821	-1
7	967	-1
496	326	-1
8	948	-1
996	659	-1
502	620	-1
506	569	-1
275	278	-1
8	863	-1
828	828	-1
503	182	-1
504	99	-1
522	781	-1
510	342	-1
511	488	-1
506	428	-1
4	456	-1
500	486	-1
725	321	-1
270	206	-1
1	749	-1
13	57	-1
6	79	-1
505	753	-1
509	450	-1
509	948	-1
512	776	-1
22	580	-1
507	543	-1
506	944	-1
6	27	-1
997	602	-1
994	330	-1
505	106	-1
505	606	-1
499	807	-1
498	413	-1
773	837	-1
510	317	-1
505	553	-1
505	177	-1
994	685	-1
505	154	-1
6	398	-1
7	533	-1
475	647	-1
4	463	-1
505	956	-1
498	383	-1
3	950	-1
995	575	-1
509	385	-1
498	404	-1
10	375	-1
517	757	-1
996	673	-1
505	872	-1
504	548	-1
490	753	-1
14	109	-1
9	879	-1
996	370	-1
997	252	-1
7	721	-1
499	779	-1
507	886	-1
503	124	-1
490	954	-1
7	199	-1
495	425	-1
6	128	-1
504	80	-1
494	314	-1
507	257	-1
502	516	-1
499	340	-1
508	391	-1
508	976	-1
237	861	-1
519	256	-1
997	431	-1
505	589	-1
6	214	-1
496	587	-1
6	662	-1
504	919	-1
508	617	-1
4	491	-1
