988	478	1
546	294	1
281	56	1
723	359	1
476	413	1
935	487	1
991	581	1
474	121	1
914	942	1
186	731	1
469	887	1
485	240	1
231	924	1
980	340	1
982	171	1
411	48	1
492	386	1
980	89	1
462	780	1
473	609	1
713	561	1
981	153	1
972	857	1
986	506	1
472	967	1
246	886	1
488	404	1
79	511	1
598	828	1
979	367	1
712	873	1
701	380	1
468	234	1
358	364	1
714	887	1
970	230	1
715	941	1
980	767	1
484	324	1
955	724	1
987	231	1
468	444	1
957	700	1
675	429	1
547	724	1
483	199	1
462	747	1
551	957	1
461	461	1
902	649	1
983	199	1
985	309	1
729	306	1
999	660	1
979	722	1
977	358	1
477	464	1
192	287	1
461	678	1
467	323	1
976	695	1
929	781	1
252	112	1
255	592	1
981	803	1
472	996	1
461	393	1
702	399	1
653	114	1
970	679	1
961	759	1
409	293	1
976	1	1
959	745	1
828	236	1
574	62	1
985	292	1
978	652	1
152	279	1
968	201	1
484	554	1
701	857	1
447	228	1
548	714	1
704	517	1
475	706	1
971	237	1
655	202	1
483	45	1
212	401	1
430	598	1
22	897	1
855	312	1
473	921	1
429	952	1
468	278	1
461	810	1
10	286	1
475	716	1
976	252	1
984	357	1
977	937	1
751	875	1
920	135	1
638	248	1
244	623	1
485	366	1
958	648	1
734	66	1
488	815	1
513	651	1
468	270	1
469	103	1
979	399	1
201	565	1
976	525	1
913	562	1
523	820	1
484	541	1
67	301	1
992	562	1
473	641	1
969	285	1
969	121	1
224	696	1
472	982	1
385	111	1
630	305	1
486	504	1
200	982	1
14	589	1
372	526	1
464	366	1
415	588	1
977	259	1
475	670	1
191	352	1
574	67	1
456	200	1
954	794	1
740	650	1
979	964	1
484	355	1
555	613	1
157	249	1
435	659	1
488	398	1
147	844	1
979	422	1
996	96	1
357	394	1
973	831	1
964	397	1
998	16	1
946	854	1
978	984	1
458	410	1
739	594	1
989	116	1
105	556	1
467	143	1
469	896	1
991	985	1
992	844	1
461	824	1
16	462	1
740	184	1
980	783	1
169	89	1
414	469	1
229	370	1
989	455	1
463	796	1
766	726	1
997	966	1
965	564	1
464	534	1
982	174	1
210	661	1
485	233	1
980	948	1
108	231	1
914	988	1
957	932	1
483	297	1
475	729	1
550	466	1
474	579	1
915	892	1
193	428	1
271	554	1
334	471	1
968	461	1
306	87	1
211	788	1
188	207	1
489	777	1
484	146	1
485	54	1
948	832	1
622	901	1
818	651	1
316	702	1
979	346	1
194	300	1
396	500	1
949	624	1
892	260	1
224	355	1
483	208	1
960	665	1
958	168	1
163	484	1
881	652	1
468	317	1
692	737	1
482	193	1
459	512	1
219	374	1
472	869	1
30	175	1
47	254	1
707	238	1
39	223	1
961	94	1
52	611	1
973	22	1
189	442	1
485	276	1
995	399	1
964	578	1
554	434	1
980	330	1
230	194	1
469	87	1
973	310	1
394	544	1
480	804	1
931	773	1
480	254	1
472	9	1
487	97	1
985	289	1
971	547	1
473	631	1
801	800	1
968	476	1
464	50	1
469	301	1
465	353	1
465	505	1
724	972	-1
714	815	-1
707	877	-1
715	132	-1
680	72	-1
247	885	-1
81	511	-1
739	527	-1
595	832	-1
714	520	-1
701	703	-1
320	387	-1
238	152	-1
229	824	-1
724	576	-1
164	484	-1
167	86	-1
156	283	-1
235	371	-1
207	666	-1
737	347	-1
461	749	-1
727	560	-1
238	133	-1
726	749	-1
189	315	-1
933	776	-1
729	692	-1
224	780	-1
240	302	-1
250	48	-1
138	28	-1
183	436	-1
233	928	-1
651	617	-1
203	422	-1
247	996	-1
978	357	-1
700	856	-1
734	919	-1
330	461	-1
735	901	-1
125	638	-1
463	892	-1
257	596	-1
736	188	-1
752	666	-1
472	265	-1
967	735	-1
219	39	-1
758	685	-1
762	726	-1
716	600	-1
688	40	-1
735	851	-1
386	107	-1
483	419	-1
278	551	-1
233	454	-1
241	118	-1
954	930	-1
668	267	-1
213	878	-1
684	384	-1
43	220	-1
735	146	-1
25	899	-1
251	80	-1
749	602	-1
236	362	-1
874	227	-1
724	633	-1
197	570	-1
613	267	-1
652	117	-1
736	74	-1
14	460	-1
182	424	-1
197	979	-1
736	63	-1
728	683	-1
823	816	-1
319	286	-1
224	605	-1
228	701	-1
993	967	-1
221	563	-1
214	933	-1
914	564	-1
248	248	-1
735	819	-1
702	253	-1
750	241	-1
312	349	-1
268	864	-1
237	424	-1
190	349	-1
159	267	-1
746	991	-1
223	1	-1
732	598	-1
624	903	-1
338	585	-1
703	272	-1
411	49	-1
190	29	-1
368	529	-1
913	943	-1
162	252	-1
723	15	-1
219	902	-1
721	878	-1
428	599	-1
748	34	-1
477	802	-1
742	869	-1
714	530	-1
897	649	-1
691	390	-1
673	222	-1
155	277	-1
827	305	-1
269	553	-1
748	47	-1
937	486	-1
979	823	-1
990	954	-1
251	263	-1
871	111	-1
516	653	-1
555	718	-1
751	308	-1
337	487	-1
11	585	-1
737	319	-1
912	894	-1
217	852	-1
704	235	-1
696	740	-1
234	886	-1
237	349	-1
162	314	-1
735	152	-1
992	507	-1
227	649	-1
965	755	-1
699	518	-1
489	51	-1
619	82	-1
731	448	-1
431	955	-1
234	409	-1
212	168	-1
749	276	-1
57	610	-1
223	542	-1
233	508	-1
781	805	-1
558	957	-1
219	45	-1
235	194	-1
333	471	-1
495	550	-1
249	182	-1
734	413	-1
442	331	-1
727	644	-1
192	354	-1
201	111	-1
248	29	-1
714	559	-1
164	293	-1
220	724	-1
577	64	-1
720	493	-1
167	238	-1
227	631	-1
999	985	-1
199	262	-1
357	20	-1
742	881	-1
376	266	-1
755	74	-1
228	669	-1
230	260	-1
286	55	-1
171	184	-1
677	428	-1
204	508	-1
433	658	-1
753	638	-1
161	519	-1
995	296	-1
246	621	-1
874	651	-1
689	427	-1
239	340	-1
725	763	-1
234	377	-1
454	678	-1
947	624	-1
894	263	-1
736	312	-1
229	802	-1
35	280	-1
714	388	-1
708	217	-1
734	368	-1
749	195	-1
387	539	-1
202	433	-1
226	696	-1
233	484	-1
212	702	-1
164	351	-1
170	154	-1
704	903	-1
224	580	-1
196	990	-1
225	531	-1
718	86	-1
225	184	-1
963	705	-1
691	338	-1
737	390	-1
704	851	-1
222	79	-1
498	389	-1
719	48	-1
627	308	-1
255	108	-1
625	331	-1
108	554	-1
115	233	-1
653	205	-1
688	441	-1
970	680	-1
241	316	-1
704	552	-1
337	493	-1
719	945	-1
205	813	-1
696	684	-1
692	308	-1
246	931	-1
721	794	-1
748	216	-1
314	703	-1
198	480	-1
