170	489	1
161	963	1
189	960	1
131	681	1
173	860	1
420	455	1
169	332	1
663	59	1
668	452	1
742	217	1
669	345	1
667	549	1
185	317	1
669	892	1
646	490	1
168	256	1
632	968	1
670	910	1
167	226	1
169	327	1
165	286	1
326	142	1
169	99	1
163	192	1
668	308	1
669	871	1
671	391	1
665	788	1
657	200	1
170	986	1
307	882	1
168	109	1
169	354	1
634	555	1
692	690	1
676	643	1
669	363	1
170	78	1
669	200	1
162	716	1
166	744	1
664	767	1
188	245	1
174	668	1
147	886	1
163	366	1
667	531	1
166	502	1
169	314	1
921	622	1
173	19	1
656	676	1
167	429	1
667	232	1
690	987	1
169	306	1
447	494	1
86	748	1
182	891	1
457	45	1
179	427	1
667	226	1
668	484	1
168	164	1
171	89	1
669	384	1
666	23	1
669	329	1
681	531	1
667	476	1
148	877	1
168	455	1
166	497	1
661	396	1
669	886	1
432	736	1
669	108	1
671	397	1
73	842	1
170	826	1
678	936	1
167	245	1
714	639	1
667	493	1
170	73	1
685	780	1
362	42	1
160	701	1
662	940	1
676	700	1
665	776	1
668	192	1
166	6	1
130	842	1
169	919	1
148	242	1
186	190	1
165	735	1
664	164	1
661	990	1
661	982	1
568	657	1
532	18	1
677	759	1
669	357	1
668	509	1
153	738	1
177	567	1
173	289	1
668	415	1
102	981	1
172	365	1
168	517	1
178	844	1
679	968	1
668	258	1
172	478	1
668	437	1
168	379	1
683	203	1
163	550	1
668	255	1
172	550	1
685	870	1
167	241	1
663	157	1
667	218	1
168	116	1
666	749	1
676	158	1
164	476	1
639	545	1
169	878	1
667	17	1
668	542	1
169	318	1
165	788	1
413	871	1
164	738	1
929	92	1
169	301	1
693	637	1
148	571	1
335	712	1
779	644	1
283	230	1
662	971	1
173	966	1
664	291	1
666	175	1
670	312	1
677	984	1
163	568	1
166	844	1
666	144	1
668	459	1
669	607	1
162	184	1
169	342	1
167	606	1
177	838	1
193	186	1
664	30	1
659	307	1
567	125	1
169	270	1
665	874	1
669	370	1
167	894	1
168	407	1
929	881	1
602	647	1
187	236	1
154	528	1
674	293	1
171	94	1
175	934	1
168	121	1
669	349	1
661	67	1
662	642	1
162	692	1
498	334	1
669	374	1
513	313	1
695	538	1
657	98	1
667	490	1
962	328	1
161	709	1
183	881	1
742	393	1
284	854	1
168	463	1
168	527	1
682	493	1
668	267	1
669	583	1
545	57	1
601	959	1
165	771	1
174	42	1
181	498	1
83	52	1
176	561	1
424	960	1
430	619	1
181	528	1
657	698	1
173	186	1
675	553	1
156	666	1
169	152	1
166	948	1
667	186	1
653	580	1
167	851	1
193	106	1
201	675	1
165	796	1
703	657	1
177	9	1
668	206	1
640	636	1
174	38	1
157	677	1
674	677	1
701	671	1
928	396	1
673	661	1
664	633	1
679	962	1
926	992	1
671	99	1
676	67	1
160	426	1
679	947	1
695	708	1
668	466	1
166	44	1
192	748	1
174	678	1
911	210	1
168	398	1
663	953	1
173	28	1
163	935	1
151	846	1
657	662	1
667	867	1
642	652	1
431	452	-1
921	305	-1
422	352	-1
435	279	-1
921	236	-1
434	27	-1
422	652	-1
332	712	-1
927	619	-1
411	125	-1
414	452	-1
922	922	-1
921	120	-1
900	403	-1
409	260	-1
413	778	-1
920	667	-1
418	26	-1
173	491	-1
421	915	-1
154	704	-1
418	628	-1
421	578	-1
916	629	-1
927	730	-1
926	641	-1
428	463	-1
437	614	-1
426	254	-1
406	808	-1
421	228	-1
928	450	-1
426	874	-1
415	202	-1
421	523	-1
566	126	-1
653	579	-1
426	261	-1
914	207	-1
166	552	-1
921	851	-1
435	513	-1
630	558	-1
423	666	-1
421	998	-1
420	178	-1
411	116	-1
930	68	-1
887	622	-1
437	314	-1
922	889	-1
933	806	-1
922	429	-1
406	524	-1
899	452	-1
928	630	-1
919	566	-1
424	958	-1
920	908	-1
431	700	-1
921	377	-1
924	683	-1
675	198	-1
426	617	-1
923	413	-1
914	823	-1
915	755	-1
416	703	-1
927	364	-1
408	819	-1
190	751	-1
436	48	-1
431	528	-1
917	616	-1
921	270	-1
972	800	-1
422	235	-1
940	903	-1
278	258	-1
182	191	-1
928	12	-1
286	853	-1
918	621	-1
921	855	-1
324	140	-1
922	872	-1
703	708	-1
173	92	-1
529	20	-1
922	782	-1
661	30	-1
919	504	-1
910	81	-1
413	773	-1
403	872	-1
926	880	-1
318	883	-1
669	872	-1
415	458	-1
920	902	-1
913	547	-1
544	55	-1
421	591	-1
421	563	-1
429	776	-1
921	295	-1
172	40	-1
922	398	-1
921	282	-1
913	806	-1
421	507	-1
924	688	-1
422	494	-1
421	454	-1
422	421	-1
360	39	-1
370	91	-1
922	393	-1
921	135	-1
931	968	-1
913	811	-1
958	325	-1
408	961	-1
937	100	-1
427	102	-1
667	307	-1
497	333	-1
946	857	-1
913	522	-1
417	615	-1
103	981	-1
913	797	-1
426	198	-1
928	456	-1
421	570	-1
747	214	-1
908	686	-1
422	278	-1
927	179	-1
928	397	-1
921	162	-1
423	802	-1
426	83	-1
914	638	-1
287	230	-1
919	580	-1
426	864	-1
427	932	-1
930	821	-1
423	480	-1
426	636	-1
915	181	-1
414	469	-1
921	309	-1
665	668	-1
425	722	-1
4	574	-1
686	527	-1
424	809	-1
920	986	-1
921	323	-1
919	606	-1
925	759	-1
913	790	-1
910	69	-1
922	550	-1
918	9	-1
911	784	-1
693	689	-1
352	963	-1
421	516	-1
915	357	-1
654	482	-1
422	429	-1
922	996	-1
420	601	-1
938	785	-1
915	970	-1
422	487	-1
427	94	-1
422	979	-1
433	120	-1
439	630	-1
920	194	-1
913	213	-1
420	14	-1
916	366	-1
921	340	-1
413	721	-1
422	367	-1
922	21	-1
433	131	-1
919	586	-1
915	733	-1
921	863	-1
412	136	-1
419	52	-1
422	406	-1
921	241	-1
426	472	-1
422	872	-1
914	454	-1
423	71	-1
419	314	-1
445	492	-1
421	741	-1
417	694	-1
932	982	-1
183	319	-1
972	804	-1
929	53	-1
439	746	-1
420	303	-1
463	93	-1
415	934	-1
408	746	-1
409	100	-1
441	720	-1
926	210	-1
425	963	-1
81	749	-1
162	739	-1
919	510	-1
410	87	-1
776	650	-1
940	82	-1
414	726	-1
919	532	-1
420	749	-1
404	861	-1
418	34	-1
910	93	-1
566	655	-1
434	959	-1
673	487	-1
426	859	-1
924	84	-1
914	718	-1
158	850	-1
425	818	-1
926	716	-1
923	408	-1
415	636	-1
923	523	-1
422	372	-1
925	353	-1
919	598	-1
923	97	-1
408	276	-1
