155	489	1
170	963	1
267	960	1
72	681	1
174	860	1
457	455	1
155	332	1
660	59	1
663	452	1
741	217	1
694	345	1
667	549	1
193	317	1
675	892	1
618	490	1
178	256	1
616	968	1
669	910	1
168	226	1
165	327	1
149	286	1
328	142	1
172	99	1
160	192	1
664	308	1
679	871	1
668	391	1
669	788	1
644	200	1
169	986	1
309	882	1
168	109	1
164	354	1
643	555	1
694	690	1
674	643	1
664	363	1
167	78	1
669	200	1
168	716	1
162	744	1
666	767	1
177	245	1
176	668	1
92	886	1
160	366	1
637	531	1
159	502	1
165	314	1
918	622	1
171	19	1
650	676	1
163	429	1
595	232	1
700	987	1
164	306	1
446	494	1
84	748	1
178	891	1
442	45	1
176	427	1
655	226	1
660	484	1
168	164	1
175	89	1
667	384	1
654	23	1
666	329	1
679	531	1
662	476	1
92	877	1
227	455	1
177	497	1
646	396	1
660	886	1
436	736	1
669	108	1
668	397	1
991	842	1
172	826	1
676	936	1
156	245	1
721	639	1
670	493	1
175	73	1
688	780	1
359	42	1
134	701	1
658	940	1
665	700	1
643	776	1
668	192	1
164	6	1
90	842	1
171	919	1
138	242	1
187	190	1
183	735	1
652	164	1
657	990	1
657	982	1
556	657	1
536	18	1
684	759	1
664	357	1
670	509	1
150	738	1
172	567	1
168	289	1
668	415	1
110	981	1
174	365	1
163	517	1
176	844	1
674	968	1
670	258	1
174	478	1
653	437	1
161	379	1
688	203	1
165	550	1
653	255	1
173	550	1
693	870	1
168	241	1
662	157	1
669	218	1
998	116	1
575	749	1
680	158	1
153	476	1
634	545	1
161	878	1
668	17	1
667	542	1
166	318	1
164	788	1
437	871	1
159	738	1
937	92	1
165	301	1
697	637	1
130	571	1
333	712	1
783	644	1
280	230	1
657	971	1
221	966	1
662	291	1
665	175	1
673	312	1
675	984	1
150	568	1
157	844	1
663	144	1
682	459	1
663	607	1
159	184	1
157	342	1
165	606	1
175	838	1
196	186	1
660	30	1
673	307	1
566	125	1
170	270	1
677	874	1
703	370	1
161	894	1
166	407	1
930	881	1
554	647	1
193	236	1
151	528	1
675	293	1
162	94	1
174	934	1
168	121	1
664	349	1
659	67	1
656	642	1
122	692	1
497	334	1
665	374	1
473	313	1
695	538	1
652	98	1
660	490	1
960	328	1
135	709	1
178	881	1
871	393	1
283	854	1
169	463	1
173	527	1
688	493	1
670	267	1
673	583	1
546	57	1
476	959	1
163	771	1
176	42	1
201	498	1
1	52	1
173	561	1
428	960	1
431	619	1
239	528	1
549	698	1
174	186	1
691	553	1
150	666	1
168	152	1
171	948	1
692	186	1
665	580	1
147	851	1
193	106	1
202	675	1
164	796	1
714	657	1
175	9	1
668	206	1
631	636	1
176	38	1
150	677	1
670	677	1
712	671	1
944	396	1
669	661	1
658	633	1
705	962	1
927	992	1
670	99	1
676	67	1
148	426	1
677	947	1
690	708	1
662	466	1
167	44	1
184	748	1
175	678	1
918	210	1
165	398	1
658	953	1
171	28	1
159	935	1
131	846	1
650	662	1
659	867	1
586	652	1
462	452	-1
924	305	-1
426	352	-1
436	279	-1
931	236	-1
566	27	-1
426	652	-1
337	712	-1
930	619	-1
415	125	-1
328	452	-1
919	922	-1
924	120	-1
896	403	-1
413	260	-1
416	778	-1
924	667	-1
423	26	-1
195	491	-1
420	915	-1
128	704	-1
426	628	-1
427	578	-1
911	629	-1
930	730	-1
932	641	-1
451	463	-1
437	614	-1
511	254	-1
408	808	-1
525	228	-1
941	450	-1
443	874	-1
416	202	-1
419	523	-1
565	126	-1
667	579	-1
431	261	-1
921	207	-1
168	552	-1
919	851	-1
445	513	-1
641	558	-1
426	666	-1
422	998	-1
423	178	-1
417	116	-1
921	68	-1
873	622	-1
465	314	-1
14	889	-1
948	806	-1
923	429	-1
333	524	-1
903	452	-1
928	630	-1
924	566	-1
426	958	-1
916	908	-1
525	700	-1
922	377	-1
924	683	-1
679	198	-1
428	617	-1
921	413	-1
915	823	-1
916	755	-1
423	703	-1
946	364	-1
410	819	-1
182	751	-1
436	48	-1
441	528	-1
911	616	-1
927	270	-1
15	800	-1
423	235	-1
937	903	-1
182	258	-1
188	191	-1
928	12	-1
285	853	-1
920	621	-1
919	855	-1
327	140	-1
16	872	-1
691	708	-1
178	92	-1
532	20	-1
923	782	-1
664	30	-1
918	504	-1
917	81	-1
416	773	-1
437	872	-1
928	880	-1
314	883	-1
679	872	-1
418	458	-1
916	902	-1
917	547	-1
544	55	-1
426	591	-1
427	563	-1
434	776	-1
927	295	-1
174	40	-1
920	398	-1
927	282	-1
917	806	-1
419	507	-1
933	688	-1
437	494	-1
454	454	-1
425	421	-1
357	39	-1
348	91	-1
941	393	-1
925	135	-1
927	968	-1
917	811	-1
956	325	-1
270	961	-1
948	100	-1
419	102	-1
667	307	-1
495	333	-1
944	857	-1
917	522	-1
420	615	-1
102	981	-1
917	797	-1
430	198	-1
932	456	-1
427	570	-1
745	214	-1
912	686	-1
422	278	-1
933	179	-1
942	397	-1
924	162	-1
422	802	-1
427	83	-1
924	638	-1
288	230	-1
924	580	-1
420	864	-1
428	932	-1
925	821	-1
418	480	-1
429	636	-1
919	181	-1
418	469	-1
931	309	-1
658	668	-1
428	722	-1
132	574	-1
685	527	-1
429	809	-1
921	986	-1
928	323	-1
926	606	-1
927	759	-1
916	790	-1
882	69	-1
927	550	-1
918	9	-1
914	784	-1
696	689	-1
226	963	-1
419	516	-1
919	357	-1
656	482	-1
425	429	-1
923	996	-1
426	601	-1
945	785	-1
904	970	-1
418	487	-1
446	94	-1
421	979	-1
453	120	-1
460	630	-1
923	194	-1
916	213	-1
422	14	-1
921	366	-1
815	340	-1
416	721	-1
432	367	-1
922	21	-1
435	131	-1
924	586	-1
917	733	-1
919	863	-1
415	136	-1
420	52	-1
425	406	-1
922	241	-1
452	472	-1
419	872	-1
918	454	-1
427	71	-1
425	314	-1
450	492	-1
424	741	-1
424	694	-1
933	982	-1
170	319	-1
15	804	-1
999	53	-1
444	746	-1
425	303	-1
509	93	-1
414	934	-1
410	746	-1
389	100	-1
447	720	-1
931	210	-1
425	963	-1
86	749	-1
158	739	-1
928	510	-1
414	87	-1
779	650	-1
950	82	-1
417	726	-1
919	532	-1
424	749	-1
397	861	-1
423	34	-1
916	93	-1
558	655	-1
482	959	-1
664	487	-1
420	859	-1
930	84	-1
916	718	-1
156	850	-1
429	818	-1
929	716	-1
939	408	-1
419	636	-1
930	523	-1
420	372	-1
930	353	-1
925	598	-1
929	97	-1
405	276	-1
