979	478	1
674	294	1
285	56	1
721	359	1
430	413	1
933	487	1
972	581	1
443	121	1
915	942	1
209	731	1
545	887	1
523	240	1
243	924	1
994	340	1
924	171	1
410	48	1
479	386	1
983	89	1
399	780	1
463	609	1
706	561	1
991	153	1
971	857	1
984	506	1
575	967	1
253	886	1
471	404	1
85	511	1
640	828	1
36	367	1
723	873	1
684	380	1
443	234	1
318	364	1
708	887	1
885	230	1
737	941	1
23	767	1
535	324	1
831	724	1
974	231	1
420	444	1
953	700	1
670	429	1
602	724	1
626	199	1
405	747	1
551	957	1
455	461	1
851	649	1
146	199	1
70	309	1
742	306	1
102	660	1
888	722	1
972	358	1
560	464	1
232	287	1
410	678	1
480	323	1
21	695	1
833	781	1
250	112	1
274	592	1
22	803	1
477	996	1
390	393	1
684	399	1
704	114	1
993	679	1
963	759	1
380	293	1
25	1	1
982	745	1
755	236	1
633	62	1
961	292	1
6	652	1
47	279	1
55	201	1
492	554	1
688	857	1
367	228	1
584	714	1
725	517	1
409	706	1
884	237	1
685	202	1
484	45	1
203	401	1
400	598	1
21	897	1
863	312	1
465	921	1
424	952	1
402	278	1
398	810	1
5	286	1
535	716	1
67	252	1
893	357	1
148	937	1
779	875	1
804	135	1
661	248	1
227	623	1
466	366	1
906	648	1
747	66	1
524	815	1
509	651	1
428	270	1
506	103	1
978	399	1
155	565	1
41	525	1
881	562	1
561	820	1
505	541	1
154	301	1
17	562	1
297	641	1
881	285	1
978	121	1
242	696	1
407	982	1
389	111	1
655	305	1
556	504	1
197	982	1
34	589	1
365	526	1
400	366	1
317	588	1
999	259	1
602	670	1
227	352	1
589	67	1
326	200	1
956	794	1
728	650	1
974	964	1
490	355	1
580	613	1
145	249	1
435	659	1
595	398	1
187	844	1
905	422	1
135	96	1
288	394	1
901	831	1
869	397	1
142	16	1
836	854	1
938	984	1
336	410	1
728	594	1
67	116	1
101	556	1
440	143	1
465	896	1
87	985	1
124	844	1
455	824	1
31	462	1
777	184	1
152	783	1
174	89	1
390	469	1
232	370	1
25	455	1
399	796	1
758	726	1
991	966	1
887	564	1
435	534	1
924	174	1
195	661	1
483	233	1
975	948	1
92	231	1
834	988	1
961	932	1
569	297	1
534	729	1
683	466	1
390	579	1
920	892	1
191	428	1
243	554	1
340	471	1
855	461	1
248	87	1
235	788	1
244	207	1
559	777	1
523	146	1
486	54	1
838	832	1
616	901	1
794	651	1
317	702	1
852	346	1
232	300	1
390	500	1
974	624	1
886	260	1
252	355	1
450	208	1
951	665	1
844	168	1
145	484	1
848	652	1
415	317	1
707	737	1
626	193	1
434	512	1
191	374	1
419	869	1
142	175	1
103	254	1
684	238	1
34	223	1
937	94	1
55	611	1
29	22	1
197	442	1
490	276	1
45	399	1
839	578	1
588	434	1
78	330	1
236	194	1
504	87	1
994	310	1
369	544	1
524	804	1
903	773	1
523	254	1
437	9	1
635	97	1
961	289	1
808	547	1
546	631	1
797	800	1
854	476	1
432	50	1
489	301	1
395	353	1
482	505	1
892	972	-1
767	815	-1
695	877	-1
598	132	-1
596	72	-1
398	885	-1
78	511	-1
830	527	-1
543	832	-1
728	520	-1
593	703	-1
380	387	-1
424	152	-1
267	824	-1
647	576	-1
144	484	-1
126	86	-1
50	283	-1
310	371	-1
111	666	-1
710	347	-1
506	749	-1
790	560	-1
242	133	-1
847	749	-1
173	315	-1
923	776	-1
698	692	-1
262	780	-1
365	302	-1
303	48	-1
999	28	-1
13	436	-1
277	928	-1
585	617	-1
184	422	-1
384	996	-1
23	357	-1
694	856	-1
893	919	-1
402	461	-1
766	901	-1
994	638	-1
461	892	-1
278	596	-1
773	188	-1
810	666	-1
474	265	-1
995	735	-1
127	39	-1
810	685	-1
763	726	-1
592	600	-1
655	40	-1
665	851	-1
412	107	-1
437	419	-1
362	551	-1
258	454	-1
244	118	-1
958	930	-1
552	267	-1
141	878	-1
645	384	-1
39	220	-1
813	146	-1
23	899	-1
299	80	-1
776	602	-1
242	362	-1
888	227	-1
721	633	-1
146	570	-1
514	267	-1
530	117	-1
810	74	-1
29	460	-1
85	424	-1
96	979	-1
749	63	-1
753	683	-1
915	816	-1
388	286	-1
142	605	-1
248	701	-1
988	967	-1
231	563	-1
250	933	-1
887	564	-1
314	248	-1
851	819	-1
670	253	-1
751	241	-1
389	349	-1
413	864	-1
344	424	-1
170	349	-1
52	267	-1
830	991	-1
183	1	-1
723	598	-1
613	903	-1
381	585	-1
627	272	-1
413	49	-1
66	29	-1
362	529	-1
918	943	-1
149	252	-1
654	15	-1
263	902	-1
719	878	-1
448	599	-1
883	34	-1
406	802	-1
772	869	-1
773	530	-1
903	649	-1
674	390	-1
549	222	-1
49	277	-1
893	305	-1
321	553	-1
810	47	-1
932	486	-1
3	823	-1
983	954	-1
276	263	-1
966	111	-1
512	653	-1
591	718	-1
866	308	-1
407	487	-1
30	585	-1
760	319	-1
918	894	-1
139	852	-1
681	235	-1
710	740	-1
254	886	-1
258	349	-1
61	314	-1
813	152	-1
981	507	-1
287	649	-1
968	755	-1
550	518	-1
490	51	-1
500	82	-1
663	448	-1
427	955	-1
270	409	-1
135	168	-1
771	276	-1
58	610	-1
269	542	-1
225	508	-1
801	805	-1
556	957	-1
127	45	-1
228	194	-1
333	471	-1
496	550	-1
331	182	-1
827	413	-1
467	331	-1
722	644	-1
170	354	-1
118	111	-1
396	29	-1
708	559	-1
52	293	-1
253	724	-1
586	64	-1
825	493	-1
52	238	-1
221	631	-1
2	985	-1
116	262	-1
453	20	-1
772	881	-1
422	266	-1
911	74	-1
251	669	-1
200	260	-1
288	55	-1
47	184	-1
583	428	-1
135	508	-1
431	658	-1
808	638	-1
48	519	-1
966	296	-1
301	621	-1
846	651	-1
668	427	-1
300	340	-1
768	763	-1
267	377	-1
503	678	-1
931	624	-1
889	263	-1
808	312	-1
264	802	-1
12	280	-1
700	388	-1
619	217	-1
877	368	-1
806	195	-1
429	539	-1
186	433	-1
310	696	-1
339	484	-1
161	702	-1
60	351	-1
106	154	-1
620	903	-1
144	580	-1
95	990	-1
222	531	-1
659	86	-1
285	184	-1
959	705	-1
561	338	-1
826	390	-1
599	851	-1
239	79	-1
483	389	-1
747	48	-1
530	308	-1
384	108	-1
527	331	-1
104	554	-1
95	233	-1
620	205	-1
583	441	-1
944	680	-1
271	316	-1
549	552	-1
407	493	-1
740	945	-1
144	813	-1
595	684	-1
659	308	-1
373	931	-1
587	794	-1
888	216	-1
319	703	-1
109	480	-1
