750	954	1
755	141	1
247	849	1
253	786	1
759	684	1
774	584	1
757	582	1
255	768	1
256	60	1
258	227	1
760	730	1
254	983	1
248	832	1
751	821	1
747	999	1
519	412	1
257	492	1
260	848	1
258	95	1
261	138	1
775	447	1
256	327	1
752	732	1
255	473	1
255	775	1
765	954	1
256	367	1
261	8	1
257	760	1
257	854	1
258	551	1
757	702	1
759	525	1
258	987	1
260	732	1
756	795	1
255	973	1
254	615	1
739	261	1
751	716	1
259	419	1
755	367	1
763	842	1
758	870	1
757	509	1
765	834	1
761	30	1
260	812	1
756	746	1
242	863	1
239	675	1
754	295	1
755	46	1
257	587	1
750	31	1
760	196	1
255	320	1
779	624	1
260	831	1
758	490	1
251	436	1
260	889	1
257	507	1
262	192	1
251	10	1
248	189	1
254	629	1
260	693	1
756	912	1
247	732	1
759	692	1
758	329	1
244	694	1
249	757	1
250	419	1
261	77	1
243	606	1
760	883	1
257	837	1
757	285	1
759	720	1
251	812	1
755	763	1
757	482	1
252	675	1
752	311	1
750	107	1
255	314	1
255	868	1
823	825	1
260	210	1
258	425	1
752	844	1
759	555	1
730	347	1
755	123	1
755	443	1
758	548	1
256	513	1
761	184	1
262	936	1
754	12	1
257	724	1
759	499	1
756	426	1
752	457	1
250	144	1
259	535	1
253	73	1
256	750	1
257	265	1
249	430	1
756	754	1
741	151	1
259	698	1
256	897	1
750	585	1
766	540	1
765	605	1
254	298	1
755	436	1
267	430	1
761	107	1
758	712	1
744	83	1
746	882	1
256	31	1
768	86	1
259	117	1
260	580	1
756	807	1
256	46	1
738	626	1
251	721	1
256	258	1
766	261	1
756	323	1
775	456	1
757	672	1
255	39	1
250	935	1
763	316	1
249	532	1
264	275	1
747	992	1
757	396	1
254	603	1
246	557	1
263	144	1
263	785	1
264	555	1
239	499	1
747	192	1
760	850	1
258	231	1
756	742	1
302	229	1
763	948	1
756	274	1
280	311	1
755	152	1
762	938	1
248	749	1
757	412	1
269	724	1
759	877	1
739	943	1
756	362	1
755	332	1
758	454	1
256	290	1
259	166	1
741	837	1
256	272	1
738	930	1
737	956	1
755	257	1
256	741	1
763	822	1
759	536	1
260	217	1
258	872	1
248	739	1
255	281	1
256	568	1
258	221	1
756	302	1
258	238	1
260	679	1
257	0	1
265	606	1
251	958	1
264	955	1
269	675	1
730	325	1
760	996	1
256	387	1
258	251	1
251	887	1
252	305	1
756	814	1
736	455	1
755	84	1
273	753	1
774	998	1
261	408	1
253	780	1
257	393	1
754	928	1
753	630	1
251	407	1
260	185	1
758	857	1
259	302	1
760	342	1
255	576	1
263	204	1
240	582	1
755	352	1
757	503	1
259	129	1
262	947	1
252	379	1
754	625	1
753	595	1
778	351	1
750	179	1
766	150	1
257	278	1
259	380	1
755	288	1
260	197	1
755	265	1
276	191	1
753	836	1
245	551	1
249	953	1
753	96	1
754	345	1
256	822	1
756	575	1
766	626	1
760	310	1
752	604	1
256	916	1
258	498	1
749	688	1
765	927	1
516	259	1
793	944	1
287	279	1
8	867	-1
9	572	-1
990	870	-1
505	284	-1
10	384	-1
4	51	-1
505	574	-1
504	879	-1
478	257	-1
505	637	-1
17	327	-1
4	829	-1
505	242	-1
1	149	-1
11	447	-1
770	538	-1
996	581	-1
19	838	-1
498	19	-1
506	845	-1
2	89	-1
7	298	-1
543	424	-1
7	391	-1
508	438	-1
500	770	-1
26	813	-1
7	982	-1
515	29	-1
269	195	-1
3	60	-1
506	528	-1
6	899	-1
506	233	-1
6	857	-1
530	646	-1
7	841	-1
10	344	-1
506	84	-1
6	605	-1
501	453	-1
495	435	-1
997	519	-1
505	679	-1
507	932	-1
504	696	-1
510	311	-1
5	484	-1
34	530	-1
481	778	-1
9	539	-1
8	517	-1
17	665	-1
10	440	-1
13	146	-1
996	385	-1
7	425	-1
1	108	-1
15	602	-1
257	422	-1
506	562	-1
9	87	-1
504	705	-1
499	912	-1
502	993	-1
7	208	-1
16	751	-1
517	19	-1
6	327	-1
511	805	-1
990	811	-1
511	417	-1
5	500	-1
6	634	-1
998	843	-1
10	430	-1
0	977	-1
7	906	-1
4	103	-1
7	886	-1
505	292	-1
507	965	-1
510	648	-1
514	410	-1
504	190	-1
505	129	-1
505	148	-1
506	16	-1
999	441	-1
2	556	-1
7	235	-1
10	369	-1
510	404	-1
479	239	-1
504	163	-1
10	686	-1
5	44	-1
506	262	-1
505	667	-1
8	552	-1
505	70	-1
6	958	-1
6	415	-1
506	908	-1
494	889	-1
517	913	-1
511	324	-1
6	937	-1
505	49	-1
12	812	-1
11	678	-1
6	922	-1
996	347	-1
995	531	-1
515	430	-1
4	21	-1
2	813	-1
9	874	-1
1	621	-1
503	35	-1
302	231	-1
7	894	-1
506	359	-1
509	519	-1
515	589	-1
8	253	-1
514	955	-1
9	976	-1
1	449	-1
5	999	-1
22	255	-1
7	221	-1
503	249	-1
523	883	-1
36	674	-1
506	651	-1
266	727	-1
6	15	-1
762	315	-1
496	648	-1
8	526	-1
6	991	-1
522	248	-1
507	981	-1
6	266	-1
238	742	-1
506	55	-1
505	270	-1
501	26	-1
996	539	-1
508	893	-1
505	629	-1
6	913	-1
8	963	-1
510	992	-1
12	349	-1
506	830	-1
9	579	-1
11	620	-1
9	696	-1
8	796	-1
506	821	-1
3	967	-1
496	326	-1
9	948	-1
996	659	-1
502	620	-1
507	569	-1
269	278	-1
10	863	-1
827	828	-1
504	182	-1
505	99	-1
522	781	-1
510	342	-1
511	488	-1
506	428	-1
4	456	-1
500	486	-1
735	321	-1
269	206	-1
1	749	-1
13	57	-1
6	79	-1
505	753	-1
509	450	-1
508	948	-1
513	776	-1
22	580	-1
505	543	-1
507	944	-1
6	27	-1
997	602	-1
995	330	-1
505	106	-1
505	606	-1
500	807	-1
498	413	-1
765	837	-1
511	317	-1
505	553	-1
504	177	-1
994	685	-1
504	154	-1
7	398	-1
9	533	-1
475	647	-1
5	463	-1
506	956	-1
498	383	-1
3	950	-1
995	575	-1
509	385	-1
499	404	-1
9	375	-1
518	757	-1
996	673	-1
505	872	-1
507	548	-1
490	753	-1
15	109	-1
7	879	-1
997	370	-1
997	252	-1
8	721	-1
499	779	-1
506	886	-1
504	124	-1
490	954	-1
7	199	-1
495	425	-1
6	128	-1
505	80	-1
494	314	-1
504	257	-1
502	516	-1
499	340	-1
509	391	-1
506	976	-1
237	861	-1
521	256	-1
997	431	-1
505	589	-1
7	214	-1
496	587	-1
6	662	-1
505	919	-1
508	617	-1
5	491	-1
