138	489	1
173	963	1
267	960	1
42	681	1
175	860	1
468	455	1
130	332	1
662	59	1
659	452	1
741	217	1
711	345	1
674	549	1
202	317	1
680	892	1
589	490	1
178	256	1
609	968	1
649	910	1
168	226	1
168	327	1
128	286	1
328	142	1
172	99	1
155	192	1
662	308	1
681	871	1
672	391	1
667	788	1
644	200	1
172	986	1
311	882	1
170	109	1
168	354	1
643	555	1
697	690	1
676	643	1
667	363	1
169	78	1
672	200	1
166	716	1
163	744	1
664	767	1
177	245	1
176	668	1
76	886	1
165	366	1
623	531	1
164	502	1
179	314	1
916	622	1
174	19	1
649	676	1
162	429	1
573	232	1
708	987	1
166	306	1
443	494	1
86	748	1
180	891	1
440	45	1
176	427	1
617	226	1
662	484	1
170	164	1
175	89	1
666	384	1
638	23	1
668	329	1
683	531	1
658	476	1
76	877	1
258	455	1
179	497	1
633	396	1
659	886	1
435	736	1
669	108	1
672	397	1
980	842	1
172	826	1
681	936	1
154	245	1
727	639	1
673	493	1
185	73	1
689	780	1
358	42	1
121	701	1
655	940	1
656	700	1
630	776	1
672	192	1
167	6	1
81	842	1
174	919	1
130	242	1
189	190	1
185	735	1
647	164	1
656	990	1
656	982	1
525	657	1
536	18	1
685	759	1
667	357	1
672	509	1
151	738	1
166	567	1
168	289	1
672	415	1
105	981	1
180	365	1
165	517	1
176	844	1
680	968	1
670	258	1
175	478	1
611	437	1
134	379	1
689	203	1
167	550	1
615	255	1
176	550	1
704	870	1
168	241	1
665	157	1
670	218	1
968	116	1
530	749	1
682	158	1
139	476	1
628	545	1
161	878	1
669	17	1
662	542	1
169	318	1
162	788	1
442	871	1
162	738	1
940	92	1
166	301	1
702	637	1
131	571	1
332	712	1
784	644	1
283	230	1
655	971	1
224	966	1
663	291	1
669	175	1
673	312	1
681	984	1
147	568	1
156	844	1
656	144	1
684	459	1
648	607	1
155	184	1
130	342	1
165	606	1
175	838	1
197	186	1
659	30	1
667	307	1
567	125	1
170	270	1
680	874	1
714	370	1
161	894	1
169	407	1
929	881	1
524	647	1
198	236	1
138	528	1
677	293	1
146	94	1
176	934	1
169	121	1
667	349	1
662	67	1
653	642	1
106	692	1
498	334	1
667	374	1
469	313	1
699	538	1
641	98	1
661	490	1
958	328	1
122	709	1
180	881	1
878	393	1
280	854	1
173	463	1
188	527	1
697	493	1
670	267	1
678	583	1
547	57	1
483	959	1
162	771	1
179	42	1
201	498	1
999	52	1
179	561	1
433	960	1
427	619	1
264	528	1
537	698	1
174	186	1
697	553	1
148	666	1
170	152	1
175	948	1
714	186	1
669	580	1
154	851	1
196	106	1
203	675	1
166	796	1
720	657	1
185	9	1
671	206	1
627	636	1
179	38	1
148	677	1
670	677	1
718	671	1
953	396	1
668	661	1
654	633	1
714	962	1
927	992	1
670	99	1
687	67	1
135	426	1
682	947	1
690	708	1
658	466	1
162	44	1
185	748	1
176	678	1
917	210	1
169	398	1
655	953	1
160	28	1
149	935	1
121	846	1
648	662	1
660	867	1
574	652	1
472	452	-1
920	305	-1
427	352	-1
439	279	-1
936	236	-1
601	27	-1
428	652	-1
338	712	-1
930	619	-1
415	125	-1
298	452	-1
920	922	-1
926	120	-1
897	403	-1
411	260	-1
415	778	-1
910	667	-1
423	26	-1
196	491	-1
421	915	-1
114	704	-1
431	628	-1
428	578	-1
907	629	-1
931	730	-1
953	641	-1
468	463	-1
434	614	-1
543	254	-1
401	808	-1
557	228	-1
946	450	-1
447	874	-1
415	202	-1
418	523	-1
565	126	-1
670	579	-1
436	261	-1
920	207	-1
171	552	-1
925	851	-1
440	513	-1
640	558	-1
428	666	-1
424	998	-1
423	178	-1
416	116	-1
920	68	-1
868	622	-1
468	314	-1
32	889	-1
952	806	-1
923	429	-1
307	524	-1
904	452	-1
929	630	-1
920	566	-1
429	958	-1
917	908	-1
539	700	-1
921	377	-1
927	683	-1
680	198	-1
426	617	-1
921	413	-1
913	823	-1
916	755	-1
424	703	-1
957	364	-1
412	819	-1
182	751	-1
435	48	-1
460	528	-1
906	616	-1
931	270	-1
30	800	-1
439	235	-1
939	903	-1
182	258	-1
189	191	-1
929	12	-1
287	853	-1
918	621	-1
916	855	-1
327	140	-1
34	872	-1
689	708	-1
179	92	-1
532	20	-1
926	782	-1
664	30	-1
917	504	-1
916	81	-1
420	773	-1
441	872	-1
926	880	-1
311	883	-1
686	872	-1
419	458	-1
917	902	-1
917	547	-1
545	55	-1
428	591	-1
427	563	-1
451	776	-1
933	295	-1
177	40	-1
920	398	-1
931	282	-1
914	806	-1
417	507	-1
940	688	-1
439	494	-1
466	454	-1
424	421	-1
356	39	-1
340	91	-1
947	393	-1
926	135	-1
926	968	-1
925	811	-1
954	325	-1
270	961	-1
950	100	-1
418	102	-1
676	307	-1
493	333	-1
946	857	-1
917	522	-1
417	615	-1
107	981	-1
915	797	-1
431	198	-1
933	456	-1
428	570	-1
745	214	-1
912	686	-1
424	278	-1
941	179	-1
946	397	-1
923	162	-1
418	802	-1
425	83	-1
928	638	-1
284	230	-1
927	580	-1
420	864	-1
431	932	-1
926	821	-1
419	480	-1
432	636	-1
921	181	-1
419	469	-1
935	309	-1
658	668	-1
429	722	-1
134	574	-1
688	527	-1
430	809	-1
921	986	-1
930	323	-1
928	606	-1
927	759	-1
915	790	-1
856	69	-1
930	550	-1
918	9	-1
914	784	-1
695	689	-1
223	963	-1
417	516	-1
916	357	-1
660	482	-1
423	429	-1
923	996	-1
428	601	-1
950	785	-1
879	970	-1
419	487	-1
457	94	-1
392	979	-1
463	120	-1
469	630	-1
922	194	-1
916	213	-1
423	14	-1
928	366	-1
788	340	-1
416	721	-1
433	367	-1
925	21	-1
436	131	-1
921	586	-1
917	733	-1
918	863	-1
415	136	-1
419	52	-1
425	406	-1
923	241	-1
468	472	-1
419	872	-1
919	454	-1
451	71	-1
427	314	-1
469	492	-1
424	741	-1
425	694	-1
933	982	-1
174	319	-1
30	804	-1
0	53	-1
445	746	-1
427	303	-1
528	93	-1
415	934	-1
409	746	-1
386	100	-1
448	720	-1
936	210	-1
429	963	-1
85	749	-1
157	739	-1
931	510	-1
413	87	-1
780	650	-1
953	82	-1
417	726	-1
918	532	-1
423	749	-1
396	861	-1
423	34	-1
916	93	-1
575	655	-1
474	959	-1
665	487	-1
420	859	-1
932	84	-1
915	718	-1
145	850	-1
430	818	-1
931	716	-1
945	408	-1
417	636	-1
933	523	-1
420	372	-1
931	353	-1
927	598	-1
931	97	-1
404	276	-1
