171	489	1
160	963	1
173	960	1
133	681	1
170	860	1
420	455	1
169	332	1
669	59	1
668	452	1
678	217	1
669	345	1
668	549	1
187	317	1
669	892	1
647	490	1
167	256	1
645	968	1
669	910	1
166	226	1
169	327	1
165	286	1
321	142	1
169	99	1
163	192	1
670	308	1
657	871	1
669	391	1
666	788	1
662	200	1
171	986	1
234	882	1
168	109	1
169	354	1
623	555	1
689	690	1
686	643	1
669	363	1
170	78	1
670	200	1
160	716	1
168	744	1
666	767	1
184	245	1
176	668	1
146	886	1
164	366	1
666	531	1
167	502	1
169	314	1
921	622	1
171	19	1
657	676	1
168	429	1
665	232	1
684	987	1
169	306	1
449	494	1
85	748	1
178	891	1
667	45	1
179	427	1
664	226	1
668	484	1
168	164	1
170	89	1
668	384	1
669	23	1
669	329	1
680	531	1
667	476	1
146	877	1
168	455	1
167	497	1
657	396	1
668	886	1
431	736	1
668	108	1
669	397	1
115	842	1
166	826	1
671	936	1
166	245	1
717	639	1
668	493	1
170	73	1
687	780	1
366	42	1
159	701	1
671	940	1
678	700	1
666	776	1
664	192	1
166	6	1
141	842	1
169	919	1
147	242	1
180	190	1
168	735	1
663	164	1
661	990	1
661	982	1
565	657	1
532	18	1
667	759	1
669	357	1
668	509	1
155	738	1
178	567	1
173	289	1
669	415	1
171	981	1
173	365	1
169	517	1
183	844	1
672	968	1
667	258	1
173	478	1
668	437	1
169	379	1
682	203	1
165	550	1
667	255	1
174	550	1
684	870	1
166	241	1
662	157	1
662	218	1
168	116	1
668	749	1
674	158	1
164	476	1
645	545	1
168	878	1
668	17	1
668	542	1
169	318	1
166	788	1
409	871	1
167	738	1
921	92	1
169	301	1
685	637	1
152	571	1
179	712	1
773	644	1
227	230	1
672	971	1
173	966	1
663	291	1
664	175	1
673	312	1
673	984	1
165	568	1
168	844	1
665	144	1
668	459	1
667	607	1
162	184	1
169	342	1
168	606	1
183	838	1
192	186	1
660	30	1
664	307	1
667	125	1
168	270	1
667	874	1
669	370	1
165	894	1
169	407	1
928	881	1
611	647	1
183	236	1
156	528	1
674	293	1
171	94	1
173	934	1
168	121	1
669	349	1
657	67	1
659	642	1
162	692	1
669	334	1
669	374	1
662	313	1
695	538	1
658	98	1
667	490	1
961	328	1
160	709	1
180	881	1
686	393	1
290	854	1
168	463	1
169	527	1
682	493	1
667	267	1
672	583	1
547	57	1
620	959	1
166	771	1
178	42	1
181	498	1
170	52	1
177	561	1
414	960	1
423	619	1
181	528	1
659	698	1
173	186	1
668	553	1
157	666	1
169	152	1
171	948	1
664	186	1
656	580	1
164	851	1
192	106	1
200	675	1
166	796	1
690	657	1
175	9	1
662	206	1
641	636	1
171	38	1
158	677	1
676	677	1
690	671	1
920	396	1
675	661	1
661	633	1
672	962	1
927	992	1
670	99	1
670	67	1
161	426	1
671	947	1
706	708	1
668	466	1
169	44	1
204	748	1
176	678	1
910	210	1
169	398	1
672	953	1
170	28	1
163	935	1
157	846	1
657	662	1
668	867	1
657	652	1
430	452	-1
918	305	-1
419	352	-1
433	279	-1
920	236	-1
425	27	-1
420	652	-1
413	712	-1
928	619	-1
407	125	-1
413	452	-1
921	922	-1
919	120	-1
900	403	-1
417	260	-1
411	778	-1
919	667	-1
414	26	-1
173	491	-1
417	915	-1
153	704	-1
414	628	-1
419	578	-1
915	629	-1
926	730	-1
926	641	-1
426	463	-1
430	614	-1
431	254	-1
404	808	-1
421	228	-1
926	450	-1
424	874	-1
414	202	-1
423	523	-1
459	126	-1
597	579	-1
432	261	-1
914	207	-1
168	552	-1
920	851	-1
423	513	-1
620	558	-1
420	666	-1
418	998	-1
419	178	-1
408	116	-1
925	68	-1
890	622	-1
426	314	-1
921	889	-1
931	806	-1
919	429	-1
405	524	-1
898	452	-1
928	630	-1
919	566	-1
417	958	-1
919	908	-1
430	700	-1
918	377	-1
923	683	-1
673	198	-1
420	617	-1
920	413	-1
913	823	-1
914	755	-1
413	703	-1
924	364	-1
406	819	-1
202	751	-1
422	48	-1
423	528	-1
917	616	-1
919	270	-1
966	800	-1
421	235	-1
938	903	-1
401	258	-1
186	191	-1
923	12	-1
285	853	-1
918	621	-1
920	855	-1
319	140	-1
921	872	-1
713	708	-1
173	92	-1
529	20	-1
920	782	-1
665	30	-1
918	504	-1
907	81	-1
411	773	-1
410	872	-1
925	880	-1
406	883	-1
661	872	-1
413	458	-1
919	902	-1
914	547	-1
543	55	-1
419	591	-1
420	563	-1
427	776	-1
918	295	-1
176	40	-1
920	398	-1
918	282	-1
912	806	-1
422	507	-1
923	688	-1
421	494	-1
419	454	-1
420	421	-1
364	39	-1
375	91	-1
921	393	-1
918	135	-1
925	968	-1
912	811	-1
956	325	-1
412	961	-1
924	100	-1
424	102	-1
668	307	-1
419	333	-1
944	857	-1
913	522	-1
413	615	-1
939	981	-1
912	797	-1
426	198	-1
926	456	-1
420	570	-1
888	214	-1
908	686	-1
419	278	-1
925	179	-1
931	397	-1
919	162	-1
420	802	-1
423	83	-1
914	638	-1
350	230	-1
919	580	-1
422	864	-1
423	932	-1
928	821	-1
422	480	-1
429	636	-1
913	181	-1
413	469	-1
918	309	-1
668	668	-1
424	722	-1
919	574	-1
686	527	-1
421	809	-1
918	986	-1
918	323	-1
919	606	-1
925	759	-1
912	790	-1
909	69	-1
922	550	-1
916	9	-1
910	784	-1
689	689	-1
396	963	-1
423	516	-1
912	357	-1
654	482	-1
421	429	-1
920	996	-1
419	601	-1
937	785	-1
913	970	-1
421	487	-1
424	94	-1
418	979	-1
426	120	-1
429	630	-1
920	194	-1
913	213	-1
417	14	-1
913	366	-1
919	340	-1
411	721	-1
419	367	-1
920	21	-1
426	131	-1
919	586	-1
914	733	-1
920	863	-1
409	136	-1
413	52	-1
420	406	-1
920	241	-1
425	472	-1
403	872	-1
913	454	-1
419	71	-1
414	314	-1
448	492	-1
418	741	-1
413	694	-1
918	982	-1
185	319	-1
966	804	-1
920	53	-1
437	746	-1
418	303	-1
459	93	-1
410	934	-1
406	746	-1
407	100	-1
442	720	-1
926	210	-1
418	963	-1
81	749	-1
165	739	-1
918	510	-1
408	87	-1
771	650	-1
933	82	-1
412	726	-1
919	532	-1
418	749	-1
400	861	-1
415	34	-1
918	93	-1
563	655	-1
434	959	-1
673	487	-1
422	859	-1
921	84	-1
913	718	-1
165	850	-1
422	818	-1
925	716	-1
920	408	-1
414	636	-1
922	523	-1
419	372	-1
922	353	-1
919	598	-1
908	97	-1
404	276	-1
