170	489	1
159	963	1
173	960	1
137	681	1
168	860	1
418	455	1
168	332	1
669	59	1
668	452	1
668	217	1
668	345	1
669	549	1
186	317	1
668	892	1
646	490	1
167	256	1
654	968	1
669	910	1
164	226	1
168	327	1
164	286	1
317	142	1
169	99	1
163	192	1
665	308	1
663	871	1
668	391	1
666	788	1
662	200	1
170	986	1
198	882	1
168	109	1
168	354	1
610	555	1
683	690	1
683	643	1
668	363	1
169	78	1
671	200	1
161	716	1
160	744	1
667	767	1
184	245	1
176	668	1
142	886	1
164	366	1
667	531	1
166	502	1
168	314	1
920	622	1
170	19	1
658	676	1
164	429	1
665	232	1
681	987	1
168	306	1
450	494	1
86	748	1
176	891	1
667	45	1
179	427	1
665	226	1
667	484	1
168	164	1
170	89	1
668	384	1
665	23	1
668	329	1
680	531	1
667	476	1
142	877	1
168	455	1
167	497	1
656	396	1
667	886	1
432	736	1
667	108	1
668	397	1
121	842	1
165	826	1
670	936	1
165	245	1
713	639	1
667	493	1
169	73	1
683	780	1
369	42	1
159	701	1
671	940	1
675	700	1
665	776	1
664	192	1
166	6	1
145	842	1
169	919	1
145	242	1
181	190	1
174	735	1
662	164	1
658	990	1
657	982	1
563	657	1
532	18	1
667	759	1
668	357	1
668	509	1
155	738	1
178	567	1
172	289	1
668	415	1
171	981	1
173	365	1
168	517	1
187	844	1
673	968	1
666	258	1
173	478	1
668	437	1
168	379	1
684	203	1
165	550	1
666	255	1
174	550	1
684	870	1
165	241	1
661	157	1
660	218	1
168	116	1
668	749	1
673	158	1
164	476	1
645	545	1
165	878	1
666	17	1
669	542	1
168	318	1
166	788	1
407	871	1
159	738	1
919	92	1
168	301	1
683	637	1
152	571	1
178	712	1
755	644	1
182	230	1
673	971	1
173	966	1
663	291	1
664	175	1
676	312	1
672	984	1
165	568	1
170	844	1
665	144	1
668	459	1
668	607	1
162	184	1
168	342	1
168	606	1
186	838	1
192	186	1
660	30	1
684	307	1
666	125	1
168	270	1
663	874	1
668	370	1
164	894	1
168	407	1
927	881	1
609	647	1
183	236	1
156	528	1
672	293	1
170	94	1
174	934	1
168	121	1
668	349	1
656	67	1
660	642	1
162	692	1
668	334	1
668	374	1
665	313	1
695	538	1
658	98	1
668	490	1
960	328	1
160	709	1
176	881	1
685	393	1
287	854	1
168	463	1
169	527	1
681	493	1
666	267	1
674	583	1
549	57	1
624	959	1
167	771	1
178	42	1
180	498	1
169	52	1
177	561	1
413	960	1
423	619	1
181	528	1
658	698	1
173	186	1
669	553	1
158	666	1
169	152	1
171	948	1
664	186	1
661	580	1
166	851	1
191	106	1
199	675	1
166	796	1
686	657	1
175	9	1
662	206	1
641	636	1
171	38	1
159	677	1
677	677	1
676	671	1
925	396	1
676	661	1
661	633	1
672	962	1
924	992	1
670	99	1
670	67	1
164	426	1
671	947	1
674	708	1
667	466	1
169	44	1
174	748	1
175	678	1
912	210	1
168	398	1
671	953	1
170	28	1
163	935	1
161	846	1
657	662	1
663	867	1
657	652	1
429	452	-1
918	305	-1
419	352	-1
432	279	-1
918	236	-1
426	27	-1
421	652	-1
414	712	-1
926	619	-1
407	125	-1
413	452	-1
921	922	-1
918	120	-1
900	403	-1
416	260	-1
412	778	-1
918	667	-1
413	26	-1
173	491	-1
417	915	-1
153	704	-1
414	628	-1
417	578	-1
914	629	-1
925	730	-1
925	641	-1
427	463	-1
430	614	-1
430	254	-1
404	808	-1
425	228	-1
926	450	-1
420	874	-1
413	202	-1
423	523	-1
452	126	-1
425	579	-1
431	261	-1
915	207	-1
168	552	-1
919	851	-1
422	513	-1
606	558	-1
420	666	-1
417	998	-1
418	178	-1
408	116	-1
925	68	-1
890	622	-1
425	314	-1
921	889	-1
930	806	-1
919	429	-1
407	524	-1
898	452	-1
927	630	-1
917	566	-1
411	958	-1
919	908	-1
429	700	-1
918	377	-1
922	683	-1
675	198	-1
421	617	-1
920	413	-1
913	823	-1
914	755	-1
414	703	-1
924	364	-1
406	819	-1
381	751	-1
422	48	-1
423	528	-1
916	616	-1
918	270	-1
964	800	-1
425	235	-1
938	903	-1
400	258	-1
185	191	-1
923	12	-1
291	853	-1
917	621	-1
919	855	-1
316	140	-1
921	872	-1
916	708	-1
173	92	-1
529	20	-1
920	782	-1
662	30	-1
917	504	-1
907	81	-1
412	773	-1
395	872	-1
925	880	-1
420	883	-1
662	872	-1
415	458	-1
919	902	-1
913	547	-1
541	55	-1
420	591	-1
420	563	-1
427	776	-1
918	295	-1
176	40	-1
919	398	-1
918	282	-1
912	806	-1
422	507	-1
922	688	-1
422	494	-1
420	454	-1
420	421	-1
367	39	-1
378	91	-1
919	393	-1
918	135	-1
930	968	-1
912	811	-1
954	325	-1
411	961	-1
923	100	-1
423	102	-1
675	307	-1
419	333	-1
943	857	-1
912	522	-1
414	615	-1
935	981	-1
912	797	-1
425	198	-1
926	456	-1
419	570	-1
906	214	-1
908	686	-1
418	278	-1
924	179	-1
926	397	-1
918	162	-1
420	802	-1
422	83	-1
913	638	-1
407	230	-1
917	580	-1
421	864	-1
423	932	-1
927	821	-1
422	480	-1
429	636	-1
912	181	-1
413	469	-1
918	309	-1
671	668	-1
424	722	-1
917	574	-1
686	527	-1
421	809	-1
917	986	-1
918	323	-1
917	606	-1
924	759	-1
912	790	-1
909	69	-1
921	550	-1
915	9	-1
910	784	-1
685	689	-1
396	963	-1
423	516	-1
912	357	-1
653	482	-1
420	429	-1
919	996	-1
419	601	-1
937	785	-1
914	970	-1
422	487	-1
423	94	-1
417	979	-1
425	120	-1
429	630	-1
917	194	-1
915	213	-1
416	14	-1
913	366	-1
919	340	-1
413	721	-1
419	367	-1
919	21	-1
425	131	-1
917	586	-1
914	733	-1
920	863	-1
409	136	-1
412	52	-1
420	406	-1
918	241	-1
425	472	-1
404	872	-1
912	454	-1
419	71	-1
414	314	-1
447	492	-1
420	741	-1
414	694	-1
916	982	-1
184	319	-1
964	804	-1
920	53	-1
439	746	-1
418	303	-1
456	93	-1
409	934	-1
409	746	-1
407	100	-1
443	720	-1
929	210	-1
420	963	-1
77	749	-1
155	739	-1
917	510	-1
409	87	-1
846	650	-1
932	82	-1
413	726	-1
918	532	-1
420	749	-1
399	861	-1
414	34	-1
919	93	-1
561	655	-1
433	959	-1
673	487	-1
421	859	-1
921	84	-1
914	718	-1
167	850	-1
422	818	-1
925	716	-1
920	408	-1
414	636	-1
921	523	-1
419	372	-1
922	353	-1
917	598	-1
908	97	-1
404	276	-1
