128	489	1
176	963	1
267	960	1
23	681	1
175	860	1
475	455	1
117	332	1
669	59	1
646	452	1
741	217	1
720	345	1
676	549	1
208	317	1
681	892	1
572	490	1
178	256	1
602	968	1
627	910	1
168	226	1
168	327	1
115	286	1
328	142	1
173	99	1
147	192	1
671	308	1
687	871	1
675	391	1
665	788	1
643	200	1
174	986	1
311	882	1
171	109	1
168	354	1
642	555	1
697	690	1
681	643	1
669	363	1
171	78	1
678	200	1
165	716	1
162	744	1
662	767	1
180	245	1
176	668	1
68	886	1
166	366	1
610	531	1
166	502	1
186	314	1
914	622	1
176	19	1
641	676	1
163	429	1
564	232	1
713	987	1
166	306	1
445	494	1
85	748	1
184	891	1
440	45	1
178	427	1
593	226	1
664	484	1
173	164	1
176	89	1
654	384	1
626	23	1
668	329	1
686	531	1
644	476	1
68	877	1
271	455	1
180	497	1
625	396	1
662	886	1
433	736	1
669	108	1
675	397	1
967	842	1
174	826	1
683	936	1
153	245	1
731	639	1
678	493	1
190	73	1
689	780	1
358	42	1
112	701	1
656	940	1
641	700	1
614	776	1
675	192	1
171	6	1
73	842	1
176	919	1
124	242	1
191	190	1
187	735	1
642	164	1
651	990	1
666	982	1
506	657	1
535	18	1
687	759	1
669	357	1
676	509	1
155	738	1
164	567	1
168	289	1
675	415	1
110	981	1
181	365	1
168	517	1
176	844	1
682	968	1
670	258	1
176	478	1
589	437	1
120	379	1
693	203	1
169	550	1
589	255	1
178	550	1
713	870	1
168	241	1
667	157	1
669	218	1
953	116	1
508	749	1
684	158	1
129	476	1
626	545	1
162	878	1
669	17	1
661	542	1
176	318	1
159	788	1
446	871	1
160	738	1
942	92	1
166	301	1
705	637	1
129	571	1
333	712	1
785	644	1
281	230	1
652	971	1
225	966	1
659	291	1
671	175	1
682	312	1
684	984	1
143	568	1
153	844	1
647	144	1
683	459	1
632	607	1
147	184	1
117	342	1
167	606	1
176	838	1
199	186	1
660	30	1
674	307	1
567	125	1
170	270	1
685	874	1
720	370	1
165	894	1
172	407	1
928	881	1
505	647	1
202	236	1
129	528	1
675	293	1
136	94	1
177	934	1
171	121	1
668	349	1
660	67	1
660	642	1
96	692	1
496	334	1
672	374	1
470	313	1
702	538	1
626	98	1
665	490	1
957	328	1
113	709	1
180	881	1
882	393	1
283	854	1
175	463	1
204	527	1
701	493	1
670	267	1
680	583	1
546	57	1
476	959	1
162	771	1
179	42	1
204	498	1
1	52	1
180	561	1
433	960	1
428	619	1
275	528	1
537	698	1
173	186	1
701	553	1
147	666	1
173	152	1
176	948	1
727	186	1
672	580	1
145	851	1
200	106	1
204	675	1
170	796	1
725	657	1
191	9	1
668	206	1
623	636	1
180	38	1
147	677	1
671	677	1
722	671	1
954	396	1
670	661	1
651	633	1
719	962	1
926	992	1
669	99	1
701	67	1
125	426	1
684	947	1
688	708	1
645	466	1
151	44	1
184	748	1
176	678	1
916	210	1
172	398	1
655	953	1
148	28	1
137	935	1
114	846	1
647	662	1
663	867	1
574	652	1
480	452	-1
916	305	-1
428	352	-1
441	279	-1
942	236	-1
614	27	-1
431	652	-1
337	712	-1
932	619	-1
416	125	-1
285	452	-1
922	922	-1
927	120	-1
897	403	-1
412	260	-1
413	778	-1
886	667	-1
424	26	-1
198	491	-1
423	915	-1
106	704	-1
433	628	-1
422	578	-1
905	629	-1
934	730	-1
970	641	-1
479	463	-1
435	614	-1
563	254	-1
397	808	-1
567	228	-1
950	450	-1
451	874	-1
414	202	-1
418	523	-1
565	126	-1
670	579	-1
437	261	-1
919	207	-1
172	552	-1
929	851	-1
439	513	-1
639	558	-1
430	666	-1
425	998	-1
422	178	-1
417	116	-1
920	68	-1
863	622	-1
467	314	-1
41	889	-1
959	806	-1
923	429	-1
294	524	-1
905	452	-1
931	630	-1
900	566	-1
431	958	-1
918	908	-1
539	700	-1
919	377	-1
929	683	-1
684	198	-1
426	617	-1
922	413	-1
911	823	-1
915	755	-1
420	703	-1
967	364	-1
412	819	-1
181	751	-1
435	48	-1
475	528	-1
904	616	-1
935	270	-1
43	800	-1
468	235	-1
939	903	-1
181	258	-1
192	191	-1
931	12	-1
284	853	-1
916	621	-1
916	855	-1
327	140	-1
41	872	-1
690	708	-1
180	92	-1
532	20	-1
927	782	-1
663	30	-1
917	504	-1
916	81	-1
423	773	-1
445	872	-1
925	880	-1
312	883	-1
686	872	-1
420	458	-1
918	902	-1
918	547	-1
545	55	-1
429	591	-1
422	563	-1
472	776	-1
938	295	-1
177	40	-1
920	398	-1
928	282	-1
913	806	-1
417	507	-1
943	688	-1
437	494	-1
473	454	-1
424	421	-1
356	39	-1
333	91	-1
951	393	-1
926	135	-1
927	968	-1
929	811	-1
953	325	-1
270	961	-1
953	100	-1
419	102	-1
665	307	-1
494	333	-1
948	857	-1
917	522	-1
416	615	-1
102	981	-1
914	797	-1
430	198	-1
934	456	-1
435	570	-1
746	214	-1
914	686	-1
423	278	-1
948	179	-1
952	397	-1
922	162	-1
416	802	-1
426	83	-1
931	638	-1
286	230	-1
932	580	-1
420	864	-1
432	932	-1
928	821	-1
419	480	-1
433	636	-1
921	181	-1
420	469	-1
937	309	-1
657	668	-1
431	722	-1
143	574	-1
691	527	-1
430	809	-1
920	986	-1
932	323	-1
931	606	-1
928	759	-1
913	790	-1
835	69	-1
935	550	-1
917	9	-1
913	784	-1
695	689	-1
223	963	-1
417	516	-1
916	357	-1
661	482	-1
423	429	-1
922	996	-1
427	601	-1
954	785	-1
859	970	-1
419	487	-1
466	94	-1
370	979	-1
471	120	-1
475	630	-1
921	194	-1
915	213	-1
424	14	-1
933	366	-1
775	340	-1
416	721	-1
434	367	-1
929	21	-1
437	131	-1
917	586	-1
916	733	-1
918	863	-1
415	136	-1
419	52	-1
425	406	-1
925	241	-1
479	472	-1
419	872	-1
920	454	-1
463	71	-1
426	314	-1
481	492	-1
423	741	-1
429	694	-1
932	982	-1
180	319	-1
43	804	-1
998	53	-1
446	746	-1
426	303	-1
543	93	-1
416	934	-1
408	746	-1
383	100	-1
449	720	-1
937	210	-1
430	963	-1
86	749	-1
157	739	-1
935	510	-1
413	87	-1
780	650	-1
955	82	-1
416	726	-1
918	532	-1
422	749	-1
394	861	-1
424	34	-1
915	93	-1
575	655	-1
481	959	-1
668	487	-1
420	859	-1
932	84	-1
915	718	-1
154	850	-1
430	818	-1
934	716	-1
948	408	-1
416	636	-1
937	523	-1
420	372	-1
934	353	-1
931	598	-1
931	97	-1
404	276	-1
