750	954	1
755	141	1
248	849	1
252	786	1
759	684	1
775	584	1
758	582	1
256	768	1
256	60	1
255	227	1
760	730	1
258	983	1
248	832	1
751	821	1
747	999	1
521	412	1
257	492	1
257	848	1
257	95	1
261	138	1
775	447	1
256	327	1
752	732	1
255	473	1
256	775	1
764	954	1
256	367	1
260	8	1
259	760	1
257	854	1
259	551	1
758	702	1
759	525	1
254	987	1
262	732	1
756	795	1
256	973	1
254	615	1
739	261	1
750	716	1
259	419	1
755	367	1
750	842	1
756	870	1
758	509	1
753	834	1
761	30	1
259	812	1
755	746	1
242	863	1
239	675	1
755	295	1
755	46	1
257	587	1
750	31	1
760	196	1
256	320	1
778	624	1
258	831	1
759	490	1
252	436	1
259	889	1
257	507	1
261	192	1
251	10	1
249	189	1
254	629	1
261	693	1
756	912	1
249	732	1
760	692	1
753	329	1
245	694	1
248	757	1
248	419	1
261	77	1
242	606	1
760	883	1
258	837	1
757	285	1
759	720	1
251	812	1
756	763	1
758	482	1
251	675	1
752	311	1
749	107	1
254	314	1
255	868	1
825	825	1
262	210	1
251	425	1
759	844	1
758	555	1
730	347	1
755	123	1
755	443	1
759	548	1
255	513	1
761	184	1
262	936	1
754	12	1
249	724	1
758	499	1
756	426	1
752	457	1
250	144	1
259	535	1
253	73	1
247	750	1
257	265	1
251	430	1
756	754	1
741	151	1
259	698	1
256	897	1
751	585	1
760	540	1
765	605	1
253	298	1
756	436	1
265	430	1
760	107	1
759	712	1
743	83	1
747	882	1
256	31	1
768	86	1
258	117	1
256	580	1
755	807	1
256	46	1
738	626	1
259	721	1
257	258	1
766	261	1
757	323	1
774	456	1
757	672	1
255	39	1
249	935	1
763	316	1
249	532	1
282	275	1
747	992	1
756	396	1
254	603	1
246	557	1
262	144	1
259	785	1
263	555	1
239	499	1
747	192	1
756	850	1
261	231	1
757	742	1
310	229	1
763	948	1
756	274	1
278	311	1
755	152	1
762	938	1
260	749	1
757	412	1
266	724	1
758	877	1
739	943	1
756	362	1
757	332	1
758	454	1
255	290	1
258	166	1
766	837	1
255	272	1
738	930	1
737	956	1
755	257	1
259	741	1
760	822	1
758	536	1
256	217	1
257	872	1
247	739	1
253	281	1
257	568	1
262	221	1
755	302	1
259	238	1
260	679	1
256	0	1
264	606	1
251	958	1
264	955	1
268	675	1
724	325	1
759	996	1
256	387	1
258	251	1
251	887	1
253	305	1
756	814	1
737	455	1
755	84	1
258	753	1
774	998	1
259	408	1
254	780	1
256	393	1
754	928	1
754	630	1
251	407	1
261	185	1
756	857	1
262	302	1
756	342	1
258	576	1
263	204	1
240	582	1
755	352	1
759	503	1
259	129	1
262	947	1
252	379	1
754	625	1
754	595	1
777	351	1
750	179	1
766	150	1
258	278	1
259	380	1
752	288	1
263	197	1
755	265	1
279	191	1
762	836	1
245	551	1
249	953	1
753	96	1
755	345	1
256	822	1
757	575	1
766	626	1
758	310	1
753	604	1
256	916	1
258	498	1
749	688	1
765	927	1
514	259	1
793	944	1
287	279	1
7	867	-1
8	572	-1
989	870	-1
505	284	-1
9	384	-1
3	51	-1
506	574	-1
505	879	-1
477	257	-1
505	637	-1
17	327	-1
4	829	-1
504	242	-1
1	149	-1
11	447	-1
849	538	-1
996	581	-1
18	838	-1
497	19	-1
505	845	-1
2	89	-1
6	298	-1
542	424	-1
7	391	-1
507	438	-1
499	770	-1
25	813	-1
7	982	-1
515	29	-1
272	195	-1
2	60	-1
506	528	-1
7	899	-1
506	233	-1
7	857	-1
530	646	-1
7	841	-1
10	344	-1
505	84	-1
6	605	-1
501	453	-1
494	435	-1
997	519	-1
505	679	-1
506	932	-1
504	696	-1
510	311	-1
5	484	-1
34	530	-1
480	778	-1
9	539	-1
8	517	-1
16	665	-1
10	440	-1
12	146	-1
996	385	-1
7	425	-1
1	108	-1
15	602	-1
239	422	-1
505	562	-1
9	87	-1
504	705	-1
503	912	-1
502	993	-1
7	208	-1
15	751	-1
517	19	-1
6	327	-1
511	805	-1
989	811	-1
511	417	-1
5	500	-1
5	634	-1
998	843	-1
9	430	-1
999	977	-1
5	906	-1
3	103	-1
6	886	-1
505	292	-1
507	965	-1
511	648	-1
512	410	-1
504	190	-1
504	129	-1
504	148	-1
505	16	-1
999	441	-1
5	556	-1
6	235	-1
10	369	-1
511	404	-1
479	239	-1
504	163	-1
10	686	-1
4	44	-1
507	262	-1
505	667	-1
5	552	-1
505	70	-1
5	958	-1
5	415	-1
504	908	-1
493	889	-1
518	913	-1
511	324	-1
6	937	-1
504	49	-1
11	812	-1
10	678	-1
6	922	-1
995	347	-1
995	531	-1
514	430	-1
4	21	-1
2	813	-1
10	874	-1
1	621	-1
502	35	-1
320	231	-1
5	894	-1
505	359	-1
508	519	-1
514	589	-1
7	253	-1
505	955	-1
8	976	-1
1	449	-1
5	999	-1
22	255	-1
7	221	-1
504	249	-1
523	883	-1
36	674	-1
505	651	-1
272	727	-1
6	15	-1
758	315	-1
496	648	-1
9	526	-1
6	991	-1
523	248	-1
507	981	-1
5	266	-1
241	742	-1
505	55	-1
505	270	-1
500	26	-1
996	539	-1
507	893	-1
505	629	-1
5	913	-1
3	963	-1
510	992	-1
10	349	-1
505	830	-1
9	579	-1
11	620	-1
9	696	-1
7	796	-1
505	821	-1
8	967	-1
496	326	-1
8	948	-1
996	659	-1
503	620	-1
506	569	-1
277	278	-1
8	863	-1
829	828	-1
504	182	-1
505	99	-1
521	781	-1
510	342	-1
510	488	-1
506	428	-1
4	456	-1
500	486	-1
719	321	-1
271	206	-1
1	749	-1
13	57	-1
5	79	-1
504	753	-1
509	450	-1
507	948	-1
512	776	-1
22	580	-1
504	543	-1
508	944	-1
6	27	-1
997	602	-1
994	330	-1
504	106	-1
505	606	-1
499	807	-1
498	413	-1
784	837	-1
510	317	-1
506	553	-1
504	177	-1
994	685	-1
505	154	-1
6	398	-1
8	533	-1
475	647	-1
4	463	-1
514	956	-1
498	383	-1
3	950	-1
994	575	-1
509	385	-1
498	404	-1
9	375	-1
517	757	-1
995	673	-1
504	872	-1
507	548	-1
490	753	-1
14	109	-1
6	879	-1
996	370	-1
997	252	-1
7	721	-1
499	779	-1
505	886	-1
505	124	-1
489	954	-1
6	199	-1
495	425	-1
6	128	-1
504	80	-1
494	314	-1
505	257	-1
502	516	-1
499	340	-1
507	391	-1
506	976	-1
237	861	-1
522	256	-1
998	431	-1
505	589	-1
7	214	-1
496	587	-1
6	662	-1
504	919	-1
507	617	-1
5	491	-1
