750	954	1
755	141	1
248	849	1
253	786	1
760	684	1
775	584	1
758	582	1
255	768	1
256	60	1
261	227	1
760	730	1
257	983	1
249	832	1
752	821	1
747	999	1
517	412	1
258	492	1
258	848	1
257	95	1
262	138	1
775	447	1
256	327	1
753	732	1
256	473	1
255	775	1
764	954	1
256	367	1
261	8	1
258	760	1
258	854	1
260	551	1
757	702	1
759	525	1
255	987	1
264	732	1
756	795	1
256	973	1
255	615	1
739	261	1
751	716	1
259	419	1
755	367	1
760	842	1
758	870	1
758	509	1
760	834	1
761	30	1
260	812	1
756	746	1
242	863	1
239	675	1
756	295	1
755	46	1
257	587	1
750	31	1
760	196	1
255	320	1
779	624	1
259	831	1
757	490	1
251	436	1
260	889	1
257	507	1
261	192	1
251	10	1
247	189	1
254	629	1
260	693	1
756	912	1
252	732	1
760	692	1
756	329	1
245	694	1
250	757	1
251	419	1
261	77	1
243	606	1
760	883	1
258	837	1
755	285	1
759	720	1
251	812	1
756	763	1
758	482	1
252	675	1
754	311	1
749	107	1
255	314	1
257	868	1
824	825	1
264	210	1
250	425	1
752	844	1
759	555	1
731	347	1
755	123	1
755	443	1
759	548	1
257	513	1
762	184	1
262	936	1
754	12	1
258	724	1
757	499	1
757	426	1
752	457	1
250	144	1
259	535	1
253	73	1
245	750	1
257	265	1
250	430	1
756	754	1
741	151	1
260	698	1
256	897	1
750	585	1
761	540	1
765	605	1
255	298	1
756	436	1
267	430	1
760	107	1
759	712	1
744	83	1
747	882	1
256	31	1
768	86	1
258	117	1
258	580	1
756	807	1
256	46	1
738	626	1
250	721	1
257	258	1
766	261	1
756	323	1
775	456	1
757	672	1
256	39	1
250	935	1
756	316	1
249	532	1
286	275	1
747	992	1
757	396	1
255	603	1
245	557	1
262	144	1
262	785	1
261	555	1
240	499	1
747	192	1
757	850	1
258	231	1
756	742	1
308	229	1
764	948	1
755	274	1
279	311	1
755	152	1
762	938	1
258	749	1
757	412	1
267	724	1
759	877	1
739	943	1
756	362	1
756	332	1
758	454	1
256	290	1
259	166	1
760	837	1
256	272	1
738	930	1
738	956	1
755	257	1
256	741	1
760	822	1
762	536	1
256	217	1
257	872	1
244	739	1
255	281	1
257	568	1
262	221	1
756	302	1
258	238	1
260	679	1
256	0	1
265	606	1
250	958	1
264	955	1
269	675	1
727	325	1
759	996	1
256	387	1
258	251	1
251	887	1
255	305	1
756	814	1
736	455	1
755	84	1
270	753	1
774	998	1
261	408	1
254	780	1
256	393	1
754	928	1
754	630	1
250	407	1
262	185	1
757	857	1
256	302	1
755	342	1
256	576	1
264	204	1
240	582	1
755	352	1
758	503	1
259	129	1
262	947	1
252	379	1
754	625	1
754	595	1
778	351	1
750	179	1
766	150	1
257	278	1
259	380	1
755	288	1
266	197	1
755	265	1
267	191	1
751	836	1
245	551	1
250	953	1
753	96	1
756	345	1
256	822	1
756	575	1
766	626	1
759	310	1
752	604	1
256	916	1
258	498	1
749	688	1
765	927	1
511	259	1
793	944	1
276	279	1
8	867	-1
8	572	-1
989	870	-1
504	284	-1
9	384	-1
4	51	-1
506	574	-1
505	879	-1
478	257	-1
506	637	-1
17	327	-1
4	829	-1
504	242	-1
1	149	-1
10	447	-1
767	538	-1
996	581	-1
18	838	-1
498	19	-1
506	845	-1
2	89	-1
7	298	-1
542	424	-1
8	391	-1
507	438	-1
499	770	-1
25	813	-1
5	982	-1
515	29	-1
271	195	-1
3	60	-1
506	528	-1
6	899	-1
505	233	-1
7	857	-1
529	646	-1
7	841	-1
11	344	-1
505	84	-1
6	605	-1
501	453	-1
494	435	-1
997	519	-1
505	679	-1
506	932	-1
504	696	-1
510	311	-1
5	484	-1
34	530	-1
481	778	-1
8	539	-1
8	517	-1
16	665	-1
10	440	-1
12	146	-1
996	385	-1
8	425	-1
2	108	-1
15	602	-1
254	422	-1
506	562	-1
9	87	-1
504	705	-1
504	912	-1
502	993	-1
7	208	-1
15	751	-1
517	19	-1
6	327	-1
511	805	-1
989	811	-1
509	417	-1
5	500	-1
6	634	-1
998	843	-1
8	430	-1
2	977	-1
6	906	-1
3	103	-1
7	886	-1
505	292	-1
507	965	-1
507	648	-1
520	410	-1
504	190	-1
504	129	-1
504	148	-1
505	16	-1
999	441	-1
6	556	-1
6	235	-1
9	369	-1
508	404	-1
479	239	-1
504	163	-1
10	686	-1
5	44	-1
506	262	-1
505	667	-1
5	552	-1
505	70	-1
4	958	-1
6	415	-1
504	908	-1
494	889	-1
517	913	-1
511	324	-1
6	937	-1
505	49	-1
11	812	-1
10	678	-1
6	922	-1
995	347	-1
995	531	-1
515	430	-1
5	21	-1
2	813	-1
7	874	-1
1	621	-1
503	35	-1
312	231	-1
6	894	-1
505	359	-1
508	519	-1
514	589	-1
7	253	-1
516	955	-1
9	976	-1
1	449	-1
5	999	-1
22	255	-1
7	221	-1
504	249	-1
523	883	-1
36	674	-1
508	651	-1
270	727	-1
5	15	-1
772	315	-1
496	648	-1
8	526	-1
5	991	-1
523	248	-1
507	981	-1
5	266	-1
240	742	-1
505	55	-1
505	270	-1
501	26	-1
996	539	-1
507	893	-1
505	629	-1
6	913	-1
9	963	-1
510	992	-1
10	349	-1
506	830	-1
8	579	-1
11	620	-1
9	696	-1
8	796	-1
505	821	-1
3	967	-1
496	326	-1
9	948	-1
996	659	-1
505	620	-1
505	569	-1
278	278	-1
8	863	-1
828	828	-1
504	182	-1
505	99	-1
522	781	-1
510	342	-1
511	488	-1
506	428	-1
4	456	-1
500	486	-1
723	321	-1
274	206	-1
1	749	-1
13	57	-1
6	79	-1
505	753	-1
509	450	-1
507	948	-1
512	776	-1
22	580	-1
505	543	-1
507	944	-1
5	27	-1
997	602	-1
994	330	-1
505	106	-1
505	606	-1
499	807	-1
499	413	-1
780	837	-1
510	317	-1
506	553	-1
504	177	-1
994	685	-1
504	154	-1
6	398	-1
8	533	-1
475	647	-1
4	463	-1
506	956	-1
499	383	-1
3	950	-1
995	575	-1
509	385	-1
498	404	-1
9	375	-1
517	757	-1
996	673	-1
505	872	-1
506	548	-1
490	753	-1
15	109	-1
7	879	-1
996	370	-1
997	252	-1
7	721	-1
499	779	-1
506	886	-1
504	124	-1
490	954	-1
7	199	-1
495	425	-1
6	128	-1
505	80	-1
494	314	-1
506	257	-1
502	516	-1
499	340	-1
507	391	-1
506	976	-1
237	861	-1
522	256	-1
997	431	-1
505	589	-1
7	214	-1
496	587	-1
6	662	-1
504	919	-1
505	617	-1
5	491	-1
