997	478	1
631	294	1
282	56	1
722	359	1
455	413	1
934	487	1
994	581	1
455	121	1
916	942	1
223	731	1
489	887	1
493	240	1
255	924	1
983	340	1
980	171	1
411	48	1
490	386	1
982	89	1
450	780	1
483	609	1
707	561	1
979	153	1
970	857	1
983	506	1
483	967	1
257	886	1
482	404	1
79	511	1
598	828	1
14	367	1
713	873	1
690	380	1
454	234	1
323	364	1
717	887	1
932	230	1
725	941	1
997	767	1
509	324	1
911	724	1
980	231	1
451	444	1
959	700	1
678	429	1
574	724	1
561	199	1
463	747	1
549	957	1
448	461	1
900	649	1
74	199	1
49	309	1
740	306	1
27	660	1
956	722	1
988	358	1
479	464	1
213	287	1
460	678	1
474	323	1
995	695	1
908	781	1
271	112	1
261	592	1
0	803	1
484	996	1
447	393	1
691	399	1
653	114	1
969	679	1
960	759	1
392	293	1
979	1	1
957	745	1
765	236	1
602	62	1
980	292	1
989	652	1
94	279	1
979	201	1
492	554	1
697	857	1
429	228	1
575	714	1
717	517	1
454	706	1
935	237	1
658	202	1
484	45	1
201	401	1
430	598	1
22	897	1
839	312	1
477	921	1
425	952	1
433	278	1
440	810	1
8	286	1
500	716	1
44	252	1
959	357	1
1	937	1
768	875	1
803	135	1
660	248	1
248	623	1
485	366	1
910	648	1
747	66	1
506	815	1
514	651	1
445	270	1
470	103	1
973	399	1
173	565	1
19	525	1
914	562	1
553	820	1
489	541	1
107	301	1
996	562	1
431	641	1
942	285	1
965	121	1
215	696	1
448	982	1
385	111	1
629	305	1
489	504	1
163	982	1
27	589	1
368	526	1
444	366	1
374	588	1
979	259	1
506	670	1
184	352	1
602	67	1
443	200	1
949	794	1
739	650	1
976	964	1
485	355	1
599	613	1
161	249	1
433	659	1
514	398	1
194	844	1
963	422	1
63	96	1
333	394	1
972	831	1
949	397	1
57	16	1
912	854	1
982	984	1
441	410	1
739	594	1
981	116	1
106	556	1
451	143	1
458	896	1
54	985	1
12	844	1
463	824	1
21	462	1
763	184	1
26	783	1
165	89	1
395	469	1
241	370	1
9	455	1
442	796	1
764	726	1
991	966	1
954	564	1
445	534	1
980	174	1
217	661	1
480	233	1
977	948	1
105	231	1
835	988	1
959	932	1
500	297	1
499	729	1
678	466	1
452	579	1
916	892	1
189	428	1
270	554	1
335	471	1
957	461	1
267	87	1
229	788	1
219	207	1
506	777	1
479	146	1
486	54	1
908	832	1
622	901	1
762	651	1
315	702	1
941	346	1
212	300	1
382	500	1
956	624	1
891	260	1
242	355	1
480	208	1
952	665	1
934	168	1
145	484	1
880	652	1
442	317	1
702	737	1
561	193	1
437	512	1
201	374	1
429	869	1
106	175	1
103	254	1
691	238	1
39	223	1
953	94	1
54	611	1
980	22	1
192	442	1
480	276	1
7	399	1
934	578	1
629	434	1
46	330	1
239	194	1
490	87	1
976	310	1
384	544	1
506	804	1
909	773	1
488	254	1
446	9	1
554	97	1
980	289	1
876	547	1
490	631	1
798	800	1
956	476	1
452	50	1
476	301	1
443	353	1
457	505	1
758	972	-1
740	815	-1
708	877	-1
683	132	-1
611	72	-1
267	885	-1
82	511	-1
772	527	-1
594	832	-1
720	520	-1
641	703	-1
339	387	-1
302	152	-1
244	824	-1
731	576	-1
154	484	-1
162	86	-1
98	283	-1
294	371	-1
169	666	-1
714	347	-1
462	749	-1
765	560	-1
250	133	-1
767	749	-1
184	315	-1
912	776	-1
707	692	-1
239	780	-1
285	302	-1
253	48	-1
54	28	-1
76	436	-1
257	928	-1
607	617	-1
183	422	-1
288	996	-1
4	357	-1
700	856	-1
764	919	-1
383	461	-1
734	901	-1
996	638	-1
454	892	-1
264	596	-1
759	188	-1
771	666	-1
451	265	-1
967	735	-1
182	39	-1
772	685	-1
760	726	-1
656	600	-1
669	40	-1
690	851	-1
387	107	-1
458	419	-1
346	551	-1
258	454	-1
254	118	-1
959	930	-1
622	267	-1
191	878	-1
662	384	-1
43	220	-1
775	146	-1
24	899	-1
275	80	-1
765	602	-1
250	362	-1
922	227	-1
731	633	-1
169	570	-1
533	267	-1
650	117	-1
752	74	-1
19	460	-1
154	424	-1
160	979	-1
750	63	-1
733	683	-1
901	816	-1
372	286	-1
174	605	-1
227	701	-1
989	967	-1
256	563	-1
226	933	-1
912	564	-1
270	248	-1
785	819	-1
673	253	-1
761	241	-1
332	349	-1
395	864	-1
258	424	-1
180	349	-1
99	267	-1
829	991	-1
236	1	-1
734	598	-1
624	903	-1
376	585	-1
679	272	-1
412	49	-1
144	29	-1
365	529	-1
912	943	-1
165	252	-1
675	15	-1
229	902	-1
728	878	-1
428	599	-1
789	34	-1
447	802	-1
762	869	-1
747	530	-1
900	649	-1
682	390	-1
612	222	-1
97	277	-1
845	305	-1
268	553	-1
753	47	-1
933	486	-1
983	823	-1
985	954	-1
269	263	-1
957	111	-1
517	653	-1
581	718	-1
818	308	-1
386	487	-1
24	585	-1
749	319	-1
914	894	-1
189	852	-1
688	235	-1
705	740	-1
251	886	-1
250	349	-1
99	314	-1
775	152	-1
984	507	-1
256	649	-1
965	755	-1
661	518	-1
490	51	-1
508	82	-1
674	448	-1
428	955	-1
258	409	-1
169	168	-1
764	276	-1
55	610	-1
256	542	-1
255	508	-1
790	805	-1
558	957	-1
182	45	-1
229	194	-1
338	471	-1
498	550	-1
276	182	-1
758	413	-1
457	331	-1
733	644	-1
181	354	-1
163	111	-1
292	29	-1
709	559	-1
100	293	-1
232	724	-1
605	64	-1
754	493	-1
98	238	-1
239	631	-1
981	985	-1
152	262	-1
448	20	-1
762	881	-1
423	266	-1
794	74	-1
229	669	-1
199	260	-1
281	55	-1
128	184	-1
625	428	-1
159	508	-1
433	658	-1
771	638	-1
64	519	-1
987	296	-1
250	621	-1
878	651	-1
675	427	-1
261	340	-1
736	763	-1
251	377	-1
458	678	-1
949	624	-1
893	263	-1
763	312	-1
243	802	-1
15	280	-1
708	388	-1
665	217	-1
795	368	-1
776	195	-1
389	539	-1
184	433	-1
258	696	-1
257	484	-1
203	702	-1
114	351	-1
142	154	-1
686	903	-1
169	580	-1
160	990	-1
256	531	-1
676	86	-1
241	184	-1
966	705	-1
631	338	-1
758	390	-1
650	851	-1
250	79	-1
495	389	-1
712	48	-1
625	308	-1
282	108	-1
533	331	-1
109	554	-1
108	233	-1
656	205	-1
626	441	-1
969	680	-1
259	316	-1
660	552	-1
387	493	-1
728	945	-1
190	813	-1
642	684	-1
641	308	-1
278	931	-1
645	794	-1
773	216	-1
315	703	-1
152	480	-1
