749	954	1
756	141	1
247	849	1
253	786	1
760	684	1
776	584	1
757	582	1
255	768	1
257	60	1
257	227	1
761	730	1
253	983	1
247	832	1
753	821	1
747	999	1
544	412	1
258	492	1
259	848	1
258	95	1
261	138	1
783	447	1
256	327	1
752	732	1
257	473	1
310	775	1
760	954	1
258	367	1
261	8	1
250	760	1
259	854	1
268	551	1
758	702	1
759	525	1
260	987	1
263	732	1
756	795	1
256	973	1
255	615	1
740	261	1
749	716	1
257	419	1
755	367	1
765	842	1
758	870	1
757	509	1
760	834	1
761	30	1
270	812	1
755	746	1
242	863	1
228	675	1
754	295	1
756	46	1
256	587	1
750	31	1
754	196	1
255	320	1
780	624	1
259	831	1
759	490	1
256	436	1
261	889	1
258	507	1
265	192	1
252	10	1
258	189	1
255	629	1
261	693	1
756	912	1
247	732	1
760	692	1
749	329	1
247	694	1
258	757	1
238	419	1
262	77	1
244	606	1
972	883	1
260	837	1
756	285	1
760	720	1
255	812	1
757	763	1
758	482	1
248	675	1
756	311	1
750	107	1
257	314	1
255	868	1
815	825	1
259	210	1
234	425	1
752	844	1
758	555	1
741	347	1
756	123	1
756	443	1
759	548	1
258	513	1
755	184	1
262	936	1
754	12	1
256	724	1
758	499	1
756	426	1
751	457	1
250	144	1
255	535	1
253	73	1
247	750	1
255	265	1
256	430	1
757	754	1
742	151	1
261	698	1
256	897	1
750	585	1
761	540	1
762	605	1
257	298	1
756	436	1
270	430	1
761	107	1
760	712	1
714	83	1
759	882	1
257	31	1
794	86	1
259	117	1
255	580	1
756	807	1
257	46	1
737	626	1
249	721	1
256	258	1
768	261	1
743	323	1
770	456	1
758	672	1
257	39	1
251	935	1
754	316	1
120	532	1
261	275	1
747	992	1
757	396	1
255	603	1
248	557	1
262	144	1
264	785	1
259	555	1
239	499	1
760	192	1
952	850	1
259	231	1
757	742	1
275	229	1
775	948	1
756	274	1
277	311	1
756	152	1
751	938	1
258	749	1
756	412	1
274	724	1
753	877	1
758	943	1
760	362	1
759	332	1
758	454	1
316	290	1
257	166	1
749	837	1
256	272	1
729	930	1
734	956	1
755	257	1
243	741	1
762	822	1
762	536	1
261	217	1
260	872	1
260	739	1
264	281	1
255	568	1
254	221	1
755	302	1
258	238	1
260	679	1
257	0	1
265	606	1
251	958	1
264	955	1
266	675	1
758	325	1
760	996	1
256	387	1
257	251	1
252	887	1
257	305	1
757	814	1
735	455	1
756	84	1
277	753	1
775	998	1
263	408	1
253	780	1
257	393	1
752	928	1
756	630	1
254	407	1
261	185	1
758	857	1
244	302	1
753	342	1
256	576	1
261	204	1
126	582	1
758	352	1
758	503	1
259	129	1
262	947	1
254	379	1
751	625	1
754	595	1
963	351	1
757	179	1
768	150	1
244	278	1
263	380	1
754	288	1
260	197	1
755	265	1
271	191	1
767	836	1
249	551	1
251	953	1
756	96	1
763	345	1
256	822	1
755	575	1
766	626	1
761	310	1
751	604	1
257	916	1
259	498	1
748	688	1
763	927	1
524	259	1
800	944	1
270	279	1
2	867	-1
10	572	-1
989	870	-1
504	284	-1
10	384	-1
4	51	-1
504	574	-1
502	879	-1
468	257	-1
507	637	-1
17	327	-1
6	829	-1
516	242	-1
2	149	-1
10	447	-1
765	538	-1
998	581	-1
14	838	-1
493	19	-1
505	845	-1
2	89	-1
6	298	-1
559	424	-1
4	391	-1
507	438	-1
493	770	-1
18	813	-1
7	982	-1
516	29	-1
268	195	-1
3	60	-1
506	528	-1
2	899	-1
498	233	-1
4	857	-1
514	646	-1
6	841	-1
8	344	-1
503	84	-1
6	605	-1
500	453	-1
495	435	-1
1	519	-1
505	679	-1
505	932	-1
505	696	-1
506	311	-1
5	484	-1
117	530	-1
315	778	-1
8	539	-1
8	517	-1
17	665	-1
7	440	-1
13	146	-1
1	385	-1
7	425	-1
1	108	-1
15	602	-1
228	422	-1
506	562	-1
9	87	-1
505	705	-1
501	912	-1
502	993	-1
8	208	-1
16	751	-1
517	19	-1
6	327	-1
510	805	-1
867	811	-1
539	417	-1
5	500	-1
7	634	-1
996	843	-1
9	430	-1
0	977	-1
4	906	-1
5	103	-1
3	886	-1
505	292	-1
506	965	-1
506	648	-1
541	410	-1
280	190	-1
507	129	-1
504	148	-1
505	16	-1
982	441	-1
5	556	-1
7	235	-1
9	369	-1
508	404	-1
497	239	-1
505	163	-1
11	686	-1
5	44	-1
519	262	-1
506	667	-1
5	552	-1
505	70	-1
6	958	-1
6	415	-1
504	908	-1
490	889	-1
517	913	-1
509	324	-1
6	937	-1
504	49	-1
7	812	-1
12	678	-1
5	922	-1
970	347	-1
6	531	-1
513	430	-1
9	21	-1
996	813	-1
12	874	-1
2	621	-1
504	35	-1
273	231	-1
8	894	-1
506	359	-1
509	519	-1
515	589	-1
7	253	-1
518	955	-1
9	976	-1
4	449	-1
6	999	-1
23	255	-1
7	221	-1
498	249	-1
522	883	-1
40	674	-1
528	651	-1
267	727	-1
4	15	-1
770	315	-1
495	648	-1
1	526	-1
6	991	-1
537	248	-1
509	981	-1
5	266	-1
242	742	-1
507	55	-1
502	270	-1
504	26	-1
999	539	-1
505	893	-1
508	629	-1
7	913	-1
6	963	-1
510	992	-1
3	349	-1
505	830	-1
10	579	-1
12	620	-1
10	696	-1
8	796	-1
505	821	-1
5	967	-1
500	326	-1
9	948	-1
995	659	-1
503	620	-1
509	569	-1
264	278	-1
11	863	-1
819	828	-1
505	182	-1
505	99	-1
517	781	-1
510	342	-1
511	488	-1
503	428	-1
6	456	-1
501	486	-1
741	321	-1
270	206	-1
2	749	-1
13	57	-1
6	79	-1
503	753	-1
508	450	-1
504	948	-1
508	776	-1
32	580	-1
510	543	-1
508	944	-1
4	27	-1
997	602	-1
995	330	-1
505	106	-1
506	606	-1
498	807	-1
502	413	-1
778	837	-1
506	317	-1
506	553	-1
504	177	-1
994	685	-1
506	154	-1
5	398	-1
24	533	-1
473	647	-1
7	463	-1
506	956	-1
475	383	-1
4	950	-1
997	575	-1
505	385	-1
499	404	-1
8	375	-1
516	757	-1
995	673	-1
505	872	-1
502	548	-1
489	753	-1
15	109	-1
2	879	-1
997	370	-1
997	252	-1
8	721	-1
493	779	-1
508	886	-1
503	124	-1
492	954	-1
7	199	-1
495	425	-1
6	128	-1
508	80	-1
452	314	-1
499	257	-1
502	516	-1
500	340	-1
505	391	-1
504	976	-1
236	861	-1
514	256	-1
1	431	-1
506	589	-1
5	214	-1
497	587	-1
6	662	-1
505	919	-1
511	617	-1
5	491	-1
