994	478	1
640	294	1
281	56	1
722	359	1
448	413	1
935	487	1
986	581	1
450	121	1
918	942	1
224	731	1
496	887	1
501	240	1
256	924	1
981	340	1
980	171	1
411	48	1
489	386	1
983	89	1
449	780	1
479	609	1
707	561	1
979	153	1
967	857	1
984	506	1
487	967	1
255	886	1
481	404	1
84	511	1
598	828	1
19	367	1
713	873	1
690	380	1
456	234	1
324	364	1
717	887	1
927	230	1
726	941	1
1	767	1
521	324	1
900	724	1
979	231	1
447	444	1
956	700	1
677	429	1
578	724	1
582	199	1
462	747	1
554	957	1
444	461	1
881	649	1
94	199	1
60	309	1
741	306	1
45	660	1
955	722	1
984	358	1
482	464	1
215	287	1
459	678	1
474	323	1
999	695	1
896	781	1
265	112	1
262	592	1
5	803	1
486	996	1
446	393	1
690	399	1
656	114	1
970	679	1
961	759	1
391	293	1
982	1	1
958	745	1
764	236	1
603	62	1
980	292	1
996	652	1
89	279	1
979	201	1
492	554	1
691	857	1
426	228	1
580	714	1
718	517	1
452	706	1
930	237	1
656	202	1
484	45	1
200	401	1
430	598	1
21	897	1
841	312	1
474	921	1
425	952	1
424	278	1
437	810	1
7	286	1
504	716	1
54	252	1
953	357	1
14	937	1
767	875	1
785	135	1
665	248	1
250	623	1
482	366	1
905	648	1
750	66	1
510	815	1
513	651	1
441	270	1
473	103	1
972	399	1
169	565	1
32	525	1
913	562	1
557	820	1
489	541	1
103	301	1
1	562	1
410	641	1
936	285	1
966	121	1
216	696	1
444	982	1
385	111	1
630	305	1
492	504	1
157	982	1
29	589	1
369	526	1
437	366	1
373	588	1
980	259	1
524	670	1
182	352	1
603	67	1
432	200	1
949	794	1
738	650	1
975	964	1
482	355	1
599	613	1
156	249	1
433	659	1
530	398	1
191	844	1
956	422	1
79	96	1
332	394	1
967	831	1
946	397	1
66	16	1
900	854	1
981	984	1
426	410	1
736	594	1
984	116	1
105	556	1
449	143	1
459	896	1
68	985	1
23	844	1
461	824	1
24	462	1
765	184	1
40	783	1
163	89	1
388	469	1
242	370	1
14	455	1
438	796	1
761	726	1
990	966	1
946	564	1
437	534	1
980	174	1
219	661	1
479	233	1
976	948	1
99	231	1
835	988	1
961	932	1
511	297	1
504	729	1
680	466	1
443	579	1
917	892	1
188	428	1
272	554	1
341	471	1
952	461	1
265	87	1
233	788	1
222	207	1
511	777	1
480	146	1
486	54	1
897	832	1
622	901	1
763	651	1
316	702	1
931	346	1
214	300	1
386	500	1
950	624	1
890	260	1
243	355	1
479	208	1
949	665	1
923	168	1
141	484	1
879	652	1
437	317	1
703	737	1
582	193	1
434	512	1
201	374	1
422	869	1
111	175	1
105	254	1
690	238	1
38	223	1
949	94	1
53	611	1
984	22	1
191	442	1
476	276	1
8	399	1
925	578	1
622	434	1
58	330	1
232	194	1
493	87	1
977	310	1
379	544	1
511	804	1
911	773	1
499	254	1
443	9	1
572	97	1
980	289	1
857	547	1
495	631	1
794	800	1
951	476	1
447	50	1
476	301	1
437	353	1
456	505	1
772	972	-1
744	815	-1
708	877	-1
678	132	-1
611	72	-1
281	885	-1
78	511	-1
779	527	-1
593	832	-1
721	520	-1
631	703	-1
338	387	-1
319	152	-1
248	824	-1
727	576	-1
148	484	-1
160	86	-1
93	283	-1
301	371	-1
153	666	-1
714	347	-1
464	749	-1
771	560	-1
251	133	-1
776	749	-1
183	315	-1
913	776	-1
704	692	-1
243	780	-1
302	302	-1
258	48	-1
48	28	-1
59	436	-1
259	928	-1
607	617	-1
182	422	-1
302	996	-1
11	357	-1
698	856	-1
778	919	-1
392	461	-1
736	901	-1
989	638	-1
454	892	-1
265	596	-1
761	188	-1
775	666	-1
448	265	-1
968	735	-1
174	39	-1
776	685	-1
762	726	-1
643	600	-1
661	40	-1
685	851	-1
388	107	-1
452	419	-1
356	551	-1
262	454	-1
255	118	-1
958	930	-1
605	267	-1
186	878	-1
657	384	-1
42	220	-1
784	146	-1
24	899	-1
273	80	-1
771	602	-1
251	362	-1
918	227	-1
730	633	-1
164	570	-1
526	267	-1
649	117	-1
755	74	-1
22	460	-1
147	424	-1
154	979	-1
753	63	-1
734	683	-1
906	816	-1
375	286	-1
169	605	-1
228	701	-1
989	967	-1
256	563	-1
228	933	-1
911	564	-1
273	248	-1
795	819	-1
674	253	-1
760	241	-1
339	349	-1
404	864	-1
263	424	-1
179	349	-1
95	267	-1
829	991	-1
234	1	-1
731	598	-1
624	903	-1
375	585	-1
672	272	-1
412	49	-1
135	29	-1
365	529	-1
911	943	-1
161	252	-1
666	15	-1
232	902	-1
729	878	-1
429	599	-1
801	34	-1
443	802	-1
762	869	-1
751	530	-1
906	649	-1
681	390	-1
600	222	-1
91	277	-1
849	305	-1
268	553	-1
757	47	-1
930	486	-1
989	823	-1
984	954	-1
272	263	-1
958	111	-1
516	653	-1
586	718	-1
828	308	-1
393	487	-1
26	585	-1
751	319	-1
915	894	-1
185	852	-1
687	235	-1
706	740	-1
251	886	-1
250	349	-1
92	314	-1
784	152	-1
983	507	-1
264	649	-1
966	755	-1
653	518	-1
490	51	-1
504	82	-1
671	448	-1
428	955	-1
260	409	-1
160	168	-1
768	276	-1
57	610	-1
268	542	-1
257	508	-1
797	805	-1
553	957	-1
174	45	-1
236	194	-1
331	471	-1
498	550	-1
284	182	-1
763	413	-1
453	331	-1
732	644	-1
180	354	-1
156	111	-1
307	29	-1
708	559	-1
95	293	-1
233	724	-1
606	64	-1
759	493	-1
92	238	-1
234	631	-1
981	985	-1
145	262	-1
449	20	-1
762	881	-1
430	266	-1
805	74	-1
229	669	-1
197	260	-1
281	55	-1
126	184	-1
619	428	-1
152	508	-1
433	658	-1
774	638	-1
53	519	-1
987	296	-1
252	621	-1
879	651	-1
674	427	-1
265	340	-1
740	763	-1
252	377	-1
460	678	-1
954	624	-1
892	263	-1
768	312	-1
246	802	-1
14	280	-1
709	388	-1
654	217	-1
814	368	-1
783	195	-1
399	539	-1
183	433	-1
263	696	-1
262	484	-1
201	702	-1
105	351	-1
136	154	-1
676	903	-1
164	580	-1
153	990	-1
251	531	-1
666	86	-1
244	184	-1
963	705	-1
614	338	-1
763	390	-1
642	851	-1
249	79	-1
493	389	-1
715	48	-1
618	308	-1
303	108	-1
524	331	-1
109	554	-1
101	233	-1
653	205	-1
619	441	-1
969	680	-1
261	316	-1
651	552	-1
393	493	-1
730	945	-1
184	813	-1
632	684	-1
635	308	-1
290	931	-1
632	794	-1
781	216	-1
314	703	-1
148	480	-1
