170	489	1
162	963	1
212	960	1
131	681	1
172	860	1
419	455	1
168	332	1
662	59	1
668	452	1
742	217	1
669	345	1
666	549	1
185	317	1
669	892	1
646	490	1
168	256	1
629	968	1
670	910	1
167	226	1
168	327	1
164	286	1
326	142	1
169	99	1
163	192	1
665	308	1
668	871	1
671	391	1
665	788	1
656	200	1
169	986	1
310	882	1
169	109	1
168	354	1
634	555	1
694	690	1
676	643	1
669	363	1
170	78	1
669	200	1
162	716	1
166	744	1
664	767	1
188	245	1
174	668	1
146	886	1
163	366	1
667	531	1
167	502	1
168	314	1
922	622	1
172	19	1
656	676	1
167	429	1
667	232	1
691	987	1
168	306	1
446	494	1
89	748	1
182	891	1
449	45	1
179	427	1
667	226	1
668	484	1
168	164	1
170	89	1
669	384	1
666	23	1
669	329	1
680	531	1
667	476	1
146	877	1
168	455	1
168	497	1
661	396	1
669	886	1
433	736	1
669	108	1
671	397	1
61	842	1
170	826	1
677	936	1
167	245	1
713	639	1
667	493	1
170	73	1
686	780	1
362	42	1
159	701	1
662	940	1
676	700	1
664	776	1
668	192	1
165	6	1
128	842	1
169	919	1
148	242	1
183	190	1
168	735	1
663	164	1
661	990	1
661	982	1
568	657	1
532	18	1
681	759	1
669	357	1
668	509	1
152	738	1
176	567	1
173	289	1
668	415	1
102	981	1
172	365	1
168	517	1
178	844	1
678	968	1
668	258	1
172	478	1
668	437	1
168	379	1
683	203	1
163	550	1
668	255	1
172	550	1
686	870	1
167	241	1
662	157	1
667	218	1
161	116	1
665	749	1
676	158	1
164	476	1
639	545	1
169	878	1
666	17	1
667	542	1
168	318	1
165	788	1
416	871	1
163	738	1
929	92	1
168	301	1
692	637	1
145	571	1
330	712	1
780	644	1
279	230	1
661	971	1
174	966	1
664	291	1
665	175	1
670	312	1
676	984	1
161	568	1
165	844	1
665	144	1
668	459	1
669	607	1
162	184	1
168	342	1
167	606	1
176	838	1
192	186	1
665	30	1
664	307	1
567	125	1
169	270	1
665	874	1
669	370	1
167	894	1
168	407	1
930	881	1
598	647	1
187	236	1
154	528	1
674	293	1
171	94	1
174	934	1
172	121	1
669	349	1
660	67	1
661	642	1
162	692	1
498	334	1
669	374	1
477	313	1
694	538	1
656	98	1
668	490	1
962	328	1
161	709	1
183	881	1
769	393	1
285	854	1
168	463	1
168	527	1
682	493	1
668	267	1
669	583	1
545	57	1
590	959	1
164	771	1
173	42	1
184	498	1
34	52	1
175	561	1
428	960	1
430	619	1
181	528	1
657	698	1
173	186	1
676	553	1
156	666	1
168	152	1
167	948	1
667	186	1
654	580	1
165	851	1
192	106	1
202	675	1
165	796	1
704	657	1
176	9	1
668	206	1
639	636	1
173	38	1
157	677	1
674	677	1
702	671	1
928	396	1
673	661	1
664	633	1
678	962	1
927	992	1
671	99	1
676	67	1
160	426	1
679	947	1
698	708	1
668	466	1
165	44	1
189	748	1
174	678	1
912	210	1
168	398	1
663	953	1
172	28	1
162	935	1
149	846	1
657	662	1
667	867	1
640	652	1
432	452	-1
921	305	-1
422	352	-1
435	279	-1
922	236	-1
435	27	-1
423	652	-1
338	712	-1
928	619	-1
411	125	-1
415	452	-1
923	922	-1
921	120	-1
899	403	-1
408	260	-1
414	778	-1
920	667	-1
418	26	-1
176	491	-1
422	915	-1
153	704	-1
419	628	-1
422	578	-1
916	629	-1
928	730	-1
926	641	-1
429	463	-1
438	614	-1
426	254	-1
407	808	-1
422	228	-1
929	450	-1
427	874	-1
415	202	-1
421	523	-1
566	126	-1
653	579	-1
426	261	-1
915	207	-1
165	552	-1
921	851	-1
436	513	-1
630	558	-1
423	666	-1
422	998	-1
421	178	-1
411	116	-1
929	68	-1
888	622	-1
463	314	-1
923	889	-1
934	806	-1
922	429	-1
407	524	-1
900	452	-1
928	630	-1
920	566	-1
424	958	-1
921	908	-1
432	700	-1
921	377	-1
924	683	-1
675	198	-1
427	617	-1
923	413	-1
914	823	-1
915	755	-1
416	703	-1
927	364	-1
409	819	-1
187	751	-1
440	48	-1
432	528	-1
918	616	-1
922	270	-1
974	800	-1
422	235	-1
939	903	-1
245	258	-1
185	191	-1
926	12	-1
285	853	-1
919	621	-1
921	855	-1
325	140	-1
923	872	-1
696	708	-1
173	92	-1
529	20	-1
922	782	-1
666	30	-1
919	504	-1
909	81	-1
414	773	-1
405	872	-1
927	880	-1
315	883	-1
665	872	-1
416	458	-1
921	902	-1
914	547	-1
544	55	-1
422	591	-1
422	563	-1
430	776	-1
921	295	-1
171	40	-1
922	398	-1
922	282	-1
914	806	-1
421	507	-1
924	688	-1
422	494	-1
424	454	-1
423	421	-1
360	39	-1
369	91	-1
923	393	-1
921	135	-1
931	968	-1
914	811	-1
958	325	-1
395	961	-1
937	100	-1
428	102	-1
670	307	-1
497	333	-1
946	857	-1
914	522	-1
418	615	-1
104	981	-1
914	797	-1
427	198	-1
929	456	-1
422	570	-1
746	214	-1
909	686	-1
422	278	-1
927	179	-1
928	397	-1
921	162	-1
424	802	-1
426	83	-1
915	638	-1
289	230	-1
920	580	-1
427	864	-1
429	932	-1
931	821	-1
422	480	-1
426	636	-1
916	181	-1
415	469	-1
921	309	-1
664	668	-1
426	722	-1
52	574	-1
685	527	-1
425	809	-1
920	986	-1
921	323	-1
920	606	-1
926	759	-1
913	790	-1
910	69	-1
923	550	-1
918	9	-1
912	784	-1
691	689	-1
314	963	-1
421	516	-1
915	357	-1
654	482	-1
423	429	-1
922	996	-1
421	601	-1
939	785	-1
915	970	-1
422	487	-1
428	94	-1
423	979	-1
434	120	-1
440	630	-1
921	194	-1
914	213	-1
420	14	-1
916	366	-1
921	340	-1
414	721	-1
425	367	-1
922	21	-1
434	131	-1
920	586	-1
915	733	-1
922	863	-1
412	136	-1
420	52	-1
422	406	-1
922	241	-1
428	472	-1
424	872	-1
915	454	-1
423	71	-1
421	314	-1
444	492	-1
422	741	-1
417	694	-1
932	982	-1
182	319	-1
974	804	-1
971	53	-1
440	746	-1
421	303	-1
467	93	-1
416	934	-1
409	746	-1
409	100	-1
442	720	-1
927	210	-1
424	963	-1
79	749	-1
156	739	-1
919	510	-1
410	87	-1
776	650	-1
941	82	-1
414	726	-1
920	532	-1
421	749	-1
404	861	-1
418	34	-1
910	93	-1
566	655	-1
429	959	-1
673	487	-1
427	859	-1
924	84	-1
914	718	-1
158	850	-1
425	818	-1
927	716	-1
923	408	-1
416	636	-1
923	523	-1
417	372	-1
926	353	-1
920	598	-1
922	97	-1
407	276	-1
