702	954	1
837	141	1
159	849	1
363	786	1
850	684	1
913	584	1
873	582	1
138	768	1
294	60	1
52	227	1
634	730	1
161	983	1
66	832	1
614	821	1
700	999	1
672	412	1
466	492	1
332	848	1
364	95	1
415	138	1
974	447	1
429	327	1
559	732	1
468	473	1
332	775	1
901	954	1
181	367	1
154	8	1
205	760	1
224	854	1
395	551	1
938	702	1
697	525	1
218	987	1
314	732	1
661	795	1
428	973	1
411	615	1
753	261	1
560	716	1
214	419	1
549	367	1
954	842	1
789	870	1
828	509	1
864	834	1
829	30	1
504	812	1
670	746	1
310	863	1
46	675	1
909	295	1
650	46	1
296	587	1
754	31	1
566	196	1
384	320	1
955	624	1
224	831	1
705	490	1
271	436	1
158	889	1
468	507	1
401	192	1
43	10	1
291	189	1
47	629	1
376	693	1
586	912	1
144	732	1
818	692	1
703	329	1
169	694	1
253	757	1
30	419	1
294	77	1
52	606	1
29	883	1
224	837	1
682	285	1
744	720	1
64	812	1
892	763	1
806	482	1
160	675	1
675	311	1
604	107	1
63	314	1
382	868	1
861	825	1
276	210	1
67	425	1
512	844	1
962	555	1
599	347	1
735	123	1
621	443	1
765	548	1
141	513	1
820	184	1
298	936	1
826	12	1
217	724	1
988	499	1
750	426	1
856	457	1
188	144	1
474	535	1
194	73	1
994	750	1
286	265	1
270	430	1
845	754	1
737	151	1
478	698	1
362	897	1
605	585	1
611	540	1
607	605	1
23	298	1
576	436	1
379	430	1
761	107	1
672	712	1
526	83	1
724	882	1
273	31	1
28	86	1
86	117	1
264	580	1
759	807	1
371	46	1
552	626	1
144	721	1
352	258	1
976	261	1
675	323	1
949	456	1
629	672	1
323	39	1
167	935	1
900	316	1
60	532	1
328	275	1
510	992	1
941	396	1
123	603	1
263	557	1
276	144	1
449	785	1
346	555	1
113	499	1
753	192	1
33	850	1
127	231	1
846	742	1
273	229	1
955	948	1
615	274	1
351	311	1
905	152	1
656	938	1
358	749	1
686	412	1
476	724	1
627	877	1
854	943	1
877	362	1
822	332	1
869	454	1
359	290	1
301	166	1
663	837	1
214	272	1
525	930	1
652	956	1
851	257	1
223	741	1
700	822	1
768	536	1
182	217	1
427	872	1
491	739	1
120	281	1
205	568	1
403	221	1
679	302	1
351	238	1
299	679	1
43	0	1
175	606	1
135	958	1
360	955	1
376	675	1
823	325	1
831	996	1
182	387	1
211	251	1
13	887	1
304	305	1
660	814	1
731	455	1
766	84	1
298	753	1
849	998	1
306	408	1
332	780	1
247	393	1
657	928	1
821	630	1
103	407	1
343	185	1
875	857	1
122	302	1
759	342	1
123	576	1
401	204	1
61	582	1
879	352	1
928	503	1
271	129	1
354	947	1
146	379	1
611	625	1
641	595	1
965	351	1
927	179	1
950	150	1
264	278	1
306	380	1
827	288	1
294	197	1
677	265	1
255	191	1
767	836	1
306	551	1
190	953	1
646	96	1
665	345	1
136	822	1
885	575	1
852	626	1
950	310	1
548	604	1
403	916	1
274	498	1
746	688	1
950	927	1
536	259	1
946	944	1
290	279	1
17	867	-1
932	572	-1
917	870	-1
294	284	-1
141	384	-1
89	51	-1
416	574	-1
423	879	-1
295	257	-1
571	637	-1
203	327	-1
69	829	-1
488	242	-1
192	149	-1
970	447	-1
764	538	-1
883	581	-1
153	838	-1
308	19	-1
569	845	-1
771	89	-1
917	298	-1
754	424	-1
945	391	-1
626	438	-1
338	770	-1
71	813	-1
786	982	-1
516	29	-1
297	195	-1
15	60	-1
438	528	-1
166	899	-1
321	233	-1
153	857	-1
535	646	-1
958	841	-1
234	344	-1
424	84	-1
65	605	-1
626	453	-1
501	435	-1
991	519	-1
634	679	-1
528	932	-1
372	696	-1
666	311	-1
803	484	-1
234	530	-1
335	778	-1
72	539	-1
136	517	-1
76	665	-1
12	440	-1
277	146	-1
0	385	-1
258	425	-1
899	108	-1
169	602	-1
212	422	-1
505	562	-1
901	87	-1
428	705	-1
338	912	-1
249	993	-1
992	208	-1
130	751	-1
481	19	-1
26	327	-1
669	805	-1
762	811	-1
680	417	-1
934	500	-1
838	634	-1
919	843	-1
123	430	-1
991	977	-1
986	906	-1
983	103	-1
24	886	-1
356	292	-1
409	965	-1
497	648	-1
688	410	-1
269	190	-1
729	129	-1
555	148	-1
422	16	-1
841	441	-1
772	556	-1
181	235	-1
955	369	-1
641	404	-1
436	239	-1
305	163	-1
178	686	-1
903	44	-1
540	262	-1
368	667	-1
47	552	-1
377	70	-1
181	958	-1
27	415	-1
590	908	-1
239	889	-1
408	913	-1
503	324	-1
160	937	-1
601	49	-1
59	812	-1
49	678	-1
65	922	-1
961	347	-1
933	531	-1
579	430	-1
81	21	-1
847	813	-1
53	874	-1
958	621	-1
680	35	-1
264	231	-1
734	894	-1
620	359	-1
362	519	-1
609	589	-1
82	253	-1
700	955	-1
80	976	-1
225	449	-1
840	999	-1
214	255	-1
127	221	-1
372	249	-1
631	883	-1
158	674	-1
573	651	-1
310	727	-1
985	15	-1
754	315	-1
445	648	-1
845	526	-1
220	991	-1
739	248	-1
502	981	-1
0	266	-1
225	742	-1
751	55	-1
332	270	-1
390	26	-1
989	539	-1
586	893	-1
643	629	-1
921	913	-1
921	963	-1
694	992	-1
141	349	-1
671	830	-1
931	579	-1
66	620	-1
822	696	-1
132	796	-1
486	821	-1
177	967	-1
436	326	-1
936	948	-1
774	659	-1
405	620	-1
573	569	-1
249	278	-1
76	863	-1
857	828	-1
605	182	-1
589	99	-1
671	781	-1
361	342	-1
706	488	-1
379	428	-1
865	456	-1
448	486	-1
710	321	-1
279	206	-1
86	749	-1
200	57	-1
191	79	-1
515	753	-1
727	450	-1
464	948	-1
557	776	-1
69	580	-1
298	543	-1
403	944	-1
19	27	-1
786	602	-1
917	330	-1
604	106	-1
646	606	-1
561	807	-1
577	413	-1
758	837	-1
681	317	-1
505	553	-1
340	177	-1
963	685	-1
617	154	-1
753	398	-1
174	533	-1
273	647	-1
942	463	-1
618	956	-1
325	383	-1
906	950	-1
894	575	-1
537	385	-1
325	404	-1
39	375	-1
673	757	-1
840	673	-1
446	872	-1
355	548	-1
306	753	-1
114	109	-1
917	879	-1
865	370	-1
927	252	-1
927	721	-1
454	779	-1
386	886	-1
468	124	-1
351	954	-1
187	199	-1
329	425	-1
975	128	-1
529	80	-1
348	314	-1
353	257	-1
299	516	-1
329	340	-1
615	391	-1
610	976	-1
313	861	-1
656	256	-1
934	431	-1
571	589	-1
869	214	-1
285	587	-1
840	662	-1
279	919	-1
567	617	-1
119	491	-1
