751	954	1
757	141	1
247	849	1
253	786	1
761	684	1
776	584	1
758	582	1
255	768	1
257	60	1
261	227	1
761	730	1
254	983	1
248	832	1
751	821	1
748	999	1
518	412	1
260	492	1
259	848	1
259	95	1
263	138	1
776	447	1
256	327	1
753	732	1
257	473	1
318	775	1
761	954	1
257	367	1
262	8	1
250	760	1
258	854	1
260	551	1
759	702	1
759	525	1
260	987	1
260	732	1
757	795	1
256	973	1
255	615	1
741	261	1
751	716	1
257	419	1
758	367	1
764	842	1
757	870	1
758	509	1
759	834	1
762	30	1
261	812	1
757	746	1
242	863	1
240	675	1
753	295	1
757	46	1
259	587	1
751	31	1
761	196	1
256	320	1
780	624	1
258	831	1
759	490	1
254	436	1
260	889	1
259	507	1
260	192	1
252	10	1
250	189	1
255	629	1
261	693	1
757	912	1
250	732	1
761	692	1
753	329	1
245	694	1
258	757	1
241	419	1
262	77	1
244	606	1
826	883	1
261	837	1
754	285	1
760	720	1
251	812	1
757	763	1
759	482	1
252	675	1
752	311	1
751	107	1
257	314	1
257	868	1
819	825	1
262	210	1
246	425	1
750	844	1
759	555	1
742	347	1
756	123	1
756	443	1
759	548	1
259	513	1
762	184	1
262	936	1
755	12	1
261	724	1
758	499	1
757	426	1
753	457	1
251	144	1
256	535	1
254	73	1
248	750	1
258	265	1
255	430	1
757	754	1
743	151	1
261	698	1
257	897	1
751	585	1
761	540	1
767	605	1
259	298	1
756	436	1
270	430	1
762	107	1
760	712	1
745	83	1
757	882	1
257	31	1
769	86	1
260	117	1
258	580	1
757	807	1
257	46	1
739	626	1
251	721	1
258	258	1
768	261	1
742	323	1
776	456	1
759	672	1
257	39	1
251	935	1
750	316	1
126	532	1
249	275	1
748	992	1
757	396	1
256	603	1
248	557	1
263	144	1
264	785	1
266	555	1
240	499	1
749	192	1
761	850	1
258	231	1
759	742	1
284	229	1
774	948	1
756	274	1
281	311	1
756	152	1
757	938	1
257	749	1
757	412	1
269	724	1
757	877	1
752	943	1
754	362	1
755	332	1
759	454	1
255	290	1
260	166	1
743	837	1
258	272	1
733	930	1
736	956	1
756	257	1
257	741	1
762	822	1
770	536	1
262	217	1
257	872	1
246	739	1
249	281	1
257	568	1
258	221	1
758	302	1
259	238	1
262	679	1
257	0	1
267	606	1
252	958	1
264	955	1
267	675	1
757	325	1
761	996	1
257	387	1
259	251	1
251	887	1
259	305	1
758	814	1
737	455	1
756	84	1
276	753	1
776	998	1
261	408	1
253	780	1
257	393	1
753	928	1
754	630	1
252	407	1
262	185	1
758	857	1
251	302	1
756	342	1
258	576	1
261	204	1
241	582	1
756	352	1
760	503	1
260	129	1
261	947	1
253	379	1
755	625	1
754	595	1
792	351	1
752	179	1
767	150	1
259	278	1
260	380	1
758	288	1
267	197	1
756	265	1
276	191	1
756	836	1
248	551	1
251	953	1
754	96	1
758	345	1
258	822	1
757	575	1
767	626	1
757	310	1
753	604	1
256	916	1
258	498	1
750	688	1
764	927	1
499	259	1
799	944	1
285	279	1
8	867	-1
9	572	-1
987	870	-1
505	284	-1
9	384	-1
4	51	-1
507	574	-1
505	879	-1
469	257	-1
510	637	-1
17	327	-1
4	829	-1
507	242	-1
1	149	-1
11	447	-1
764	538	-1
996	581	-1
19	838	-1
495	19	-1
506	845	-1
2	89	-1
6	298	-1
544	424	-1
8	391	-1
508	438	-1
494	770	-1
26	813	-1
8	982	-1
516	29	-1
270	195	-1
3	60	-1
507	528	-1
5	899	-1
504	233	-1
9	857	-1
515	646	-1
7	841	-1
12	344	-1
506	84	-1
7	605	-1
501	453	-1
495	435	-1
1	519	-1
507	679	-1
506	932	-1
506	696	-1
510	311	-1
5	484	-1
110	530	-1
324	778	-1
7	539	-1
8	517	-1
17	665	-1
10	440	-1
13	146	-1
996	385	-1
8	425	-1
3	108	-1
16	602	-1
242	422	-1
507	562	-1
9	87	-1
506	705	-1
507	912	-1
502	993	-1
8	208	-1
16	751	-1
517	19	-1
6	327	-1
512	805	-1
989	811	-1
512	417	-1
5	500	-1
7	634	-1
998	843	-1
9	430	-1
999	977	-1
8	906	-1
3	103	-1
7	886	-1
505	292	-1
508	965	-1
505	648	-1
513	410	-1
467	190	-1
504	129	-1
504	148	-1
505	16	-1
999	441	-1
4	556	-1
6	235	-1
10	369	-1
512	404	-1
499	239	-1
506	163	-1
12	686	-1
5	44	-1
501	262	-1
508	667	-1
8	552	-1
506	70	-1
5	958	-1
6	415	-1
502	908	-1
494	889	-1
518	913	-1
511	324	-1
6	937	-1
507	49	-1
12	812	-1
12	678	-1
6	922	-1
996	347	-1
5	531	-1
515	430	-1
5	21	-1
2	813	-1
7	874	-1
2	621	-1
504	35	-1
279	231	-1
7	894	-1
506	359	-1
508	519	-1
516	589	-1
8	253	-1
513	955	-1
9	976	-1
2	449	-1
6	999	-1
23	255	-1
7	221	-1
502	249	-1
524	883	-1
36	674	-1
515	651	-1
267	727	-1
6	15	-1
744	315	-1
493	648	-1
1	526	-1
6	991	-1
534	248	-1
507	981	-1
5	266	-1
242	742	-1
504	55	-1
504	270	-1
503	26	-1
0	539	-1
506	893	-1
509	629	-1
4	913	-1
4	963	-1
511	992	-1
10	349	-1
506	830	-1
9	579	-1
12	620	-1
10	696	-1
8	796	-1
506	821	-1
7	967	-1
496	326	-1
9	948	-1
995	659	-1
511	620	-1
504	569	-1
250	278	-1
5	863	-1
822	828	-1
506	182	-1
505	99	-1
518	781	-1
511	342	-1
512	488	-1
506	428	-1
4	456	-1
501	486	-1
734	321	-1
269	206	-1
2	749	-1
13	57	-1
6	79	-1
506	753	-1
510	450	-1
512	948	-1
509	776	-1
22	580	-1
507	543	-1
505	944	-1
6	27	-1
997	602	-1
995	330	-1
505	106	-1
507	606	-1
500	807	-1
498	413	-1
758	837	-1
511	317	-1
508	553	-1
506	177	-1
993	685	-1
507	154	-1
7	398	-1
21	533	-1
472	647	-1
5	463	-1
505	956	-1
498	383	-1
3	950	-1
996	575	-1
509	385	-1
499	404	-1
10	375	-1
518	757	-1
994	673	-1
505	872	-1
506	548	-1
492	753	-1
15	109	-1
8	879	-1
997	370	-1
998	252	-1
8	721	-1
494	779	-1
507	886	-1
507	124	-1
491	954	-1
7	199	-1
495	425	-1
7	128	-1
505	80	-1
494	314	-1
505	257	-1
504	516	-1
499	340	-1
509	391	-1
506	976	-1
237	861	-1
498	256	-1
997	431	-1
506	589	-1
7	214	-1
498	587	-1
7	662	-1
503	919	-1
505	617	-1
5	491	-1
