996	478	1
614	294	1
282	56	1
724	359	1
463	413	1
934	487	1
993	581	1
469	121	1
918	942	1
220	731	1
481	887	1
483	240	1
249	924	1
977	340	1
980	171	1
413	48	1
491	386	1
982	89	1
450	780	1
479	609	1
709	561	1
979	153	1
973	857	1
985	506	1
477	967	1
253	886	1
482	404	1
79	511	1
598	828	1
998	367	1
713	873	1
693	380	1
455	234	1
322	364	1
716	887	1
943	230	1
724	941	1
994	767	1
493	324	1
933	724	1
981	231	1
459	444	1
960	700	1
678	429	1
568	724	1
529	199	1
460	747	1
554	957	1
455	461	1
903	649	1
41	199	1
28	309	1
742	306	1
12	660	1
960	722	1
993	358	1
479	464	1
209	287	1
459	678	1
473	323	1
986	695	1
915	781	1
269	112	1
258	592	1
997	803	1
479	996	1
452	393	1
693	399	1
653	114	1
969	679	1
960	759	1
392	293	1
976	1	1
958	745	1
775	236	1
601	62	1
982	292	1
983	652	1
106	279	1
978	201	1
490	554	1
702	857	1
434	228	1
569	714	1
715	517	1
459	706	1
944	237	1
656	202	1
483	45	1
202	401	1
429	598	1
22	897	1
839	312	1
476	921	1
426	952	1
447	278	1
447	810	1
8	286	1
490	716	1
25	252	1
973	357	1
993	937	1
767	875	1
833	135	1
655	248	1
248	623	1
488	366	1
933	648	1
743	66	1
498	815	1
513	651	1
448	270	1
470	103	1
977	399	1
181	565	1
992	525	1
914	562	1
546	820	1
488	541	1
102	301	1
994	562	1
452	641	1
949	285	1
962	121	1
215	696	1
458	982	1
384	111	1
627	305	1
487	504	1
173	982	1
24	589	1
369	526	1
452	366	1
375	588	1
980	259	1
490	670	1
184	352	1
601	67	1
456	200	1
947	794	1
740	650	1
976	964	1
487	355	1
599	613	1
159	249	1
431	659	1
502	398	1
199	844	1
972	422	1
37	96	1
333	394	1
973	831	1
956	397	1
38	16	1
928	854	1
986	984	1
448	410	1
742	594	1
980	116	1
106	556	1
459	143	1
459	896	1
29	985	1
3	844	1
462	824	1
17	462	1
756	184	1
999	783	1
166	89	1
403	469	1
240	370	1
999	455	1
449	796	1
765	726	1
990	966	1
962	564	1
454	534	1
980	174	1
216	661	1
483	233	1
977	948	1
112	231	1
836	988	1
958	932	1
494	297	1
490	729	1
660	466	1
467	579	1
916	892	1
191	428	1
273	554	1
338	471	1
962	461	1
268	87	1
225	788	1
215	207	1
498	777	1
479	146	1
485	54	1
925	832	1
622	901	1
764	651	1
316	702	1
950	346	1
209	300	1
391	500	1
952	624	1
891	260	1
241	355	1
479	208	1
957	665	1
946	168	1
155	484	1
880	652	1
449	317	1
700	737	1
529	193	1
442	512	1
202	374	1
448	869	1
91	175	1
79	254	1
691	238	1
40	223	1
963	94	1
56	611	1
976	22	1
194	442	1
483	276	1
2	399	1
947	578	1
627	434	1
25	330	1
230	194	1
473	87	1
977	310	1
385	544	1
498	804	1
916	773	1
482	254	1
456	9	1
528	97	1
982	289	1
912	547	1
484	631	1
797	800	1
962	476	1
461	50	1
476	301	1
452	353	1
462	505	1
740	972	-1
733	815	-1
708	877	-1
692	132	-1
614	72	-1
259	885	-1
81	511	-1
763	527	-1
594	832	-1
718	520	-1
659	703	-1
337	387	-1
276	152	-1
239	824	-1
736	576	-1
160	484	-1
164	86	-1
111	283	-1
276	371	-1
191	666	-1
715	347	-1
465	749	-1
753	560	-1
250	133	-1
754	749	-1
185	315	-1
919	776	-1
712	692	-1
234	780	-1
258	302	-1
251	48	-1
77	28	-1
104	436	-1
251	928	-1
608	617	-1
186	422	-1
270	996	-1
994	357	-1
697	856	-1
744	919	-1
369	461	-1
735	901	-1
18	638	-1
455	892	-1
261	596	-1
752	188	-1
765	666	-1
454	265	-1
968	735	-1
193	39	-1
767	685	-1
762	726	-1
675	600	-1
679	40	-1
707	851	-1
387	107	-1
469	419	-1
327	551	-1
251	454	-1
252	118	-1
958	930	-1
640	267	-1
199	878	-1
668	384	-1
45	220	-1
763	146	-1
24	899	-1
274	80	-1
755	602	-1
249	362	-1
925	227	-1
732	633	-1
177	570	-1
547	267	-1
650	117	-1
748	74	-1
15	460	-1
163	424	-1
170	979	-1
746	63	-1
733	683	-1
880	816	-1
365	286	-1
184	605	-1
225	701	-1
993	967	-1
248	563	-1
221	933	-1
914	564	-1
262	248	-1
771	819	-1
680	253	-1
766	241	-1
329	349	-1
363	864	-1
253	424	-1
181	349	-1
113	267	-1
828	991	-1
234	1	-1
736	598	-1
624	903	-1
377	585	-1
684	272	-1
409	49	-1
157	29	-1
366	529	-1
910	943	-1
165	252	-1
692	15	-1
226	902	-1
726	878	-1
427	599	-1
771	34	-1
455	802	-1
760	869	-1
740	530	-1
897	649	-1
684	390	-1
631	222	-1
109	277	-1
843	305	-1
266	553	-1
750	47	-1
934	486	-1
980	823	-1
984	954	-1
262	263	-1
942	111	-1
516	653	-1
575	718	-1
795	308	-1
371	487	-1
21	585	-1
751	319	-1
913	894	-1
195	852	-1
688	235	-1
703	740	-1
253	886	-1
251	349	-1
117	314	-1
763	152	-1
983	507	-1
238	649	-1
965	755	-1
675	518	-1
489	51	-1
527	82	-1
692	448	-1
428	955	-1
253	409	-1
183	168	-1
759	276	-1
53	610	-1
247	542	-1
249	508	-1
783	805	-1
553	957	-1
193	45	-1
236	194	-1
336	471	-1
499	550	-1
268	182	-1
753	413	-1
463	331	-1
733	644	-1
182	354	-1
174	111	-1
272	29	-1
710	559	-1
114	293	-1
229	724	-1
604	64	-1
747	493	-1
117	238	-1
240	631	-1
985	985	-1
170	262	-1
425	20	-1
760	881	-1
409	266	-1
777	74	-1
233	669	-1
207	260	-1
282	55	-1
137	184	-1
641	428	-1
170	508	-1
436	658	-1
766	638	-1
89	519	-1
989	296	-1
250	621	-1
877	651	-1
676	427	-1
254	340	-1
733	763	-1
248	377	-1
459	678	-1
951	624	-1
893	263	-1
750	312	-1
239	802	-1
14	280	-1
709	388	-1
687	217	-1
764	368	-1
767	195	-1
388	539	-1
187	433	-1
249	696	-1
250	484	-1
202	702	-1
130	351	-1
146	154	-1
695	903	-1
178	580	-1
170	990	-1
248	531	-1
691	86	-1
237	184	-1
968	705	-1
659	338	-1
754	390	-1
663	851	-1
249	79	-1
495	389	-1
708	48	-1
625	308	-1
273	108	-1
550	331	-1
109	554	-1
112	233	-1
654	205	-1
642	441	-1
970	680	-1
258	316	-1
674	552	-1
371	493	-1
727	945	-1
197	813	-1
659	684	-1
654	308	-1
265	931	-1
666	794	-1
761	216	-1
314	703	-1
160	480	-1
