988	478	1
541	294	1
283	56	1
722	359	1
479	413	1
937	487	1
991	581	1
474	121	1
917	942	1
176	731	1
469	887	1
485	240	1
229	924	1
979	340	1
981	171	1
410	48	1
492	386	1
980	89	1
462	780	1
473	609	1
713	561	1
981	153	1
973	857	1
989	506	1
472	967	1
244	886	1
487	404	1
84	511	1
598	828	1
978	367	1
712	873	1
699	380	1
468	234	1
363	364	1
714	887	1
970	230	1
714	941	1
980	767	1
484	324	1
956	724	1
987	231	1
468	444	1
957	700	1
674	429	1
545	724	1
482	199	1
462	747	1
550	957	1
461	461	1
901	649	1
983	199	1
985	309	1
728	306	1
998	660	1
979	722	1
984	358	1
478	464	1
183	287	1
458	678	1
467	323	1
976	695	1
930	781	1
250	112	1
254	592	1
980	803	1
472	996	1
462	393	1
703	399	1
653	114	1
970	679	1
962	759	1
411	293	1
976	1	1
960	745	1
838	236	1
571	62	1
985	292	1
978	652	1
157	279	1
968	201	1
484	554	1
700	857	1
448	228	1
546	714	1
702	517	1
475	706	1
971	237	1
655	202	1
483	45	1
214	401	1
431	598	1
22	897	1
859	312	1
474	921	1
430	952	1
468	278	1
461	810	1
10	286	1
475	716	1
976	252	1
977	357	1
977	937	1
750	875	1
927	135	1
632	248	1
244	623	1
484	366	1
958	648	1
733	66	1
489	815	1
512	651	1
469	270	1
469	103	1
979	399	1
202	565	1
976	525	1
915	562	1
522	820	1
483	541	1
62	301	1
992	562	1
473	641	1
969	285	1
970	121	1
229	696	1
472	982	1
390	111	1
630	305	1
487	504	1
202	982	1
12	589	1
371	526	1
464	366	1
421	588	1
976	259	1
475	670	1
190	352	1
571	67	1
456	200	1
955	794	1
739	650	1
979	964	1
484	355	1
547	613	1
155	249	1
436	659	1
487	398	1
139	844	1
979	422	1
995	96	1
363	394	1
973	831	1
964	397	1
997	16	1
947	854	1
979	984	1
459	410	1
739	594	1
989	116	1
104	556	1
467	143	1
469	896	1
997	985	1
992	844	1
462	824	1
15	462	1
739	184	1
980	783	1
169	89	1
416	469	1
228	370	1
989	455	1
463	796	1
766	726	1
997	966	1
966	564	1
464	534	1
981	174	1
210	661	1
485	233	1
980	948	1
111	231	1
923	988	1
956	932	1
481	297	1
475	729	1
539	466	1
475	579	1
915	892	1
192	428	1
272	554	1
336	471	1
969	461	1
312	87	1
208	788	1
185	207	1
489	777	1
484	146	1
485	54	1
949	832	1
622	901	1
824	651	1
317	702	1
979	346	1
185	300	1
399	500	1
950	624	1
893	260	1
223	355	1
482	208	1
960	665	1
957	168	1
163	484	1
878	652	1
468	317	1
691	737	1
482	193	1
463	512	1
225	374	1
473	869	1
26	175	1
43	254	1
708	238	1
40	223	1
961	94	1
53	611	1
973	22	1
189	442	1
485	276	1
995	399	1
965	578	1
541	434	1
979	330	1
237	194	1
469	87	1
973	310	1
395	544	1
479	804	1
932	773	1
480	254	1
473	9	1
487	97	1
985	289	1
971	547	1
472	631	1
803	800	1
968	476	1
464	50	1
469	301	1
465	353	1
463	505	1
725	972	-1
714	815	-1
707	877	-1
720	132	-1
686	72	-1
248	885	-1
76	511	-1
738	527	-1
595	832	-1
714	520	-1
703	703	-1
317	387	-1
236	152	-1
228	824	-1
724	576	-1
164	484	-1
167	86	-1
162	283	-1
230	371	-1
207	666	-1
736	347	-1
460	749	-1
727	560	-1
236	133	-1
726	749	-1
193	315	-1
934	776	-1
729	692	-1
222	780	-1
239	302	-1
249	48	-1
144	28	-1
184	436	-1
232	928	-1
658	617	-1
205	422	-1
246	996	-1
983	357	-1
703	856	-1
733	919	-1
326	461	-1
734	901	-1
136	638	-1
463	892	-1
257	596	-1
735	188	-1
750	666	-1
473	265	-1
967	735	-1
220	39	-1
758	685	-1
762	726	-1
717	600	-1
690	40	-1
735	851	-1
382	107	-1
487	419	-1
277	551	-1
231	454	-1
239	118	-1
954	930	-1
670	267	-1
214	878	-1
691	384	-1
44	220	-1
732	146	-1
25	899	-1
248	80	-1
749	602	-1
235	362	-1
864	227	-1
724	633	-1
197	570	-1
617	267	-1
652	117	-1
735	74	-1
13	460	-1
185	424	-1
199	979	-1
736	63	-1
728	683	-1
818	816	-1
313	286	-1
224	605	-1
231	701	-1
995	967	-1
220	563	-1
213	933	-1
912	564	-1
247	248	-1
733	819	-1
705	253	-1
748	241	-1
310	349	-1
261	864	-1
237	424	-1
194	349	-1
164	267	-1
739	991	-1
224	1	-1
732	598	-1
624	903	-1
330	585	-1
706	272	-1
412	49	-1
193	29	-1
367	529	-1
909	943	-1
161	252	-1
725	15	-1
221	902	-1
722	878	-1
429	599	-1
746	34	-1
478	802	-1
741	869	-1
713	530	-1
898	649	-1
690	390	-1
676	222	-1
160	277	-1
824	305	-1
266	553	-1
747	47	-1
935	486	-1
979	823	-1
990	954	-1
250	263	-1
862	111	-1
516	653	-1
553	718	-1
749	308	-1
332	487	-1
9	585	-1
736	319	-1
912	894	-1
218	852	-1
706	235	-1
696	740	-1
232	886	-1
236	349	-1
165	314	-1
732	152	-1
990	507	-1
227	649	-1
966	755	-1
700	518	-1
489	51	-1
626	82	-1
731	448	-1
432	955	-1
233	409	-1
219	168	-1
748	276	-1
56	610	-1
222	542	-1
233	508	-1
778	805	-1
560	957	-1
220	45	-1
228	194	-1
330	471	-1
494	550	-1
248	182	-1
733	413	-1
438	331	-1
727	644	-1
192	354	-1
205	111	-1
247	29	-1
715	559	-1
174	293	-1
220	724	-1
574	64	-1
718	493	-1
167	238	-1
227	631	-1
993	985	-1
203	262	-1
349	20	-1
741	881	-1
372	266	-1
754	74	-1
228	669	-1
229	260	-1
283	55	-1
173	184	-1
677	428	-1
209	508	-1
432	658	-1
752	638	-1
166	519	-1
996	296	-1
246	621	-1
877	651	-1
692	427	-1
238	340	-1
725	763	-1
231	377	-1
457	678	-1
945	624	-1
894	263	-1
734	312	-1
227	802	-1
36	280	-1
715	388	-1
711	217	-1
733	368	-1
747	195	-1
386	539	-1
204	433	-1
223	696	-1
232	484	-1
213	702	-1
168	351	-1
173	154	-1
705	903	-1
224	580	-1
198	990	-1
223	531	-1
720	86	-1
221	184	-1
963	705	-1
694	338	-1
736	390	-1
706	851	-1
220	79	-1
497	389	-1
720	48	-1
628	308	-1
253	108	-1
633	331	-1
108	554	-1
112	233	-1
653	205	-1
693	441	-1
970	680	-1
240	316	-1
706	552	-1
332	493	-1
719	945	-1
207	813	-1
698	684	-1
696	308	-1
244	931	-1
722	794	-1
747	216	-1
313	703	-1
203	480	-1
