171	489	1
159	963	1
172	960	1
130	681	1
172	860	1
420	455	1
169	332	1
664	59	1
668	452	1
744	217	1
669	345	1
669	549	1
186	317	1
669	892	1
647	490	1
167	256	1
639	968	1
669	910	1
166	226	1
169	327	1
164	286	1
323	142	1
169	99	1
162	192	1
671	308	1
668	871	1
668	391	1
666	788	1
662	200	1
170	986	1
314	882	1
168	109	1
168	354	1
631	555	1
690	690	1
679	643	1
668	363	1
169	78	1
671	200	1
162	716	1
166	744	1
666	767	1
186	245	1
174	668	1
147	886	1
164	366	1
667	531	1
167	502	1
169	314	1
921	622	1
170	19	1
656	676	1
168	429	1
666	232	1
687	987	1
168	306	1
449	494	1
86	748	1
180	891	1
651	45	1
179	427	1
665	226	1
668	484	1
168	164	1
170	89	1
668	384	1
665	23	1
669	329	1
681	531	1
667	476	1
148	877	1
168	455	1
167	497	1
656	396	1
669	886	1
431	736	1
668	108	1
669	397	1
110	842	1
168	826	1
671	936	1
166	245	1
719	639	1
667	493	1
169	73	1
687	780	1
364	42	1
159	701	1
671	940	1
675	700	1
665	776	1
664	192	1
165	6	1
139	842	1
169	919	1
148	242	1
182	190	1
167	735	1
662	164	1
663	990	1
662	982	1
566	657	1
532	18	1
666	759	1
668	357	1
669	509	1
153	738	1
178	567	1
172	289	1
668	415	1
170	981	1
173	365	1
169	517	1
181	844	1
671	968	1
667	258	1
173	478	1
668	437	1
168	379	1
684	203	1
164	550	1
667	255	1
173	550	1
684	870	1
166	241	1
661	157	1
665	218	1
168	116	1
667	749	1
674	158	1
164	476	1
641	545	1
169	878	1
666	17	1
669	542	1
169	318	1
165	788	1
408	871	1
163	738	1
919	92	1
168	301	1
694	637	1
151	571	1
208	712	1
776	644	1
281	230	1
671	971	1
172	966	1
663	291	1
664	175	1
672	312	1
673	984	1
164	568	1
168	844	1
665	144	1
668	459	1
668	607	1
162	184	1
169	342	1
168	606	1
180	838	1
193	186	1
666	30	1
652	307	1
587	125	1
168	270	1
667	874	1
668	370	1
166	894	1
168	407	1
927	881	1
609	647	1
186	236	1
155	528	1
672	293	1
170	94	1
173	934	1
168	121	1
669	349	1
662	67	1
659	642	1
161	692	1
669	334	1
668	374	1
659	313	1
696	538	1
657	98	1
668	490	1
961	328	1
161	709	1
181	881	1
686	393	1
288	854	1
168	463	1
169	527	1
682	493	1
667	267	1
668	583	1
545	57	1
616	959	1
165	771	1
172	42	1
181	498	1
171	52	1
177	561	1
416	960	1
425	619	1
181	528	1
658	698	1
173	186	1
669	553	1
156	666	1
169	152	1
170	948	1
664	186	1
646	580	1
167	851	1
191	106	1
201	675	1
166	796	1
699	657	1
174	9	1
662	206	1
642	636	1
172	38	1
157	677	1
673	677	1
698	671	1
926	396	1
673	661	1
661	633	1
671	962	1
929	992	1
670	99	1
676	67	1
161	426	1
671	947	1
707	708	1
668	466	1
165	44	1
200	748	1
174	678	1
909	210	1
168	398	1
671	953	1
171	28	1
163	935	1
155	846	1
656	662	1
664	867	1
656	652	1
430	452	-1
919	305	-1
420	352	-1
433	279	-1
920	236	-1
428	27	-1
420	652	-1
412	712	-1
927	619	-1
411	125	-1
413	452	-1
921	922	-1
920	120	-1
901	403	-1
414	260	-1
412	778	-1
919	667	-1
415	26	-1
173	491	-1
419	915	-1
153	704	-1
416	628	-1
420	578	-1
915	629	-1
926	730	-1
925	641	-1
427	463	-1
432	614	-1
428	254	-1
405	808	-1
420	228	-1
927	450	-1
424	874	-1
414	202	-1
424	523	-1
549	126	-1
646	579	-1
429	261	-1
912	207	-1
167	552	-1
920	851	-1
423	513	-1
628	558	-1
420	666	-1
419	998	-1
419	178	-1
411	116	-1
927	68	-1
889	622	-1
426	314	-1
921	889	-1
931	806	-1
920	429	-1
405	524	-1
899	452	-1
927	630	-1
919	566	-1
418	958	-1
919	908	-1
431	700	-1
919	377	-1
923	683	-1
674	198	-1
422	617	-1
921	413	-1
913	823	-1
914	755	-1
413	703	-1
925	364	-1
407	819	-1
198	751	-1
423	48	-1
424	528	-1
917	616	-1
919	270	-1
967	800	-1
420	235	-1
940	903	-1
396	258	-1
185	191	-1
923	12	-1
285	853	-1
918	621	-1
920	855	-1
322	140	-1
921	872	-1
706	708	-1
173	92	-1
529	20	-1
921	782	-1
656	30	-1
918	504	-1
909	81	-1
411	773	-1
405	872	-1
924	880	-1
313	883	-1
667	872	-1
414	458	-1
919	902	-1
914	547	-1
544	55	-1
419	591	-1
420	563	-1
427	776	-1
919	295	-1
169	40	-1
920	398	-1
919	282	-1
912	806	-1
423	507	-1
923	688	-1
422	494	-1
419	454	-1
421	421	-1
362	39	-1
375	91	-1
921	393	-1
920	135	-1
925	968	-1
912	811	-1
956	325	-1
414	961	-1
925	100	-1
425	102	-1
658	307	-1
419	333	-1
945	857	-1
913	522	-1
414	615	-1
948	981	-1
912	797	-1
425	198	-1
927	456	-1
420	570	-1
751	214	-1
908	686	-1
420	278	-1
925	179	-1
926	397	-1
919	162	-1
421	802	-1
423	83	-1
914	638	-1
289	230	-1
919	580	-1
423	864	-1
425	932	-1
929	821	-1
423	480	-1
424	636	-1
914	181	-1
413	469	-1
919	309	-1
666	668	-1
424	722	-1
919	574	-1
687	527	-1
422	809	-1
920	986	-1
919	323	-1
919	606	-1
925	759	-1
912	790	-1
911	69	-1
922	550	-1
916	9	-1
910	784	-1
692	689	-1
396	963	-1
423	516	-1
913	357	-1
654	482	-1
421	429	-1
921	996	-1
419	601	-1
938	785	-1
913	970	-1
422	487	-1
425	94	-1
419	979	-1
431	120	-1
434	630	-1
919	194	-1
912	213	-1
418	14	-1
914	366	-1
919	340	-1
411	721	-1
420	367	-1
921	21	-1
431	131	-1
919	586	-1
914	733	-1
920	863	-1
412	136	-1
414	52	-1
421	406	-1
920	241	-1
425	472	-1
409	872	-1
913	454	-1
420	71	-1
415	314	-1
447	492	-1
418	741	-1
413	694	-1
919	982	-1
184	319	-1
967	804	-1
922	53	-1
437	746	-1
419	303	-1
457	93	-1
412	934	-1
406	746	-1
409	100	-1
442	720	-1
925	210	-1
420	963	-1
79	749	-1
159	739	-1
918	510	-1
410	87	-1
773	650	-1
934	82	-1
412	726	-1
919	532	-1
418	749	-1
401	861	-1
416	34	-1
922	93	-1
564	655	-1
436	959	-1
673	487	-1
423	859	-1
923	84	-1
913	718	-1
162	850	-1
423	818	-1
925	716	-1
921	408	-1
413	636	-1
923	523	-1
420	372	-1
923	353	-1
919	598	-1
910	97	-1
406	276	-1
