987	478	1
667	294	1
279	56	1
721	359	1
433	413	1
931	487	1
970	581	1
442	121	1
914	942	1
222	731	1
526	887	1
521	240	1
255	924	1
980	340	1
957	171	1
414	48	1
485	386	1
981	89	1
422	780	1
459	609	1
705	561	1
994	153	1
970	857	1
982	506	1
535	967	1
251	886	1
479	404	1
82	511	1
629	828	1
30	367	1
710	873	1
690	380	1
456	234	1
320	364	1
714	887	1
899	230	1
734	941	1
18	767	1
534	324	1
858	724	1
980	231	1
434	444	1
949	700	1
673	429	1
596	724	1
628	199	1
431	747	1
549	957	1
433	461	1
856	649	1
142	199	1
77	309	1
745	306	1
100	660	1
921	722	1
980	358	1
506	464	1
224	287	1
443	678	1
477	323	1
9	695	1
865	781	1
256	112	1
270	592	1
17	803	1
477	996	1
407	393	1
689	399	1
687	114	1
967	679	1
962	759	1
380	293	1
13	1	1
976	745	1
758	236	1
617	62	1
979	292	1
3	652	1
59	279	1
14	201	1
493	554	1
691	857	1
403	228	1
588	714	1
722	517	1
437	706	1
900	237	1
681	202	1
483	45	1
204	401	1
429	598	1
20	897	1
863	312	1
460	921	1
425	952	1
408	278	1
417	810	1
3	286	1
523	716	1
75	252	1
917	357	1
99	937	1
772	875	1
796	135	1
662	248	1
233	623	1
481	366	1
906	648	1
747	66	1
526	815	1
509	651	1
436	270	1
495	103	1
977	399	1
156	565	1
40	525	1
896	562	1
566	820	1
508	541	1
138	301	1
17	562	1
321	641	1
907	285	1
969	121	1
230	696	1
429	982	1
387	111	1
646	305	1
517	504	1
177	982	1
33	589	1
366	526	1
410	366	1
368	588	1
982	259	1
581	670	1
214	352	1
602	67	1
356	200	1
941	794	1
732	650	1
972	964	1
480	355	1
587	613	1
149	249	1
432	659	1
594	398	1
176	844	1
940	422	1
132	96	1
286	394	1
926	831	1
895	397	1
116	16	1
854	854	1
964	984	1
362	410	1
731	594	1
41	116	1
103	556	1
440	143	1
462	896	1
106	985	1
98	844	1
454	824	1
34	462	1
775	184	1
110	783	1
171	89	1
394	469	1
228	370	1
26	455	1
418	796	1
764	726	1
989	966	1
904	564	1
430	534	1
957	174	1
213	661	1
482	233	1
974	948	1
92	231	1
834	988	1
962	932	1
535	297	1
522	729	1
679	466	1
397	579	1
917	892	1
187	428	1
254	554	1
335	471	1
914	461	1
258	87	1
243	788	1
236	207	1
529	777	1
489	146	1
485	54	1
854	832	1
621	901	1
778	651	1
314	702	1
880	346	1
224	300	1
394	500	1
948	624	1
890	260	1
247	355	1
469	208	1
941	665	1
859	168	1
140	484	1
857	652	1
423	317	1
707	737	1
629	193	1
430	512	1
200	374	1
418	869	1
141	175	1
106	254	1
684	238	1
36	223	1
941	94	1
55	611	1
16	22	1
191	442	1
478	276	1
29	399	1
874	578	1
597	434	1
83	330	1
231	194	1
500	87	1
978	310	1
372	544	1
526	804	1
914	773	1
520	254	1
436	9	1
629	97	1
978	289	1
812	547	1
523	631	1
797	800	1
914	476	1
436	50	1
479	301	1
405	353	1
460	505	1
848	972	-1
757	815	-1
706	877	-1
631	132	-1
607	72	-1
354	885	-1
80	511	-1
798	527	-1
558	832	-1
725	520	-1
603	703	-1
380	387	-1
395	152	-1
259	824	-1
684	576	-1
145	484	-1
127	86	-1
63	283	-1
309	371	-1
114	666	-1
711	347	-1
491	749	-1
788	560	-1
248	133	-1
819	749	-1
175	315	-1
916	776	-1
696	692	-1
254	780	-1
354	302	-1
289	48	-1
13	28	-1
14	436	-1
259	928	-1
594	617	-1
180	422	-1
366	996	-1
21	357	-1
689	856	-1
849	919	-1
405	461	-1
756	901	-1
987	638	-1
458	892	-1
274	596	-1
771	188	-1
795	666	-1
454	265	-1
986	735	-1
148	39	-1
797	685	-1
758	726	-1
601	600	-1
646	40	-1
672	851	-1
391	107	-1
438	419	-1
362	551	-1
256	454	-1
249	118	-1
957	930	-1
568	267	-1
168	878	-1
642	384	-1
42	220	-1
804	146	-1
23	899	-1
282	80	-1
787	602	-1
237	362	-1
902	227	-1
726	633	-1
149	570	-1
512	267	-1
564	117	-1
782	74	-1
31	460	-1
106	424	-1
116	979	-1
749	63	-1
744	683	-1
904	816	-1
386	286	-1
150	605	-1
237	701	-1
986	967	-1
243	563	-1
237	933	-1
902	564	-1
297	248	-1
839	819	-1
671	253	-1
754	241	-1
392	349	-1
411	864	-1
314	424	-1
179	349	-1
65	267	-1
830	991	-1
210	1	-1
727	598	-1
619	903	-1
372	585	-1
635	272	-1
409	49	-1
104	29	-1
363	529	-1
916	943	-1
153	252	-1
647	15	-1
254	902	-1
723	878	-1
428	599	-1
855	34	-1
423	802	-1
766	869	-1
771	530	-1
906	649	-1
679	390	-1
566	222	-1
62	277	-1
872	305	-1
300	553	-1
783	47	-1
930	486	-1
5	823	-1
982	954	-1
274	263	-1
958	111	-1
512	653	-1
593	718	-1
854	308	-1
406	487	-1
30	585	-1
759	319	-1
915	894	-1
168	852	-1
681	235	-1
709	740	-1
255	886	-1
254	349	-1
71	314	-1
804	152	-1
983	507	-1
286	649	-1
967	755	-1
593	518	-1
488	51	-1
497	82	-1
664	448	-1
428	955	-1
264	409	-1
136	168	-1
776	276	-1
56	610	-1
271	542	-1
237	508	-1
801	805	-1
558	957	-1
148	45	-1
234	194	-1
336	471	-1
498	550	-1
312	182	-1
794	413	-1
452	331	-1
726	644	-1
179	354	-1
121	111	-1
367	29	-1
707	559	-1
65	293	-1
238	724	-1
600	64	-1
786	493	-1
67	238	-1
226	631	-1
2	985	-1
119	262	-1
450	20	-1
765	881	-1
427	266	-1
864	74	-1
238	669	-1
195	260	-1
283	55	-1
69	184	-1
592	428	-1
128	508	-1
436	658	-1
792	638	-1
48	519	-1
984	296	-1
279	621	-1
857	651	-1
671	427	-1
285	340	-1
754	763	-1
263	377	-1
476	678	-1
955	624	-1
891	263	-1
787	312	-1
257	802	-1
8	280	-1
705	388	-1
625	217	-1
872	368	-1
795	195	-1
424	539	-1
182	433	-1
282	696	-1
310	484	-1
176	702	-1
70	351	-1
110	154	-1
628	903	-1
147	580	-1
114	990	-1
233	531	-1
649	86	-1
266	184	-1
955	705	-1
576	338	-1
794	390	-1
611	851	-1
244	79	-1
489	389	-1
726	48	-1
567	308	-1
371	108	-1
527	331	-1
106	554	-1
92	233	-1
624	205	-1
592	441	-1
970	680	-1
273	316	-1
595	552	-1
405	493	-1
738	945	-1
163	813	-1
606	684	-1
650	308	-1
352	931	-1
590	794	-1
844	216	-1
314	703	-1
128	480	-1
