750	954	1
755	141	1
248	849	1
251	786	1
759	684	1
774	584	1
757	582	1
254	768	1
256	60	1
258	227	1
760	730	1
254	983	1
248	832	1
752	821	1
747	999	1
520	412	1
257	492	1
259	848	1
257	95	1
261	138	1
775	447	1
256	327	1
752	732	1
256	473	1
255	775	1
764	954	1
256	367	1
260	8	1
256	760	1
257	854	1
261	551	1
757	702	1
759	525	1
257	987	1
262	732	1
756	795	1
256	973	1
254	615	1
739	261	1
751	716	1
262	419	1
757	367	1
768	842	1
757	870	1
758	509	1
751	834	1
761	30	1
260	812	1
757	746	1
242	863	1
239	675	1
757	295	1
755	46	1
257	587	1
750	31	1
760	196	1
257	320	1
779	624	1
258	831	1
758	490	1
251	436	1
260	889	1
256	507	1
264	192	1
251	10	1
248	189	1
254	629	1
260	693	1
756	912	1
250	732	1
759	692	1
757	329	1
244	694	1
251	757	1
246	419	1
261	77	1
243	606	1
760	883	1
258	837	1
754	285	1
759	720	1
251	812	1
756	763	1
757	482	1
252	675	1
760	311	1
749	107	1
255	314	1
255	868	1
824	825	1
261	210	1
256	425	1
752	844	1
759	555	1
732	347	1
755	123	1
755	443	1
759	548	1
257	513	1
761	184	1
262	936	1
754	12	1
257	724	1
759	499	1
756	426	1
752	457	1
250	144	1
259	535	1
253	73	1
263	750	1
256	265	1
249	430	1
756	754	1
742	151	1
259	698	1
256	897	1
750	585	1
759	540	1
765	605	1
258	298	1
756	436	1
267	430	1
760	107	1
758	712	1
744	83	1
747	882	1
256	31	1
768	86	1
258	117	1
259	580	1
756	807	1
256	46	1
738	626	1
250	721	1
259	258	1
766	261	1
757	323	1
774	456	1
757	672	1
256	39	1
250	935	1
760	316	1
249	532	1
254	275	1
747	992	1
757	396	1
254	603	1
246	557	1
263	144	1
263	785	1
260	555	1
239	499	1
748	192	1
754	850	1
259	231	1
754	742	1
303	229	1
763	948	1
755	274	1
280	311	1
755	152	1
762	938	1
242	749	1
757	412	1
268	724	1
759	877	1
739	943	1
755	362	1
756	332	1
758	454	1
256	290	1
258	166	1
765	837	1
257	272	1
738	930	1
737	956	1
755	257	1
255	741	1
763	822	1
763	536	1
260	217	1
257	872	1
246	739	1
258	281	1
256	568	1
259	221	1
755	302	1
258	238	1
259	679	1
256	0	1
265	606	1
252	958	1
264	955	1
269	675	1
732	325	1
759	996	1
257	387	1
258	251	1
251	887	1
257	305	1
755	814	1
736	455	1
755	84	1
273	753	1
774	998	1
262	408	1
255	780	1
256	393	1
754	928	1
755	630	1
250	407	1
259	185	1
756	857	1
250	302	1
754	342	1
255	576	1
264	204	1
240	582	1
755	352	1
756	503	1
259	129	1
262	947	1
252	379	1
752	625	1
753	595	1
778	351	1
750	179	1
766	150	1
267	278	1
260	380	1
757	288	1
256	197	1
756	265	1
275	191	1
756	836	1
246	551	1
249	953	1
753	96	1
759	345	1
256	822	1
756	575	1
765	626	1
754	310	1
752	604	1
256	916	1
258	498	1
749	688	1
765	927	1
514	259	1
793	944	1
281	279	1
8	867	-1
8	572	-1
990	870	-1
505	284	-1
9	384	-1
4	51	-1
505	574	-1
504	879	-1
477	257	-1
506	637	-1
17	327	-1
4	829	-1
506	242	-1
1	149	-1
12	447	-1
774	538	-1
997	581	-1
19	838	-1
498	19	-1
506	845	-1
2	89	-1
6	298	-1
543	424	-1
8	391	-1
508	438	-1
499	770	-1
26	813	-1
7	982	-1
515	29	-1
274	195	-1
3	60	-1
506	528	-1
8	899	-1
506	233	-1
7	857	-1
529	646	-1
7	841	-1
12	344	-1
504	84	-1
6	605	-1
501	453	-1
495	435	-1
997	519	-1
505	679	-1
506	932	-1
504	696	-1
509	311	-1
5	484	-1
33	530	-1
481	778	-1
8	539	-1
8	517	-1
17	665	-1
10	440	-1
12	146	-1
996	385	-1
7	425	-1
1	108	-1
15	602	-1
259	422	-1
505	562	-1
9	87	-1
504	705	-1
503	912	-1
502	993	-1
6	208	-1
16	751	-1
517	19	-1
6	327	-1
511	805	-1
990	811	-1
512	417	-1
5	500	-1
6	634	-1
998	843	-1
9	430	-1
1	977	-1
5	906	-1
4	103	-1
6	886	-1
505	292	-1
507	965	-1
506	648	-1
514	410	-1
504	190	-1
503	129	-1
505	148	-1
506	16	-1
999	441	-1
6	556	-1
7	235	-1
10	369	-1
512	404	-1
479	239	-1
504	163	-1
10	686	-1
5	44	-1
507	262	-1
505	667	-1
4	552	-1
505	70	-1
5	958	-1
5	415	-1
504	908	-1
494	889	-1
518	913	-1
511	324	-1
6	937	-1
506	49	-1
12	812	-1
11	678	-1
6	922	-1
995	347	-1
995	531	-1
515	430	-1
7	21	-1
2	813	-1
7	874	-1
1	621	-1
503	35	-1
309	231	-1
5	894	-1
505	359	-1
508	519	-1
515	589	-1
7	253	-1
513	955	-1
8	976	-1
1	449	-1
5	999	-1
22	255	-1
6	221	-1
503	249	-1
523	883	-1
36	674	-1
510	651	-1
266	727	-1
5	15	-1
769	315	-1
496	648	-1
8	526	-1
6	991	-1
523	248	-1
505	981	-1
5	266	-1
242	742	-1
504	55	-1
506	270	-1
501	26	-1
995	539	-1
507	893	-1
505	629	-1
6	913	-1
5	963	-1
511	992	-1
9	349	-1
506	830	-1
9	579	-1
11	620	-1
9	696	-1
8	796	-1
505	821	-1
7	967	-1
496	326	-1
8	948	-1
996	659	-1
503	620	-1
506	569	-1
270	278	-1
8	863	-1
827	828	-1
505	182	-1
505	99	-1
522	781	-1
510	342	-1
511	488	-1
505	428	-1
4	456	-1
500	486	-1
729	321	-1
268	206	-1
1	749	-1
13	57	-1
6	79	-1
505	753	-1
509	450	-1
511	948	-1
512	776	-1
23	580	-1
507	543	-1
505	944	-1
5	27	-1
997	602	-1
994	330	-1
505	106	-1
505	606	-1
500	807	-1
498	413	-1
770	837	-1
511	317	-1
506	553	-1
503	177	-1
994	685	-1
504	154	-1
6	398	-1
10	533	-1
475	647	-1
5	463	-1
506	956	-1
499	383	-1
3	950	-1
995	575	-1
509	385	-1
498	404	-1
9	375	-1
518	757	-1
996	673	-1
505	872	-1
504	548	-1
490	753	-1
15	109	-1
9	879	-1
997	370	-1
997	252	-1
8	721	-1
499	779	-1
506	886	-1
506	124	-1
490	954	-1
7	199	-1
495	425	-1
6	128	-1
506	80	-1
494	314	-1
506	257	-1
502	516	-1
499	340	-1
507	391	-1
508	976	-1
237	861	-1
521	256	-1
998	431	-1
505	589	-1
8	214	-1
496	587	-1
6	662	-1
504	919	-1
508	617	-1
4	491	-1
