170	489	1
159	963	1
173	960	1
136	681	1
168	860	1
419	455	1
169	332	1
669	59	1
668	452	1
669	217	1
669	345	1
669	549	1
186	317	1
668	892	1
646	490	1
167	256	1
654	968	1
669	910	1
165	226	1
169	327	1
165	286	1
314	142	1
169	99	1
163	192	1
672	308	1
666	871	1
668	391	1
665	788	1
662	200	1
170	986	1
198	882	1
168	109	1
168	354	1
599	555	1
682	690	1
681	643	1
668	363	1
169	78	1
671	200	1
160	716	1
159	744	1
666	767	1
184	245	1
175	668	1
142	886	1
164	366	1
666	531	1
166	502	1
169	314	1
919	622	1
171	19	1
657	676	1
164	429	1
665	232	1
681	987	1
169	306	1
449	494	1
80	748	1
176	891	1
667	45	1
179	427	1
665	226	1
667	484	1
168	164	1
170	89	1
668	384	1
665	23	1
669	329	1
680	531	1
667	476	1
142	877	1
168	455	1
166	497	1
656	396	1
667	886	1
436	736	1
667	108	1
669	397	1
123	842	1
164	826	1
670	936	1
166	245	1
707	639	1
667	493	1
170	73	1
684	780	1
369	42	1
158	701	1
670	940	1
675	700	1
665	776	1
664	192	1
166	6	1
147	842	1
169	919	1
145	242	1
181	190	1
173	735	1
663	164	1
658	990	1
657	982	1
562	657	1
532	18	1
667	759	1
668	357	1
668	509	1
150	738	1
177	567	1
173	289	1
668	415	1
171	981	1
173	365	1
168	517	1
188	844	1
673	968	1
667	258	1
173	478	1
668	437	1
168	379	1
684	203	1
164	550	1
667	255	1
173	550	1
684	870	1
165	241	1
662	157	1
660	218	1
168	116	1
667	749	1
673	158	1
164	476	1
645	545	1
165	878	1
666	17	1
669	542	1
169	318	1
166	788	1
398	871	1
159	738	1
917	92	1
169	301	1
681	637	1
152	571	1
177	712	1
742	644	1
182	230	1
673	971	1
173	966	1
663	291	1
664	175	1
673	312	1
672	984	1
164	568	1
170	844	1
665	144	1
668	459	1
667	607	1
162	184	1
169	342	1
168	606	1
187	838	1
191	186	1
663	30	1
662	307	1
666	125	1
168	270	1
665	874	1
668	370	1
164	894	1
168	407	1
928	881	1
607	647	1
183	236	1
156	528	1
673	293	1
170	94	1
174	934	1
168	121	1
669	349	1
656	67	1
658	642	1
162	692	1
669	334	1
668	374	1
661	313	1
695	538	1
658	98	1
667	490	1
956	328	1
159	709	1
176	881	1
685	393	1
292	854	1
168	463	1
168	527	1
681	493	1
667	267	1
674	583	1
546	57	1
626	959	1
166	771	1
178	42	1
180	498	1
170	52	1
176	561	1
414	960	1
423	619	1
181	528	1
658	698	1
172	186	1
669	553	1
157	666	1
169	152	1
171	948	1
664	186	1
661	580	1
159	851	1
191	106	1
199	675	1
165	796	1
685	657	1
174	9	1
663	206	1
639	636	1
171	38	1
158	677	1
676	677	1
675	671	1
924	396	1
675	661	1
660	633	1
672	962	1
924	992	1
670	99	1
670	67	1
164	426	1
671	947	1
674	708	1
667	466	1
169	44	1
173	748	1
175	678	1
912	210	1
168	398	1
671	953	1
170	28	1
163	935	1
160	846	1
656	662	1
664	867	1
656	652	1
430	452	-1
918	305	-1
419	352	-1
432	279	-1
918	236	-1
427	27	-1
421	652	-1
414	712	-1
925	619	-1
407	125	-1
413	452	-1
921	922	-1
919	120	-1
900	403	-1
416	260	-1
411	778	-1
917	667	-1
414	26	-1
173	491	-1
417	915	-1
153	704	-1
415	628	-1
417	578	-1
914	629	-1
924	730	-1
921	641	-1
427	463	-1
430	614	-1
430	254	-1
405	808	-1
425	228	-1
926	450	-1
421	874	-1
414	202	-1
424	523	-1
452	126	-1
425	579	-1
431	261	-1
915	207	-1
167	552	-1
920	851	-1
423	513	-1
595	558	-1
421	666	-1
417	998	-1
418	178	-1
408	116	-1
925	68	-1
888	622	-1
426	314	-1
921	889	-1
929	806	-1
919	429	-1
407	524	-1
898	452	-1
925	630	-1
917	566	-1
417	958	-1
919	908	-1
428	700	-1
918	377	-1
922	683	-1
675	198	-1
421	617	-1
920	413	-1
913	823	-1
914	755	-1
414	703	-1
924	364	-1
407	819	-1
409	751	-1
422	48	-1
424	528	-1
916	616	-1
918	270	-1
962	800	-1
425	235	-1
938	903	-1
400	258	-1
184	191	-1
923	12	-1
291	853	-1
917	621	-1
920	855	-1
313	140	-1
921	872	-1
920	708	-1
173	92	-1
529	20	-1
920	782	-1
656	30	-1
917	504	-1
907	81	-1
411	773	-1
401	872	-1
925	880	-1
420	883	-1
669	872	-1
413	458	-1
919	902	-1
913	547	-1
545	55	-1
420	591	-1
420	563	-1
426	776	-1
918	295	-1
176	40	-1
920	398	-1
918	282	-1
912	806	-1
423	507	-1
922	688	-1
422	494	-1
421	454	-1
421	421	-1
367	39	-1
378	91	-1
921	393	-1
918	135	-1
930	968	-1
912	811	-1
951	325	-1
412	961	-1
923	100	-1
423	102	-1
666	307	-1
419	333	-1
943	857	-1
912	522	-1
414	615	-1
935	981	-1
912	797	-1
425	198	-1
926	456	-1
420	570	-1
906	214	-1
908	686	-1
419	278	-1
924	179	-1
927	397	-1
918	162	-1
420	802	-1
422	83	-1
913	638	-1
407	230	-1
917	580	-1
421	864	-1
423	932	-1
928	821	-1
423	480	-1
429	636	-1
912	181	-1
413	469	-1
918	309	-1
670	668	-1
424	722	-1
917	574	-1
686	527	-1
421	809	-1
917	986	-1
918	323	-1
917	606	-1
924	759	-1
912	790	-1
909	69	-1
922	550	-1
915	9	-1
910	784	-1
684	689	-1
395	963	-1
423	516	-1
912	357	-1
653	482	-1
421	429	-1
919	996	-1
420	601	-1
937	785	-1
914	970	-1
422	487	-1
423	94	-1
418	979	-1
425	120	-1
429	630	-1
917	194	-1
915	213	-1
416	14	-1
914	366	-1
919	340	-1
413	721	-1
420	367	-1
920	21	-1
425	131	-1
917	586	-1
914	733	-1
920	863	-1
409	136	-1
413	52	-1
420	406	-1
918	241	-1
425	472	-1
390	872	-1
912	454	-1
419	71	-1
414	314	-1
447	492	-1
422	741	-1
415	694	-1
917	982	-1
184	319	-1
962	804	-1
920	53	-1
442	746	-1
418	303	-1
456	93	-1
410	934	-1
409	746	-1
408	100	-1
443	720	-1
929	210	-1
418	963	-1
79	749	-1
157	739	-1
917	510	-1
409	87	-1
918	650	-1
932	82	-1
413	726	-1
918	532	-1
422	749	-1
401	861	-1
415	34	-1
921	93	-1
559	655	-1
433	959	-1
673	487	-1
421	859	-1
921	84	-1
913	718	-1
156	850	-1
422	818	-1
923	716	-1
920	408	-1
414	636	-1
922	523	-1
420	372	-1
922	353	-1
917	598	-1
908	97	-1
404	276	-1
