5.000000e-01
5.136105e-01
5.271951e-01
5.407278e-01
5.541833e-01
5.675372e-01
5.807657e-01
5.938464e-01
6.067579e-01
6.194806e-01
6.319961e-01
6.442880e-01
6.563413e-01
6.681431e-01
6.796819e-01
6.909482e-01
7.019341e-01
7.126334e-01
7.230415e-01
7.331551e-01
7.429725e-01
7.524933e-01
7.617182e-01
7.706490e-01
7.792885e-01
7.876404e-01
7.957089e-01
8.034992e-01
8.110169e-01
8.182680e-01
8.252590e-01
8.319966e-01
8.384878e-01
8.447398e-01
8.507598e-01
8.565552e-01
8.621333e-01
8.675014e-01
8.726667e-01
8.776366e-01
8.824179e-01
8.870177e-01
8.914427e-01
8.956995e-01
8.997946e-01
9.037342e-01
9.075244e-01
9.111710e-01
9.146798e-01
9.180561e-01
9.213052e-01
9.244323e-01
9.274422e-01
9.303397e-01
9.331291e-01
9.358149e-01
9.384012e-01
9.408920e-01
9.432910e-01
9.456019e-01
9.478283e-01
9.499734e-01
9.520405e-01
9.540326e-01
9.559526e-01
9.578033e-01
9.595874e-01
9.613074e-01
9.629658e-01
9.645648e-01
9.661068e-01
9.675938e-01
9.690278e-01
9.704108e-01
9.717447e-01
9.730311e-01
9.742718e-01
9.754684e-01
9.766224e-01
9.777353e-01
9.788085e-01
9.798433e-01
9.808410e-01
9.818028e-01
9.827299e-01
9.836233e-01
9.844842e-01
9.853135e-01
9.861123e-01
9.868814e-01
9.876217e-01
9.883340e-01
9.890192e-01
9.896780e-01
9.903111e-01
9.909192e-01
9.915031e-01
9.920632e-01
9.926002e-01
9.931147e-01
9.936072e-01
9.940783e-01
9.945283e-01
9.949579e-01
9.953673e-01
9.957571e-01
9.961276e-01
9.964792e-01
9.968122e-01
9.971270e-01
9.974239e-01
9.977031e-01
9.979650e-01
9.982098e-01
9.984377e-01
9.986490e-01
9.988438e-01
9.990224e-01
9.991849e-01
9.993315e-01
9.994622e-01
9.995773e-01
9.996768e-01
9.997609e-01
9.998295e-01
9.998829e-01
9.999210e-01
9.999438e-01
9.999514e-01
9.999438e-01
9.999210e-01
9.998829e-01
9.998295e-01
9.997609e-01
9.996768e-01
9.995773e-01
9.994622e-01
9.993315e-01
9.991849e-01
9.990224e-01
9.988438e-01
9.986490e-01
9.984377e-01
9.982098e-01
9.979650e-01
9.977031e-01
9.974239e-01
9.971270e-01
9.968122e-01
9.964792e-01
9.961276e-01
9.957571e-01
9.953673e-01
9.949579e-01
9.945283e-01
9.940783e-01
9.936072e-01
9.931147e-01
9.926002e-01
9.920632e-01
9.915031e-01
9.909192e-01
9.903111e-01
9.896780e-01
9.890192e-01
9.883340e-01
9.876217e-01
9.868814e-01
9.861123e-01
9.853135e-01
9.844842e-01
9.836233e-01
9.827299e-01
9.818028e-01
9.808410e-01
9.798433e-01
9.788085e-01
9.777353e-01
9.766224e-01
9.754684e-01
9.742718e-01
9.730311e-01
9.717447e-01
9.704108e-01
9.690278e-01
9.675938e-01
9.661068e-01
9.645648e-01
9.629658e-01
9.613074e-01
9.595874e-01
9.578033e-01
9.559526e-01
9.540326e-01
9.520405e-01
9.499734e-01
9.478283e-01
9.456019e-01
9.432910e-01
9.408920e-01
9.384012e-01
9.358149e-01
9.331291e-01
9.303397e-01
9.274422e-01
9.244323e-01
9.213052e-01
9.180561e-01
9.146798e-01
9.111710e-01
9.075244e-01
9.037342e-01
8.997946e-01
8.956995e-01
8.914427e-01
8.870177e-01
8.824179e-01
8.776366e-01
8.726667e-01
8.675014e-01
8.621333e-01
8.565552e-01
8.507598e-01
8.447398e-01
8.384878e-01
8.319966e-01
8.252590e-01
8.182680e-01
8.110169e-01
8.034992e-01
7.957089e-01
7.876404e-01
7.792885e-01
7.706490e-01
7.617182e-01
7.524933e-01
7.429725e-01
7.331551e-01
7.230415e-01
7.126334e-01
7.019341e-01
6.909482e-01
6.796819e-01
6.681431e-01
6.563413e-01
6.442880e-01
6.319961e-01
6.194806e-01
6.067579e-01
5.938464e-01
5.807657e-01
5.675372e-01
5.541833e-01
5.407278e-01
5.271951e-01
5.136105e-01
5.000000e-01
4.863895e-01
4.728049e-01
4.592722e-01
4.458167e-01
4.324628e-01
4.192343e-01
4.061536e-01
3.932421e-01
3.805194e-01
3.680039e-01
3.557120e-01
3.436587e-01
3.318569e-01
3.203181e-01
3.090518e-01
2.980659e-01
2.873666e-01
2.769585e-01
2.668449e-01
2.570275e-01
2.475067e-01
2.382818e-01
2.293510e-01
2.207115e-01
2.123596e-01
2.042911e-01
1.965008e-01
1.889831e-01
1.817320e-01
1.747410e-01
1.680034e-01
1.615122e-01
1.552602e-01
1.492402e-01
1.434448e-01
1.378667e-01
1.324986e-01
1.273333e-01
1.223634e-01
1.175821e-01
1.129823e-01
1.085573e-01
1.043005e-01
1.002054e-01
9.626577e-02
9.247559e-02
8.882897e-02
8.532024e-02
8.194393e-02
7.869477e-02
7.556767e-02
7.255775e-02
6.966033e-02
6.687088e-02
6.418509e-02
6.159880e-02
5.910805e-02
5.670901e-02
5.439805e-02
5.217168e-02
5.002655e-02
4.795948e-02
4.596740e-02
4.404740e-02
4.219669e-02
4.041261e-02
3.869259e-02
3.703422e-02
3.543517e-02
3.389321e-02
3.240623e-02
3.097219e-02
2.958918e-02
2.825534e-02
2.696890e-02
2.572819e-02
2.453159e-02
2.337758e-02
2.226468e-02
2.119150e-02
2.015670e-02
1.915901e-02
1.819721e-02
1.727014e-02
1.637669e-02
1.551581e-02
1.468647e-02
1.388772e-02
1.311864e-02
1.237834e-02
1.166600e-02
1.098082e-02
1.032203e-02
9.688912e-03
9.080770e-03
8.496946e-03
7.936816e-03
7.399780e-03
6.885273e-03
6.392753e-03
5.921708e-03
5.471651e-03
5.042120e-03
4.632675e-03
4.242903e-03
3.872411e-03
3.520827e-03
3.187803e-03
2.873007e-03
2.576131e-03
2.296884e-03
2.034992e-03
1.790203e-03
1.562280e-03
1.351002e-03
1.156169e-03
9.775931e-04
8.151048e-04
6.685499e-04
5.377897e-04
4.227007e-04
3.231744e-04
2.391172e-04
1.704503e-04
1.171093e-04
7.904411e-05
5.621925e-05
4.861334e-05
5.621925e-05
7.904411e-05
1.171093e-04
1.704503e-04
2.391172e-04
3.231744e-04
4.227007e-04
5.377897e-04
6.685499e-04
8.151048e-04
9.775931e-04
1.156169e-03
1.351002e-03
1.562280e-03
1.790203e-03
2.034992e-03
2.296884e-03
2.576131e-03
2.873007e-03
3.187803e-03
3.520827e-03
3.872411e-03
4.242903e-03
4.632675e-03
5.042120e-03
5.471651e-03
5.921708e-03
6.392753e-03
6.885273e-03
7.399780e-03
7.936816e-03
8.496946e-03
9.080770e-03
9.688912e-03
1.032203e-02
1.098082e-02
1.166600e-02
1.237834e-02
1.311864e-02
1.388772e-02
1.468647e-02
1.551581e-02
1.637669e-02
1.727014e-02
1.819721e-02
1.915901e-02
2.015670e-02
2.119150e-02
2.226468e-02
2.337758e-02
2.453159e-02
2.572819e-02
2.696890e-02
2.825534e-02
2.958918e-02
3.097219e-02
3.240623e-02
3.389321e-02
3.543517e-02
3.703422e-02
3.869259e-02
4.041261e-02
4.219669e-02
4.404740e-02
4.596740e-02
4.795948e-02
5.002655e-02
5.217168e-02
5.439805e-02
5.670901e-02
5.910805e-02
6.159880e-02
6.418509e-02
6.687088e-02
6.966033e-02
7.255775e-02
7.556767e-02
7.869477e-02
8.194393e-02
8.532024e-02
8.882897e-02
9.247559e-02
9.626577e-02
1.002054e-01
1.043005e-01
1.085573e-01
1.129823e-01
1.175821e-01
1.223634e-01
1.273333e-01
1.324986e-01
1.378667e-01
1.434448e-01
1.492402e-01
1.552602e-01
1.615122e-01
1.680034e-01
1.747410e-01
1.817320e-01
1.889831e-01
1.965008e-01
2.042911e-01
2.123596e-01
2.207115e-01
2.293510e-01
2.382818e-01
2.475067e-01
2.570275e-01
2.668449e-01
2.769585e-01
2.873666e-01
2.980659e-01
3.090518e-01
3.203181e-01
3.318569e-01
3.436587e-01
3.557120e-01
3.680039e-01
3.805194e-01
3.932421e-01
4.061536e-01
4.192343e-01
4.324628e-01
4.458167e-01
4.592722e-01
4.728049e-01
4.863895e-01
