5.000000e-01
5.074917e-01
5.149806e-01
5.224639e-01
5.299389e-01
5.374028e-01
5.448529e-01
5.522863e-01
5.597006e-01
5.670929e-01
5.744606e-01
5.818012e-01
5.891121e-01
5.963908e-01
6.036349e-01
6.108419e-01
6.180095e-01
6.251355e-01
6.322175e-01
6.392534e-01
6.462412e-01
6.531788e-01
6.600642e-01
6.668955e-01
6.736710e-01
6.803889e-01
6.870474e-01
6.936451e-01
7.001804e-01
7.066518e-01
7.130580e-01
7.193976e-01
7.256696e-01
7.318726e-01
7.380057e-01
7.440679e-01
7.500582e-01
7.559757e-01
7.618198e-01
7.675896e-01
7.732846e-01
7.789041e-01
7.844477e-01
7.899148e-01
7.953052e-01
8.006184e-01
8.058542e-01
8.110124e-01
8.160928e-01
8.210952e-01
8.260197e-01
8.308662e-01
8.356347e-01
8.403253e-01
8.449380e-01
8.494732e-01
8.539308e-01
8.583112e-01
8.626147e-01
8.668414e-01
8.709917e-01
8.750659e-01
8.790644e-01
8.829877e-01
8.868360e-01
8.906099e-01
8.943097e-01
8.979360e-01
9.014892e-01
9.049699e-01
9.083784e-01
9.117154e-01
9.149814e-01
9.181769e-01
9.213024e-01
9.243586e-01
9.273458e-01
9.302648e-01
9.331160e-01
9.359000e-01
9.386174e-01
9.412687e-01
9.438545e-01
9.463753e-01
9.488317e-01
9.512243e-01
9.535535e-01
9.558199e-01
9.580240e-01
9.601664e-01
9.622476e-01
9.642680e-01
9.662282e-01
9.681287e-01
9.699699e-01
9.717523e-01
9.734764e-01
9.751426e-01
9.767514e-01
9.783032e-01
9.797984e-01
9.812373e-01
9.826205e-01
9.839482e-01
9.852209e-01
9.864389e-01
9.876025e-01
9.887121e-01
9.897679e-01
9.907703e-01
9.917196e-01
9.926160e-01
9.934598e-01
9.942512e-01
9.949905e-01
9.956779e-01
9.963135e-01
9.968976e-01
9.974304e-01
9.979119e-01
9.983423e-01
9.987218e-01
9.990505e-01
9.993285e-01
9.995558e-01
9.997325e-01
9.998587e-01
9.999344e-01
9.999596e-01
9.999344e-01
9.998587e-01
9.997325e-01
9.995558e-01
9.993285e-01
9.990505e-01
9.987218e-01
9.983423e-01
9.979119e-01
9.974304e-01
9.968976e-01
9.963135e-01
9.956779e-01
9.949905e-01
9.942512e-01
9.934598e-01
9.926160e-01
9.917196e-01
9.907703e-01
9.897679e-01
9.887121e-01
9.876025e-01
9.864389e-01
9.852209e-01
9.839482e-01
9.826205e-01
9.812373e-01
9.797984e-01
9.783032e-01
9.767514e-01
9.751426e-01
9.734764e-01
9.717523e-01
9.699699e-01
9.681287e-01
9.662282e-01
9.642680e-01
9.622476e-01
9.601664e-01
9.580240e-01
9.558199e-01
9.535535e-01
9.512243e-01
9.488317e-01
9.463753e-01
9.438545e-01
9.412687e-01
9.386174e-01
9.359000e-01
9.331160e-01
9.302648e-01
9.273458e-01
9.243586e-01
9.213024e-01
9.181769e-01
9.149814e-01
9.117154e-01
9.083784e-01
9.049699e-01
9.014892e-01
8.979360e-01
8.943097e-01
8.906099e-01
8.868360e-01
8.829877e-01
8.790644e-01
8.750659e-01
8.709917e-01
8.668414e-01
8.626147e-01
8.583112e-01
8.539308e-01
8.494732e-01
8.449380e-01
8.403253e-01
8.356347e-01
8.308662e-01
8.260197e-01
8.210952e-01
8.160928e-01
8.110124e-01
8.058542e-01
8.006184e-01
7.953052e-01
7.899148e-01
7.844477e-01
7.789041e-01
7.732846e-01
7.675896e-01
7.618198e-01
7.559757e-01
7.500582e-01
7.440679e-01
7.380057e-01
7.318726e-01
7.256696e-01
7.193976e-01
7.130580e-01
7.066518e-01
7.001804e-01
6.936451e-01
6.870474e-01
6.803889e-01
6.736710e-01
6.668955e-01
6.600642e-01
6.531788e-01
6.462412e-01
6.392534e-01
6.322175e-01
6.251355e-01
6.180095e-01
6.108419e-01
6.036349e-01
5.963908e-01
5.891121e-01
5.818012e-01
5.744606e-01
5.670929e-01
5.597006e-01
5.522863e-01
5.448529e-01
5.374028e-01
5.299389e-01
5.224639e-01
5.149806e-01
5.074917e-01
5.000000e-01
4.925083e-01
4.850194e-01
4.775361e-01
4.700611e-01
4.625972e-01
4.551471e-01
4.477137e-01
4.402994e-01
4.329071e-01
4.255394e-01
4.181988e-01
4.108879e-01
4.036092e-01
3.963651e-01
3.891581e-01
3.819905e-01
3.748645e-01
3.677825e-01
3.607466e-01
3.537588e-01
3.468212e-01
3.399358e-01
3.331045e-01
3.263290e-01
3.196111e-01
3.129526e-01
3.063549e-01
2.998196e-01
2.933482e-01
2.869420e-01
2.806024e-01
2.743304e-01
2.681274e-01
2.619943e-01
2.559321e-01
2.499418e-01
2.440243e-01
2.381802e-01
2.324104e-01
2.267154e-01
2.210959e-01
2.155523e-01
2.100852e-01
2.046948e-01
1.993816e-01
1.941458e-01
1.889876e-01
1.839072e-01
1.789048e-01
1.739803e-01
1.691338e-01
1.643653e-01
1.596747e-01
1.550620e-01
1.505268e-01
1.460692e-01
1.416888e-01
1.373853e-01
1.331586e-01
1.290083e-01
1.249341e-01
1.209356e-01
1.170123e-01
1.131640e-01
1.093901e-01
1.056903e-01
1.020640e-01
9.851077e-02
9.503013e-02
9.162156e-02
8.828455e-02
8.501857e-02
8.182309e-02
7.869756e-02
7.564144e-02
7.265418e-02
6.973523e-02
6.688402e-02
6.410000e-02
6.138261e-02
5.873129e-02
5.614550e-02
5.362467e-02
5.116826e-02
4.877573e-02
4.644652e-02
4.418012e-02
4.197598e-02
3.983359e-02
3.775243e-02
3.573199e-02
3.377178e-02
3.187131e-02
3.003010e-02
2.824767e-02
2.652357e-02
2.485735e-02
2.324858e-02
2.169681e-02
2.020164e-02
1.876267e-02
1.737951e-02
1.605176e-02
1.477908e-02
1.356110e-02
1.239749e-02
1.128792e-02
1.023208e-02
9.229665e-03
8.280390e-03
7.383984e-03
6.540191e-03
5.748765e-03
5.009479e-03
4.322117e-03
3.686479e-03
3.102379e-03
2.569645e-03
2.088122e-03
1.657667e-03
1.278153e-03
9.494677e-04
6.715146e-04
4.442108e-04
2.674890e-04
1.412966e-04
6.559617e-05
4.036520e-05
6.559617e-05
1.412966e-04
2.674890e-04
4.442108e-04
6.715146e-04
9.494677e-04
1.278153e-03
1.657667e-03
2.088122e-03
2.569645e-03
3.102379e-03
3.686479e-03
4.322117e-03
5.009479e-03
5.748765e-03
6.540191e-03
7.383984e-03
8.280390e-03
9.229665e-03
1.023208e-02
1.128792e-02
1.239749e-02
1.356110e-02
1.477908e-02
1.605176e-02
1.737951e-02
1.876267e-02
2.020164e-02
2.169681e-02
2.324858e-02
2.485735e-02
2.652357e-02
2.824767e-02
3.003010e-02
3.187131e-02
3.377178e-02
3.573199e-02
3.775243e-02
3.983359e-02
4.197598e-02
4.418012e-02
4.644652e-02
4.877573e-02
5.116826e-02
5.362467e-02
5.614550e-02
5.873129e-02
6.138261e-02
6.410000e-02
6.688402e-02
6.973523e-02
7.265418e-02
7.564144e-02
7.869756e-02
8.182309e-02
8.501857e-02
8.828455e-02
9.162156e-02
9.503013e-02
9.851077e-02
1.020640e-01
1.056903e-01
1.093901e-01
1.131640e-01
1.170123e-01
1.209356e-01
1.249341e-01
1.290083e-01
1.331586e-01
1.373853e-01
1.416888e-01
1.460692e-01
1.505268e-01
1.550620e-01
1.596747e-01
1.643653e-01
1.691338e-01
1.739803e-01
1.789048e-01
1.839072e-01
1.889876e-01
1.941458e-01
1.993816e-01
2.046948e-01
2.100852e-01
2.155523e-01
2.210959e-01
2.267154e-01
2.324104e-01
2.381802e-01
2.440243e-01
2.499418e-01
2.559321e-01
2.619943e-01
2.681274e-01
2.743304e-01
2.806024e-01
2.869420e-01
2.933482e-01
2.998196e-01
3.063549e-01
3.129526e-01
3.196111e-01
3.263290e-01
3.331045e-01
3.399358e-01
3.468212e-01
3.537588e-01
3.607466e-01
3.677825e-01
3.748645e-01
3.819905e-01
3.891581e-01
3.963651e-01
4.036092e-01
4.108879e-01
4.181988e-01
4.255394e-01
4.329071e-01
4.402994e-01
4.477137e-01
4.551471e-01
4.625972e-01
4.700611e-01
4.775361e-01
4.850194e-01
4.925083e-01
