5.000000e-01
5.297525e-01
5.592059e-01
5.880759e-01
6.161054e-01
6.430751e-01
6.688093e-01
6.931792e-01
7.161013e-01
7.375340e-01
7.574724e-01
7.759413e-01
7.929889e-01
8.086804e-01
8.230922e-01
8.363076e-01
8.484125e-01
8.594930e-01
8.696328e-01
8.789122e-01
8.874067e-01
8.951868e-01
9.023178e-01
9.088594e-01
9.148662e-01
9.203879e-01
9.254694e-01
9.301516e-01
9.344711e-01
9.384610e-01
9.421513e-01
9.455688e-01
9.487378e-01
9.516801e-01
9.544153e-01
9.569612e-01
9.593339e-01
9.615477e-01
9.636157e-01
9.655498e-01
9.673607e-01
9.690581e-01
9.706508e-01
9.721468e-01
9.735535e-01
9.748774e-01
9.761246e-01
9.773007e-01
9.784107e-01
9.794593e-01
9.804506e-01
9.813885e-01
9.822768e-01
9.831185e-01
9.839168e-01
9.846744e-01
9.853939e-01
9.860777e-01
9.867279e-01
9.873467e-01
9.879358e-01
9.884970e-01
9.890319e-01
9.895420e-01
9.900288e-01
9.904935e-01
9.909373e-01
9.913613e-01
9.917666e-01
9.921542e-01
9.925250e-01
9.928798e-01
9.932194e-01
9.935447e-01
9.938562e-01
9.941547e-01
9.944407e-01
9.947149e-01
9.949778e-01
9.952299e-01
9.954716e-01
9.957035e-01
9.959259e-01
9.961393e-01
9.963440e-01
9.965403e-01
9.967287e-01
9.969095e-01
9.970828e-01
9.972491e-01
9.974086e-01
9.975614e-01
9.977080e-01
9.978484e-01
9.979829e-01
9.981118e-01
9.982351e-01
9.983531e-01
9.984659e-01
9.985736e-01
9.986766e-01
9.987748e-01
9.988684e-01
9.989576e-01
9.990424e-01
9.991230e-01
9.991994e-01
9.992718e-01
9.993403e-01
9.994049e-01
9.994658e-01
9.995230e-01
9.995765e-01
9.996265e-01
9.996730e-01
9.997160e-01
9.997557e-01
9.997920e-01
9.998250e-01
9.998547e-01
9.998813e-01
9.999046e-01
9.999248e-01
9.999418e-01
9.999557e-01
9.999665e-01
9.999742e-01
9.999788e-01
9.999804e-01
9.999788e-01
9.999742e-01
9.999665e-01
9.999557e-01
9.999418e-01
9.999248e-01
9.999046e-01
9.998813e-01
9.998547e-01
9.998250e-01
9.997920e-01
9.997557e-01
9.997160e-01
9.996730e-01
9.996265e-01
9.995765e-01
9.995230e-01
9.994658e-01
9.994049e-01
9.993403e-01
9.992718e-01
9.991994e-01
9.991230e-01
9.990424e-01
9.989576e-01
9.988684e-01
9.987748e-01
9.986766e-01
9.985736e-01
9.984659e-01
9.983531e-01
9.982351e-01
9.981118e-01
9.979829e-01
9.978484e-01
9.977080e-01
9.975614e-01
9.974086e-01
9.972491e-01
9.970828e-01
9.969095e-01
9.967287e-01
9.965403e-01
9.963440e-01
9.961393e-01
9.959259e-01
9.957035e-01
9.954716e-01
9.952299e-01
9.949778e-01
9.947149e-01
9.944407e-01
9.941547e-01
9.938562e-01
9.935447e-01
9.932194e-01
9.928798e-01
9.925250e-01
9.921542e-01
9.917666e-01
9.913613e-01
9.909373e-01
9.904935e-01
9.900288e-01
9.895420e-01
9.890319e-01
9.884970e-01
9.879358e-01
9.873467e-01
9.867279e-01
9.860777e-01
9.853939e-01
9.846744e-01
9.839168e-01
9.831185e-01
9.822768e-01
9.813885e-01
9.804506e-01
9.794593e-01
9.784107e-01
9.773007e-01
9.761246e-01
9.748774e-01
9.735535e-01
9.721468e-01
9.706508e-01
9.690581e-01
9.673607e-01
9.655498e-01
9.636157e-01
9.615477e-01
9.593339e-01
9.569612e-01
9.544153e-01
9.516801e-01
9.487378e-01
9.455688e-01
9.421513e-01
9.384610e-01
9.344711e-01
9.301516e-01
9.254694e-01
9.203879e-01
9.148662e-01
9.088594e-01
9.023178e-01
8.951868e-01
8.874067e-01
8.789122e-01
8.696328e-01
8.594930e-01
8.484125e-01
8.363076e-01
8.230922e-01
8.086804e-01
7.929889e-01
7.759413e-01
7.574724e-01
7.375340e-01
7.161013e-01
6.931792e-01
6.688093e-01
6.430751e-01
6.161054e-01
5.880759e-01
5.592059e-01
5.297525e-01
5.000000e-01
4.702475e-01
4.407941e-01
4.119241e-01
3.838946e-01
3.569249e-01
3.311907e-01
3.068208e-01
2.838987e-01
2.624660e-01
2.425276e-01
2.240587e-01
2.070111e-01
1.913196e-01
1.769078e-01
1.636924e-01
1.515875e-01
1.405070e-01
1.303672e-01
1.210878e-01
1.125933e-01
1.048132e-01
9.768218e-02
9.114060e-02
8.513380e-02
7.961213e-02
7.453057e-02
6.984843e-02
6.552894e-02
6.153899e-02
5.784870e-02
5.443118e-02
5.126219e-02
4.831992e-02
4.558470e-02
4.303877e-02
4.066613e-02
3.845232e-02
3.638427e-02
3.445016e-02
3.263927e-02
3.094188e-02
2.934918e-02
2.785315e-02
2.644650e-02
2.512259e-02
2.387536e-02
2.269928e-02
2.158928e-02
2.054075e-02
1.954944e-02
1.861146e-02
1.772325e-02
1.688151e-02
1.608322e-02
1.532561e-02
1.460609e-02
1.392231e-02
1.327206e-02
1.265333e-02
1.206423e-02
1.150303e-02
1.096810e-02
1.045796e-02
9.971200e-03
9.506531e-03
9.062744e-03
8.638715e-03
8.233395e-03
7.845804e-03
7.475028e-03
7.120213e-03
6.780557e-03
6.455314e-03
6.143781e-03
5.845302e-03
5.559259e-03
5.285075e-03
5.022206e-03
4.770141e-03
4.528401e-03
4.296534e-03
4.074116e-03
3.860745e-03
3.656047e-03
3.459665e-03
3.271266e-03
3.090533e-03
2.917168e-03
2.750892e-03
2.591439e-03
2.438558e-03
2.292013e-03
2.151582e-03
2.017053e-03
1.888227e-03
1.764917e-03
1.646944e-03
1.534141e-03
1.426350e-03
1.323421e-03
1.225214e-03
1.131594e-03
1.042438e-03
9.576259e-04
8.770472e-04
8.005972e-04
7.281776e-04
6.596958e-04
5.950655e-04
5.342056e-04
4.770403e-04
4.234991e-04
3.735164e-04
3.270313e-04
2.839875e-04
2.443333e-04
2.080212e-04
1.750079e-04
1.452544e-04
1.187256e-04
9.539014e-05
7.522079e-05
5.819397e-05
4.428983e-05
3.349219e-05
2.578852e-05
2.116989e-05
1.963094e-05
2.116989e-05
2.578852e-05
3.349219e-05
4.428983e-05
5.819397e-05
7.522079e-05
9.539014e-05
1.187256e-04
1.452544e-04
1.750079e-04
2.080212e-04
2.443333e-04
2.839875e-04
3.270313e-04
3.735164e-04
4.234991e-04
4.770403e-04
5.342056e-04
5.950655e-04
6.596958e-04
7.281776e-04
8.005972e-04
8.770472e-04
9.576259e-04
1.042438e-03
1.131594e-03
1.225214e-03
1.323421e-03
1.426350e-03
1.534141e-03
1.646944e-03
1.764917e-03
1.888227e-03
2.017053e-03
2.151582e-03
2.292013e-03
2.438558e-03
2.591439e-03
2.750892e-03
2.917168e-03
3.090533e-03
3.271266e-03
3.459665e-03
3.656047e-03
3.860745e-03
4.074116e-03
4.296534e-03
4.528401e-03
4.770141e-03
5.022206e-03
5.285075e-03
5.559259e-03
5.845302e-03
6.143781e-03
6.455314e-03
6.780557e-03
7.120213e-03
7.475028e-03
7.845804e-03
8.233395e-03
8.638715e-03
9.062744e-03
9.506531e-03
9.971200e-03
1.045796e-02
1.096810e-02
1.150303e-02
1.206423e-02
1.265333e-02
1.327206e-02
1.392231e-02
1.460609e-02
1.532561e-02
1.608322e-02
1.688151e-02
1.772325e-02
1.861146e-02
1.954944e-02
2.054075e-02
2.158928e-02
2.269928e-02
2.387536e-02
2.512259e-02
2.644650e-02
2.785315e-02
2.934918e-02
3.094188e-02
3.263927e-02
3.445016e-02
3.638427e-02
3.845232e-02
4.066613e-02
4.303877e-02
4.558470e-02
4.831992e-02
5.126219e-02
5.443118e-02
5.784870e-02
6.153899e-02
6.552894e-02
6.984843e-02
7.453057e-02
7.961213e-02
8.513380e-02
9.114060e-02
9.768218e-02
1.048132e-01
1.125933e-01
1.210878e-01
1.303672e-01
1.405070e-01
1.515875e-01
1.636924e-01
1.769078e-01
1.913196e-01
2.070111e-01
2.240587e-01
2.425276e-01
2.624660e-01
2.838987e-01
3.068208e-01
3.311907e-01
3.569249e-01
3.838946e-01
4.119241e-01
4.407941e-01
4.702475e-01
