5.000000e-01
5.165872e-01
5.331250e-01
5.495647e-01
5.658592e-01
5.819631e-01
5.978342e-01
6.134329e-01
6.287237e-01
6.436745e-01
6.582577e-01
6.724496e-01
6.862307e-01
6.995856e-01
7.125028e-01
7.249747e-01
7.369969e-01
7.485682e-01
7.596903e-01
7.703674e-01
7.806057e-01
7.904135e-01
7.998006e-01
8.087779e-01
8.173575e-01
8.255521e-01
8.333753e-01
8.408406e-01
8.479621e-01
8.547538e-01
8.612295e-01
8.674032e-01
8.732883e-01
8.788982e-01
8.842457e-01
8.893433e-01
8.942032e-01
8.988369e-01
9.032555e-01
9.074699e-01
9.114901e-01
9.153260e-01
9.189869e-01
9.224816e-01
9.258184e-01
9.290055e-01
9.320503e-01
9.349601e-01
9.377415e-01
9.404012e-01
9.429451e-01
9.453791e-01
9.477085e-01
9.499385e-01
9.520741e-01
9.541198e-01
9.560799e-01
9.579586e-01
9.597597e-01
9.614870e-01
9.631439e-01
9.647337e-01
9.662595e-01
9.677242e-01
9.691306e-01
9.704814e-01
9.717790e-01
9.730258e-01
9.742239e-01
9.753756e-01
9.764828e-01
9.775473e-01
9.785711e-01
9.795557e-01
9.805027e-01
9.814138e-01
9.822904e-01
9.831337e-01
9.839452e-01
9.847260e-01
9.854774e-01
9.862004e-01
9.868960e-01
9.875653e-01
9.882093e-01
9.888288e-01
9.894247e-01
9.899978e-01
9.905489e-01
9.910787e-01
9.915878e-01
9.920771e-01
9.925470e-01
9.929983e-01
9.934314e-01
9.938469e-01
9.942453e-01
9.946272e-01
9.949928e-01
9.953428e-01
9.956775e-01
9.959973e-01
9.963025e-01
9.965936e-01
9.968708e-01
9.971345e-01
9.973850e-01
9.976225e-01
9.978473e-01
9.980597e-01
9.982599e-01
9.984481e-01
9.986245e-01
9.987892e-01
9.989426e-01
9.990847e-01
9.992157e-01
9.993357e-01
9.994448e-01
9.995432e-01
9.996310e-01
9.997083e-01
9.997751e-01
9.998315e-01
9.998775e-01
9.999133e-01
9.999389e-01
9.999542e-01
9.999593e-01
9.999542e-01
9.999389e-01
9.999133e-01
9.998775e-01
9.998315e-01
9.997751e-01
9.997083e-01
9.996310e-01
9.995432e-01
9.994448e-01
9.993357e-01
9.992157e-01
9.990847e-01
9.989426e-01
9.987892e-01
9.986245e-01
9.984481e-01
9.982599e-01
9.980597e-01
9.978473e-01
9.976225e-01
9.973850e-01
9.971345e-01
9.968708e-01
9.965936e-01
9.963025e-01
9.959973e-01
9.956775e-01
9.953428e-01
9.949928e-01
9.946272e-01
9.942453e-01
9.938469e-01
9.934314e-01
9.929983e-01
9.925470e-01
9.920771e-01
9.915878e-01
9.910787e-01
9.905489e-01
9.899978e-01
9.894247e-01
9.888288e-01
9.882093e-01
9.875653e-01
9.868960e-01
9.862004e-01
9.854774e-01
9.847260e-01
9.839452e-01
9.831337e-01
9.822904e-01
9.814138e-01
9.805027e-01
9.795557e-01
9.785711e-01
9.775473e-01
9.764828e-01
9.753756e-01
9.742239e-01
9.730258e-01
9.717790e-01
9.704814e-01
9.691306e-01
9.677242e-01
9.662595e-01
9.647337e-01
9.631439e-01
9.614870e-01
9.597597e-01
9.579586e-01
9.560799e-01
9.541198e-01
9.520741e-01
9.499385e-01
9.477085e-01
9.453791e-01
9.429451e-01
9.404012e-01
9.377415e-01
9.349601e-01
9.320503e-01
9.290055e-01
9.258184e-01
9.224816e-01
9.189869e-01
9.153260e-01
9.114901e-01
9.074699e-01
9.032555e-01
8.988369e-01
8.942032e-01
8.893433e-01
8.842457e-01
8.788982e-01
8.732883e-01
8.674032e-01
8.612295e-01
8.547538e-01
8.479621e-01
8.408406e-01
8.333753e-01
8.255521e-01
8.173575e-01
8.087779e-01
7.998006e-01
7.904135e-01
7.806057e-01
7.703674e-01
7.596903e-01
7.485682e-01
7.369969e-01
7.249747e-01
7.125028e-01
6.995856e-01
6.862307e-01
6.724496e-01
6.582577e-01
6.436745e-01
6.287237e-01
6.134329e-01
5.978342e-01
5.819631e-01
5.658592e-01
5.495647e-01
5.331250e-01
5.165872e-01
5.000000e-01
4.834128e-01
4.668750e-01
4.504353e-01
4.341408e-01
4.180369e-01
4.021658e-01
3.865671e-01
3.712763e-01
3.563255e-01
3.417423e-01
3.275504e-01
3.137693e-01
3.004144e-01
2.874972e-01
2.750253e-01
2.630031e-01
2.514318e-01
2.403097e-01
2.296326e-01
2.193943e-01
2.095865e-01
2.001994e-01
1.912221e-01
1.826425e-01
1.744479e-01
1.666247e-01
1.591594e-01
1.520379e-01
1.452462e-01
1.387705e-01
1.325968e-01
1.267117e-01
1.211018e-01
1.157543e-01
1.106567e-01
1.057968e-01
1.011631e-01
9.674447e-02
9.253013e-02
8.850988e-02
8.467397e-02
8.101310e-02
7.751844e-02
7.418157e-02
7.099451e-02
6.794970e-02
6.503995e-02
6.225846e-02
5.959880e-02
5.705488e-02
5.462093e-02
5.229151e-02
5.006146e-02
4.792590e-02
4.588024e-02
4.392012e-02
4.204143e-02
4.024027e-02
3.851299e-02
3.685609e-02
3.526630e-02
3.374051e-02
3.227579e-02
3.086936e-02
2.951859e-02
2.822100e-02
2.697423e-02
2.577607e-02
2.462440e-02
2.351724e-02
2.245268e-02
2.142895e-02
2.044434e-02
1.949725e-02
1.858616e-02
1.770962e-02
1.686626e-02
1.605479e-02
1.527396e-02
1.452262e-02
1.379964e-02
1.310399e-02
1.243465e-02
1.179069e-02
1.117118e-02
1.057529e-02
1.000220e-02
9.451126e-03
8.921346e-03
8.412159e-03
7.922903e-03
7.452950e-03
7.001702e-03
6.568591e-03
6.153080e-03
5.754657e-03
5.372836e-03
5.007158e-03
4.657185e-03
4.322504e-03
4.002723e-03
3.697470e-03
3.406393e-03
3.129161e-03
2.865458e-03
2.614990e-03
2.377475e-03
2.152652e-03
1.940273e-03
1.740105e-03
1.551932e-03
1.375549e-03
1.210768e-03
1.057413e-03
9.153198e-04
7.843393e-04
6.643331e-04
5.551752e-04
4.567517e-04
3.689599e-04
2.917086e-04
2.249178e-04
1.685186e-04
1.224527e-04
8.667260e-05
6.114163e-05
4.583353e-05
4.073257e-05
4.583353e-05
6.114163e-05
8.667260e-05
1.224527e-04
1.685186e-04
2.249178e-04
2.917086e-04
3.689599e-04
4.567517e-04
5.551752e-04
6.643331e-04
7.843393e-04
9.153198e-04
1.057413e-03
1.210768e-03
1.375549e-03
1.551932e-03
1.740105e-03
1.940273e-03
2.152652e-03
2.377475e-03
2.614990e-03
2.865458e-03
3.129161e-03
3.406393e-03
3.697470e-03
4.002723e-03
4.322504e-03
4.657185e-03
5.007158e-03
5.372836e-03
5.754657e-03
6.153080e-03
6.568591e-03
7.001702e-03
7.452950e-03
7.922903e-03
8.412159e-03
8.921346e-03
9.451126e-03
1.000220e-02
1.057529e-02
1.117118e-02
1.179069e-02
1.243465e-02
1.310399e-02
1.379964e-02
1.452262e-02
1.527396e-02
1.605479e-02
1.686626e-02
1.770962e-02
1.858616e-02
1.949725e-02
2.044434e-02
2.142895e-02
2.245268e-02
2.351724e-02
2.462440e-02
2.577607e-02
2.697423e-02
2.822100e-02
2.951859e-02
3.086936e-02
3.227579e-02
3.374051e-02
3.526630e-02
3.685609e-02
3.851299e-02
4.024027e-02
4.204143e-02
4.392012e-02
4.588024e-02
4.792590e-02
5.006146e-02
5.229151e-02
5.462093e-02
5.705488e-02
5.959880e-02
6.225846e-02
6.503995e-02
6.794970e-02
7.099451e-02
7.418157e-02
7.751844e-02
8.101310e-02
8.467397e-02
8.850988e-02
9.253013e-02
9.674447e-02
1.011631e-01
1.057968e-01
1.106567e-01
1.157543e-01
1.211018e-01
1.267117e-01
1.325968e-01
1.387705e-01
1.452462e-01
1.520379e-01
1.591594e-01
1.666247e-01
1.744479e-01
1.826425e-01
1.912221e-01
2.001994e-01
2.095865e-01
2.193943e-01
2.296326e-01
2.403097e-01
2.514318e-01
2.630031e-01
2.750253e-01
2.874972e-01
3.004144e-01
3.137693e-01
3.275504e-01
3.417423e-01
3.563255e-01
3.712763e-01
3.865671e-01
4.021658e-01
4.180369e-01
4.341408e-01
4.504353e-01
4.668750e-01
4.834128e-01
