5.000000e-01
5.432315e-01
5.855585e-01
6.261649e-01
6.643935e-01
6.997834e-01
7.320760e-01
7.611931e-01
7.872001e-01
8.102640e-01
8.306140e-01
8.485105e-01
8.642206e-01
8.780030e-01
8.900987e-01
9.007257e-01
9.100780e-01
9.183257e-01
9.256168e-01
9.320789e-01
9.378218e-01
9.429400e-01
9.475142e-01
9.516138e-01
9.552983e-01
9.586188e-01
9.616191e-01
9.643373e-01
9.668060e-01
9.690535e-01
9.711046e-01
9.729806e-01
9.747002e-01
9.762797e-01
9.777335e-01
9.790741e-01
9.803127e-01
9.814591e-01
9.825219e-01
9.835088e-01
9.844268e-01
9.852819e-01
9.860796e-01
9.868248e-01
9.875218e-01
9.881747e-01
9.887870e-01
9.893619e-01
9.899022e-01
9.904107e-01
9.908897e-01
9.913414e-01
9.917677e-01
9.921704e-01
9.925513e-01
9.929118e-01
9.932532e-01
9.935768e-01
9.938839e-01
9.941754e-01
9.944524e-01
9.947157e-01
9.949661e-01
9.952046e-01
9.954317e-01
9.956481e-01
9.958544e-01
9.960513e-01
9.962392e-01
9.964186e-01
9.965901e-01
9.967539e-01
9.969105e-01
9.970603e-01
9.972036e-01
9.973408e-01
9.974721e-01
9.975979e-01
9.977183e-01
9.978337e-01
9.979443e-01
9.980502e-01
9.981518e-01
9.982491e-01
9.983425e-01
9.984319e-01
9.985177e-01
9.985999e-01
9.986787e-01
9.987543e-01
9.988267e-01
9.988961e-01
9.989626e-01
9.990263e-01
9.990872e-01
9.991456e-01
9.992014e-01
9.992548e-01
9.993058e-01
9.993546e-01
9.994011e-01
9.994455e-01
9.994878e-01
9.995280e-01
9.995663e-01
9.996027e-01
9.996372e-01
9.996698e-01
9.997007e-01
9.997298e-01
9.997573e-01
9.997830e-01
9.998072e-01
9.998297e-01
9.998506e-01
9.998700e-01
9.998879e-01
9.999042e-01
9.999191e-01
9.999324e-01
9.999444e-01
9.999549e-01
9.999640e-01
9.999716e-01
9.999779e-01
9.999827e-01
9.999862e-01
9.999883e-01
9.999890e-01
9.999883e-01
9.999862e-01
9.999827e-01
9.999779e-01
9.999716e-01
9.999640e-01
9.999549e-01
9.999444e-01
9.999324e-01
9.999191e-01
9.999042e-01
9.998879e-01
9.998700e-01
9.998506e-01
9.998297e-01
9.998072e-01
9.997830e-01
9.997573e-01
9.997298e-01
9.997007e-01
9.996698e-01
9.996372e-01
9.996027e-01
9.995663e-01
9.995280e-01
9.994878e-01
9.994455e-01
9.994011e-01
9.993546e-01
9.993058e-01
9.992548e-01
9.992014e-01
9.991456e-01
9.990872e-01
9.990263e-01
9.989626e-01
9.988961e-01
9.988267e-01
9.987543e-01
9.986787e-01
9.985999e-01
9.985177e-01
9.984319e-01
9.983425e-01
9.982491e-01
9.981518e-01
9.980502e-01
9.979443e-01
9.978337e-01
9.977183e-01
9.975979e-01
9.974721e-01
9.973408e-01
9.972036e-01
9.970603e-01
9.969105e-01
9.967539e-01
9.965901e-01
9.964186e-01
9.962392e-01
9.960513e-01
9.958544e-01
9.956481e-01
9.954317e-01
9.952046e-01
9.949661e-01
9.947157e-01
9.944524e-01
9.941754e-01
9.938839e-01
9.935768e-01
9.932532e-01
9.929118e-01
9.925513e-01
9.921704e-01
9.917677e-01
9.913414e-01
9.908897e-01
9.904107e-01
9.899022e-01
9.893619e-01
9.887870e-01
9.881747e-01
9.875218e-01
9.868248e-01
9.860796e-01
9.852819e-01
9.844268e-01
9.835088e-01
9.825219e-01
9.814591e-01
9.803127e-01
9.790741e-01
9.777335e-01
9.762797e-01
9.747002e-01
9.729806e-01
9.711046e-01
9.690535e-01
9.668060e-01
9.643373e-01
9.616191e-01
9.586188e-01
9.552983e-01
9.516138e-01
9.475142e-01
9.429400e-01
9.378218e-01
9.320789e-01
9.256168e-01
9.183257e-01
9.100780e-01
9.007257e-01
8.900987e-01
8.780030e-01
8.642206e-01
8.485105e-01
8.306140e-01
8.102640e-01
7.872001e-01
7.611931e-01
7.320760e-01
6.997834e-01
6.643935e-01
6.261649e-01
5.855585e-01
5.432315e-01
5.000000e-01
4.567685e-01
4.144415e-01
3.738351e-01
3.356065e-01
3.002166e-01
2.679240e-01
2.388069e-01
2.127999e-01
1.897360e-01
1.693860e-01
1.514895e-01
1.357794e-01
1.219970e-01
1.099013e-01
9.927434e-02
8.992202e-02
8.167427e-02
7.438321e-02
6.792114e-02
6.217818e-02
5.706001e-02
5.248578e-02
4.838616e-02
4.470168e-02
4.138124e-02
3.838089e-02
3.566273e-02
3.319404e-02
3.094645e-02
2.889537e-02
2.701938e-02
2.529980e-02
2.372029e-02
2.226652e-02
2.092588e-02
1.968730e-02
1.854094e-02
1.747814e-02
1.649118e-02
1.557321e-02
1.471810e-02
1.392040e-02
1.317522e-02
1.247815e-02
1.182526e-02
1.121299e-02
1.063813e-02
1.009777e-02
9.589288e-03
9.110299e-03
8.658634e-03
8.232318e-03
7.829553e-03
7.448695e-03
7.088242e-03
6.746816e-03
6.423157e-03
6.116103e-03
5.824591e-03
5.547638e-03
5.284340e-03
5.033862e-03
4.795432e-03
4.568336e-03
4.351915e-03
4.145554e-03
3.948687e-03
3.760784e-03
3.581354e-03
3.409941e-03
3.246119e-03
3.089491e-03
2.939688e-03
2.796362e-03
2.659191e-03
2.527874e-03
2.402126e-03
2.281683e-03
2.166297e-03
2.055735e-03
1.949778e-03
1.848221e-03
1.750872e-03
1.657549e-03
1.568081e-03
1.482310e-03
1.400082e-03
1.321258e-03
1.245702e-03
1.173288e-03
1.103898e-03
1.037420e-03
9.737476e-04
9.127813e-04
8.544271e-04
7.985963e-04
7.452054e-04
6.941753e-04
6.454317e-04
5.989043e-04
5.545271e-04
5.122376e-04
4.719772e-04
4.336907e-04
3.973259e-04
3.628341e-04
3.301694e-04
2.992886e-04
2.701515e-04
2.427204e-04
2.169600e-04
1.928374e-04
1.703223e-04
1.493864e-04
1.300034e-04
1.121494e-04
9.580245e-05
8.094239e-05
6.755112e-05
5.561238e-05
4.511171e-05
3.603645e-05
2.837568e-05
2.212023e-05
1.726261e-05
1.379701e-05
1.171930e-05
1.102700e-05
1.171930e-05
1.379701e-05
1.726261e-05
2.212023e-05
2.837568e-05
3.603645e-05
4.511171e-05
5.561238e-05
6.755112e-05
8.094239e-05
9.580245e-05
1.121494e-04
1.300034e-04
1.493864e-04
1.703223e-04
1.928374e-04
2.169600e-04
2.427204e-04
2.701515e-04
2.992886e-04
3.301694e-04
3.628341e-04
3.973259e-04
4.336907e-04
4.719772e-04
5.122376e-04
5.545271e-04
5.989043e-04
6.454317e-04
6.941753e-04
7.452054e-04
7.985963e-04
8.544271e-04
9.127813e-04
9.737476e-04
1.037420e-03
1.103898e-03
1.173288e-03
1.245702e-03
1.321258e-03
1.400082e-03
1.482310e-03
1.568081e-03
1.657549e-03
1.750872e-03
1.848221e-03
1.949778e-03
2.055735e-03
2.166297e-03
2.281683e-03
2.402126e-03
2.527874e-03
2.659191e-03
2.796362e-03
2.939688e-03
3.089491e-03
3.246119e-03
3.409941e-03
3.581354e-03
3.760784e-03
3.948687e-03
4.145554e-03
4.351915e-03
4.568336e-03
4.795432e-03
5.033862e-03
5.284340e-03
5.547638e-03
5.824591e-03
6.116103e-03
6.423157e-03
6.746816e-03
7.088242e-03
7.448695e-03
7.829553e-03
8.232318e-03
8.658634e-03
9.110299e-03
9.589288e-03
1.009777e-02
1.063813e-02
1.121299e-02
1.182526e-02
1.247815e-02
1.317522e-02
1.392040e-02
1.471810e-02
1.557321e-02
1.649118e-02
1.747814e-02
1.854094e-02
1.968730e-02
2.092588e-02
2.226652e-02
2.372029e-02
2.529980e-02
2.701938e-02
2.889537e-02
3.094645e-02
3.319404e-02
3.566273e-02
3.838089e-02
4.138124e-02
4.470168e-02
4.838616e-02
5.248578e-02
5.706001e-02
6.217818e-02
6.792114e-02
7.438321e-02
8.167427e-02
8.992202e-02
9.927434e-02
1.099013e-01
1.219970e-01
1.357794e-01
1.514895e-01
1.693860e-01
1.897360e-01
2.127999e-01
2.388069e-01
2.679240e-01
3.002166e-01
3.356065e-01
3.738351e-01
4.144415e-01
4.567685e-01
