5.000000e-01
5.111595e-01
5.223057e-01
5.334255e-01
5.445057e-01
5.555336e-01
5.664966e-01
5.773826e-01
5.881799e-01
5.988773e-01
6.094640e-01
6.199299e-01
6.302655e-01
6.404621e-01
6.505114e-01
6.604060e-01
6.701390e-01
6.797045e-01
6.890971e-01
6.983120e-01
7.073454e-01
7.161938e-01
7.248546e-01
7.333257e-01
7.416056e-01
7.496934e-01
7.575888e-01
7.652916e-01
7.728026e-01
7.801226e-01
7.872531e-01
7.941956e-01
8.009522e-01
8.075253e-01
8.139173e-01
8.201310e-01
8.261695e-01
8.320357e-01
8.377332e-01
8.432651e-01
8.486351e-01
8.538466e-01
8.589034e-01
8.638091e-01
8.685673e-01
8.731819e-01
8.776564e-01
8.819946e-01
8.862000e-01
8.902765e-01
8.942274e-01
8.980564e-01
9.017668e-01
9.053622e-01
9.088459e-01
9.122211e-01
9.154910e-01
9.186588e-01
9.217275e-01
9.247001e-01
9.275795e-01
9.303685e-01
9.330698e-01
9.356861e-01
9.382200e-01
9.406739e-01
9.430503e-01
9.453515e-01
9.475798e-01
9.497373e-01
9.518263e-01
9.538487e-01
9.558066e-01
9.577018e-01
9.595362e-01
9.613115e-01
9.630295e-01
9.646918e-01
9.663001e-01
9.678558e-01
9.693604e-01
9.708154e-01
9.722222e-01
9.735820e-01
9.748961e-01
9.761658e-01
9.773922e-01
9.785764e-01
9.797195e-01
9.808226e-01
9.818867e-01
9.829127e-01
9.839016e-01
9.848541e-01
9.857713e-01
9.866538e-01
9.875025e-01
9.883180e-01
9.891012e-01
9.898527e-01
9.905731e-01
9.912630e-01
9.919231e-01
9.925539e-01
9.931559e-01
9.937297e-01
9.942757e-01
9.947943e-01
9.952861e-01
9.957514e-01
9.961906e-01
9.966041e-01
9.969922e-01
9.973552e-01
9.976935e-01
9.980072e-01
9.982967e-01
9.985622e-01
9.988039e-01
9.990220e-01
9.992167e-01
9.993881e-01
9.995363e-01
9.996616e-01
9.997640e-01
9.998435e-01
9.999002e-01
9.999343e-01
9.999456e-01
9.999343e-01
9.999002e-01
9.998435e-01
9.997640e-01
9.996616e-01
9.995363e-01
9.993881e-01
9.992167e-01
9.990220e-01
9.988039e-01
9.985622e-01
9.982967e-01
9.980072e-01
9.976935e-01
9.973552e-01
9.969922e-01
9.966041e-01
9.961906e-01
9.957514e-01
9.952861e-01
9.947943e-01
9.942757e-01
9.937297e-01
9.931559e-01
9.925539e-01
9.919231e-01
9.912630e-01
9.905731e-01
9.898527e-01
9.891012e-01
9.883180e-01
9.875025e-01
9.866538e-01
9.857713e-01
9.848541e-01
9.839016e-01
9.829127e-01
9.818867e-01
9.808226e-01
9.797195e-01
9.785764e-01
9.773922e-01
9.761658e-01
9.748961e-01
9.735820e-01
9.722222e-01
9.708154e-01
9.693604e-01
9.678558e-01
9.663001e-01
9.646918e-01
9.630295e-01
9.613115e-01
9.595362e-01
9.577018e-01
9.558066e-01
9.538487e-01
9.518263e-01
9.497373e-01
9.475798e-01
9.453515e-01
9.430503e-01
9.406739e-01
9.382200e-01
9.356861e-01
9.330698e-01
9.303685e-01
9.275795e-01
9.247001e-01
9.217275e-01
9.186588e-01
9.154910e-01
9.122211e-01
9.088459e-01
9.053622e-01
9.017668e-01
8.980564e-01
8.942274e-01
8.902765e-01
8.862000e-01
8.819946e-01
8.776564e-01
8.731819e-01
8.685673e-01
8.638091e-01
8.589034e-01
8.538466e-01
8.486351e-01
8.432651e-01
8.377332e-01
8.320357e-01
8.261695e-01
8.201310e-01
8.139173e-01
8.075253e-01
8.009522e-01
7.941956e-01
7.872531e-01
7.801226e-01
7.728026e-01
7.652916e-01
7.575888e-01
7.496934e-01
7.416056e-01
7.333257e-01
7.248546e-01
7.161938e-01
7.073454e-01
6.983120e-01
6.890971e-01
6.797045e-01
6.701390e-01
6.604060e-01
6.505114e-01
6.404621e-01
6.302655e-01
6.199299e-01
6.094640e-01
5.988773e-01
5.881799e-01
5.773826e-01
5.664966e-01
5.555336e-01
5.445057e-01
5.334255e-01
5.223057e-01
5.111595e-01
5.000000e-01
4.888405e-01
4.776943e-01
4.665745e-01
4.554943e-01
4.444664e-01
4.335034e-01
4.226174e-01
4.118201e-01
4.011227e-01
3.905360e-01
3.800701e-01
3.697345e-01
3.595379e-01
3.494886e-01
3.395940e-01
3.298610e-01
3.202955e-01
3.109029e-01
3.016880e-01
2.926546e-01
2.838062e-01
2.751454e-01
2.666743e-01
2.583944e-01
2.503066e-01
2.424112e-01
2.347084e-01
2.271974e-01
2.198774e-01
2.127469e-01
2.058044e-01
1.990478e-01
1.924747e-01
1.860827e-01
1.798690e-01
1.738305e-01
1.679643e-01
1.622668e-01
1.567349e-01
1.513649e-01
1.461534e-01
1.410966e-01
1.361909e-01
1.314327e-01
1.268181e-01
1.223436e-01
1.180054e-01
1.138000e-01
1.097235e-01
1.057726e-01
1.019436e-01
9.823316e-02
9.463777e-02
9.115411e-02
8.777891e-02
8.450898e-02
8.134118e-02
7.827247e-02
7.529986e-02
7.242048e-02
6.963150e-02
6.693019e-02
6.431389e-02
6.178004e-02
5.932612e-02
5.694973e-02
5.464852e-02
5.242023e-02
5.026265e-02
4.817368e-02
4.615125e-02
4.419340e-02
4.229822e-02
4.046385e-02
3.868852e-02
3.697052e-02
3.530819e-02
3.369993e-02
3.214422e-02
3.063957e-02
2.918455e-02
2.777780e-02
2.641800e-02
2.510388e-02
2.383422e-02
2.260784e-02
2.142363e-02
2.028048e-02
1.917737e-02
1.811329e-02
1.708729e-02
1.609845e-02
1.514588e-02
1.422874e-02
1.334622e-02
1.249755e-02
1.168198e-02
1.089880e-02
1.014734e-02
9.426940e-03
8.736993e-03
8.076907e-03
7.446119e-03
6.844096e-03
6.270330e-03
5.724339e-03
5.205667e-03
4.713881e-03
4.248573e-03
3.809358e-03
3.395873e-03
3.007779e-03
2.644758e-03
2.306513e-03
1.992768e-03
1.703268e-03
1.437779e-03
1.196085e-03
9.779920e-04
7.833233e-04
6.119227e-04
4.636522e-04
3.383930e-04
2.360447e-04
1.565252e-04
9.977089e-05
6.573647e-05
5.439469e-05
6.573647e-05
9.977089e-05
1.565252e-04
2.360447e-04
3.383930e-04
4.636522e-04
6.119227e-04
7.833233e-04
9.779920e-04
1.196085e-03
1.437779e-03
1.703268e-03
1.992768e-03
2.306513e-03
2.644758e-03
3.007779e-03
3.395873e-03
3.809358e-03
4.248573e-03
4.713881e-03
5.205667e-03
5.724339e-03
6.270330e-03
6.844096e-03
7.446119e-03
8.076907e-03
8.736993e-03
9.426940e-03
1.014734e-02
1.089880e-02
1.168198e-02
1.249755e-02
1.334622e-02
1.422874e-02
1.514588e-02
1.609845e-02
1.708729e-02
1.811329e-02
1.917737e-02
2.028048e-02
2.142363e-02
2.260784e-02
2.383422e-02
2.510388e-02
2.641800e-02
2.777780e-02
2.918455e-02
3.063957e-02
3.214422e-02
3.369993e-02
3.530819e-02
3.697052e-02
3.868852e-02
4.046385e-02
4.229822e-02
4.419340e-02
4.615125e-02
4.817368e-02
5.026265e-02
5.242023e-02
5.464852e-02
5.694973e-02
5.932612e-02
6.178004e-02
6.431389e-02
6.693019e-02
6.963150e-02
7.242048e-02
7.529986e-02
7.827247e-02
8.134118e-02
8.450898e-02
8.777891e-02
9.115411e-02
9.463777e-02
9.823316e-02
1.019436e-01
1.057726e-01
1.097235e-01
1.138000e-01
1.180054e-01
1.223436e-01
1.268181e-01
1.314327e-01
1.361909e-01
1.410966e-01
1.461534e-01
1.513649e-01
1.567349e-01
1.622668e-01
1.679643e-01
1.738305e-01
1.798690e-01
1.860827e-01
1.924747e-01
1.990478e-01
2.058044e-01
2.127469e-01
2.198774e-01
2.271974e-01
2.347084e-01
2.424112e-01
2.503066e-01
2.583944e-01
2.666743e-01
2.751454e-01
2.838062e-01
2.926546e-01
3.016880e-01
3.109029e-01
3.202955e-01
3.298610e-01
3.395940e-01
3.494886e-01
3.595379e-01
3.697345e-01
3.800701e-01
3.905360e-01
4.011227e-01
4.118201e-01
4.226174e-01
4.335034e-01
4.444664e-01
4.554943e-01
4.665745e-01
4.776943e-01
4.888405e-01
