5.000000e-01
5.359499e-01
5.713739e-01
6.057831e-01
6.387559e-01
6.699600e-01
6.991608e-01
7.262209e-01
7.510897e-01
7.737883e-01
7.943930e-01
8.130182e-01
8.298022e-01
8.448953e-01
8.584509e-01
8.706189e-01
8.815418e-01
8.913521e-01
9.001708e-01
9.081079e-01
9.152615e-01
9.217194e-01
9.275593e-01
9.328500e-01
9.376521e-01
9.420190e-01
9.459978e-01
9.496300e-01
9.529521e-01
9.559962e-01
9.587907e-01
9.613608e-01
9.637286e-01
9.659137e-01
9.679337e-01
9.698041e-01
9.715386e-01
9.731495e-01
9.746479e-01
9.760437e-01
9.773456e-01
9.785615e-01
9.796986e-01
9.807634e-01
9.817616e-01
9.826985e-01
9.835787e-01
9.844067e-01
9.851864e-01
9.859212e-01
9.866145e-01
9.872691e-01
9.878879e-01
9.884733e-01
9.890274e-01
9.895525e-01
9.900505e-01
9.905230e-01
9.909717e-01
9.913981e-01
9.918036e-01
9.921894e-01
9.925567e-01
9.929067e-01
9.932402e-01
9.935583e-01
9.938618e-01
9.941515e-01
9.944282e-01
9.946926e-01
9.949453e-01
9.951870e-01
9.954181e-01
9.956393e-01
9.958511e-01
9.960538e-01
9.962479e-01
9.964339e-01
9.966122e-01
9.967830e-01
9.969467e-01
9.971037e-01
9.972542e-01
9.973985e-01
9.975368e-01
9.976695e-01
9.977968e-01
9.979188e-01
9.980358e-01
9.981480e-01
9.982556e-01
9.983587e-01
9.984574e-01
9.985521e-01
9.986427e-01
9.987294e-01
9.988125e-01
9.988919e-01
9.989678e-01
9.990403e-01
9.991095e-01
9.991756e-01
9.992385e-01
9.992985e-01
9.993555e-01
9.994096e-01
9.994610e-01
9.995096e-01
9.995556e-01
9.995990e-01
9.996399e-01
9.996783e-01
9.997142e-01
9.997478e-01
9.997790e-01
9.998078e-01
9.998345e-01
9.998588e-01
9.998810e-01
9.999009e-01
9.999187e-01
9.999344e-01
9.999479e-01
9.999593e-01
9.999687e-01
9.999759e-01
9.999811e-01
9.999842e-01
9.999852e-01
9.999842e-01
9.999811e-01
9.999759e-01
9.999687e-01
9.999593e-01
9.999479e-01
9.999344e-01
9.999187e-01
9.999009e-01
9.998810e-01
9.998588e-01
9.998345e-01
9.998078e-01
9.997790e-01
9.997478e-01
9.997142e-01
9.996783e-01
9.996399e-01
9.995990e-01
9.995556e-01
9.995096e-01
9.994610e-01
9.994096e-01
9.993555e-01
9.992985e-01
9.992385e-01
9.991756e-01
9.991095e-01
9.990403e-01
9.989678e-01
9.988919e-01
9.988125e-01
9.987294e-01
9.986427e-01
9.985521e-01
9.984574e-01
9.983587e-01
9.982556e-01
9.981480e-01
9.980358e-01
9.979188e-01
9.977968e-01
9.976695e-01
9.975368e-01
9.973985e-01
9.972542e-01
9.971037e-01
9.969467e-01
9.967830e-01
9.966122e-01
9.964339e-01
9.962479e-01
9.960538e-01
9.958511e-01
9.956393e-01
9.954181e-01
9.951870e-01
9.949453e-01
9.946926e-01
9.944282e-01
9.941515e-01
9.938618e-01
9.935583e-01
9.932402e-01
9.929067e-01
9.925567e-01
9.921894e-01
9.918036e-01
9.913981e-01
9.909717e-01
9.905230e-01
9.900505e-01
9.895525e-01
9.890274e-01
9.884733e-01
9.878879e-01
9.872691e-01
9.866145e-01
9.859212e-01
9.851864e-01
9.844067e-01
9.835787e-01
9.826985e-01
9.817616e-01
9.807634e-01
9.796986e-01
9.785615e-01
9.773456e-01
9.760437e-01
9.746479e-01
9.731495e-01
9.715386e-01
9.698041e-01
9.679337e-01
9.659137e-01
9.637286e-01
9.613608e-01
9.587907e-01
9.559962e-01
9.529521e-01
9.496300e-01
9.459978e-01
9.420190e-01
9.376521e-01
9.328500e-01
9.275593e-01
9.217194e-01
9.152615e-01
9.081079e-01
9.001708e-01
8.913521e-01
8.815418e-01
8.706189e-01
8.584509e-01
8.448953e-01
8.298022e-01
8.130182e-01
7.943930e-01
7.737883e-01
7.510897e-01
7.262209e-01
6.991608e-01
6.699600e-01
6.387559e-01
6.057831e-01
5.713739e-01
5.359499e-01
5.000000e-01
4.640501e-01
4.286261e-01
3.942169e-01
3.612441e-01
3.300400e-01
3.008392e-01
2.737791e-01
2.489103e-01
2.262117e-01
2.056070e-01
1.869818e-01
1.701978e-01
1.551047e-01
1.415491e-01
1.293811e-01
1.184582e-01
1.086479e-01
9.982916e-02
9.189214e-02
8.473850e-02
7.828060e-02
7.244069e-02
6.715002e-02
6.234795e-02
5.798102e-02
5.400218e-02
5.036999e-02
4.704793e-02
4.400383e-02
4.120930e-02
3.863923e-02
3.627145e-02
3.408628e-02
3.206628e-02
3.019593e-02
2.846144e-02
2.685048e-02
2.535205e-02
2.395632e-02
2.265444e-02
2.143850e-02
2.030136e-02
1.923659e-02
1.823840e-02
1.730154e-02
1.642127e-02
1.559327e-02
1.481363e-02
1.407880e-02
1.338553e-02
1.273086e-02
1.211209e-02
1.152674e-02
1.097256e-02
1.044745e-02
9.949523e-03
9.477008e-03
9.028291e-03
8.601883e-03
8.196408e-03
7.810595e-03
7.443267e-03
7.093338e-03
6.759798e-03
6.441710e-03
6.138205e-03
5.848476e-03
5.571770e-03
5.307387e-03
5.054675e-03
4.813025e-03
4.581868e-03
4.360673e-03
4.148945e-03
3.946218e-03
3.752057e-03
3.566054e-03
3.387828e-03
3.217020e-03
3.053294e-03
2.896332e-03
2.745839e-03
2.601534e-03
2.463154e-03
2.330453e-03
2.203197e-03
2.081168e-03
1.964157e-03
1.851970e-03
1.744423e-03
1.641344e-03
1.542568e-03
1.447941e-03
1.357317e-03
1.270559e-03
1.187538e-03
1.108131e-03
1.032222e-03
9.597027e-04
8.904698e-04
8.244267e-04
7.614817e-04
7.015489e-04
6.445471e-04
5.903999e-04
5.390356e-04
4.903868e-04
4.443903e-04
4.009866e-04
3.601205e-04
3.217400e-04
2.857969e-04
2.522464e-04
2.210467e-04
1.921596e-04
1.655495e-04
1.411841e-04
1.190339e-04
9.907216e-05
8.127487e-05
6.562076e-05
5.209119e-05
4.067006e-05
3.134385e-05
2.410152e-05
1.893451e-05
1.583674e-05
1.480456e-05
1.583674e-05
1.893451e-05
2.410152e-05
3.134385e-05
4.067006e-05
5.209119e-05
6.562076e-05
8.127487e-05
9.907216e-05
1.190339e-04
1.411841e-04
1.655495e-04
1.921596e-04
2.210467e-04
2.522464e-04
2.857969e-04
3.217400e-04
3.601205e-04
4.009866e-04
4.443903e-04
4.903868e-04
5.390356e-04
5.903999e-04
6.445471e-04
7.015489e-04
7.614817e-04
8.244267e-04
8.904698e-04
9.597027e-04
1.032222e-03
1.108131e-03
1.187538e-03
1.270559e-03
1.357317e-03
1.447941e-03
1.542568e-03
1.641344e-03
1.744423e-03
1.851970e-03
1.964157e-03
2.081168e-03
2.203197e-03
2.330453e-03
2.463154e-03
2.601534e-03
2.745839e-03
2.896332e-03
3.053294e-03
3.217020e-03
3.387828e-03
3.566054e-03
3.752057e-03
3.946218e-03
4.148945e-03
4.360673e-03
4.581868e-03
4.813025e-03
5.054675e-03
5.307387e-03
5.571770e-03
5.848476e-03
6.138205e-03
6.441710e-03
6.759798e-03
7.093338e-03
7.443267e-03
7.810595e-03
8.196408e-03
8.601883e-03
9.028291e-03
9.477008e-03
9.949523e-03
1.044745e-02
1.097256e-02
1.152674e-02
1.211209e-02
1.273086e-02
1.338553e-02
1.407880e-02
1.481363e-02
1.559327e-02
1.642127e-02
1.730154e-02
1.823840e-02
1.923659e-02
2.030136e-02
2.143850e-02
2.265444e-02
2.395632e-02
2.535205e-02
2.685048e-02
2.846144e-02
3.019593e-02
3.206628e-02
3.408628e-02
3.627145e-02
3.863923e-02
4.120930e-02
4.400383e-02
4.704793e-02
5.036999e-02
5.400218e-02
5.798102e-02
6.234795e-02
6.715002e-02
7.244069e-02
7.828060e-02
8.473850e-02
9.189214e-02
9.982916e-02
1.086479e-01
1.184582e-01
1.293811e-01
1.415491e-01
1.551047e-01
1.701978e-01
1.869818e-01
2.056070e-01
2.262117e-01
2.489103e-01
2.737791e-01
3.008392e-01
3.300400e-01
3.612441e-01
3.942169e-01
4.286261e-01
4.640501e-01
