5.000000e-01
5.245397e-01
5.489125e-01
5.729570e-01
5.965224e-01
6.194732e-01
6.416919e-01
6.630816e-01
6.835666e-01
7.030926e-01
7.216250e-01
7.391476e-01
7.556602e-01
7.711761e-01
7.857195e-01
7.993234e-01
8.120269e-01
8.238736e-01
8.349098e-01
8.451830e-01
8.547410e-01
8.636311e-01
8.718989e-01
8.795885e-01
8.867417e-01
8.933982e-01
8.995951e-01
9.053672e-01
9.107467e-01
9.157637e-01
9.204460e-01
9.248190e-01
9.289065e-01
9.327301e-01
9.363098e-01
9.396640e-01
9.428094e-01
9.457617e-01
9.485349e-01
9.511421e-01
9.535954e-01
9.559056e-01
9.580829e-01
9.601366e-01
9.620752e-01
9.639067e-01
9.656381e-01
9.672763e-01
9.688274e-01
9.702970e-01
9.716903e-01
9.730123e-01
9.742675e-01
9.754598e-01
9.765933e-01
9.776714e-01
9.786975e-01
9.796745e-01
9.806055e-01
9.814930e-01
9.823394e-01
9.831472e-01
9.839183e-01
9.846549e-01
9.853587e-01
9.860315e-01
9.866749e-01
9.872905e-01
9.878796e-01
9.884437e-01
9.889838e-01
9.895013e-01
9.899972e-01
9.904725e-01
9.909282e-01
9.913653e-01
9.917844e-01
9.921866e-01
9.925724e-01
9.929427e-01
9.932981e-01
9.936392e-01
9.939666e-01
9.942809e-01
9.945827e-01
9.948723e-01
9.951504e-01
9.954172e-01
9.956734e-01
9.959191e-01
9.961550e-01
9.963812e-01
9.965981e-01
9.968061e-01
9.970054e-01
9.971963e-01
9.973792e-01
9.975541e-01
9.977215e-01
9.978815e-01
9.980343e-01
9.981802e-01
9.983193e-01
9.984518e-01
9.985779e-01
9.986977e-01
9.988114e-01
9.989191e-01
9.990210e-01
9.991172e-01
9.992078e-01
9.992929e-01
9.993726e-01
9.994470e-01
9.995163e-01
9.995804e-01
9.996395e-01
9.996936e-01
9.997428e-01
9.997871e-01
9.998267e-01
9.998614e-01
9.998915e-01
9.999169e-01
9.999376e-01
9.999537e-01
9.999652e-01
9.999721e-01
9.999744e-01
9.999721e-01
9.999652e-01
9.999537e-01
9.999376e-01
9.999169e-01
9.998915e-01
9.998614e-01
9.998267e-01
9.997871e-01
9.997428e-01
9.996936e-01
9.996395e-01
9.995804e-01
9.995163e-01
9.994470e-01
9.993726e-01
9.992929e-01
9.992078e-01
9.991172e-01
9.990210e-01
9.989191e-01
9.988114e-01
9.986977e-01
9.985779e-01
9.984518e-01
9.983193e-01
9.981802e-01
9.980343e-01
9.978815e-01
9.977215e-01
9.975541e-01
9.973792e-01
9.971963e-01
9.970054e-01
9.968061e-01
9.965981e-01
9.963812e-01
9.961550e-01
9.959191e-01
9.956734e-01
9.954172e-01
9.951504e-01
9.948723e-01
9.945827e-01
9.942809e-01
9.939666e-01
9.936392e-01
9.932981e-01
9.929427e-01
9.925724e-01
9.921866e-01
9.917844e-01
9.913653e-01
9.909282e-01
9.904725e-01
9.899972e-01
9.895013e-01
9.889838e-01
9.884437e-01
9.878796e-01
9.872905e-01
9.866749e-01
9.860315e-01
9.853587e-01
9.846549e-01
9.839183e-01
9.831472e-01
9.823394e-01
9.814930e-01
9.806055e-01
9.796745e-01
9.786975e-01
9.776714e-01
9.765933e-01
9.754598e-01
9.742675e-01
9.730123e-01
9.716903e-01
9.702970e-01
9.688274e-01
9.672763e-01
9.656381e-01
9.639067e-01
9.620752e-01
9.601366e-01
9.580829e-01
9.559056e-01
9.535954e-01
9.511421e-01
9.485349e-01
9.457617e-01
9.428094e-01
9.396640e-01
9.363098e-01
9.327301e-01
9.289065e-01
9.248190e-01
9.204460e-01
9.157637e-01
9.107467e-01
9.053672e-01
8.995951e-01
8.933982e-01
8.867417e-01
8.795885e-01
8.718989e-01
8.636311e-01
8.547410e-01
8.451830e-01
8.349098e-01
8.238736e-01
8.120269e-01
7.993234e-01
7.857195e-01
7.711761e-01
7.556602e-01
7.391476e-01
7.216250e-01
7.030926e-01
6.835666e-01
6.630816e-01
6.416919e-01
6.194732e-01
5.965224e-01
5.729570e-01
5.489125e-01
5.245397e-01
5.000000e-01
4.754603e-01
4.510875e-01
4.270430e-01
4.034776e-01
3.805268e-01
3.583081e-01
3.369184e-01
3.164334e-01
2.969074e-01
2.783750e-01
2.608524e-01
2.443398e-01
2.288239e-01
2.142805e-01
2.006766e-01
1.879731e-01
1.761264e-01
1.650902e-01
1.548170e-01
1.452590e-01
1.363689e-01
1.281011e-01
1.204115e-01
1.132583e-01
1.066018e-01
1.004049e-01
9.463283e-02
8.925328e-02
8.423625e-02
7.955402e-02
7.518097e-02
7.109350e-02
6.726989e-02
6.369018e-02
6.033602e-02
5.719056e-02
5.423832e-02
5.146510e-02
4.885787e-02
4.640464e-02
4.409442e-02
4.191711e-02
3.986340e-02
3.792476e-02
3.609333e-02
3.436185e-02
3.272367e-02
3.117262e-02
2.970303e-02
2.830965e-02
2.698765e-02
2.573254e-02
2.454018e-02
2.340672e-02
2.232861e-02
2.130254e-02
2.032545e-02
1.939449e-02
1.850702e-02
1.766056e-02
1.685284e-02
1.608170e-02
1.534515e-02
1.464134e-02
1.396853e-02
1.332509e-02
1.270951e-02
1.212037e-02
1.155633e-02
1.101616e-02
1.049868e-02
1.000279e-02
9.527476e-03
9.071764e-03
8.634747e-03
8.215572e-03
7.813437e-03
7.427585e-03
7.057305e-03
6.701928e-03
6.360822e-03
6.033390e-03
5.719072e-03
5.417338e-03
5.127687e-03
4.849647e-03
4.582771e-03
4.326639e-03
4.080852e-03
3.845034e-03
3.618828e-03
3.401899e-03
3.193928e-03
2.994614e-03
2.803673e-03
2.620837e-03
2.445851e-03
2.278474e-03
2.118479e-03
1.965652e-03
1.819791e-03
1.680703e-03
1.548208e-03
1.422136e-03
1.302326e-03
1.188628e-03
1.080899e-03
9.790059e-04
8.828237e-04
7.922350e-04
7.071304e-04
6.274075e-04
5.529714e-04
4.837337e-04
4.196130e-04
3.605340e-04
3.064280e-04
2.572321e-04
2.128896e-04
1.733493e-04
1.385662e-04
1.085002e-04
8.311734e-05
6.238862e-05
4.629056e-05
3.480493e-05
2.791875e-05
2.562421e-05
2.791875e-05
3.480493e-05
4.629056e-05
6.238862e-05
8.311734e-05
1.085002e-04
1.385662e-04
1.733493e-04
2.128896e-04
2.572321e-04
3.064280e-04
3.605340e-04
4.196130e-04
4.837337e-04
5.529714e-04
6.274075e-04
7.071304e-04
7.922350e-04
8.828237e-04
9.790059e-04
1.080899e-03
1.188628e-03
1.302326e-03
1.422136e-03
1.548208e-03
1.680703e-03
1.819791e-03
1.965652e-03
2.118479e-03
2.278474e-03
2.445851e-03
2.620837e-03
2.803673e-03
2.994614e-03
3.193928e-03
3.401899e-03
3.618828e-03
3.845034e-03
4.080852e-03
4.326639e-03
4.582771e-03
4.849647e-03
5.127687e-03
5.417338e-03
5.719072e-03
6.033390e-03
6.360822e-03
6.701928e-03
7.057305e-03
7.427585e-03
7.813437e-03
8.215572e-03
8.634747e-03
9.071764e-03
9.527476e-03
1.000279e-02
1.049868e-02
1.101616e-02
1.155633e-02
1.212037e-02
1.270951e-02
1.332509e-02
1.396853e-02
1.464134e-02
1.534515e-02
1.608170e-02
1.685284e-02
1.766056e-02
1.850702e-02
1.939449e-02
2.032545e-02
2.130254e-02
2.232861e-02
2.340672e-02
2.454018e-02
2.573254e-02
2.698765e-02
2.830965e-02
2.970303e-02
3.117262e-02
3.272367e-02
3.436185e-02
3.609333e-02
3.792476e-02
3.986340e-02
4.191711e-02
4.409442e-02
4.640464e-02
4.885787e-02
5.146510e-02
5.423832e-02
5.719056e-02
6.033602e-02
6.369018e-02
6.726989e-02
7.109350e-02
7.518097e-02
7.955402e-02
8.423625e-02
8.925328e-02
9.463283e-02
1.004049e-01
1.066018e-01
1.132583e-01
1.204115e-01
1.281011e-01
1.363689e-01
1.452590e-01
1.548170e-01
1.650902e-01
1.761264e-01
1.879731e-01
2.006766e-01
2.142805e-01
2.288239e-01
2.443398e-01
2.608524e-01
2.783750e-01
2.969074e-01
3.164334e-01
3.369184e-01
3.583081e-01
3.805268e-01
4.034776e-01
4.270430e-01
4.510875e-01
4.754603e-01
