5.000000e-01
5.201920e-01
5.402924e-01
5.602116e-01
5.798639e-01
5.991696e-01
6.180560e-01
6.364586e-01
6.543223e-01
6.716012e-01
6.882591e-01
7.042692e-01
7.196134e-01
7.342819e-01
7.482721e-01
7.615879e-01
7.742389e-01
7.862391e-01
7.976063e-01
8.083614e-01
8.185274e-01
8.281286e-01
8.371907e-01
8.457397e-01
8.538016e-01
8.614023e-01
8.685672e-01
8.753210e-01
8.816876e-01
8.876900e-01
8.933500e-01
8.986885e-01
9.037252e-01
9.084789e-01
9.129671e-01
9.172065e-01
9.212126e-01
9.250000e-01
9.285823e-01
9.319724e-01
9.351822e-01
9.382229e-01
9.411049e-01
9.438379e-01
9.464309e-01
9.488925e-01
9.512306e-01
9.534525e-01
9.555650e-01
9.575747e-01
9.594874e-01
9.613087e-01
9.630440e-01
9.646980e-01
9.662753e-01
9.677801e-01
9.692164e-01
9.705880e-01
9.718982e-01
9.731505e-01
9.743478e-01
9.754929e-01
9.765886e-01
9.776374e-01
9.786417e-01
9.796036e-01
9.805252e-01
9.814085e-01
9.822553e-01
9.830674e-01
9.838464e-01
9.845938e-01
9.853111e-01
9.859996e-01
9.866606e-01
9.872952e-01
9.879048e-01
9.884903e-01
9.890527e-01
9.895930e-01
9.901121e-01
9.906109e-01
9.910901e-01
9.915506e-01
9.919931e-01
9.924182e-01
9.928267e-01
9.932190e-01
9.935959e-01
9.939577e-01
9.943052e-01
9.946387e-01
9.949588e-01
9.952658e-01
9.955603e-01
9.958425e-01
9.961129e-01
9.963719e-01
9.966197e-01
9.968567e-01
9.970831e-01
9.972994e-01
9.975057e-01
9.977023e-01
9.978894e-01
9.980674e-01
9.982363e-01
9.983963e-01
9.985478e-01
9.986908e-01
9.988256e-01
9.989522e-01
9.990708e-01
9.991816e-01
9.992847e-01
9.993802e-01
9.994681e-01
9.995487e-01
9.996220e-01
9.996881e-01
9.997470e-01
9.997989e-01
9.998437e-01
9.998815e-01
9.999124e-01
9.999364e-01
9.999535e-01
9.999638e-01
9.999672e-01
9.999638e-01
9.999535e-01
9.999364e-01
9.999124e-01
9.998815e-01
9.998437e-01
9.997989e-01
9.997470e-01
9.996881e-01
9.996220e-01
9.995487e-01
9.994681e-01
9.993802e-01
9.992847e-01
9.991816e-01
9.990708e-01
9.989522e-01
9.988256e-01
9.986908e-01
9.985478e-01
9.983963e-01
9.982363e-01
9.980674e-01
9.978894e-01
9.977023e-01
9.975057e-01
9.972994e-01
9.970831e-01
9.968567e-01
9.966197e-01
9.963719e-01
9.961129e-01
9.958425e-01
9.955603e-01
9.952658e-01
9.949588e-01
9.946387e-01
9.943052e-01
9.939577e-01
9.935959e-01
9.932190e-01
9.928267e-01
9.924182e-01
9.919931e-01
9.915506e-01
9.910901e-01
9.906109e-01
9.901121e-01
9.895930e-01
9.890527e-01
9.884903e-01
9.879048e-01
9.872952e-01
9.866606e-01
9.859996e-01
9.853111e-01
9.845938e-01
9.838464e-01
9.830674e-01
9.822553e-01
9.814085e-01
9.805252e-01
9.796036e-01
9.786417e-01
9.776374e-01
9.765886e-01
9.754929e-01
9.743478e-01
9.731505e-01
9.718982e-01
9.705880e-01
9.692164e-01
9.677801e-01
9.662753e-01
9.646980e-01
9.630440e-01
9.613087e-01
9.594874e-01
9.575747e-01
9.555650e-01
9.534525e-01
9.512306e-01
9.488925e-01
9.464309e-01
9.438379e-01
9.411049e-01
9.382229e-01
9.351822e-01
9.319724e-01
9.285823e-01
9.250000e-01
9.212126e-01
9.172065e-01
9.129671e-01
9.084789e-01
9.037252e-01
8.986885e-01
8.933500e-01
8.876900e-01
8.816876e-01
8.753210e-01
8.685672e-01
8.614023e-01
8.538016e-01
8.457397e-01
8.371907e-01
8.281286e-01
8.185274e-01
8.083614e-01
7.976063e-01
7.862391e-01
7.742389e-01
7.615879e-01
7.482721e-01
7.342819e-01
7.196134e-01
7.042692e-01
6.882591e-01
6.716012e-01
6.543223e-01
6.364586e-01
6.180560e-01
5.991696e-01
5.798639e-01
5.602116e-01
5.402924e-01
5.201920e-01
5.000000e-01
4.798080e-01
4.597076e-01
4.397884e-01
4.201361e-01
4.008304e-01
3.819440e-01
3.635414e-01
3.456777e-01
3.283988e-01
3.117409e-01
2.957308e-01
2.803866e-01
2.657181e-01
2.517279e-01
2.384121e-01
2.257611e-01
2.137609e-01
2.023937e-01
1.916386e-01
1.814726e-01
1.718714e-01
1.628093e-01
1.542603e-01
1.461984e-01
1.385977e-01
1.314328e-01
1.246790e-01
1.183124e-01
1.123100e-01
1.066500e-01
1.013115e-01
9.627480e-02
9.152112e-02
8.703288e-02
8.279350e-02
7.878741e-02
7.500003e-02
7.141767e-02
6.802757e-02
6.481776e-02
6.177708e-02
5.889512e-02
5.616214e-02
5.356908e-02
5.110747e-02
4.876941e-02
4.654754e-02
4.443499e-02
4.242534e-02
4.051262e-02
3.869125e-02
3.695601e-02
3.530202e-02
3.372475e-02
3.221994e-02
3.078361e-02
2.941205e-02
2.810177e-02
2.684952e-02
2.565225e-02
2.450709e-02
2.341137e-02
2.236257e-02
2.135834e-02
2.039645e-02
1.947482e-02
1.859150e-02
1.774466e-02
1.693256e-02
1.615357e-02
1.540617e-02
1.468891e-02
1.400043e-02
1.333944e-02
1.270475e-02
1.209521e-02
1.150974e-02
1.094733e-02
1.040702e-02
9.887904e-03
9.389118e-03
8.909857e-03
8.449353e-03
8.006883e-03
7.581759e-03
7.173332e-03
6.780989e-03
6.404146e-03
6.042254e-03
5.694790e-03
5.361260e-03
5.041196e-03
4.734155e-03
4.439715e-03
4.157480e-03
3.887073e-03
3.628136e-03
3.380332e-03
3.143341e-03
2.916861e-03
2.700606e-03
2.494305e-03
2.297703e-03
2.110558e-03
1.932643e-03
1.763745e-03
1.603660e-03
1.452200e-03
1.309185e-03
1.174450e-03
1.047837e-03
9.292019e-04
8.184079e-04
7.153290e-04
6.198488e-04
5.318598e-04
4.512633e-04
3.779695e-04
3.118971e-04
2.529728e-04
2.011318e-04
1.563170e-04
1.184794e-04
8.757741e-05
6.357741e-05
4.645319e-05
3.618611e-05
3.276498e-05
3.618611e-05
4.645319e-05
6.357741e-05
8.757741e-05
1.184794e-04
1.563170e-04
2.011318e-04
2.529728e-04
3.118971e-04
3.779695e-04
4.512633e-04
5.318598e-04
6.198488e-04
7.153290e-04
8.184079e-04
9.292019e-04
1.047837e-03
1.174450e-03
1.309185e-03
1.452200e-03
1.603660e-03
1.763745e-03
1.932643e-03
2.110558e-03
2.297703e-03
2.494305e-03
2.700606e-03
2.916861e-03
3.143341e-03
3.380332e-03
3.628136e-03
3.887073e-03
4.157480e-03
4.439715e-03
4.734155e-03
5.041196e-03
5.361260e-03
5.694790e-03
6.042254e-03
6.404146e-03
6.780989e-03
7.173332e-03
7.581759e-03
8.006883e-03
8.449353e-03
8.909857e-03
9.389118e-03
9.887904e-03
1.040702e-02
1.094733e-02
1.150974e-02
1.209521e-02
1.270475e-02
1.333944e-02
1.400043e-02
1.468891e-02
1.540617e-02
1.615357e-02
1.693256e-02
1.774466e-02
1.859150e-02
1.947482e-02
2.039645e-02
2.135834e-02
2.236257e-02
2.341137e-02
2.450709e-02
2.565225e-02
2.684952e-02
2.810177e-02
2.941205e-02
3.078361e-02
3.221994e-02
3.372475e-02
3.530202e-02
3.695601e-02
3.869125e-02
4.051262e-02
4.242534e-02
4.443499e-02
4.654754e-02
4.876941e-02
5.110747e-02
5.356908e-02
5.616214e-02
5.889512e-02
6.177708e-02
6.481776e-02
6.802757e-02
7.141767e-02
7.500003e-02
7.878741e-02
8.279350e-02
8.703288e-02
9.152112e-02
9.627480e-02
1.013115e-01
1.066500e-01
1.123100e-01
1.183124e-01
1.246790e-01
1.314328e-01
1.385977e-01
1.461984e-01
1.542603e-01
1.628093e-01
1.718714e-01
1.814726e-01
1.916386e-01
2.023937e-01
2.137609e-01
2.257611e-01
2.384121e-01
2.517279e-01
2.657181e-01
2.803866e-01
2.957308e-01
3.117409e-01
3.283988e-01
3.456777e-01
3.635414e-01
3.819440e-01
4.008304e-01
4.201361e-01
4.397884e-01
4.597076e-01
4.798080e-01
