5.000000e-01
5.061358e-01
5.122706e-01
5.184036e-01
5.245338e-01
5.306604e-01
5.367823e-01
5.428987e-01
5.490086e-01
5.551111e-01
5.612053e-01
5.672904e-01
5.733652e-01
5.794291e-01
5.854809e-01
5.915199e-01
5.975452e-01
6.035557e-01
6.095506e-01
6.155291e-01
6.214901e-01
6.274328e-01
6.333564e-01
6.392598e-01
6.451423e-01
6.510030e-01
6.568409e-01
6.626551e-01
6.684449e-01
6.742093e-01
6.799475e-01
6.856586e-01
6.913417e-01
6.969960e-01
7.026207e-01
7.082148e-01
7.137775e-01
7.193081e-01
7.248057e-01
7.302694e-01
7.356984e-01
7.410919e-01
7.464491e-01
7.517692e-01
7.570514e-01
7.622948e-01
7.674988e-01
7.726625e-01
7.777851e-01
7.828659e-01
7.879041e-01
7.928989e-01
7.978497e-01
8.027555e-01
8.076158e-01
8.124297e-01
8.171966e-01
8.219158e-01
8.265864e-01
8.312079e-01
8.357795e-01
8.403005e-01
8.447703e-01
8.491881e-01
8.535534e-01
8.578654e-01
8.621235e-01
8.663271e-01
8.704756e-01
8.745682e-01
8.786044e-01
8.825836e-01
8.865052e-01
8.903686e-01
8.941732e-01
8.979185e-01
9.016038e-01
9.052286e-01
9.087924e-01
9.122947e-01
9.157348e-01
9.191124e-01
9.224268e-01
9.256776e-01
9.288643e-01
9.319864e-01
9.350435e-01
9.380350e-01
9.409606e-01
9.438198e-01
9.466122e-01
9.493372e-01
9.519946e-01
9.545840e-01
9.571049e-01
9.595569e-01
9.619398e-01
9.642530e-01
9.664964e-01
9.686695e-01
9.707720e-01
9.728037e-01
9.747641e-01
9.766530e-01
9.784702e-01
9.802153e-01
9.818880e-01
9.834882e-01
9.850156e-01
9.864700e-01
9.878511e-01
9.891587e-01
9.903926e-01
9.915527e-01
9.926388e-01
9.936507e-01
9.945883e-01
9.954513e-01
9.962398e-01
9.969535e-01
9.975924e-01
9.981563e-01
9.986452e-01
9.990591e-01
9.993977e-01
9.996612e-01
9.998494e-01
9.999624e-01
1.000000e+00
9.999624e-01
9.998494e-01
9.996612e-01
9.993977e-01
9.990591e-01
9.986452e-01
9.981563e-01
9.975924e-01
9.969535e-01
9.962398e-01
9.954513e-01
9.945883e-01
9.936507e-01
9.926388e-01
9.915527e-01
9.903926e-01
9.891587e-01
9.878511e-01
9.864700e-01
9.850156e-01
9.834882e-01
9.818880e-01
9.802153e-01
9.784702e-01
9.766530e-01
9.747641e-01
9.728037e-01
9.707720e-01
9.686695e-01
9.664964e-01
9.642530e-01
9.619398e-01
9.595569e-01
9.571049e-01
9.545840e-01
9.519946e-01
9.493372e-01
9.466122e-01
9.438198e-01
9.409606e-01
9.380350e-01
9.350435e-01
9.319864e-01
9.288643e-01
9.256776e-01
9.224268e-01
9.191124e-01
9.157348e-01
9.122947e-01
9.087924e-01
9.052286e-01
9.016038e-01
8.979185e-01
8.941732e-01
8.903686e-01
8.865052e-01
8.825836e-01
8.786044e-01
8.745682e-01
8.704756e-01
8.663271e-01
8.621235e-01
8.578654e-01
8.535534e-01
8.491881e-01
8.447703e-01
8.403005e-01
8.357795e-01
8.312079e-01
8.265864e-01
8.219158e-01
8.171966e-01
8.124297e-01
8.076158e-01
8.027555e-01
7.978497e-01
7.928989e-01
7.879041e-01
7.828659e-01
7.777851e-01
7.726625e-01
7.674988e-01
7.622948e-01
7.570514e-01
7.517692e-01
7.464491e-01
7.410919e-01
7.356984e-01
7.302694e-01
7.248057e-01
7.193081e-01
7.137775e-01
7.082148e-01
7.026207e-01
6.969960e-01
6.913417e-01
6.856586e-01
6.799475e-01
6.742093e-01
6.684449e-01
6.626551e-01
6.568409e-01
6.510030e-01
6.451423e-01
6.392598e-01
6.333564e-01
6.274328e-01
6.214901e-01
6.155291e-01
6.095506e-01
6.035557e-01
5.975452e-01
5.915199e-01
5.854809e-01
5.794291e-01
5.733652e-01
5.672904e-01
5.612053e-01
5.551111e-01
5.490086e-01
5.428987e-01
5.367823e-01
5.306604e-01
5.245338e-01
5.184036e-01
5.122706e-01
5.061358e-01
5.000000e-01
4.938642e-01
4.877294e-01
4.815964e-01
4.754662e-01
4.693396e-01
4.632177e-01
4.571013e-01
4.509914e-01
4.448889e-01
4.387947e-01
4.327096e-01
4.266348e-01
4.205709e-01
4.145191e-01
4.084801e-01
4.024548e-01
3.964443e-01
3.904494e-01
3.844709e-01
3.785099e-01
3.725672e-01
3.666436e-01
3.607402e-01
3.548577e-01
3.489970e-01
3.431591e-01
3.373449e-01
3.315551e-01
3.257907e-01
3.200525e-01
3.143414e-01
3.086583e-01
3.030040e-01
2.973793e-01
2.917852e-01
2.862225e-01
2.806919e-01
2.751943e-01
2.697306e-01
2.643016e-01
2.589081e-01
2.535509e-01
2.482308e-01
2.429486e-01
2.377052e-01
2.325012e-01
2.273375e-01
2.222149e-01
2.171341e-01
2.120959e-01
2.071011e-01
2.021503e-01
1.972445e-01
1.923842e-01
1.875703e-01
1.828034e-01
1.780842e-01
1.734136e-01
1.687921e-01
1.642205e-01
1.596995e-01
1.552297e-01
1.508119e-01
1.464466e-01
1.421346e-01
1.378765e-01
1.336729e-01
1.295244e-01
1.254318e-01
1.213956e-01
1.174164e-01
1.134948e-01
1.096314e-01
1.058268e-01
1.020815e-01
9.839623e-02
9.477140e-02
9.120759e-02
8.770535e-02
8.426519e-02
8.088765e-02
7.757322e-02
7.432240e-02
7.113569e-02
6.801357e-02
6.495650e-02
6.196495e-02
5.903937e-02
5.618019e-02
5.338785e-02
5.066277e-02
4.800535e-02
4.541601e-02
4.289512e-02
4.044307e-02
3.806023e-02
3.574696e-02
3.350360e-02
3.133049e-02
2.922797e-02
2.719634e-02
2.523591e-02
2.334698e-02
2.152983e-02
1.978474e-02
1.811197e-02
1.651176e-02
1.498437e-02
1.353002e-02
1.214893e-02
1.084131e-02
9.607360e-03
8.447256e-03
7.361179e-03
6.349291e-03
5.411745e-03
4.548682e-03
3.760233e-03
3.046515e-03
2.407637e-03
1.843694e-03
1.354772e-03
9.409435e-04
6.022719e-04
3.388077e-04
1.505907e-04
3.764908e-05
0.000000e+00
3.764908e-05
1.505907e-04
3.388077e-04
6.022719e-04
9.409435e-04
1.354772e-03
1.843694e-03
2.407637e-03
3.046515e-03
3.760233e-03
4.548682e-03
5.411745e-03
6.349291e-03
7.361179e-03
8.447256e-03
9.607360e-03
1.084131e-02
1.214893e-02
1.353002e-02
1.498437e-02
1.651176e-02
1.811197e-02
1.978474e-02
2.152983e-02
2.334698e-02
2.523591e-02
2.719634e-02
2.922797e-02
3.133049e-02
3.350360e-02
3.574696e-02
3.806023e-02
4.044307e-02
4.289512e-02
4.541601e-02
4.800535e-02
5.066277e-02
5.338785e-02
5.618019e-02
5.903937e-02
6.196495e-02
6.495650e-02
6.801357e-02
7.113569e-02
7.432240e-02
7.757322e-02
8.088765e-02
8.426519e-02
8.770535e-02
9.120759e-02
9.477140e-02
9.839623e-02
1.020815e-01
1.058268e-01
1.096314e-01
1.134948e-01
1.174164e-01
1.213956e-01
1.254318e-01
1.295244e-01
1.336729e-01
1.378765e-01
1.421346e-01
1.464466e-01
1.508119e-01
1.552297e-01
1.596995e-01
1.642205e-01
1.687921e-01
1.734136e-01
1.780842e-01
1.828034e-01
1.875703e-01
1.923842e-01
1.972445e-01
2.021503e-01
2.071011e-01
2.120959e-01
2.171341e-01
2.222149e-01
2.273375e-01
2.325012e-01
2.377052e-01
2.429486e-01
2.482308e-01
2.535509e-01
2.589081e-01
2.643016e-01
2.697306e-01
2.751943e-01
2.806919e-01
2.862225e-01
2.917852e-01
2.973793e-01
3.030040e-01
3.086583e-01
3.143414e-01
3.200525e-01
3.257907e-01
3.315551e-01
3.373449e-01
3.431591e-01
3.489970e-01
3.548577e-01
3.607402e-01
3.666436e-01
3.725672e-01
3.785099e-01
3.844709e-01
3.904494e-01
3.964443e-01
4.024548e-01
4.084801e-01
4.145191e-01
4.205709e-01
4.266348e-01
4.327096e-01
4.387947e-01
4.448889e-01
4.509914e-01
4.571013e-01
4.632177e-01
4.693396e-01
4.754662e-01
4.815964e-01
4.877294e-01
4.938642e-01
