5.000000e-01
5.091451e-01
5.182838e-01
5.274097e-01
5.365164e-01
5.455977e-01
5.546474e-01
5.636593e-01
5.726275e-01
5.815462e-01
5.904097e-01
5.992125e-01
6.079492e-01
6.166149e-01
6.252046e-01
6.337136e-01
6.421375e-01
6.504721e-01
6.587135e-01
6.668580e-01
6.749022e-01
6.828428e-01
6.906770e-01
6.984021e-01
7.060156e-01
7.135155e-01
7.208998e-01
7.281669e-01
7.353152e-01
7.423436e-01
7.492512e-01
7.560370e-01
7.627007e-01
7.692417e-01
7.756599e-01
7.819553e-01
7.881281e-01
7.941785e-01
8.001070e-01
8.059143e-01
8.116009e-01
8.171679e-01
8.226162e-01
8.279467e-01
8.331607e-01
8.382595e-01
8.432442e-01
8.481163e-01
8.528772e-01
8.575285e-01
8.620716e-01
8.665082e-01
8.708399e-01
8.750682e-01
8.791949e-01
8.832217e-01
8.871502e-01
8.909821e-01
8.947192e-01
8.983632e-01
9.019157e-01
9.053785e-01
9.087533e-01
9.120417e-01
9.152455e-01
9.183661e-01
9.214054e-01
9.243648e-01
9.272460e-01
9.300506e-01
9.327800e-01
9.354358e-01
9.380195e-01
9.405325e-01
9.429762e-01
9.453521e-01
9.476615e-01
9.499057e-01
9.520861e-01
9.542039e-01
9.562604e-01
9.582568e-01
9.601943e-01
9.620740e-01
9.638971e-01
9.656645e-01
9.673775e-01
9.690370e-01
9.706440e-01
9.721995e-01
9.737044e-01
9.751597e-01
9.765662e-01
9.779247e-01
9.792361e-01
9.805012e-01
9.817208e-01
9.828955e-01
9.840261e-01
9.851133e-01
9.861577e-01
9.871600e-01
9.881208e-01
9.890406e-01
9.899201e-01
9.907597e-01
9.915599e-01
9.923213e-01
9.930443e-01
9.937293e-01
9.943767e-01
9.949869e-01
9.955604e-01
9.960974e-01
9.965983e-01
9.970633e-01
9.974928e-01
9.978870e-01
9.982461e-01
9.985703e-01
9.988600e-01
9.991151e-01
9.993359e-01
9.995225e-01
9.996751e-01
9.997936e-01
9.998782e-01
9.999290e-01
9.999459e-01
9.999290e-01
9.998782e-01
9.997936e-01
9.996751e-01
9.995225e-01
9.993359e-01
9.991151e-01
9.988600e-01
9.985703e-01
9.982461e-01
9.978870e-01
9.974928e-01
9.970633e-01
9.965983e-01
9.960974e-01
9.955604e-01
9.949869e-01
9.943767e-01
9.937293e-01
9.930443e-01
9.923213e-01
9.915599e-01
9.907597e-01
9.899201e-01
9.890406e-01
9.881208e-01
9.871600e-01
9.861577e-01
9.851133e-01
9.840261e-01
9.828955e-01
9.817208e-01
9.805012e-01
9.792361e-01
9.779247e-01
9.765662e-01
9.751597e-01
9.737044e-01
9.721995e-01
9.706440e-01
9.690370e-01
9.673775e-01
9.656645e-01
9.638971e-01
9.620740e-01
9.601943e-01
9.582568e-01
9.562604e-01
9.542039e-01
9.520861e-01
9.499057e-01
9.476615e-01
9.453521e-01
9.429762e-01
9.405325e-01
9.380195e-01
9.354358e-01
9.327800e-01
9.300506e-01
9.272460e-01
9.243648e-01
9.214054e-01
9.183661e-01
9.152455e-01
9.120417e-01
9.087533e-01
9.053785e-01
9.019157e-01
8.983632e-01
8.947192e-01
8.909821e-01
8.871502e-01
8.832217e-01
8.791949e-01
8.750682e-01
8.708399e-01
8.665082e-01
8.620716e-01
8.575285e-01
8.528772e-01
8.481163e-01
8.432442e-01
8.382595e-01
8.331607e-01
8.279467e-01
8.226162e-01
8.171679e-01
8.116009e-01
8.059143e-01
8.001070e-01
7.941785e-01
7.881281e-01
7.819553e-01
7.756599e-01
7.692417e-01
7.627007e-01
7.560370e-01
7.492512e-01
7.423436e-01
7.353152e-01
7.281669e-01
7.208998e-01
7.135155e-01
7.060156e-01
6.984021e-01
6.906770e-01
6.828428e-01
6.749022e-01
6.668580e-01
6.587135e-01
6.504721e-01
6.421375e-01
6.337136e-01
6.252046e-01
6.166149e-01
6.079492e-01
5.992125e-01
5.904097e-01
5.815462e-01
5.726275e-01
5.636593e-01
5.546474e-01
5.455977e-01
5.365164e-01
5.274097e-01
5.182838e-01
5.091451e-01
5.000000e-01
4.908549e-01
4.817162e-01
4.725903e-01
4.634836e-01
4.544023e-01
4.453526e-01
4.363407e-01
4.273725e-01
4.184538e-01
4.095903e-01
4.007875e-01
3.920508e-01
3.833851e-01
3.747954e-01
3.662864e-01
3.578625e-01
3.495279e-01
3.412865e-01
3.331420e-01
3.250978e-01
3.171572e-01
3.093230e-01
3.015979e-01
2.939844e-01
2.864845e-01
2.791002e-01
2.718331e-01
2.646848e-01
2.576564e-01
2.507488e-01
2.439630e-01
2.372993e-01
2.307583e-01
2.243401e-01
2.180447e-01
2.118719e-01
2.058215e-01
1.998930e-01
1.940857e-01
1.883991e-01
1.828321e-01
1.773838e-01
1.720533e-01
1.668393e-01
1.617405e-01
1.567558e-01
1.518837e-01
1.471228e-01
1.424715e-01
1.379284e-01
1.334918e-01
1.291601e-01
1.249318e-01
1.208051e-01
1.167783e-01
1.128498e-01
1.090179e-01
1.052808e-01
1.016368e-01
9.808427e-02
9.462145e-02
9.124667e-02
8.795826e-02
8.475453e-02
8.163386e-02
7.859461e-02
7.563517e-02
7.275396e-02
6.994941e-02
6.721999e-02
6.456419e-02
6.198053e-02
5.946754e-02
5.702381e-02
5.464793e-02
5.233853e-02
5.009429e-02
4.791389e-02
4.579606e-02
4.373955e-02
4.174315e-02
3.980568e-02
3.792599e-02
3.610294e-02
3.433547e-02
3.262250e-02
3.096300e-02
2.935599e-02
2.780049e-02
2.629557e-02
2.484031e-02
2.343384e-02
2.207531e-02
2.076389e-02
1.949879e-02
1.827925e-02
1.710452e-02
1.597390e-02
1.488670e-02
1.384227e-02
1.283996e-02
1.187919e-02
1.095935e-02
1.007991e-02
9.240317e-03
8.440077e-03
7.678705e-03
6.955741e-03
6.270750e-03
5.623318e-03
5.013055e-03
4.439596e-03
3.902595e-03
3.401730e-03
2.936699e-03
2.507223e-03
2.113046e-03
1.753930e-03
1.429661e-03
1.140044e-03
8.849061e-04
6.640942e-04
4.774764e-04
3.249410e-04
2.063968e-04
1.217729e-04
7.101882e-05
5.410416e-05
7.101882e-05
1.217729e-04
2.063968e-04
3.249410e-04
4.774764e-04
6.640942e-04
8.849061e-04
1.140044e-03
1.429661e-03
1.753930e-03
2.113046e-03
2.507223e-03
2.936699e-03
3.401730e-03
3.902595e-03
4.439596e-03
5.013055e-03
5.623318e-03
6.270750e-03
6.955741e-03
7.678705e-03
8.440077e-03
9.240317e-03
1.007991e-02
1.095935e-02
1.187919e-02
1.283996e-02
1.384227e-02
1.488670e-02
1.597390e-02
1.710452e-02
1.827925e-02
1.949879e-02
2.076389e-02
2.207531e-02
2.343384e-02
2.484031e-02
2.629557e-02
2.780049e-02
2.935599e-02
3.096300e-02
3.262250e-02
3.433547e-02
3.610294e-02
3.792599e-02
3.980568e-02
4.174315e-02
4.373955e-02
4.579606e-02
4.791389e-02
5.009429e-02
5.233853e-02
5.464793e-02
5.702381e-02
5.946754e-02
6.198053e-02
6.456419e-02
6.721999e-02
6.994941e-02
7.275396e-02
7.563517e-02
7.859461e-02
8.163386e-02
8.475453e-02
8.795826e-02
9.124667e-02
9.462145e-02
9.808427e-02
1.016368e-01
1.052808e-01
1.090179e-01
1.128498e-01
1.167783e-01
1.208051e-01
1.249318e-01
1.291601e-01
1.334918e-01
1.379284e-01
1.424715e-01
1.471228e-01
1.518837e-01
1.567558e-01
1.617405e-01
1.668393e-01
1.720533e-01
1.773838e-01
1.828321e-01
1.883991e-01
1.940857e-01
1.998930e-01
2.058215e-01
2.118719e-01
2.180447e-01
2.243401e-01
2.307583e-01
2.372993e-01
2.439630e-01
2.507488e-01
2.576564e-01
2.646848e-01
2.718331e-01
2.791002e-01
2.864845e-01
2.939844e-01
3.015979e-01
3.093230e-01
3.171572e-01
3.250978e-01
3.331420e-01
3.412865e-01
3.495279e-01
3.578625e-01
3.662864e-01
3.747954e-01
3.833851e-01
3.920508e-01
4.007875e-01
4.095903e-01
4.184538e-01
4.273725e-01
4.363407e-01
4.453526e-01
4.544023e-01
4.634836e-01
4.725903e-01
4.817162e-01
4.908549e-01
