1.000000e-01
1.000000e-01
1.000000e-01
1.000000e-01
1.000000e-01
1.000000e-01
1.000000e-01
1.000000e-01
1.000000e-01
1.000000e-01
1.000000e-01
1.000000e-01
1.000000e-01
1.000000e-01
1.000000e-01
1.000000e-01
1.000000e-01
1.000000e-01
1.000000e-01
1.000000e-01
1.000000e-01
1.000000e-01
1.000000e-01
1.000000e-01
1.000000e-01
1.000000e-01
1.000000e-01
1.000000e-01
1.000000e-01
1.000000e-01
1.000000e-01
1.000000e-01
1.000000e-01
1.000000e-01
1.000000e-01
1.000000e-01
1.000000e-01
1.000000e-01
1.000000e-01
1.000000e-01
1.000000e-01
1.000000e-01
1.000000e-01
1.000000e-01
1.000000e-01
1.000000e-01
1.000000e-01
1.000000e-01
1.000000e-01
1.000000e-01
1.000000e-01
1.000000e-01
1.000000e-01
1.000000e-01
1.000000e-01
1.000000e-01
1.000000e-01
1.000000e-01
1.000000e-01
1.000000e-01
1.000000e-01
1.000000e-01
1.000000e-01
1.000000e-01
1.000000e-01
1.000000e-01
1.000000e-01
1.000000e-01
1.000000e-01
1.000000e-01
9.999999e-02
1.000000e-01
9.999999e-02
1.000000e-01
9.999999e-02
1.000000e-01
9.999999e-02
1.000000e-01
9.999999e-02
1.000000e-01
9.999999e-02
1.000000e-01
9.999999e-02
1.000000e-01
9.999999e-02
1.000000e-01
9.999999e-02
1.000000e-01
9.999999e-02
1.000000e-01
9.999999e-02
1.000000e-01
9.999999e-02
1.000000e-01
9.999999e-02
1.000000e-01
9.999999e-02
1.000000e-01
9.999999e-02
1.000000e-01
9.999999e-02
1.000000e-01
9.999999e-02
1.000000e-01
9.999999e-02
1.000000e-01
9.999999e-02
1.000000e-01
9.999999e-02
1.000000e-01
9.999999e-02
1.000000e-01
9.999999e-02
1.000000e-01
9.999999e-02
1.000000e-01
9.999999e-02
1.000000e-01
9.999999e-02
1.000000e-01
9.999999e-02
1.000000e-01
9.999999e-02
1.000000e-01
9.999999e-02
1.000000e-01
9.999999e-02
1.000000e-01
9.999999e-02
1.000000e-01
9.999999e-02
1.000000e-01
9.999999e-02
1.000000e-01
9.999999e-02
1.000000e-01
9.999999e-02
1.000000e-01
9.999999e-02
1.000000e-01
9.999999e-02
1.000000e-01
9.999999e-02
1.000000e-01
9.999999e-02
1.000000e-01
9.999999e-02
1.000000e-01
9.999999e-02
1.000000e-01
9.999999e-02
1.000000e-01
9.999999e-02
1.000000e-01
9.999999e-02
1.000000e-01
9.999999e-02
1.000000e-01
9.999999e-02
1.000000e-01
9.999999e-02
1.000000e-01
9.999999e-02
1.000000e-01
1.000000e-01
1.000000e-01
1.000000e-01
1.000000e-01
1.000000e-01
1.000001e-01
1.000000e-01
1.000001e-01
1.000000e-01
1.000001e-01
1.000000e-01
1.000000e-01
9.999991e-02
9.999984e-02
9.999963e-02
9.999940e-02
9.999896e-02
9.999843e-02
9.999756e-02
9.999646e-02
9.999484e-02
9.999274e-02
9.998980e-02
9.998599e-02
9.998085e-02
9.997424e-02
9.996554e-02
9.995445e-02
9.994015e-02
9.992211e-02
9.989923e-02
9.987067e-02
9.983496e-02
9.979087e-02
9.973643e-02
9.966994e-02
9.958882e-02
9.949076e-02
9.937248e-02
9.923095e-02
9.906210e-02
9.886211e-02
9.862606e-02
9.834933e-02
9.802613e-02
9.765111e-02
9.721774e-02
9.672010e-02
9.615112e-02
9.550460e-02
9.477332e-02
9.395119e-02
9.303129e-02
9.200819e-02
9.087579e-02
8.962988e-02
8.826568e-02
8.678074e-02
8.517207e-02
8.343933e-02
8.158160e-02
7.960087e-02
7.749833e-02
7.527827e-02
7.294384e-02
7.050138e-02
6.795560e-02
6.531454e-02
6.258398e-02
5.977319e-02
5.688845e-02
5.393985e-02
5.093361e-02
4.788030e-02
4.478568e-02
4.166076e-02
3.851087e-02
3.534857e-02
3.218140e-02
2.903126e-02
2.592707e-02
2.295074e-02
2.028300e-02
1.840733e-02
1.854871e-02
2.390053e-02
4.246990e-02
9.267295e-02
2.071728e-01
4.090435e-01
6.492463e-01
8.316229e-01
9.285751e-01
9.705826e-01
9.871580e-01
9.934896e-01
9.958885e-01
9.968273e-01
9.972150e-01
9.974080e-01
9.975237e-01
9.976177e-01
9.977000e-01
9.977829e-01
9.978633e-01
9.979462e-01
9.980277e-01
9.981110e-01
9.981930e-01
9.982759e-01
9.983571e-01
9.984386e-01
9.985181e-01
9.985971e-01
9.986739e-01
9.987497e-01
9.988230e-01
9.988948e-01
9.989640e-01
9.990314e-01
9.990959e-01
9.991584e-01
9.992179e-01
9.992752e-01
9.993296e-01
9.993816e-01
9.994307e-01
9.994775e-01
9.995213e-01
9.995629e-01
9.996017e-01
9.996383e-01
9.996722e-01
9.997040e-01
9.997334e-01
9.997608e-01
9.997859e-01
9.998092e-01
9.998304e-01
9.998500e-01
9.998677e-01
9.998840e-01
9.998986e-01
9.999119e-01
9.999238e-01
9.999346e-01
9.999442e-01
9.999528e-01
9.999603e-01
9.999670e-01
9.999729e-01
9.999781e-01
9.999825e-01
9.999864e-01
9.999897e-01
9.999926e-01
9.999949e-01
9.999970e-01
9.999986e-01
1.000000e+00
1.000001e+00
1.000002e+00
1.000003e+00
1.000003e+00
1.000004e+00
1.000004e+00
1.000004e+00
1.000004e+00
1.000004e+00
1.000004e+00
1.000004e+00
1.000004e+00
1.000004e+00
1.000003e+00
1.000003e+00
1.000003e+00
1.000003e+00
1.000003e+00
1.000002e+00
1.000002e+00
1.000002e+00
1.000002e+00
1.000002e+00
1.000001e+00
1.000001e+00
1.000001e+00
1.000001e+00
1.000001e+00
1.000001e+00
1.000001e+00
1.000001e+00
1.000001e+00
1.000000e+00
1.000000e+00
1.000000e+00
1.000000e+00
1.000000e+00
1.000000e+00
1.000000e+00
1.000000e+00
1.000000e+00
1.000000e+00
1.000000e+00
1.000000e+00
1.000000e+00
1.000000e+00
1.000000e+00
1.000000e+00
1.000000e+00
1.000000e+00
1.000000e+00
1.000000e+00
1.000000e+00
1.000000e+00
1.000000e+00
1.000000e+00
1.000000e+00
1.000000e+00
1.000000e+00
1.000000e+00
1.000000e+00
1.000000e+00
1.000000e+00
1.000000e+00
1.000000e+00
1.000000e+00
1.000000e+00
1.000000e+00
1.000000e+00
1.000000e+00
1.000000e+00
1.000000e+00
1.000000e+00
1.000000e+00
1.000000e+00
1.000000e+00
1.000000e+00
1.000000e+00
1.000000e+00
1.000000e+00
1.000000e+00
1.000000e+00
1.000000e+00
1.000000e+00
1.000000e+00
1.000000e+00
1.000000e+00
1.000000e+00
1.000000e+00
1.000000e+00
1.000000e+00
1.000000e+00
1.000000e+00
1.000000e+00
1.000000e+00
1.000000e+00
1.000000e+00
1.000000e+00
1.000000e+00
1.000000e+00
1.000000e+00
1.000000e+00
1.000000e+00
1.000000e+00
1.000000e+00
1.000000e+00
1.000000e+00
1.000000e+00
1.000000e+00
1.000000e+00
1.000000e+00
1.000000e+00
1.000000e+00
1.000000e+00
1.000000e+00
1.000000e+00
1.000000e+00
1.000000e+00
1.000000e+00
1.000000e+00
1.000000e+00
1.000000e+00
1.000000e+00
1.000000e+00
1.000000e+00
1.000000e+00
1.000000e+00
1.000000e+00
1.000000e+00
1.000000e+00
1.000000e+00
1.000000e+00
1.000000e+00
1.000000e+00
1.000000e+00
1.000000e+00
1.000000e+00
1.000000e+00
1.000000e+00
1.000000e+00
1.000000e+00
1.000000e+00
1.000000e+00
1.000000e+00
1.000000e+00
1.000000e+00
1.000000e+00
1.000000e+00
1.000000e+00
1.000000e+00
1.000000e+00
1.000000e+00
1.000000e+00
1.000000e+00
1.000000e+00
1.000000e+00
1.000000e+00
1.000000e+00
1.000000e+00
1.000000e+00
1.000000e+00
1.000000e+00
1.000000e+00
1.000000e+00
1.000000e+00
1.000000e+00
1.000000e+00
1.000000e+00
1.000000e+00
1.000000e+00
1.000000e+00
1.000000e+00
1.000000e+00
1.000000e+00
1.000000e+00
1.000000e+00
1.000000e+00
1.000000e+00
1.000000e+00
1.000000e+00
1.000000e+00
1.000000e+00
1.000000e+00
1.000000e+00
1.000000e+00
1.000000e+00
1.000000e+00
1.000000e+00
1.000000e+00
1.000000e+00
1.000000e+00
1.000000e+00
1.000000e+00
1.000000e+00
1.000000e+00
1.000000e+00
1.000000e+00
1.000000e+00
1.000000e+00
1.000000e+00
1.000000e+00
1.000000e+00
1.000000e+00
1.000000e+00
1.000000e+00
1.000000e+00
1.000000e+00
1.000000e+00
1.000000e+00
1.000000e+00
1.000000e+00
1.000000e+00
1.000000e+00
1.000000e+00
1.000000e+00
1.000000e+00
1.000000e+00
1.000000e+00
1.000000e+00
1.000000e+00
1.000000e+00
1.000000e+00
1.000000e+00
1.000000e+00
1.000000e+00
1.000000e+00
1.000000e+00
1.000000e+00
1.000000e+00
1.000000e+00
1.000000e+00
1.000000e+00
1.000000e+00
1.000000e+00
1.000000e+00
1.000000e+00
1.000000e+00
1.000000e+00
1.000000e+00
1.000000e+00
1.000000e+00
1.000000e+00
1.000000e+00
1.000000e+00
1.000000e+00
1.000000e+00
1.000000e+00
1.000000e+00
1.000000e+00
1.000000e+00
1.000000e+00
1.000000e+00
1.000000e+00
1.000000e+00
1.000000e+00
1.000000e+00
1.000000e+00
1.000000e+00
1.000000e+00
1.000000e+00
1.000000e+00
1.000000e+00
1.000000e+00
1.000000e+00
1.000000e+00
1.000000e+00
1.000000e+00
1.000000e+00
1.000000e+00
1.000000e+00
1.000000e+00
1.000000e+00
1.000000e+00
1.000000e+00
1.000000e+00
1.000000e+00
1.000000e+00
1.000000e+00
1.000000e+00
1.000000e+00
1.000000e+00
1.000000e+00
1.000000e+00
1.000000e+00
1.000000e+00
1.000000e+00
1.000000e+00
1.000000e+00
1.000000e+00
1.000000e+00
1.000000e+00
1.000000e+00
1.000000e+00
1.000000e+00
1.000000e+00
1.000000e+00
1.000000e+00
1.000000e+00
1.000000e+00
1.000000e+00
1.000000e+00
1.000000e+00
1.000000e+00
1.000000e+00
1.000000e+00
1.000000e+00
1.000000e+00
1.000000e+00
1.000000e+00
1.000000e+00
1.000000e+00
1.000000e+00
1.000000e+00
1.000000e+00
1.000000e+00
1.000000e+00
1.000000e+00
1.000000e+00
1.000000e+00
1.000000e+00
1.000000e+00
1.000000e+00
1.000000e+00
1.000000e+00
1.000000e+00
1.000000e+00
1.000000e+00
1.000000e+00
1.000000e+00
1.000000e+00
1.000000e+00
1.000000e+00
1.000000e+00
1.000000e+00
1.000000e+00
1.000000e+00
1.000000e+00
1.000000e+00
1.000000e+00
1.000000e+00
1.000000e+00
1.000000e+00
1.000000e+00
1.000000e+00
1.000000e+00
1.000001e+00
1.000001e+00
1.000001e+00
1.000001e+00
1.000001e+00
1.000001e+00
1.000001e+00
1.000001e+00
1.000001e+00
1.000002e+00
1.000002e+00
1.000002e+00
1.000002e+00
1.000002e+00
1.000003e+00
1.000003e+00
1.000003e+00
1.000003e+00
1.000003e+00
1.000004e+00
1.000004e+00
1.000004e+00
1.000004e+00
1.000004e+00
1.000004e+00
1.000004e+00
1.000004e+00
1.000004e+00
1.000003e+00
1.000003e+00
1.000002e+00
1.000001e+00
1.000000e+00
9.999986e-01
9.999970e-01
9.999949e-01
9.999926e-01
9.999897e-01
9.999864e-01
9.999825e-01
9.999781e-01
9.999729e-01
9.999670e-01
9.999603e-01
9.999528e-01
9.999442e-01
9.999346e-01
9.999238e-01
9.999119e-01
9.998986e-01
9.998840e-01
9.998677e-01
9.998500e-01
9.998304e-01
9.998092e-01
9.997859e-01
9.997608e-01
9.997334e-01
9.997040e-01
9.996722e-01
9.996383e-01
9.996017e-01
9.995629e-01
9.995213e-01
9.994775e-01
9.994307e-01
9.993816e-01
9.993296e-01
9.992752e-01
9.992179e-01
9.991584e-01
9.990959e-01
9.990314e-01
9.989640e-01
9.988948e-01
9.988230e-01
9.987497e-01
9.986739e-01
9.985971e-01
9.985181e-01
9.984386e-01
9.983571e-01
9.982759e-01
9.981930e-01
9.981110e-01
9.980277e-01
9.979462e-01
9.978633e-01
9.977829e-01
9.977000e-01
9.976177e-01
9.975237e-01
9.974080e-01
9.972150e-01
9.968273e-01
9.958885e-01
9.934896e-01
9.871580e-01
9.705826e-01
9.285751e-01
8.316229e-01
6.492463e-01
4.090435e-01
2.071728e-01
9.267295e-02
4.246990e-02
2.390053e-02
1.854871e-02
1.840733e-02
2.028300e-02
2.295074e-02
2.592707e-02
2.903126e-02
3.218140e-02
3.534857e-02
3.851087e-02
4.166076e-02
4.478568e-02
4.788030e-02
5.093361e-02
5.393985e-02
5.688845e-02
5.977319e-02
6.258398e-02
6.531454e-02
6.795560e-02
7.050138e-02
7.294384e-02
7.527827e-02
7.749833e-02
7.960087e-02
8.158160e-02
8.343933e-02
8.517207e-02
8.678074e-02
8.826568e-02
8.962988e-02
9.087579e-02
9.200819e-02
9.303129e-02
9.395119e-02
9.477332e-02
9.550460e-02
9.615112e-02
9.672010e-02
9.721774e-02
9.765111e-02
9.802613e-02
9.834933e-02
9.862606e-02
9.886211e-02
9.906210e-02
9.923095e-02
9.937248e-02
9.949076e-02
9.958882e-02
9.966994e-02
9.973643e-02
9.979087e-02
9.983496e-02
9.987067e-02
9.989923e-02
9.992211e-02
9.994015e-02
9.995445e-02
9.996554e-02
9.997424e-02
9.998085e-02
9.998599e-02
9.998980e-02
9.999274e-02
9.999484e-02
9.999646e-02
9.999756e-02
9.999843e-02
9.999896e-02
9.999940e-02
9.999963e-02
9.999984e-02
9.999991e-02
1.000000e-01
1.000000e-01
1.000001e-01
1.000000e-01
1.000001e-01
1.000000e-01
1.000001e-01
1.000000e-01
1.000000e-01
1.000000e-01
1.000000e-01
1.000000e-01
1.000000e-01
9.999999e-02
1.000000e-01
9.999999e-02
1.000000e-01
9.999999e-02
1.000000e-01
9.999999e-02
1.000000e-01
9.999999e-02
1.000000e-01
9.999999e-02
1.000000e-01
9.999999e-02
1.000000e-01
9.999999e-02
1.000000e-01
9.999999e-02
1.000000e-01
9.999999e-02
1.000000e-01
9.999999e-02
1.000000e-01
9.999999e-02
1.000000e-01
9.999999e-02
1.000000e-01
9.999999e-02
1.000000e-01
9.999999e-02
1.000000e-01
9.999999e-02
1.000000e-01
9.999999e-02
1.000000e-01
9.999999e-02
1.000000e-01
9.999999e-02
1.000000e-01
9.999999e-02
1.000000e-01
9.999999e-02
1.000000e-01
9.999999e-02
1.000000e-01
9.999999e-02
1.000000e-01
9.999999e-02
1.000000e-01
9.999999e-02
1.000000e-01
9.999999e-02
1.000000e-01
9.999999e-02
1.000000e-01
9.999999e-02
1.000000e-01
9.999999e-02
1.000000e-01
9.999999e-02
1.000000e-01
9.999999e-02
1.000000e-01
9.999999e-02
1.000000e-01
9.999999e-02
1.000000e-01
9.999999e-02
1.000000e-01
9.999999e-02
1.000000e-01
9.999999e-02
1.000000e-01
9.999999e-02
1.000000e-01
9.999999e-02
1.000000e-01
9.999999e-02
1.000000e-01
9.999999e-02
1.000000e-01
9.999999e-02
1.000000e-01
9.999999e-02
1.000000e-01
9.999999e-02
1.000000e-01
9.999999e-02
1.000000e-01
9.999999e-02
1.000000e-01
9.999999e-02
1.000000e-01
9.999999e-02
1.000000e-01
1.000000e-01
1.000000e-01
1.000000e-01
1.000000e-01
1.000000e-01
1.000000e-01
1.000000e-01
1.000000e-01
1.000000e-01
1.000000e-01
1.000000e-01
1.000000e-01
1.000000e-01
1.000000e-01
1.000000e-01
1.000000e-01
1.000000e-01
1.000000e-01
1.000000e-01
1.000000e-01
1.000000e-01
1.000000e-01
1.000000e-01
1.000000e-01
1.000000e-01
1.000000e-01
1.000000e-01
1.000000e-01
1.000000e-01
1.000000e-01
1.000000e-01
1.000000e-01
1.000000e-01
1.000000e-01
1.000000e-01
1.000000e-01
1.000000e-01
1.000000e-01
1.000000e-01
1.000000e-01
1.000000e-01
1.000000e-01
1.000000e-01
1.000000e-01
1.000000e-01
1.000000e-01
1.000000e-01
1.000000e-01
1.000000e-01
1.000000e-01
1.000000e-01
1.000000e-01
1.000000e-01
1.000000e-01
1.000000e-01
1.000000e-01
1.000000e-01
1.000000e-01
1.000000e-01
1.000000e-01
1.000000e-01
1.000000e-01
1.000000e-01
1.000000e-01
1.000000e-01
1.000000e-01
1.000000e-01
1.000000e-01
