1.000000e-01
1.000000e-01
1.000000e-01
1.000000e-01
1.000000e-01
1.000000e-01
1.000000e-01
1.000000e-01
1.000000e-01
1.000000e-01
1.000000e-01
1.000000e-01
1.000000e-01
1.000000e-01
1.000000e-01
1.000000e-01
1.000000e-01
1.000000e-01
1.000000e-01
1.000000e-01
1.000000e-01
1.000000e-01
1.000000e-01
1.000000e-01
1.000000e-01
1.000000e-01
1.000000e-01
1.000000e-01
1.000000e-01
1.000000e-01
1.000000e-01
1.000000e-01
1.000000e-01
1.000000e-01
1.000000e-01
1.000000e-01
1.000000e-01
1.000000e-01
1.000000e-01
1.000000e-01
1.000000e-01
1.000000e-01
1.000000e-01
1.000000e-01
1.000000e-01
1.000000e-01
1.000000e-01
1.000000e-01
1.000000e-01
1.000000e-01
1.000000e-01
1.000000e-01
1.000000e-01
1.000000e-01
1.000000e-01
1.000000e-01
1.000000e-01
1.000000e-01
1.000000e-01
1.000000e-01
1.000000e-01
1.000000e-01
1.000000e-01
1.000000e-01
1.000000e-01
1.000000e-01
1.000000e-01
1.000000e-01
1.000000e-01
1.000000e-01
1.000000e-01
1.000000e-01
1.000000e-01
9.999999e-02
1.000000e-01
9.999999e-02
1.000000e-01
9.999999e-02
1.000000e-01
9.999999e-02
1.000000e-01
9.999999e-02
1.000000e-01
9.999999e-02
1.000000e-01
9.999999e-02
1.000000e-01
9.999999e-02
1.000000e-01
9.999999e-02
1.000000e-01
9.999999e-02
1.000000e-01
9.999999e-02
1.000000e-01
9.999999e-02
1.000000e-01
9.999999e-02
1.000000e-01
9.999999e-02
1.000000e-01
9.999999e-02
1.000000e-01
9.999999e-02
1.000000e-01
9.999999e-02
1.000000e-01
9.999999e-02
1.000000e-01
9.999999e-02
1.000000e-01
9.999999e-02
1.000000e-01
9.999999e-02
1.000000e-01
9.999999e-02
1.000000e-01
9.999999e-02
1.000000e-01
9.999999e-02
1.000000e-01
9.999999e-02
1.000000e-01
9.999999e-02
1.000000e-01
9.999999e-02
1.000000e-01
9.999999e-02
1.000000e-01
9.999999e-02
1.000000e-01
9.999999e-02
1.000000e-01
9.999999e-02
1.000000e-01
9.999999e-02
1.000000e-01
9.999999e-02
1.000000e-01
9.999999e-02
1.000000e-01
9.999999e-02
1.000000e-01
9.999999e-02
1.000000e-01
9.999999e-02
1.000000e-01
9.999999e-02
1.000000e-01
9.999999e-02
1.000000e-01
9.999999e-02
1.000000e-01
9.999999e-02
1.000000e-01
9.999999e-02
1.000000e-01
9.999999e-02
1.000000e-01
9.999999e-02
1.000000e-01
9.999999e-02
1.000000e-01
9.999999e-02
1.000000e-01
9.999999e-02
1.000000e-01
9.999998e-02
1.000000e-01
9.999998e-02
1.000000e-01
9.999998e-02
1.000000e-01
9.999998e-02
1.000000e-01
9.999998e-02
1.000000e-01
9.999998e-02
1.000000e-01
9.999998e-02
1.000000e-01
9.999998e-02
1.000000e-01
9.999998e-02
1.000000e-01
9.999998e-02
1.000000e-01
9.999998e-02
1.000000e-01
9.999997e-02
1.000000e-01
9.999997e-02
1.000000e-01
9.999997e-02
1.000000e-01
9.999997e-02
1.000000e-01
9.999996e-02
1.000000e-01
9.999996e-02
1.000000e-01
9.999997e-02
1.000001e-01
1.000000e-01
1.000001e-01
1.000000e-01
1.000001e-01
1.000000e-01
1.000000e-01
9.999980e-02
9.999968e-02
9.999923e-02
9.999892e-02
9.999834e-02
9.999809e-02
9.999787e-02
9.999854e-02
1.000000e-01
1.000034e-01
1.000088e-01
1.000173e-01
1.000287e-01
1.000435e-01
1.000596e-01
1.000751e-01
1.000840e-01
1.000787e-01
1.000454e-01
9.996710e-02
9.981791e-02
9.956726e-02
9.917440e-02
9.859399e-02
9.777146e-02
9.665123e-02
9.517296e-02
9.328274e-02
9.092931e-02
8.807722e-02
8.470083e-02
8.079787e-02
7.637870e-02
7.148014e-02
6.614990e-02
6.046528e-02
5.452052e-02
4.847304e-02
4.258215e-02
3.741084e-02
3.423207e-02
3.618752e-02
5.090620e-02
9.576005e-02
2.019316e-01
3.942202e-01
6.310837e-01
8.179201e-01
9.204754e-01
9.660370e-01
9.845329e-01
9.919588e-01
9.950934e-01
9.966056e-01
9.974835e-01
9.981074e-01
9.986032e-01
9.990262e-01
9.993868e-01
9.996965e-01
9.999538e-01
1.000165e+00
1.000330e+00
1.000456e+00
1.000543e+00
1.000599e+00
1.000626e+00
1.000631e+00
1.000616e+00
1.000588e+00
1.000549e+00
1.000503e+00
1.000453e+00
1.000402e+00
1.000351e+00
1.000302e+00
1.000256e+00
1.000215e+00
1.000177e+00
1.000145e+00
1.000117e+00
1.000093e+00
1.000073e+00
1.000056e+00
1.000043e+00
1.000032e+00
1.000024e+00
1.000017e+00
1.000012e+00
1.000009e+00
1.000006e+00
1.000004e+00
1.000003e+00
1.000002e+00
1.000001e+00
1.000001e+00
1.000000e+00
1.000000e+00
1.000000e+00
1.000000e+00
1.000000e+00
1.000000e+00
1.000000e+00
1.000000e+00
1.000000e+00
1.000000e+00
1.000000e+00
1.000000e+00
1.000000e+00
1.000000e+00
1.000000e+00
1.000000e+00
1.000000e+00
1.000000e+00
1.000000e+00
1.000000e+00
1.000000e+00
1.000000e+00
1.000000e+00
1.000000e+00
1.000000e+00
1.000000e+00
1.000000e+00
1.000000e+00
1.000000e+00
1.000000e+00
1.000000e+00
1.000000e+00
1.000000e+00
1.000000e+00
1.000000e+00
1.000000e+00
1.000000e+00
1.000000e+00
1.000000e+00
1.000000e+00
1.000000e+00
1.000000e+00
1.000000e+00
1.000000e+00
1.000000e+00
1.000000e+00
1.000000e+00
1.000000e+00
1.000000e+00
1.000000e+00
1.000000e+00
1.000000e+00
1.000000e+00
1.000000e+00
1.000000e+00
1.000000e+00
1.000000e+00
1.000000e+00
1.000000e+00
1.000000e+00
1.000000e+00
1.000000e+00
1.000000e+00
1.000000e+00
1.000000e+00
1.000000e+00
1.000000e+00
1.000000e+00
1.000000e+00
1.000000e+00
1.000000e+00
1.000000e+00
1.000000e+00
1.000000e+00
1.000000e+00
1.000000e+00
1.000000e+00
1.000000e+00
1.000000e+00
1.000000e+00
1.000000e+00
1.000000e+00
1.000000e+00
1.000000e+00
1.000000e+00
1.000000e+00
1.000000e+00
1.000000e+00
1.000000e+00
1.000000e+00
1.000000e+00
1.000000e+00
1.000000e+00
1.000000e+00
1.000000e+00
1.000000e+00
1.000000e+00
1.000000e+00
1.000000e+00
1.000000e+00
1.000000e+00
1.000000e+00
1.000000e+00
1.000000e+00
1.000000e+00
1.000000e+00
1.000000e+00
1.000000e+00
1.000000e+00
1.000000e+00
1.000000e+00
1.000000e+00
1.000000e+00
1.000000e+00
1.000000e+00
1.000000e+00
1.000000e+00
1.000000e+00
1.000000e+00
1.000000e+00
1.000000e+00
1.000000e+00
1.000000e+00
1.000000e+00
1.000000e+00
1.000000e+00
1.000000e+00
1.000000e+00
1.000000e+00
1.000000e+00
1.000000e+00
1.000000e+00
1.000000e+00
1.000000e+00
1.000000e+00
1.000000e+00
1.000000e+00
1.000000e+00
1.000000e+00
1.000000e+00
1.000000e+00
1.000000e+00
1.000000e+00
1.000000e+00
1.000000e+00
1.000000e+00
1.000000e+00
1.000000e+00
1.000000e+00
1.000000e+00
1.000000e+00
1.000000e+00
1.000000e+00
1.000000e+00
1.000000e+00
1.000000e+00
1.000000e+00
1.000000e+00
1.000000e+00
1.000000e+00
1.000000e+00
1.000000e+00
1.000000e+00
1.000000e+00
1.000000e+00
1.000000e+00
1.000000e+00
1.000000e+00
1.000000e+00
1.000000e+00
1.000000e+00
1.000000e+00
1.000000e+00
1.000000e+00
1.000000e+00
1.000000e+00
1.000000e+00
1.000000e+00
1.000000e+00
1.000000e+00
1.000000e+00
1.000000e+00
1.000000e+00
1.000000e+00
1.000000e+00
1.000000e+00
1.000000e+00
1.000000e+00
1.000000e+00
1.000000e+00
1.000000e+00
1.000000e+00
1.000000e+00
1.000000e+00
1.000000e+00
1.000000e+00
1.000000e+00
1.000000e+00
1.000000e+00
1.000000e+00
1.000000e+00
1.000000e+00
1.000000e+00
1.000000e+00
1.000000e+00
1.000000e+00
1.000000e+00
1.000000e+00
1.000000e+00
1.000000e+00
1.000000e+00
1.000000e+00
1.000000e+00
1.000000e+00
1.000000e+00
1.000000e+00
1.000000e+00
1.000000e+00
1.000000e+00
1.000000e+00
1.000000e+00
1.000000e+00
1.000000e+00
1.000000e+00
1.000000e+00
1.000000e+00
1.000000e+00
1.000000e+00
1.000000e+00
1.000000e+00
1.000000e+00
1.000000e+00
1.000000e+00
1.000000e+00
1.000000e+00
1.000000e+00
1.000000e+00
1.000000e+00
1.000000e+00
1.000000e+00
1.000000e+00
1.000000e+00
1.000000e+00
1.000000e+00
1.000000e+00
1.000000e+00
1.000000e+00
1.000000e+00
1.000000e+00
1.000000e+00
1.000000e+00
1.000000e+00
1.000000e+00
1.000000e+00
1.000000e+00
1.000000e+00
1.000000e+00
1.000000e+00
1.000000e+00
1.000000e+00
1.000000e+00
1.000000e+00
1.000000e+00
1.000000e+00
1.000000e+00
1.000000e+00
1.000000e+00
1.000000e+00
1.000000e+00
1.000000e+00
1.000000e+00
1.000000e+00
1.000000e+00
1.000000e+00
1.000000e+00
1.000000e+00
1.000000e+00
1.000000e+00
1.000000e+00
1.000000e+00
1.000000e+00
1.000000e+00
1.000000e+00
1.000000e+00
1.000000e+00
1.000000e+00
1.000000e+00
1.000000e+00
1.000000e+00
1.000000e+00
1.000000e+00
1.000000e+00
1.000000e+00
1.000000e+00
1.000000e+00
1.000000e+00
1.000000e+00
1.000000e+00
1.000000e+00
1.000000e+00
1.000000e+00
1.000000e+00
1.000000e+00
1.000000e+00
1.000000e+00
1.000000e+00
1.000000e+00
1.000000e+00
1.000000e+00
1.000000e+00
1.000000e+00
1.000000e+00
1.000000e+00
1.000000e+00
1.000000e+00
1.000000e+00
1.000000e+00
1.000000e+00
1.000000e+00
1.000000e+00
1.000000e+00
1.000000e+00
1.000000e+00
1.000000e+00
1.000000e+00
1.000000e+00
1.000000e+00
1.000000e+00
1.000000e+00
1.000000e+00
1.000000e+00
1.000000e+00
1.000000e+00
1.000000e+00
1.000000e+00
1.000000e+00
1.000000e+00
1.000000e+00
1.000000e+00
1.000000e+00
1.000000e+00
1.000000e+00
1.000000e+00
1.000000e+00
1.000000e+00
1.000000e+00
1.000000e+00
1.000000e+00
1.000000e+00
1.000000e+00
1.000000e+00
1.000000e+00
1.000000e+00
1.000000e+00
1.000000e+00
1.000000e+00
1.000000e+00
1.000000e+00
1.000000e+00
1.000000e+00
1.000000e+00
1.000000e+00
1.000000e+00
1.000000e+00
1.000000e+00
1.000000e+00
1.000000e+00
1.000000e+00
1.000000e+00
1.000000e+00
1.000000e+00
1.000000e+00
1.000000e+00
1.000000e+00
1.000000e+00
1.000000e+00
1.000000e+00
1.000000e+00
1.000000e+00
1.000000e+00
1.000000e+00
1.000000e+00
1.000000e+00
1.000000e+00
1.000000e+00
1.000000e+00
1.000000e+00
1.000000e+00
1.000000e+00
1.000000e+00
1.000000e+00
1.000000e+00
1.000000e+00
1.000000e+00
1.000000e+00
1.000000e+00
1.000000e+00
1.000000e+00
1.000000e+00
1.000000e+00
1.000000e+00
1.000000e+00
1.000000e+00
1.000000e+00
1.000000e+00
1.000000e+00
1.000000e+00
1.000000e+00
1.000000e+00
1.000000e+00
1.000000e+00
1.000000e+00
1.000000e+00
1.000000e+00
1.000000e+00
1.000001e+00
1.000001e+00
1.000002e+00
1.000003e+00
1.000004e+00
1.000006e+00
1.000009e+00
1.000012e+00
1.000017e+00
1.000024e+00
1.000032e+00
1.000043e+00
1.000056e+00
1.000073e+00
1.000093e+00
1.000117e+00
1.000145e+00
1.000177e+00
1.000215e+00
1.000256e+00
1.000302e+00
1.000351e+00
1.000402e+00
1.000453e+00
1.000503e+00
1.000549e+00
1.000588e+00
1.000616e+00
1.000631e+00
1.000626e+00
1.000599e+00
1.000543e+00
1.000456e+00
1.000330e+00
1.000165e+00
9.999538e-01
9.996965e-01
9.993868e-01
9.990262e-01
9.986032e-01
9.981074e-01
9.974835e-01
9.966056e-01
9.950934e-01
9.919588e-01
9.845329e-01
9.660370e-01
9.204754e-01
8.179201e-01
6.310837e-01
3.942202e-01
2.019316e-01
9.576005e-02
5.090620e-02
3.618752e-02
3.423207e-02
3.741084e-02
4.258215e-02
4.847304e-02
5.452052e-02
6.046528e-02
6.614990e-02
7.148014e-02
7.637870e-02
8.079787e-02
8.470083e-02
8.807722e-02
9.092931e-02
9.328274e-02
9.517296e-02
9.665123e-02
9.777146e-02
9.859399e-02
9.917440e-02
9.956726e-02
9.981791e-02
9.996710e-02
1.000454e-01
1.000787e-01
1.000840e-01
1.000751e-01
1.000596e-01
1.000435e-01
1.000287e-01
1.000173e-01
1.000088e-01
1.000034e-01
1.000000e-01
9.999854e-02
9.999787e-02
9.999809e-02
9.999834e-02
9.999892e-02
9.999923e-02
9.999968e-02
9.999980e-02
1.000000e-01
1.000000e-01
1.000001e-01
1.000000e-01
1.000001e-01
1.000000e-01
1.000001e-01
9.999997e-02
1.000000e-01
9.999996e-02
1.000000e-01
9.999996e-02
1.000000e-01
9.999997e-02
1.000000e-01
9.999997e-02
1.000000e-01
9.999997e-02
1.000000e-01
9.999997e-02
1.000000e-01
9.999998e-02
1.000000e-01
9.999998e-02
1.000000e-01
9.999998e-02
1.000000e-01
9.999998e-02
1.000000e-01
9.999998e-02
1.000000e-01
9.999998e-02
1.000000e-01
9.999998e-02
1.000000e-01
9.999998e-02
1.000000e-01
9.999998e-02
1.000000e-01
9.999998e-02
1.000000e-01
9.999998e-02
1.000000e-01
9.999999e-02
1.000000e-01
9.999999e-02
1.000000e-01
9.999999e-02
1.000000e-01
9.999999e-02
1.000000e-01
9.999999e-02
1.000000e-01
9.999999e-02
1.000000e-01
9.999999e-02
1.000000e-01
9.999999e-02
1.000000e-01
9.999999e-02
1.000000e-01
9.999999e-02
1.000000e-01
9.999999e-02
1.000000e-01
9.999999e-02
1.000000e-01
9.999999e-02
1.000000e-01
9.999999e-02
1.000000e-01
9.999999e-02
1.000000e-01
9.999999e-02
1.000000e-01
9.999999e-02
1.000000e-01
9.999999e-02
1.000000e-01
9.999999e-02
1.000000e-01
9.999999e-02
1.000000e-01
9.999999e-02
1.000000e-01
9.999999e-02
1.000000e-01
9.999999e-02
1.000000e-01
9.999999e-02
1.000000e-01
9.999999e-02
1.000000e-01
9.999999e-02
1.000000e-01
9.999999e-02
1.000000e-01
9.999999e-02
1.000000e-01
9.999999e-02
1.000000e-01
9.999999e-02
1.000000e-01
9.999999e-02
1.000000e-01
9.999999e-02
1.000000e-01
9.999999e-02
1.000000e-01
9.999999e-02
1.000000e-01
9.999999e-02
1.000000e-01
9.999999e-02
1.000000e-01
9.999999e-02
1.000000e-01
9.999999e-02
1.000000e-01
9.999999e-02
1.000000e-01
9.999999e-02
1.000000e-01
9.999999e-02
1.000000e-01
9.999999e-02
1.000000e-01
9.999999e-02
1.000000e-01
9.999999e-02
1.000000e-01
9.999999e-02
1.000000e-01
9.999999e-02
1.000000e-01
9.999999e-02
1.000000e-01
1.000000e-01
1.000000e-01
1.000000e-01
1.000000e-01
1.000000e-01
1.000000e-01
1.000000e-01
1.000000e-01
1.000000e-01
1.000000e-01
1.000000e-01
1.000000e-01
1.000000e-01
1.000000e-01
1.000000e-01
1.000000e-01
1.000000e-01
1.000000e-01
1.000000e-01
1.000000e-01
1.000000e-01
1.000000e-01
1.000000e-01
1.000000e-01
1.000000e-01
1.000000e-01
1.000000e-01
1.000000e-01
1.000000e-01
1.000000e-01
1.000000e-01
1.000000e-01
1.000000e-01
1.000000e-01
1.000000e-01
1.000000e-01
1.000000e-01
1.000000e-01
1.000000e-01
1.000000e-01
1.000000e-01
1.000000e-01
1.000000e-01
1.000000e-01
1.000000e-01
1.000000e-01
1.000000e-01
1.000000e-01
1.000000e-01
1.000000e-01
1.000000e-01
1.000000e-01
1.000000e-01
1.000000e-01
1.000000e-01
1.000000e-01
1.000000e-01
1.000000e-01
1.000000e-01
1.000000e-01
1.000000e-01
1.000000e-01
1.000000e-01
1.000000e-01
1.000000e-01
1.000000e-01
1.000000e-01
1.000000e-01
1.000000e-01
1.000000e-01
1.000000e-01
