1.000000e-01
1.000000e-01
1.000000e-01
1.000000e-01
1.000000e-01
1.000000e-01
1.000000e-01
1.000000e-01
1.000000e-01
1.000000e-01
1.000000e-01
1.000000e-01
1.000000e-01
1.000000e-01
1.000000e-01
1.000000e-01
1.000000e-01
1.000000e-01
1.000000e-01
1.000000e-01
1.000000e-01
1.000000e-01
1.000000e-01
1.000000e-01
1.000000e-01
1.000000e-01
1.000000e-01
1.000000e-01
1.000000e-01
1.000000e-01
1.000000e-01
1.000000e-01
1.000000e-01
1.000000e-01
1.000000e-01
1.000000e-01
1.000000e-01
1.000000e-01
1.000000e-01
1.000000e-01
1.000000e-01
1.000000e-01
1.000000e-01
1.000000e-01
1.000000e-01
1.000000e-01
1.000000e-01
1.000000e-01
1.000000e-01
1.000000e-01
1.000000e-01
1.000000e-01
1.000000e-01
1.000000e-01
1.000000e-01
1.000000e-01
1.000000e-01
1.000000e-01
1.000000e-01
1.000000e-01
1.000000e-01
1.000000e-01
1.000000e-01
1.000000e-01
1.000000e-01
1.000000e-01
1.000000e-01
1.000000e-01
1.000000e-01
1.000000e-01
1.000000e-01
1.000000e-01
1.000000e-01
1.000000e-01
1.000000e-01
1.000000e-01
1.000000e-01
1.000000e-01
1.000000e-01
1.000000e-01
1.000000e-01
1.000000e-01
1.000000e-01
1.000000e-01
1.000000e-01
1.000000e-01
1.000000e-01
1.000000e-01
1.000000e-01
1.000000e-01
1.000000e-01
1.000000e-01
1.000000e-01
1.000000e-01
1.000000e-01
1.000000e-01
1.000000e-01
1.000000e-01
1.000000e-01
1.000000e-01
1.000000e-01
1.000000e-01
1.000000e-01
1.000000e-01
1.000000e-01
1.000000e-01
1.000000e-01
1.000000e-01
1.000000e-01
1.000000e-01
1.000000e-01
1.000000e-01
1.000000e-01
1.000000e-01
1.000000e-01
1.000000e-01
1.000000e-01
1.000000e-01
1.000000e-01
1.000000e-01
1.000000e-01
1.000000e-01
1.000000e-01
1.000000e-01
1.000000e-01
1.000000e-01
1.000000e-01
1.000000e-01
1.000000e-01
1.000000e-01
1.000000e-01
1.000000e-01
1.000000e-01
1.000000e-01
1.000000e-01
1.000000e-01
1.000000e-01
1.000000e-01
1.000000e-01
1.000000e-01
1.000000e-01
1.000000e-01
1.000000e-01
1.000000e-01
1.000000e-01
1.000000e-01
1.000000e-01
1.000000e-01
1.000000e-01
1.000000e-01
1.000000e-01
1.000000e-01
1.000000e-01
1.000000e-01
1.000000e-01
1.000000e-01
1.000000e-01
1.000000e-01
1.000000e-01
1.000000e-01
1.000000e-01
1.000000e-01
1.000000e-01
1.000000e-01
1.000000e-01
1.000000e-01
1.000000e-01
1.000000e-01
1.000000e-01
1.000000e-01
1.000000e-01
1.000000e-01
1.000000e-01
1.000000e-01
1.000000e-01
1.000000e-01
1.000000e-01
1.000000e-01
1.000000e-01
1.000000e-01
1.000000e-01
1.000000e-01
9.999999e-02
1.000000e-01
9.999999e-02
9.999999e-02
9.999997e-02
9.999998e-02
9.999996e-02
9.999997e-02
9.999995e-02
9.999997e-02
9.999998e-02
1.000000e-01
1.000001e-01
1.000003e-01
1.000004e-01
1.000007e-01
1.000010e-01
1.000015e-01
1.000020e-01
1.000027e-01
1.000033e-01
1.000038e-01
1.000040e-01
1.000036e-01
1.000021e-01
9.999888e-02
9.999297e-02
9.998319e-02
9.996769e-02
9.994435e-02
9.991011e-02
9.986142e-02
9.979346e-02
9.970069e-02
9.957599e-02
9.941127e-02
9.919661e-02
9.892098e-02
9.857139e-02
9.813387e-02
9.759262e-02
9.693127e-02
9.613217e-02
9.517798e-02
9.405091e-02
9.273475e-02
9.121401e-02
8.947620e-02
8.751061e-02
8.531088e-02
8.287313e-02
8.019868e-02
7.729133e-02
7.416033e-02
7.081659e-02
6.727624e-02
6.355558e-02
5.967579e-02
5.565642e-02
5.152237e-02
4.729590e-02
4.300892e-02
3.869662e-02
3.442860e-02
3.033050e-02
2.671483e-02
2.432265e-02
2.507668e-02
3.378746e-02
6.220939e-02
1.349878e-01
2.863485e-01
5.147908e-01
7.382093e-01
8.814520e-01
9.501683e-01
9.786387e-01
9.897441e-01
9.940442e-01
9.957569e-01
9.965106e-01
9.969049e-01
9.971693e-01
9.973833e-01
9.975791e-01
9.977652e-01
9.979459e-01
9.981208e-01
9.982902e-01
9.984528e-01
9.986084e-01
9.987562e-01
9.988959e-01
9.990268e-01
9.991491e-01
9.992623e-01
9.993666e-01
9.994619e-01
9.995485e-01
9.996266e-01
9.996965e-01
9.997585e-01
9.998131e-01
9.998608e-01
9.999019e-01
9.999370e-01
9.999666e-01
9.999912e-01
1.000011e+00
1.000027e+00
1.000040e+00
1.000049e+00
1.000056e+00
1.000060e+00
1.000063e+00
1.000064e+00
1.000063e+00
1.000061e+00
1.000059e+00
1.000056e+00
1.000053e+00
1.000049e+00
1.000045e+00
1.000041e+00
1.000038e+00
1.000034e+00
1.000030e+00
1.000027e+00
1.000024e+00
1.000021e+00
1.000018e+00
1.000016e+00
1.000014e+00
1.000012e+00
1.000010e+00
1.000009e+00
1.000007e+00
1.000006e+00
1.000005e+00
1.000004e+00
1.000004e+00
1.000003e+00
1.000002e+00
1.000002e+00
1.000002e+00
1.000001e+00
1.000001e+00
1.000001e+00
1.000001e+00
1.000001e+00
1.000000e+00
1.000000e+00
1.000000e+00
1.000000e+00
1.000000e+00
1.000000e+00
1.000000e+00
1.000000e+00
1.000000e+00
1.000000e+00
1.000000e+00
1.000000e+00
1.000000e+00
1.000000e+00
1.000000e+00
1.000000e+00
1.000000e+00
1.000000e+00
1.000000e+00
1.000000e+00
1.000000e+00
1.000000e+00
1.000000e+00
1.000000e+00
1.000000e+00
1.000000e+00
1.000000e+00
1.000000e+00
1.000000e+00
1.000000e+00
1.000000e+00
1.000000e+00
1.000000e+00
1.000000e+00
1.000000e+00
1.000000e+00
1.000000e+00
1.000000e+00
1.000000e+00
1.000000e+00
1.000000e+00
1.000000e+00
1.000000e+00
1.000000e+00
1.000000e+00
1.000000e+00
1.000000e+00
1.000000e+00
1.000000e+00
1.000000e+00
1.000000e+00
1.000000e+00
1.000000e+00
1.000000e+00
1.000000e+00
1.000000e+00
1.000000e+00
1.000000e+00
1.000000e+00
1.000000e+00
1.000000e+00
1.000000e+00
1.000000e+00
1.000000e+00
1.000000e+00
1.000000e+00
1.000000e+00
1.000000e+00
1.000000e+00
1.000000e+00
1.000000e+00
1.000000e+00
1.000000e+00
1.000000e+00
1.000000e+00
1.000000e+00
1.000000e+00
1.000000e+00
1.000000e+00
1.000000e+00
1.000000e+00
1.000000e+00
1.000000e+00
1.000000e+00
1.000000e+00
1.000000e+00
1.000000e+00
1.000000e+00
1.000000e+00
1.000000e+00
1.000000e+00
1.000000e+00
1.000000e+00
1.000000e+00
1.000000e+00
1.000000e+00
1.000000e+00
1.000000e+00
1.000000e+00
1.000000e+00
1.000000e+00
1.000000e+00
1.000000e+00
1.000000e+00
1.000000e+00
1.000000e+00
1.000000e+00
1.000000e+00
1.000000e+00
1.000000e+00
1.000000e+00
1.000000e+00
1.000000e+00
1.000000e+00
1.000000e+00
1.000000e+00
1.000000e+00
1.000000e+00
1.000000e+00
1.000000e+00
1.000000e+00
1.000000e+00
1.000000e+00
1.000000e+00
1.000000e+00
1.000000e+00
1.000000e+00
1.000000e+00
1.000000e+00
1.000000e+00
1.000000e+00
1.000000e+00
1.000000e+00
1.000000e+00
1.000000e+00
1.000000e+00
1.000000e+00
1.000000e+00
1.000000e+00
1.000000e+00
1.000000e+00
1.000000e+00
1.000000e+00
1.000000e+00
1.000000e+00
1.000000e+00
1.000000e+00
1.000000e+00
1.000000e+00
1.000000e+00
1.000000e+00
1.000000e+00
1.000000e+00
1.000000e+00
1.000000e+00
1.000000e+00
1.000000e+00
1.000000e+00
1.000000e+00
1.000000e+00
1.000000e+00
1.000000e+00
1.000000e+00
1.000000e+00
1.000000e+00
1.000000e+00
1.000000e+00
1.000000e+00
1.000000e+00
1.000000e+00
1.000000e+00
1.000000e+00
1.000000e+00
1.000000e+00
1.000000e+00
1.000000e+00
1.000000e+00
1.000000e+00
1.000000e+00
1.000000e+00
1.000000e+00
1.000000e+00
1.000000e+00
1.000000e+00
1.000000e+00
1.000000e+00
1.000000e+00
1.000000e+00
1.000000e+00
1.000000e+00
1.000000e+00
1.000000e+00
1.000000e+00
1.000000e+00
1.000000e+00
1.000000e+00
1.000000e+00
1.000000e+00
1.000000e+00
1.000000e+00
1.000000e+00
1.000000e+00
1.000000e+00
1.000000e+00
1.000000e+00
1.000000e+00
1.000000e+00
1.000000e+00
1.000000e+00
1.000000e+00
1.000000e+00
1.000000e+00
1.000000e+00
1.000000e+00
1.000000e+00
1.000000e+00
1.000000e+00
1.000000e+00
1.000000e+00
1.000000e+00
1.000000e+00
1.000000e+00
1.000000e+00
1.000000e+00
1.000000e+00
1.000000e+00
1.000000e+00
1.000000e+00
1.000000e+00
1.000000e+00
1.000000e+00
1.000000e+00
1.000000e+00
1.000000e+00
1.000000e+00
1.000000e+00
1.000000e+00
1.000000e+00
1.000000e+00
1.000000e+00
1.000000e+00
1.000000e+00
1.000000e+00
1.000000e+00
1.000000e+00
1.000000e+00
1.000000e+00
1.000000e+00
1.000000e+00
1.000000e+00
1.000000e+00
1.000000e+00
1.000000e+00
1.000000e+00
1.000000e+00
1.000000e+00
1.000000e+00
1.000000e+00
1.000000e+00
1.000000e+00
1.000000e+00
1.000000e+00
1.000000e+00
1.000000e+00
1.000000e+00
1.000000e+00
1.000000e+00
1.000000e+00
1.000000e+00
1.000000e+00
1.000000e+00
1.000000e+00
1.000000e+00
1.000000e+00
1.000000e+00
1.000000e+00
1.000000e+00
1.000000e+00
1.000000e+00
1.000000e+00
1.000000e+00
1.000000e+00
1.000000e+00
1.000000e+00
1.000000e+00
1.000000e+00
1.000000e+00
1.000000e+00
1.000000e+00
1.000000e+00
1.000000e+00
1.000000e+00
1.000000e+00
1.000000e+00
1.000000e+00
1.000000e+00
1.000000e+00
1.000000e+00
1.000000e+00
1.000000e+00
1.000000e+00
1.000000e+00
1.000000e+00
1.000000e+00
1.000000e+00
1.000000e+00
1.000000e+00
1.000000e+00
1.000000e+00
1.000000e+00
1.000000e+00
1.000000e+00
1.000000e+00
1.000000e+00
1.000000e+00
1.000000e+00
1.000000e+00
1.000000e+00
1.000000e+00
1.000000e+00
1.000000e+00
1.000000e+00
1.000000e+00
1.000000e+00
1.000000e+00
1.000000e+00
1.000000e+00
1.000000e+00
1.000000e+00
1.000000e+00
1.000000e+00
1.000000e+00
1.000000e+00
1.000000e+00
1.000000e+00
1.000000e+00
1.000000e+00
1.000000e+00
1.000000e+00
1.000000e+00
1.000000e+00
1.000000e+00
1.000000e+00
1.000000e+00
1.000000e+00
1.000000e+00
1.000000e+00
1.000000e+00
1.000000e+00
1.000000e+00
1.000000e+00
1.000000e+00
1.000000e+00
1.000000e+00
1.000000e+00
1.000000e+00
1.000000e+00
1.000000e+00
1.000000e+00
1.000000e+00
1.000000e+00
1.000001e+00
1.000001e+00
1.000001e+00
1.000001e+00
1.000001e+00
1.000002e+00
1.000002e+00
1.000002e+00
1.000003e+00
1.000004e+00
1.000004e+00
1.000005e+00
1.000006e+00
1.000007e+00
1.000009e+00
1.000010e+00
1.000012e+00
1.000014e+00
1.000016e+00
1.000018e+00
1.000021e+00
1.000024e+00
1.000027e+00
1.000030e+00
1.000034e+00
1.000038e+00
1.000041e+00
1.000045e+00
1.000049e+00
1.000053e+00
1.000056e+00
1.000059e+00
1.000061e+00
1.000063e+00
1.000064e+00
1.000063e+00
1.000060e+00
1.000056e+00
1.000049e+00
1.000040e+00
1.000027e+00
1.000011e+00
9.999912e-01
9.999666e-01
9.999370e-01
9.999019e-01
9.998608e-01
9.998131e-01
9.997585e-01
9.996965e-01
9.996266e-01
9.995485e-01
9.994619e-01
9.993666e-01
9.992623e-01
9.991491e-01
9.990268e-01
9.988959e-01
9.987562e-01
9.986084e-01
9.984528e-01
9.982902e-01
9.981208e-01
9.979459e-01
9.977652e-01
9.975791e-01
9.973833e-01
9.971693e-01
9.969049e-01
9.965106e-01
9.957569e-01
9.940442e-01
9.897441e-01
9.786387e-01
9.501683e-01
8.814520e-01
7.382093e-01
5.147908e-01
2.863485e-01
1.349878e-01
6.220939e-02
3.378746e-02
2.507668e-02
2.432265e-02
2.671483e-02
3.033050e-02
3.442860e-02
3.869662e-02
4.300892e-02
4.729590e-02
5.152237e-02
5.565642e-02
5.967579e-02
6.355558e-02
6.727624e-02
7.081659e-02
7.416033e-02
7.729133e-02
8.019868e-02
8.287313e-02
8.531088e-02
8.751061e-02
8.947620e-02
9.121401e-02
9.273475e-02
9.405091e-02
9.517798e-02
9.613217e-02
9.693127e-02
9.759262e-02
9.813387e-02
9.857139e-02
9.892098e-02
9.919661e-02
9.941127e-02
9.957599e-02
9.970069e-02
9.979346e-02
9.986142e-02
9.991011e-02
9.994435e-02
9.996769e-02
9.998319e-02
9.999297e-02
9.999888e-02
1.000021e-01
1.000036e-01
1.000040e-01
1.000038e-01
1.000033e-01
1.000027e-01
1.000020e-01
1.000015e-01
1.000010e-01
1.000007e-01
1.000004e-01
1.000003e-01
1.000001e-01
1.000000e-01
9.999998e-02
9.999997e-02
9.999995e-02
9.999997e-02
9.999996e-02
9.999998e-02
9.999997e-02
9.999999e-02
9.999999e-02
1.000000e-01
9.999999e-02
1.000000e-01
1.000000e-01
1.000000e-01
1.000000e-01
1.000000e-01
1.000000e-01
1.000000e-01
1.000000e-01
1.000000e-01
1.000000e-01
1.000000e-01
1.000000e-01
1.000000e-01
1.000000e-01
1.000000e-01
1.000000e-01
1.000000e-01
1.000000e-01
1.000000e-01
1.000000e-01
1.000000e-01
1.000000e-01
1.000000e-01
1.000000e-01
1.000000e-01
1.000000e-01
1.000000e-01
1.000000e-01
1.000000e-01
1.000000e-01
1.000000e-01
1.000000e-01
1.000000e-01
1.000000e-01
1.000000e-01
1.000000e-01
1.000000e-01
1.000000e-01
1.000000e-01
1.000000e-01
1.000000e-01
1.000000e-01
1.000000e-01
1.000000e-01
1.000000e-01
1.000000e-01
1.000000e-01
1.000000e-01
1.000000e-01
1.000000e-01
1.000000e-01
1.000000e-01
1.000000e-01
1.000000e-01
1.000000e-01
1.000000e-01
1.000000e-01
1.000000e-01
1.000000e-01
1.000000e-01
1.000000e-01
1.000000e-01
1.000000e-01
1.000000e-01
1.000000e-01
1.000000e-01
1.000000e-01
1.000000e-01
1.000000e-01
1.000000e-01
1.000000e-01
1.000000e-01
1.000000e-01
1.000000e-01
1.000000e-01
1.000000e-01
1.000000e-01
1.000000e-01
1.000000e-01
1.000000e-01
1.000000e-01
1.000000e-01
1.000000e-01
1.000000e-01
1.000000e-01
1.000000e-01
1.000000e-01
1.000000e-01
1.000000e-01
1.000000e-01
1.000000e-01
1.000000e-01
1.000000e-01
1.000000e-01
1.000000e-01
1.000000e-01
1.000000e-01
1.000000e-01
1.000000e-01
1.000000e-01
1.000000e-01
1.000000e-01
1.000000e-01
1.000000e-01
1.000000e-01
1.000000e-01
1.000000e-01
1.000000e-01
1.000000e-01
1.000000e-01
1.000000e-01
1.000000e-01
1.000000e-01
1.000000e-01
1.000000e-01
1.000000e-01
1.000000e-01
1.000000e-01
1.000000e-01
1.000000e-01
1.000000e-01
1.000000e-01
1.000000e-01
1.000000e-01
1.000000e-01
1.000000e-01
1.000000e-01
1.000000e-01
1.000000e-01
1.000000e-01
1.000000e-01
1.000000e-01
1.000000e-01
1.000000e-01
1.000000e-01
1.000000e-01
1.000000e-01
1.000000e-01
1.000000e-01
1.000000e-01
1.000000e-01
1.000000e-01
1.000000e-01
1.000000e-01
1.000000e-01
1.000000e-01
1.000000e-01
1.000000e-01
1.000000e-01
1.000000e-01
1.000000e-01
1.000000e-01
1.000000e-01
1.000000e-01
1.000000e-01
1.000000e-01
1.000000e-01
1.000000e-01
1.000000e-01
1.000000e-01
1.000000e-01
1.000000e-01
1.000000e-01
1.000000e-01
1.000000e-01
1.000000e-01
1.000000e-01
1.000000e-01
1.000000e-01
1.000000e-01
1.000000e-01
1.000000e-01
1.000000e-01
1.000000e-01
1.000000e-01
1.000000e-01
1.000000e-01
1.000000e-01
1.000000e-01
1.000000e-01
1.000000e-01
