1.000000e-01
1.000000e-01
1.000000e-01
1.000000e-01
1.000000e-01
1.000000e-01
1.000000e-01
1.000000e-01
1.000000e-01
1.000000e-01
1.000000e-01
1.000000e-01
1.000000e-01
1.000000e-01
1.000000e-01
1.000000e-01
1.000000e-01
1.000000e-01
1.000000e-01
1.000000e-01
1.000000e-01
1.000000e-01
1.000000e-01
1.000000e-01
1.000000e-01
1.000000e-01
1.000000e-01
1.000000e-01
1.000000e-01
1.000000e-01
1.000000e-01
1.000000e-01
1.000000e-01
1.000000e-01
1.000000e-01
1.000000e-01
1.000000e-01
1.000000e-01
1.000000e-01
1.000000e-01
1.000000e-01
1.000000e-01
1.000000e-01
1.000000e-01
1.000000e-01
1.000000e-01
1.000000e-01
1.000000e-01
1.000000e-01
1.000000e-01
1.000000e-01
1.000000e-01
1.000000e-01
1.000000e-01
1.000000e-01
1.000000e-01
1.000000e-01
1.000000e-01
1.000000e-01
1.000000e-01
1.000000e-01
1.000000e-01
1.000000e-01
1.000000e-01
1.000000e-01
1.000000e-01
1.000000e-01
1.000000e-01
1.000000e-01
1.000000e-01
1.000000e-01
1.000000e-01
1.000000e-01
1.000000e-01
1.000000e-01
1.000000e-01
1.000000e-01
1.000000e-01
1.000000e-01
1.000000e-01
1.000000e-01
1.000000e-01
1.000000e-01
1.000000e-01
1.000000e-01
1.000000e-01
1.000000e-01
1.000000e-01
1.000000e-01
1.000000e-01
1.000000e-01
1.000000e-01
1.000000e-01
1.000000e-01
1.000000e-01
1.000000e-01
1.000000e-01
1.000000e-01
1.000000e-01
1.000000e-01
1.000000e-01
1.000000e-01
1.000000e-01
1.000000e-01
1.000000e-01
1.000000e-01
1.000000e-01
1.000000e-01
1.000000e-01
1.000000e-01
1.000000e-01
1.000000e-01
1.000000e-01
1.000000e-01
1.000000e-01
1.000000e-01
1.000000e-01
1.000000e-01
1.000000e-01
1.000000e-01
1.000000e-01
1.000000e-01
1.000000e-01
1.000000e-01
1.000000e-01
1.000000e-01
9.999999e-02
1.000000e-01
9.999999e-02
1.000000e-01
9.999999e-02
1.000000e-01
9.999999e-02
1.000000e-01
9.999999e-02
1.000000e-01
9.999999e-02
1.000000e-01
9.999999e-02
1.000000e-01
9.999999e-02
1.000000e-01
9.999999e-02
1.000000e-01
9.999999e-02
1.000000e-01
9.999999e-02
1.000000e-01
9.999999e-02
1.000000e-01
9.999999e-02
1.000000e-01
9.999999e-02
1.000000e-01
9.999999e-02
1.000000e-01
9.999999e-02
1.000000e-01
9.999999e-02
1.000000e-01
9.999999e-02
1.000000e-01
9.999999e-02
1.000000e-01
9.999999e-02
1.000000e-01
9.999999e-02
1.000000e-01
9.999999e-02
1.000000e-01
9.999999e-02
1.000000e-01
9.999999e-02
1.000000e-01
9.999999e-02
1.000000e-01
9.999999e-02
1.000000e-01
9.999998e-02
1.000000e-01
9.999998e-02
1.000000e-01
9.999997e-02
1.000000e-01
9.999998e-02
1.000000e-01
1.000000e-01
1.000001e-01
1.000001e-01
1.000002e-01
1.000003e-01
1.000004e-01
1.000006e-01
1.000008e-01
1.000010e-01
1.000013e-01
1.000014e-01
1.000016e-01
1.000015e-01
1.000012e-01
1.000002e-01
9.999851e-02
9.999539e-02
9.999051e-02
9.998285e-02
9.997161e-02
9.995520e-02
9.993215e-02
9.990001e-02
9.985635e-02
9.979753e-02
9.971981e-02
9.961798e-02
9.948661e-02
9.931858e-02
9.910647e-02
9.884098e-02
9.851256e-02
9.810974e-02
9.762099e-02
9.703302e-02
9.633296e-02
9.550652e-02
9.454059e-02
9.342123e-02
9.213663e-02
9.067484e-02
8.902712e-02
8.718519e-02
8.514495e-02
8.290306e-02
8.046108e-02
7.782112e-02
7.499060e-02
7.197675e-02
6.879216e-02
6.544802e-02
6.196093e-02
5.834441e-02
5.461778e-02
5.079550e-02
4.689928e-02
4.294498e-02
3.896155e-02
3.497846e-02
3.106691e-02
2.735721e-02
2.419371e-02
2.239957e-02
2.413557e-02
3.480699e-02
6.751315e-02
1.489056e-01
3.123898e-01
5.466572e-01
7.624355e-01
8.943338e-01
9.558816e-01
9.810413e-01
9.907927e-01
9.945457e-01
9.960304e-01
9.966721e-01
9.970019e-01
9.972173e-01
9.973914e-01
9.975498e-01
9.977025e-01
9.978516e-01
9.979984e-01
9.981418e-01
9.982821e-01
9.984180e-01
9.985497e-01
9.986760e-01
9.987971e-01
9.989120e-01
9.990212e-01
9.991238e-01
9.992203e-01
9.993100e-01
9.993935e-01
9.994704e-01
9.995413e-01
9.996058e-01
9.996645e-01
9.997174e-01
9.997651e-01
9.998074e-01
9.998450e-01
9.998779e-01
9.999067e-01
9.999315e-01
9.999529e-01
9.999709e-01
9.999861e-01
9.999985e-01
1.000009e+00
1.000017e+00
1.000023e+00
1.000028e+00
1.000031e+00
1.000033e+00
1.000034e+00
1.000034e+00
1.000034e+00
1.000033e+00
1.000032e+00
1.000031e+00
1.000029e+00
1.000027e+00
1.000025e+00
1.000023e+00
1.000021e+00
1.000019e+00
1.000017e+00
1.000015e+00
1.000014e+00
1.000012e+00
1.000011e+00
1.000010e+00
1.000008e+00
1.000007e+00
1.000006e+00
1.000005e+00
1.000005e+00
1.000004e+00
1.000003e+00
1.000003e+00
1.000002e+00
1.000002e+00
1.000002e+00
1.000001e+00
1.000001e+00
1.000001e+00
1.000001e+00
1.000001e+00
1.000001e+00
1.000000e+00
1.000000e+00
1.000000e+00
1.000000e+00
1.000000e+00
1.000000e+00
1.000000e+00
1.000000e+00
1.000000e+00
1.000000e+00
1.000000e+00
1.000000e+00
1.000000e+00
1.000000e+00
1.000000e+00
1.000000e+00
1.000000e+00
1.000000e+00
1.000000e+00
1.000000e+00
1.000000e+00
1.000000e+00
1.000000e+00
1.000000e+00
1.000000e+00
1.000000e+00
1.000000e+00
1.000000e+00
1.000000e+00
1.000000e+00
1.000000e+00
1.000000e+00
1.000000e+00
1.000000e+00
1.000000e+00
1.000000e+00
1.000000e+00
1.000000e+00
1.000000e+00
1.000000e+00
1.000000e+00
1.000000e+00
1.000000e+00
1.000000e+00
1.000000e+00
1.000000e+00
1.000000e+00
1.000000e+00
1.000000e+00
1.000000e+00
1.000000e+00
1.000000e+00
1.000000e+00
1.000000e+00
1.000000e+00
1.000000e+00
1.000000e+00
1.000000e+00
1.000000e+00
1.000000e+00
1.000000e+00
1.000000e+00
1.000000e+00
1.000000e+00
1.000000e+00
1.000000e+00
1.000000e+00
1.000000e+00
1.000000e+00
1.000000e+00
1.000000e+00
1.000000e+00
1.000000e+00
1.000000e+00
1.000000e+00
1.000000e+00
1.000000e+00
1.000000e+00
1.000000e+00
1.000000e+00
1.000000e+00
1.000000e+00
1.000000e+00
1.000000e+00
1.000000e+00
1.000000e+00
1.000000e+00
1.000000e+00
1.000000e+00
1.000000e+00
1.000000e+00
1.000000e+00
1.000000e+00
1.000000e+00
1.000000e+00
1.000000e+00
1.000000e+00
1.000000e+00
1.000000e+00
1.000000e+00
1.000000e+00
1.000000e+00
1.000000e+00
1.000000e+00
1.000000e+00
1.000000e+00
1.000000e+00
1.000000e+00
1.000000e+00
1.000000e+00
1.000000e+00
1.000000e+00
1.000000e+00
1.000000e+00
1.000000e+00
1.000000e+00
1.000000e+00
1.000000e+00
1.000000e+00
1.000000e+00
1.000000e+00
1.000000e+00
1.000000e+00
1.000000e+00
1.000000e+00
1.000000e+00
1.000000e+00
1.000000e+00
1.000000e+00
1.000000e+00
1.000000e+00
1.000000e+00
1.000000e+00
1.000000e+00
1.000000e+00
1.000000e+00
1.000000e+00
1.000000e+00
1.000000e+00
1.000000e+00
1.000000e+00
1.000000e+00
1.000000e+00
1.000000e+00
1.000000e+00
1.000000e+00
1.000000e+00
1.000000e+00
1.000000e+00
1.000000e+00
1.000000e+00
1.000000e+00
1.000000e+00
1.000000e+00
1.000000e+00
1.000000e+00
1.000000e+00
1.000000e+00
1.000000e+00
1.000000e+00
1.000000e+00
1.000000e+00
1.000000e+00
1.000000e+00
1.000000e+00
1.000000e+00
1.000000e+00
1.000000e+00
1.000000e+00
1.000000e+00
1.000000e+00
1.000000e+00
1.000000e+00
1.000000e+00
1.000000e+00
1.000000e+00
1.000000e+00
1.000000e+00
1.000000e+00
1.000000e+00
1.000000e+00
1.000000e+00
1.000000e+00
1.000000e+00
1.000000e+00
1.000000e+00
1.000000e+00
1.000000e+00
1.000000e+00
1.000000e+00
1.000000e+00
1.000000e+00
1.000000e+00
1.000000e+00
1.000000e+00
1.000000e+00
1.000000e+00
1.000000e+00
1.000000e+00
1.000000e+00
1.000000e+00
1.000000e+00
1.000000e+00
1.000000e+00
1.000000e+00
1.000000e+00
1.000000e+00
1.000000e+00
1.000000e+00
1.000000e+00
1.000000e+00
1.000000e+00
1.000000e+00
1.000000e+00
1.000000e+00
1.000000e+00
1.000000e+00
1.000000e+00
1.000000e+00
1.000000e+00
1.000000e+00
1.000000e+00
1.000000e+00
1.000000e+00
1.000000e+00
1.000000e+00
1.000000e+00
1.000000e+00
1.000000e+00
1.000000e+00
1.000000e+00
1.000000e+00
1.000000e+00
1.000000e+00
1.000000e+00
1.000000e+00
1.000000e+00
1.000000e+00
1.000000e+00
1.000000e+00
1.000000e+00
1.000000e+00
1.000000e+00
1.000000e+00
1.000000e+00
1.000000e+00
1.000000e+00
1.000000e+00
1.000000e+00
1.000000e+00
1.000000e+00
1.000000e+00
1.000000e+00
1.000000e+00
1.000000e+00
1.000000e+00
1.000000e+00
1.000000e+00
1.000000e+00
1.000000e+00
1.000000e+00
1.000000e+00
1.000000e+00
1.000000e+00
1.000000e+00
1.000000e+00
1.000000e+00
1.000000e+00
1.000000e+00
1.000000e+00
1.000000e+00
1.000000e+00
1.000000e+00
1.000000e+00
1.000000e+00
1.000000e+00
1.000000e+00
1.000000e+00
1.000000e+00
1.000000e+00
1.000000e+00
1.000000e+00
1.000000e+00
1.000000e+00
1.000000e+00
1.000000e+00
1.000000e+00
1.000000e+00
1.000000e+00
1.000000e+00
1.000000e+00
1.000000e+00
1.000000e+00
1.000000e+00
1.000000e+00
1.000000e+00
1.000000e+00
1.000000e+00
1.000000e+00
1.000000e+00
1.000000e+00
1.000000e+00
1.000000e+00
1.000000e+00
1.000000e+00
1.000000e+00
1.000000e+00
1.000000e+00
1.000000e+00
1.000000e+00
1.000000e+00
1.000000e+00
1.000000e+00
1.000000e+00
1.000000e+00
1.000000e+00
1.000000e+00
1.000000e+00
1.000000e+00
1.000000e+00
1.000000e+00
1.000000e+00
1.000000e+00
1.000000e+00
1.000000e+00
1.000000e+00
1.000000e+00
1.000000e+00
1.000000e+00
1.000000e+00
1.000000e+00
1.000000e+00
1.000000e+00
1.000000e+00
1.000000e+00
1.000000e+00
1.000000e+00
1.000000e+00
1.000000e+00
1.000000e+00
1.000000e+00
1.000000e+00
1.000000e+00
1.000000e+00
1.000000e+00
1.000000e+00
1.000000e+00
1.000000e+00
1.000000e+00
1.000001e+00
1.000001e+00
1.000001e+00
1.000001e+00
1.000001e+00
1.000001e+00
1.000002e+00
1.000002e+00
1.000002e+00
1.000003e+00
1.000003e+00
1.000004e+00
1.000005e+00
1.000005e+00
1.000006e+00
1.000007e+00
1.000008e+00
1.000010e+00
1.000011e+00
1.000012e+00
1.000014e+00
1.000015e+00
1.000017e+00
1.000019e+00
1.000021e+00
1.000023e+00
1.000025e+00
1.000027e+00
1.000029e+00
1.000031e+00
1.000032e+00
1.000033e+00
1.000034e+00
1.000034e+00
1.000034e+00
1.000033e+00
1.000031e+00
1.000028e+00
1.000023e+00
1.000017e+00
1.000009e+00
9.999985e-01
9.999861e-01
9.999709e-01
9.999529e-01
9.999315e-01
9.999067e-01
9.998779e-01
9.998450e-01
9.998074e-01
9.997651e-01
9.997174e-01
9.996645e-01
9.996058e-01
9.995413e-01
9.994704e-01
9.993935e-01
9.993100e-01
9.992203e-01
9.991238e-01
9.990212e-01
9.989120e-01
9.987971e-01
9.986760e-01
9.985497e-01
9.984180e-01
9.982821e-01
9.981418e-01
9.979984e-01
9.978516e-01
9.977025e-01
9.975498e-01
9.973914e-01
9.972173e-01
9.970019e-01
9.966721e-01
9.960304e-01
9.945457e-01
9.907927e-01
9.810413e-01
9.558816e-01
8.943338e-01
7.624355e-01
5.466572e-01
3.123898e-01
1.489056e-01
6.751315e-02
3.480699e-02
2.413557e-02
2.239957e-02
2.419371e-02
2.735721e-02
3.106691e-02
3.497846e-02
3.896155e-02
4.294498e-02
4.689928e-02
5.079550e-02
5.461778e-02
5.834441e-02
6.196093e-02
6.544802e-02
6.879216e-02
7.197675e-02
7.499060e-02
7.782112e-02
8.046108e-02
8.290306e-02
8.514495e-02
8.718519e-02
8.902712e-02
9.067484e-02
9.213663e-02
9.342123e-02
9.454059e-02
9.550652e-02
9.633296e-02
9.703302e-02
9.762099e-02
9.810974e-02
9.851256e-02
9.884098e-02
9.910647e-02
9.931858e-02
9.948661e-02
9.961798e-02
9.971981e-02
9.979753e-02
9.985635e-02
9.990001e-02
9.993215e-02
9.995520e-02
9.997161e-02
9.998285e-02
9.999051e-02
9.999539e-02
9.999851e-02
1.000002e-01
1.000012e-01
1.000015e-01
1.000016e-01
1.000014e-01
1.000013e-01
1.000010e-01
1.000008e-01
1.000006e-01
1.000004e-01
1.000003e-01
1.000002e-01
1.000001e-01
1.000001e-01
1.000000e-01
1.000000e-01
9.999998e-02
1.000000e-01
9.999997e-02
1.000000e-01
9.999998e-02
1.000000e-01
9.999998e-02
1.000000e-01
9.999999e-02
1.000000e-01
9.999999e-02
1.000000e-01
9.999999e-02
1.000000e-01
9.999999e-02
1.000000e-01
9.999999e-02
1.000000e-01
9.999999e-02
1.000000e-01
9.999999e-02
1.000000e-01
9.999999e-02
1.000000e-01
9.999999e-02
1.000000e-01
9.999999e-02
1.000000e-01
9.999999e-02
1.000000e-01
9.999999e-02
1.000000e-01
9.999999e-02
1.000000e-01
9.999999e-02
1.000000e-01
9.999999e-02
1.000000e-01
9.999999e-02
1.000000e-01
9.999999e-02
1.000000e-01
9.999999e-02
1.000000e-01
9.999999e-02
1.000000e-01
9.999999e-02
1.000000e-01
9.999999e-02
1.000000e-01
9.999999e-02
1.000000e-01
9.999999e-02
1.000000e-01
9.999999e-02
1.000000e-01
9.999999e-02
1.000000e-01
9.999999e-02
1.000000e-01
1.000000e-01
1.000000e-01
1.000000e-01
1.000000e-01
1.000000e-01
1.000000e-01
1.000000e-01
1.000000e-01
1.000000e-01
1.000000e-01
1.000000e-01
1.000000e-01
1.000000e-01
1.000000e-01
1.000000e-01
1.000000e-01
1.000000e-01
1.000000e-01
1.000000e-01
1.000000e-01
1.000000e-01
1.000000e-01
1.000000e-01
1.000000e-01
1.000000e-01
1.000000e-01
1.000000e-01
1.000000e-01
1.000000e-01
1.000000e-01
1.000000e-01
1.000000e-01
1.000000e-01
1.000000e-01
1.000000e-01
1.000000e-01
1.000000e-01
1.000000e-01
1.000000e-01
1.000000e-01
1.000000e-01
1.000000e-01
1.000000e-01
1.000000e-01
1.000000e-01
1.000000e-01
1.000000e-01
1.000000e-01
1.000000e-01
1.000000e-01
1.000000e-01
1.000000e-01
1.000000e-01
1.000000e-01
1.000000e-01
1.000000e-01
1.000000e-01
1.000000e-01
1.000000e-01
1.000000e-01
1.000000e-01
1.000000e-01
1.000000e-01
1.000000e-01
1.000000e-01
1.000000e-01
1.000000e-01
1.000000e-01
1.000000e-01
1.000000e-01
1.000000e-01
1.000000e-01
1.000000e-01
1.000000e-01
1.000000e-01
1.000000e-01
1.000000e-01
1.000000e-01
1.000000e-01
1.000000e-01
1.000000e-01
1.000000e-01
1.000000e-01
1.000000e-01
1.000000e-01
1.000000e-01
1.000000e-01
1.000000e-01
1.000000e-01
1.000000e-01
1.000000e-01
1.000000e-01
1.000000e-01
1.000000e-01
1.000000e-01
1.000000e-01
1.000000e-01
1.000000e-01
1.000000e-01
1.000000e-01
1.000000e-01
1.000000e-01
1.000000e-01
1.000000e-01
1.000000e-01
1.000000e-01
1.000000e-01
1.000000e-01
1.000000e-01
1.000000e-01
1.000000e-01
1.000000e-01
1.000000e-01
1.000000e-01
1.000000e-01
1.000000e-01
1.000000e-01
1.000000e-01
1.000000e-01
1.000000e-01
1.000000e-01
1.000000e-01
1.000000e-01
1.000000e-01
