1.000000e-01
1.000000e-01
1.000000e-01
1.000000e-01
1.000000e-01
1.000000e-01
1.000000e-01
1.000000e-01
1.000000e-01
1.000000e-01
1.000000e-01
1.000000e-01
1.000000e-01
1.000000e-01
1.000000e-01
1.000000e-01
1.000000e-01
1.000000e-01
1.000000e-01
1.000000e-01
1.000000e-01
1.000000e-01
1.000000e-01
1.000000e-01
1.000000e-01
1.000000e-01
1.000000e-01
1.000000e-01
1.000000e-01
1.000000e-01
1.000000e-01
1.000000e-01
1.000000e-01
1.000000e-01
1.000000e-01
1.000000e-01
1.000000e-01
1.000000e-01
1.000000e-01
1.000000e-01
1.000000e-01
1.000000e-01
1.000000e-01
1.000000e-01
1.000000e-01
1.000000e-01
1.000000e-01
1.000000e-01
1.000000e-01
1.000000e-01
1.000000e-01
1.000000e-01
1.000000e-01
1.000000e-01
1.000000e-01
1.000000e-01
1.000000e-01
1.000000e-01
1.000000e-01
1.000000e-01
1.000000e-01
1.000000e-01
1.000000e-01
1.000000e-01
1.000000e-01
1.000000e-01
1.000000e-01
1.000000e-01
1.000000e-01
1.000000e-01
1.000000e-01
1.000000e-01
1.000000e-01
1.000000e-01
1.000000e-01
1.000000e-01
1.000000e-01
1.000000e-01
1.000000e-01
1.000000e-01
1.000000e-01
1.000000e-01
1.000000e-01
1.000000e-01
1.000000e-01
1.000000e-01
1.000000e-01
1.000000e-01
9.999999e-02
1.000000e-01
9.999999e-02
1.000000e-01
9.999999e-02
1.000000e-01
9.999999e-02
1.000000e-01
9.999999e-02
1.000000e-01
9.999999e-02
1.000000e-01
9.999999e-02
1.000000e-01
9.999999e-02
1.000000e-01
9.999999e-02
1.000000e-01
9.999999e-02
1.000000e-01
9.999999e-02
1.000000e-01
9.999999e-02
1.000000e-01
9.999999e-02
1.000000e-01
9.999999e-02
1.000000e-01
9.999999e-02
1.000000e-01
9.999999e-02
1.000000e-01
9.999999e-02
1.000000e-01
9.999999e-02
1.000000e-01
9.999999e-02
1.000000e-01
9.999999e-02
1.000000e-01
9.999999e-02
1.000000e-01
9.999999e-02
1.000000e-01
9.999999e-02
1.000000e-01
9.999999e-02
1.000000e-01
9.999999e-02
1.000000e-01
9.999999e-02
1.000000e-01
9.999999e-02
1.000000e-01
9.999999e-02
1.000000e-01
9.999999e-02
1.000000e-01
9.999999e-02
1.000000e-01
9.999999e-02
1.000000e-01
9.999999e-02
1.000000e-01
9.999999e-02
1.000000e-01
9.999999e-02
1.000000e-01
9.999999e-02
1.000000e-01
9.999999e-02
1.000000e-01
9.999999e-02
1.000000e-01
9.999999e-02
1.000000e-01
9.999999e-02
1.000000e-01
9.999999e-02
1.000000e-01
9.999998e-02
1.000000e-01
9.999998e-02
1.000000e-01
9.999998e-02
1.000000e-01
9.999998e-02
1.000000e-01
9.999998e-02
1.000000e-01
9.999998e-02
1.000000e-01
1.000000e-01
1.000001e-01
1.000000e-01
1.000001e-01
1.000001e-01
1.000002e-01
1.000003e-01
1.000004e-01
1.000005e-01
1.000006e-01
1.000006e-01
1.000007e-01
1.000006e-01
1.000004e-01
9.999983e-02
9.999896e-02
9.999736e-02
9.999501e-02
9.999127e-02
9.998593e-02
9.997810e-02
9.996726e-02
9.995208e-02
9.993159e-02
9.990387e-02
9.986728e-02
9.981910e-02
9.975678e-02
9.967652e-02
9.957464e-02
9.944598e-02
9.928548e-02
9.908642e-02
9.884219e-02
9.854439e-02
9.818484e-02
9.775353e-02
9.724095e-02
9.663586e-02
9.592791e-02
9.510532e-02
9.415782e-02
9.307406e-02
9.184497e-02
9.046084e-02
8.891506e-02
8.720072e-02
8.531479e-02
8.325405e-02
8.101978e-02
7.861286e-02
7.603906e-02
7.330313e-02
7.041497e-02
6.738246e-02
6.421881e-02
6.093390e-02
5.754329e-02
5.405763e-02
5.049410e-02
4.686319e-02
4.318404e-02
3.946823e-02
3.574270e-02
3.203404e-02
2.841600e-02
2.502742e-02
2.224600e-02
2.098489e-02
2.365033e-02
3.626462e-02
7.326534e-02
1.631182e-01
3.376401e-01
5.756791e-01
7.832914e-01
9.050371e-01
9.605516e-01
9.829941e-01
9.916500e-01
9.949647e-01
9.962704e-01
9.968265e-01
9.971088e-01
9.972886e-01
9.974340e-01
9.975651e-01
9.976932e-01
9.978182e-01
9.979432e-01
9.980657e-01
9.981875e-01
9.983061e-01
9.984229e-01
9.985357e-01
9.986457e-01
9.987513e-01
9.988532e-01
9.989502e-01
9.990431e-01
9.991308e-01
9.992141e-01
9.992921e-01
9.993656e-01
9.994338e-01
9.994975e-01
9.995561e-01
9.996105e-01
9.996600e-01
9.997054e-01
9.997465e-01
9.997839e-01
9.998172e-01
9.998473e-01
9.998738e-01
9.998975e-01
9.999181e-01
9.999362e-01
9.999518e-01
9.999653e-01
9.999767e-01
9.999864e-01
9.999943e-01
1.000001e+00
1.000006e+00
1.000010e+00
1.000014e+00
1.000016e+00
1.000018e+00
1.000019e+00
1.000019e+00
1.000019e+00
1.000019e+00
1.000019e+00
1.000018e+00
1.000017e+00
1.000016e+00
1.000015e+00
1.000014e+00
1.000013e+00
1.000012e+00
1.000011e+00
1.000010e+00
1.000009e+00
1.000008e+00
1.000007e+00
1.000006e+00
1.000006e+00
1.000005e+00
1.000004e+00
1.000004e+00
1.000003e+00
1.000003e+00
1.000003e+00
1.000002e+00
1.000002e+00
1.000002e+00
1.000001e+00
1.000001e+00
1.000001e+00
1.000001e+00
1.000001e+00
1.000001e+00
1.000001e+00
1.000000e+00
1.000000e+00
1.000000e+00
1.000000e+00
1.000000e+00
1.000000e+00
1.000000e+00
1.000000e+00
1.000000e+00
1.000000e+00
1.000000e+00
1.000000e+00
1.000000e+00
1.000000e+00
1.000000e+00
1.000000e+00
1.000000e+00
1.000000e+00
1.000000e+00
1.000000e+00
1.000000e+00
1.000000e+00
1.000000e+00
1.000000e+00
1.000000e+00
1.000000e+00
1.000000e+00
1.000000e+00
1.000000e+00
1.000000e+00
1.000000e+00
1.000000e+00
1.000000e+00
1.000000e+00
1.000000e+00
1.000000e+00
1.000000e+00
1.000000e+00
1.000000e+00
1.000000e+00
1.000000e+00
1.000000e+00
1.000000e+00
1.000000e+00
1.000000e+00
1.000000e+00
1.000000e+00
1.000000e+00
1.000000e+00
1.000000e+00
1.000000e+00
1.000000e+00
1.000000e+00
1.000000e+00
1.000000e+00
1.000000e+00
1.000000e+00
1.000000e+00
1.000000e+00
1.000000e+00
1.000000e+00
1.000000e+00
1.000000e+00
1.000000e+00
1.000000e+00
1.000000e+00
1.000000e+00
1.000000e+00
1.000000e+00
1.000000e+00
1.000000e+00
1.000000e+00
1.000000e+00
1.000000e+00
1.000000e+00
1.000000e+00
1.000000e+00
1.000000e+00
1.000000e+00
1.000000e+00
1.000000e+00
1.000000e+00
1.000000e+00
1.000000e+00
1.000000e+00
1.000000e+00
1.000000e+00
1.000000e+00
1.000000e+00
1.000000e+00
1.000000e+00
1.000000e+00
1.000000e+00
1.000000e+00
1.000000e+00
1.000000e+00
1.000000e+00
1.000000e+00
1.000000e+00
1.000000e+00
1.000000e+00
1.000000e+00
1.000000e+00
1.000000e+00
1.000000e+00
1.000000e+00
1.000000e+00
1.000000e+00
1.000000e+00
1.000000e+00
1.000000e+00
1.000000e+00
1.000000e+00
1.000000e+00
1.000000e+00
1.000000e+00
1.000000e+00
1.000000e+00
1.000000e+00
1.000000e+00
1.000000e+00
1.000000e+00
1.000000e+00
1.000000e+00
1.000000e+00
1.000000e+00
1.000000e+00
1.000000e+00
1.000000e+00
1.000000e+00
1.000000e+00
1.000000e+00
1.000000e+00
1.000000e+00
1.000000e+00
1.000000e+00
1.000000e+00
1.000000e+00
1.000000e+00
1.000000e+00
1.000000e+00
1.000000e+00
1.000000e+00
1.000000e+00
1.000000e+00
1.000000e+00
1.000000e+00
1.000000e+00
1.000000e+00
1.000000e+00
1.000000e+00
1.000000e+00
1.000000e+00
1.000000e+00
1.000000e+00
1.000000e+00
1.000000e+00
1.000000e+00
1.000000e+00
1.000000e+00
1.000000e+00
1.000000e+00
1.000000e+00
1.000000e+00
1.000000e+00
1.000000e+00
1.000000e+00
1.000000e+00
1.000000e+00
1.000000e+00
1.000000e+00
1.000000e+00
1.000000e+00
1.000000e+00
1.000000e+00
1.000000e+00
1.000000e+00
1.000000e+00
1.000000e+00
1.000000e+00
1.000000e+00
1.000000e+00
1.000000e+00
1.000000e+00
1.000000e+00
1.000000e+00
1.000000e+00
1.000000e+00
1.000000e+00
1.000000e+00
1.000000e+00
1.000000e+00
1.000000e+00
1.000000e+00
1.000000e+00
1.000000e+00
1.000000e+00
1.000000e+00
1.000000e+00
1.000000e+00
1.000000e+00
1.000000e+00
1.000000e+00
1.000000e+00
1.000000e+00
1.000000e+00
1.000000e+00
1.000000e+00
1.000000e+00
1.000000e+00
1.000000e+00
1.000000e+00
1.000000e+00
1.000000e+00
1.000000e+00
1.000000e+00
1.000000e+00
1.000000e+00
1.000000e+00
1.000000e+00
1.000000e+00
1.000000e+00
1.000000e+00
1.000000e+00
1.000000e+00
1.000000e+00
1.000000e+00
1.000000e+00
1.000000e+00
1.000000e+00
1.000000e+00
1.000000e+00
1.000000e+00
1.000000e+00
1.000000e+00
1.000000e+00
1.000000e+00
1.000000e+00
1.000000e+00
1.000000e+00
1.000000e+00
1.000000e+00
1.000000e+00
1.000000e+00
1.000000e+00
1.000000e+00
1.000000e+00
1.000000e+00
1.000000e+00
1.000000e+00
1.000000e+00
1.000000e+00
1.000000e+00
1.000000e+00
1.000000e+00
1.000000e+00
1.000000e+00
1.000000e+00
1.000000e+00
1.000000e+00
1.000000e+00
1.000000e+00
1.000000e+00
1.000000e+00
1.000000e+00
1.000000e+00
1.000000e+00
1.000000e+00
1.000000e+00
1.000000e+00
1.000000e+00
1.000000e+00
1.000000e+00
1.000000e+00
1.000000e+00
1.000000e+00
1.000000e+00
1.000000e+00
1.000000e+00
1.000000e+00
1.000000e+00
1.000000e+00
1.000000e+00
1.000000e+00
1.000000e+00
1.000000e+00
1.000000e+00
1.000000e+00
1.000000e+00
1.000000e+00
1.000000e+00
1.000000e+00
1.000000e+00
1.000000e+00
1.000000e+00
1.000000e+00
1.000000e+00
1.000000e+00
1.000000e+00
1.000000e+00
1.000000e+00
1.000000e+00
1.000000e+00
1.000000e+00
1.000000e+00
1.000000e+00
1.000000e+00
1.000000e+00
1.000000e+00
1.000000e+00
1.000000e+00
1.000000e+00
1.000000e+00
1.000000e+00
1.000000e+00
1.000000e+00
1.000000e+00
1.000000e+00
1.000000e+00
1.000000e+00
1.000000e+00
1.000000e+00
1.000000e+00
1.000000e+00
1.000000e+00
1.000000e+00
1.000000e+00
1.000000e+00
1.000000e+00
1.000000e+00
1.000000e+00
1.000000e+00
1.000000e+00
1.000000e+00
1.000000e+00
1.000000e+00
1.000000e+00
1.000001e+00
1.000001e+00
1.000001e+00
1.000001e+00
1.000001e+00
1.000001e+00
1.000001e+00
1.000002e+00
1.000002e+00
1.000002e+00
1.000003e+00
1.000003e+00
1.000003e+00
1.000004e+00
1.000004e+00
1.000005e+00
1.000006e+00
1.000006e+00
1.000007e+00
1.000008e+00
1.000009e+00
1.000010e+00
1.000011e+00
1.000012e+00
1.000013e+00
1.000014e+00
1.000015e+00
1.000016e+00
1.000017e+00
1.000018e+00
1.000019e+00
1.000019e+00
1.000019e+00
1.000019e+00
1.000019e+00
1.000018e+00
1.000016e+00
1.000014e+00
1.000010e+00
1.000006e+00
1.000001e+00
9.999943e-01
9.999864e-01
9.999767e-01
9.999653e-01
9.999518e-01
9.999362e-01
9.999181e-01
9.998975e-01
9.998738e-01
9.998473e-01
9.998172e-01
9.997839e-01
9.997465e-01
9.997054e-01
9.996600e-01
9.996105e-01
9.995561e-01
9.994975e-01
9.994338e-01
9.993656e-01
9.992921e-01
9.992141e-01
9.991308e-01
9.990431e-01
9.989502e-01
9.988532e-01
9.987513e-01
9.986457e-01
9.985357e-01
9.984229e-01
9.983061e-01
9.981875e-01
9.980657e-01
9.979432e-01
9.978182e-01
9.976932e-01
9.975651e-01
9.974340e-01
9.972886e-01
9.971088e-01
9.968265e-01
9.962704e-01
9.949647e-01
9.916500e-01
9.829941e-01
9.605516e-01
9.050371e-01
7.832914e-01
5.756791e-01
3.376401e-01
1.631182e-01
7.326534e-02
3.626462e-02
2.365033e-02
2.098489e-02
2.224600e-02
2.502742e-02
2.841600e-02
3.203404e-02
3.574270e-02
3.946823e-02
4.318404e-02
4.686319e-02
5.049410e-02
5.405763e-02
5.754329e-02
6.093390e-02
6.421881e-02
6.738246e-02
7.041497e-02
7.330313e-02
7.603906e-02
7.861286e-02
8.101978e-02
8.325405e-02
8.531479e-02
8.720072e-02
8.891506e-02
9.046084e-02
9.184497e-02
9.307406e-02
9.415782e-02
9.510532e-02
9.592791e-02
9.663586e-02
9.724095e-02
9.775353e-02
9.818484e-02
9.854439e-02
9.884219e-02
9.908642e-02
9.928548e-02
9.944598e-02
9.957464e-02
9.967652e-02
9.975678e-02
9.981910e-02
9.986728e-02
9.990387e-02
9.993159e-02
9.995208e-02
9.996726e-02
9.997810e-02
9.998593e-02
9.999127e-02
9.999501e-02
9.999736e-02
9.999896e-02
9.999983e-02
1.000004e-01
1.000006e-01
1.000007e-01
1.000006e-01
1.000006e-01
1.000005e-01
1.000004e-01
1.000003e-01
1.000002e-01
1.000001e-01
1.000001e-01
1.000000e-01
1.000001e-01
1.000000e-01
1.000000e-01
9.999998e-02
1.000000e-01
9.999998e-02
1.000000e-01
9.999998e-02
1.000000e-01
9.999998e-02
1.000000e-01
9.999998e-02
1.000000e-01
9.999998e-02
1.000000e-01
9.999999e-02
1.000000e-01
9.999999e-02
1.000000e-01
9.999999e-02
1.000000e-01
9.999999e-02
1.000000e-01
9.999999e-02
1.000000e-01
9.999999e-02
1.000000e-01
9.999999e-02
1.000000e-01
9.999999e-02
1.000000e-01
9.999999e-02
1.000000e-01
9.999999e-02
1.000000e-01
9.999999e-02
1.000000e-01
9.999999e-02
1.000000e-01
9.999999e-02
1.000000e-01
9.999999e-02
1.000000e-01
9.999999e-02
1.000000e-01
9.999999e-02
1.000000e-01
9.999999e-02
1.000000e-01
9.999999e-02
1.000000e-01
9.999999e-02
1.000000e-01
9.999999e-02
1.000000e-01
9.999999e-02
1.000000e-01
9.999999e-02
1.000000e-01
9.999999e-02
1.000000e-01
9.999999e-02
1.000000e-01
9.999999e-02
1.000000e-01
9.999999e-02
1.000000e-01
9.999999e-02
1.000000e-01
9.999999e-02
1.000000e-01
9.999999e-02
1.000000e-01
9.999999e-02
1.000000e-01
9.999999e-02
1.000000e-01
9.999999e-02
1.000000e-01
9.999999e-02
1.000000e-01
9.999999e-02
1.000000e-01
9.999999e-02
1.000000e-01
9.999999e-02
1.000000e-01
9.999999e-02
1.000000e-01
9.999999e-02
1.000000e-01
9.999999e-02
1.000000e-01
9.999999e-02
1.000000e-01
1.000000e-01
1.000000e-01
1.000000e-01
1.000000e-01
1.000000e-01
1.000000e-01
1.000000e-01
1.000000e-01
1.000000e-01
1.000000e-01
1.000000e-01
1.000000e-01
1.000000e-01
1.000000e-01
1.000000e-01
1.000000e-01
1.000000e-01
1.000000e-01
1.000000e-01
1.000000e-01
1.000000e-01
1.000000e-01
1.000000e-01
1.000000e-01
1.000000e-01
1.000000e-01
1.000000e-01
1.000000e-01
1.000000e-01
1.000000e-01
1.000000e-01
1.000000e-01
1.000000e-01
1.000000e-01
1.000000e-01
1.000000e-01
1.000000e-01
1.000000e-01
1.000000e-01
1.000000e-01
1.000000e-01
1.000000e-01
1.000000e-01
1.000000e-01
1.000000e-01
1.000000e-01
1.000000e-01
1.000000e-01
1.000000e-01
1.000000e-01
1.000000e-01
1.000000e-01
1.000000e-01
1.000000e-01
1.000000e-01
1.000000e-01
1.000000e-01
1.000000e-01
1.000000e-01
1.000000e-01
1.000000e-01
1.000000e-01
1.000000e-01
1.000000e-01
1.000000e-01
1.000000e-01
1.000000e-01
1.000000e-01
1.000000e-01
1.000000e-01
1.000000e-01
1.000000e-01
1.000000e-01
1.000000e-01
1.000000e-01
1.000000e-01
1.000000e-01
1.000000e-01
1.000000e-01
1.000000e-01
1.000000e-01
1.000000e-01
1.000000e-01
1.000000e-01
1.000000e-01
1.000000e-01
