1.000000e-01
1.000000e-01
1.000000e-01
1.000000e-01
1.000000e-01
1.000000e-01
1.000000e-01
1.000000e-01
1.000000e-01
1.000000e-01
1.000000e-01
1.000000e-01
1.000000e-01
1.000000e-01
1.000000e-01
1.000000e-01
1.000000e-01
1.000000e-01
1.000000e-01
1.000000e-01
1.000000e-01
1.000000e-01
1.000000e-01
1.000000e-01
1.000000e-01
1.000000e-01
1.000000e-01
1.000000e-01
1.000000e-01
1.000000e-01
1.000000e-01
1.000000e-01
1.000000e-01
1.000000e-01
1.000000e-01
1.000000e-01
1.000000e-01
1.000000e-01
1.000000e-01
1.000000e-01
1.000000e-01
1.000000e-01
1.000000e-01
1.000000e-01
1.000000e-01
1.000000e-01
1.000000e-01
1.000000e-01
1.000000e-01
1.000000e-01
1.000000e-01
1.000000e-01
1.000000e-01
1.000000e-01
1.000000e-01
1.000000e-01
1.000000e-01
1.000000e-01
1.000000e-01
1.000000e-01
1.000000e-01
1.000000e-01
9.999999e-02
1.000000e-01
9.999999e-02
1.000000e-01
9.999999e-02
1.000000e-01
9.999999e-02
1.000000e-01
9.999999e-02
1.000000e-01
9.999999e-02
1.000000e-01
9.999999e-02
1.000000e-01
9.999999e-02
1.000000e-01
9.999999e-02
1.000000e-01
9.999999e-02
1.000000e-01
9.999999e-02
1.000000e-01
9.999999e-02
1.000000e-01
9.999999e-02
1.000000e-01
9.999999e-02
1.000000e-01
9.999999e-02
1.000000e-01
9.999999e-02
1.000000e-01
9.999999e-02
1.000000e-01
9.999999e-02
1.000000e-01
9.999999e-02
1.000000e-01
9.999999e-02
1.000000e-01
9.999999e-02
1.000000e-01
9.999999e-02
1.000000e-01
9.999999e-02
1.000000e-01
9.999999e-02
1.000000e-01
9.999999e-02
1.000000e-01
9.999999e-02
1.000000e-01
9.999999e-02
1.000000e-01
9.999999e-02
1.000000e-01
9.999999e-02
1.000000e-01
9.999999e-02
1.000000e-01
9.999999e-02
1.000000e-01
9.999999e-02
1.000000e-01
9.999999e-02
1.000000e-01
9.999999e-02
1.000000e-01
9.999999e-02
1.000000e-01
9.999999e-02
1.000000e-01
9.999999e-02
1.000000e-01
9.999999e-02
1.000000e-01
9.999999e-02
1.000000e-01
9.999999e-02
1.000000e-01
9.999999e-02
1.000000e-01
9.999999e-02
1.000000e-01
9.999999e-02
1.000000e-01
9.999999e-02
1.000000e-01
9.999999e-02
1.000000e-01
9.999999e-02
1.000000e-01
9.999999e-02
1.000000e-01
9.999999e-02
1.000000e-01
9.999999e-02
1.000000e-01
9.999999e-02
1.000000e-01
9.999998e-02
1.000000e-01
9.999998e-02
1.000000e-01
9.999998e-02
1.000000e-01
9.999998e-02
1.000000e-01
9.999998e-02
1.000000e-01
9.999998e-02
1.000000e-01
9.999999e-02
1.000000e-01
1.000000e-01
1.000001e-01
1.000001e-01
1.000001e-01
1.000001e-01
1.000002e-01
1.000002e-01
1.000003e-01
1.000003e-01
1.000003e-01
1.000002e-01
1.000001e-01
9.999981e-02
9.999940e-02
9.999859e-02
9.999747e-02
9.999565e-02
9.999315e-02
9.998941e-02
9.998433e-02
9.997715e-02
9.996755e-02
9.995447e-02
9.993726e-02
9.991445e-02
9.988494e-02
9.984669e-02
9.979797e-02
9.973600e-02
9.965826e-02
9.956099e-02
9.944073e-02
9.929258e-02
9.911193e-02
9.889261e-02
9.862880e-02
9.831301e-02
9.793822e-02
9.749576e-02
9.697763e-02
9.637428e-02
9.567719e-02
9.487646e-02
9.396376e-02
9.292960e-02
9.176666e-02
9.046676e-02
8.902455e-02
8.743401e-02
8.569257e-02
8.379706e-02
8.174827e-02
7.954622e-02
7.719522e-02
7.469839e-02
7.206340e-02
6.929594e-02
6.640651e-02
6.340260e-02
6.029681e-02
5.709753e-02
5.381875e-02
5.046884e-02
4.706284e-02
4.360857e-02
4.012286e-02
3.661475e-02
3.310948e-02
2.963293e-02
2.626160e-02
2.314597e-02
2.069799e-02
1.992812e-02
2.349594e-02
3.806336e-02
7.940055e-02
1.775876e-01
3.621495e-01
6.022587e-01
8.014660e-01
9.140888e-01
9.644475e-01
9.846160e-01
9.923649e-01
9.953198e-01
9.964804e-01
9.969686e-01
9.972145e-01
9.973674e-01
9.974913e-01
9.976019e-01
9.977112e-01
9.978177e-01
9.979255e-01
9.980314e-01
9.981378e-01
9.982419e-01
9.983456e-01
9.984464e-01
9.985459e-01
9.986419e-01
9.987359e-01
9.988261e-01
9.989136e-01
9.989971e-01
9.990775e-01
9.991536e-01
9.992265e-01
9.992950e-01
9.993600e-01
9.994208e-01
9.994781e-01
9.995312e-01
9.995809e-01
9.996267e-01
9.996693e-01
9.997082e-01
9.997441e-01
9.997766e-01
9.998063e-01
9.998330e-01
9.998573e-01
9.998789e-01
9.998984e-01
9.999155e-01
9.999308e-01
9.999440e-01
9.999558e-01
9.999658e-01
9.999746e-01
9.999819e-01
9.999883e-01
9.999935e-01
9.999980e-01
1.000001e+00
1.000004e+00
1.000007e+00
1.000008e+00
1.000010e+00
1.000010e+00
1.000011e+00
1.000011e+00
1.000011e+00
1.000011e+00
1.000011e+00
1.000010e+00
1.000010e+00
1.000009e+00
1.000009e+00
1.000008e+00
1.000008e+00
1.000007e+00
1.000006e+00
1.000006e+00
1.000005e+00
1.000005e+00
1.000004e+00
1.000004e+00
1.000003e+00
1.000003e+00
1.000003e+00
1.000002e+00
1.000002e+00
1.000002e+00
1.000002e+00
1.000001e+00
1.000001e+00
1.000001e+00
1.000001e+00
1.000001e+00
1.000001e+00
1.000001e+00
1.000000e+00
1.000000e+00
1.000000e+00
1.000000e+00
1.000000e+00
1.000000e+00
1.000000e+00
1.000000e+00
1.000000e+00
1.000000e+00
1.000000e+00
1.000000e+00
1.000000e+00
1.000000e+00
1.000000e+00
1.000000e+00
1.000000e+00
1.000000e+00
1.000000e+00
1.000000e+00
1.000000e+00
1.000000e+00
1.000000e+00
1.000000e+00
1.000000e+00
1.000000e+00
1.000000e+00
1.000000e+00
1.000000e+00
1.000000e+00
1.000000e+00
1.000000e+00
1.000000e+00
1.000000e+00
1.000000e+00
1.000000e+00
1.000000e+00
1.000000e+00
1.000000e+00
1.000000e+00
1.000000e+00
1.000000e+00
1.000000e+00
1.000000e+00
1.000000e+00
1.000000e+00
1.000000e+00
1.000000e+00
1.000000e+00
1.000000e+00
1.000000e+00
1.000000e+00
1.000000e+00
1.000000e+00
1.000000e+00
1.000000e+00
1.000000e+00
1.000000e+00
1.000000e+00
1.000000e+00
1.000000e+00
1.000000e+00
1.000000e+00
1.000000e+00
1.000000e+00
1.000000e+00
1.000000e+00
1.000000e+00
1.000000e+00
1.000000e+00
1.000000e+00
1.000000e+00
1.000000e+00
1.000000e+00
1.000000e+00
1.000000e+00
1.000000e+00
1.000000e+00
1.000000e+00
1.000000e+00
1.000000e+00
1.000000e+00
1.000000e+00
1.000000e+00
1.000000e+00
1.000000e+00
1.000000e+00
1.000000e+00
1.000000e+00
1.000000e+00
1.000000e+00
1.000000e+00
1.000000e+00
1.000000e+00
1.000000e+00
1.000000e+00
1.000000e+00
1.000000e+00
1.000000e+00
1.000000e+00
1.000000e+00
1.000000e+00
1.000000e+00
1.000000e+00
1.000000e+00
1.000000e+00
1.000000e+00
1.000000e+00
1.000000e+00
1.000000e+00
1.000000e+00
1.000000e+00
1.000000e+00
1.000000e+00
1.000000e+00
1.000000e+00
1.000000e+00
1.000000e+00
1.000000e+00
1.000000e+00
1.000000e+00
1.000000e+00
1.000000e+00
1.000000e+00
1.000000e+00
1.000000e+00
1.000000e+00
1.000000e+00
1.000000e+00
1.000000e+00
1.000000e+00
1.000000e+00
1.000000e+00
1.000000e+00
1.000000e+00
1.000000e+00
1.000000e+00
1.000000e+00
1.000000e+00
1.000000e+00
1.000000e+00
1.000000e+00
1.000000e+00
1.000000e+00
1.000000e+00
1.000000e+00
1.000000e+00
1.000000e+00
1.000000e+00
1.000000e+00
1.000000e+00
1.000000e+00
1.000000e+00
1.000000e+00
1.000000e+00
1.000000e+00
1.000000e+00
1.000000e+00
1.000000e+00
1.000000e+00
1.000000e+00
1.000000e+00
1.000000e+00
1.000000e+00
1.000000e+00
1.000000e+00
1.000000e+00
1.000000e+00
1.000000e+00
1.000000e+00
1.000000e+00
1.000000e+00
1.000000e+00
1.000000e+00
1.000000e+00
1.000000e+00
1.000000e+00
1.000000e+00
1.000000e+00
1.000000e+00
1.000000e+00
1.000000e+00
1.000000e+00
1.000000e+00
1.000000e+00
1.000000e+00
1.000000e+00
1.000000e+00
1.000000e+00
1.000000e+00
1.000000e+00
1.000000e+00
1.000000e+00
1.000000e+00
1.000000e+00
1.000000e+00
1.000000e+00
1.000000e+00
1.000000e+00
1.000000e+00
1.000000e+00
1.000000e+00
1.000000e+00
1.000000e+00
1.000000e+00
1.000000e+00
1.000000e+00
1.000000e+00
1.000000e+00
1.000000e+00
1.000000e+00
1.000000e+00
1.000000e+00
1.000000e+00
1.000000e+00
1.000000e+00
1.000000e+00
1.000000e+00
1.000000e+00
1.000000e+00
1.000000e+00
1.000000e+00
1.000000e+00
1.000000e+00
1.000000e+00
1.000000e+00
1.000000e+00
1.000000e+00
1.000000e+00
1.000000e+00
1.000000e+00
1.000000e+00
1.000000e+00
1.000000e+00
1.000000e+00
1.000000e+00
1.000000e+00
1.000000e+00
1.000000e+00
1.000000e+00
1.000000e+00
1.000000e+00
1.000000e+00
1.000000e+00
1.000000e+00
1.000000e+00
1.000000e+00
1.000000e+00
1.000000e+00
1.000000e+00
1.000000e+00
1.000000e+00
1.000000e+00
1.000000e+00
1.000000e+00
1.000000e+00
1.000000e+00
1.000000e+00
1.000000e+00
1.000000e+00
1.000000e+00
1.000000e+00
1.000000e+00
1.000000e+00
1.000000e+00
1.000000e+00
1.000000e+00
1.000000e+00
1.000000e+00
1.000000e+00
1.000000e+00
1.000000e+00
1.000000e+00
1.000000e+00
1.000000e+00
1.000000e+00
1.000000e+00
1.000000e+00
1.000000e+00
1.000000e+00
1.000000e+00
1.000000e+00
1.000000e+00
1.000000e+00
1.000000e+00
1.000000e+00
1.000000e+00
1.000000e+00
1.000000e+00
1.000000e+00
1.000000e+00
1.000000e+00
1.000000e+00
1.000000e+00
1.000000e+00
1.000000e+00
1.000000e+00
1.000000e+00
1.000000e+00
1.000000e+00
1.000000e+00
1.000000e+00
1.000000e+00
1.000000e+00
1.000000e+00
1.000000e+00
1.000000e+00
1.000000e+00
1.000000e+00
1.000000e+00
1.000000e+00
1.000000e+00
1.000000e+00
1.000000e+00
1.000000e+00
1.000000e+00
1.000000e+00
1.000000e+00
1.000000e+00
1.000000e+00
1.000000e+00
1.000000e+00
1.000000e+00
1.000000e+00
1.000000e+00
1.000000e+00
1.000000e+00
1.000000e+00
1.000000e+00
1.000001e+00
1.000001e+00
1.000001e+00
1.000001e+00
1.000001e+00
1.000001e+00
1.000001e+00
1.000002e+00
1.000002e+00
1.000002e+00
1.000002e+00
1.000003e+00
1.000003e+00
1.000003e+00
1.000004e+00
1.000004e+00
1.000005e+00
1.000005e+00
1.000006e+00
1.000006e+00
1.000007e+00
1.000008e+00
1.000008e+00
1.000009e+00
1.000009e+00
1.000010e+00
1.000010e+00
1.000011e+00
1.000011e+00
1.000011e+00
1.000011e+00
1.000011e+00
1.000010e+00
1.000010e+00
1.000008e+00
1.000007e+00
1.000004e+00
1.000001e+00
9.999980e-01
9.999935e-01
9.999883e-01
9.999819e-01
9.999746e-01
9.999658e-01
9.999558e-01
9.999440e-01
9.999308e-01
9.999155e-01
9.998984e-01
9.998789e-01
9.998573e-01
9.998330e-01
9.998063e-01
9.997766e-01
9.997441e-01
9.997082e-01
9.996693e-01
9.996267e-01
9.995809e-01
9.995312e-01
9.994781e-01
9.994208e-01
9.993600e-01
9.992950e-01
9.992265e-01
9.991536e-01
9.990775e-01
9.989971e-01
9.989136e-01
9.988261e-01
9.987359e-01
9.986419e-01
9.985459e-01
9.984464e-01
9.983456e-01
9.982419e-01
9.981378e-01
9.980314e-01
9.979255e-01
9.978177e-01
9.977112e-01
9.976019e-01
9.974913e-01
9.973674e-01
9.972145e-01
9.969686e-01
9.964804e-01
9.953198e-01
9.923649e-01
9.846160e-01
9.644475e-01
9.140888e-01
8.014660e-01
6.022587e-01
3.621495e-01
1.775876e-01
7.940055e-02
3.806336e-02
2.349594e-02
1.992812e-02
2.069799e-02
2.314597e-02
2.626160e-02
2.963293e-02
3.310948e-02
3.661475e-02
4.012286e-02
4.360857e-02
4.706284e-02
5.046884e-02
5.381875e-02
5.709753e-02
6.029681e-02
6.340260e-02
6.640651e-02
6.929594e-02
7.206340e-02
7.469839e-02
7.719522e-02
7.954622e-02
8.174827e-02
8.379706e-02
8.569257e-02
8.743401e-02
8.902455e-02
9.046676e-02
9.176666e-02
9.292960e-02
9.396376e-02
9.487646e-02
9.567719e-02
9.637428e-02
9.697763e-02
9.749576e-02
9.793822e-02
9.831301e-02
9.862880e-02
9.889261e-02
9.911193e-02
9.929258e-02
9.944073e-02
9.956099e-02
9.965826e-02
9.973600e-02
9.979797e-02
9.984669e-02
9.988494e-02
9.991445e-02
9.993726e-02
9.995447e-02
9.996755e-02
9.997715e-02
9.998433e-02
9.998941e-02
9.999315e-02
9.999565e-02
9.999747e-02
9.999859e-02
9.999940e-02
9.999981e-02
1.000001e-01
1.000002e-01
1.000003e-01
1.000003e-01
1.000003e-01
1.000002e-01
1.000002e-01
1.000001e-01
1.000001e-01
1.000001e-01
1.000001e-01
1.000000e-01
1.000000e-01
9.999999e-02
1.000000e-01
9.999998e-02
1.000000e-01
9.999998e-02
1.000000e-01
9.999998e-02
1.000000e-01
9.999998e-02
1.000000e-01
9.999998e-02
1.000000e-01
9.999998e-02
1.000000e-01
9.999999e-02
1.000000e-01
9.999999e-02
1.000000e-01
9.999999e-02
1.000000e-01
9.999999e-02
1.000000e-01
9.999999e-02
1.000000e-01
9.999999e-02
1.000000e-01
9.999999e-02
1.000000e-01
9.999999e-02
1.000000e-01
9.999999e-02
1.000000e-01
9.999999e-02
1.000000e-01
9.999999e-02
1.000000e-01
9.999999e-02
1.000000e-01
9.999999e-02
1.000000e-01
9.999999e-02
1.000000e-01
9.999999e-02
1.000000e-01
9.999999e-02
1.000000e-01
9.999999e-02
1.000000e-01
9.999999e-02
1.000000e-01
9.999999e-02
1.000000e-01
9.999999e-02
1.000000e-01
9.999999e-02
1.000000e-01
9.999999e-02
1.000000e-01
9.999999e-02
1.000000e-01
9.999999e-02
1.000000e-01
9.999999e-02
1.000000e-01
9.999999e-02
1.000000e-01
9.999999e-02
1.000000e-01
9.999999e-02
1.000000e-01
9.999999e-02
1.000000e-01
9.999999e-02
1.000000e-01
9.999999e-02
1.000000e-01
9.999999e-02
1.000000e-01
9.999999e-02
1.000000e-01
9.999999e-02
1.000000e-01
9.999999e-02
1.000000e-01
9.999999e-02
1.000000e-01
9.999999e-02
1.000000e-01
9.999999e-02
1.000000e-01
9.999999e-02
1.000000e-01
9.999999e-02
1.000000e-01
9.999999e-02
1.000000e-01
9.999999e-02
1.000000e-01
9.999999e-02
1.000000e-01
9.999999e-02
1.000000e-01
9.999999e-02
1.000000e-01
9.999999e-02
1.000000e-01
9.999999e-02
1.000000e-01
9.999999e-02
1.000000e-01
9.999999e-02
1.000000e-01
9.999999e-02
1.000000e-01
1.000000e-01
1.000000e-01
1.000000e-01
1.000000e-01
1.000000e-01
1.000000e-01
1.000000e-01
1.000000e-01
1.000000e-01
1.000000e-01
1.000000e-01
1.000000e-01
1.000000e-01
1.000000e-01
1.000000e-01
1.000000e-01
1.000000e-01
1.000000e-01
1.000000e-01
1.000000e-01
1.000000e-01
1.000000e-01
1.000000e-01
1.000000e-01
1.000000e-01
1.000000e-01
1.000000e-01
1.000000e-01
1.000000e-01
1.000000e-01
1.000000e-01
1.000000e-01
1.000000e-01
1.000000e-01
1.000000e-01
1.000000e-01
1.000000e-01
1.000000e-01
1.000000e-01
1.000000e-01
1.000000e-01
1.000000e-01
1.000000e-01
1.000000e-01
1.000000e-01
1.000000e-01
1.000000e-01
1.000000e-01
1.000000e-01
1.000000e-01
1.000000e-01
1.000000e-01
1.000000e-01
1.000000e-01
1.000000e-01
1.000000e-01
1.000000e-01
1.000000e-01
1.000000e-01
1.000000e-01
