1.000000e-01
1.000000e-01
1.000000e-01
1.000000e-01
1.000000e-01
1.000000e-01
1.000000e-01
1.000000e-01
1.000000e-01
1.000000e-01
1.000000e-01
1.000000e-01
1.000000e-01
1.000000e-01
1.000000e-01
1.000000e-01
1.000000e-01
1.000000e-01
1.000000e-01
1.000000e-01
1.000000e-01
1.000000e-01
1.000000e-01
1.000000e-01
1.000000e-01
1.000000e-01
1.000000e-01
1.000000e-01
1.000000e-01
1.000000e-01
1.000000e-01
1.000000e-01
1.000000e-01
1.000000e-01
1.000000e-01
1.000000e-01
1.000000e-01
1.000000e-01
1.000000e-01
1.000000e-01
1.000000e-01
1.000000e-01
1.000000e-01
1.000000e-01
1.000000e-01
1.000000e-01
1.000000e-01
1.000000e-01
1.000000e-01
1.000000e-01
1.000000e-01
1.000000e-01
1.000000e-01
1.000000e-01
9.999999e-02
1.000000e-01
9.999999e-02
1.000000e-01
9.999999e-02
1.000000e-01
9.999999e-02
1.000000e-01
9.999999e-02
1.000000e-01
9.999999e-02
1.000000e-01
9.999999e-02
1.000000e-01
9.999999e-02
1.000000e-01
9.999999e-02
1.000000e-01
9.999999e-02
1.000000e-01
9.999999e-02
1.000000e-01
9.999999e-02
1.000000e-01
9.999999e-02
1.000000e-01
9.999999e-02
1.000000e-01
9.999999e-02
1.000000e-01
9.999999e-02
1.000000e-01
9.999999e-02
1.000000e-01
9.999999e-02
1.000000e-01
9.999999e-02
1.000000e-01
9.999999e-02
1.000000e-01
9.999999e-02
1.000000e-01
9.999999e-02
1.000000e-01
9.999999e-02
1.000000e-01
9.999999e-02
1.000000e-01
9.999999e-02
1.000000e-01
9.999999e-02
1.000000e-01
9.999999e-02
1.000000e-01
9.999999e-02
1.000000e-01
9.999999e-02
1.000000e-01
9.999999e-02
1.000000e-01
9.999999e-02
1.000000e-01
9.999999e-02
1.000000e-01
9.999999e-02
1.000000e-01
9.999999e-02
1.000000e-01
9.999999e-02
1.000000e-01
9.999999e-02
1.000000e-01
9.999999e-02
1.000000e-01
9.999999e-02
1.000000e-01
9.999999e-02
1.000000e-01
9.999999e-02
1.000000e-01
9.999999e-02
1.000000e-01
9.999999e-02
1.000000e-01
9.999999e-02
1.000000e-01
9.999999e-02
1.000000e-01
9.999999e-02
1.000000e-01
9.999999e-02
1.000000e-01
9.999999e-02
1.000000e-01
9.999999e-02
1.000000e-01
9.999999e-02
1.000000e-01
9.999999e-02
1.000000e-01
9.999999e-02
1.000000e-01
9.999999e-02
1.000000e-01
9.999999e-02
1.000000e-01
9.999998e-02
1.000000e-01
9.999998e-02
1.000000e-01
9.999998e-02
1.000000e-01
9.999999e-02
1.000000e-01
9.999999e-02
1.000000e-01
1.000000e-01
1.000000e-01
1.000000e-01
1.000001e-01
1.000000e-01
1.000001e-01
1.000001e-01
1.000001e-01
1.000001e-01
1.000001e-01
1.000001e-01
1.000000e-01
9.999986e-02
9.999968e-02
9.999927e-02
9.999876e-02
9.999787e-02
9.999670e-02
9.999491e-02
9.999254e-02
9.998914e-02
9.998464e-02
9.997845e-02
9.997035e-02
9.995954e-02
9.994557e-02
9.992734e-02
9.990409e-02
9.987431e-02
9.983683e-02
9.978958e-02
9.973085e-02
9.965790e-02
9.956832e-02
9.945854e-02
9.932533e-02
9.916417e-02
9.897088e-02
9.873991e-02
9.846610e-02
9.814285e-02
9.776406e-02
9.732222e-02
9.681050e-02
9.622071e-02
9.554568e-02
9.477697e-02
9.390758e-02
9.292944e-02
9.183638e-02
9.062138e-02
8.927978e-02
8.780628e-02
8.619842e-02
8.445313e-02
8.257060e-02
8.055030e-02
7.839529e-02
7.610755e-02
7.369290e-02
7.115555e-02
6.850373e-02
6.574332e-02
6.288444e-02
5.993396e-02
5.690332e-02
5.379966e-02
5.063526e-02
4.741688e-02
4.415751e-02
4.086333e-02
3.754901e-02
3.422235e-02
3.090694e-02
2.762957e-02
2.446946e-02
2.159122e-02
1.944199e-02
1.913632e-02
2.359585e-02
4.014435e-02
8.587859e-02
1.922821e-01
3.859455e-01
6.267003e-01
8.174533e-01
9.218489e-01
9.677492e-01
9.859858e-01
9.929703e-01
9.956244e-01
9.966648e-01
9.970979e-01
9.973147e-01
9.974468e-01
9.975541e-01
9.976488e-01
9.977435e-01
9.978354e-01
9.979295e-01
9.980219e-01
9.981157e-01
9.982078e-01
9.983002e-01
9.983905e-01
9.984804e-01
9.985677e-01
9.986540e-01
9.987373e-01
9.988189e-01
9.988973e-01
9.989737e-01
9.990466e-01
9.991171e-01
9.991841e-01
9.992484e-01
9.993092e-01
9.993672e-01
9.994216e-01
9.994733e-01
9.995215e-01
9.995669e-01
9.996091e-01
9.996486e-01
9.996850e-01
9.997189e-01
9.997500e-01
9.997787e-01
9.998048e-01
9.998289e-01
9.998505e-01
9.998703e-01
9.998880e-01
9.999041e-01
9.999183e-01
9.999312e-01
9.999424e-01
9.999525e-01
9.999612e-01
9.999690e-01
9.999756e-01
9.999814e-01
9.999863e-01
9.999905e-01
9.999940e-01
9.999970e-01
9.999994e-01
1.000001e+00
1.000003e+00
1.000004e+00
1.000005e+00
1.000006e+00
1.000006e+00
1.000007e+00
1.000007e+00
1.000007e+00
1.000007e+00
1.000006e+00
1.000006e+00
1.000006e+00
1.000006e+00
1.000005e+00
1.000005e+00
1.000005e+00
1.000004e+00
1.000004e+00
1.000003e+00
1.000003e+00
1.000003e+00
1.000003e+00
1.000002e+00
1.000002e+00
1.000002e+00
1.000002e+00
1.000001e+00
1.000001e+00
1.000001e+00
1.000001e+00
1.000001e+00
1.000001e+00
1.000001e+00
1.000001e+00
1.000000e+00
1.000000e+00
1.000000e+00
1.000000e+00
1.000000e+00
1.000000e+00
1.000000e+00
1.000000e+00
1.000000e+00
1.000000e+00
1.000000e+00
1.000000e+00
1.000000e+00
1.000000e+00
1.000000e+00
1.000000e+00
1.000000e+00
1.000000e+00
1.000000e+00
1.000000e+00
1.000000e+00
1.000000e+00
1.000000e+00
1.000000e+00
1.000000e+00
1.000000e+00
1.000000e+00
1.000000e+00
1.000000e+00
1.000000e+00
1.000000e+00
1.000000e+00
1.000000e+00
1.000000e+00
1.000000e+00
1.000000e+00
1.000000e+00
1.000000e+00
1.000000e+00
1.000000e+00
1.000000e+00
1.000000e+00
1.000000e+00
1.000000e+00
1.000000e+00
1.000000e+00
1.000000e+00
1.000000e+00
1.000000e+00
1.000000e+00
1.000000e+00
1.000000e+00
1.000000e+00
1.000000e+00
1.000000e+00
1.000000e+00
1.000000e+00
1.000000e+00
1.000000e+00
1.000000e+00
1.000000e+00
1.000000e+00
1.000000e+00
1.000000e+00
1.000000e+00
1.000000e+00
1.000000e+00
1.000000e+00
1.000000e+00
1.000000e+00
1.000000e+00
1.000000e+00
1.000000e+00
1.000000e+00
1.000000e+00
1.000000e+00
1.000000e+00
1.000000e+00
1.000000e+00
1.000000e+00
1.000000e+00
1.000000e+00
1.000000e+00
1.000000e+00
1.000000e+00
1.000000e+00
1.000000e+00
1.000000e+00
1.000000e+00
1.000000e+00
1.000000e+00
1.000000e+00
1.000000e+00
1.000000e+00
1.000000e+00
1.000000e+00
1.000000e+00
1.000000e+00
1.000000e+00
1.000000e+00
1.000000e+00
1.000000e+00
1.000000e+00
1.000000e+00
1.000000e+00
1.000000e+00
1.000000e+00
1.000000e+00
1.000000e+00
1.000000e+00
1.000000e+00
1.000000e+00
1.000000e+00
1.000000e+00
1.000000e+00
1.000000e+00
1.000000e+00
1.000000e+00
1.000000e+00
1.000000e+00
1.000000e+00
1.000000e+00
1.000000e+00
1.000000e+00
1.000000e+00
1.000000e+00
1.000000e+00
1.000000e+00
1.000000e+00
1.000000e+00
1.000000e+00
1.000000e+00
1.000000e+00
1.000000e+00
1.000000e+00
1.000000e+00
1.000000e+00
1.000000e+00
1.000000e+00
1.000000e+00
1.000000e+00
1.000000e+00
1.000000e+00
1.000000e+00
1.000000e+00
1.000000e+00
1.000000e+00
1.000000e+00
1.000000e+00
1.000000e+00
1.000000e+00
1.000000e+00
1.000000e+00
1.000000e+00
1.000000e+00
1.000000e+00
1.000000e+00
1.000000e+00
1.000000e+00
1.000000e+00
1.000000e+00
1.000000e+00
1.000000e+00
1.000000e+00
1.000000e+00
1.000000e+00
1.000000e+00
1.000000e+00
1.000000e+00
1.000000e+00
1.000000e+00
1.000000e+00
1.000000e+00
1.000000e+00
1.000000e+00
1.000000e+00
1.000000e+00
1.000000e+00
1.000000e+00
1.000000e+00
1.000000e+00
1.000000e+00
1.000000e+00
1.000000e+00
1.000000e+00
1.000000e+00
1.000000e+00
1.000000e+00
1.000000e+00
1.000000e+00
1.000000e+00
1.000000e+00
1.000000e+00
1.000000e+00
1.000000e+00
1.000000e+00
1.000000e+00
1.000000e+00
1.000000e+00
1.000000e+00
1.000000e+00
1.000000e+00
1.000000e+00
1.000000e+00
1.000000e+00
1.000000e+00
1.000000e+00
1.000000e+00
1.000000e+00
1.000000e+00
1.000000e+00
1.000000e+00
1.000000e+00
1.000000e+00
1.000000e+00
1.000000e+00
1.000000e+00
1.000000e+00
1.000000e+00
1.000000e+00
1.000000e+00
1.000000e+00
1.000000e+00
1.000000e+00
1.000000e+00
1.000000e+00
1.000000e+00
1.000000e+00
1.000000e+00
1.000000e+00
1.000000e+00
1.000000e+00
1.000000e+00
1.000000e+00
1.000000e+00
1.000000e+00
1.000000e+00
1.000000e+00
1.000000e+00
1.000000e+00
1.000000e+00
1.000000e+00
1.000000e+00
1.000000e+00
1.000000e+00
1.000000e+00
1.000000e+00
1.000000e+00
1.000000e+00
1.000000e+00
1.000000e+00
1.000000e+00
1.000000e+00
1.000000e+00
1.000000e+00
1.000000e+00
1.000000e+00
1.000000e+00
1.000000e+00
1.000000e+00
1.000000e+00
1.000000e+00
1.000000e+00
1.000000e+00
1.000000e+00
1.000000e+00
1.000000e+00
1.000000e+00
1.000000e+00
1.000000e+00
1.000000e+00
1.000000e+00
1.000000e+00
1.000000e+00
1.000000e+00
1.000000e+00
1.000000e+00
1.000000e+00
1.000000e+00
1.000000e+00
1.000000e+00
1.000000e+00
1.000000e+00
1.000000e+00
1.000000e+00
1.000000e+00
1.000000e+00
1.000000e+00
1.000000e+00
1.000000e+00
1.000000e+00
1.000000e+00
1.000000e+00
1.000000e+00
1.000000e+00
1.000000e+00
1.000000e+00
1.000000e+00
1.000000e+00
1.000000e+00
1.000000e+00
1.000000e+00
1.000000e+00
1.000000e+00
1.000000e+00
1.000000e+00
1.000000e+00
1.000000e+00
1.000000e+00
1.000000e+00
1.000000e+00
1.000000e+00
1.000000e+00
1.000000e+00
1.000000e+00
1.000000e+00
1.000000e+00
1.000000e+00
1.000000e+00
1.000000e+00
1.000000e+00
1.000001e+00
1.000001e+00
1.000001e+00
1.000001e+00
1.000001e+00
1.000001e+00
1.000001e+00
1.000001e+00
1.000002e+00
1.000002e+00
1.000002e+00
1.000002e+00
1.000003e+00
1.000003e+00
1.000003e+00
1.000003e+00
1.000004e+00
1.000004e+00
1.000005e+00
1.000005e+00
1.000005e+00
1.000006e+00
1.000006e+00
1.000006e+00
1.000006e+00
1.000007e+00
1.000007e+00
1.000007e+00
1.000007e+00
1.000006e+00
1.000006e+00
1.000005e+00
1.000004e+00
1.000003e+00
1.000001e+00
9.999994e-01
9.999970e-01
9.999940e-01
9.999905e-01
9.999863e-01
9.999814e-01
9.999756e-01
9.999690e-01
9.999612e-01
9.999525e-01
9.999424e-01
9.999312e-01
9.999183e-01
9.999041e-01
9.998880e-01
9.998703e-01
9.998505e-01
9.998289e-01
9.998048e-01
9.997787e-01
9.997500e-01
9.997189e-01
9.996850e-01
9.996486e-01
9.996091e-01
9.995669e-01
9.995215e-01
9.994733e-01
9.994216e-01
9.993672e-01
9.993092e-01
9.992484e-01
9.991841e-01
9.991171e-01
9.990466e-01
9.989737e-01
9.988973e-01
9.988189e-01
9.987373e-01
9.986540e-01
9.985677e-01
9.984804e-01
9.983905e-01
9.983002e-01
9.982078e-01
9.981157e-01
9.980219e-01
9.979295e-01
9.978354e-01
9.977435e-01
9.976488e-01
9.975541e-01
9.974468e-01
9.973147e-01
9.970979e-01
9.966648e-01
9.956244e-01
9.929703e-01
9.859858e-01
9.677492e-01
9.218489e-01
8.174533e-01
6.267003e-01
3.859455e-01
1.922821e-01
8.587859e-02
4.014435e-02
2.359585e-02
1.913632e-02
1.944199e-02
2.159122e-02
2.446946e-02
2.762957e-02
3.090694e-02
3.422235e-02
3.754901e-02
4.086333e-02
4.415751e-02
4.741688e-02
5.063526e-02
5.379966e-02
5.690332e-02
5.993396e-02
6.288444e-02
6.574332e-02
6.850373e-02
7.115555e-02
7.369290e-02
7.610755e-02
7.839529e-02
8.055030e-02
8.257060e-02
8.445313e-02
8.619842e-02
8.780628e-02
8.927978e-02
9.062138e-02
9.183638e-02
9.292944e-02
9.390758e-02
9.477697e-02
9.554568e-02
9.622071e-02
9.681050e-02
9.732222e-02
9.776406e-02
9.814285e-02
9.846610e-02
9.873991e-02
9.897088e-02
9.916417e-02
9.932533e-02
9.945854e-02
9.956832e-02
9.965790e-02
9.973085e-02
9.978958e-02
9.983683e-02
9.987431e-02
9.990409e-02
9.992734e-02
9.994557e-02
9.995954e-02
9.997035e-02
9.997845e-02
9.998464e-02
9.998914e-02
9.999254e-02
9.999491e-02
9.999670e-02
9.999787e-02
9.999876e-02
9.999927e-02
9.999968e-02
9.999986e-02
1.000000e-01
1.000001e-01
1.000001e-01
1.000001e-01
1.000001e-01
1.000001e-01
1.000001e-01
1.000000e-01
1.000001e-01
1.000000e-01
1.000000e-01
1.000000e-01
1.000000e-01
9.999999e-02
1.000000e-01
9.999999e-02
1.000000e-01
9.999998e-02
1.000000e-01
9.999998e-02
1.000000e-01
9.999998e-02
1.000000e-01
9.999999e-02
1.000000e-01
9.999999e-02
1.000000e-01
9.999999e-02
1.000000e-01
9.999999e-02
1.000000e-01
9.999999e-02
1.000000e-01
9.999999e-02
1.000000e-01
9.999999e-02
1.000000e-01
9.999999e-02
1.000000e-01
9.999999e-02
1.000000e-01
9.999999e-02
1.000000e-01
9.999999e-02
1.000000e-01
9.999999e-02
1.000000e-01
9.999999e-02
1.000000e-01
9.999999e-02
1.000000e-01
9.999999e-02
1.000000e-01
9.999999e-02
1.000000e-01
9.999999e-02
1.000000e-01
9.999999e-02
1.000000e-01
9.999999e-02
1.000000e-01
9.999999e-02
1.000000e-01
9.999999e-02
1.000000e-01
9.999999e-02
1.000000e-01
9.999999e-02
1.000000e-01
9.999999e-02
1.000000e-01
9.999999e-02
1.000000e-01
9.999999e-02
1.000000e-01
9.999999e-02
1.000000e-01
9.999999e-02
1.000000e-01
9.999999e-02
1.000000e-01
9.999999e-02
1.000000e-01
9.999999e-02
1.000000e-01
9.999999e-02
1.000000e-01
9.999999e-02
1.000000e-01
9.999999e-02
1.000000e-01
9.999999e-02
1.000000e-01
9.999999e-02
1.000000e-01
9.999999e-02
1.000000e-01
9.999999e-02
1.000000e-01
9.999999e-02
1.000000e-01
9.999999e-02
1.000000e-01
9.999999e-02
1.000000e-01
9.999999e-02
1.000000e-01
9.999999e-02
1.000000e-01
9.999999e-02
1.000000e-01
9.999999e-02
1.000000e-01
9.999999e-02
1.000000e-01
9.999999e-02
1.000000e-01
9.999999e-02
1.000000e-01
9.999999e-02
1.000000e-01
9.999999e-02
1.000000e-01
9.999999e-02
1.000000e-01
9.999999e-02
1.000000e-01
9.999999e-02
1.000000e-01
1.000000e-01
1.000000e-01
1.000000e-01
1.000000e-01
1.000000e-01
1.000000e-01
1.000000e-01
1.000000e-01
1.000000e-01
1.000000e-01
1.000000e-01
1.000000e-01
1.000000e-01
1.000000e-01
1.000000e-01
1.000000e-01
1.000000e-01
1.000000e-01
1.000000e-01
1.000000e-01
1.000000e-01
1.000000e-01
1.000000e-01
1.000000e-01
1.000000e-01
1.000000e-01
1.000000e-01
1.000000e-01
1.000000e-01
1.000000e-01
1.000000e-01
1.000000e-01
1.000000e-01
1.000000e-01
1.000000e-01
1.000000e-01
1.000000e-01
1.000000e-01
1.000000e-01
1.000000e-01
1.000000e-01
1.000000e-01
1.000000e-01
1.000000e-01
1.000000e-01
1.000000e-01
1.000000e-01
1.000000e-01
1.000000e-01
1.000000e-01
1.000000e-01
1.000000e-01
