9.993989e-01
9.993832e-01
9.993344e-01
9.992504e-01
9.991277e-01
9.989612e-01
9.987441e-01
9.984680e-01
9.981225e-01
9.976951e-01
9.971710e-01
9.965330e-01
9.957609e-01
9.948320e-01
9.937199e-01
9.923952e-01
9.908250e-01
9.889726e-01
9.867974e-01
9.842555e-01
9.812988e-01
9.778761e-01
9.739325e-01
9.694104e-01
9.642497e-01
9.583884e-01
9.517633e-01
9.443111e-01
9.359691e-01
9.266764e-01
9.163754e-01
9.050124e-01
8.925396e-01
8.789161e-01
8.641094e-01
8.480965e-01
8.308652e-01
8.124155e-01
7.927597e-01
7.719241e-01
7.499487e-01
7.268878e-01
7.028096e-01
6.777962e-01
6.519425e-01
6.253556e-01
5.981531e-01
5.704619e-01
5.424161e-01
5.141553e-01
4.858225e-01
4.575617e-01
4.295158e-01
4.018243e-01
3.746216e-01
3.480344e-01
3.221804e-01
2.971666e-01
2.730881e-01
2.500268e-01
2.280511e-01
2.072153e-01
1.875595e-01
1.691099e-01
1.518789e-01
1.358665e-01
1.210606e-01
1.074384e-01
9.496726e-02
8.360646e-02
7.330820e-02
6.401907e-02
5.568139e-02
4.823443e-02
4.161567e-02
3.576186e-02
3.061005e-02
2.609839e-02
2.216693e-02
1.875818e-02
1.581764e-02
1.329408e-02
1.113987e-02
9.311063e-03
7.767484e-03
6.472702e-03
5.393947e-03
4.501973e-03
3.770888e-03
3.177957e-03
2.703384e-03
2.330090e-03
2.043493e-03
1.831288e-03
1.683257e-03
1.591076e-03
1.548165e-03
1.549547e-03
1.591745e-03
1.672705e-03
