5.046020e-01
5.046030e-01
5.046051e-01
5.046082e-01
5.046125e-01
5.046177e-01
5.046240e-01
5.046313e-01
5.046396e-01
5.046489e-01
5.046592e-01
5.046706e-01
5.046830e-01
5.046964e-01
5.047108e-01
5.047262e-01
5.047427e-01
5.047601e-01
5.047786e-01
5.047981e-01
5.048187e-01
5.048402e-01
5.048628e-01
5.048864e-01
5.049110e-01
5.049367e-01
5.049634e-01
5.049910e-01
5.050198e-01
5.050495e-01
5.050803e-01
5.051121e-01
5.051449e-01
5.051788e-01
5.052137e-01
5.052496e-01
5.052866e-01
5.053246e-01
5.053636e-01
5.054036e-01
5.054447e-01
5.054869e-01
5.055300e-01
5.055742e-01
5.056195e-01
5.056658e-01
5.057131e-01
5.057614e-01
5.058108e-01
5.058613e-01
5.059128e-01
5.059653e-01
5.060189e-01
5.060736e-01
5.061292e-01
5.061860e-01
5.062437e-01
5.063026e-01
5.063625e-01
5.064234e-01
5.064854e-01
5.065484e-01
5.066125e-01
5.066777e-01
5.067439e-01
5.068112e-01
5.068795e-01
5.069489e-01
5.070193e-01
5.070909e-01
5.071634e-01
5.072371e-01
5.073118e-01
5.073875e-01
5.074644e-01
5.075423e-01
5.076212e-01
5.077012e-01
5.077823e-01
5.078645e-01
5.079477e-01
5.080320e-01
5.081174e-01
5.082039e-01
5.082914e-01
5.083800e-01
5.084696e-01
5.085602e-01
5.086518e-01
5.087444e-01
5.088379e-01
5.089321e-01
5.090272e-01
5.091230e-01
5.092195e-01
5.093167e-01
5.094146e-01
5.095131e-01
5.096122e-01
5.097119e-01
