7.324422e-01
7.323257e-01
7.319758e-01
7.313927e-01
7.305770e-01
7.295296e-01
7.282514e-01
7.267437e-01
7.250082e-01
7.230464e-01
7.208604e-01
7.184523e-01
7.158246e-01
7.129800e-01
7.099212e-01
7.066513e-01
7.031737e-01
6.994918e-01
6.956093e-01
6.915302e-01
6.872585e-01
6.827985e-01
6.781548e-01
6.733320e-01
6.683350e-01
6.631687e-01
6.578385e-01
6.523497e-01
6.467078e-01
6.409185e-01
6.349877e-01
6.289214e-01
6.227257e-01
6.164069e-01
6.099713e-01
6.034255e-01
5.967761e-01
5.900299e-01
5.831936e-01
5.762743e-01
5.692788e-01
5.622144e-01
5.550882e-01
5.479074e-01
5.406793e-01
5.334112e-01
5.261105e-01
5.187847e-01
5.114412e-01
5.040874e-01
4.967308e-01
4.893790e-01
4.820393e-01
4.747192e-01
4.674262e-01
4.601677e-01
4.529511e-01
4.457837e-01
4.386729e-01
4.316257e-01
4.246495e-01
4.177513e-01
4.109382e-01
4.042170e-01
3.975946e-01
3.910778e-01
3.846731e-01
3.783872e-01
3.722264e-01
3.661969e-01
3.603050e-01
3.545565e-01
3.489575e-01
3.435135e-01
3.382301e-01
3.331128e-01
3.281667e-01
3.233968e-01
3.188081e-01
3.144052e-01
3.101926e-01
3.061747e-01
3.023555e-01
2.987390e-01
2.953288e-01
2.921285e-01
2.891414e-01
2.863705e-01
2.838186e-01
2.814885e-01
2.793825e-01
2.775028e-01
2.758513e-01
2.744299e-01
2.732399e-01
2.722828e-01
2.715595e-01
2.710708e-01
2.708174e-01
2.707995e-01
