7.101898e-01
7.100845e-01
7.097680e-01
7.092407e-01
7.085031e-01
7.075559e-01
7.064001e-01
7.050367e-01
7.034673e-01
7.016933e-01
6.997166e-01
6.975391e-01
6.951631e-01
6.925909e-01
6.898252e-01
6.868687e-01
6.837244e-01
6.803954e-01
6.768852e-01
6.731973e-01
6.693354e-01
6.653034e-01
6.611054e-01
6.567456e-01
6.522284e-01
6.475584e-01
6.427403e-01
6.377789e-01
6.326794e-01
6.274468e-01
6.220865e-01
6.166038e-01
6.110043e-01
6.052938e-01
5.994778e-01
5.935625e-01
5.875537e-01
5.814575e-01
5.752801e-01
5.690278e-01
5.627070e-01
5.563239e-01
5.498851e-01
5.433972e-01
5.368666e-01
5.303001e-01
5.237043e-01
5.170859e-01
5.104516e-01
5.038082e-01
4.971623e-01
4.905208e-01
4.838904e-01
4.772778e-01
4.706898e-01
4.641330e-01
4.576142e-01
4.511399e-01
4.447167e-01
4.383512e-01
4.320498e-01
4.258190e-01
4.196650e-01
4.135943e-01
4.076128e-01
4.017268e-01
3.959422e-01
3.902650e-01
3.847008e-01
3.792555e-01
3.739344e-01
3.687432e-01
3.636870e-01
3.587710e-01
3.540002e-01
3.493796e-01
3.449139e-01
3.406075e-01
3.364650e-01
3.324906e-01
3.286883e-01
3.250621e-01
3.216156e-01
3.183525e-01
3.152761e-01
3.123896e-01
3.096959e-01
3.071979e-01
3.048981e-01
3.027989e-01
3.009025e-01
2.992109e-01
2.977259e-01
2.964490e-01
2.953816e-01
2.945249e-01
2.938798e-01
2.934471e-01
2.932272e-01
2.932206e-01
