6.998753e-01
6.997752e-01
6.994743e-01
6.989730e-01
6.982717e-01
6.973711e-01
6.962721e-01
6.949758e-01
6.934836e-01
6.917969e-01
6.899175e-01
6.878472e-01
6.855881e-01
6.831425e-01
6.805129e-01
6.777019e-01
6.747124e-01
6.715474e-01
6.682101e-01
6.647038e-01
6.610322e-01
6.571988e-01
6.532076e-01
6.490627e-01
6.447682e-01
6.403284e-01
6.357479e-01
6.310313e-01
6.261833e-01
6.212089e-01
6.161130e-01
6.109010e-01
6.055779e-01
6.001493e-01
5.946206e-01
5.889974e-01
5.832854e-01
5.774904e-01
5.716183e-01
5.656751e-01
5.596667e-01
5.535992e-01
5.474788e-01
5.413118e-01
5.351043e-01
5.288627e-01
5.225933e-01
5.163025e-01
5.099966e-01
5.036820e-01
4.973653e-01
4.910527e-01
4.847507e-01
4.784658e-01
4.722042e-01
4.659724e-01
4.597767e-01
4.536233e-01
4.475186e-01
4.414688e-01
4.354800e-01
4.295584e-01
4.237098e-01
4.179404e-01
4.122560e-01
4.066623e-01
4.011651e-01
3.957699e-01
3.904824e-01
3.853078e-01
3.802514e-01
3.753185e-01
3.705141e-01
3.658430e-01
3.613100e-01
3.569198e-01
3.526769e-01
3.485857e-01
3.446502e-01
3.408746e-01
3.372628e-01
3.338184e-01
3.305450e-01
3.274461e-01
3.245246e-01
3.217838e-01
3.192265e-01
3.168552e-01
3.146725e-01
3.126806e-01
3.108817e-01
3.092775e-01
3.078698e-01
3.066601e-01
3.056496e-01
3.048396e-01
3.042308e-01
3.038241e-01
3.036198e-01
3.036184e-01
