6.807429e-01
6.806524e-01
6.803805e-01
6.799274e-01
6.792935e-01
6.784794e-01
6.774861e-01
6.763145e-01
6.749657e-01
6.734411e-01
6.717424e-01
6.698711e-01
6.678292e-01
6.656188e-01
6.632421e-01
6.607014e-01
6.579994e-01
6.551388e-01
6.521225e-01
6.489535e-01
6.456351e-01
6.421706e-01
6.385635e-01
6.348175e-01
6.309363e-01
6.269239e-01
6.227843e-01
6.185218e-01
6.141407e-01
6.096453e-01
6.050403e-01
6.003303e-01
5.955201e-01
5.906146e-01
5.856187e-01
5.805375e-01
5.753761e-01
5.701398e-01
5.648340e-01
5.594639e-01
5.540350e-01
5.485528e-01
5.430230e-01
5.374510e-01
5.318426e-01
5.262035e-01
5.205393e-01
5.148559e-01
5.091590e-01
5.034543e-01
4.977478e-01
4.920452e-01
4.863522e-01
4.806747e-01
4.750184e-01
4.693892e-01
4.637926e-01
4.582345e-01
4.527205e-01
4.472562e-01
4.418471e-01
4.364987e-01
4.312166e-01
4.260061e-01
4.208725e-01
4.158211e-01
4.108569e-01
4.059851e-01
4.012107e-01
3.965385e-01
3.919733e-01
3.875197e-01
3.831824e-01
3.789657e-01
3.748741e-01
3.709116e-01
3.670823e-01
3.633903e-01
3.598392e-01
3.564328e-01
3.531745e-01
3.500677e-01
3.471157e-01
3.443214e-01
3.416878e-01
3.392176e-01
3.369134e-01
3.347775e-01
3.328123e-01
3.310197e-01
3.294016e-01
3.279598e-01
3.266957e-01
3.256108e-01
3.247062e-01
3.239828e-01
3.234416e-01
3.230831e-01
3.229079e-01
3.229161e-01
