6.900678e-01
6.899726e-01
6.896866e-01
6.892100e-01
6.885432e-01
6.876870e-01
6.866421e-01
6.854097e-01
6.839910e-01
6.823874e-01
6.806005e-01
6.786322e-01
6.764844e-01
6.741593e-01
6.716593e-01
6.689869e-01
6.661447e-01
6.631357e-01
6.599629e-01
6.566294e-01
6.531388e-01
6.494945e-01
6.457001e-01
6.417596e-01
6.376770e-01
6.334562e-01
6.291017e-01
6.246178e-01
6.200091e-01
6.152802e-01
6.104360e-01
6.054812e-01
6.004211e-01
5.952606e-01
5.900049e-01
5.846596e-01
5.792298e-01
5.737213e-01
5.681394e-01
5.624899e-01
5.567786e-01
5.510112e-01
5.451935e-01
5.393316e-01
5.334312e-01
5.274984e-01
5.215393e-01
5.155598e-01
5.095661e-01
5.035643e-01
4.975603e-01
4.915604e-01
4.855707e-01
4.795971e-01
4.736458e-01
4.677229e-01
4.618344e-01
4.559862e-01
4.501843e-01
4.444346e-01
4.387430e-01
4.331152e-01
4.275570e-01
4.220741e-01
4.166720e-01
4.113563e-01
4.061323e-01
4.010054e-01
3.959809e-01
3.910638e-01
3.862592e-01
3.815720e-01
3.770069e-01
3.725688e-01
3.682620e-01
3.640910e-01
3.600601e-01
3.561735e-01
3.524350e-01
3.488486e-01
3.454180e-01
3.421466e-01
3.390379e-01
3.360951e-01
3.333212e-01
3.307190e-01
3.282914e-01
3.260408e-01
3.239695e-01
3.220797e-01
3.203735e-01
3.188525e-01
3.175184e-01
3.163726e-01
3.154164e-01
3.146508e-01
3.140766e-01
3.136946e-01
3.135052e-01
3.135087e-01
