6.554346e-01
6.553569e-01
6.551233e-01
6.547341e-01
6.541895e-01
6.534902e-01
6.526368e-01
6.516303e-01
6.504716e-01
6.491619e-01
6.477025e-01
6.460949e-01
6.443407e-01
6.424418e-01
6.404000e-01
6.382174e-01
6.358962e-01
6.334388e-01
6.308476e-01
6.281253e-01
6.252747e-01
6.222986e-01
6.192000e-01
6.159822e-01
6.126482e-01
6.092017e-01
6.056459e-01
6.019846e-01
5.982214e-01
5.943602e-01
5.904048e-01
5.863594e-01
5.822279e-01
5.780146e-01
5.737238e-01
5.693598e-01
5.649271e-01
5.604301e-01
5.558734e-01
5.512616e-01
5.465995e-01
5.418917e-01
5.371430e-01
5.323584e-01
5.275425e-01
5.227004e-01
5.178369e-01
5.129570e-01
5.080656e-01
5.031678e-01
4.982684e-01
4.933726e-01
4.884852e-01
4.836113e-01
4.787558e-01
4.739236e-01
4.691197e-01
4.643490e-01
4.596164e-01
4.549266e-01
4.502844e-01
4.456946e-01
4.411619e-01
4.366909e-01
4.322861e-01
4.279522e-01
4.236934e-01
4.195141e-01
4.154187e-01
4.114114e-01
4.074961e-01
4.036770e-01
3.999580e-01
3.963428e-01
3.928353e-01
3.894389e-01
3.861573e-01
3.829938e-01
3.799516e-01
3.770339e-01
3.742438e-01
3.715840e-01
3.690574e-01
3.666667e-01
3.644142e-01
3.623024e-01
3.603334e-01
3.585093e-01
3.568321e-01
3.553035e-01
3.539250e-01
3.526982e-01
3.516244e-01
3.507048e-01
3.499403e-01
3.493318e-01
3.488800e-01
3.485855e-01
3.484486e-01
3.484697e-01
