6.478163e-01
6.477424e-01
6.475204e-01
6.471504e-01
6.466327e-01
6.459680e-01
6.451568e-01
6.442000e-01
6.430985e-01
6.418535e-01
6.404663e-01
6.389381e-01
6.372707e-01
6.354656e-01
6.335247e-01
6.314499e-01
6.292435e-01
6.269075e-01
6.244444e-01
6.218567e-01
6.191470e-01
6.163180e-01
6.133726e-01
6.103138e-01
6.071448e-01
6.038686e-01
6.004887e-01
5.970084e-01
5.934314e-01
5.897612e-01
5.860015e-01
5.821562e-01
5.782291e-01
5.742243e-01
5.701459e-01
5.659978e-01
5.617845e-01
5.575101e-01
5.531791e-01
5.487957e-01
5.443644e-01
5.398898e-01
5.353764e-01
5.308288e-01
5.262516e-01
5.216495e-01
5.170271e-01
5.123891e-01
5.077403e-01
5.030854e-01
4.984291e-01
4.937762e-01
4.891314e-01
4.844995e-01
4.798851e-01
4.752929e-01
4.707277e-01
4.661941e-01
4.616967e-01
4.572402e-01
4.528289e-01
4.484676e-01
4.441605e-01
4.399122e-01
4.357269e-01
4.316090e-01
4.275626e-01
4.235920e-01
4.197010e-01
4.158939e-01
4.121744e-01
4.085464e-01
4.050135e-01
4.015795e-01
3.982479e-01
3.950221e-01
3.919054e-01
3.889011e-01
3.860122e-01
3.832417e-01
3.805925e-01
3.780674e-01
3.756690e-01
3.733998e-01
3.712621e-01
3.692583e-01
3.673903e-01
3.656601e-01
3.640696e-01
3.626205e-01
3.613142e-01
3.601523e-01
3.591358e-01
3.582659e-01
3.575436e-01
3.569698e-01
3.565449e-01
3.562697e-01
3.561444e-01
3.561693e-01
