9.954708e-01
9.954072e-01
9.952145e-01
9.948894e-01
9.944264e-01
9.938181e-01
9.930545e-01
9.921239e-01
9.910122e-01
9.897031e-01
9.881783e-01
9.864176e-01
9.843984e-01
9.820965e-01
9.794856e-01
9.765379e-01
9.732238e-01
9.695124e-01
9.653717e-01
9.607686e-01
9.556695e-01
9.500405e-01
9.438475e-01
9.370569e-01
9.296361e-01
9.215536e-01
9.127796e-01
9.032866e-01
8.930498e-01
8.820474e-01
8.702616e-01
8.576784e-01
8.442886e-01
8.300879e-01
8.150774e-01
7.992638e-01
7.826597e-01
7.652840e-01
7.471616e-01
7.283236e-01
7.088076e-01
6.886568e-01
6.679204e-01
6.466532e-01
6.249149e-01
6.027696e-01
5.802858e-01
5.575350e-01
5.345916e-01
5.115319e-01
4.884332e-01
4.653735e-01
4.424302e-01
4.196797e-01
3.971961e-01
3.750513e-01
3.533135e-01
3.320471e-01
3.113116e-01
2.911620e-01
2.716473e-01
2.528111e-01
2.346908e-01
2.173176e-01
2.007166e-01
1.849066e-01
1.699003e-01
1.557046e-01
1.423206e-01
1.297442e-01
1.179661e-01
1.069726e-01
9.674591e-02
8.726441e-02
7.850341e-02
7.043552e-02
6.303114e-02
5.625892e-02
5.008630e-02
4.447986e-02
3.940580e-02
3.483028e-02
3.071980e-02
2.704153e-02
2.376354e-02
2.085512e-02
1.828690e-02
1.603114e-02
1.406177e-02
1.235461e-02
1.088737e-02
9.639820e-03
8.593753e-03
7.733086e-03
7.043856e-03
6.514241e-03
6.134568e-03
5.897316e-03
5.797112e-03
5.830735e-03
