6.336887e-01
6.336220e-01
6.334214e-01
6.330871e-01
6.326194e-01
6.320187e-01
6.312858e-01
6.304213e-01
6.294261e-01
6.283012e-01
6.270477e-01
6.256669e-01
6.241603e-01
6.225293e-01
6.207756e-01
6.189010e-01
6.169074e-01
6.147968e-01
6.125713e-01
6.102333e-01
6.077850e-01
6.052290e-01
6.025678e-01
5.998042e-01
5.969410e-01
5.939810e-01
5.909273e-01
5.877830e-01
5.845512e-01
5.812353e-01
5.778386e-01
5.743646e-01
5.708168e-01
5.671988e-01
5.635143e-01
5.597670e-01
5.559607e-01
5.520993e-01
5.481867e-01
5.442270e-01
5.402241e-01
5.361821e-01
5.321051e-01
5.279972e-01
5.238627e-01
5.197058e-01
5.155306e-01
5.113415e-01
5.071427e-01
5.029385e-01
4.987331e-01
4.945308e-01
4.903360e-01
4.861529e-01
4.819858e-01
4.778389e-01
4.737165e-01
4.696227e-01
4.655618e-01
4.615378e-01
4.575550e-01
4.536174e-01
4.497290e-01
4.458937e-01
4.421156e-01
4.383985e-01
4.347462e-01
4.311624e-01
4.276508e-01
4.242151e-01
4.208587e-01
4.175852e-01
4.143978e-01
4.112999e-01
4.082946e-01
4.053852e-01
4.025744e-01
3.998654e-01
3.972609e-01
3.947635e-01
3.923759e-01
3.901006e-01
3.879400e-01
3.858963e-01
3.839716e-01
3.821680e-01
3.804874e-01
3.789315e-01
3.775020e-01
3.762003e-01
3.750280e-01
3.739862e-01
3.730761e-01
3.722986e-01
3.716546e-01
3.711449e-01
3.707701e-01
3.705306e-01
3.704268e-01
3.704588e-01
