6.405738e-01
6.405036e-01
6.402925e-01
6.399408e-01
6.394488e-01
6.388169e-01
6.380458e-01
6.371363e-01
6.360893e-01
6.349059e-01
6.335872e-01
6.321346e-01
6.305496e-01
6.288337e-01
6.269888e-01
6.250166e-01
6.229192e-01
6.206988e-01
6.183575e-01
6.158977e-01
6.133220e-01
6.106330e-01
6.078333e-01
6.049258e-01
6.019135e-01
5.987994e-01
5.955867e-01
5.922786e-01
5.888785e-01
5.853899e-01
5.818163e-01
5.781613e-01
5.744287e-01
5.706221e-01
5.667456e-01
5.628030e-01
5.587983e-01
5.547356e-01
5.506191e-01
5.464528e-01
5.422411e-01
5.379883e-01
5.336986e-01
5.293764e-01
5.250261e-01
5.206522e-01
5.162590e-01
5.118511e-01
5.074330e-01
5.030091e-01
4.985839e-01
4.941620e-01
4.897479e-01
4.853460e-01
4.809609e-01
4.765970e-01
4.722587e-01
4.679506e-01
4.636769e-01
4.594421e-01
4.552505e-01
4.511063e-01
4.470138e-01
4.429773e-01
4.390007e-01
4.350882e-01
4.312438e-01
4.274715e-01
4.237750e-01
4.201582e-01
4.166249e-01
4.131785e-01
4.098228e-01
4.065610e-01
4.033967e-01
4.003330e-01
3.973732e-01
3.945202e-01
3.917771e-01
3.891466e-01
3.866315e-01
3.842345e-01
3.819579e-01
3.798043e-01
3.777758e-01
3.758746e-01
3.741026e-01
3.724618e-01
3.709538e-01
3.695803e-01
3.683427e-01
3.672423e-01
3.662803e-01
3.654578e-01
3.647757e-01
3.642347e-01
3.638355e-01
3.635786e-01
3.634643e-01
3.634928e-01
