6.209215e-01
6.208612e-01
6.206800e-01
6.203780e-01
6.199555e-01
6.194128e-01
6.187507e-01
6.179696e-01
6.170705e-01
6.160541e-01
6.149217e-01
6.136742e-01
6.123130e-01
6.108395e-01
6.092551e-01
6.075615e-01
6.057604e-01
6.038535e-01
6.018430e-01
5.997307e-01
5.975188e-01
5.952096e-01
5.928054e-01
5.903088e-01
5.877221e-01
5.850480e-01
5.822893e-01
5.794488e-01
5.765293e-01
5.735338e-01
5.704653e-01
5.673271e-01
5.641222e-01
5.608539e-01
5.575256e-01
5.541406e-01
5.507024e-01
5.472144e-01
5.436803e-01
5.401037e-01
5.364880e-01
5.328372e-01
5.291548e-01
5.254446e-01
5.217104e-01
5.179560e-01
5.141853e-01
5.104020e-01
5.066100e-01
5.028133e-01
4.990156e-01
4.952208e-01
4.914329e-01
4.876556e-01
4.838929e-01
4.801486e-01
4.764265e-01
4.727304e-01
4.690642e-01
4.654315e-01
4.618360e-01
4.582815e-01
4.547716e-01
4.513099e-01
4.478999e-01
4.445452e-01
4.412492e-01
4.380153e-01
4.348467e-01
4.317468e-01
4.287188e-01
4.257658e-01
4.228908e-01
4.200967e-01
4.173866e-01
4.147631e-01
4.122291e-01
4.097871e-01
4.074397e-01
4.051893e-01
4.030383e-01
4.009889e-01
3.990432e-01
3.972034e-01
3.954713e-01
3.938488e-01
3.923376e-01
3.909393e-01
3.896553e-01
3.884871e-01
3.874359e-01
3.865028e-01
3.856888e-01
3.849948e-01
3.844217e-01
3.839701e-01
3.836404e-01
3.834333e-01
3.833488e-01
3.833873e-01
