6.271435e-01
6.270801e-01
6.268894e-01
6.265716e-01
6.261271e-01
6.255562e-01
6.248595e-01
6.240378e-01
6.230918e-01
6.220226e-01
6.208311e-01
6.195187e-01
6.180866e-01
6.165364e-01
6.148695e-01
6.130876e-01
6.111927e-01
6.091865e-01
6.070712e-01
6.048488e-01
6.025217e-01
6.000922e-01
5.975628e-01
5.949360e-01
5.922145e-01
5.894011e-01
5.864986e-01
5.835100e-01
5.804383e-01
5.772866e-01
5.740582e-01
5.707563e-01
5.673842e-01
5.639455e-01
5.604436e-01
5.568820e-01
5.532644e-01
5.495944e-01
5.458758e-01
5.421124e-01
5.383080e-01
5.344665e-01
5.305918e-01
5.266878e-01
5.227585e-01
5.188079e-01
5.148400e-01
5.108589e-01
5.068686e-01
5.028733e-01
4.988769e-01
4.948835e-01
4.908972e-01
4.869222e-01
4.829624e-01
4.790218e-01
4.751046e-01
4.712147e-01
4.673560e-01
4.635326e-01
4.597484e-01
4.560071e-01
4.523128e-01
4.486690e-01
4.450796e-01
4.415482e-01
4.380785e-01
4.346741e-01
4.313383e-01
4.280748e-01
4.248867e-01
4.217774e-01
4.187502e-01
4.158080e-01
4.129540e-01
4.101912e-01
4.075223e-01
4.049501e-01
4.024774e-01
4.001066e-01
3.978403e-01
3.956808e-01
3.936303e-01
3.916911e-01
3.898652e-01
3.881544e-01
3.865606e-01
3.850855e-01
3.837306e-01
3.824973e-01
3.813871e-01
3.804010e-01
3.795401e-01
3.788055e-01
3.781978e-01
3.777179e-01
3.773662e-01
3.771433e-01
3.770494e-01
3.770848e-01
