6.093845e-01
6.093301e-01
6.091664e-01
6.088936e-01
6.085119e-01
6.080217e-01
6.074235e-01
6.067179e-01
6.059057e-01
6.049876e-01
6.039645e-01
6.028376e-01
6.016079e-01
6.002768e-01
5.988455e-01
5.973156e-01
5.956885e-01
5.939659e-01
5.921496e-01
5.902415e-01
5.882434e-01
5.861574e-01
5.839857e-01
5.817303e-01
5.793937e-01
5.769782e-01
5.744863e-01
5.719204e-01
5.692832e-01
5.665775e-01
5.638058e-01
5.609712e-01
5.580764e-01
5.551243e-01
5.521181e-01
5.490607e-01
5.459553e-01
5.428051e-01
5.396132e-01
5.363829e-01
5.331175e-01
5.298203e-01
5.264947e-01
5.231441e-01
5.197719e-01
5.163815e-01
5.129764e-01
5.095601e-01
5.061360e-01
5.027077e-01
4.992786e-01
4.958523e-01
4.924323e-01
4.890220e-01
4.856250e-01
4.822447e-01
4.788846e-01
4.755481e-01
4.722387e-01
4.689597e-01
4.657145e-01
4.625065e-01
4.593388e-01
4.562149e-01
4.531378e-01
4.501108e-01
4.471369e-01
4.442193e-01
4.413609e-01
4.385647e-01
4.358336e-01
4.331704e-01
4.305778e-01
4.280586e-01
4.256153e-01
4.232505e-01
4.209666e-01
4.187661e-01
4.166511e-01
4.146240e-01
4.126869e-01
4.108418e-01
4.090905e-01
4.074351e-01
4.058772e-01
4.044184e-01
4.030604e-01
4.018045e-01
4.006522e-01
3.996046e-01
3.986629e-01
3.978280e-01
3.971010e-01
3.964826e-01
3.959735e-01
3.955744e-01
3.952856e-01
3.951077e-01
3.950408e-01
3.950852e-01
