6.150068e-01
6.149496e-01
6.147774e-01
6.144903e-01
6.140887e-01
6.135730e-01
6.129436e-01
6.122012e-01
6.113466e-01
6.103806e-01
6.093043e-01
6.081186e-01
6.068248e-01
6.054243e-01
6.039184e-01
6.023086e-01
6.005967e-01
5.987843e-01
5.968733e-01
5.948657e-01
5.927634e-01
5.905686e-01
5.882836e-01
5.859106e-01
5.834521e-01
5.809106e-01
5.782886e-01
5.755889e-01
5.728141e-01
5.699671e-01
5.670508e-01
5.640681e-01
5.610222e-01
5.579160e-01
5.547528e-01
5.515357e-01
5.482681e-01
5.449533e-01
5.415946e-01
5.381955e-01
5.347594e-01
5.312898e-01
5.277903e-01
5.242644e-01
5.207157e-01
5.171479e-01
5.135646e-01
5.099694e-01
5.063660e-01
5.027581e-01
4.991494e-01
4.955435e-01
4.919442e-01
4.883550e-01
4.847798e-01
4.812220e-01
4.776855e-01
4.741738e-01
4.706904e-01
4.672390e-01
4.638231e-01
4.604462e-01
4.571117e-01
4.538231e-01
4.505838e-01
4.473970e-01
4.442662e-01
4.411944e-01
4.381848e-01
4.352406e-01
4.323647e-01
4.295603e-01
4.268300e-01
4.241768e-01
4.216035e-01
4.191126e-01
4.167068e-01
4.143886e-01
4.121603e-01
4.100244e-01
4.079830e-01
4.060383e-01
4.041923e-01
4.024470e-01
4.008042e-01
3.992656e-01
3.978329e-01
3.965076e-01
3.952911e-01
3.941847e-01
3.931896e-01
3.923069e-01
3.915375e-01
3.908823e-01
3.903420e-01
3.899172e-01
3.896086e-01
3.894164e-01
3.893409e-01
3.893824e-01
