6.040401e-01
6.039884e-01
6.038328e-01
6.035735e-01
6.032108e-01
6.027449e-01
6.021764e-01
6.015058e-01
6.007338e-01
5.998612e-01
5.988889e-01
5.978178e-01
5.966491e-01
5.953840e-01
5.940236e-01
5.925695e-01
5.910231e-01
5.893860e-01
5.876598e-01
5.858462e-01
5.839472e-01
5.819647e-01
5.799007e-01
5.777572e-01
5.755365e-01
5.732408e-01
5.708725e-01
5.684340e-01
5.659277e-01
5.633562e-01
5.607221e-01
5.580282e-01
5.552771e-01
5.524716e-01
5.496147e-01
5.467092e-01
5.437581e-01
5.407643e-01
5.377310e-01
5.346613e-01
5.315582e-01
5.284249e-01
5.252647e-01
5.220807e-01
5.188763e-01
5.156546e-01
5.124190e-01
5.091727e-01
5.059192e-01
5.026616e-01
4.994034e-01
4.961479e-01
4.928984e-01
4.896582e-01
4.864307e-01
4.832191e-01
4.800268e-01
4.768570e-01
4.737130e-01
4.705979e-01
4.675151e-01
4.644676e-01
4.614586e-01
4.584912e-01
4.555684e-01
4.526932e-01
4.498687e-01
4.470977e-01
4.443831e-01
4.417276e-01
4.391341e-01
4.366052e-01
4.341435e-01
4.317517e-01
4.294320e-01
4.271871e-01
4.250192e-01
4.229306e-01
4.209234e-01
4.189998e-01
4.171618e-01
4.154113e-01
4.137502e-01
4.121802e-01
4.107030e-01
4.093202e-01
4.080332e-01
4.068433e-01
4.057520e-01
4.047603e-01
4.038693e-01
4.030800e-01
4.023933e-01
4.018099e-01
4.013305e-01
4.009557e-01
4.006859e-01
4.005215e-01
4.004628e-01
4.005098e-01
