5.941312e-01
5.940845e-01
5.939440e-01
5.937098e-01
5.933822e-01
5.929614e-01
5.924479e-01
5.918422e-01
5.911449e-01
5.903568e-01
5.894785e-01
5.885111e-01
5.874555e-01
5.863128e-01
5.850841e-01
5.837707e-01
5.823740e-01
5.808953e-01
5.793362e-01
5.776982e-01
5.759830e-01
5.741924e-01
5.723282e-01
5.703923e-01
5.683866e-01
5.663132e-01
5.641743e-01
5.619719e-01
5.597084e-01
5.573861e-01
5.550072e-01
5.525743e-01
5.500898e-01
5.475563e-01
5.449763e-01
5.423525e-01
5.396875e-01
5.369842e-01
5.342451e-01
5.314732e-01
5.286712e-01
5.258421e-01
5.229886e-01
5.201138e-01
5.172206e-01
5.143119e-01
5.113907e-01
5.084600e-01
5.055227e-01
5.025820e-01
4.996408e-01
4.967021e-01
4.937689e-01
4.908442e-01
4.879311e-01
4.850325e-01
4.821515e-01
4.792909e-01
4.764536e-01
4.736427e-01
4.708611e-01
4.681114e-01
4.653967e-01
4.627197e-01
4.600831e-01
4.574898e-01
4.549422e-01
4.524432e-01
4.499953e-01
4.476009e-01
4.452627e-01
4.429830e-01
4.407642e-01
4.386085e-01
4.365184e-01
4.344958e-01
4.325430e-01
4.306620e-01
4.288548e-01
4.271232e-01
4.254691e-01
4.238942e-01
4.224002e-01
4.209888e-01
4.196613e-01
4.184193e-01
4.172640e-01
4.161967e-01
4.152185e-01
4.143305e-01
4.135337e-01
4.128289e-01
4.122170e-01
4.116985e-01
4.112742e-01
4.109445e-01
4.107098e-01
4.105706e-01
4.105269e-01
4.105790e-01
