5.895414e-01
5.894970e-01
5.893635e-01
5.891410e-01
5.888296e-01
5.884297e-01
5.879417e-01
5.873661e-01
5.867035e-01
5.859544e-01
5.851198e-01
5.842004e-01
5.831973e-01
5.821113e-01
5.809436e-01
5.796955e-01
5.783681e-01
5.769628e-01
5.754811e-01
5.739245e-01
5.722946e-01
5.705929e-01
5.688213e-01
5.669816e-01
5.650756e-01
5.631052e-01
5.610726e-01
5.589797e-01
5.568287e-01
5.546218e-01
5.523613e-01
5.500494e-01
5.476885e-01
5.452810e-01
5.428294e-01
5.403361e-01
5.378038e-01
5.352350e-01
5.326323e-01
5.299984e-01
5.273360e-01
5.246478e-01
5.219366e-01
5.192051e-01
5.164561e-01
5.136925e-01
5.109170e-01
5.081325e-01
5.053419e-01
5.025480e-01
4.997536e-01
4.969618e-01
4.941752e-01
4.913968e-01
4.886294e-01
4.858759e-01
4.831391e-01
4.804218e-01
4.777268e-01
4.750569e-01
4.724148e-01
4.698032e-01
4.672249e-01
4.646825e-01
4.621786e-01
4.597158e-01
4.572966e-01
4.549237e-01
4.525993e-01
4.503260e-01
4.481061e-01
4.459419e-01
4.438356e-01
4.417895e-01
4.398057e-01
4.378862e-01
4.360331e-01
4.342483e-01
4.325337e-01
4.308911e-01
4.293223e-01
4.278288e-01
4.264123e-01
4.250743e-01
4.238163e-01
4.226395e-01
4.215452e-01
4.205347e-01
4.196090e-01
4.187691e-01
4.180159e-01
4.173503e-01
4.167730e-01
4.162846e-01
4.158858e-01
4.155770e-01
4.153587e-01
4.152311e-01
4.151944e-01
4.152489e-01
