5.810324e-01
5.809924e-01
5.808718e-01
5.806709e-01
5.803897e-01
5.800286e-01
5.795879e-01
5.790681e-01
5.784697e-01
5.777933e-01
5.770395e-01
5.762093e-01
5.753033e-01
5.743226e-01
5.732682e-01
5.721410e-01
5.709423e-01
5.696733e-01
5.683353e-01
5.669296e-01
5.654577e-01
5.639211e-01
5.623213e-01
5.606600e-01
5.589389e-01
5.571597e-01
5.553243e-01
5.534345e-01
5.514923e-01
5.494996e-01
5.474585e-01
5.453710e-01
5.432394e-01
5.410657e-01
5.388522e-01
5.366012e-01
5.343149e-01
5.319958e-01
5.296461e-01
5.272683e-01
5.248648e-01
5.224381e-01
5.199906e-01
5.175250e-01
5.150436e-01
5.125490e-01
5.100439e-01
5.075307e-01
5.050121e-01
5.024906e-01
4.999688e-01
4.974493e-01
4.949347e-01
4.924277e-01
4.899306e-01
4.874462e-01
4.849771e-01
4.825256e-01
4.800944e-01
4.776860e-01
4.753028e-01
4.729474e-01
4.706221e-01
4.683294e-01
4.660716e-01
4.638510e-01
4.616701e-01
4.595310e-01
4.574359e-01
4.553871e-01
4.533867e-01
4.514368e-01
4.495393e-01
4.476963e-01
4.459098e-01
4.441815e-01
4.425134e-01
4.409071e-01
4.393644e-01
4.378869e-01
4.364761e-01
4.351337e-01
4.338609e-01
4.326592e-01
4.315299e-01
4.304742e-01
4.294932e-01
4.285880e-01
4.277596e-01
4.270089e-01
4.263367e-01
4.257437e-01
4.252307e-01
4.247982e-01
4.244467e-01
4.241767e-01
4.239886e-01
4.238826e-01
4.238589e-01
4.239177e-01
