5.851788e-01
5.851367e-01
5.850098e-01
5.847984e-01
5.845025e-01
5.841225e-01
5.836587e-01
5.831117e-01
5.824820e-01
5.817702e-01
5.809770e-01
5.801033e-01
5.791500e-01
5.781180e-01
5.770083e-01
5.758222e-01
5.745608e-01
5.732254e-01
5.718173e-01
5.703381e-01
5.687891e-01
5.671721e-01
5.654885e-01
5.637403e-01
5.619290e-01
5.600567e-01
5.581251e-01
5.561364e-01
5.540924e-01
5.519953e-01
5.498472e-01
5.476503e-01
5.454069e-01
5.431193e-01
5.407897e-01
5.384207e-01
5.360145e-01
5.335736e-01
5.311006e-01
5.285980e-01
5.260683e-01
5.235142e-01
5.209381e-01
5.183429e-01
5.157311e-01
5.131054e-01
5.104684e-01
5.078230e-01
5.051718e-01
5.025176e-01
4.998629e-01
4.972107e-01
4.945635e-01
4.919242e-01
4.892954e-01
4.866799e-01
4.840802e-01
4.814992e-01
4.789394e-01
4.764035e-01
4.738941e-01
4.714139e-01
4.689652e-01
4.665508e-01
4.641730e-01
4.618344e-01
4.595374e-01
4.572843e-01
4.550775e-01
4.529193e-01
4.508119e-01
4.487575e-01
4.467582e-01
4.448162e-01
4.429335e-01
4.411121e-01
4.393538e-01
4.376605e-01
4.360340e-01
4.344760e-01
4.329882e-01
4.315722e-01
4.302293e-01
4.289612e-01
4.277692e-01
4.266544e-01
4.256182e-01
4.246617e-01
4.237859e-01
4.229917e-01
4.222800e-01
4.216516e-01
4.211073e-01
4.206475e-01
4.202730e-01
4.199841e-01
4.197812e-01
4.196647e-01
4.196347e-01
4.196914e-01
