5.733459e-01
5.733098e-01
5.732010e-01
5.730195e-01
5.727657e-01
5.724396e-01
5.720417e-01
5.715724e-01
5.710320e-01
5.704213e-01
5.697407e-01
5.689910e-01
5.681730e-01
5.672875e-01
5.663354e-01
5.653176e-01
5.642353e-01
5.630895e-01
5.618814e-01
5.606122e-01
5.592832e-01
5.578958e-01
5.564514e-01
5.549515e-01
5.533975e-01
5.517912e-01
5.501341e-01
5.484280e-01
5.466745e-01
5.448755e-01
5.430328e-01
5.411483e-01
5.392239e-01
5.372617e-01
5.352635e-01
5.332315e-01
5.311678e-01
5.290744e-01
5.269534e-01
5.248072e-01
5.226378e-01
5.204476e-01
5.182386e-01
5.160133e-01
5.137739e-01
5.115227e-01
5.092620e-01
5.069941e-01
5.047214e-01
5.024462e-01
5.001709e-01
4.978977e-01
4.956291e-01
4.933673e-01
4.911148e-01
4.888737e-01
4.866465e-01
4.844355e-01
4.822428e-01
4.800709e-01
4.779218e-01
4.757980e-01
4.737015e-01
4.716345e-01
4.695993e-01
4.675978e-01
4.656322e-01
4.637046e-01
4.618169e-01
4.599711e-01
4.581691e-01
4.564129e-01
4.547043e-01
4.530450e-01
4.514368e-01
4.498814e-01
4.483805e-01
4.469357e-01
4.455484e-01
4.442202e-01
4.429524e-01
4.417465e-01
4.406037e-01
4.395253e-01
4.385124e-01
4.375661e-01
4.366875e-01
4.358776e-01
4.351372e-01
4.344671e-01
4.338680e-01
4.333408e-01
4.328859e-01
4.325039e-01
4.321952e-01
4.319604e-01
4.317995e-01
4.317131e-01
4.317011e-01
4.317638e-01
