5.697862e-01
5.697519e-01
5.696485e-01
5.694761e-01
5.692349e-01
5.689251e-01
5.685470e-01
5.681010e-01
5.675876e-01
5.670073e-01
5.663606e-01
5.656483e-01
5.648711e-01
5.640297e-01
5.631250e-01
5.621580e-01
5.611296e-01
5.600409e-01
5.588929e-01
5.576870e-01
5.564243e-01
5.551060e-01
5.537336e-01
5.523085e-01
5.508321e-01
5.493058e-01
5.477314e-01
5.461104e-01
5.444444e-01
5.427351e-01
5.409844e-01
5.391940e-01
5.373657e-01
5.355014e-01
5.336031e-01
5.316726e-01
5.297120e-01
5.277232e-01
5.257083e-01
5.236694e-01
5.216085e-01
5.195279e-01
5.174295e-01
5.153156e-01
5.131883e-01
5.110499e-01
5.089025e-01
5.067483e-01
5.045896e-01
5.024286e-01
5.002675e-01
4.981085e-01
4.959538e-01
4.938058e-01
4.916665e-01
4.895382e-01
4.874232e-01
4.853235e-01
4.832415e-01
4.811791e-01
4.791386e-01
4.771221e-01
4.751316e-01
4.731693e-01
4.712372e-01
4.693373e-01
4.674715e-01
4.656419e-01
4.638503e-01
4.620986e-01
4.603886e-01
4.587222e-01
4.571010e-01
4.555269e-01
4.540014e-01
4.525262e-01
4.511028e-01
4.497327e-01
4.484175e-01
4.471584e-01
4.459570e-01
4.448143e-01
4.437318e-01
4.427105e-01
4.417515e-01
4.408560e-01
4.400249e-01
4.392591e-01
4.385594e-01
4.379267e-01
4.373616e-01
4.368648e-01
4.364369e-01
4.360783e-01
4.357895e-01
4.355708e-01
4.354227e-01
4.353453e-01
4.353388e-01
4.354033e-01
