5.601329e-01
5.601035e-01
5.600149e-01
5.598670e-01
5.596602e-01
5.593945e-01
5.590703e-01
5.586878e-01
5.582475e-01
5.577498e-01
5.571952e-01
5.565842e-01
5.559176e-01
5.551960e-01
5.544201e-01
5.535908e-01
5.527088e-01
5.517751e-01
5.507907e-01
5.497565e-01
5.486736e-01
5.475432e-01
5.463663e-01
5.451442e-01
5.438781e-01
5.425694e-01
5.412194e-01
5.398294e-01
5.384009e-01
5.369354e-01
5.354344e-01
5.338994e-01
5.323320e-01
5.307337e-01
5.291063e-01
5.274515e-01
5.257708e-01
5.240661e-01
5.223391e-01
5.205916e-01
5.188253e-01
5.170421e-01
5.152439e-01
5.134325e-01
5.116097e-01
5.097775e-01
5.079377e-01
5.060922e-01
5.042430e-01
5.023919e-01
5.005409e-01
4.986918e-01
4.968466e-01
4.950073e-01
4.931756e-01
4.913536e-01
4.895431e-01
4.877459e-01
4.859640e-01
4.841992e-01
4.824533e-01
4.807282e-01
4.790257e-01
4.773475e-01
4.756954e-01
4.740711e-01
4.724764e-01
4.709128e-01
4.693821e-01
4.678859e-01
4.664256e-01
4.650030e-01
4.636195e-01
4.622765e-01
4.609754e-01
4.597178e-01
4.585048e-01
4.573379e-01
4.562182e-01
4.551470e-01
4.541254e-01
4.531546e-01
4.522356e-01
4.513694e-01
4.505570e-01
4.497992e-01
4.490970e-01
4.484510e-01
4.478621e-01
4.473308e-01
4.468578e-01
4.464437e-01
4.460889e-01
4.457938e-01
4.455589e-01
4.453844e-01
4.452707e-01
4.452178e-01
4.452261e-01
4.452955e-01
