5.631881e-01
5.631572e-01
5.630639e-01
5.629083e-01
5.626906e-01
5.624109e-01
5.620696e-01
5.616670e-01
5.612035e-01
5.606797e-01
5.600959e-01
5.594529e-01
5.587512e-01
5.579917e-01
5.571750e-01
5.563021e-01
5.553737e-01
5.543909e-01
5.533547e-01
5.522661e-01
5.511263e-01
5.499364e-01
5.486976e-01
5.474112e-01
5.460785e-01
5.447009e-01
5.432798e-01
5.418166e-01
5.403129e-01
5.387703e-01
5.371901e-01
5.355742e-01
5.339242e-01
5.322417e-01
5.305285e-01
5.287863e-01
5.270170e-01
5.252223e-01
5.234042e-01
5.215643e-01
5.197048e-01
5.178274e-01
5.159341e-01
5.140269e-01
5.121077e-01
5.101785e-01
5.082413e-01
5.062980e-01
5.043508e-01
5.024015e-01
5.004523e-01
4.985051e-01
4.965619e-01
4.946248e-01
4.926957e-01
4.907767e-01
4.888697e-01
4.869768e-01
4.850998e-01
4.832408e-01
4.814016e-01
4.795842e-01
4.777905e-01
4.760223e-01
4.742815e-01
4.725699e-01
4.708894e-01
4.692415e-01
4.676282e-01
4.660510e-01
4.645117e-01
4.630119e-01
4.615531e-01
4.601369e-01
4.587648e-01
4.574382e-01
4.561586e-01
4.549274e-01
4.537457e-01
4.526151e-01
4.515365e-01
4.505113e-01
4.495405e-01
4.486251e-01
4.477663e-01
4.469649e-01
4.462219e-01
4.455379e-01
4.449139e-01
4.443505e-01
4.438484e-01
4.434081e-01
4.430301e-01
4.427149e-01
4.424629e-01
4.422745e-01
4.421498e-01
4.420892e-01
4.420928e-01
4.421607e-01
