5.544707e-01
5.544442e-01
5.543642e-01
5.542309e-01
5.540442e-01
5.538044e-01
5.535118e-01
5.531667e-01
5.527693e-01
5.523201e-01
5.518196e-01
5.512682e-01
5.506667e-01
5.500154e-01
5.493152e-01
5.485668e-01
5.477708e-01
5.469282e-01
5.460398e-01
5.451065e-01
5.441293e-01
5.431092e-01
5.420471e-01
5.409443e-01
5.398019e-01
5.386210e-01
5.374028e-01
5.361486e-01
5.348597e-01
5.335374e-01
5.321830e-01
5.307981e-01
5.293839e-01
5.279420e-01
5.264738e-01
5.249808e-01
5.234647e-01
5.219268e-01
5.203690e-01
5.187926e-01
5.171995e-01
5.155911e-01
5.139692e-01
5.123355e-01
5.106916e-01
5.090393e-01
5.073802e-01
5.057161e-01
5.040487e-01
5.023797e-01
5.007109e-01
4.990439e-01
4.973806e-01
4.957226e-01
4.940717e-01
4.924295e-01
4.907979e-01
4.891785e-01
4.875729e-01
4.859829e-01
4.844102e-01
4.828563e-01
4.813229e-01
4.798116e-01
4.783240e-01
4.768617e-01
4.754262e-01
4.740190e-01
4.726416e-01
4.712954e-01
4.699819e-01
4.687025e-01
4.674585e-01
4.662513e-01
4.650822e-01
4.639524e-01
4.628631e-01
4.618154e-01
4.608107e-01
4.598498e-01
4.589340e-01
4.580641e-01
4.572412e-01
4.564661e-01
4.557397e-01
4.550629e-01
4.544363e-01
4.538608e-01
4.533369e-01
4.528653e-01
4.524464e-01
4.520808e-01
4.517690e-01
4.515113e-01
4.513080e-01
4.511595e-01
4.510659e-01
4.510276e-01
4.510445e-01
4.511168e-01
