5.493584e-01
5.493345e-01
5.492624e-01
5.491421e-01
5.489736e-01
5.487573e-01
5.484933e-01
5.481819e-01
5.478233e-01
5.474180e-01
5.469664e-01
5.464689e-01
5.459261e-01
5.453385e-01
5.447068e-01
5.440314e-01
5.433133e-01
5.425531e-01
5.417515e-01
5.409094e-01
5.400278e-01
5.391074e-01
5.381492e-01
5.371543e-01
5.361236e-01
5.350582e-01
5.339593e-01
5.328278e-01
5.316651e-01
5.304723e-01
5.292506e-01
5.280013e-01
5.267257e-01
5.254251e-01
5.241009e-01
5.227544e-01
5.213869e-01
5.200000e-01
5.185951e-01
5.171735e-01
5.157369e-01
5.142866e-01
5.128242e-01
5.113511e-01
5.098690e-01
5.083794e-01
5.068837e-01
5.053836e-01
5.038806e-01
5.023762e-01
5.008721e-01
4.993699e-01
4.978709e-01
4.963769e-01
4.948894e-01
4.934100e-01
4.919401e-01
4.904814e-01
4.890353e-01
4.876034e-01
4.861872e-01
4.847881e-01
4.834077e-01
4.820473e-01
4.807085e-01
4.793926e-01
4.781010e-01
4.768352e-01
4.755964e-01
4.743859e-01
4.732051e-01
4.720552e-01
4.709375e-01
4.698531e-01
4.688032e-01
4.677889e-01
4.668114e-01
4.658717e-01
4.649708e-01
4.641098e-01
4.632895e-01
4.625109e-01
4.617749e-01
4.610822e-01
4.604336e-01
4.598300e-01
4.592719e-01
4.587600e-01
4.582950e-01
4.578772e-01
4.575073e-01
4.571856e-01
4.569127e-01
4.566887e-01
4.565140e-01
4.563890e-01
4.563137e-01
4.562884e-01
4.563131e-01
4.563881e-01
