9.728742e-01
9.727231e-01
9.722686e-01
9.715088e-01
9.704409e-01
9.690607e-01
9.673634e-01
9.653427e-01
9.629916e-01
9.603023e-01
9.572660e-01
9.538733e-01
9.501144e-01
9.459787e-01
9.414555e-01
9.365338e-01
9.312024e-01
9.254505e-01
9.192671e-01
9.126420e-01
9.055652e-01
8.980275e-01
8.900205e-01
8.815370e-01
8.725706e-01
8.631164e-01
8.531710e-01
8.427323e-01
8.318002e-01
8.203763e-01
8.084638e-01
7.960683e-01
7.831973e-01
7.698603e-01
7.560691e-01
7.418375e-01
7.271816e-01
7.121196e-01
6.966717e-01
6.808604e-01
6.647098e-01
6.482462e-01
6.314974e-01
6.144930e-01
5.972640e-01
5.798427e-01
5.622625e-01
5.445577e-01
5.267636e-01
5.089157e-01
4.910501e-01
4.732027e-01
4.554096e-01
4.377065e-01
4.201285e-01
4.027100e-01
3.854843e-01
3.684840e-01
3.517399e-01
3.352817e-01
3.191373e-01
3.033330e-01
2.878930e-01
2.728398e-01
2.581937e-01
2.439729e-01
2.301937e-01
2.168698e-01
2.040133e-01
1.916336e-01
1.797384e-01
1.683333e-01
1.574216e-01
1.470052e-01
1.370837e-01
1.276555e-01
1.187170e-01
1.102635e-01
1.022888e-01
9.478567e-02
8.774583e-02
8.116018e-02
7.501893e-02
6.931177e-02
6.402799e-02
5.915669e-02
5.468689e-02
5.060766e-02
4.690830e-02
4.357844e-02
4.060819e-02
3.798822e-02
3.570990e-02
3.376538e-02
3.214767e-02
3.085074e-02
2.986955e-02
2.920015e-02
2.883966e-02
2.878636e-02
