5.518493e-01
5.518241e-01
5.517481e-01
5.516214e-01
5.514441e-01
5.512164e-01
5.509384e-01
5.506105e-01
5.502331e-01
5.498064e-01
5.493309e-01
5.488072e-01
5.482358e-01
5.476171e-01
5.469520e-01
5.462410e-01
5.454850e-01
5.446846e-01
5.438407e-01
5.429542e-01
5.420259e-01
5.410569e-01
5.400481e-01
5.390006e-01
5.379155e-01
5.367938e-01
5.356367e-01
5.344454e-01
5.332212e-01
5.319653e-01
5.306789e-01
5.293635e-01
5.280204e-01
5.266509e-01
5.252565e-01
5.238386e-01
5.223987e-01
5.209382e-01
5.194587e-01
5.179617e-01
5.164488e-01
5.149214e-01
5.133813e-01
5.118300e-01
5.102690e-01
5.087000e-01
5.071247e-01
5.055447e-01
5.039615e-01
5.023769e-01
5.007925e-01
4.992100e-01
4.976309e-01
4.960570e-01
4.944898e-01
4.929311e-01
4.913824e-01
4.898453e-01
4.883215e-01
4.868126e-01
4.853200e-01
4.838455e-01
4.823905e-01
4.809566e-01
4.795453e-01
4.781580e-01
4.767963e-01
4.754615e-01
4.741551e-01
4.728785e-01
4.716331e-01
4.704201e-01
4.692408e-01
4.680965e-01
4.669885e-01
4.659179e-01
4.648859e-01
4.638936e-01
4.629421e-01
4.620324e-01
4.611656e-01
4.603425e-01
4.595641e-01
4.588312e-01
4.581447e-01
4.575054e-01
4.569140e-01
4.563711e-01
4.558773e-01
4.554333e-01
4.550395e-01
4.546965e-01
4.544046e-01
4.541641e-01
4.539755e-01
4.538390e-01
4.537548e-01
4.537232e-01
4.537441e-01
4.538178e-01
