5.447433e-01
5.447218e-01
5.446567e-01
5.445482e-01
5.443963e-01
5.442011e-01
5.439630e-01
5.436820e-01
5.433586e-01
5.429930e-01
5.425856e-01
5.421369e-01
5.416472e-01
5.411171e-01
5.405472e-01
5.399381e-01
5.392903e-01
5.386045e-01
5.378814e-01
5.371219e-01
5.363266e-01
5.354964e-01
5.346322e-01
5.337348e-01
5.328052e-01
5.318443e-01
5.308531e-01
5.298327e-01
5.287841e-01
5.277083e-01
5.266066e-01
5.254800e-01
5.243297e-01
5.231569e-01
5.219628e-01
5.207487e-01
5.195158e-01
5.182653e-01
5.169987e-01
5.157171e-01
5.144219e-01
5.131146e-01
5.117964e-01
5.104686e-01
5.091328e-01
5.077902e-01
5.064423e-01
5.050905e-01
5.037361e-01
5.023807e-01
5.010255e-01
4.996721e-01
4.983219e-01
4.969762e-01
4.956364e-01
4.943041e-01
4.929805e-01
4.916671e-01
4.903652e-01
4.890762e-01
4.878015e-01
4.865424e-01
4.853003e-01
4.840764e-01
4.828721e-01
4.816886e-01
4.805273e-01
4.793892e-01
4.782758e-01
4.771880e-01
4.761272e-01
4.750944e-01
4.740908e-01
4.731174e-01
4.721753e-01
4.712656e-01
4.703892e-01
4.695470e-01
4.687401e-01
4.679693e-01
4.672355e-01
4.665394e-01
4.658819e-01
4.652637e-01
4.646855e-01
4.641481e-01
4.636519e-01
4.631976e-01
4.627857e-01
4.624167e-01
4.620910e-01
4.618091e-01
4.615712e-01
4.613778e-01
4.612290e-01
4.611252e-01
4.610664e-01
4.610529e-01
4.610847e-01
4.611620e-01
