5.469918e-01
5.469691e-01
5.469006e-01
5.467863e-01
5.466264e-01
5.464209e-01
5.461702e-01
5.458743e-01
5.455338e-01
5.451488e-01
5.447199e-01
5.442474e-01
5.437318e-01
5.431737e-01
5.425737e-01
5.419323e-01
5.412502e-01
5.405281e-01
5.397668e-01
5.389670e-01
5.381296e-01
5.372555e-01
5.363455e-01
5.354005e-01
5.344217e-01
5.334098e-01
5.323661e-01
5.312916e-01
5.301873e-01
5.290545e-01
5.278943e-01
5.267079e-01
5.254966e-01
5.242615e-01
5.230040e-01
5.217253e-01
5.204268e-01
5.191099e-01
5.177758e-01
5.164260e-01
5.150619e-01
5.136849e-01
5.122963e-01
5.108978e-01
5.094906e-01
5.080764e-01
5.066564e-01
5.052323e-01
5.038055e-01
5.023775e-01
5.009498e-01
4.995238e-01
4.981011e-01
4.966831e-01
4.952713e-01
4.938673e-01
4.924724e-01
4.910881e-01
4.897160e-01
4.883573e-01
4.870137e-01
4.856863e-01
4.843768e-01
4.830864e-01
4.818165e-01
4.805685e-01
4.793437e-01
4.781434e-01
4.769688e-01
4.758212e-01
4.747019e-01
4.736121e-01
4.725528e-01
4.715253e-01
4.705307e-01
4.695700e-01
4.686443e-01
4.677546e-01
4.669019e-01
4.660871e-01
4.653111e-01
4.645748e-01
4.638791e-01
4.632246e-01
4.626121e-01
4.620424e-01
4.615160e-01
4.610336e-01
4.605958e-01
4.602031e-01
4.598558e-01
4.595545e-01
4.592996e-01
4.590912e-01
4.589299e-01
4.588157e-01
4.587489e-01
4.587296e-01
4.587580e-01
4.588341e-01
