5.426071e-01
5.425867e-01
5.425249e-01
5.424218e-01
5.422776e-01
5.420923e-01
5.418661e-01
5.415993e-01
5.412921e-01
5.409449e-01
5.405580e-01
5.401319e-01
5.396668e-01
5.391635e-01
5.386222e-01
5.380437e-01
5.374285e-01
5.367772e-01
5.360906e-01
5.353693e-01
5.346141e-01
5.338257e-01
5.330050e-01
5.321528e-01
5.312700e-01
5.303575e-01
5.294163e-01
5.284474e-01
5.274516e-01
5.264301e-01
5.253840e-01
5.243143e-01
5.232221e-01
5.221085e-01
5.209747e-01
5.198220e-01
5.186514e-01
5.174642e-01
5.162616e-01
5.150449e-01
5.138154e-01
5.125742e-01
5.113228e-01
5.100625e-01
5.087944e-01
5.075200e-01
5.062406e-01
5.049575e-01
5.036720e-01
5.023856e-01
5.010995e-01
4.998151e-01
4.985338e-01
4.972568e-01
4.959855e-01
4.947214e-01
4.934656e-01
4.922195e-01
4.909844e-01
4.897617e-01
4.885526e-01
4.873584e-01
4.861804e-01
4.850198e-01
4.838778e-01
4.827557e-01
4.816547e-01
4.805759e-01
4.795205e-01
4.784896e-01
4.774844e-01
4.765059e-01
4.755552e-01
4.746333e-01
4.737412e-01
4.728799e-01
4.720503e-01
4.712534e-01
4.704900e-01
4.697610e-01
4.690672e-01
4.684094e-01
4.677883e-01
4.672047e-01
4.666591e-01
4.661523e-01
4.656848e-01
4.652572e-01
4.648700e-01
4.645236e-01
4.642184e-01
4.639549e-01
4.637333e-01
4.635540e-01
4.634172e-01
4.633232e-01
4.632721e-01
4.632641e-01
4.632992e-01
4.633776e-01
