5.405777e-01
5.405583e-01
5.404997e-01
5.404018e-01
5.402649e-01
5.400889e-01
5.398741e-01
5.396208e-01
5.393291e-01
5.389994e-01
5.386320e-01
5.382272e-01
5.377856e-01
5.373076e-01
5.367937e-01
5.362443e-01
5.356601e-01
5.350416e-01
5.343896e-01
5.337047e-01
5.329875e-01
5.322389e-01
5.314596e-01
5.306504e-01
5.298121e-01
5.289457e-01
5.280520e-01
5.271320e-01
5.261865e-01
5.252166e-01
5.242234e-01
5.232077e-01
5.221707e-01
5.211135e-01
5.200371e-01
5.189427e-01
5.178314e-01
5.167043e-01
5.155627e-01
5.144077e-01
5.132405e-01
5.120624e-01
5.108745e-01
5.096782e-01
5.084746e-01
5.072650e-01
5.060507e-01
5.048330e-01
5.036130e-01
5.023922e-01
5.011718e-01
4.999530e-01
4.987372e-01
4.975256e-01
4.963194e-01
4.951201e-01
4.939288e-01
4.927467e-01
4.915752e-01
4.904155e-01
4.892688e-01
4.881363e-01
4.870192e-01
4.859187e-01
4.848361e-01
4.837723e-01
4.827287e-01
4.817062e-01
4.807061e-01
4.797293e-01
4.787769e-01
4.778500e-01
4.769496e-01
4.760766e-01
4.752321e-01
4.744168e-01
4.736318e-01
4.728779e-01
4.721559e-01
4.714667e-01
4.708110e-01
4.701896e-01
4.696031e-01
4.690523e-01
4.685378e-01
4.680601e-01
4.676199e-01
4.672177e-01
4.668539e-01
4.665289e-01
4.662433e-01
4.659973e-01
4.657912e-01
4.656253e-01
4.655000e-01
4.654153e-01
4.653715e-01
4.653686e-01
4.654069e-01
4.654863e-01
