5.368187e-01
5.368012e-01
5.367484e-01
5.366602e-01
5.365367e-01
5.363781e-01
5.361844e-01
5.359560e-01
5.356930e-01
5.353957e-01
5.350645e-01
5.346996e-01
5.343015e-01
5.338705e-01
5.334071e-01
5.329118e-01
5.323851e-01
5.318276e-01
5.312398e-01
5.306223e-01
5.299758e-01
5.293009e-01
5.285984e-01
5.278689e-01
5.271133e-01
5.263323e-01
5.255268e-01
5.246975e-01
5.238453e-01
5.229712e-01
5.220760e-01
5.211606e-01
5.202261e-01
5.192733e-01
5.183034e-01
5.173172e-01
5.163158e-01
5.153003e-01
5.142718e-01
5.132312e-01
5.121798e-01
5.111185e-01
5.100485e-01
5.089710e-01
5.078870e-01
5.067977e-01
5.057042e-01
5.046077e-01
5.035093e-01
5.024102e-01
5.013116e-01
5.002145e-01
4.991203e-01
4.980299e-01
4.969446e-01
4.958655e-01
4.947938e-01
4.937306e-01
4.926770e-01
4.916341e-01
4.906031e-01
4.895851e-01
4.885811e-01
4.875922e-01
4.866195e-01
4.856640e-01
4.847268e-01
4.838088e-01
4.829112e-01
4.820347e-01
4.811804e-01
4.803493e-01
4.795422e-01
4.787600e-01
4.780036e-01
4.772738e-01
4.765715e-01
4.758973e-01
4.752522e-01
4.746367e-01
4.740517e-01
4.734977e-01
4.729755e-01
4.724856e-01
4.720286e-01
4.716050e-01
4.712155e-01
4.708603e-01
4.705400e-01
4.702549e-01
4.700054e-01
4.697919e-01
4.696145e-01
4.694736e-01
4.693694e-01
4.693021e-01
4.692717e-01
4.692786e-01
4.693226e-01
4.694040e-01
