5.386499e-01
5.386315e-01
5.385758e-01
5.384829e-01
5.383529e-01
5.381858e-01
5.379819e-01
5.377413e-01
5.374643e-01
5.371512e-01
5.368023e-01
5.364181e-01
5.359987e-01
5.355448e-01
5.350568e-01
5.345351e-01
5.339804e-01
5.333932e-01
5.327741e-01
5.321237e-01
5.314427e-01
5.307319e-01
5.299920e-01
5.292237e-01
5.284278e-01
5.276051e-01
5.267566e-01
5.258831e-01
5.249855e-01
5.240647e-01
5.231216e-01
5.221574e-01
5.211729e-01
5.201693e-01
5.191474e-01
5.181085e-01
5.170535e-01
5.159837e-01
5.149000e-01
5.138037e-01
5.126958e-01
5.115776e-01
5.104501e-01
5.093147e-01
5.081724e-01
5.070245e-01
5.058721e-01
5.047165e-01
5.035589e-01
5.024005e-01
5.012424e-01
5.000861e-01
4.989325e-01
4.977831e-01
4.966389e-01
4.955012e-01
4.943712e-01
4.932500e-01
4.921390e-01
4.910391e-01
4.899517e-01
4.888779e-01
4.878188e-01
4.867755e-01
4.857492e-01
4.847410e-01
4.837519e-01
4.827830e-01
4.818354e-01
4.809100e-01
4.800079e-01
4.791301e-01
4.782775e-01
4.774511e-01
4.766517e-01
4.758803e-01
4.751376e-01
4.744246e-01
4.737420e-01
4.730906e-01
4.724711e-01
4.718843e-01
4.713307e-01
4.708111e-01
4.703261e-01
4.698762e-01
4.694619e-01
4.690838e-01
4.687423e-01
4.684378e-01
4.681707e-01
4.679413e-01
4.677499e-01
4.675969e-01
4.674824e-01
4.674066e-01
4.673697e-01
4.673718e-01
4.674131e-01
4.674935e-01
