5.333989e-01
5.333835e-01
5.333361e-01
5.332569e-01
5.331459e-01
5.330032e-01
5.328290e-01
5.326234e-01
5.323866e-01
5.321189e-01
5.318205e-01
5.314918e-01
5.311332e-01
5.307449e-01
5.303274e-01
5.298811e-01
5.294066e-01
5.289042e-01
5.283745e-01
5.278181e-01
5.272356e-01
5.266275e-01
5.259945e-01
5.253372e-01
5.246564e-01
5.239527e-01
5.232269e-01
5.224798e-01
5.217120e-01
5.209245e-01
5.201180e-01
5.192934e-01
5.184516e-01
5.175934e-01
5.167197e-01
5.158315e-01
5.149296e-01
5.140150e-01
5.130888e-01
5.121518e-01
5.112050e-01
5.102494e-01
5.092861e-01
5.083160e-01
5.073402e-01
5.063596e-01
5.053755e-01
5.043886e-01
5.034002e-01
5.024112e-01
5.014228e-01
5.004359e-01
4.994515e-01
4.984708e-01
4.974948e-01
4.965245e-01
4.955610e-01
4.946053e-01
4.936583e-01
4.927212e-01
4.917949e-01
4.908804e-01
4.899787e-01
4.890908e-01
4.882176e-01
4.873601e-01
4.865192e-01
4.856958e-01
4.848909e-01
4.841053e-01
4.833398e-01
4.825954e-01
4.818728e-01
4.811729e-01
4.804963e-01
4.798440e-01
4.792167e-01
4.786149e-01
4.780395e-01
4.774911e-01
4.769703e-01
4.764778e-01
4.760141e-01
4.755798e-01
4.751754e-01
4.748014e-01
4.744582e-01
4.741463e-01
4.738661e-01
4.736179e-01
4.734019e-01
4.732184e-01
4.730678e-01
4.729501e-01
4.728657e-01
4.728145e-01
4.727968e-01
4.728127e-01
4.728622e-01
4.729453e-01
