5.350648e-01
5.350485e-01
5.349985e-01
5.349151e-01
5.347981e-01
5.346477e-01
5.344641e-01
5.342474e-01
5.339979e-01
5.337159e-01
5.334015e-01
5.330552e-01
5.326773e-01
5.322682e-01
5.318284e-01
5.313582e-01
5.308582e-01
5.303289e-01
5.297709e-01
5.291847e-01
5.285710e-01
5.279303e-01
5.272634e-01
5.265710e-01
5.258537e-01
5.251123e-01
5.243476e-01
5.235604e-01
5.227515e-01
5.219218e-01
5.210720e-01
5.202032e-01
5.193162e-01
5.184119e-01
5.174913e-01
5.165553e-01
5.156049e-01
5.146412e-01
5.136651e-01
5.126776e-01
5.116798e-01
5.106727e-01
5.096574e-01
5.086349e-01
5.076064e-01
5.065728e-01
5.055353e-01
5.044951e-01
5.034530e-01
5.024104e-01
5.013682e-01
5.003276e-01
4.992897e-01
4.982556e-01
4.972263e-01
4.962030e-01
4.951867e-01
4.941786e-01
4.931796e-01
4.921909e-01
4.912136e-01
4.902486e-01
4.892970e-01
4.883599e-01
4.874382e-01
4.865329e-01
4.856451e-01
4.847756e-01
4.839254e-01
4.830955e-01
4.822867e-01
4.815000e-01
4.807362e-01
4.799961e-01
4.792806e-01
4.785905e-01
4.779265e-01
4.772895e-01
4.766800e-01
4.760989e-01
4.755468e-01
4.750243e-01
4.745320e-01
4.740706e-01
4.736406e-01
4.732425e-01
4.728768e-01
4.725439e-01
4.722443e-01
4.719782e-01
4.717460e-01
4.715481e-01
4.713846e-01
4.712557e-01
4.711618e-01
4.711028e-01
4.710791e-01
4.710906e-01
4.711375e-01
4.712198e-01
