9.564666e-01
9.562934e-01
9.557729e-01
9.549040e-01
9.536850e-01
9.521139e-01
9.501877e-01
9.479034e-01
9.452570e-01
9.422445e-01
9.388611e-01
9.351021e-01
9.309625e-01
9.264368e-01
9.215200e-01
9.162067e-01
9.104919e-01
9.043705e-01
8.978382e-01
8.908906e-01
8.835243e-01
8.757361e-01
8.675238e-01
8.588860e-01
8.498220e-01
8.403323e-01
8.304184e-01
8.200829e-01
8.093296e-01
7.981638e-01
7.865918e-01
7.746215e-01
7.622620e-01
7.495241e-01
7.364197e-01
7.229624e-01
7.091670e-01
6.950499e-01
6.806287e-01
6.659223e-01
6.509510e-01
6.357362e-01
6.203003e-01
6.046669e-01
5.888605e-01
5.729063e-01
5.568302e-01
5.406588e-01
5.244191e-01
5.081384e-01
4.918444e-01
4.755645e-01
4.593263e-01
4.431572e-01
4.270843e-01
4.111340e-01
3.953323e-01
3.797045e-01
3.642752e-01
3.490678e-01
3.341049e-01
3.194080e-01
3.049973e-01
2.908918e-01
2.771092e-01
2.636659e-01
2.505768e-01
2.378555e-01
2.255141e-01
2.135634e-01
2.020125e-01
1.908695e-01
1.801408e-01
1.698316e-01
1.599458e-01
1.504863e-01
1.414545e-01
1.328509e-01
1.246752e-01
1.169258e-01
1.096005e-01
1.026966e-01
9.621029e-02
9.013764e-02
8.447413e-02
7.921493e-02
7.435500e-02
6.988915e-02
6.581216e-02
6.211886e-02
5.880423e-02
5.586346e-02
5.329203e-02
5.108578e-02
4.924098e-02
4.775439e-02
4.662328e-02
4.584548e-02
4.541943e-02
4.534419e-02
