5.318165e-01
5.318018e-01
5.317569e-01
5.316818e-01
5.315765e-01
5.314411e-01
5.312757e-01
5.310805e-01
5.308558e-01
5.306017e-01
5.303186e-01
5.300066e-01
5.296662e-01
5.292977e-01
5.289015e-01
5.284779e-01
5.280275e-01
5.275507e-01
5.270480e-01
5.265199e-01
5.259670e-01
5.253899e-01
5.247891e-01
5.241653e-01
5.235192e-01
5.228513e-01
5.221625e-01
5.214534e-01
5.207248e-01
5.199775e-01
5.192121e-01
5.184296e-01
5.176307e-01
5.168164e-01
5.159873e-01
5.151445e-01
5.142887e-01
5.134210e-01
5.125421e-01
5.116531e-01
5.107548e-01
5.098482e-01
5.089343e-01
5.080141e-01
5.070884e-01
5.061583e-01
5.052248e-01
5.042888e-01
5.033513e-01
5.024134e-01
5.014760e-01
5.005402e-01
4.996068e-01
4.986770e-01
4.977516e-01
4.968318e-01
4.959184e-01
4.950125e-01
4.941150e-01
4.932269e-01
4.923491e-01
4.914827e-01
4.906284e-01
4.897873e-01
4.889603e-01
4.881483e-01
4.873521e-01
4.865726e-01
4.858107e-01
4.850672e-01
4.843430e-01
4.836388e-01
4.829554e-01
4.822937e-01
4.816542e-01
4.810379e-01
4.804453e-01
4.798771e-01
4.793341e-01
4.788167e-01
4.783257e-01
4.778617e-01
4.774250e-01
4.770164e-01
4.766363e-01
4.762851e-01
4.759634e-01
4.756714e-01
4.754095e-01
4.751781e-01
4.749774e-01
4.748077e-01
4.746692e-01
4.745621e-01
4.744866e-01
4.744428e-01
4.744308e-01
4.744508e-01
4.745027e-01
4.745867e-01
