5.303133e-01
5.302994e-01
5.302568e-01
5.301855e-01
5.300855e-01
5.299571e-01
5.298001e-01
5.296149e-01
5.294017e-01
5.291605e-01
5.288918e-01
5.285958e-01
5.282727e-01
5.279230e-01
5.275469e-01
5.271450e-01
5.267175e-01
5.262650e-01
5.257879e-01
5.252868e-01
5.247621e-01
5.242143e-01
5.236442e-01
5.230522e-01
5.224391e-01
5.218053e-01
5.211517e-01
5.204788e-01
5.197874e-01
5.190782e-01
5.183520e-01
5.176095e-01
5.168515e-01
5.160788e-01
5.152922e-01
5.144925e-01
5.136806e-01
5.128573e-01
5.120236e-01
5.111802e-01
5.103281e-01
5.094681e-01
5.086012e-01
5.077283e-01
5.068504e-01
5.059682e-01
5.050829e-01
5.041952e-01
5.033063e-01
5.024169e-01
5.015281e-01
5.006408e-01
4.997559e-01
4.988744e-01
4.979973e-01
4.971254e-01
4.962597e-01
4.954012e-01
4.945508e-01
4.937093e-01
4.928777e-01
4.920569e-01
4.912478e-01
4.904513e-01
4.896682e-01
4.888994e-01
4.881457e-01
4.874079e-01
4.866870e-01
4.859836e-01
4.852985e-01
4.846326e-01
4.839865e-01
4.833611e-01
4.827569e-01
4.821747e-01
4.816152e-01
4.810789e-01
4.805666e-01
4.800788e-01
4.796161e-01
4.791790e-01
4.787681e-01
4.783839e-01
4.780269e-01
4.776974e-01
4.773959e-01
4.771227e-01
4.768783e-01
4.766629e-01
4.764767e-01
4.763200e-01
4.761931e-01
4.760960e-01
4.760289e-01
4.759921e-01
4.759855e-01
4.760094e-01
4.760636e-01
4.761484e-01
