5.288853e-01
5.288721e-01
5.288317e-01
5.287641e-01
5.286693e-01
5.285473e-01
5.283984e-01
5.282227e-01
5.280203e-01
5.277915e-01
5.275365e-01
5.272556e-01
5.269490e-01
5.266171e-01
5.262603e-01
5.258788e-01
5.254732e-01
5.250438e-01
5.245911e-01
5.241155e-01
5.236176e-01
5.230979e-01
5.225569e-01
5.219952e-01
5.214133e-01
5.208120e-01
5.201918e-01
5.195533e-01
5.188973e-01
5.182244e-01
5.175354e-01
5.168310e-01
5.161118e-01
5.153787e-01
5.146325e-01
5.138739e-01
5.131037e-01
5.123227e-01
5.115319e-01
5.107319e-01
5.099236e-01
5.091080e-01
5.082858e-01
5.074580e-01
5.066254e-01
5.057889e-01
5.049493e-01
5.041077e-01
5.032648e-01
5.024216e-01
5.015790e-01
5.007379e-01
4.998991e-01
4.990636e-01
4.982323e-01
4.974061e-01
4.965858e-01
4.957724e-01
4.949667e-01
4.941696e-01
4.933819e-01
4.926046e-01
4.918384e-01
4.910842e-01
4.903428e-01
4.896151e-01
4.889019e-01
4.882038e-01
4.875218e-01
4.868565e-01
4.862087e-01
4.855792e-01
4.849686e-01
4.843776e-01
4.838069e-01
4.832572e-01
4.827291e-01
4.822232e-01
4.817401e-01
4.812804e-01
4.808445e-01
4.804331e-01
4.800467e-01
4.796856e-01
4.793505e-01
4.790416e-01
4.787593e-01
4.785041e-01
4.782763e-01
4.780760e-01
4.779036e-01
4.777593e-01
4.776433e-01
4.775557e-01
4.774967e-01
4.774665e-01
4.774651e-01
4.774926e-01
4.775491e-01
4.776345e-01
