5.275288e-01
5.275163e-01
5.274780e-01
5.274139e-01
5.273239e-01
5.272083e-01
5.270670e-01
5.269003e-01
5.267082e-01
5.264911e-01
5.262492e-01
5.259826e-01
5.256917e-01
5.253768e-01
5.250382e-01
5.246763e-01
5.242914e-01
5.238839e-01
5.234544e-01
5.230031e-01
5.225307e-01
5.220376e-01
5.215243e-01
5.209913e-01
5.204393e-01
5.198688e-01
5.192803e-01
5.186746e-01
5.180523e-01
5.174139e-01
5.167603e-01
5.160920e-01
5.154098e-01
5.147144e-01
5.140066e-01
5.132870e-01
5.125565e-01
5.118158e-01
5.110657e-01
5.103070e-01
5.095405e-01
5.087670e-01
5.079873e-01
5.072023e-01
5.064129e-01
5.056197e-01
5.048238e-01
5.040258e-01
5.032268e-01
5.024276e-01
5.016289e-01
5.008317e-01
5.000368e-01
4.992450e-01
4.984573e-01
4.976745e-01
4.968974e-01
4.961268e-01
4.953636e-01
4.946087e-01
4.938628e-01
4.931268e-01
4.924014e-01
4.916875e-01
4.909859e-01
4.902973e-01
4.896224e-01
4.889621e-01
4.883171e-01
4.876880e-01
4.870757e-01
4.864807e-01
4.859038e-01
4.853457e-01
4.848069e-01
4.842880e-01
4.837898e-01
4.833127e-01
4.828574e-01
4.824243e-01
4.820140e-01
4.816270e-01
4.812638e-01
4.809248e-01
4.806104e-01
4.803211e-01
4.800572e-01
4.798190e-01
4.796068e-01
4.794210e-01
4.792617e-01
4.791291e-01
4.790235e-01
4.789450e-01
4.788936e-01
4.788697e-01
4.788731e-01
4.789041e-01
4.789627e-01
4.790489e-01
