5.262403e-01
5.262285e-01
5.261922e-01
5.261313e-01
5.260460e-01
5.259363e-01
5.258023e-01
5.256441e-01
5.254619e-01
5.252560e-01
5.250264e-01
5.247735e-01
5.244975e-01
5.241987e-01
5.238775e-01
5.235341e-01
5.231689e-01
5.227824e-01
5.223748e-01
5.219467e-01
5.214986e-01
5.210307e-01
5.205437e-01
5.200382e-01
5.195145e-01
5.189732e-01
5.184150e-01
5.178405e-01
5.172501e-01
5.166446e-01
5.160246e-01
5.153907e-01
5.147437e-01
5.140841e-01
5.134128e-01
5.127303e-01
5.120375e-01
5.113351e-01
5.106237e-01
5.099043e-01
5.091775e-01
5.084441e-01
5.077049e-01
5.069606e-01
5.062122e-01
5.054603e-01
5.047058e-01
5.039495e-01
5.031921e-01
5.024346e-01
5.016777e-01
5.009223e-01
5.001691e-01
4.994190e-01
4.986727e-01
4.979311e-01
4.971951e-01
4.964653e-01
4.957426e-01
4.950277e-01
4.943216e-01
4.936248e-01
4.929383e-01
4.922627e-01
4.915988e-01
4.909473e-01
4.903091e-01
4.896846e-01
4.890748e-01
4.884802e-01
4.879015e-01
4.873395e-01
4.867946e-01
4.862677e-01
4.857591e-01
4.852697e-01
4.847998e-01
4.843501e-01
4.839212e-01
4.835135e-01
4.831275e-01
4.827637e-01
4.824225e-01
4.821044e-01
4.818098e-01
4.815391e-01
4.812926e-01
4.810706e-01
4.808734e-01
4.807013e-01
4.805544e-01
4.804330e-01
4.803372e-01
4.802673e-01
4.802232e-01
4.802052e-01
4.802134e-01
4.802477e-01
4.803083e-01
4.803951e-01
