5.250165e-01
5.250053e-01
5.249709e-01
5.249132e-01
5.248323e-01
5.247282e-01
5.246011e-01
5.244510e-01
5.242782e-01
5.240828e-01
5.238651e-01
5.236252e-01
5.233633e-01
5.230799e-01
5.227752e-01
5.224494e-01
5.221030e-01
5.217363e-01
5.213497e-01
5.209436e-01
5.205184e-01
5.200747e-01
5.196127e-01
5.191332e-01
5.186364e-01
5.181231e-01
5.175936e-01
5.170486e-01
5.164887e-01
5.159144e-01
5.153264e-01
5.147252e-01
5.141116e-01
5.134861e-01
5.128495e-01
5.122023e-01
5.115454e-01
5.108794e-01
5.102049e-01
5.095228e-01
5.088337e-01
5.081384e-01
5.074377e-01
5.067322e-01
5.060227e-01
5.053101e-01
5.045950e-01
5.038782e-01
5.031606e-01
5.024428e-01
5.017256e-01
5.010099e-01
5.002963e-01
4.995858e-01
4.988789e-01
4.981766e-01
4.974796e-01
4.967886e-01
4.961043e-01
4.954276e-01
4.947592e-01
4.940999e-01
4.934502e-01
4.928111e-01
4.921831e-01
4.915670e-01
4.909634e-01
4.903731e-01
4.897967e-01
4.892349e-01
4.886883e-01
4.881575e-01
4.876431e-01
4.871458e-01
4.866660e-01
4.862045e-01
4.857616e-01
4.853380e-01
4.849341e-01
4.845505e-01
4.841876e-01
4.838458e-01
4.835257e-01
4.832275e-01
4.829517e-01
4.826987e-01
4.824687e-01
4.822621e-01
4.820791e-01
4.819200e-01
4.817849e-01
4.816742e-01
4.815878e-01
4.815260e-01
4.814889e-01
4.814765e-01
4.814891e-01
4.815265e-01
4.815890e-01
4.816765e-01
