5.238542e-01
5.238436e-01
5.238109e-01
5.237562e-01
5.236795e-01
5.235808e-01
5.234602e-01
5.233179e-01
5.231540e-01
5.229687e-01
5.227621e-01
5.225346e-01
5.222862e-01
5.220174e-01
5.217283e-01
5.214194e-01
5.210908e-01
5.207430e-01
5.203763e-01
5.199911e-01
5.195879e-01
5.191669e-01
5.187288e-01
5.182740e-01
5.178029e-01
5.173160e-01
5.168139e-01
5.162970e-01
5.157661e-01
5.152215e-01
5.146638e-01
5.140938e-01
5.135119e-01
5.129189e-01
5.123152e-01
5.117017e-01
5.110789e-01
5.104474e-01
5.098080e-01
5.091614e-01
5.085082e-01
5.078492e-01
5.071850e-01
5.065164e-01
5.058440e-01
5.051687e-01
5.044911e-01
5.038119e-01
5.031320e-01
5.024519e-01
5.017726e-01
5.010946e-01
5.004188e-01
4.997458e-01
4.990765e-01
4.984115e-01
4.977516e-01
4.970974e-01
4.964498e-01
4.958093e-01
4.951769e-01
4.945530e-01
4.939385e-01
4.933339e-01
4.927401e-01
4.921576e-01
4.915871e-01
4.910292e-01
4.904846e-01
4.899539e-01
4.894378e-01
4.889367e-01
4.884513e-01
4.879822e-01
4.875298e-01
4.870948e-01
4.866776e-01
4.862788e-01
4.858987e-01
4.855380e-01
4.851971e-01
4.848763e-01
4.845760e-01
4.842968e-01
4.840389e-01
4.838026e-01
4.835884e-01
4.833964e-01
4.832269e-01
4.830802e-01
4.829564e-01
4.828557e-01
4.827783e-01
4.827242e-01
4.826937e-01
4.826867e-01
4.827034e-01
4.827439e-01
4.828082e-01
4.828963e-01
