5.227503e-01
5.227403e-01
5.227093e-01
5.226575e-01
5.225847e-01
5.224911e-01
5.223768e-01
5.222418e-01
5.220864e-01
5.219106e-01
5.217148e-01
5.214989e-01
5.212634e-01
5.210084e-01
5.207343e-01
5.204413e-01
5.201296e-01
5.197998e-01
5.194520e-01
5.190868e-01
5.187043e-01
5.183052e-01
5.178897e-01
5.174584e-01
5.170116e-01
5.165500e-01
5.160738e-01
5.155838e-01
5.150803e-01
5.145639e-01
5.140352e-01
5.134948e-01
5.129431e-01
5.123809e-01
5.118086e-01
5.112270e-01
5.106366e-01
5.100381e-01
5.094321e-01
5.088192e-01
5.082001e-01
5.075756e-01
5.069462e-01
5.063126e-01
5.056755e-01
5.050356e-01
5.043937e-01
5.037503e-01
5.031062e-01
5.024621e-01
5.018186e-01
5.011766e-01
5.005366e-01
4.998994e-01
4.992657e-01
4.986362e-01
4.980116e-01
4.973925e-01
4.967796e-01
4.961737e-01
4.955754e-01
4.949853e-01
4.944041e-01
4.938325e-01
4.932711e-01
4.927206e-01
4.921815e-01
4.916545e-01
4.911402e-01
4.906391e-01
4.901519e-01
4.896791e-01
4.892212e-01
4.887789e-01
4.883525e-01
4.879427e-01
4.875500e-01
4.871747e-01
4.868174e-01
4.864784e-01
4.861583e-01
4.858575e-01
4.855762e-01
4.853149e-01
4.850740e-01
4.848537e-01
4.846544e-01
4.844764e-01
4.843197e-01
4.841848e-01
4.840717e-01
4.839806e-01
4.839116e-01
4.838649e-01
4.838406e-01
4.838388e-01
4.838595e-01
4.839029e-01
4.839689e-01
4.840575e-01
