5.207065e-01
5.206976e-01
5.206698e-01
5.206232e-01
5.205579e-01
5.204738e-01
5.203710e-01
5.202497e-01
5.201099e-01
5.199519e-01
5.197758e-01
5.195818e-01
5.193700e-01
5.191408e-01
5.188943e-01
5.186309e-01
5.183507e-01
5.180542e-01
5.177416e-01
5.174132e-01
5.170694e-01
5.167106e-01
5.163371e-01
5.159494e-01
5.155479e-01
5.151330e-01
5.147051e-01
5.142647e-01
5.138122e-01
5.133482e-01
5.128732e-01
5.123876e-01
5.118920e-01
5.113870e-01
5.108730e-01
5.103506e-01
5.098203e-01
5.092828e-01
5.087387e-01
5.081885e-01
5.076327e-01
5.070721e-01
5.065072e-01
5.059386e-01
5.053670e-01
5.047929e-01
5.042171e-01
5.036401e-01
5.030625e-01
5.024850e-01
5.019082e-01
5.013328e-01
5.007594e-01
5.001886e-01
4.996210e-01
4.990573e-01
4.984981e-01
4.979441e-01
4.973958e-01
4.968538e-01
4.963188e-01
4.957914e-01
4.952721e-01
4.947616e-01
4.942604e-01
4.937692e-01
4.932884e-01
4.928186e-01
4.923603e-01
4.919142e-01
4.914807e-01
4.910603e-01
4.906536e-01
4.902610e-01
4.898829e-01
4.895199e-01
4.891724e-01
4.888408e-01
4.885255e-01
4.882270e-01
4.879456e-01
4.876817e-01
4.874356e-01
4.872077e-01
4.869983e-01
4.868077e-01
4.866361e-01
4.864838e-01
4.863510e-01
4.862379e-01
4.861446e-01
4.860713e-01
4.860181e-01
4.859851e-01
4.859724e-01
4.859800e-01
4.860082e-01
4.860568e-01
4.861260e-01
4.862157e-01
