5.217020e-01
5.216925e-01
5.216632e-01
5.216141e-01
5.215451e-01
5.214564e-01
5.213479e-01
5.212200e-01
5.210726e-01
5.209059e-01
5.207202e-01
5.205155e-01
5.202922e-01
5.200504e-01
5.197904e-01
5.195126e-01
5.192171e-01
5.189043e-01
5.185746e-01
5.182282e-01
5.178656e-01
5.174871e-01
5.170932e-01
5.166842e-01
5.162606e-01
5.158229e-01
5.153715e-01
5.149069e-01
5.144296e-01
5.139401e-01
5.134389e-01
5.129266e-01
5.124036e-01
5.118707e-01
5.113283e-01
5.107770e-01
5.102175e-01
5.096502e-01
5.090759e-01
5.084952e-01
5.079086e-01
5.073168e-01
5.067204e-01
5.061202e-01
5.055166e-01
5.049105e-01
5.043024e-01
5.036931e-01
5.030831e-01
5.024731e-01
5.018638e-01
5.012559e-01
5.006501e-01
5.000469e-01
4.994471e-01
4.988514e-01
4.982603e-01
4.976745e-01
4.970947e-01
4.965216e-01
4.959557e-01
4.953978e-01
4.948483e-01
4.943081e-01
4.937775e-01
4.932574e-01
4.927481e-01
4.922505e-01
4.917649e-01
4.912920e-01
4.908323e-01
4.903864e-01
4.899547e-01
4.895379e-01
4.891363e-01
4.887505e-01
4.883809e-01
4.880280e-01
4.876922e-01
4.873740e-01
4.870738e-01
4.867918e-01
4.865286e-01
4.862845e-01
4.860597e-01
4.858546e-01
4.856695e-01
4.855047e-01
4.853602e-01
4.852365e-01
4.851335e-01
4.850515e-01
4.849907e-01
4.849510e-01
4.849326e-01
4.849357e-01
4.849602e-01
4.850062e-01
4.850739e-01
4.851631e-01
