5.188640e-01
5.188560e-01
5.188311e-01
5.187893e-01
5.187306e-01
5.186550e-01
5.185627e-01
5.184537e-01
5.183282e-01
5.181862e-01
5.180280e-01
5.178537e-01
5.176634e-01
5.174575e-01
5.172360e-01
5.169993e-01
5.167476e-01
5.164812e-01
5.162003e-01
5.159053e-01
5.155965e-01
5.152742e-01
5.149387e-01
5.145905e-01
5.142298e-01
5.138571e-01
5.134728e-01
5.130773e-01
5.126711e-01
5.122544e-01
5.118279e-01
5.113920e-01
5.109471e-01
5.104937e-01
5.100324e-01
5.095635e-01
5.090877e-01
5.086054e-01
5.081172e-01
5.076236e-01
5.071251e-01
5.066223e-01
5.061157e-01
5.056060e-01
5.050935e-01
5.045790e-01
5.040629e-01
5.035459e-01
5.030284e-01
5.025112e-01
5.019947e-01
5.014795e-01
5.009663e-01
5.004555e-01
4.999477e-01
4.994435e-01
4.989435e-01
4.984483e-01
4.979583e-01
4.974742e-01
4.969965e-01
4.965257e-01
4.960625e-01
4.956072e-01
4.951604e-01
4.947228e-01
4.942946e-01
4.938766e-01
4.934691e-01
4.930726e-01
4.926877e-01
4.923147e-01
4.919542e-01
4.916065e-01
4.912721e-01
4.909514e-01
4.906448e-01
4.903527e-01
4.900755e-01
4.898135e-01
4.895671e-01
4.893366e-01
4.891223e-01
4.889246e-01
4.887436e-01
4.885798e-01
4.884333e-01
4.883043e-01
4.881930e-01
4.880997e-01
4.880243e-01
4.879671e-01
4.879281e-01
4.879074e-01
4.879052e-01
4.879215e-01
4.879563e-01
4.880097e-01
4.880817e-01
4.881724e-01
