5.197614e-01
5.197529e-01
5.197266e-01
5.196825e-01
5.196205e-01
5.195408e-01
5.194434e-01
5.193284e-01
5.191959e-01
5.190462e-01
5.188792e-01
5.186953e-01
5.184945e-01
5.182772e-01
5.180436e-01
5.177939e-01
5.175283e-01
5.172472e-01
5.169508e-01
5.166396e-01
5.163137e-01
5.159736e-01
5.156196e-01
5.152521e-01
5.148716e-01
5.144783e-01
5.140727e-01
5.136553e-01
5.132266e-01
5.127869e-01
5.123367e-01
5.118766e-01
5.114070e-01
5.109284e-01
5.104414e-01
5.099464e-01
5.094441e-01
5.089349e-01
5.084194e-01
5.078982e-01
5.073718e-01
5.068408e-01
5.063058e-01
5.057674e-01
5.052261e-01
5.046826e-01
5.041373e-01
5.035911e-01
5.030443e-01
5.024977e-01
5.019518e-01
5.014073e-01
5.008647e-01
5.003247e-01
4.997877e-01
4.992546e-01
4.987257e-01
4.982018e-01
4.976834e-01
4.971711e-01
4.966655e-01
4.961671e-01
4.956765e-01
4.951943e-01
4.947211e-01
4.942572e-01
4.938034e-01
4.933602e-01
4.929280e-01
4.925073e-01
4.920987e-01
4.917026e-01
4.913195e-01
4.909499e-01
4.905943e-01
4.902529e-01
4.899264e-01
4.896151e-01
4.893193e-01
4.890395e-01
4.887760e-01
4.885293e-01
4.882995e-01
4.880871e-01
4.878923e-01
4.877154e-01
4.875566e-01
4.874163e-01
4.872945e-01
4.871915e-01
4.871074e-01
4.870423e-01
4.869964e-01
4.869697e-01
4.869624e-01
4.869745e-01
4.870060e-01
4.870571e-01
4.871278e-01
4.872180e-01
