9.384477e-01
9.382635e-01
9.377100e-01
9.367868e-01
9.354932e-01
9.338282e-01
9.317907e-01
9.293794e-01
9.265926e-01
9.234288e-01
9.198861e-01
9.159629e-01
9.116573e-01
9.069675e-01
9.018920e-01
8.964292e-01
8.905779e-01
8.843372e-01
8.777064e-01
8.706855e-01
8.632745e-01
8.554745e-01
8.472867e-01
8.387132e-01
8.297570e-01
8.204213e-01
8.107107e-01
8.006302e-01
7.901860e-01
7.793849e-01
7.682351e-01
7.567452e-01
7.449253e-01
7.327861e-01
7.203394e-01
7.075982e-01
6.945761e-01
6.812879e-01
6.677491e-01
6.539764e-01
6.399870e-01
6.257991e-01
6.114314e-01
5.969037e-01
5.822359e-01
5.674488e-01
5.525635e-01
5.376016e-01
5.225848e-01
5.075352e-01
4.924750e-01
4.774264e-01
4.624115e-01
4.474525e-01
4.325711e-01
4.177890e-01
4.031272e-01
3.886064e-01
3.742469e-01
3.600682e-01
3.460891e-01
3.323279e-01
3.188020e-01
3.055278e-01
2.925211e-01
2.797966e-01
2.673681e-01
2.552485e-01
2.434497e-01
2.319826e-01
2.208571e-01
2.100822e-01
1.996659e-01
1.896151e-01
1.799361e-01
1.706341e-01
1.617135e-01
1.531778e-01
1.450300e-01
1.372721e-01
1.299057e-01
1.229316e-01
1.163502e-01
1.101613e-01
1.043644e-01
9.895857e-02
9.394268e-02
8.931530e-02
8.507483e-02
8.121957e-02
7.774777e-02
7.465766e-02
7.194754e-02
6.961578e-02
6.766089e-02
6.608153e-02
6.487659e-02
6.404515e-02
6.358655e-02
6.350040e-02
