5.180121e-01
5.180045e-01
5.179809e-01
5.179413e-01
5.178857e-01
5.178141e-01
5.177267e-01
5.176234e-01
5.175045e-01
5.173700e-01
5.172200e-01
5.170548e-01
5.168745e-01
5.166794e-01
5.164695e-01
5.162452e-01
5.160067e-01
5.157542e-01
5.154881e-01
5.152085e-01
5.149159e-01
5.146105e-01
5.142926e-01
5.139627e-01
5.136210e-01
5.132679e-01
5.129038e-01
5.125291e-01
5.121442e-01
5.117495e-01
5.113455e-01
5.109326e-01
5.105112e-01
5.100818e-01
5.096448e-01
5.092008e-01
5.087502e-01
5.082935e-01
5.078312e-01
5.073639e-01
5.068919e-01
5.064159e-01
5.059364e-01
5.054539e-01
5.049688e-01
5.044819e-01
5.039935e-01
5.035043e-01
5.030148e-01
5.025254e-01
5.020369e-01
5.015496e-01
5.010642e-01
5.005812e-01
5.001012e-01
4.996246e-01
4.991521e-01
4.986841e-01
4.982211e-01
4.977638e-01
4.973127e-01
4.968682e-01
4.964308e-01
4.960011e-01
4.955796e-01
4.951668e-01
4.947631e-01
4.943690e-01
4.939850e-01
4.936116e-01
4.932491e-01
4.928981e-01
4.925590e-01
4.922321e-01
4.919180e-01
4.916169e-01
4.913293e-01
4.910555e-01
4.907959e-01
4.905508e-01
4.903206e-01
4.901056e-01
4.899061e-01
4.897223e-01
4.895546e-01
4.894032e-01
4.892683e-01
4.891501e-01
4.890488e-01
4.889646e-01
4.888975e-01
4.888477e-01
4.888154e-01
4.888004e-01
4.888031e-01
4.888233e-01
4.888612e-01
4.889169e-01
4.889902e-01
4.890814e-01
