5.172033e-01
5.171962e-01
5.171739e-01
5.171364e-01
5.170837e-01
5.170159e-01
5.169331e-01
5.168353e-01
5.167226e-01
5.165951e-01
5.164531e-01
5.162965e-01
5.161257e-01
5.159408e-01
5.157420e-01
5.155295e-01
5.153035e-01
5.150643e-01
5.148122e-01
5.145474e-01
5.142701e-01
5.139808e-01
5.136797e-01
5.133671e-01
5.130434e-01
5.127089e-01
5.123641e-01
5.120092e-01
5.116446e-01
5.112708e-01
5.108882e-01
5.104971e-01
5.100981e-01
5.096915e-01
5.092777e-01
5.088573e-01
5.084307e-01
5.079983e-01
5.075607e-01
5.071183e-01
5.066716e-01
5.062211e-01
5.057672e-01
5.053106e-01
5.048517e-01
5.043910e-01
5.039289e-01
5.034662e-01
5.030031e-01
5.025403e-01
5.020784e-01
5.016177e-01
5.011588e-01
5.007022e-01
5.002485e-01
4.997982e-01
4.993517e-01
4.989096e-01
4.984724e-01
4.980406e-01
4.976147e-01
4.971952e-01
4.967825e-01
4.963771e-01
4.959796e-01
4.955904e-01
4.952099e-01
4.948386e-01
4.944770e-01
4.941255e-01
4.937844e-01
4.934543e-01
4.931355e-01
4.928285e-01
4.925335e-01
4.922511e-01
4.919815e-01
4.917251e-01
4.914823e-01
4.912533e-01
4.910385e-01
4.908383e-01
4.906527e-01
4.904823e-01
4.903271e-01
4.901875e-01
4.900637e-01
4.899558e-01
4.898640e-01
4.897884e-01
4.897292e-01
4.896866e-01
4.896604e-01
4.896510e-01
4.896582e-01
4.896823e-01
4.897231e-01
4.897809e-01
4.898555e-01
4.899470e-01
