5.157072e-01
5.157008e-01
5.156808e-01
5.156473e-01
5.156001e-01
5.155393e-01
5.154650e-01
5.153772e-01
5.152762e-01
5.151618e-01
5.150344e-01
5.148940e-01
5.147408e-01
5.145749e-01
5.143965e-01
5.142059e-01
5.140032e-01
5.137886e-01
5.135624e-01
5.133249e-01
5.130762e-01
5.128167e-01
5.125467e-01
5.122664e-01
5.119761e-01
5.116762e-01
5.113670e-01
5.110488e-01
5.107220e-01
5.103869e-01
5.100439e-01
5.096935e-01
5.093358e-01
5.089715e-01
5.086008e-01
5.082242e-01
5.078420e-01
5.074548e-01
5.070629e-01
5.066668e-01
5.062669e-01
5.058637e-01
5.054576e-01
5.050490e-01
5.046385e-01
5.042264e-01
5.038132e-01
5.033995e-01
5.029857e-01
5.025721e-01
5.021594e-01
5.017480e-01
5.013383e-01
5.009308e-01
5.005260e-01
5.001243e-01
4.997262e-01
4.993322e-01
4.989427e-01
4.985582e-01
4.981791e-01
4.978059e-01
4.974390e-01
4.970788e-01
4.967258e-01
4.963804e-01
4.960429e-01
4.957140e-01
4.953938e-01
4.950829e-01
4.947815e-01
4.944901e-01
4.942091e-01
4.939388e-01
4.936796e-01
4.934317e-01
4.931956e-01
4.929715e-01
4.927597e-01
4.925606e-01
4.923744e-01
4.922015e-01
4.920420e-01
4.918962e-01
4.917643e-01
4.916466e-01
4.915432e-01
4.914544e-01
4.913802e-01
4.913208e-01
4.912762e-01
4.912467e-01
4.912322e-01
4.912328e-01
4.912487e-01
4.912797e-01
4.913260e-01
4.913877e-01
4.914647e-01
4.915570e-01
