5.150158e-01
5.150098e-01
5.149909e-01
5.149591e-01
5.149145e-01
5.148569e-01
5.147866e-01
5.147035e-01
5.146078e-01
5.144996e-01
5.143789e-01
5.142460e-01
5.141009e-01
5.139438e-01
5.137750e-01
5.135945e-01
5.134025e-01
5.131994e-01
5.129853e-01
5.127604e-01
5.125249e-01
5.122793e-01
5.120236e-01
5.117583e-01
5.114835e-01
5.111996e-01
5.109069e-01
5.106057e-01
5.102964e-01
5.099793e-01
5.096547e-01
5.093230e-01
5.089846e-01
5.086399e-01
5.082891e-01
5.079328e-01
5.075713e-01
5.072050e-01
5.068343e-01
5.064597e-01
5.060815e-01
5.057001e-01
5.053161e-01
5.049298e-01
5.045417e-01
5.041522e-01
5.037617e-01
5.033707e-01
5.029796e-01
5.025889e-01
5.021991e-01
5.018105e-01
5.014235e-01
5.010388e-01
5.006566e-01
5.002775e-01
4.999019e-01
4.995301e-01
4.991628e-01
4.988002e-01
4.984428e-01
4.980910e-01
4.977453e-01
4.974060e-01
4.970737e-01
4.967485e-01
4.964311e-01
4.961217e-01
4.958208e-01
4.955286e-01
4.952457e-01
4.949723e-01
4.947088e-01
4.944555e-01
4.942128e-01
4.939809e-01
4.937603e-01
4.935512e-01
4.933538e-01
4.931686e-01
4.929957e-01
4.928354e-01
4.926879e-01
4.925535e-01
4.924324e-01
4.923249e-01
4.922310e-01
4.921510e-01
4.920849e-01
4.920330e-01
4.919953e-01
4.919718e-01
4.919627e-01
4.919680e-01
4.919878e-01
4.920221e-01
4.920710e-01
4.921345e-01
4.922125e-01
4.923052e-01
