5.143598e-01
5.143541e-01
5.143363e-01
5.143062e-01
5.142639e-01
5.142095e-01
5.141429e-01
5.140643e-01
5.139737e-01
5.138713e-01
5.137570e-01
5.136312e-01
5.134939e-01
5.133452e-01
5.131853e-01
5.130145e-01
5.128328e-01
5.126405e-01
5.124378e-01
5.122249e-01
5.120021e-01
5.117696e-01
5.115276e-01
5.112765e-01
5.110164e-01
5.107478e-01
5.104708e-01
5.101858e-01
5.098931e-01
5.095931e-01
5.092860e-01
5.089722e-01
5.086520e-01
5.083259e-01
5.079942e-01
5.076571e-01
5.073152e-01
5.069688e-01
5.066183e-01
5.062640e-01
5.059065e-01
5.055460e-01
5.051830e-01
5.048179e-01
5.044511e-01
5.040830e-01
5.037141e-01
5.033447e-01
5.029753e-01
5.026063e-01
5.022381e-01
5.018712e-01
5.015060e-01
5.011429e-01
5.007823e-01
5.004246e-01
5.000703e-01
4.997197e-01
4.993734e-01
4.990316e-01
4.986949e-01
4.983635e-01
4.980380e-01
4.977186e-01
4.974058e-01
4.971000e-01
4.968016e-01
4.965108e-01
4.962282e-01
4.959539e-01
4.956885e-01
4.954321e-01
4.951853e-01
4.949482e-01
4.947212e-01
4.945046e-01
4.942987e-01
4.941038e-01
4.939202e-01
4.937481e-01
4.935878e-01
4.934395e-01
4.933035e-01
4.931800e-01
4.930692e-01
4.929712e-01
4.928864e-01
4.928148e-01
4.927565e-01
4.927117e-01
4.926804e-01
4.926627e-01
4.926588e-01
4.926685e-01
4.926921e-01
4.927295e-01
4.927808e-01
4.928460e-01
4.929251e-01
4.930181e-01
