5.137373e-01
5.137320e-01
5.137151e-01
5.136867e-01
5.136467e-01
5.135952e-01
5.135322e-01
5.134578e-01
5.133721e-01
5.132752e-01
5.131671e-01
5.130480e-01
5.129180e-01
5.127773e-01
5.126260e-01
5.124643e-01
5.122924e-01
5.121105e-01
5.119186e-01
5.117172e-01
5.115064e-01
5.112863e-01
5.110574e-01
5.108198e-01
5.105737e-01
5.103195e-01
5.100575e-01
5.097879e-01
5.095110e-01
5.092272e-01
5.089367e-01
5.086400e-01
5.083372e-01
5.080288e-01
5.077151e-01
5.073964e-01
5.070731e-01
5.067456e-01
5.064143e-01
5.060794e-01
5.057415e-01
5.054008e-01
5.050578e-01
5.047128e-01
5.043663e-01
5.040186e-01
5.036702e-01
5.033213e-01
5.029726e-01
5.026242e-01
5.022767e-01
5.019304e-01
5.015858e-01
5.012432e-01
5.009031e-01
5.005658e-01
5.002318e-01
4.999014e-01
4.995750e-01
4.992531e-01
4.989360e-01
4.986240e-01
4.983176e-01
4.980172e-01
4.977231e-01
4.974357e-01
4.971552e-01
4.968822e-01
4.966169e-01
4.963597e-01
4.961109e-01
4.958708e-01
4.956398e-01
4.954181e-01
4.952060e-01
4.950039e-01
4.948121e-01
4.946307e-01
4.944601e-01
4.943005e-01
4.941522e-01
4.940153e-01
4.938902e-01
4.937770e-01
4.936760e-01
4.935873e-01
4.935110e-01
4.934474e-01
4.933965e-01
4.933584e-01
4.933332e-01
4.933211e-01
4.933220e-01
4.933360e-01
4.933632e-01
4.934035e-01
4.934571e-01
4.935239e-01
4.936040e-01
4.936974e-01
