5.131468e-01
5.131418e-01
5.131259e-01
5.130990e-01
5.130612e-01
5.130125e-01
5.129529e-01
5.128825e-01
5.128015e-01
5.127097e-01
5.126075e-01
5.124948e-01
5.123718e-01
5.122387e-01
5.120956e-01
5.119426e-01
5.117800e-01
5.116078e-01
5.114264e-01
5.112358e-01
5.110363e-01
5.108282e-01
5.106116e-01
5.103869e-01
5.101541e-01
5.099137e-01
5.096659e-01
5.094109e-01
5.091491e-01
5.088807e-01
5.086061e-01
5.083254e-01
5.080392e-01
5.077476e-01
5.074510e-01
5.071498e-01
5.068443e-01
5.065348e-01
5.062217e-01
5.059053e-01
5.055860e-01
5.052641e-01
5.049401e-01
5.046143e-01
5.042871e-01
5.039588e-01
5.036298e-01
5.033005e-01
5.029713e-01
5.026426e-01
5.023148e-01
5.019881e-01
5.016631e-01
5.013401e-01
5.010194e-01
5.007015e-01
5.003868e-01
5.000755e-01
4.997682e-01
4.994651e-01
4.991666e-01
4.988731e-01
4.985850e-01
4.983025e-01
4.980262e-01
4.977562e-01
4.974929e-01
4.972368e-01
4.969880e-01
4.967470e-01
4.965140e-01
4.962893e-01
4.960733e-01
4.958663e-01
4.956684e-01
4.954801e-01
4.953016e-01
4.951331e-01
4.949748e-01
4.948272e-01
4.946902e-01
4.945643e-01
4.944495e-01
4.943462e-01
4.942544e-01
4.941744e-01
4.941063e-01
4.940503e-01
4.940064e-01
4.939747e-01
4.939554e-01
4.939485e-01
4.939540e-01
4.939721e-01
4.940026e-01
4.940458e-01
4.941015e-01
4.941699e-01
4.942509e-01
4.943446e-01
