9.197315e-01
9.195437e-01
9.189796e-01
9.180389e-01
9.167217e-01
9.150278e-01
9.129571e-01
9.105094e-01
9.076848e-01
9.044831e-01
9.009044e-01
8.969489e-01
8.926169e-01
8.879088e-01
8.828253e-01
8.773674e-01
8.715361e-01
8.653330e-01
8.587599e-01
8.518191e-01
8.445132e-01
8.368453e-01
8.288192e-01
8.204388e-01
8.117091e-01
8.026351e-01
7.932230e-01
7.834793e-01
7.734111e-01
7.630266e-01
7.523341e-01
7.413431e-01
7.300636e-01
7.185062e-01
7.066825e-01
6.946045e-01
6.822850e-01
6.697375e-01
6.569760e-01
6.440153e-01
6.308706e-01
6.175578e-01
6.040932e-01
5.904935e-01
5.767760e-01
5.629583e-01
5.490582e-01
5.350940e-01
5.210838e-01
5.070464e-01
4.930001e-01
4.789638e-01
4.649560e-01
4.509951e-01
4.370997e-01
4.232878e-01
4.095773e-01
3.959858e-01
3.825306e-01
3.692285e-01
3.560959e-01
3.431485e-01
3.304017e-01
3.178703e-01
3.055683e-01
2.935093e-01
2.817061e-01
2.701709e-01
2.589151e-01
2.479495e-01
2.372841e-01
2.269284e-01
2.168910e-01
2.071798e-01
1.978022e-01
1.887648e-01
1.800735e-01
1.717338e-01
1.637504e-01
1.561276e-01
1.488689e-01
1.419777e-01
1.354566e-01
1.293078e-01
1.235333e-01
1.181347e-01
1.131131e-01
1.084696e-01
1.042047e-01
1.003190e-01
9.681291e-02
9.368649e-02
9.093986e-02
8.857304e-02
8.658595e-02
8.497852e-02
8.375066e-02
8.290226e-02
8.243325e-02
8.234359e-02
