5.120555e-01
5.120511e-01
5.120369e-01
5.120129e-01
5.119791e-01
5.119356e-01
5.118823e-01
5.118194e-01
5.117469e-01
5.116649e-01
5.115735e-01
5.114727e-01
5.113627e-01
5.112437e-01
5.111157e-01
5.109789e-01
5.108334e-01
5.106795e-01
5.105172e-01
5.103468e-01
5.101685e-01
5.099824e-01
5.097888e-01
5.095879e-01
5.093799e-01
5.091650e-01
5.089435e-01
5.087157e-01
5.084818e-01
5.082420e-01
5.079967e-01
5.077461e-01
5.074904e-01
5.072301e-01
5.069654e-01
5.066965e-01
5.064239e-01
5.061478e-01
5.058684e-01
5.055863e-01
5.053016e-01
5.050147e-01
5.047260e-01
5.044357e-01
5.041442e-01
5.038519e-01
5.035590e-01
5.032660e-01
5.029732e-01
5.026809e-01
5.023894e-01
5.020992e-01
5.018105e-01
5.015238e-01
5.012393e-01
5.009574e-01
5.006784e-01
5.004027e-01
5.001306e-01
4.998624e-01
4.995986e-01
4.993393e-01
4.990850e-01
4.988360e-01
4.985925e-01
4.983549e-01
4.981235e-01
4.978986e-01
4.976804e-01
4.974694e-01
4.972658e-01
4.970698e-01
4.968817e-01
4.967018e-01
4.965303e-01
4.963676e-01
4.962138e-01
4.960691e-01
4.959339e-01
4.958083e-01
4.956925e-01
4.955867e-01
4.954912e-01
4.954060e-01
4.953315e-01
4.952677e-01
4.952147e-01
4.951728e-01
4.951419e-01
4.951222e-01
4.951137e-01
4.951165e-01
4.951306e-01
4.951561e-01
4.951930e-01
4.952414e-01
4.953012e-01
4.953724e-01
4.954552e-01
4.955494e-01
