5.125867e-01
5.125820e-01
5.125670e-01
5.125416e-01
5.125058e-01
5.124598e-01
5.124034e-01
5.123369e-01
5.122602e-01
5.121735e-01
5.120767e-01
5.119702e-01
5.118539e-01
5.117280e-01
5.115926e-01
5.114479e-01
5.112941e-01
5.111312e-01
5.109596e-01
5.107794e-01
5.105908e-01
5.103939e-01
5.101891e-01
5.099766e-01
5.097565e-01
5.095292e-01
5.092949e-01
5.090539e-01
5.088063e-01
5.085526e-01
5.082930e-01
5.080277e-01
5.077572e-01
5.074816e-01
5.072014e-01
5.069168e-01
5.066281e-01
5.063357e-01
5.060399e-01
5.057410e-01
5.054395e-01
5.051356e-01
5.048296e-01
5.045220e-01
5.042131e-01
5.039033e-01
5.035928e-01
5.032821e-01
5.029716e-01
5.026615e-01
5.023523e-01
5.020443e-01
5.017380e-01
5.014335e-01
5.011314e-01
5.008320e-01
5.005355e-01
5.002425e-01
4.999532e-01
4.996681e-01
4.993873e-01
4.991114e-01
4.988406e-01
4.985753e-01
4.983157e-01
4.980623e-01
4.978154e-01
4.975753e-01
4.973422e-01
4.971166e-01
4.968986e-01
4.966886e-01
4.964870e-01
4.962938e-01
4.961095e-01
4.959343e-01
4.957684e-01
4.956122e-01
4.954657e-01
4.953293e-01
4.952032e-01
4.950876e-01
4.949827e-01
4.948887e-01
4.948058e-01
4.947341e-01
4.946738e-01
4.946249e-01
4.945877e-01
4.945622e-01
4.945484e-01
4.945465e-01
4.945564e-01
4.945783e-01
4.946121e-01
4.946579e-01
4.947157e-01
4.947856e-01
4.948675e-01
4.949615e-01
