5.110742e-01
5.110703e-01
5.110576e-01
5.110362e-01
5.110061e-01
5.109673e-01
5.109197e-01
5.108636e-01
5.107988e-01
5.107256e-01
5.106439e-01
5.105539e-01
5.104557e-01
5.103494e-01
5.102350e-01
5.101129e-01
5.099829e-01
5.098455e-01
5.097006e-01
5.095484e-01
5.093892e-01
5.092230e-01
5.090502e-01
5.088708e-01
5.086852e-01
5.084934e-01
5.082958e-01
5.080925e-01
5.078838e-01
5.076699e-01
5.074511e-01
5.072276e-01
5.069997e-01
5.067676e-01
5.065317e-01
5.062921e-01
5.060492e-01
5.058032e-01
5.055545e-01
5.053033e-01
5.050499e-01
5.047946e-01
5.045377e-01
5.042796e-01
5.040204e-01
5.037606e-01
5.035004e-01
5.032402e-01
5.029803e-01
5.027209e-01
5.024624e-01
5.022051e-01
5.019493e-01
5.016953e-01
5.014435e-01
5.011941e-01
5.009474e-01
5.007039e-01
5.004637e-01
5.002271e-01
4.999946e-01
4.997663e-01
4.995425e-01
4.993237e-01
4.991099e-01
4.989016e-01
4.986990e-01
4.985024e-01
4.983120e-01
4.981281e-01
4.979509e-01
4.977808e-01
4.976180e-01
4.974626e-01
4.973150e-01
4.971754e-01
4.970439e-01
4.969209e-01
4.968064e-01
4.967008e-01
4.966041e-01
4.965166e-01
4.964384e-01
4.963698e-01
4.963108e-01
4.962616e-01
4.962223e-01
4.961931e-01
4.961740e-01
4.961651e-01
4.961664e-01
4.961780e-01
4.961999e-01
4.962321e-01
4.962748e-01
4.963278e-01
4.963912e-01
4.964651e-01
4.965494e-01
4.966442e-01
