5.115518e-01
5.115476e-01
5.115342e-01
5.115116e-01
5.114797e-01
5.114385e-01
5.113882e-01
5.113288e-01
5.112602e-01
5.111827e-01
5.110963e-01
5.110010e-01
5.108971e-01
5.107845e-01
5.106636e-01
5.105342e-01
5.103968e-01
5.102513e-01
5.100979e-01
5.099368e-01
5.097683e-01
5.095924e-01
5.094095e-01
5.092196e-01
5.090231e-01
5.088200e-01
5.086108e-01
5.083955e-01
5.081745e-01
5.079480e-01
5.077163e-01
5.074796e-01
5.072382e-01
5.069923e-01
5.067424e-01
5.064885e-01
5.062311e-01
5.059704e-01
5.057068e-01
5.054405e-01
5.051718e-01
5.049012e-01
5.046287e-01
5.043549e-01
5.040800e-01
5.038044e-01
5.035283e-01
5.032521e-01
5.029761e-01
5.027007e-01
5.024261e-01
5.021528e-01
5.018809e-01
5.016110e-01
5.013432e-01
5.010780e-01
5.008156e-01
5.005564e-01
5.003006e-01
5.000487e-01
4.998008e-01
4.995575e-01
4.993188e-01
4.990852e-01
4.988570e-01
4.986344e-01
4.984178e-01
4.982073e-01
4.980034e-01
4.978063e-01
4.976163e-01
4.974335e-01
4.972584e-01
4.970911e-01
4.969318e-01
4.967809e-01
4.966386e-01
4.965050e-01
4.963804e-01
4.962650e-01
4.961590e-01
4.960626e-01
4.959760e-01
4.958993e-01
4.958328e-01
4.957764e-01
4.957305e-01
4.956951e-01
4.956702e-01
4.956560e-01
4.956526e-01
4.956599e-01
4.956780e-01
4.957070e-01
4.957468e-01
4.957975e-01
4.958592e-01
4.959318e-01
4.960154e-01
4.961099e-01
