5.106214e-01
5.106177e-01
5.106058e-01
5.105856e-01
5.105572e-01
5.105205e-01
5.104757e-01
5.104226e-01
5.103615e-01
5.102923e-01
5.102151e-01
5.101301e-01
5.100374e-01
5.099369e-01
5.098289e-01
5.097135e-01
5.095908e-01
5.094610e-01
5.093241e-01
5.091804e-01
5.090300e-01
5.088732e-01
5.087099e-01
5.085406e-01
5.083653e-01
5.081842e-01
5.079976e-01
5.078057e-01
5.076087e-01
5.074068e-01
5.072003e-01
5.069894e-01
5.067743e-01
5.065553e-01
5.063327e-01
5.061067e-01
5.058776e-01
5.056456e-01
5.054110e-01
5.051742e-01
5.049353e-01
5.046946e-01
5.044525e-01
5.042093e-01
5.039651e-01
5.037204e-01
5.034754e-01
5.032303e-01
5.029856e-01
5.027415e-01
5.024982e-01
5.022562e-01
5.020156e-01
5.017769e-01
5.015402e-01
5.013059e-01
5.010742e-01
5.008455e-01
5.006201e-01
5.003982e-01
5.001802e-01
4.999662e-01
4.997567e-01
4.995518e-01
4.993518e-01
4.991571e-01
4.989678e-01
4.987843e-01
4.986067e-01
4.984354e-01
4.982706e-01
4.981125e-01
4.979613e-01
4.978174e-01
4.976808e-01
4.975519e-01
4.974308e-01
4.973177e-01
4.972129e-01
4.971165e-01
4.970287e-01
4.969496e-01
4.968795e-01
4.968185e-01
4.967667e-01
4.967243e-01
4.966914e-01
4.966681e-01
4.966544e-01
4.966505e-01
4.966563e-01
4.966720e-01
4.966975e-01
4.967329e-01
4.967782e-01
4.968334e-01
4.968985e-01
4.969736e-01
4.970587e-01
4.971537e-01
