5.094002e-01
5.093972e-01
5.093873e-01
5.093704e-01
5.093465e-01
5.093158e-01
5.092781e-01
5.092335e-01
5.091821e-01
5.091240e-01
5.090591e-01
5.089877e-01
5.089097e-01
5.088253e-01
5.087345e-01
5.086375e-01
5.085344e-01
5.084252e-01
5.083102e-01
5.081895e-01
5.080631e-01
5.079313e-01
5.077942e-01
5.076520e-01
5.075048e-01
5.073528e-01
5.071962e-01
5.070352e-01
5.068699e-01
5.067006e-01
5.065275e-01
5.063507e-01
5.061705e-01
5.059870e-01
5.058006e-01
5.056115e-01
5.054197e-01
5.052257e-01
5.050296e-01
5.048317e-01
5.046322e-01
5.044313e-01
5.042293e-01
5.040265e-01
5.038230e-01
5.036192e-01
5.034153e-01
5.032115e-01
5.030082e-01
5.028055e-01
5.026037e-01
5.024030e-01
5.022038e-01
5.020063e-01
5.018108e-01
5.016174e-01
5.014264e-01
5.012382e-01
5.010529e-01
5.008708e-01
5.006921e-01
5.005171e-01
5.003460e-01
5.001791e-01
5.000166e-01
4.998587e-01
4.997056e-01
4.995576e-01
4.994150e-01
4.992778e-01
4.991463e-01
4.990208e-01
4.989014e-01
4.987884e-01
4.986818e-01
4.985820e-01
4.984890e-01
4.984031e-01
4.983244e-01
4.982531e-01
4.981894e-01
4.981333e-01
4.980850e-01
4.980448e-01
4.980126e-01
4.979886e-01
4.979729e-01
4.979656e-01
4.979668e-01
4.979764e-01
4.979946e-01
4.980213e-01
4.980566e-01
4.981004e-01
4.981529e-01
4.982140e-01
4.982838e-01
4.983621e-01
4.984492e-01
4.985449e-01
