5.097856e-01
5.097823e-01
5.097718e-01
5.097538e-01
5.097285e-01
5.096959e-01
5.096559e-01
5.096087e-01
5.095542e-01
5.094926e-01
5.094238e-01
5.093481e-01
5.092654e-01
5.091759e-01
5.090797e-01
5.089769e-01
5.088675e-01
5.087518e-01
5.086299e-01
5.085019e-01
5.083679e-01
5.082282e-01
5.080828e-01
5.079320e-01
5.077759e-01
5.076147e-01
5.074486e-01
5.072778e-01
5.071025e-01
5.069228e-01
5.067391e-01
5.065515e-01
5.063603e-01
5.061656e-01
5.059677e-01
5.057669e-01
5.055633e-01
5.053573e-01
5.051490e-01
5.049387e-01
5.047267e-01
5.045133e-01
5.042986e-01
5.040829e-01
5.038666e-01
5.036498e-01
5.034329e-01
5.032161e-01
5.029996e-01
5.027838e-01
5.025689e-01
5.023551e-01
5.021428e-01
5.019323e-01
5.017237e-01
5.015173e-01
5.013135e-01
5.011124e-01
5.009144e-01
5.007197e-01
5.005285e-01
5.003412e-01
5.001580e-01
4.999790e-01
4.998046e-01
4.996351e-01
4.994705e-01
4.993113e-01
4.991576e-01
4.990096e-01
4.988676e-01
4.987317e-01
4.986023e-01
4.984795e-01
4.983634e-01
4.982543e-01
4.981525e-01
4.980580e-01
4.979710e-01
4.978917e-01
4.978204e-01
4.977570e-01
4.977018e-01
4.976550e-01
4.976166e-01
4.975868e-01
4.975657e-01
4.975533e-01
4.975497e-01
4.975551e-01
4.975693e-01
4.975926e-01
4.976248e-01
4.976659e-01
4.977161e-01
4.977754e-01
4.978437e-01
4.979210e-01
4.980074e-01
4.981029e-01
