5.090352e-01
5.090324e-01
5.090230e-01
5.090071e-01
5.089847e-01
5.089557e-01
5.089201e-01
5.088781e-01
5.088297e-01
5.087749e-01
5.087137e-01
5.086464e-01
5.085728e-01
5.084932e-01
5.084076e-01
5.083162e-01
5.082189e-01
5.081160e-01
5.080076e-01
5.078938e-01
5.077747e-01
5.076504e-01
5.075212e-01
5.073871e-01
5.072484e-01
5.071052e-01
5.069576e-01
5.068059e-01
5.066502e-01
5.064907e-01
5.063276e-01
5.061610e-01
5.059913e-01
5.058186e-01
5.056431e-01
5.054650e-01
5.052846e-01
5.051020e-01
5.049175e-01
5.047313e-01
5.045436e-01
5.043547e-01
5.041648e-01
5.039741e-01
5.037829e-01
5.035915e-01
5.033999e-01
5.032086e-01
5.030177e-01
5.028274e-01
5.026381e-01
5.024500e-01
5.022633e-01
5.020782e-01
5.018950e-01
5.017139e-01
5.015352e-01
5.013591e-01
5.011859e-01
5.010158e-01
5.008490e-01
5.006857e-01
5.005262e-01
5.003707e-01
5.002195e-01
5.000727e-01
4.999305e-01
4.997933e-01
4.996611e-01
4.995342e-01
4.994128e-01
4.992971e-01
4.991873e-01
4.990835e-01
4.989860e-01
4.988949e-01
4.988104e-01
4.987327e-01
4.986619e-01
4.985981e-01
4.985416e-01
4.984925e-01
4.984508e-01
4.984168e-01
4.983905e-01
4.983720e-01
4.983616e-01
4.983591e-01
4.983647e-01
4.983784e-01
4.984003e-01
4.984303e-01
4.984686e-01
4.985150e-01
4.985696e-01
4.986325e-01
4.987036e-01
4.987830e-01
4.988706e-01
4.989665e-01
