9.009144e-01
9.007277e-01
9.001669e-01
8.992322e-01
8.979237e-01
8.962420e-01
8.941875e-01
8.917608e-01
8.889629e-01
8.857946e-01
8.822571e-01
8.783519e-01
8.740804e-01
8.694445e-01
8.644462e-01
8.590879e-01
8.533723e-01
8.473022e-01
8.408811e-01
8.341125e-01
8.270005e-01
8.195497e-01
8.117648e-01
8.036514e-01
7.952150e-01
7.864621e-01
7.773994e-01
7.680343e-01
7.583744e-01
7.484283e-01
7.382046e-01
7.277128e-01
7.169627e-01
7.059650e-01
6.947304e-01
6.832704e-01
6.715970e-01
6.597227e-01
6.476603e-01
6.354232e-01
6.230251e-01
6.104802e-01
5.978029e-01
5.850082e-01
5.721111e-01
5.591270e-01
5.460716e-01
5.329606e-01
5.198101e-01
5.066360e-01
4.934544e-01
4.802816e-01
4.671337e-01
4.540266e-01
4.409764e-01
4.279988e-01
4.151096e-01
4.023240e-01
3.896574e-01
3.771244e-01
3.647397e-01
3.525174e-01
3.404713e-01
3.286148e-01
3.169607e-01
3.055217e-01
2.943096e-01
2.833360e-01
2.726118e-01
2.621476e-01
2.519532e-01
2.420382e-01
2.324114e-01
2.230812e-01
2.140553e-01
2.053413e-01
1.969459e-01
1.888754e-01
1.811356e-01
1.737321e-01
1.666696e-01
1.599529e-01
1.535858e-01
1.475722e-01
1.419154e-01
1.366184e-01
1.316839e-01
1.271142e-01
1.229115e-01
1.190776e-01
1.156140e-01
1.125223e-01
1.098035e-01
1.074587e-01
1.054886e-01
1.038941e-01
1.026755e-01
1.018335e-01
1.013681e-01
1.012796e-01
