5.080523e-01
5.080500e-01
5.080422e-01
5.080290e-01
5.080103e-01
5.079861e-01
5.079565e-01
5.079214e-01
5.078810e-01
5.078352e-01
5.077841e-01
5.077278e-01
5.076664e-01
5.075998e-01
5.075283e-01
5.074519e-01
5.073706e-01
5.072847e-01
5.071941e-01
5.070990e-01
5.069996e-01
5.068958e-01
5.067880e-01
5.066761e-01
5.065604e-01
5.064409e-01
5.063178e-01
5.061914e-01
5.060616e-01
5.059287e-01
5.057929e-01
5.056543e-01
5.055131e-01
5.053694e-01
5.052235e-01
5.050756e-01
5.049257e-01
5.047742e-01
5.046211e-01
5.044667e-01
5.043113e-01
5.041549e-01
5.039978e-01
5.038401e-01
5.036822e-01
5.035242e-01
5.033663e-01
5.032087e-01
5.030516e-01
5.028952e-01
5.027398e-01
5.025855e-01
5.024326e-01
5.022812e-01
5.021316e-01
5.019840e-01
5.018386e-01
5.016956e-01
5.015552e-01
5.014175e-01
5.012829e-01
5.011515e-01
5.010235e-01
5.008990e-01
5.007784e-01
5.006617e-01
5.005492e-01
5.004410e-01
5.003373e-01
5.002384e-01
5.001443e-01
5.000552e-01
4.999713e-01
4.998928e-01
4.998198e-01
4.997525e-01
4.996910e-01
4.996355e-01
4.995861e-01
4.995429e-01
4.995060e-01
4.994756e-01
4.994518e-01
4.994348e-01
4.994245e-01
4.994211e-01
4.994247e-01
4.994353e-01
4.994530e-01
4.994778e-01
4.995098e-01
4.995489e-01
4.995951e-01
4.996485e-01
4.997090e-01
4.997767e-01
4.998516e-01
4.999337e-01
5.000229e-01
5.001193e-01
