5.083622e-01
5.083597e-01
5.083514e-01
5.083374e-01
5.083175e-01
5.082918e-01
5.082603e-01
5.082230e-01
5.081800e-01
5.081314e-01
5.080771e-01
5.080173e-01
5.079520e-01
5.078814e-01
5.078054e-01
5.077242e-01
5.076379e-01
5.075466e-01
5.074503e-01
5.073493e-01
5.072436e-01
5.071334e-01
5.070188e-01
5.068999e-01
5.067769e-01
5.066499e-01
5.065190e-01
5.063846e-01
5.062466e-01
5.061053e-01
5.059608e-01
5.058134e-01
5.056631e-01
5.055103e-01
5.053550e-01
5.051975e-01
5.050380e-01
5.048766e-01
5.047136e-01
5.045491e-01
5.043834e-01
5.042168e-01
5.040493e-01
5.038812e-01
5.037127e-01
5.035441e-01
5.033755e-01
5.032072e-01
5.030394e-01
5.028723e-01
5.027062e-01
5.025412e-01
5.023775e-01
5.022155e-01
5.020553e-01
5.018971e-01
5.017411e-01
5.015876e-01
5.014368e-01
5.012889e-01
5.011441e-01
5.010026e-01
5.008646e-01
5.007303e-01
5.006000e-01
5.004737e-01
5.003518e-01
5.002344e-01
5.001218e-01
5.000139e-01
4.999112e-01
4.998137e-01
4.997216e-01
4.996351e-01
4.995544e-01
4.994795e-01
4.994107e-01
4.993482e-01
4.992920e-01
4.992423e-01
4.991992e-01
4.991629e-01
4.991334e-01
4.991110e-01
4.990956e-01
4.990875e-01
4.990866e-01
4.990931e-01
4.991069e-01
4.991282e-01
4.991570e-01
4.991932e-01
4.992369e-01
4.992881e-01
4.993468e-01
4.994130e-01
4.994866e-01
4.995679e-01
4.996566e-01
4.997528e-01
