5.074815e-01
5.074795e-01
5.074727e-01
5.074611e-01
5.074446e-01
5.074232e-01
5.073970e-01
5.073660e-01
5.073303e-01
5.072898e-01
5.072446e-01
5.071948e-01
5.071405e-01
5.070817e-01
5.070184e-01
5.069508e-01
5.068790e-01
5.068030e-01
5.067229e-01
5.066388e-01
5.065509e-01
5.064592e-01
5.063639e-01
5.062651e-01
5.061628e-01
5.060573e-01
5.059487e-01
5.058370e-01
5.057225e-01
5.056053e-01
5.054855e-01
5.053633e-01
5.052388e-01
5.051123e-01
5.049837e-01
5.048535e-01
5.047216e-01
5.045883e-01
5.044537e-01
5.043180e-01
5.041815e-01
5.040442e-01
5.039063e-01
5.037681e-01
5.036297e-01
5.034914e-01
5.033532e-01
5.032154e-01
5.030782e-01
5.029417e-01
5.028062e-01
5.026718e-01
5.025387e-01
5.024072e-01
5.022774e-01
5.021494e-01
5.020236e-01
5.018999e-01
5.017788e-01
5.016603e-01
5.015446e-01
5.014319e-01
5.013223e-01
5.012161e-01
5.011134e-01
5.010144e-01
5.009193e-01
5.008282e-01
5.007413e-01
5.006587e-01
5.005807e-01
5.005073e-01
5.004387e-01
5.003750e-01
5.003164e-01
5.002631e-01
5.002151e-01
5.001726e-01
5.001357e-01
5.001046e-01
5.000793e-01
5.000599e-01
5.000466e-01
5.000395e-01
5.000386e-01
5.000441e-01
5.000560e-01
5.000743e-01
5.000991e-01
5.001304e-01
5.001683e-01
5.002127e-01
5.002636e-01
5.003211e-01
5.003851e-01
5.004556e-01
5.005327e-01
5.006164e-01
5.007065e-01
5.008033e-01
