5.077590e-01
5.077569e-01
5.077496e-01
5.077372e-01
5.077196e-01
5.076969e-01
5.076690e-01
5.076360e-01
5.075980e-01
5.075549e-01
5.075069e-01
5.074539e-01
5.073961e-01
5.073335e-01
5.072662e-01
5.071943e-01
5.071179e-01
5.070371e-01
5.069519e-01
5.068624e-01
5.067689e-01
5.066713e-01
5.065699e-01
5.064647e-01
5.063559e-01
5.062436e-01
5.061279e-01
5.060090e-01
5.058871e-01
5.057622e-01
5.056346e-01
5.055044e-01
5.053718e-01
5.052369e-01
5.050999e-01
5.049610e-01
5.048204e-01
5.046782e-01
5.045346e-01
5.043898e-01
5.042440e-01
5.040974e-01
5.039502e-01
5.038025e-01
5.036546e-01
5.035067e-01
5.033589e-01
5.032114e-01
5.030645e-01
5.029183e-01
5.027731e-01
5.026290e-01
5.024863e-01
5.023451e-01
5.022056e-01
5.020681e-01
5.019327e-01
5.017996e-01
5.016691e-01
5.015413e-01
5.014163e-01
5.012945e-01
5.011759e-01
5.010609e-01
5.009494e-01
5.008418e-01
5.007382e-01
5.006388e-01
5.005437e-01
5.004531e-01
5.003672e-01
5.002862e-01
5.002102e-01
5.001393e-01
5.000737e-01
5.000135e-01
4.999590e-01
4.999101e-01
4.998671e-01
4.998301e-01
4.997991e-01
4.997744e-01
4.997560e-01
4.997440e-01
4.997386e-01
4.997397e-01
4.997476e-01
4.997621e-01
4.997835e-01
4.998116e-01
4.998466e-01
4.998884e-01
4.999371e-01
4.999925e-01
5.000549e-01
5.001240e-01
5.002000e-01
5.002829e-01
5.003726e-01
5.004692e-01
