5.072190e-01
5.072172e-01
5.072108e-01
5.071999e-01
5.071844e-01
5.071644e-01
5.071398e-01
5.071107e-01
5.070771e-01
5.070391e-01
5.069966e-01
5.069499e-01
5.068988e-01
5.068436e-01
5.067841e-01
5.067206e-01
5.066532e-01
5.065818e-01
5.065065e-01
5.064276e-01
5.063450e-01
5.062589e-01
5.061694e-01
5.060766e-01
5.059807e-01
5.058816e-01
5.057796e-01
5.056749e-01
5.055674e-01
5.054575e-01
5.053451e-01
5.052305e-01
5.051138e-01
5.049951e-01
5.048747e-01
5.047526e-01
5.046290e-01
5.045042e-01
5.043782e-01
5.042512e-01
5.041234e-01
5.039949e-01
5.038660e-01
5.037368e-01
5.036075e-01
5.034782e-01
5.033492e-01
5.032206e-01
5.030926e-01
5.029653e-01
5.028390e-01
5.027139e-01
5.025900e-01
5.024677e-01
5.023470e-01
5.022281e-01
5.021113e-01
5.019967e-01
5.018845e-01
5.017748e-01
5.016679e-01
5.015639e-01
5.014629e-01
5.013651e-01
5.012708e-01
5.011800e-01
5.010929e-01
5.010098e-01
5.009306e-01
5.008556e-01
5.007850e-01
5.007188e-01
5.006573e-01
5.006005e-01
5.005486e-01
5.005018e-01
5.004600e-01
5.004236e-01
5.003925e-01
5.003670e-01
5.003470e-01
5.003328e-01
5.003244e-01
5.003219e-01
5.003254e-01
5.003349e-01
5.003506e-01
5.003725e-01
5.004006e-01
5.004350e-01
5.004756e-01
5.005224e-01
5.005755e-01
5.006349e-01
5.007005e-01
5.007724e-01
5.008505e-01
5.009348e-01
5.010255e-01
5.011223e-01
