5.069708e-01
5.069691e-01
5.069632e-01
5.069530e-01
5.069385e-01
5.069197e-01
5.068966e-01
5.068693e-01
5.068378e-01
5.068021e-01
5.067622e-01
5.067183e-01
5.066704e-01
5.066185e-01
5.065628e-01
5.065032e-01
5.064398e-01
5.063728e-01
5.063022e-01
5.062281e-01
5.061506e-01
5.060699e-01
5.059859e-01
5.058988e-01
5.058088e-01
5.057159e-01
5.056203e-01
5.055221e-01
5.054213e-01
5.053183e-01
5.052130e-01
5.051056e-01
5.049962e-01
5.048851e-01
5.047723e-01
5.046580e-01
5.045424e-01
5.044256e-01
5.043077e-01
5.041890e-01
5.040695e-01
5.039495e-01
5.038291e-01
5.037084e-01
5.035877e-01
5.034671e-01
5.033468e-01
5.032269e-01
5.031076e-01
5.029891e-01
5.028716e-01
5.027552e-01
5.026401e-01
5.025265e-01
5.024145e-01
5.023044e-01
5.021962e-01
5.020901e-01
5.019864e-01
5.018852e-01
5.017866e-01
5.016908e-01
5.015979e-01
5.015082e-01
5.014218e-01
5.013388e-01
5.012594e-01
5.011838e-01
5.011120e-01
5.010442e-01
5.009807e-01
5.009214e-01
5.008666e-01
5.008164e-01
5.007708e-01
5.007301e-01
5.006944e-01
5.006636e-01
5.006381e-01
5.006179e-01
5.006030e-01
5.005936e-01
5.005899e-01
5.005917e-01
5.005994e-01
5.006128e-01
5.006322e-01
5.006575e-01
5.006887e-01
5.007259e-01
5.007691e-01
5.008183e-01
5.008735e-01
5.009347e-01
5.010018e-01
5.010749e-01
5.011540e-01
5.012391e-01
5.013301e-01
5.014271e-01
