5.065145e-01
5.065130e-01
5.065079e-01
5.064989e-01
5.064862e-01
5.064697e-01
5.064495e-01
5.064255e-01
5.063978e-01
5.063665e-01
5.063315e-01
5.062929e-01
5.062508e-01
5.062052e-01
5.061562e-01
5.061038e-01
5.060481e-01
5.059893e-01
5.059272e-01
5.058622e-01
5.057941e-01
5.057232e-01
5.056495e-01
5.055731e-01
5.054941e-01
5.054126e-01
5.053288e-01
5.052427e-01
5.051544e-01
5.050641e-01
5.049719e-01
5.048779e-01
5.047823e-01
5.046851e-01
5.045866e-01
5.044868e-01
5.043858e-01
5.042839e-01
5.041811e-01
5.040777e-01
5.039737e-01
5.038693e-01
5.037646e-01
5.036598e-01
5.035551e-01
5.034506e-01
5.033464e-01
5.032427e-01
5.031397e-01
5.030375e-01
5.029362e-01
5.028361e-01
5.027372e-01
5.026398e-01
5.025440e-01
5.024499e-01
5.023577e-01
5.022675e-01
5.021795e-01
5.020939e-01
5.020108e-01
5.019302e-01
5.018525e-01
5.017777e-01
5.017060e-01
5.016375e-01
5.015723e-01
5.015106e-01
5.014526e-01
5.013982e-01
5.013478e-01
5.013013e-01
5.012590e-01
5.012209e-01
5.011871e-01
5.011578e-01
5.011331e-01
5.011130e-01
5.010978e-01
5.010874e-01
5.010820e-01
5.010816e-01
5.010864e-01
5.010965e-01
5.011118e-01
5.011325e-01
5.011586e-01
5.011902e-01
5.012272e-01
5.012698e-01
5.013178e-01
5.013713e-01
5.014304e-01
5.014949e-01
5.015648e-01
5.016402e-01
5.017211e-01
5.018075e-01
5.018993e-01
5.019966e-01
