5.067362e-01
5.067346e-01
5.067291e-01
5.067195e-01
5.067059e-01
5.066883e-01
5.066667e-01
5.066411e-01
5.066116e-01
5.065781e-01
5.065407e-01
5.064996e-01
5.064546e-01
5.064060e-01
5.063536e-01
5.062977e-01
5.062383e-01
5.061755e-01
5.061093e-01
5.060398e-01
5.059672e-01
5.058915e-01
5.058128e-01
5.057312e-01
5.056468e-01
5.055598e-01
5.054702e-01
5.053781e-01
5.052838e-01
5.051873e-01
5.050887e-01
5.049882e-01
5.048859e-01
5.047819e-01
5.046764e-01
5.045695e-01
5.044614e-01
5.043522e-01
5.042421e-01
5.041312e-01
5.040197e-01
5.039076e-01
5.037953e-01
5.036828e-01
5.035703e-01
5.034579e-01
5.033459e-01
5.032343e-01
5.031233e-01
5.030132e-01
5.029040e-01
5.027960e-01
5.026892e-01
5.025839e-01
5.024802e-01
5.023782e-01
5.022782e-01
5.021803e-01
5.020847e-01
5.019914e-01
5.019008e-01
5.018128e-01
5.017277e-01
5.016457e-01
5.015668e-01
5.014912e-01
5.014191e-01
5.013506e-01
5.012859e-01
5.012250e-01
5.011681e-01
5.011154e-01
5.010670e-01
5.010230e-01
5.009835e-01
5.009486e-01
5.009185e-01
5.008933e-01
5.008730e-01
5.008578e-01
5.008478e-01
5.008431e-01
5.008437e-01
5.008497e-01
5.008613e-01
5.008785e-01
5.009013e-01
5.009298e-01
5.009640e-01
5.010040e-01
5.010497e-01
5.011011e-01
5.011582e-01
5.012211e-01
5.012897e-01
5.013640e-01
5.014440e-01
5.015297e-01
5.016212e-01
5.017183e-01
