5.061072e-01
5.061060e-01
5.061016e-01
5.060938e-01
5.060827e-01
5.060683e-01
5.060507e-01
5.060297e-01
5.060055e-01
5.059780e-01
5.059474e-01
5.059136e-01
5.058768e-01
5.058369e-01
5.057939e-01
5.057481e-01
5.056994e-01
5.056479e-01
5.055936e-01
5.055367e-01
5.054772e-01
5.054152e-01
5.053507e-01
5.052840e-01
5.052150e-01
5.051438e-01
5.050706e-01
5.049955e-01
5.049185e-01
5.048397e-01
5.047594e-01
5.046775e-01
5.045943e-01
5.045097e-01
5.044240e-01
5.043373e-01
5.042496e-01
5.041612e-01
5.040721e-01
5.039824e-01
5.038924e-01
5.038021e-01
5.037117e-01
5.036213e-01
5.035310e-01
5.034410e-01
5.033514e-01
5.032624e-01
5.031740e-01
5.030865e-01
5.030000e-01
5.029146e-01
5.028304e-01
5.027477e-01
5.026664e-01
5.025869e-01
5.025091e-01
5.024333e-01
5.023596e-01
5.022880e-01
5.022189e-01
5.021522e-01
5.020881e-01
5.020268e-01
5.019684e-01
5.019130e-01
5.018607e-01
5.018116e-01
5.017659e-01
5.017237e-01
5.016851e-01
5.016502e-01
5.016191e-01
5.015920e-01
5.015689e-01
5.015499e-01
5.015352e-01
5.015248e-01
5.015188e-01
5.015173e-01
5.015205e-01
5.015283e-01
5.015408e-01
5.015582e-01
5.015805e-01
5.016077e-01
5.016400e-01
5.016772e-01
5.017195e-01
5.017669e-01
5.018193e-01
5.018768e-01
5.019393e-01
5.020068e-01
5.020793e-01
5.021568e-01
5.022393e-01
5.023269e-01
5.024194e-01
5.025169e-01
