5.057444e-01
5.057434e-01
5.057396e-01
5.057329e-01
5.057233e-01
5.057108e-01
5.056954e-01
5.056772e-01
5.056561e-01
5.056322e-01
5.056055e-01
5.055761e-01
5.055440e-01
5.055092e-01
5.054718e-01
5.054319e-01
5.053895e-01
5.053446e-01
5.052973e-01
5.052478e-01
5.051960e-01
5.051420e-01
5.050860e-01
5.050279e-01
5.049680e-01
5.049061e-01
5.048426e-01
5.047773e-01
5.047105e-01
5.046423e-01
5.045726e-01
5.045017e-01
5.044296e-01
5.043565e-01
5.042824e-01
5.042075e-01
5.041319e-01
5.040556e-01
5.039789e-01
5.039017e-01
5.038244e-01
5.037468e-01
5.036693e-01
5.035918e-01
5.035146e-01
5.034378e-01
5.033614e-01
5.032856e-01
5.032105e-01
5.031363e-01
5.030631e-01
5.029910e-01
5.029201e-01
5.028506e-01
5.027825e-01
5.027161e-01
5.026514e-01
5.025886e-01
5.025277e-01
5.024690e-01
5.024125e-01
5.023583e-01
5.023066e-01
5.022575e-01
5.022111e-01
5.021674e-01
5.021268e-01
5.020891e-01
5.020546e-01
5.020234e-01
5.019955e-01
5.019711e-01
5.019502e-01
5.019330e-01
5.019195e-01
5.019099e-01
5.019042e-01
5.019025e-01
5.019049e-01
5.019115e-01
5.019223e-01
5.019375e-01
5.019571e-01
5.019811e-01
5.020097e-01
5.020429e-01
5.020806e-01
5.021230e-01
5.021701e-01
5.022218e-01
5.022782e-01
5.023392e-01
5.024048e-01
5.024751e-01
5.025499e-01
5.026293e-01
5.027133e-01
5.028019e-01
5.028950e-01
5.029928e-01
