5.059205e-01
5.059194e-01
5.059153e-01
5.059081e-01
5.058978e-01
5.058844e-01
5.058679e-01
5.058483e-01
5.058257e-01
5.058000e-01
5.057714e-01
5.057399e-01
5.057055e-01
5.056682e-01
5.056281e-01
5.055853e-01
5.055398e-01
5.054917e-01
5.054410e-01
5.053879e-01
5.053323e-01
5.052745e-01
5.052143e-01
5.051520e-01
5.050876e-01
5.050213e-01
5.049530e-01
5.048829e-01
5.048112e-01
5.047378e-01
5.046629e-01
5.045867e-01
5.045092e-01
5.044305e-01
5.043507e-01
5.042701e-01
5.041886e-01
5.041064e-01
5.040236e-01
5.039404e-01
5.038568e-01
5.037731e-01
5.036892e-01
5.036055e-01
5.035219e-01
5.034386e-01
5.033558e-01
5.032736e-01
5.031920e-01
5.031113e-01
5.030316e-01
5.029530e-01
5.028757e-01
5.027997e-01
5.027252e-01
5.026524e-01
5.025813e-01
5.025122e-01
5.024450e-01
5.023801e-01
5.023174e-01
5.022571e-01
5.021994e-01
5.021443e-01
5.020921e-01
5.020427e-01
5.019964e-01
5.019531e-01
5.019132e-01
5.018766e-01
5.018435e-01
5.018140e-01
5.017881e-01
5.017661e-01
5.017479e-01
5.017337e-01
5.017236e-01
5.017177e-01
5.017160e-01
5.017187e-01
5.017258e-01
5.017373e-01
5.017535e-01
5.017743e-01
5.017998e-01
5.018301e-01
5.018651e-01
5.019050e-01
5.019498e-01
5.019994e-01
5.020538e-01
5.021131e-01
5.021772e-01
5.022461e-01
5.023198e-01
5.023983e-01
5.024816e-01
5.025696e-01
5.026625e-01
5.027601e-01
