9.999686e-01
9.999689e-01
9.999687e-01
9.999679e-01
9.999664e-01
9.999638e-01
9.999596e-01
9.999533e-01
9.999440e-01
9.999304e-01
9.999108e-01
9.998828e-01
9.998432e-01
9.997877e-01
9.997105e-01
9.996038e-01
9.994575e-01
9.992583e-01
9.989892e-01
9.986285e-01
9.981485e-01
9.975148e-01
9.966850e-01
9.956068e-01
9.942174e-01
9.924417e-01
9.901913e-01
9.873636e-01
9.838410e-01
9.794911e-01
9.741670e-01
9.677091e-01
9.599468e-01
9.507025e-01
9.397955e-01
9.270477e-01
9.122900e-01
8.953692e-01
8.761563e-01
8.545540e-01
8.305044e-01
8.039962e-01
7.750700e-01
7.438231e-01
7.104108e-01
6.750462e-01
6.379977e-01
5.995828e-01
5.601603e-01
5.201202e-01
4.798720e-01
4.398318e-01
4.004091e-01
3.619939e-01
3.249450e-01
2.895800e-01
2.561671e-01
2.249196e-01
1.959928e-01
1.694838e-01
1.454335e-01
1.238304e-01
1.046168e-01
8.769529e-02
7.293680e-02
6.018833e-02
4.928072e-02
4.003586e-02
3.227311e-02
2.581478e-02
2.049048e-02
1.614050e-02
1.261807e-02
9.790788e-03
7.541184e-03
5.766655e-03
4.378894e-03
3.302951e-03
2.476050e-03
1.846284e-03
1.371256e-03
1.016756e-03
7.555093e-04
5.660225e-04
4.315667e-04
3.392813e-04
2.794102e-04
2.446585e-04
2.296598e-04
2.305400e-04
2.445653e-04
2.698606e-04
3.051861e-04
3.497628e-04
4.031353e-04
4.650668e-04
5.354585e-04
6.142898e-04
7.015751e-04
7.973341e-04
