5.055783e-01
5.055774e-01
5.055739e-01
5.055677e-01
5.055588e-01
5.055471e-01
5.055328e-01
5.055159e-01
5.054962e-01
5.054740e-01
5.054491e-01
5.054217e-01
5.053918e-01
5.053594e-01
5.053246e-01
5.052874e-01
5.052479e-01
5.052061e-01
5.051621e-01
5.051159e-01
5.050677e-01
5.050175e-01
5.049653e-01
5.049113e-01
5.048555e-01
5.047980e-01
5.047389e-01
5.046783e-01
5.046162e-01
5.045528e-01
5.044881e-01
5.044223e-01
5.043554e-01
5.042876e-01
5.042189e-01
5.041494e-01
5.040794e-01
5.040088e-01
5.039377e-01
5.038664e-01
5.037949e-01
5.037233e-01
5.036517e-01
5.035803e-01
5.035091e-01
5.034383e-01
5.033680e-01
5.032984e-01
5.032295e-01
5.031615e-01
5.030944e-01
5.030284e-01
5.029637e-01
5.029003e-01
5.028384e-01
5.027781e-01
5.027194e-01
5.026626e-01
5.026077e-01
5.025549e-01
5.025043e-01
5.024559e-01
5.024099e-01
5.023664e-01
5.023256e-01
5.022875e-01
5.022522e-01
5.022198e-01
5.021905e-01
5.021643e-01
5.021414e-01
5.021218e-01
5.021057e-01
5.020931e-01
5.020841e-01
5.020788e-01
5.020772e-01
5.020796e-01
5.020859e-01
5.020962e-01
5.021107e-01
5.021293e-01
5.021521e-01
5.021792e-01
5.022107e-01
5.022466e-01
5.022869e-01
5.023317e-01
5.023810e-01
5.024347e-01
5.024929e-01
5.025556e-01
5.026226e-01
5.026941e-01
5.027701e-01
5.028504e-01
5.029350e-01
5.030241e-01
5.031176e-01
5.032154e-01
