5.054218e-01
5.054210e-01
5.054177e-01
5.054120e-01
5.054037e-01
5.053929e-01
5.053796e-01
5.053638e-01
5.053456e-01
5.053249e-01
5.053018e-01
5.052763e-01
5.052485e-01
5.052184e-01
5.051860e-01
5.051514e-01
5.051146e-01
5.050758e-01
5.050349e-01
5.049920e-01
5.049472e-01
5.049005e-01
5.048520e-01
5.048018e-01
5.047500e-01
5.046966e-01
5.046418e-01
5.045855e-01
5.045279e-01
5.044691e-01
5.044091e-01
5.043481e-01
5.042862e-01
5.042234e-01
5.041598e-01
5.040956e-01
5.040308e-01
5.039656e-01
5.039000e-01
5.038342e-01
5.037682e-01
5.037022e-01
5.036363e-01
5.035706e-01
5.035052e-01
5.034402e-01
5.033758e-01
5.033120e-01
5.032489e-01
5.031867e-01
5.031255e-01
5.030655e-01
5.030066e-01
5.029490e-01
5.028929e-01
5.028384e-01
5.027855e-01
5.027344e-01
5.026852e-01
5.026380e-01
5.025929e-01
5.025500e-01
5.025095e-01
5.024714e-01
5.024359e-01
5.024030e-01
5.023728e-01
5.023455e-01
5.023211e-01
5.022998e-01
5.022816e-01
5.022666e-01
5.022549e-01
5.022467e-01
5.022419e-01
5.022407e-01
5.022432e-01
5.022494e-01
5.022594e-01
5.022733e-01
5.022911e-01
5.023130e-01
5.023389e-01
5.023689e-01
5.024032e-01
5.024417e-01
5.024845e-01
5.025315e-01
5.025829e-01
5.026385e-01
5.026985e-01
5.027627e-01
5.028312e-01
5.029039e-01
5.029808e-01
5.030619e-01
5.031473e-01
5.032368e-01
5.033305e-01
5.034284e-01
