5.051354e-01
5.051348e-01
5.051321e-01
5.051272e-01
5.051201e-01
5.051109e-01
5.050995e-01
5.050859e-01
5.050702e-01
5.050524e-01
5.050326e-01
5.050106e-01
5.049867e-01
5.049608e-01
5.049329e-01
5.049031e-01
5.048715e-01
5.048381e-01
5.048029e-01
5.047661e-01
5.047276e-01
5.046875e-01
5.046459e-01
5.046028e-01
5.045584e-01
5.045126e-01
5.044656e-01
5.044174e-01
5.043682e-01
5.043179e-01
5.042667e-01
5.042147e-01
5.041619e-01
5.041084e-01
5.040544e-01
5.039998e-01
5.039448e-01
5.038896e-01
5.038341e-01
5.037785e-01
5.037229e-01
5.036673e-01
5.036119e-01
5.035568e-01
5.035021e-01
5.034479e-01
5.033942e-01
5.033412e-01
5.032890e-01
5.032377e-01
5.031874e-01
5.031382e-01
5.030902e-01
5.030435e-01
5.029981e-01
5.029543e-01
5.029121e-01
5.028716e-01
5.028330e-01
5.027962e-01
5.027615e-01
5.027288e-01
5.026984e-01
5.026703e-01
5.026445e-01
5.026213e-01
5.026006e-01
5.025827e-01
5.025674e-01
5.025551e-01
5.025456e-01
5.025392e-01
5.025359e-01
5.025357e-01
5.025389e-01
5.025453e-01
5.025552e-01
5.025685e-01
5.025853e-01
5.026058e-01
5.026300e-01
5.026578e-01
5.026895e-01
5.027250e-01
5.027644e-01
5.028077e-01
5.028550e-01
5.029063e-01
5.029615e-01
5.030207e-01
5.030839e-01
5.031510e-01
5.032221e-01
5.032970e-01
5.033758e-01
5.034585e-01
5.035450e-01
5.036354e-01
5.037297e-01
5.038278e-01
