5.052743e-01
5.052736e-01
5.052706e-01
5.052653e-01
5.052576e-01
5.052476e-01
5.052353e-01
5.052207e-01
5.052037e-01
5.051845e-01
5.051631e-01
5.051394e-01
5.051136e-01
5.050856e-01
5.050555e-01
5.050234e-01
5.049893e-01
5.049532e-01
5.049153e-01
5.048755e-01
5.048339e-01
5.047906e-01
5.047456e-01
5.046991e-01
5.046511e-01
5.046016e-01
5.045508e-01
5.044986e-01
5.044453e-01
5.043909e-01
5.043354e-01
5.042790e-01
5.042218e-01
5.041637e-01
5.041051e-01
5.040458e-01
5.039860e-01
5.039259e-01
5.038655e-01
5.038049e-01
5.037443e-01
5.036836e-01
5.036231e-01
5.035629e-01
5.035029e-01
5.034434e-01
5.033845e-01
5.033263e-01
5.032688e-01
5.032122e-01
5.031565e-01
5.031020e-01
5.030487e-01
5.029967e-01
5.029461e-01
5.028971e-01
5.028497e-01
5.028040e-01
5.027602e-01
5.027184e-01
5.026786e-01
5.026410e-01
5.026056e-01
5.025726e-01
5.025421e-01
5.025142e-01
5.024889e-01
5.024663e-01
5.024467e-01
5.024299e-01
5.024162e-01
5.024056e-01
5.023982e-01
5.023941e-01
5.023934e-01
5.023961e-01
5.024024e-01
5.024123e-01
5.024258e-01
5.024430e-01
5.024641e-01
5.024890e-01
5.025179e-01
5.025507e-01
5.025876e-01
5.026286e-01
5.026737e-01
5.027229e-01
5.027763e-01
5.028337e-01
5.028953e-01
5.029610e-01
5.030308e-01
5.031047e-01
5.031826e-01
5.032645e-01
5.033505e-01
5.034404e-01
5.035344e-01
5.036324e-01
