5.048819e-01
5.048815e-01
5.048792e-01
5.048751e-01
5.048691e-01
5.048613e-01
5.048516e-01
5.048400e-01
5.048267e-01
5.048115e-01
5.047945e-01
5.047758e-01
5.047554e-01
5.047333e-01
5.047095e-01
5.046841e-01
5.046571e-01
5.046286e-01
5.045986e-01
5.045672e-01
5.045344e-01
5.045003e-01
5.044649e-01
5.044282e-01
5.043905e-01
5.043516e-01
5.043117e-01
5.042709e-01
5.042292e-01
5.041866e-01
5.041434e-01
5.040994e-01
5.040549e-01
5.040099e-01
5.039644e-01
5.039186e-01
5.038725e-01
5.038262e-01
5.037799e-01
5.037335e-01
5.036873e-01
5.036411e-01
5.035953e-01
5.035498e-01
5.035047e-01
5.034602e-01
5.034163e-01
5.033731e-01
5.033307e-01
5.032892e-01
5.032488e-01
5.032094e-01
5.031712e-01
5.031342e-01
5.030987e-01
5.030646e-01
5.030320e-01
5.030012e-01
5.029720e-01
5.029447e-01
5.029193e-01
5.028959e-01
5.028746e-01
5.028555e-01
5.028386e-01
5.028241e-01
5.028121e-01
5.028025e-01
5.027956e-01
5.027913e-01
5.027898e-01
5.027911e-01
5.027953e-01
5.028025e-01
5.028127e-01
5.028261e-01
5.028426e-01
5.028624e-01
5.028855e-01
5.029119e-01
5.029417e-01
5.029751e-01
5.030119e-01
5.030523e-01
5.030964e-01
5.031441e-01
5.031955e-01
5.032505e-01
5.033093e-01
5.033717e-01
5.034378e-01
5.035076e-01
5.035809e-01
5.036579e-01
5.037384e-01
5.038225e-01
5.039101e-01
5.040013e-01
5.040960e-01
5.041943e-01
