5.050048e-01
5.050042e-01
5.050017e-01
5.049972e-01
5.049907e-01
5.049822e-01
5.049717e-01
5.049592e-01
5.049447e-01
5.049282e-01
5.049098e-01
5.048896e-01
5.048674e-01
5.048434e-01
5.048177e-01
5.047901e-01
5.047609e-01
5.047300e-01
5.046975e-01
5.046634e-01
5.046278e-01
5.045908e-01
5.045524e-01
5.045126e-01
5.044716e-01
5.044294e-01
5.043860e-01
5.043416e-01
5.042962e-01
5.042499e-01
5.042028e-01
5.041549e-01
5.041063e-01
5.040572e-01
5.040075e-01
5.039575e-01
5.039071e-01
5.038564e-01
5.038056e-01
5.037547e-01
5.037039e-01
5.036532e-01
5.036027e-01
5.035525e-01
5.035027e-01
5.034535e-01
5.034048e-01
5.033569e-01
5.033097e-01
5.032634e-01
5.032181e-01
5.031740e-01
5.031310e-01
5.030893e-01
5.030490e-01
5.030101e-01
5.029729e-01
5.029373e-01
5.029035e-01
5.028716e-01
5.028416e-01
5.028137e-01
5.027880e-01
5.027645e-01
5.027433e-01
5.027245e-01
5.027083e-01
5.026946e-01
5.026837e-01
5.026754e-01
5.026701e-01
5.026676e-01
5.026682e-01
5.026718e-01
5.026785e-01
5.026885e-01
5.027018e-01
5.027184e-01
5.027385e-01
5.027620e-01
5.027891e-01
5.028197e-01
5.028541e-01
5.028921e-01
5.029339e-01
5.029794e-01
5.030288e-01
5.030820e-01
5.031391e-01
5.031999e-01
5.032646e-01
5.033331e-01
5.034053e-01
5.034813e-01
5.035610e-01
5.036444e-01
5.037315e-01
5.038223e-01
5.039167e-01
5.040149e-01
