5.047665e-01
5.047661e-01
5.047641e-01
5.047603e-01
5.047548e-01
5.047476e-01
5.047387e-01
5.047281e-01
5.047158e-01
5.047019e-01
5.046863e-01
5.046691e-01
5.046502e-01
5.046299e-01
5.046080e-01
5.045846e-01
5.045598e-01
5.045336e-01
5.045060e-01
5.044771e-01
5.044469e-01
5.044156e-01
5.043830e-01
5.043494e-01
5.043147e-01
5.042791e-01
5.042425e-01
5.042050e-01
5.041668e-01
5.041279e-01
5.040883e-01
5.040481e-01
5.040074e-01
5.039662e-01
5.039248e-01
5.038830e-01
5.038410e-01
5.037990e-01
5.037568e-01
5.037148e-01
5.036728e-01
5.036311e-01
5.035896e-01
5.035486e-01
5.035080e-01
5.034679e-01
5.034286e-01
5.033899e-01
5.033521e-01
5.033152e-01
5.032792e-01
5.032444e-01
5.032108e-01
5.031784e-01
5.031473e-01
5.031177e-01
5.030897e-01
5.030632e-01
5.030385e-01
5.030155e-01
5.029945e-01
5.029754e-01
5.029583e-01
5.029434e-01
5.029306e-01
5.029202e-01
5.029121e-01
5.029065e-01
5.029034e-01
5.029029e-01
5.029050e-01
5.029099e-01
5.029176e-01
5.029282e-01
5.029417e-01
5.029583e-01
5.029779e-01
5.030007e-01
5.030266e-01
5.030558e-01
5.030883e-01
5.031242e-01
5.031634e-01
5.032061e-01
5.032523e-01
5.033020e-01
5.033553e-01
5.034121e-01
5.034725e-01
5.035365e-01
5.036039e-01
5.036749e-01
5.037493e-01
5.038272e-01
5.039085e-01
5.039932e-01
5.040814e-01
5.041729e-01
5.042678e-01
5.043662e-01
