5.046581e-01
5.046578e-01
5.046559e-01
5.046525e-01
5.046476e-01
5.046410e-01
5.046328e-01
5.046231e-01
5.046118e-01
5.045990e-01
5.045847e-01
5.045689e-01
5.045516e-01
5.045330e-01
5.045129e-01
5.044914e-01
5.044686e-01
5.044446e-01
5.044193e-01
5.043928e-01
5.043651e-01
5.043364e-01
5.043066e-01
5.042758e-01
5.042441e-01
5.042114e-01
5.041780e-01
5.041438e-01
5.041089e-01
5.040733e-01
5.040372e-01
5.040006e-01
5.039636e-01
5.039262e-01
5.038885e-01
5.038506e-01
5.038125e-01
5.037744e-01
5.037363e-01
5.036983e-01
5.036605e-01
5.036229e-01
5.035856e-01
5.035488e-01
5.035125e-01
5.034767e-01
5.034416e-01
5.034073e-01
5.033738e-01
5.033412e-01
5.033096e-01
5.032791e-01
5.032498e-01
5.032217e-01
5.031950e-01
5.031697e-01
5.031459e-01
5.031236e-01
5.031031e-01
5.030843e-01
5.030674e-01
5.030523e-01
5.030393e-01
5.030283e-01
5.030195e-01
5.030129e-01
5.030086e-01
5.030067e-01
5.030072e-01
5.030103e-01
5.030160e-01
5.030243e-01
5.030353e-01
5.030491e-01
5.030658e-01
5.030854e-01
5.031079e-01
5.031335e-01
5.031622e-01
5.031940e-01
5.032291e-01
5.032673e-01
5.033088e-01
5.033537e-01
5.034020e-01
5.034536e-01
5.035087e-01
5.035672e-01
5.036291e-01
5.036945e-01
5.037632e-01
5.038353e-01
5.039108e-01
5.039896e-01
5.040716e-01
5.041570e-01
5.042456e-01
5.043375e-01
5.044326e-01
5.045310e-01
