8.643151e-01
8.641380e-01
8.636063e-01
8.627203e-01
8.614805e-01
8.598879e-01
8.579435e-01
8.556487e-01
8.530053e-01
8.500150e-01
8.466801e-01
8.430031e-01
8.389867e-01
8.346339e-01
8.299481e-01
8.249329e-01
8.195922e-01
8.139303e-01
8.079518e-01
8.016614e-01
7.950646e-01
7.881667e-01
7.809738e-01
7.734920e-01
7.657279e-01
7.576885e-01
7.493811e-01
7.408132e-01
7.319930e-01
7.229286e-01
7.136287e-01
7.041025e-01
6.943591e-01
6.844084e-01
6.742602e-01
6.639249e-01
6.534130e-01
6.427355e-01
6.319036e-01
6.209285e-01
6.098219e-01
5.985959e-01
5.872623e-01
5.758336e-01
5.643221e-01
5.527404e-01
5.411013e-01
5.294176e-01
5.177022e-01
5.059680e-01
4.942280e-01
4.824954e-01
4.707830e-01
4.591038e-01
4.474708e-01
4.358967e-01
4.243944e-01
4.129764e-01
4.016551e-01
3.904429e-01
3.793519e-01
3.683939e-01
3.575806e-01
3.469235e-01
3.364337e-01
3.261222e-01
3.159995e-01
3.060761e-01
2.963618e-01
2.868664e-01
2.775993e-01
2.685696e-01
2.597858e-01
2.512564e-01
2.429894e-01
2.349924e-01
2.272728e-01
2.198376e-01
2.126933e-01
2.058462e-01
1.993022e-01
1.930670e-01
1.871458e-01
1.815435e-01
1.762647e-01
1.713136e-01
1.666943e-01
1.624104e-01
1.584653e-01
1.548619e-01
1.516031e-01
1.486913e-01
1.461287e-01
1.439173e-01
1.420587e-01
1.405543e-01
1.394053e-01
1.386125e-01
1.381765e-01
1.380979e-01
