5.045565e-01
5.045562e-01
5.045545e-01
5.045515e-01
5.045469e-01
5.045409e-01
5.045335e-01
5.045246e-01
5.045143e-01
5.045026e-01
5.044895e-01
5.044751e-01
5.044593e-01
5.044422e-01
5.044238e-01
5.044042e-01
5.043833e-01
5.043614e-01
5.043382e-01
5.043140e-01
5.042888e-01
5.042625e-01
5.042353e-01
5.042072e-01
5.041783e-01
5.041485e-01
5.041181e-01
5.040869e-01
5.040552e-01
5.040229e-01
5.039901e-01
5.039569e-01
5.039233e-01
5.038894e-01
5.038553e-01
5.038211e-01
5.037867e-01
5.037524e-01
5.037181e-01
5.036840e-01
5.036501e-01
5.036165e-01
5.035832e-01
5.035504e-01
5.035181e-01
5.034864e-01
5.034554e-01
5.034252e-01
5.033958e-01
5.033673e-01
5.033399e-01
5.033135e-01
5.032883e-01
5.032643e-01
5.032417e-01
5.032204e-01
5.032007e-01
5.031825e-01
5.031659e-01
5.031511e-01
5.031381e-01
5.031269e-01
5.031177e-01
5.031105e-01
5.031054e-01
5.031025e-01
5.031018e-01
5.031034e-01
5.031074e-01
5.031139e-01
5.031228e-01
5.031344e-01
5.031486e-01
5.031655e-01
5.031851e-01
5.032076e-01
5.032330e-01
5.032613e-01
5.032926e-01
5.033269e-01
5.033643e-01
5.034048e-01
5.034485e-01
5.034955e-01
5.035457e-01
5.035991e-01
5.036559e-01
5.037160e-01
5.037794e-01
5.038461e-01
5.039161e-01
5.039893e-01
5.040657e-01
5.041454e-01
5.042281e-01
5.043141e-01
5.044032e-01
5.044954e-01
5.045907e-01
5.046892e-01
