5.044612e-01
5.044610e-01
5.044595e-01
5.044567e-01
5.044526e-01
5.044472e-01
5.044404e-01
5.044324e-01
5.044230e-01
5.044123e-01
5.044004e-01
5.043872e-01
5.043728e-01
5.043572e-01
5.043405e-01
5.043226e-01
5.043036e-01
5.042836e-01
5.042625e-01
5.042405e-01
5.042175e-01
5.041936e-01
5.041689e-01
5.041434e-01
5.041171e-01
5.040901e-01
5.040625e-01
5.040343e-01
5.040055e-01
5.039763e-01
5.039467e-01
5.039167e-01
5.038864e-01
5.038559e-01
5.038252e-01
5.037944e-01
5.037636e-01
5.037329e-01
5.037023e-01
5.036718e-01
5.036416e-01
5.036118e-01
5.035823e-01
5.035533e-01
5.035249e-01
5.034971e-01
5.034700e-01
5.034436e-01
5.034181e-01
5.033936e-01
5.033700e-01
5.033476e-01
5.033263e-01
5.033062e-01
5.032875e-01
5.032701e-01
5.032542e-01
5.032398e-01
5.032270e-01
5.032160e-01
5.032067e-01
5.031992e-01
5.031936e-01
5.031900e-01
5.031885e-01
5.031890e-01
5.031918e-01
5.031967e-01
5.032040e-01
5.032137e-01
5.032259e-01
5.032405e-01
5.032577e-01
5.032775e-01
5.033000e-01
5.033252e-01
5.033533e-01
5.033841e-01
5.034179e-01
5.034546e-01
5.034942e-01
5.035369e-01
5.035827e-01
5.036316e-01
5.036837e-01
5.037389e-01
5.037973e-01
5.038589e-01
5.039237e-01
5.039917e-01
5.040629e-01
5.041371e-01
5.042145e-01
5.042949e-01
5.043784e-01
5.044649e-01
5.045544e-01
5.046469e-01
5.047424e-01
5.048409e-01
