5.042885e-01
5.042884e-01
5.042873e-01
5.042851e-01
5.042818e-01
5.042774e-01
5.042719e-01
5.042653e-01
5.042576e-01
5.042489e-01
5.042391e-01
5.042283e-01
5.042165e-01
5.042038e-01
5.041900e-01
5.041754e-01
5.041598e-01
5.041434e-01
5.041262e-01
5.041082e-01
5.040894e-01
5.040699e-01
5.040498e-01
5.040290e-01
5.040077e-01
5.039858e-01
5.039634e-01
5.039406e-01
5.039175e-01
5.038939e-01
5.038702e-01
5.038462e-01
5.038220e-01
5.037977e-01
5.037734e-01
5.037491e-01
5.037249e-01
5.037008e-01
5.036769e-01
5.036533e-01
5.036300e-01
5.036071e-01
5.035847e-01
5.035628e-01
5.035415e-01
5.035209e-01
5.035010e-01
5.034819e-01
5.034636e-01
5.034464e-01
5.034301e-01
5.034149e-01
5.034008e-01
5.033880e-01
5.033765e-01
5.033663e-01
5.033575e-01
5.033502e-01
5.033445e-01
5.033404e-01
5.033380e-01
5.033374e-01
5.033385e-01
5.033416e-01
5.033466e-01
5.033536e-01
5.033627e-01
5.033740e-01
5.033874e-01
5.034031e-01
5.034210e-01
5.034414e-01
5.034642e-01
5.034894e-01
5.035172e-01
5.035475e-01
5.035805e-01
5.036161e-01
5.036544e-01
5.036955e-01
5.037394e-01
5.037862e-01
5.038358e-01
5.038883e-01
5.039438e-01
5.040022e-01
5.040637e-01
5.041281e-01
5.041955e-01
5.042659e-01
5.043392e-01
5.044154e-01
5.044944e-01
5.045763e-01
5.046611e-01
5.047486e-01
5.048389e-01
5.049320e-01
5.050279e-01
5.051265e-01
