5.043719e-01
5.043718e-01
5.043705e-01
5.043680e-01
5.043643e-01
5.043594e-01
5.043533e-01
5.043460e-01
5.043375e-01
5.043278e-01
5.043170e-01
5.043051e-01
5.042920e-01
5.042779e-01
5.042627e-01
5.042464e-01
5.042292e-01
5.042110e-01
5.041919e-01
5.041720e-01
5.041511e-01
5.041295e-01
5.041071e-01
5.040841e-01
5.040603e-01
5.040359e-01
5.040110e-01
5.039856e-01
5.039597e-01
5.039334e-01
5.039067e-01
5.038798e-01
5.038527e-01
5.038254e-01
5.037979e-01
5.037705e-01
5.037431e-01
5.037157e-01
5.036886e-01
5.036616e-01
5.036350e-01
5.036087e-01
5.035828e-01
5.035575e-01
5.035327e-01
5.035086e-01
5.034851e-01
5.034625e-01
5.034408e-01
5.034199e-01
5.034001e-01
5.033814e-01
5.033638e-01
5.033474e-01
5.033324e-01
5.033187e-01
5.033064e-01
5.032957e-01
5.032866e-01
5.032791e-01
5.032733e-01
5.032693e-01
5.032672e-01
5.032670e-01
5.032688e-01
5.032727e-01
5.032787e-01
5.032869e-01
5.032973e-01
5.033101e-01
5.033252e-01
5.033428e-01
5.033628e-01
5.033854e-01
5.034106e-01
5.034385e-01
5.034690e-01
5.035023e-01
5.035384e-01
5.035774e-01
5.036192e-01
5.036640e-01
5.037117e-01
5.037625e-01
5.038163e-01
5.038732e-01
5.039331e-01
5.039962e-01
5.040623e-01
5.041315e-01
5.042038e-01
5.042790e-01
5.043573e-01
5.044384e-01
5.045226e-01
5.046096e-01
5.046995e-01
5.047923e-01
5.048880e-01
5.049866e-01
