5.042105e-01
5.042104e-01
5.042095e-01
5.042076e-01
5.042046e-01
5.042007e-01
5.041958e-01
5.041899e-01
5.041831e-01
5.041752e-01
5.041664e-01
5.041568e-01
5.041462e-01
5.041347e-01
5.041223e-01
5.041092e-01
5.040952e-01
5.040805e-01
5.040651e-01
5.040489e-01
5.040321e-01
5.040147e-01
5.039967e-01
5.039781e-01
5.039590e-01
5.039395e-01
5.039196e-01
5.038993e-01
5.038787e-01
5.038578e-01
5.038368e-01
5.038155e-01
5.037942e-01
5.037728e-01
5.037514e-01
5.037301e-01
5.037090e-01
5.036880e-01
5.036672e-01
5.036467e-01
5.036267e-01
5.036070e-01
5.035878e-01
5.035692e-01
5.035513e-01
5.035339e-01
5.035174e-01
5.035017e-01
5.034868e-01
5.034729e-01
5.034600e-01
5.034481e-01
5.034375e-01
5.034280e-01
5.034198e-01
5.034129e-01
5.034075e-01
5.034035e-01
5.034010e-01
5.034002e-01
5.034010e-01
5.034035e-01
5.034078e-01
5.034139e-01
5.034220e-01
5.034320e-01
5.034440e-01
5.034582e-01
5.034744e-01
5.034929e-01
5.035136e-01
5.035366e-01
5.035619e-01
5.035897e-01
5.036199e-01
5.036526e-01
5.036878e-01
5.037256e-01
5.037661e-01
5.038093e-01
5.038551e-01
5.039037e-01
5.039551e-01
5.040093e-01
5.040664e-01
5.041264e-01
5.041892e-01
5.042549e-01
5.043235e-01
5.043950e-01
5.044693e-01
5.045464e-01
5.046263e-01
5.047089e-01
5.047942e-01
5.048822e-01
5.049729e-01
5.050663e-01
5.051623e-01
5.052610e-01
