5.041377e-01
5.041377e-01
5.041369e-01
5.041352e-01
5.041327e-01
5.041292e-01
5.041249e-01
5.041196e-01
5.041135e-01
5.041065e-01
5.040987e-01
5.040901e-01
5.040806e-01
5.040704e-01
5.040594e-01
5.040476e-01
5.040352e-01
5.040221e-01
5.040083e-01
5.039939e-01
5.039790e-01
5.039635e-01
5.039475e-01
5.039310e-01
5.039141e-01
5.038969e-01
5.038793e-01
5.038614e-01
5.038432e-01
5.038249e-01
5.038064e-01
5.037878e-01
5.037692e-01
5.037505e-01
5.037320e-01
5.037135e-01
5.036952e-01
5.036771e-01
5.036594e-01
5.036419e-01
5.036249e-01
5.036083e-01
5.035922e-01
5.035768e-01
5.035619e-01
5.035478e-01
5.035344e-01
5.035218e-01
5.035102e-01
5.034995e-01
5.034898e-01
5.034812e-01
5.034737e-01
5.034674e-01
5.034624e-01
5.034587e-01
5.034563e-01
5.034555e-01
5.034561e-01
5.034583e-01
5.034622e-01
5.034677e-01
5.034750e-01
5.034841e-01
5.034950e-01
5.035079e-01
5.035227e-01
5.035396e-01
5.035586e-01
5.035797e-01
5.036029e-01
5.036285e-01
5.036563e-01
5.036864e-01
5.037189e-01
5.037539e-01
5.037913e-01
5.038312e-01
5.038737e-01
5.039188e-01
5.039665e-01
5.040169e-01
5.040700e-01
5.041258e-01
5.041844e-01
5.042458e-01
5.043099e-01
5.043769e-01
5.044467e-01
5.045192e-01
5.045944e-01
5.046724e-01
5.047530e-01
5.048362e-01
5.049221e-01
5.050106e-01
5.051016e-01
5.051953e-01
5.052914e-01
5.053902e-01
