5.040068e-01
5.040069e-01
5.040064e-01
5.040052e-01
5.040033e-01
5.040007e-01
5.039973e-01
5.039933e-01
5.039886e-01
5.039832e-01
5.039772e-01
5.039705e-01
5.039631e-01
5.039552e-01
5.039466e-01
5.039376e-01
5.039279e-01
5.039178e-01
5.039071e-01
5.038961e-01
5.038846e-01
5.038727e-01
5.038604e-01
5.038478e-01
5.038350e-01
5.038219e-01
5.038086e-01
5.037951e-01
5.037815e-01
5.037678e-01
5.037541e-01
5.037404e-01
5.037268e-01
5.037133e-01
5.036999e-01
5.036867e-01
5.036738e-01
5.036612e-01
5.036489e-01
5.036370e-01
5.036257e-01
5.036148e-01
5.036045e-01
5.035948e-01
5.035858e-01
5.035775e-01
5.035700e-01
5.035634e-01
5.035577e-01
5.035529e-01
5.035491e-01
5.035465e-01
5.035449e-01
5.035445e-01
5.035454e-01
5.035476e-01
5.035511e-01
5.035560e-01
5.035624e-01
5.035704e-01
5.035799e-01
5.035910e-01
5.036038e-01
5.036183e-01
5.036346e-01
5.036528e-01
5.036728e-01
5.036948e-01
5.037187e-01
5.037447e-01
5.037728e-01
5.038030e-01
5.038353e-01
5.038699e-01
5.039067e-01
5.039459e-01
5.039873e-01
5.040311e-01
5.040774e-01
5.041261e-01
5.041772e-01
5.042309e-01
5.042871e-01
5.043459e-01
5.044073e-01
5.044713e-01
5.045380e-01
5.046073e-01
5.046791e-01
5.047536e-01
5.048306e-01
5.049101e-01
5.049922e-01
5.050766e-01
5.051636e-01
5.052529e-01
5.053446e-01
5.054387e-01
5.055351e-01
5.056340e-01
