5.040699e-01
5.040700e-01
5.040693e-01
5.040679e-01
5.040656e-01
5.040626e-01
5.040588e-01
5.040542e-01
5.040488e-01
5.040426e-01
5.040357e-01
5.040280e-01
5.040197e-01
5.040106e-01
5.040009e-01
5.039905e-01
5.039795e-01
5.039679e-01
5.039558e-01
5.039431e-01
5.039299e-01
5.039162e-01
5.039021e-01
5.038877e-01
5.038729e-01
5.038577e-01
5.038423e-01
5.038267e-01
5.038109e-01
5.037949e-01
5.037789e-01
5.037628e-01
5.037467e-01
5.037307e-01
5.037148e-01
5.036991e-01
5.036835e-01
5.036682e-01
5.036533e-01
5.036387e-01
5.036246e-01
5.036109e-01
5.035978e-01
5.035853e-01
5.035734e-01
5.035623e-01
5.035520e-01
5.035424e-01
5.035338e-01
5.035262e-01
5.035195e-01
5.035139e-01
5.035095e-01
5.035062e-01
5.035042e-01
5.035035e-01
5.035042e-01
5.035063e-01
5.035099e-01
5.035151e-01
5.035218e-01
5.035302e-01
5.035403e-01
5.035522e-01
5.035659e-01
5.035815e-01
5.035990e-01
5.036184e-01
5.036400e-01
5.036636e-01
5.036893e-01
5.037172e-01
5.037473e-01
5.037798e-01
5.038145e-01
5.038516e-01
5.038911e-01
5.039330e-01
5.039774e-01
5.040243e-01
5.040738e-01
5.041259e-01
5.041806e-01
5.042379e-01
5.042979e-01
5.043607e-01
5.044261e-01
5.044943e-01
5.045651e-01
5.046386e-01
5.047148e-01
5.047935e-01
5.048749e-01
5.049588e-01
5.050452e-01
5.051341e-01
5.052255e-01
5.053193e-01
5.054156e-01
5.055144e-01
