5.039482e-01
5.039483e-01
5.039479e-01
5.039470e-01
5.039454e-01
5.039431e-01
5.039403e-01
5.039368e-01
5.039328e-01
5.039281e-01
5.039229e-01
5.039171e-01
5.039107e-01
5.039038e-01
5.038965e-01
5.038886e-01
5.038803e-01
5.038715e-01
5.038623e-01
5.038527e-01
5.038428e-01
5.038326e-01
5.038221e-01
5.038113e-01
5.038003e-01
5.037892e-01
5.037779e-01
5.037664e-01
5.037550e-01
5.037435e-01
5.037320e-01
5.037205e-01
5.037092e-01
5.036981e-01
5.036871e-01
5.036764e-01
5.036659e-01
5.036558e-01
5.036461e-01
5.036368e-01
5.036281e-01
5.036198e-01
5.036122e-01
5.036052e-01
5.035989e-01
5.035934e-01
5.035886e-01
5.035847e-01
5.035817e-01
5.035797e-01
5.035787e-01
5.035788e-01
5.035800e-01
5.035824e-01
5.035860e-01
5.035909e-01
5.035971e-01
5.036047e-01
5.036138e-01
5.036243e-01
5.036365e-01
5.036502e-01
5.036655e-01
5.036826e-01
5.037014e-01
5.037220e-01
5.037444e-01
5.037688e-01
5.037950e-01
5.038233e-01
5.038536e-01
5.038859e-01
5.039204e-01
5.039570e-01
5.039959e-01
5.040369e-01
5.040802e-01
5.041259e-01
5.041738e-01
5.042242e-01
5.042770e-01
5.043322e-01
5.043898e-01
5.044500e-01
5.045127e-01
5.045780e-01
5.046457e-01
5.047161e-01
5.047889e-01
5.048643e-01
5.049421e-01
5.050224e-01
5.051051e-01
5.051901e-01
5.052775e-01
5.053672e-01
5.054592e-01
5.055535e-01
5.056501e-01
5.057490e-01
