5.038938e-01
5.038940e-01
5.038938e-01
5.038930e-01
5.038917e-01
5.038898e-01
5.038874e-01
5.038845e-01
5.038811e-01
5.038771e-01
5.038726e-01
5.038677e-01
5.038623e-01
5.038564e-01
5.038501e-01
5.038434e-01
5.038363e-01
5.038289e-01
5.038211e-01
5.038129e-01
5.038046e-01
5.037959e-01
5.037871e-01
5.037780e-01
5.037688e-01
5.037595e-01
5.037500e-01
5.037406e-01
5.037311e-01
5.037217e-01
5.037123e-01
5.037030e-01
5.036939e-01
5.036850e-01
5.036763e-01
5.036679e-01
5.036598e-01
5.036521e-01
5.036448e-01
5.036380e-01
5.036318e-01
5.036260e-01
5.036209e-01
5.036165e-01
5.036128e-01
5.036098e-01
5.036076e-01
5.036064e-01
5.036060e-01
5.036066e-01
5.036082e-01
5.036109e-01
5.036147e-01
5.036197e-01
5.036259e-01
5.036334e-01
5.036422e-01
5.036524e-01
5.036640e-01
5.036771e-01
5.036917e-01
5.037078e-01
5.037256e-01
5.037451e-01
5.037662e-01
5.037892e-01
5.038139e-01
5.038405e-01
5.038690e-01
5.038994e-01
5.039318e-01
5.039662e-01
5.040027e-01
5.040413e-01
5.040820e-01
5.041249e-01
5.041700e-01
5.042173e-01
5.042669e-01
5.043189e-01
5.043732e-01
5.044298e-01
5.044889e-01
5.045504e-01
5.046143e-01
5.046807e-01
5.047496e-01
5.048209e-01
5.048947e-01
5.049710e-01
5.050496e-01
5.051305e-01
5.052138e-01
5.052994e-01
5.053873e-01
5.054773e-01
5.055696e-01
5.056642e-01
5.057609e-01
5.058598e-01
