5.037971e-01
5.037974e-01
5.037973e-01
5.037969e-01
5.037962e-01
5.037950e-01
5.037935e-01
5.037915e-01
5.037892e-01
5.037866e-01
5.037835e-01
5.037802e-01
5.037765e-01
5.037725e-01
5.037682e-01
5.037637e-01
5.037589e-01
5.037538e-01
5.037486e-01
5.037432e-01
5.037376e-01
5.037319e-01
5.037261e-01
5.037203e-01
5.037143e-01
5.037084e-01
5.037025e-01
5.036967e-01
5.036909e-01
5.036853e-01
5.036798e-01
5.036746e-01
5.036695e-01
5.036648e-01
5.036603e-01
5.036563e-01
5.036526e-01
5.036493e-01
5.036466e-01
5.036443e-01
5.036427e-01
5.036416e-01
5.036412e-01
5.036415e-01
5.036426e-01
5.036444e-01
5.036471e-01
5.036506e-01
5.036551e-01
5.036606e-01
5.036670e-01
5.036746e-01
5.036832e-01
5.036931e-01
5.037041e-01
5.037164e-01
5.037300e-01
5.037449e-01
5.037612e-01
5.037789e-01
5.037981e-01
5.038189e-01
5.038412e-01
5.038651e-01
5.038906e-01
5.039179e-01
5.039469e-01
5.039776e-01
5.040102e-01
5.040446e-01
5.040809e-01
5.041192e-01
5.041594e-01
5.042016e-01
5.042458e-01
5.042921e-01
5.043405e-01
5.043910e-01
5.044437e-01
5.044986e-01
5.045557e-01
5.046151e-01
5.046767e-01
5.047406e-01
5.048069e-01
5.048754e-01
5.049463e-01
5.050195e-01
5.050951e-01
5.051729e-01
5.052529e-01
5.053352e-01
5.054197e-01
5.055062e-01
5.055949e-01
5.056857e-01
5.057785e-01
5.058734e-01
5.059704e-01
5.060694e-01
