5.038435e-01
5.038438e-01
5.038436e-01
5.038430e-01
5.038420e-01
5.038405e-01
5.038386e-01
5.038361e-01
5.038333e-01
5.038300e-01
5.038263e-01
5.038221e-01
5.038176e-01
5.038127e-01
5.038074e-01
5.038018e-01
5.037959e-01
5.037897e-01
5.037832e-01
5.037765e-01
5.037695e-01
5.037624e-01
5.037551e-01
5.037477e-01
5.037402e-01
5.037326e-01
5.037250e-01
5.037174e-01
5.037098e-01
5.037023e-01
5.036949e-01
5.036877e-01
5.036807e-01
5.036739e-01
5.036674e-01
5.036612e-01
5.036554e-01
5.036500e-01
5.036450e-01
5.036406e-01
5.036366e-01
5.036333e-01
5.036306e-01
5.036286e-01
5.036273e-01
5.036268e-01
5.036271e-01
5.036283e-01
5.036305e-01
5.036336e-01
5.036377e-01
5.036428e-01
5.036491e-01
5.036566e-01
5.036653e-01
5.036752e-01
5.036865e-01
5.036991e-01
5.037131e-01
5.037286e-01
5.037455e-01
5.037640e-01
5.037841e-01
5.038059e-01
5.038293e-01
5.038544e-01
5.038814e-01
5.039101e-01
5.039407e-01
5.039731e-01
5.040075e-01
5.040439e-01
5.040823e-01
5.041227e-01
5.041652e-01
5.042099e-01
5.042567e-01
5.043057e-01
5.043569e-01
5.044103e-01
5.044660e-01
5.045241e-01
5.045844e-01
5.046472e-01
5.047123e-01
5.047798e-01
5.048497e-01
5.049220e-01
5.049967e-01
5.050738e-01
5.051531e-01
5.052347e-01
5.053186e-01
5.054047e-01
5.054930e-01
5.055834e-01
5.056760e-01
5.057707e-01
5.058676e-01
5.059665e-01
