5.037543e-01
5.037546e-01
5.037547e-01
5.037545e-01
5.037539e-01
5.037531e-01
5.037520e-01
5.037505e-01
5.037487e-01
5.037466e-01
5.037443e-01
5.037417e-01
5.037388e-01
5.037357e-01
5.037323e-01
5.037288e-01
5.037250e-01
5.037211e-01
5.037171e-01
5.037129e-01
5.037087e-01
5.037043e-01
5.036999e-01
5.036955e-01
5.036912e-01
5.036868e-01
5.036825e-01
5.036784e-01
5.036744e-01
5.036705e-01
5.036668e-01
5.036634e-01
5.036603e-01
5.036575e-01
5.036550e-01
5.036529e-01
5.036513e-01
5.036501e-01
5.036494e-01
5.036493e-01
5.036498e-01
5.036509e-01
5.036527e-01
5.036552e-01
5.036584e-01
5.036625e-01
5.036674e-01
5.036732e-01
5.036799e-01
5.036876e-01
5.036964e-01
5.037062e-01
5.037171e-01
5.037291e-01
5.037424e-01
5.037569e-01
5.037727e-01
5.037898e-01
5.038083e-01
5.038282e-01
5.038495e-01
5.038724e-01
5.038968e-01
5.039228e-01
5.039504e-01
5.039796e-01
5.040106e-01
5.040433e-01
5.040777e-01
5.041140e-01
5.041521e-01
5.041921e-01
5.042341e-01
5.042779e-01
5.043238e-01
5.043717e-01
5.044216e-01
5.044736e-01
5.045277e-01
5.045840e-01
5.046424e-01
5.047030e-01
5.047658e-01
5.048309e-01
5.048982e-01
5.049677e-01
5.050396e-01
5.051136e-01
5.051900e-01
5.052685e-01
5.053493e-01
5.054321e-01
5.055171e-01
5.056041e-01
5.056932e-01
5.057843e-01
5.058774e-01
5.059725e-01
5.060696e-01
5.061686e-01
