5.036790e-01
5.036794e-01
5.036797e-01
5.036798e-01
5.036797e-01
5.036795e-01
5.036790e-01
5.036784e-01
5.036776e-01
5.036767e-01
5.036756e-01
5.036743e-01
5.036729e-01
5.036714e-01
5.036698e-01
5.036681e-01
5.036664e-01
5.036646e-01
5.036627e-01
5.036609e-01
5.036590e-01
5.036572e-01
5.036555e-01
5.036538e-01
5.036522e-01
5.036508e-01
5.036496e-01
5.036485e-01
5.036477e-01
5.036471e-01
5.036468e-01
5.036469e-01
5.036473e-01
5.036480e-01
5.036492e-01
5.036508e-01
5.036530e-01
5.036556e-01
5.036588e-01
5.036626e-01
5.036671e-01
5.036722e-01
5.036780e-01
5.036846e-01
5.036919e-01
5.037001e-01
5.037092e-01
5.037191e-01
5.037300e-01
5.037419e-01
5.037548e-01
5.037688e-01
5.037839e-01
5.038001e-01
5.038175e-01
5.038361e-01
5.038560e-01
5.038772e-01
5.038998e-01
5.039237e-01
5.039490e-01
5.039758e-01
5.040041e-01
5.040339e-01
5.040652e-01
5.040982e-01
5.041328e-01
5.041691e-01
5.042070e-01
5.042468e-01
5.042883e-01
5.043316e-01
5.043767e-01
5.044237e-01
5.044726e-01
5.045234e-01
5.045762e-01
5.046309e-01
5.046877e-01
5.047464e-01
5.048073e-01
5.048702e-01
5.049352e-01
5.050023e-01
5.050716e-01
5.051430e-01
5.052166e-01
5.052923e-01
5.053701e-01
5.054501e-01
5.055320e-01
5.056160e-01
5.057020e-01
5.057899e-01
5.058797e-01
5.059714e-01
5.060649e-01
5.061603e-01
5.062576e-01
5.063567e-01
