5.036462e-01
5.036466e-01
5.036469e-01
5.036472e-01
5.036474e-01
5.036474e-01
5.036473e-01
5.036471e-01
5.036468e-01
5.036463e-01
5.036458e-01
5.036452e-01
5.036445e-01
5.036437e-01
5.036429e-01
5.036421e-01
5.036412e-01
5.036404e-01
5.036396e-01
5.036388e-01
5.036381e-01
5.036374e-01
5.036369e-01
5.036365e-01
5.036363e-01
5.036362e-01
5.036364e-01
5.036368e-01
5.036374e-01
5.036384e-01
5.036396e-01
5.036413e-01
5.036433e-01
5.036457e-01
5.036486e-01
5.036519e-01
5.036558e-01
5.036602e-01
5.036652e-01
5.036708e-01
5.036771e-01
5.036841e-01
5.036918e-01
5.037003e-01
5.037095e-01
5.037196e-01
5.037306e-01
5.037425e-01
5.037553e-01
5.037691e-01
5.037840e-01
5.037999e-01
5.038169e-01
5.038351e-01
5.038544e-01
5.038749e-01
5.038967e-01
5.039198e-01
5.039442e-01
5.039700e-01
5.039971e-01
5.040257e-01
5.040558e-01
5.040874e-01
5.041205e-01
5.041552e-01
5.041915e-01
5.042294e-01
5.042690e-01
5.043104e-01
5.043534e-01
5.043982e-01
5.044448e-01
5.044933e-01
5.045436e-01
5.045958e-01
5.046498e-01
5.047058e-01
5.047638e-01
5.048238e-01
5.048857e-01
5.049497e-01
5.050158e-01
5.050839e-01
5.051541e-01
5.052263e-01
5.053007e-01
5.053772e-01
5.054557e-01
5.055362e-01
5.056188e-01
5.057033e-01
5.057897e-01
5.058780e-01
5.059681e-01
5.060601e-01
5.061539e-01
5.062495e-01
5.063468e-01
5.064459e-01
