5.035894e-01
5.035898e-01
5.035903e-01
5.035909e-01
5.035914e-01
5.035920e-01
5.035925e-01
5.035930e-01
5.035936e-01
5.035941e-01
5.035946e-01
5.035952e-01
5.035958e-01
5.035964e-01
5.035971e-01
5.035978e-01
5.035987e-01
5.035996e-01
5.036007e-01
5.036019e-01
5.036033e-01
5.036048e-01
5.036065e-01
5.036085e-01
5.036107e-01
5.036132e-01
5.036159e-01
5.036190e-01
5.036224e-01
5.036262e-01
5.036303e-01
5.036349e-01
5.036400e-01
5.036455e-01
5.036515e-01
5.036580e-01
5.036651e-01
5.036729e-01
5.036812e-01
5.036902e-01
5.036999e-01
5.037103e-01
5.037215e-01
5.037334e-01
5.037462e-01
5.037599e-01
5.037744e-01
5.037899e-01
5.038063e-01
5.038237e-01
5.038421e-01
5.038617e-01
5.038822e-01
5.039040e-01
5.039269e-01
5.039510e-01
5.039763e-01
5.040029e-01
5.040308e-01
5.040600e-01
5.040906e-01
5.041225e-01
5.041559e-01
5.041908e-01
5.042272e-01
5.042650e-01
5.043045e-01
5.043455e-01
5.043881e-01
5.044324e-01
5.044784e-01
5.045260e-01
5.045754e-01
5.046265e-01
5.046794e-01
5.047341e-01
5.047906e-01
5.048490e-01
5.049092e-01
5.049713e-01
5.050354e-01
5.051014e-01
5.051693e-01
5.052392e-01
5.053111e-01
5.053850e-01
5.054608e-01
5.055387e-01
5.056185e-01
5.057002e-01
5.057838e-01
5.058693e-01
5.059565e-01
5.060456e-01
5.061363e-01
5.062288e-01
5.063230e-01
5.064189e-01
5.065164e-01
5.066156e-01
