5.036163e-01
5.036168e-01
5.036172e-01
5.036176e-01
5.036180e-01
5.036183e-01
5.036185e-01
5.036187e-01
5.036188e-01
5.036188e-01
5.036189e-01
5.036188e-01
5.036188e-01
5.036187e-01
5.036187e-01
5.036187e-01
5.036187e-01
5.036188e-01
5.036189e-01
5.036192e-01
5.036195e-01
5.036200e-01
5.036206e-01
5.036214e-01
5.036225e-01
5.036237e-01
5.036252e-01
5.036269e-01
5.036290e-01
5.036314e-01
5.036342e-01
5.036373e-01
5.036409e-01
5.036449e-01
5.036493e-01
5.036543e-01
5.036599e-01
5.036660e-01
5.036727e-01
5.036801e-01
5.036881e-01
5.036968e-01
5.037063e-01
5.037166e-01
5.037276e-01
5.037395e-01
5.037523e-01
5.037661e-01
5.037807e-01
5.037964e-01
5.038131e-01
5.038308e-01
5.038497e-01
5.038697e-01
5.038908e-01
5.039132e-01
5.039368e-01
5.039617e-01
5.039879e-01
5.040154e-01
5.040443e-01
5.040746e-01
5.041064e-01
5.041397e-01
5.041745e-01
5.042108e-01
5.042487e-01
5.042882e-01
5.043294e-01
5.043722e-01
5.044168e-01
5.044630e-01
5.045110e-01
5.045609e-01
5.046125e-01
5.046659e-01
5.047213e-01
5.047785e-01
5.048376e-01
5.048987e-01
5.049617e-01
5.050267e-01
5.050937e-01
5.051628e-01
5.052338e-01
5.053069e-01
5.053821e-01
5.054593e-01
5.055384e-01
5.056196e-01
5.057027e-01
5.057877e-01
5.058745e-01
5.059632e-01
5.060537e-01
5.061459e-01
5.062399e-01
5.063356e-01
5.064330e-01
5.065322e-01
