5.035651e-01
5.035656e-01
5.035662e-01
5.035668e-01
5.035676e-01
5.035684e-01
5.035692e-01
5.035701e-01
5.035710e-01
5.035719e-01
5.035729e-01
5.035740e-01
5.035752e-01
5.035765e-01
5.035779e-01
5.035794e-01
5.035810e-01
5.035828e-01
5.035847e-01
5.035869e-01
5.035892e-01
5.035917e-01
5.035945e-01
5.035976e-01
5.036009e-01
5.036045e-01
5.036085e-01
5.036128e-01
5.036175e-01
5.036226e-01
5.036281e-01
5.036340e-01
5.036405e-01
5.036474e-01
5.036549e-01
5.036629e-01
5.036715e-01
5.036808e-01
5.036906e-01
5.037012e-01
5.037125e-01
5.037245e-01
5.037373e-01
5.037509e-01
5.037653e-01
5.037806e-01
5.037968e-01
5.038139e-01
5.038320e-01
5.038511e-01
5.038712e-01
5.038923e-01
5.039146e-01
5.039380e-01
5.039625e-01
5.039883e-01
5.040152e-01
5.040434e-01
5.040729e-01
5.041037e-01
5.041359e-01
5.041694e-01
5.042044e-01
5.042408e-01
5.042787e-01
5.043180e-01
5.043589e-01
5.044014e-01
5.044454e-01
5.044910e-01
5.045383e-01
5.045873e-01
5.046379e-01
5.046903e-01
5.047444e-01
5.048002e-01
5.048579e-01
5.049174e-01
5.049786e-01
5.050418e-01
5.051068e-01
5.051737e-01
5.052425e-01
5.053132e-01
5.053859e-01
5.054605e-01
5.055371e-01
5.056156e-01
5.056960e-01
5.057783e-01
5.058624e-01
5.059483e-01
5.060359e-01
5.061253e-01
5.062164e-01
5.063091e-01
5.064034e-01
5.064994e-01
5.065970e-01
5.066962e-01
