5.035434e-01
5.035439e-01
5.035446e-01
5.035454e-01
5.035463e-01
5.035473e-01
5.035484e-01
5.035496e-01
5.035509e-01
5.035522e-01
5.035537e-01
5.035553e-01
5.035571e-01
5.035590e-01
5.035610e-01
5.035632e-01
5.035656e-01
5.035682e-01
5.035709e-01
5.035740e-01
5.035772e-01
5.035807e-01
5.035845e-01
5.035886e-01
5.035930e-01
5.035977e-01
5.036028e-01
5.036083e-01
5.036142e-01
5.036205e-01
5.036273e-01
5.036346e-01
5.036423e-01
5.036506e-01
5.036595e-01
5.036689e-01
5.036790e-01
5.036897e-01
5.037010e-01
5.037131e-01
5.037259e-01
5.037394e-01
5.037537e-01
5.037688e-01
5.037848e-01
5.038017e-01
5.038194e-01
5.038381e-01
5.038578e-01
5.038784e-01
5.039001e-01
5.039229e-01
5.039467e-01
5.039717e-01
5.039978e-01
5.040251e-01
5.040536e-01
5.040834e-01
5.041144e-01
5.041467e-01
5.041804e-01
5.042154e-01
5.042519e-01
5.042897e-01
5.043290e-01
5.043698e-01
5.044120e-01
5.044559e-01
5.045012e-01
5.045482e-01
5.045967e-01
5.046469e-01
5.046988e-01
5.047523e-01
5.048076e-01
5.048645e-01
5.049233e-01
5.049838e-01
5.050461e-01
5.051102e-01
5.051761e-01
5.052439e-01
5.053135e-01
5.053850e-01
5.054585e-01
5.055338e-01
5.056110e-01
5.056901e-01
5.057711e-01
5.058539e-01
5.059385e-01
5.060248e-01
5.061128e-01
5.062025e-01
5.062938e-01
5.063868e-01
5.064813e-01
5.065774e-01
5.066751e-01
5.067743e-01
