8.301378e-01
8.299744e-01
8.294837e-01
8.286661e-01
8.275221e-01
8.260530e-01
8.242598e-01
8.221442e-01
8.197081e-01
8.169537e-01
8.138832e-01
8.104996e-01
8.068057e-01
8.028050e-01
7.985010e-01
7.938976e-01
7.889991e-01
7.838098e-01
7.783346e-01
7.725785e-01
7.665469e-01
7.602454e-01
7.536800e-01
7.468568e-01
7.397824e-01
7.324635e-01
7.249072e-01
7.171209e-01
7.091120e-01
7.008885e-01
6.924584e-01
6.838302e-01
6.750123e-01
6.660138e-01
6.568436e-01
6.475109e-01
6.380254e-01
6.283967e-01
6.186347e-01
6.087494e-01
5.987510e-01
5.886499e-01
5.784567e-01
5.681820e-01
5.578365e-01
5.474310e-01
5.369765e-01
5.264841e-01
5.159647e-01
5.054294e-01
4.948895e-01
4.843559e-01
4.738398e-01
4.633524e-01
4.529046e-01
4.425075e-01
4.321720e-01
4.219090e-01
4.117293e-01
4.016434e-01
3.916620e-01
3.817953e-01
3.720536e-01
3.624471e-01
3.529855e-01
3.436787e-01
3.345360e-01
3.255669e-01
3.167804e-01
3.081853e-01
2.997903e-01
2.916037e-01
2.836338e-01
2.758883e-01
2.683748e-01
2.611008e-01
2.540733e-01
2.472991e-01
2.407848e-01
2.345364e-01
2.285601e-01
2.228614e-01
2.174458e-01
2.123182e-01
2.074836e-01
2.029465e-01
1.987109e-01
1.947808e-01
1.911599e-01
1.878515e-01
1.848586e-01
1.821839e-01
1.798299e-01
1.777987e-01
1.760922e-01
1.747120e-01
1.736595e-01
1.729355e-01
1.725408e-01
1.724758e-01
