5.035241e-01
5.035246e-01
5.035254e-01
5.035263e-01
5.035274e-01
5.035286e-01
5.035300e-01
5.035315e-01
5.035331e-01
5.035349e-01
5.035368e-01
5.035389e-01
5.035412e-01
5.035437e-01
5.035464e-01
5.035492e-01
5.035523e-01
5.035556e-01
5.035592e-01
5.035631e-01
5.035672e-01
5.035716e-01
5.035763e-01
5.035814e-01
5.035868e-01
5.035926e-01
5.035988e-01
5.036054e-01
5.036125e-01
5.036200e-01
5.036280e-01
5.036365e-01
5.036455e-01
5.036551e-01
5.036653e-01
5.036760e-01
5.036875e-01
5.036995e-01
5.037123e-01
5.037257e-01
5.037399e-01
5.037549e-01
5.037707e-01
5.037873e-01
5.038048e-01
5.038231e-01
5.038424e-01
5.038625e-01
5.038837e-01
5.039059e-01
5.039291e-01
5.039533e-01
5.039787e-01
5.040051e-01
5.040327e-01
5.040615e-01
5.040915e-01
5.041227e-01
5.041552e-01
5.041890e-01
5.042241e-01
5.042605e-01
5.042984e-01
5.043376e-01
5.043782e-01
5.044204e-01
5.044640e-01
5.045091e-01
5.045557e-01
5.046039e-01
5.046537e-01
5.047050e-01
5.047580e-01
5.048127e-01
5.048690e-01
5.049271e-01
5.049868e-01
5.050483e-01
5.051115e-01
5.051766e-01
5.052434e-01
5.053120e-01
5.053824e-01
5.054547e-01
5.055288e-01
5.056048e-01
5.056827e-01
5.057624e-01
5.058439e-01
5.059271e-01
5.060122e-01
5.060989e-01
5.061873e-01
5.062773e-01
5.063689e-01
5.064620e-01
5.065567e-01
5.066530e-01
5.067507e-01
5.068500e-01
