5.035072e-01
5.035077e-01
5.035085e-01
5.035096e-01
5.035108e-01
5.035123e-01
5.035139e-01
5.035157e-01
5.035176e-01
5.035198e-01
5.035222e-01
5.035247e-01
5.035275e-01
5.035305e-01
5.035338e-01
5.035373e-01
5.035411e-01
5.035451e-01
5.035494e-01
5.035541e-01
5.035590e-01
5.035643e-01
5.035700e-01
5.035760e-01
5.035824e-01
5.035892e-01
5.035964e-01
5.036041e-01
5.036122e-01
5.036209e-01
5.036300e-01
5.036397e-01
5.036499e-01
5.036607e-01
5.036721e-01
5.036842e-01
5.036969e-01
5.037103e-01
5.037243e-01
5.037392e-01
5.037547e-01
5.037711e-01
5.037882e-01
5.038062e-01
5.038251e-01
5.038449e-01
5.038655e-01
5.038871e-01
5.039097e-01
5.039333e-01
5.039580e-01
5.039837e-01
5.040104e-01
5.040383e-01
5.040673e-01
5.040975e-01
5.041289e-01
5.041616e-01
5.041954e-01
5.042306e-01
5.042670e-01
5.043048e-01
5.043440e-01
5.043845e-01
5.044265e-01
5.044698e-01
5.045147e-01
5.045610e-01
5.046089e-01
5.046582e-01
5.047092e-01
5.047617e-01
5.048158e-01
5.048715e-01
5.049289e-01
5.049879e-01
5.050486e-01
5.051111e-01
5.051752e-01
5.052411e-01
5.053087e-01
5.053781e-01
5.054493e-01
5.055223e-01
5.055971e-01
5.056737e-01
5.057522e-01
5.058324e-01
5.059144e-01
5.059982e-01
5.060837e-01
5.061708e-01
5.062595e-01
5.063498e-01
5.064416e-01
5.065350e-01
5.066298e-01
5.067262e-01
5.068240e-01
5.069233e-01
