5.034798e-01
5.034804e-01
5.034814e-01
5.034826e-01
5.034842e-01
5.034860e-01
5.034880e-01
5.034904e-01
5.034930e-01
5.034959e-01
5.034990e-01
5.035025e-01
5.035062e-01
5.035102e-01
5.035146e-01
5.035193e-01
5.035243e-01
5.035297e-01
5.035354e-01
5.035415e-01
5.035480e-01
5.035549e-01
5.035622e-01
5.035700e-01
5.035781e-01
5.035868e-01
5.035960e-01
5.036056e-01
5.036158e-01
5.036265e-01
5.036378e-01
5.036497e-01
5.036621e-01
5.036752e-01
5.036890e-01
5.037034e-01
5.037185e-01
5.037343e-01
5.037508e-01
5.037681e-01
5.037862e-01
5.038051e-01
5.038249e-01
5.038455e-01
5.038669e-01
5.038893e-01
5.039126e-01
5.039369e-01
5.039621e-01
5.039884e-01
5.040157e-01
5.040440e-01
5.040734e-01
5.041039e-01
5.041356e-01
5.041684e-01
5.042024e-01
5.042376e-01
5.042741e-01
5.043118e-01
5.043508e-01
5.043911e-01
5.044327e-01
5.044756e-01
5.045200e-01
5.045657e-01
5.046129e-01
5.046615e-01
5.047116e-01
5.047631e-01
5.048162e-01
5.048708e-01
5.049269e-01
5.049847e-01
5.050440e-01
5.051049e-01
5.051674e-01
5.052315e-01
5.052974e-01
5.053648e-01
5.054340e-01
5.055049e-01
5.055775e-01
5.056518e-01
5.057279e-01
5.058057e-01
5.058852e-01
5.059665e-01
5.060495e-01
5.061341e-01
5.062203e-01
5.063082e-01
5.063975e-01
5.064883e-01
5.065807e-01
5.066744e-01
5.067696e-01
5.068661e-01
5.069640e-01
5.070634e-01
