5.034925e-01
5.034930e-01
5.034939e-01
5.034951e-01
5.034965e-01
5.034981e-01
5.034999e-01
5.035020e-01
5.035043e-01
5.035068e-01
5.035096e-01
5.035126e-01
5.035159e-01
5.035194e-01
5.035232e-01
5.035274e-01
5.035318e-01
5.035365e-01
5.035415e-01
5.035469e-01
5.035527e-01
5.035588e-01
5.035653e-01
5.035722e-01
5.035795e-01
5.035873e-01
5.035955e-01
5.036042e-01
5.036133e-01
5.036231e-01
5.036333e-01
5.036441e-01
5.036555e-01
5.036675e-01
5.036801e-01
5.036933e-01
5.037072e-01
5.037219e-01
5.037372e-01
5.037533e-01
5.037702e-01
5.037878e-01
5.038063e-01
5.038256e-01
5.038458e-01
5.038669e-01
5.038890e-01
5.039119e-01
5.039359e-01
5.039608e-01
5.039868e-01
5.040139e-01
5.040420e-01
5.040712e-01
5.041016e-01
5.041332e-01
5.041659e-01
5.041998e-01
5.042350e-01
5.042715e-01
5.043093e-01
5.043483e-01
5.043887e-01
5.044305e-01
5.044737e-01
5.045183e-01
5.045643e-01
5.046118e-01
5.046608e-01
5.047113e-01
5.047633e-01
5.048169e-01
5.048721e-01
5.049288e-01
5.049872e-01
5.050471e-01
5.051088e-01
5.051721e-01
5.052371e-01
5.053038e-01
5.053722e-01
5.054424e-01
5.055143e-01
5.055880e-01
5.056634e-01
5.057407e-01
5.058197e-01
5.059005e-01
5.059830e-01
5.060672e-01
5.061530e-01
5.062405e-01
5.063295e-01
5.064201e-01
5.065122e-01
5.066057e-01
5.067007e-01
5.067972e-01
5.068951e-01
5.069944e-01
