5.034605e-01
5.034612e-01
5.034622e-01
5.034637e-01
5.034655e-01
5.034676e-01
5.034701e-01
5.034729e-01
5.034761e-01
5.034796e-01
5.034835e-01
5.034877e-01
5.034923e-01
5.034973e-01
5.035026e-01
5.035084e-01
5.035145e-01
5.035211e-01
5.035281e-01
5.035355e-01
5.035434e-01
5.035518e-01
5.035606e-01
5.035699e-01
5.035797e-01
5.035901e-01
5.036010e-01
5.036124e-01
5.036244e-01
5.036370e-01
5.036503e-01
5.036641e-01
5.036786e-01
5.036937e-01
5.037096e-01
5.037261e-01
5.037434e-01
5.037614e-01
5.037802e-01
5.037997e-01
5.038201e-01
5.038413e-01
5.038634e-01
5.038863e-01
5.039101e-01
5.039349e-01
5.039606e-01
5.039872e-01
5.040149e-01
5.040435e-01
5.040732e-01
5.041039e-01
5.041358e-01
5.041687e-01
5.042027e-01
5.042379e-01
5.042743e-01
5.043118e-01
5.043506e-01
5.043906e-01
5.044319e-01
5.044744e-01
5.045183e-01
5.045634e-01
5.046100e-01
5.046578e-01
5.047071e-01
5.047578e-01
5.048099e-01
5.048634e-01
5.049184e-01
5.049749e-01
5.050329e-01
5.050924e-01
5.051534e-01
5.052160e-01
5.052801e-01
5.053459e-01
5.054132e-01
5.054821e-01
5.055527e-01
5.056249e-01
5.056988e-01
5.057743e-01
5.058515e-01
5.059304e-01
5.060109e-01
5.060931e-01
5.061770e-01
5.062624e-01
5.063493e-01
5.064378e-01
5.065277e-01
5.066190e-01
5.067118e-01
5.068058e-01
5.069013e-01
5.069980e-01
5.070961e-01
5.071954e-01
