5.034692e-01
5.034698e-01
5.034709e-01
5.034722e-01
5.034739e-01
5.034759e-01
5.034781e-01
5.034807e-01
5.034836e-01
5.034868e-01
5.034903e-01
5.034942e-01
5.034984e-01
5.035029e-01
5.035077e-01
5.035130e-01
5.035186e-01
5.035246e-01
5.035309e-01
5.035377e-01
5.035449e-01
5.035526e-01
5.035607e-01
5.035692e-01
5.035783e-01
5.035878e-01
5.035978e-01
5.036084e-01
5.036195e-01
5.036312e-01
5.036435e-01
5.036564e-01
5.036699e-01
5.036840e-01
5.036988e-01
5.037143e-01
5.037305e-01
5.037475e-01
5.037652e-01
5.037836e-01
5.038029e-01
5.038230e-01
5.038439e-01
5.038657e-01
5.038884e-01
5.039120e-01
5.039365e-01
5.039620e-01
5.039884e-01
5.040159e-01
5.040444e-01
5.040740e-01
5.041047e-01
5.041364e-01
5.041693e-01
5.042033e-01
5.042386e-01
5.042750e-01
5.043126e-01
5.043515e-01
5.043916e-01
5.044331e-01
5.044758e-01
5.045199e-01
5.045654e-01
5.046122e-01
5.046605e-01
5.047101e-01
5.047613e-01
5.048138e-01
5.048679e-01
5.049234e-01
5.049805e-01
5.050392e-01
5.050993e-01
5.051611e-01
5.052245e-01
5.052894e-01
5.053560e-01
5.054243e-01
5.054942e-01
5.055657e-01
5.056390e-01
5.057139e-01
5.057906e-01
5.058689e-01
5.059490e-01
5.060307e-01
5.061141e-01
5.061991e-01
5.062857e-01
5.063739e-01
5.064635e-01
5.065546e-01
5.066471e-01
5.067411e-01
5.068364e-01
5.069330e-01
5.070310e-01
5.071303e-01
