5.034485e-01
5.034491e-01
5.034503e-01
5.034519e-01
5.034539e-01
5.034564e-01
5.034593e-01
5.034625e-01
5.034662e-01
5.034703e-01
5.034748e-01
5.034798e-01
5.034851e-01
5.034909e-01
5.034972e-01
5.035039e-01
5.035111e-01
5.035187e-01
5.035269e-01
5.035355e-01
5.035447e-01
5.035543e-01
5.035645e-01
5.035753e-01
5.035866e-01
5.035984e-01
5.036109e-01
5.036240e-01
5.036376e-01
5.036520e-01
5.036669e-01
5.036826e-01
5.036989e-01
5.037159e-01
5.037336e-01
5.037521e-01
5.037713e-01
5.037913e-01
5.038121e-01
5.038337e-01
5.038561e-01
5.038794e-01
5.039036e-01
5.039286e-01
5.039546e-01
5.039815e-01
5.040093e-01
5.040381e-01
5.040680e-01
5.040988e-01
5.041306e-01
5.041635e-01
5.041975e-01
5.042326e-01
5.042688e-01
5.043062e-01
5.043446e-01
5.043843e-01
5.044252e-01
5.044673e-01
5.045106e-01
5.045552e-01
5.046011e-01
5.046482e-01
5.046967e-01
5.047465e-01
5.047977e-01
5.048502e-01
5.049041e-01
5.049594e-01
5.050162e-01
5.050744e-01
5.051340e-01
5.051952e-01
5.052578e-01
5.053219e-01
5.053875e-01
5.054546e-01
5.055234e-01
5.055936e-01
5.056654e-01
5.057389e-01
5.058139e-01
5.058905e-01
5.059687e-01
5.060485e-01
5.061300e-01
5.062130e-01
5.062976e-01
5.063838e-01
5.064714e-01
5.065604e-01
5.066508e-01
5.067426e-01
5.068357e-01
5.069301e-01
5.070258e-01
5.071227e-01
5.072208e-01
5.073202e-01
