5.034536e-01
5.034543e-01
5.034554e-01
5.034569e-01
5.034589e-01
5.034612e-01
5.034638e-01
5.034669e-01
5.034703e-01
5.034741e-01
5.034783e-01
5.034829e-01
5.034879e-01
5.034933e-01
5.034991e-01
5.035054e-01
5.035121e-01
5.035192e-01
5.035268e-01
5.035348e-01
5.035433e-01
5.035524e-01
5.035619e-01
5.035719e-01
5.035825e-01
5.035937e-01
5.036054e-01
5.036176e-01
5.036305e-01
5.036440e-01
5.036581e-01
5.036729e-01
5.036883e-01
5.037044e-01
5.037212e-01
5.037387e-01
5.037570e-01
5.037760e-01
5.037958e-01
5.038164e-01
5.038379e-01
5.038601e-01
5.038833e-01
5.039073e-01
5.039322e-01
5.039581e-01
5.039849e-01
5.040126e-01
5.040414e-01
5.040711e-01
5.041019e-01
5.041338e-01
5.041667e-01
5.042007e-01
5.042359e-01
5.042722e-01
5.043096e-01
5.043483e-01
5.043881e-01
5.044292e-01
5.044715e-01
5.045151e-01
5.045600e-01
5.046062e-01
5.046537e-01
5.047026e-01
5.047528e-01
5.048044e-01
5.048575e-01
5.049119e-01
5.049678e-01
5.050252e-01
5.050840e-01
5.051443e-01
5.052062e-01
5.052695e-01
5.053345e-01
5.054009e-01
5.054690e-01
5.055386e-01
5.056098e-01
5.056826e-01
5.057571e-01
5.058332e-01
5.059109e-01
5.059902e-01
5.060713e-01
5.061539e-01
5.062381e-01
5.063239e-01
5.064112e-01
5.064999e-01
5.065901e-01
5.066817e-01
5.067746e-01
5.068688e-01
5.069644e-01
5.070612e-01
5.071593e-01
5.072587e-01
