5.034429e-01
5.034436e-01
5.034449e-01
5.034467e-01
5.034489e-01
5.034517e-01
5.034549e-01
5.034585e-01
5.034627e-01
5.034673e-01
5.034724e-01
5.034780e-01
5.034840e-01
5.034906e-01
5.034977e-01
5.035053e-01
5.035134e-01
5.035220e-01
5.035312e-01
5.035409e-01
5.035512e-01
5.035620e-01
5.035735e-01
5.035855e-01
5.035981e-01
5.036114e-01
5.036253e-01
5.036398e-01
5.036550e-01
5.036708e-01
5.036874e-01
5.037046e-01
5.037226e-01
5.037413e-01
5.037607e-01
5.037810e-01
5.038020e-01
5.038238e-01
5.038464e-01
5.038698e-01
5.038941e-01
5.039193e-01
5.039453e-01
5.039723e-01
5.040002e-01
5.040290e-01
5.040588e-01
5.040896e-01
5.041214e-01
5.041541e-01
5.041880e-01
5.042228e-01
5.042588e-01
5.042958e-01
5.043340e-01
5.043732e-01
5.044137e-01
5.044552e-01
5.044980e-01
5.045420e-01
5.045872e-01
5.046336e-01
5.046813e-01
5.047303e-01
5.047805e-01
5.048321e-01
5.048849e-01
5.049392e-01
5.049947e-01
5.050517e-01
5.051100e-01
5.051697e-01
5.052309e-01
5.052935e-01
5.053575e-01
5.054230e-01
5.054900e-01
5.055584e-01
5.056283e-01
5.056998e-01
5.057728e-01
5.058473e-01
5.059233e-01
5.060009e-01
5.060801e-01
5.061608e-01
5.062430e-01
5.063268e-01
5.064121e-01
5.064989e-01
5.065871e-01
5.066766e-01
5.067675e-01
5.068597e-01
5.069532e-01
5.070478e-01
5.071437e-01
5.072408e-01
5.073390e-01
5.074385e-01
