5.034449e-01
5.034456e-01
5.034468e-01
5.034485e-01
5.034507e-01
5.034533e-01
5.034563e-01
5.034598e-01
5.034637e-01
5.034680e-01
5.034729e-01
5.034781e-01
5.034839e-01
5.034901e-01
5.034967e-01
5.035039e-01
5.035115e-01
5.035197e-01
5.035284e-01
5.035376e-01
5.035473e-01
5.035576e-01
5.035684e-01
5.035798e-01
5.035918e-01
5.036044e-01
5.036175e-01
5.036314e-01
5.036458e-01
5.036609e-01
5.036767e-01
5.036932e-01
5.037103e-01
5.037282e-01
5.037468e-01
5.037662e-01
5.037863e-01
5.038072e-01
5.038290e-01
5.038515e-01
5.038749e-01
5.038992e-01
5.039243e-01
5.039503e-01
5.039773e-01
5.040051e-01
5.040340e-01
5.040638e-01
5.040946e-01
5.041264e-01
5.041593e-01
5.041932e-01
5.042282e-01
5.042643e-01
5.043015e-01
5.043398e-01
5.043793e-01
5.044200e-01
5.044618e-01
5.045049e-01
5.045492e-01
5.045947e-01
5.046415e-01
5.046896e-01
5.047389e-01
5.047896e-01
5.048417e-01
5.048951e-01
5.049499e-01
5.050060e-01
5.050636e-01
5.051226e-01
5.051830e-01
5.052448e-01
5.053082e-01
5.053730e-01
5.054393e-01
5.055071e-01
5.055765e-01
5.056473e-01
5.057197e-01
5.057937e-01
5.058693e-01
5.059464e-01
5.060251e-01
5.061054e-01
5.061872e-01
5.062707e-01
5.063556e-01
5.064421e-01
5.065300e-01
5.066193e-01
5.067099e-01
5.068019e-01
5.068952e-01
5.069897e-01
5.070855e-01
5.071825e-01
5.072807e-01
5.073801e-01
