5.034424e-01
5.034431e-01
5.034444e-01
5.034463e-01
5.034486e-01
5.034515e-01
5.034549e-01
5.034587e-01
5.034631e-01
5.034679e-01
5.034733e-01
5.034792e-01
5.034856e-01
5.034925e-01
5.034999e-01
5.035079e-01
5.035165e-01
5.035256e-01
5.035352e-01
5.035454e-01
5.035563e-01
5.035677e-01
5.035797e-01
5.035923e-01
5.036055e-01
5.036194e-01
5.036340e-01
5.036492e-01
5.036651e-01
5.036816e-01
5.036989e-01
5.037169e-01
5.037356e-01
5.037551e-01
5.037754e-01
5.037964e-01
5.038182e-01
5.038408e-01
5.038643e-01
5.038886e-01
5.039138e-01
5.039398e-01
5.039668e-01
5.039946e-01
5.040234e-01
5.040531e-01
5.040838e-01
5.041155e-01
5.041482e-01
5.041819e-01
5.042166e-01
5.042524e-01
5.042892e-01
5.043272e-01
5.043662e-01
5.044064e-01
5.044477e-01
5.044902e-01
5.045338e-01
5.045787e-01
5.046247e-01
5.046720e-01
5.047206e-01
5.047703e-01
5.048214e-01
5.048738e-01
5.049275e-01
5.049824e-01
5.050388e-01
5.050965e-01
5.051555e-01
5.052160e-01
5.052778e-01
5.053411e-01
5.054058e-01
5.054719e-01
5.055395e-01
5.056085e-01
5.056791e-01
5.057511e-01
5.058246e-01
5.058996e-01
5.059761e-01
5.060541e-01
5.061337e-01
5.062148e-01
5.062975e-01
5.063816e-01
5.064673e-01
5.065543e-01
5.066428e-01
5.067326e-01
5.068237e-01
5.069161e-01
5.070097e-01
5.071045e-01
5.072004e-01
5.072976e-01
5.073959e-01
5.074953e-01
