5.034433e-01
5.034441e-01
5.034454e-01
5.034473e-01
5.034498e-01
5.034528e-01
5.034563e-01
5.034603e-01
5.034649e-01
5.034699e-01
5.034756e-01
5.034817e-01
5.034884e-01
5.034957e-01
5.035035e-01
5.035119e-01
5.035208e-01
5.035303e-01
5.035405e-01
5.035512e-01
5.035625e-01
5.035744e-01
5.035870e-01
5.036001e-01
5.036140e-01
5.036285e-01
5.036436e-01
5.036595e-01
5.036760e-01
5.036933e-01
5.037113e-01
5.037300e-01
5.037494e-01
5.037697e-01
5.037907e-01
5.038124e-01
5.038350e-01
5.038585e-01
5.038827e-01
5.039079e-01
5.039338e-01
5.039607e-01
5.039885e-01
5.040172e-01
5.040468e-01
5.040774e-01
5.041090e-01
5.041415e-01
5.041750e-01
5.042096e-01
5.042452e-01
5.042818e-01
5.043195e-01
5.043584e-01
5.043983e-01
5.044393e-01
5.044815e-01
5.045248e-01
5.045693e-01
5.046149e-01
5.046618e-01
5.047099e-01
5.047593e-01
5.048098e-01
5.048617e-01
5.049148e-01
5.049693e-01
5.050250e-01
5.050821e-01
5.051405e-01
5.052002e-01
5.052614e-01
5.053239e-01
5.053878e-01
5.054531e-01
5.055198e-01
5.055880e-01
5.056576e-01
5.057287e-01
5.058012e-01
5.058752e-01
5.059507e-01
5.060277e-01
5.061061e-01
5.061861e-01
5.062676e-01
5.063506e-01
5.064351e-01
5.065211e-01
5.066084e-01
5.066971e-01
5.067871e-01
5.068785e-01
5.069710e-01
5.070648e-01
5.071597e-01
5.072558e-01
5.073530e-01
5.074513e-01
5.075508e-01
