8.141077e-01
8.139515e-01
8.134823e-01
8.127006e-01
8.116071e-01
8.102027e-01
8.084887e-01
8.064668e-01
8.041387e-01
8.015067e-01
7.985731e-01
7.953408e-01
7.918126e-01
7.879920e-01
7.838824e-01
7.794878e-01
7.748123e-01
7.698604e-01
7.646366e-01
7.591461e-01
7.533940e-01
7.473859e-01
7.411275e-01
7.346250e-01
7.278846e-01
7.209129e-01
7.137168e-01
7.063032e-01
6.986796e-01
6.908535e-01
6.828326e-01
6.746249e-01
6.662388e-01
6.576825e-01
6.489648e-01
6.400944e-01
6.310804e-01
6.219320e-01
6.126584e-01
6.032692e-01
5.937739e-01
5.841825e-01
5.745047e-01
5.647506e-01
5.549303e-01
5.450539e-01
5.351317e-01
5.251739e-01
5.151911e-01
5.051935e-01
4.951915e-01
4.851956e-01
4.752162e-01
4.652637e-01
4.553483e-01
4.454806e-01
4.356706e-01
4.259287e-01
4.162648e-01
4.066890e-01
3.972113e-01
3.878413e-01
3.785887e-01
3.694631e-01
3.604737e-01
3.516299e-01
3.429405e-01
3.344145e-01
3.260604e-01
3.178868e-01
3.099018e-01
3.021136e-01
2.945298e-01
2.871580e-01
2.800057e-01
2.730798e-01
2.663872e-01
2.599346e-01
2.537282e-01
2.477741e-01
2.420781e-01
2.366459e-01
2.314825e-01
2.265931e-01
2.219824e-01
2.176547e-01
2.136143e-01
2.098651e-01
2.064105e-01
2.032540e-01
2.003985e-01
1.978467e-01
1.956012e-01
1.936640e-01
1.920371e-01
1.907220e-01
1.897201e-01
1.890322e-01
1.886592e-01
1.886015e-01
