5.034491e-01
5.034498e-01
5.034513e-01
5.034533e-01
5.034559e-01
5.034591e-01
5.034629e-01
5.034673e-01
5.034722e-01
5.034777e-01
5.034838e-01
5.034905e-01
5.034978e-01
5.035057e-01
5.035142e-01
5.035232e-01
5.035329e-01
5.035433e-01
5.035542e-01
5.035658e-01
5.035781e-01
5.035910e-01
5.036045e-01
5.036188e-01
5.036337e-01
5.036493e-01
5.036656e-01
5.036827e-01
5.037005e-01
5.037190e-01
5.037383e-01
5.037583e-01
5.037791e-01
5.038007e-01
5.038231e-01
5.038463e-01
5.038704e-01
5.038953e-01
5.039210e-01
5.039476e-01
5.039752e-01
5.040036e-01
5.040329e-01
5.040632e-01
5.040944e-01
5.041265e-01
5.041597e-01
5.041938e-01
5.042290e-01
5.042651e-01
5.043023e-01
5.043406e-01
5.043799e-01
5.044203e-01
5.044618e-01
5.045044e-01
5.045481e-01
5.045930e-01
5.046391e-01
5.046863e-01
5.047347e-01
5.047843e-01
5.048351e-01
5.048872e-01
5.049405e-01
5.049950e-01
5.050509e-01
5.051080e-01
5.051664e-01
5.052261e-01
5.052872e-01
5.053496e-01
5.054133e-01
5.054784e-01
5.055449e-01
5.056128e-01
5.056820e-01
5.057527e-01
5.058248e-01
5.058983e-01
5.059732e-01
5.060496e-01
5.061274e-01
5.062067e-01
5.062874e-01
5.063697e-01
5.064533e-01
5.065384e-01
5.066249e-01
5.067128e-01
5.068020e-01
5.068925e-01
5.069842e-01
5.070770e-01
5.071711e-01
5.072662e-01
5.073625e-01
5.074598e-01
5.075582e-01
5.076577e-01
