5.034456e-01
5.034463e-01
5.034477e-01
5.034497e-01
5.034522e-01
5.034553e-01
5.034590e-01
5.034632e-01
5.034679e-01
5.034732e-01
5.034791e-01
5.034855e-01
5.034925e-01
5.035001e-01
5.035083e-01
5.035170e-01
5.035263e-01
5.035363e-01
5.035468e-01
5.035580e-01
5.035698e-01
5.035822e-01
5.035953e-01
5.036090e-01
5.036234e-01
5.036385e-01
5.036542e-01
5.036707e-01
5.036878e-01
5.037057e-01
5.037244e-01
5.037438e-01
5.037639e-01
5.037849e-01
5.038066e-01
5.038291e-01
5.038524e-01
5.038766e-01
5.039016e-01
5.039275e-01
5.039543e-01
5.039820e-01
5.040105e-01
5.040400e-01
5.040705e-01
5.041019e-01
5.041342e-01
5.041676e-01
5.042020e-01
5.042373e-01
5.042738e-01
5.043112e-01
5.043498e-01
5.043894e-01
5.044301e-01
5.044720e-01
5.045149e-01
5.045591e-01
5.046043e-01
5.046508e-01
5.046985e-01
5.047473e-01
5.047974e-01
5.048488e-01
5.049014e-01
5.049552e-01
5.050104e-01
5.050668e-01
5.051246e-01
5.051837e-01
5.052441e-01
5.053059e-01
5.053690e-01
5.054335e-01
5.054995e-01
5.055668e-01
5.056355e-01
5.057056e-01
5.057772e-01
5.058502e-01
5.059247e-01
5.060007e-01
5.060781e-01
5.061570e-01
5.062374e-01
5.063192e-01
5.064026e-01
5.064874e-01
5.065736e-01
5.066612e-01
5.067502e-01
5.068404e-01
5.069319e-01
5.070246e-01
5.071185e-01
5.072136e-01
5.073098e-01
5.074070e-01
5.075054e-01
5.076049e-01
