5.034597e-01
5.034604e-01
5.034619e-01
5.034641e-01
5.034669e-01
5.034703e-01
5.034743e-01
5.034790e-01
5.034843e-01
5.034902e-01
5.034967e-01
5.035039e-01
5.035117e-01
5.035201e-01
5.035292e-01
5.035389e-01
5.035493e-01
5.035604e-01
5.035721e-01
5.035845e-01
5.035976e-01
5.036113e-01
5.036258e-01
5.036410e-01
5.036569e-01
5.036736e-01
5.036909e-01
5.037091e-01
5.037280e-01
5.037476e-01
5.037680e-01
5.037893e-01
5.038113e-01
5.038341e-01
5.038578e-01
5.038823e-01
5.039077e-01
5.039339e-01
5.039610e-01
5.039890e-01
5.040179e-01
5.040477e-01
5.040784e-01
5.041101e-01
5.041427e-01
5.041763e-01
5.042109e-01
5.042465e-01
5.042831e-01
5.043207e-01
5.043594e-01
5.043991e-01
5.044398e-01
5.044817e-01
5.045246e-01
5.045687e-01
5.046138e-01
5.046601e-01
5.047076e-01
5.047562e-01
5.048060e-01
5.048570e-01
5.049091e-01
5.049625e-01
5.050171e-01
5.050730e-01
5.051301e-01
5.051884e-01
5.052481e-01
5.053090e-01
5.053712e-01
5.054348e-01
5.054996e-01
5.055658e-01
5.056333e-01
5.057022e-01
5.057725e-01
5.058441e-01
5.059171e-01
5.059914e-01
5.060672e-01
5.061444e-01
5.062230e-01
5.063030e-01
5.063844e-01
5.064673e-01
5.065516e-01
5.066372e-01
5.067243e-01
5.068126e-01
5.069022e-01
5.069931e-01
5.070851e-01
5.071783e-01
5.072726e-01
5.073679e-01
5.074643e-01
5.075618e-01
5.076603e-01
5.077598e-01
