5.034746e-01
5.034754e-01
5.034770e-01
5.034793e-01
5.034822e-01
5.034858e-01
5.034901e-01
5.034950e-01
5.035006e-01
5.035068e-01
5.035138e-01
5.035213e-01
5.035296e-01
5.035385e-01
5.035482e-01
5.035585e-01
5.035695e-01
5.035812e-01
5.035936e-01
5.036067e-01
5.036206e-01
5.036352e-01
5.036505e-01
5.036665e-01
5.036833e-01
5.037009e-01
5.037192e-01
5.037383e-01
5.037582e-01
5.037789e-01
5.038004e-01
5.038227e-01
5.038458e-01
5.038698e-01
5.038946e-01
5.039203e-01
5.039468e-01
5.039743e-01
5.040026e-01
5.040318e-01
5.040619e-01
5.040930e-01
5.041250e-01
5.041580e-01
5.041919e-01
5.042268e-01
5.042627e-01
5.042996e-01
5.043375e-01
5.043764e-01
5.044163e-01
5.044574e-01
5.044994e-01
5.045426e-01
5.045868e-01
5.046322e-01
5.046786e-01
5.047262e-01
5.047749e-01
5.048248e-01
5.048758e-01
5.049280e-01
5.049814e-01
5.050360e-01
5.050918e-01
5.051488e-01
5.052071e-01
5.052666e-01
5.053273e-01
5.053893e-01
5.054526e-01
5.055172e-01
5.055830e-01
5.056502e-01
5.057187e-01
5.057885e-01
5.058596e-01
5.059321e-01
5.060059e-01
5.060811e-01
5.061576e-01
5.062355e-01
5.063148e-01
5.063955e-01
5.064775e-01
5.065610e-01
5.066458e-01
5.067320e-01
5.068195e-01
5.069082e-01
5.069982e-01
5.070894e-01
5.071818e-01
5.072752e-01
5.073697e-01
5.074653e-01
5.075619e-01
5.076594e-01
5.077580e-01
5.078575e-01
