5.034666e-01
5.034674e-01
5.034689e-01
5.034712e-01
5.034740e-01
5.034775e-01
5.034817e-01
5.034865e-01
5.034919e-01
5.034980e-01
5.035047e-01
5.035121e-01
5.035202e-01
5.035289e-01
5.035382e-01
5.035482e-01
5.035589e-01
5.035703e-01
5.035824e-01
5.035952e-01
5.036087e-01
5.036228e-01
5.036377e-01
5.036534e-01
5.036697e-01
5.036869e-01
5.037047e-01
5.037233e-01
5.037427e-01
5.037629e-01
5.037839e-01
5.038057e-01
5.038283e-01
5.038517e-01
5.038760e-01
5.039011e-01
5.039270e-01
5.039539e-01
5.039816e-01
5.040102e-01
5.040398e-01
5.040702e-01
5.041016e-01
5.041339e-01
5.041672e-01
5.042015e-01
5.042367e-01
5.042730e-01
5.043103e-01
5.043485e-01
5.043879e-01
5.044282e-01
5.044697e-01
5.045122e-01
5.045558e-01
5.046005e-01
5.046463e-01
5.046933e-01
5.047414e-01
5.047907e-01
5.048411e-01
5.048927e-01
5.049455e-01
5.049995e-01
5.050547e-01
5.051112e-01
5.051688e-01
5.052278e-01
5.052880e-01
5.053495e-01
5.054122e-01
5.054763e-01
5.055417e-01
5.056084e-01
5.056764e-01
5.057457e-01
5.058164e-01
5.058885e-01
5.059619e-01
5.060367e-01
5.061128e-01
5.061904e-01
5.062693e-01
5.063497e-01
5.064314e-01
5.065146e-01
5.065992e-01
5.066851e-01
5.067724e-01
5.068609e-01
5.069507e-01
5.070418e-01
5.071340e-01
5.072273e-01
5.073217e-01
5.074171e-01
5.075136e-01
5.076111e-01
5.077096e-01
5.078092e-01
