5.034836e-01
5.034844e-01
5.034860e-01
5.034883e-01
5.034913e-01
5.034950e-01
5.034994e-01
5.035045e-01
5.035102e-01
5.035166e-01
5.035237e-01
5.035315e-01
5.035400e-01
5.035491e-01
5.035590e-01
5.035696e-01
5.035809e-01
5.035929e-01
5.036056e-01
5.036191e-01
5.036333e-01
5.036483e-01
5.036639e-01
5.036804e-01
5.036976e-01
5.037156e-01
5.037344e-01
5.037539e-01
5.037743e-01
5.037954e-01
5.038174e-01
5.038402e-01
5.038639e-01
5.038884e-01
5.039137e-01
5.039399e-01
5.039670e-01
5.039950e-01
5.040239e-01
5.040537e-01
5.040844e-01
5.041161e-01
5.041486e-01
5.041822e-01
5.042167e-01
5.042522e-01
5.042887e-01
5.043262e-01
5.043647e-01
5.044042e-01
5.044448e-01
5.044864e-01
5.045291e-01
5.045729e-01
5.046177e-01
5.046637e-01
5.047107e-01
5.047589e-01
5.048082e-01
5.048587e-01
5.049103e-01
5.049630e-01
5.050170e-01
5.050721e-01
5.051285e-01
5.051860e-01
5.052448e-01
5.053048e-01
5.053661e-01
5.054286e-01
5.054924e-01
5.055574e-01
5.056237e-01
5.056914e-01
5.057603e-01
5.058305e-01
5.059021e-01
5.059749e-01
5.060491e-01
5.061247e-01
5.062016e-01
5.062798e-01
5.063594e-01
5.064404e-01
5.065227e-01
5.066064e-01
5.066915e-01
5.067779e-01
5.068656e-01
5.069546e-01
5.070448e-01
5.071362e-01
5.072287e-01
5.073222e-01
5.074168e-01
5.075125e-01
5.076091e-01
5.077067e-01
5.078053e-01
5.079048e-01
