5.034936e-01
5.034944e-01
5.034960e-01
5.034983e-01
5.035014e-01
5.035052e-01
5.035097e-01
5.035148e-01
5.035207e-01
5.035273e-01
5.035345e-01
5.035425e-01
5.035512e-01
5.035606e-01
5.035707e-01
5.035816e-01
5.035931e-01
5.036054e-01
5.036185e-01
5.036323e-01
5.036468e-01
5.036621e-01
5.036781e-01
5.036950e-01
5.037126e-01
5.037310e-01
5.037501e-01
5.037701e-01
5.037909e-01
5.038126e-01
5.038350e-01
5.038583e-01
5.038824e-01
5.039074e-01
5.039333e-01
5.039600e-01
5.039876e-01
5.040161e-01
5.040455e-01
5.040759e-01
5.041072e-01
5.041394e-01
5.041725e-01
5.042066e-01
5.042417e-01
5.042778e-01
5.043148e-01
5.043529e-01
5.043920e-01
5.044321e-01
5.044733e-01
5.045155e-01
5.045587e-01
5.046030e-01
5.046485e-01
5.046950e-01
5.047426e-01
5.047913e-01
5.048412e-01
5.048922e-01
5.049444e-01
5.049977e-01
5.050522e-01
5.051079e-01
5.051647e-01
5.052228e-01
5.052821e-01
5.053426e-01
5.054044e-01
5.054673e-01
5.055316e-01
5.055971e-01
5.056638e-01
5.057319e-01
5.058012e-01
5.058719e-01
5.059438e-01
5.060170e-01
5.060916e-01
5.061675e-01
5.062447e-01
5.063233e-01
5.064032e-01
5.064845e-01
5.065671e-01
5.066511e-01
5.067364e-01
5.068230e-01
5.069109e-01
5.070001e-01
5.070905e-01
5.071820e-01
5.072746e-01
5.073683e-01
5.074630e-01
5.075587e-01
5.076554e-01
5.077531e-01
5.078517e-01
5.079512e-01
