7.987967e-01
7.986476e-01
7.982000e-01
7.974540e-01
7.964106e-01
7.950705e-01
7.934352e-01
7.915061e-01
7.892850e-01
7.867742e-01
7.839760e-01
7.808930e-01
7.775283e-01
7.738850e-01
7.699667e-01
7.657771e-01
7.613203e-01
7.566006e-01
7.516225e-01
7.463909e-01
7.409110e-01
7.351879e-01
7.292275e-01
7.230354e-01
7.166178e-01
7.099811e-01
7.031318e-01
6.960766e-01
6.888227e-01
6.813772e-01
6.737476e-01
6.659415e-01
6.579668e-01
6.498315e-01
6.415438e-01
6.331121e-01
6.245449e-01
6.158510e-01
6.070392e-01
5.981185e-01
5.890980e-01
5.799869e-01
5.707946e-01
5.615304e-01
5.522040e-01
5.428248e-01
5.334027e-01
5.239472e-01
5.144681e-01
5.049752e-01
4.954782e-01
4.859871e-01
4.765116e-01
4.670614e-01
4.576463e-01
4.482760e-01
4.389603e-01
4.297086e-01
4.205305e-01
4.114355e-01
4.024329e-01
3.935319e-01
3.847416e-01
3.760711e-01
3.675292e-01
3.591246e-01
3.508659e-01
3.427615e-01
3.348196e-01
3.270482e-01
3.194552e-01
3.120483e-01
3.048350e-01
2.978224e-01
2.910176e-01
2.844274e-01
2.780585e-01
2.719170e-01
2.660093e-01
2.603411e-01
2.549180e-01
2.497454e-01
2.448284e-01
2.401720e-01
2.357806e-01
2.316586e-01
2.278100e-01
2.242387e-01
2.209481e-01
2.179415e-01
2.152218e-01
2.127917e-01
2.106536e-01
2.088096e-01
2.072616e-01
2.060111e-01
2.050593e-01
2.044074e-01
2.040559e-01
2.040054e-01
