5.035161e-01
5.035169e-01
5.035186e-01
5.035210e-01
5.035242e-01
5.035281e-01
5.035328e-01
5.035382e-01
5.035443e-01
5.035511e-01
5.035587e-01
5.035671e-01
5.035761e-01
5.035859e-01
5.035965e-01
5.036078e-01
5.036199e-01
5.036327e-01
5.036463e-01
5.036607e-01
5.036759e-01
5.036918e-01
5.037085e-01
5.037261e-01
5.037444e-01
5.037636e-01
5.037835e-01
5.038043e-01
5.038259e-01
5.038484e-01
5.038717e-01
5.038959e-01
5.039209e-01
5.039468e-01
5.039736e-01
5.040013e-01
5.040299e-01
5.040594e-01
5.040898e-01
5.041211e-01
5.041534e-01
5.041867e-01
5.042208e-01
5.042560e-01
5.042921e-01
5.043293e-01
5.043674e-01
5.044065e-01
5.044467e-01
5.044879e-01
5.045301e-01
5.045734e-01
5.046177e-01
5.046631e-01
5.047096e-01
5.047572e-01
5.048058e-01
5.048556e-01
5.049065e-01
5.049586e-01
5.050118e-01
5.050661e-01
5.051216e-01
5.051782e-01
5.052361e-01
5.052951e-01
5.053553e-01
5.054168e-01
5.054794e-01
5.055433e-01
5.056084e-01
5.056747e-01
5.057423e-01
5.058112e-01
5.058813e-01
5.059527e-01
5.060253e-01
5.060993e-01
5.061745e-01
5.062511e-01
5.063289e-01
5.064081e-01
5.064885e-01
5.065703e-01
5.066535e-01
5.067379e-01
5.068237e-01
5.069107e-01
5.069990e-01
5.070885e-01
5.071792e-01
5.072710e-01
5.073639e-01
5.074578e-01
5.075527e-01
5.076486e-01
5.077454e-01
5.078431e-01
5.079418e-01
5.080414e-01
