5.035044e-01
5.035052e-01
5.035069e-01
5.035092e-01
5.035124e-01
5.035162e-01
5.035208e-01
5.035261e-01
5.035321e-01
5.035388e-01
5.035462e-01
5.035544e-01
5.035633e-01
5.035729e-01
5.035832e-01
5.035943e-01
5.036061e-01
5.036187e-01
5.036320e-01
5.036461e-01
5.036610e-01
5.036766e-01
5.036930e-01
5.037102e-01
5.037282e-01
5.037470e-01
5.037665e-01
5.037869e-01
5.038082e-01
5.038302e-01
5.038531e-01
5.038768e-01
5.039014e-01
5.039269e-01
5.039532e-01
5.039805e-01
5.040086e-01
5.040376e-01
5.040675e-01
5.040984e-01
5.041302e-01
5.041629e-01
5.041966e-01
5.042312e-01
5.042669e-01
5.043035e-01
5.043411e-01
5.043797e-01
5.044193e-01
5.044600e-01
5.045017e-01
5.045444e-01
5.045882e-01
5.046331e-01
5.046791e-01
5.047262e-01
5.047743e-01
5.048236e-01
5.048740e-01
5.049255e-01
5.049782e-01
5.050320e-01
5.050870e-01
5.051432e-01
5.052006e-01
5.052592e-01
5.053189e-01
5.053799e-01
5.054421e-01
5.055055e-01
5.055702e-01
5.056362e-01
5.057034e-01
5.057718e-01
5.058415e-01
5.059126e-01
5.059849e-01
5.060585e-01
5.061334e-01
5.062096e-01
5.062872e-01
5.063660e-01
5.064462e-01
5.065278e-01
5.066107e-01
5.066949e-01
5.067804e-01
5.068673e-01
5.069554e-01
5.070447e-01
5.071353e-01
5.072269e-01
5.073197e-01
5.074135e-01
5.075083e-01
5.076041e-01
5.077008e-01
5.077985e-01
5.078972e-01
5.079967e-01
