5.035418e-01
5.035426e-01
5.035444e-01
5.035469e-01
5.035502e-01
5.035542e-01
5.035591e-01
5.035647e-01
5.035710e-01
5.035781e-01
5.035860e-01
5.035946e-01
5.036041e-01
5.036142e-01
5.036252e-01
5.036370e-01
5.036495e-01
5.036628e-01
5.036769e-01
5.036918e-01
5.037076e-01
5.037241e-01
5.037414e-01
5.037596e-01
5.037786e-01
5.037984e-01
5.038191e-01
5.038406e-01
5.038630e-01
5.038862e-01
5.039103e-01
5.039352e-01
5.039611e-01
5.039878e-01
5.040155e-01
5.040440e-01
5.040735e-01
5.041039e-01
5.041352e-01
5.041674e-01
5.042006e-01
5.042348e-01
5.042699e-01
5.043061e-01
5.043431e-01
5.043812e-01
5.044203e-01
5.044604e-01
5.045015e-01
5.045437e-01
5.045869e-01
5.046311e-01
5.046764e-01
5.047228e-01
5.047703e-01
5.048188e-01
5.048684e-01
5.049191e-01
5.049710e-01
5.050240e-01
5.050781e-01
5.051333e-01
5.051897e-01
5.052472e-01
5.053060e-01
5.053658e-01
5.054269e-01
5.054892e-01
5.055526e-01
5.056173e-01
5.056832e-01
5.057503e-01
5.058186e-01
5.058882e-01
5.059590e-01
5.060311e-01
5.061044e-01
5.061790e-01
5.062549e-01
5.063320e-01
5.064104e-01
5.064901e-01
5.065711e-01
5.066534e-01
5.067370e-01
5.068218e-01
5.069080e-01
5.069954e-01
5.070841e-01
5.071739e-01
5.072649e-01
5.073569e-01
5.074501e-01
5.075442e-01
5.076392e-01
5.077352e-01
5.078322e-01
5.079300e-01
5.080287e-01
5.081283e-01
