5.035286e-01
5.035294e-01
5.035311e-01
5.035336e-01
5.035368e-01
5.035408e-01
5.035455e-01
5.035510e-01
5.035573e-01
5.035643e-01
5.035720e-01
5.035805e-01
5.035897e-01
5.035997e-01
5.036105e-01
5.036220e-01
5.036344e-01
5.036474e-01
5.036613e-01
5.036760e-01
5.036914e-01
5.037077e-01
5.037247e-01
5.037426e-01
5.037612e-01
5.037807e-01
5.038010e-01
5.038222e-01
5.038442e-01
5.038671e-01
5.038908e-01
5.039153e-01
5.039408e-01
5.039671e-01
5.039944e-01
5.040225e-01
5.040515e-01
5.040815e-01
5.041124e-01
5.041442e-01
5.041769e-01
5.042106e-01
5.042453e-01
5.042810e-01
5.043176e-01
5.043552e-01
5.043938e-01
5.044334e-01
5.044741e-01
5.045158e-01
5.045585e-01
5.046023e-01
5.046471e-01
5.046930e-01
5.047400e-01
5.047880e-01
5.048372e-01
5.048875e-01
5.049389e-01
5.049914e-01
5.050450e-01
5.050998e-01
5.051558e-01
5.052129e-01
5.052712e-01
5.053307e-01
5.053913e-01
5.054532e-01
5.055162e-01
5.055805e-01
5.056460e-01
5.057127e-01
5.057807e-01
5.058499e-01
5.059204e-01
5.059921e-01
5.060652e-01
5.061394e-01
5.062150e-01
5.062918e-01
5.063700e-01
5.064494e-01
5.065301e-01
5.066122e-01
5.066956e-01
5.067802e-01
5.068662e-01
5.069534e-01
5.070419e-01
5.071316e-01
5.072224e-01
5.073144e-01
5.074074e-01
5.075014e-01
5.075964e-01
5.076923e-01
5.077892e-01
5.078869e-01
5.079856e-01
5.080852e-01
