5.035558e-01
5.035566e-01
5.035584e-01
5.035609e-01
5.035643e-01
5.035684e-01
5.035733e-01
5.035790e-01
5.035854e-01
5.035927e-01
5.036007e-01
5.036095e-01
5.036191e-01
5.036294e-01
5.036406e-01
5.036525e-01
5.036653e-01
5.036788e-01
5.036932e-01
5.037083e-01
5.037243e-01
5.037411e-01
5.037587e-01
5.037772e-01
5.037965e-01
5.038166e-01
5.038376e-01
5.038595e-01
5.038822e-01
5.039058e-01
5.039302e-01
5.039555e-01
5.039818e-01
5.040089e-01
5.040369e-01
5.040659e-01
5.040957e-01
5.041265e-01
5.041583e-01
5.041910e-01
5.042246e-01
5.042592e-01
5.042948e-01
5.043313e-01
5.043688e-01
5.044074e-01
5.044469e-01
5.044874e-01
5.045290e-01
5.045716e-01
5.046153e-01
5.046600e-01
5.047057e-01
5.047525e-01
5.048004e-01
5.048494e-01
5.048995e-01
5.049506e-01
5.050029e-01
5.050563e-01
5.051108e-01
5.051665e-01
5.052233e-01
5.052813e-01
5.053404e-01
5.054007e-01
5.054622e-01
5.055248e-01
5.055886e-01
5.056537e-01
5.057199e-01
5.057874e-01
5.058561e-01
5.059260e-01
5.059971e-01
5.060695e-01
5.061431e-01
5.062180e-01
5.062941e-01
5.063716e-01
5.064502e-01
5.065302e-01
5.066114e-01
5.066939e-01
5.067777e-01
5.068628e-01
5.069491e-01
5.070367e-01
5.071256e-01
5.072155e-01
5.073066e-01
5.073988e-01
5.074920e-01
5.075862e-01
5.076814e-01
5.077775e-01
5.078744e-01
5.079723e-01
5.080710e-01
5.081706e-01
