5.035705e-01
5.035713e-01
5.035731e-01
5.035757e-01
5.035790e-01
5.035832e-01
5.035882e-01
5.035940e-01
5.036005e-01
5.036079e-01
5.036160e-01
5.036250e-01
5.036347e-01
5.036452e-01
5.036566e-01
5.036687e-01
5.036816e-01
5.036954e-01
5.037100e-01
5.037254e-01
5.037416e-01
5.037587e-01
5.037766e-01
5.037953e-01
5.038149e-01
5.038353e-01
5.038566e-01
5.038788e-01
5.039018e-01
5.039257e-01
5.039505e-01
5.039762e-01
5.040028e-01
5.040303e-01
5.040587e-01
5.040880e-01
5.041183e-01
5.041495e-01
5.041816e-01
5.042147e-01
5.042487e-01
5.042837e-01
5.043197e-01
5.043567e-01
5.043946e-01
5.044336e-01
5.044736e-01
5.045145e-01
5.045565e-01
5.045996e-01
5.046436e-01
5.046887e-01
5.047349e-01
5.047822e-01
5.048305e-01
5.048799e-01
5.049304e-01
5.049820e-01
5.050347e-01
5.050885e-01
5.051434e-01
5.051995e-01
5.052567e-01
5.053150e-01
5.053745e-01
5.054352e-01
5.054970e-01
5.055601e-01
5.056243e-01
5.056897e-01
5.057562e-01
5.058240e-01
5.058930e-01
5.059633e-01
5.060347e-01
5.061074e-01
5.061813e-01
5.062565e-01
5.063329e-01
5.064106e-01
5.064895e-01
5.065697e-01
5.066511e-01
5.067338e-01
5.068178e-01
5.069031e-01
5.069896e-01
5.070774e-01
5.071664e-01
5.072565e-01
5.073477e-01
5.074400e-01
5.075333e-01
5.076276e-01
5.077228e-01
5.078190e-01
5.079160e-01
5.080139e-01
5.081126e-01
5.082122e-01
