5.036018e-01
5.036026e-01
5.036044e-01
5.036071e-01
5.036106e-01
5.036149e-01
5.036200e-01
5.036259e-01
5.036326e-01
5.036402e-01
5.036486e-01
5.036578e-01
5.036678e-01
5.036786e-01
5.036903e-01
5.037028e-01
5.037161e-01
5.037302e-01
5.037452e-01
5.037611e-01
5.037778e-01
5.037953e-01
5.038137e-01
5.038330e-01
5.038531e-01
5.038741e-01
5.038960e-01
5.039187e-01
5.039424e-01
5.039669e-01
5.039923e-01
5.040187e-01
5.040459e-01
5.040741e-01
5.041032e-01
5.041332e-01
5.041642e-01
5.041961e-01
5.042290e-01
5.042628e-01
5.042976e-01
5.043334e-01
5.043701e-01
5.044079e-01
5.044466e-01
5.044863e-01
5.045271e-01
5.045688e-01
5.046116e-01
5.046555e-01
5.047003e-01
5.047462e-01
5.047932e-01
5.048412e-01
5.048903e-01
5.049405e-01
5.049918e-01
5.050442e-01
5.050976e-01
5.051522e-01
5.052079e-01
5.052647e-01
5.053226e-01
5.053817e-01
5.054419e-01
5.055033e-01
5.055658e-01
5.056295e-01
5.056944e-01
5.057605e-01
5.058277e-01
5.058961e-01
5.059657e-01
5.060365e-01
5.061086e-01
5.061818e-01
5.062563e-01
5.063319e-01
5.064088e-01
5.064870e-01
5.065664e-01
5.066470e-01
5.067289e-01
5.068120e-01
5.068964e-01
5.069820e-01
5.070689e-01
5.071569e-01
5.072462e-01
5.073366e-01
5.074280e-01
5.075205e-01
5.076140e-01
5.077085e-01
5.078038e-01
5.079001e-01
5.079972e-01
5.080951e-01
5.081939e-01
5.082935e-01
