5.035858e-01
5.035867e-01
5.035884e-01
5.035910e-01
5.035945e-01
5.035987e-01
5.036038e-01
5.036096e-01
5.036163e-01
5.036237e-01
5.036320e-01
5.036411e-01
5.036509e-01
5.036616e-01
5.036731e-01
5.036854e-01
5.036986e-01
5.037126e-01
5.037273e-01
5.037430e-01
5.037594e-01
5.037767e-01
5.037949e-01
5.038139e-01
5.038338e-01
5.038545e-01
5.038761e-01
5.038985e-01
5.039219e-01
5.039461e-01
5.039713e-01
5.039973e-01
5.040242e-01
5.040521e-01
5.040808e-01
5.041105e-01
5.041411e-01
5.041727e-01
5.042052e-01
5.042387e-01
5.042731e-01
5.043085e-01
5.043449e-01
5.043822e-01
5.044206e-01
5.044599e-01
5.045003e-01
5.045417e-01
5.045841e-01
5.046275e-01
5.046720e-01
5.047175e-01
5.047641e-01
5.048117e-01
5.048605e-01
5.049103e-01
5.049611e-01
5.050131e-01
5.050662e-01
5.051204e-01
5.051757e-01
5.052322e-01
5.052898e-01
5.053485e-01
5.054084e-01
5.054694e-01
5.055316e-01
5.055950e-01
5.056595e-01
5.057252e-01
5.057922e-01
5.058603e-01
5.059296e-01
5.060001e-01
5.060719e-01
5.061448e-01
5.062190e-01
5.062945e-01
5.063711e-01
5.064490e-01
5.065282e-01
5.066086e-01
5.066903e-01
5.067732e-01
5.068574e-01
5.069428e-01
5.070295e-01
5.071175e-01
5.072066e-01
5.072968e-01
5.073882e-01
5.074806e-01
5.075740e-01
5.076684e-01
5.077637e-01
5.078598e-01
5.079569e-01
5.080548e-01
5.081536e-01
5.082532e-01
