5.036355e-01
5.036363e-01
5.036382e-01
5.036409e-01
5.036444e-01
5.036488e-01
5.036541e-01
5.036601e-01
5.036671e-01
5.036748e-01
5.036834e-01
5.036928e-01
5.037031e-01
5.037142e-01
5.037262e-01
5.037390e-01
5.037526e-01
5.037671e-01
5.037825e-01
5.037988e-01
5.038159e-01
5.038338e-01
5.038527e-01
5.038724e-01
5.038930e-01
5.039145e-01
5.039369e-01
5.039602e-01
5.039844e-01
5.040095e-01
5.040355e-01
5.040625e-01
5.040903e-01
5.041191e-01
5.041488e-01
5.041795e-01
5.042111e-01
5.042437e-01
5.042772e-01
5.043117e-01
5.043472e-01
5.043837e-01
5.044211e-01
5.044595e-01
5.044990e-01
5.045394e-01
5.045809e-01
5.046233e-01
5.046668e-01
5.047114e-01
5.047570e-01
5.048036e-01
5.048513e-01
5.049000e-01
5.049498e-01
5.050007e-01
5.050527e-01
5.051058e-01
5.051599e-01
5.052152e-01
5.052716e-01
5.053290e-01
5.053877e-01
5.054474e-01
5.055083e-01
5.055703e-01
5.056334e-01
5.056977e-01
5.057632e-01
5.058299e-01
5.058977e-01
5.059666e-01
5.060368e-01
5.061082e-01
5.061807e-01
5.062545e-01
5.063294e-01
5.064055e-01
5.064829e-01
5.065615e-01
5.066413e-01
5.067223e-01
5.068046e-01
5.068880e-01
5.069728e-01
5.070587e-01
5.071459e-01
5.072342e-01
5.073237e-01
5.074143e-01
5.075060e-01
5.075987e-01
5.076924e-01
5.077870e-01
5.078825e-01
5.079788e-01
5.080760e-01
5.081740e-01
5.082728e-01
5.083724e-01
