5.036183e-01
5.036192e-01
5.036210e-01
5.036237e-01
5.036272e-01
5.036316e-01
5.036367e-01
5.036428e-01
5.036496e-01
5.036572e-01
5.036657e-01
5.036750e-01
5.036852e-01
5.036962e-01
5.037080e-01
5.037206e-01
5.037341e-01
5.037485e-01
5.037636e-01
5.037797e-01
5.037966e-01
5.038143e-01
5.038330e-01
5.038525e-01
5.038729e-01
5.038941e-01
5.039162e-01
5.039393e-01
5.039632e-01
5.039880e-01
5.040138e-01
5.040404e-01
5.040680e-01
5.040965e-01
5.041259e-01
5.041562e-01
5.041875e-01
5.042198e-01
5.042530e-01
5.042872e-01
5.043223e-01
5.043584e-01
5.043955e-01
5.044336e-01
5.044727e-01
5.045128e-01
5.045539e-01
5.045961e-01
5.046392e-01
5.046834e-01
5.047287e-01
5.047749e-01
5.048223e-01
5.048707e-01
5.049201e-01
5.049707e-01
5.050223e-01
5.050750e-01
5.051289e-01
5.051838e-01
5.052398e-01
5.052970e-01
5.053553e-01
5.054147e-01
5.054752e-01
5.055369e-01
5.055998e-01
5.056638e-01
5.057290e-01
5.057953e-01
5.058628e-01
5.059316e-01
5.060015e-01
5.060725e-01
5.061448e-01
5.062183e-01
5.062930e-01
5.063690e-01
5.064461e-01
5.065245e-01
5.066041e-01
5.066849e-01
5.067670e-01
5.068503e-01
5.069348e-01
5.070206e-01
5.071076e-01
5.071958e-01
5.072852e-01
5.073757e-01
5.074673e-01
5.075599e-01
5.076535e-01
5.077480e-01
5.078434e-01
5.079397e-01
5.080369e-01
5.081349e-01
5.082337e-01
5.083333e-01
