5.036531e-01
5.036540e-01
5.036558e-01
5.036586e-01
5.036622e-01
5.036666e-01
5.036719e-01
5.036781e-01
5.036851e-01
5.036929e-01
5.037016e-01
5.037111e-01
5.037215e-01
5.037328e-01
5.037448e-01
5.037578e-01
5.037716e-01
5.037863e-01
5.038019e-01
5.038183e-01
5.038356e-01
5.038537e-01
5.038728e-01
5.038927e-01
5.039136e-01
5.039353e-01
5.039580e-01
5.039815e-01
5.040059e-01
5.040313e-01
5.040576e-01
5.040848e-01
5.041129e-01
5.041420e-01
5.041720e-01
5.042030e-01
5.042349e-01
5.042678e-01
5.043016e-01
5.043364e-01
5.043722e-01
5.044090e-01
5.044468e-01
5.044855e-01
5.045253e-01
5.045661e-01
5.046078e-01
5.046507e-01
5.046945e-01
5.047394e-01
5.047853e-01
5.048322e-01
5.048803e-01
5.049293e-01
5.049795e-01
5.050307e-01
5.050830e-01
5.051364e-01
5.051909e-01
5.052464e-01
5.053031e-01
5.053609e-01
5.054198e-01
5.054799e-01
5.055411e-01
5.056034e-01
5.056668e-01
5.057314e-01
5.057972e-01
5.058641e-01
5.059322e-01
5.060014e-01
5.060718e-01
5.061434e-01
5.062162e-01
5.062902e-01
5.063654e-01
5.064417e-01
5.065193e-01
5.065981e-01
5.066781e-01
5.067593e-01
5.068417e-01
5.069253e-01
5.070102e-01
5.070963e-01
5.071836e-01
5.072721e-01
5.073617e-01
5.074524e-01
5.075442e-01
5.076370e-01
5.077307e-01
5.078254e-01
5.079210e-01
5.080174e-01
5.081146e-01
5.082126e-01
5.083114e-01
5.084111e-01
