5.036713e-01
5.036722e-01
5.036740e-01
5.036768e-01
5.036804e-01
5.036849e-01
5.036903e-01
5.036965e-01
5.037036e-01
5.037115e-01
5.037203e-01
5.037299e-01
5.037404e-01
5.037518e-01
5.037640e-01
5.037771e-01
5.037911e-01
5.038059e-01
5.038216e-01
5.038382e-01
5.038557e-01
5.038741e-01
5.038933e-01
5.039135e-01
5.039345e-01
5.039565e-01
5.039793e-01
5.040031e-01
5.040278e-01
5.040534e-01
5.040799e-01
5.041074e-01
5.041358e-01
5.041652e-01
5.041955e-01
5.042267e-01
5.042589e-01
5.042921e-01
5.043262e-01
5.043613e-01
5.043974e-01
5.044345e-01
5.044726e-01
5.045116e-01
5.045517e-01
5.045928e-01
5.046349e-01
5.046780e-01
5.047222e-01
5.047674e-01
5.048136e-01
5.048609e-01
5.049092e-01
5.049586e-01
5.050090e-01
5.050606e-01
5.051132e-01
5.051669e-01
5.052217e-01
5.052775e-01
5.053345e-01
5.053926e-01
5.054518e-01
5.055122e-01
5.055736e-01
5.056362e-01
5.056999e-01
5.057648e-01
5.058308e-01
5.058980e-01
5.059663e-01
5.060358e-01
5.061065e-01
5.061783e-01
5.062513e-01
5.063255e-01
5.064009e-01
5.064775e-01
5.065553e-01
5.066342e-01
5.067144e-01
5.067958e-01
5.068784e-01
5.069622e-01
5.070472e-01
5.071335e-01
5.072209e-01
5.073095e-01
5.073992e-01
5.074900e-01
5.075819e-01
5.076748e-01
5.077686e-01
5.078633e-01
5.079589e-01
5.080554e-01
5.081526e-01
5.082507e-01
5.083496e-01
5.084492e-01
