7.841948e-01
7.840527e-01
7.836261e-01
7.829151e-01
7.819206e-01
7.806435e-01
7.790850e-01
7.772466e-01
7.751302e-01
7.727376e-01
7.700714e-01
7.671341e-01
7.639285e-01
7.604578e-01
7.567253e-01
7.527348e-01
7.484901e-01
7.439954e-01
7.392552e-01
7.342740e-01
7.290569e-01
7.236089e-01
7.179354e-01
7.120421e-01
7.059348e-01
6.996197e-01
6.931029e-01
6.863910e-01
6.794907e-01
6.724090e-01
6.651528e-01
6.577296e-01
6.501468e-01
6.424120e-01
6.345331e-01
6.265180e-01
6.183748e-01
6.101118e-01
6.017374e-01
5.932601e-01
5.846886e-01
5.760315e-01
5.672978e-01
5.584963e-01
5.496360e-01
5.407261e-01
5.317755e-01
5.227936e-01
5.137894e-01
5.047723e-01
4.957514e-01
4.867361e-01
4.777356e-01
4.687591e-01
4.598158e-01
4.509149e-01
4.420656e-01
4.332768e-01
4.245576e-01
4.159170e-01
4.073637e-01
3.989065e-01
3.905541e-01
3.823150e-01
3.741975e-01
3.662100e-01
3.583606e-01
3.506573e-01
3.431078e-01
3.357199e-01
3.285010e-01
3.214585e-01
3.145994e-01
3.079307e-01
3.014592e-01
2.951912e-01
2.891332e-01
2.832912e-01
2.776710e-01
2.722784e-01
2.671188e-01
2.621972e-01
2.575187e-01
2.530878e-01
2.489091e-01
2.449867e-01
2.413246e-01
2.379263e-01
2.347953e-01
2.319347e-01
2.293474e-01
2.270360e-01
2.250027e-01
2.232498e-01
2.217788e-01
2.205915e-01
2.196889e-01
2.190721e-01
2.187417e-01
2.186982e-01
