5.036900e-01
5.036909e-01
5.036927e-01
5.036955e-01
5.036992e-01
5.037037e-01
5.037091e-01
5.037154e-01
5.037225e-01
5.037305e-01
5.037394e-01
5.037491e-01
5.037598e-01
5.037712e-01
5.037836e-01
5.037968e-01
5.038109e-01
5.038259e-01
5.038418e-01
5.038585e-01
5.038762e-01
5.038948e-01
5.039142e-01
5.039345e-01
5.039558e-01
5.039780e-01
5.040010e-01
5.040250e-01
5.040500e-01
5.040758e-01
5.041026e-01
5.041303e-01
5.041590e-01
5.041886e-01
5.042191e-01
5.042506e-01
5.042831e-01
5.043166e-01
5.043510e-01
5.043864e-01
5.044227e-01
5.044601e-01
5.044985e-01
5.045378e-01
5.045782e-01
5.046196e-01
5.046620e-01
5.047054e-01
5.047499e-01
5.047953e-01
5.048419e-01
5.048895e-01
5.049381e-01
5.049878e-01
5.050385e-01
5.050904e-01
5.051433e-01
5.051973e-01
5.052523e-01
5.053085e-01
5.053658e-01
5.054242e-01
5.054836e-01
5.055442e-01
5.056060e-01
5.056688e-01
5.057328e-01
5.057979e-01
5.058642e-01
5.059316e-01
5.060002e-01
5.060699e-01
5.061408e-01
5.062129e-01
5.062861e-01
5.063605e-01
5.064361e-01
5.065129e-01
5.065909e-01
5.066700e-01
5.067504e-01
5.068319e-01
5.069147e-01
5.069986e-01
5.070838e-01
5.071702e-01
5.072577e-01
5.073464e-01
5.074363e-01
5.075272e-01
5.076192e-01
5.077121e-01
5.078060e-01
5.079008e-01
5.079964e-01
5.080929e-01
5.081902e-01
5.082883e-01
5.083872e-01
5.084868e-01
