5.037091e-01
5.037100e-01
5.037119e-01
5.037147e-01
5.037184e-01
5.037230e-01
5.037284e-01
5.037348e-01
5.037420e-01
5.037500e-01
5.037590e-01
5.037688e-01
5.037795e-01
5.037911e-01
5.038036e-01
5.038169e-01
5.038312e-01
5.038463e-01
5.038623e-01
5.038793e-01
5.038971e-01
5.039158e-01
5.039354e-01
5.039560e-01
5.039774e-01
5.039998e-01
5.040231e-01
5.040473e-01
5.040724e-01
5.040985e-01
5.041255e-01
5.041535e-01
5.041824e-01
5.042122e-01
5.042430e-01
5.042748e-01
5.043075e-01
5.043412e-01
5.043759e-01
5.044116e-01
5.044482e-01
5.044858e-01
5.045245e-01
5.045641e-01
5.046048e-01
5.046464e-01
5.046891e-01
5.047328e-01
5.047776e-01
5.048233e-01
5.048702e-01
5.049180e-01
5.049669e-01
5.050169e-01
5.050680e-01
5.051201e-01
5.051733e-01
5.052275e-01
5.052829e-01
5.053393e-01
5.053969e-01
5.054555e-01
5.055153e-01
5.055761e-01
5.056381e-01
5.057012e-01
5.057655e-01
5.058308e-01
5.058973e-01
5.059650e-01
5.060338e-01
5.061038e-01
5.061749e-01
5.062471e-01
5.063206e-01
5.063952e-01
5.064710e-01
5.065479e-01
5.066261e-01
5.067054e-01
5.067859e-01
5.068676e-01
5.069505e-01
5.070346e-01
5.071199e-01
5.072064e-01
5.072941e-01
5.073829e-01
5.074729e-01
5.075639e-01
5.076559e-01
5.077490e-01
5.078429e-01
5.079378e-01
5.080335e-01
5.081300e-01
5.082273e-01
5.083254e-01
5.084243e-01
5.085239e-01
