5.037487e-01
5.037496e-01
5.037515e-01
5.037543e-01
5.037581e-01
5.037627e-01
5.037683e-01
5.037747e-01
5.037821e-01
5.037903e-01
5.037994e-01
5.038094e-01
5.038203e-01
5.038321e-01
5.038448e-01
5.038584e-01
5.038729e-01
5.038883e-01
5.039046e-01
5.039218e-01
5.039399e-01
5.039590e-01
5.039789e-01
5.039998e-01
5.040216e-01
5.040443e-01
5.040680e-01
5.040926e-01
5.041182e-01
5.041447e-01
5.041721e-01
5.042005e-01
5.042298e-01
5.042601e-01
5.042914e-01
5.043236e-01
5.043568e-01
5.043910e-01
5.044262e-01
5.044624e-01
5.044995e-01
5.045377e-01
5.045768e-01
5.046170e-01
5.046581e-01
5.047003e-01
5.047435e-01
5.047878e-01
5.048330e-01
5.048793e-01
5.049267e-01
5.049751e-01
5.050245e-01
5.050750e-01
5.051266e-01
5.051792e-01
5.052329e-01
5.052877e-01
5.053436e-01
5.054006e-01
5.054586e-01
5.055177e-01
5.055780e-01
5.056393e-01
5.057018e-01
5.057654e-01
5.058301e-01
5.058959e-01
5.059629e-01
5.060310e-01
5.061002e-01
5.061706e-01
5.062421e-01
5.063148e-01
5.063886e-01
5.064636e-01
5.065397e-01
5.066170e-01
5.066955e-01
5.067751e-01
5.068560e-01
5.069380e-01
5.070212e-01
5.071055e-01
5.071911e-01
5.072778e-01
5.073657e-01
5.074547e-01
5.075449e-01
5.076361e-01
5.077283e-01
5.078214e-01
5.079155e-01
5.080105e-01
5.081063e-01
5.082029e-01
5.083003e-01
5.083984e-01
5.084973e-01
5.085969e-01
