5.037287e-01
5.037296e-01
5.037315e-01
5.037343e-01
5.037380e-01
5.037426e-01
5.037482e-01
5.037545e-01
5.037618e-01
5.037700e-01
5.037790e-01
5.037889e-01
5.037997e-01
5.038114e-01
5.038240e-01
5.038375e-01
5.038518e-01
5.038671e-01
5.038833e-01
5.039004e-01
5.039183e-01
5.039372e-01
5.039570e-01
5.039777e-01
5.039994e-01
5.040219e-01
5.040454e-01
5.040698e-01
5.040952e-01
5.041215e-01
5.041487e-01
5.041769e-01
5.042060e-01
5.042361e-01
5.042671e-01
5.042991e-01
5.043321e-01
5.043660e-01
5.044010e-01
5.044369e-01
5.044738e-01
5.045117e-01
5.045506e-01
5.045905e-01
5.046314e-01
5.046734e-01
5.047163e-01
5.047603e-01
5.048053e-01
5.048513e-01
5.048984e-01
5.049466e-01
5.049958e-01
5.050460e-01
5.050973e-01
5.051497e-01
5.052031e-01
5.052577e-01
5.053133e-01
5.053700e-01
5.054278e-01
5.054867e-01
5.055467e-01
5.056078e-01
5.056701e-01
5.057334e-01
5.057979e-01
5.058635e-01
5.059302e-01
5.059981e-01
5.060671e-01
5.061373e-01
5.062086e-01
5.062811e-01
5.063547e-01
5.064295e-01
5.065055e-01
5.065826e-01
5.066610e-01
5.067404e-01
5.068211e-01
5.069030e-01
5.069860e-01
5.070703e-01
5.071557e-01
5.072423e-01
5.073301e-01
5.074190e-01
5.075091e-01
5.076002e-01
5.076923e-01
5.077854e-01
5.078794e-01
5.079743e-01
5.080701e-01
5.081667e-01
5.082640e-01
5.083621e-01
5.084610e-01
5.085607e-01
