5.037898e-01
5.037907e-01
5.037927e-01
5.037956e-01
5.037994e-01
5.038041e-01
5.038097e-01
5.038163e-01
5.038237e-01
5.038321e-01
5.038413e-01
5.038515e-01
5.038625e-01
5.038745e-01
5.038874e-01
5.039012e-01
5.039159e-01
5.039316e-01
5.039481e-01
5.039656e-01
5.039840e-01
5.040033e-01
5.040236e-01
5.040448e-01
5.040669e-01
5.040900e-01
5.041140e-01
5.041390e-01
5.041649e-01
5.041918e-01
5.042196e-01
5.042484e-01
5.042781e-01
5.043088e-01
5.043405e-01
5.043732e-01
5.044068e-01
5.044415e-01
5.044771e-01
5.045137e-01
5.045513e-01
5.045899e-01
5.046295e-01
5.046702e-01
5.047118e-01
5.047545e-01
5.047981e-01
5.048429e-01
5.048886e-01
5.049354e-01
5.049832e-01
5.050321e-01
5.050820e-01
5.051330e-01
5.051850e-01
5.052381e-01
5.052923e-01
5.053476e-01
5.054039e-01
5.054613e-01
5.055198e-01
5.055794e-01
5.056401e-01
5.057019e-01
5.057648e-01
5.058288e-01
5.058939e-01
5.059602e-01
5.060275e-01
5.060960e-01
5.061656e-01
5.062364e-01
5.063083e-01
5.063813e-01
5.064555e-01
5.065308e-01
5.066073e-01
5.066849e-01
5.067637e-01
5.068436e-01
5.069247e-01
5.070070e-01
5.070904e-01
5.071750e-01
5.072608e-01
5.073477e-01
5.074358e-01
5.075250e-01
5.076153e-01
5.077067e-01
5.077990e-01
5.078923e-01
5.079865e-01
5.080816e-01
5.081775e-01
5.082742e-01
5.083716e-01
5.084698e-01
5.085687e-01
5.086683e-01
