5.037691e-01
5.037700e-01
5.037719e-01
5.037748e-01
5.037785e-01
5.037832e-01
5.037888e-01
5.037953e-01
5.038027e-01
5.038110e-01
5.038202e-01
5.038303e-01
5.038412e-01
5.038531e-01
5.038659e-01
5.038796e-01
5.038942e-01
5.039098e-01
5.039262e-01
5.039435e-01
5.039618e-01
5.039810e-01
5.040011e-01
5.040222e-01
5.040441e-01
5.040670e-01
5.040909e-01
5.041157e-01
5.041414e-01
5.041681e-01
5.041957e-01
5.042243e-01
5.042539e-01
5.042844e-01
5.043159e-01
5.043483e-01
5.043818e-01
5.044162e-01
5.044516e-01
5.044880e-01
5.045254e-01
5.045637e-01
5.046031e-01
5.046435e-01
5.046849e-01
5.047274e-01
5.047708e-01
5.048153e-01
5.048608e-01
5.049074e-01
5.049550e-01
5.050036e-01
5.050533e-01
5.051040e-01
5.051558e-01
5.052087e-01
5.052627e-01
5.053177e-01
5.053738e-01
5.054310e-01
5.054893e-01
5.055486e-01
5.056091e-01
5.056707e-01
5.057334e-01
5.057972e-01
5.058621e-01
5.059281e-01
5.059953e-01
5.060636e-01
5.061330e-01
5.062036e-01
5.062753e-01
5.063482e-01
5.064222e-01
5.064973e-01
5.065736e-01
5.066511e-01
5.067297e-01
5.068095e-01
5.068905e-01
5.069726e-01
5.070559e-01
5.071404e-01
5.072261e-01
5.073129e-01
5.074009e-01
5.074901e-01
5.075803e-01
5.076716e-01
5.077638e-01
5.078571e-01
5.079512e-01
5.080462e-01
5.081421e-01
5.082387e-01
5.083361e-01
5.084343e-01
5.085332e-01
5.086328e-01
