5.038324e-01
5.038334e-01
5.038353e-01
5.038382e-01
5.038421e-01
5.038469e-01
5.038526e-01
5.038592e-01
5.038668e-01
5.038752e-01
5.038846e-01
5.038949e-01
5.039061e-01
5.039183e-01
5.039313e-01
5.039453e-01
5.039603e-01
5.039761e-01
5.039929e-01
5.040106e-01
5.040293e-01
5.040489e-01
5.040694e-01
5.040909e-01
5.041133e-01
5.041367e-01
5.041610e-01
5.041863e-01
5.042126e-01
5.042398e-01
5.042679e-01
5.042971e-01
5.043272e-01
5.043583e-01
5.043903e-01
5.044234e-01
5.044574e-01
5.044925e-01
5.045285e-01
5.045655e-01
5.046035e-01
5.046425e-01
5.046826e-01
5.047236e-01
5.047657e-01
5.048088e-01
5.048529e-01
5.048980e-01
5.049442e-01
5.049914e-01
5.050397e-01
5.050890e-01
5.051394e-01
5.051908e-01
5.052432e-01
5.052968e-01
5.053514e-01
5.054071e-01
5.054638e-01
5.055216e-01
5.055806e-01
5.056406e-01
5.057017e-01
5.057638e-01
5.058271e-01
5.058915e-01
5.059570e-01
5.060236e-01
5.060914e-01
5.061602e-01
5.062302e-01
5.063013e-01
5.063735e-01
5.064468e-01
5.065213e-01
5.065969e-01
5.066737e-01
5.067516e-01
5.068307e-01
5.069109e-01
5.069922e-01
5.070747e-01
5.071584e-01
5.072432e-01
5.073292e-01
5.074163e-01
5.075046e-01
5.075940e-01
5.076845e-01
5.077759e-01
5.078684e-01
5.079618e-01
5.080561e-01
5.081513e-01
5.082473e-01
5.083440e-01
5.084415e-01
5.085397e-01
5.086386e-01
5.087383e-01
