5.038110e-01
5.038119e-01
5.038138e-01
5.038167e-01
5.038206e-01
5.038253e-01
5.038310e-01
5.038376e-01
5.038451e-01
5.038535e-01
5.038628e-01
5.038730e-01
5.038842e-01
5.038962e-01
5.039092e-01
5.039231e-01
5.039379e-01
5.039537e-01
5.039704e-01
5.039880e-01
5.040065e-01
5.040260e-01
5.040464e-01
5.040677e-01
5.040900e-01
5.041132e-01
5.041374e-01
5.041625e-01
5.041886e-01
5.042157e-01
5.042437e-01
5.042726e-01
5.043026e-01
5.043335e-01
5.043654e-01
5.043982e-01
5.044321e-01
5.044669e-01
5.045027e-01
5.045395e-01
5.045774e-01
5.046162e-01
5.046560e-01
5.046969e-01
5.047387e-01
5.047816e-01
5.048255e-01
5.048704e-01
5.049164e-01
5.049634e-01
5.050115e-01
5.050605e-01
5.051107e-01
5.051619e-01
5.052142e-01
5.052675e-01
5.053219e-01
5.053774e-01
5.054339e-01
5.054915e-01
5.055502e-01
5.056100e-01
5.056709e-01
5.057329e-01
5.057960e-01
5.058602e-01
5.059256e-01
5.059920e-01
5.060595e-01
5.061282e-01
5.061980e-01
5.062689e-01
5.063410e-01
5.064142e-01
5.064885e-01
5.065640e-01
5.066406e-01
5.067184e-01
5.067973e-01
5.068774e-01
5.069586e-01
5.070410e-01
5.071245e-01
5.072093e-01
5.072951e-01
5.073822e-01
5.074704e-01
5.075597e-01
5.076501e-01
5.077415e-01
5.078339e-01
5.079273e-01
5.080215e-01
5.081166e-01
5.082125e-01
5.083092e-01
5.084067e-01
5.085049e-01
5.086038e-01
5.087035e-01
