5.038542e-01
5.038552e-01
5.038571e-01
5.038601e-01
5.038639e-01
5.038687e-01
5.038745e-01
5.038812e-01
5.038888e-01
5.038973e-01
5.039067e-01
5.039171e-01
5.039284e-01
5.039406e-01
5.039538e-01
5.039678e-01
5.039829e-01
5.039988e-01
5.040157e-01
5.040335e-01
5.040523e-01
5.040720e-01
5.040927e-01
5.041143e-01
5.041369e-01
5.041604e-01
5.041849e-01
5.042103e-01
5.042367e-01
5.042641e-01
5.042924e-01
5.043217e-01
5.043520e-01
5.043832e-01
5.044155e-01
5.044487e-01
5.044829e-01
5.045181e-01
5.045543e-01
5.045916e-01
5.046298e-01
5.046690e-01
5.047092e-01
5.047505e-01
5.047927e-01
5.048360e-01
5.048803e-01
5.049257e-01
5.049720e-01
5.050195e-01
5.050679e-01
5.051174e-01
5.051680e-01
5.052196e-01
5.052723e-01
5.053260e-01
5.053808e-01
5.054367e-01
5.054936e-01
5.055516e-01
5.056108e-01
5.056709e-01
5.057322e-01
5.057946e-01
5.058581e-01
5.059226e-01
5.059883e-01
5.060551e-01
5.061230e-01
5.061920e-01
5.062621e-01
5.063334e-01
5.064058e-01
5.064793e-01
5.065539e-01
5.066297e-01
5.067066e-01
5.067846e-01
5.068638e-01
5.069441e-01
5.070256e-01
5.071082e-01
5.071920e-01
5.072769e-01
5.073630e-01
5.074502e-01
5.075385e-01
5.076280e-01
5.077185e-01
5.078101e-01
5.079026e-01
5.079961e-01
5.080905e-01
5.081857e-01
5.082816e-01
5.083784e-01
5.084759e-01
5.085741e-01
5.086731e-01
5.087728e-01
