5.038763e-01
5.038773e-01
5.038792e-01
5.038822e-01
5.038861e-01
5.038909e-01
5.038967e-01
5.039034e-01
5.039111e-01
5.039196e-01
5.039291e-01
5.039395e-01
5.039509e-01
5.039632e-01
5.039764e-01
5.039906e-01
5.040057e-01
5.040218e-01
5.040388e-01
5.040567e-01
5.040756e-01
5.040954e-01
5.041162e-01
5.041379e-01
5.041606e-01
5.041843e-01
5.042089e-01
5.042345e-01
5.042610e-01
5.042885e-01
5.043170e-01
5.043465e-01
5.043769e-01
5.044084e-01
5.044408e-01
5.044742e-01
5.045086e-01
5.045439e-01
5.045803e-01
5.046177e-01
5.046561e-01
5.046955e-01
5.047359e-01
5.047774e-01
5.048198e-01
5.048633e-01
5.049078e-01
5.049533e-01
5.049999e-01
5.050475e-01
5.050961e-01
5.051458e-01
5.051966e-01
5.052484e-01
5.053013e-01
5.053552e-01
5.054102e-01
5.054662e-01
5.055234e-01
5.055816e-01
5.056409e-01
5.057012e-01
5.057627e-01
5.058252e-01
5.058889e-01
5.059536e-01
5.060195e-01
5.060864e-01
5.061545e-01
5.062236e-01
5.062939e-01
5.063653e-01
5.064378e-01
5.065115e-01
5.065863e-01
5.066621e-01
5.067392e-01
5.068173e-01
5.068966e-01
5.069771e-01
5.070587e-01
5.071414e-01
5.072253e-01
5.073103e-01
5.073964e-01
5.074838e-01
5.075722e-01
5.076617e-01
5.077523e-01
5.078440e-01
5.079366e-01
5.080301e-01
5.081245e-01
5.082197e-01
5.083157e-01
5.084125e-01
5.085100e-01
5.086083e-01
5.087073e-01
5.088069e-01
