7.702832e-01
7.701479e-01
7.697416e-01
7.690646e-01
7.681175e-01
7.669014e-01
7.654173e-01
7.636667e-01
7.616514e-01
7.593733e-01
7.568347e-01
7.540381e-01
7.509862e-01
7.476821e-01
7.441290e-01
7.403304e-01
7.362901e-01
7.320121e-01
7.275007e-01
7.227603e-01
7.177956e-01
7.126116e-01
7.072135e-01
7.016066e-01
6.957965e-01
6.897891e-01
6.835903e-01
6.772064e-01
6.706438e-01
6.639091e-01
6.570090e-01
6.499505e-01
6.427407e-01
6.353870e-01
6.278966e-01
6.202773e-01
6.125367e-01
6.046826e-01
5.967231e-01
5.886662e-01
5.805200e-01
5.722930e-01
5.639935e-01
5.556298e-01
5.472106e-01
5.387444e-01
5.302399e-01
5.217057e-01
5.131506e-01
5.045832e-01
4.960124e-01
4.874469e-01
4.788955e-01
4.703668e-01
4.618697e-01
4.534128e-01
4.450047e-01
4.366540e-01
4.283692e-01
4.201589e-01
4.120313e-01
4.039949e-01
3.960577e-01
3.882279e-01
3.805134e-01
3.729221e-01
3.654617e-01
3.581398e-01
3.509639e-01
3.439412e-01
3.370789e-01
3.303839e-01
3.238630e-01
3.175229e-01
3.113698e-01
3.054101e-01
2.996498e-01
2.940947e-01
2.887505e-01
2.836224e-01
2.787158e-01
2.740355e-01
2.695862e-01
2.653726e-01
2.613987e-01
2.576687e-01
2.541863e-01
2.509551e-01
2.479782e-01
2.452587e-01
2.427993e-01
2.406026e-01
2.386708e-01
2.370059e-01
2.356096e-01
2.344834e-01
2.336284e-01
2.330456e-01
2.327356e-01
2.326990e-01
