5.038987e-01
5.038997e-01
5.039017e-01
5.039046e-01
5.039085e-01
5.039134e-01
5.039192e-01
5.039260e-01
5.039336e-01
5.039423e-01
5.039518e-01
5.039623e-01
5.039737e-01
5.039861e-01
5.039994e-01
5.040137e-01
5.040288e-01
5.040450e-01
5.040621e-01
5.040801e-01
5.040991e-01
5.041191e-01
5.041399e-01
5.041618e-01
5.041846e-01
5.042084e-01
5.042332e-01
5.042589e-01
5.042855e-01
5.043132e-01
5.043418e-01
5.043715e-01
5.044020e-01
5.044336e-01
5.044662e-01
5.044998e-01
5.045343e-01
5.045699e-01
5.046064e-01
5.046440e-01
5.046825e-01
5.047221e-01
5.047627e-01
5.048043e-01
5.048469e-01
5.048906e-01
5.049353e-01
5.049810e-01
5.050277e-01
5.050755e-01
5.051244e-01
5.051742e-01
5.052252e-01
5.052772e-01
5.053302e-01
5.053843e-01
5.054395e-01
5.054957e-01
5.055530e-01
5.056114e-01
5.056709e-01
5.057314e-01
5.057930e-01
5.058557e-01
5.059196e-01
5.059845e-01
5.060505e-01
5.061176e-01
5.061858e-01
5.062551e-01
5.063255e-01
5.063971e-01
5.064697e-01
5.065435e-01
5.066184e-01
5.066944e-01
5.067716e-01
5.068499e-01
5.069293e-01
5.070098e-01
5.070915e-01
5.071743e-01
5.072583e-01
5.073434e-01
5.074297e-01
5.075171e-01
5.076056e-01
5.076952e-01
5.077858e-01
5.078775e-01
5.079702e-01
5.080638e-01
5.081582e-01
5.082535e-01
5.083495e-01
5.084463e-01
5.085439e-01
5.086421e-01
5.087411e-01
5.088408e-01
