5.039214e-01
5.039224e-01
5.039243e-01
5.039273e-01
5.039313e-01
5.039362e-01
5.039420e-01
5.039488e-01
5.039565e-01
5.039652e-01
5.039748e-01
5.039853e-01
5.039968e-01
5.040092e-01
5.040226e-01
5.040369e-01
5.040522e-01
5.040684e-01
5.040856e-01
5.041038e-01
5.041228e-01
5.041429e-01
5.041639e-01
5.041859e-01
5.042088e-01
5.042327e-01
5.042576e-01
5.042834e-01
5.043102e-01
5.043380e-01
5.043668e-01
5.043966e-01
5.044273e-01
5.044590e-01
5.044918e-01
5.045255e-01
5.045602e-01
5.045959e-01
5.046326e-01
5.046703e-01
5.047090e-01
5.047488e-01
5.047895e-01
5.048313e-01
5.048741e-01
5.049179e-01
5.049628e-01
5.050087e-01
5.050556e-01
5.051036e-01
5.051526e-01
5.052026e-01
5.052537e-01
5.053059e-01
5.053591e-01
5.054134e-01
5.054687e-01
5.055251e-01
5.055826e-01
5.056411e-01
5.057008e-01
5.057615e-01
5.058233e-01
5.058861e-01
5.059501e-01
5.060152e-01
5.060813e-01
5.061486e-01
5.062169e-01
5.062864e-01
5.063569e-01
5.064286e-01
5.065014e-01
5.065753e-01
5.066503e-01
5.067265e-01
5.068038e-01
5.068822e-01
5.069617e-01
5.070423e-01
5.071241e-01
5.072070e-01
5.072911e-01
5.073763e-01
5.074626e-01
5.075501e-01
5.076387e-01
5.077284e-01
5.078191e-01
5.079108e-01
5.080035e-01
5.080972e-01
5.081916e-01
5.082869e-01
5.083830e-01
5.084799e-01
5.085774e-01
5.086757e-01
5.087747e-01
5.088743e-01
