5.039676e-01
5.039685e-01
5.039705e-01
5.039735e-01
5.039775e-01
5.039824e-01
5.039883e-01
5.039952e-01
5.040030e-01
5.040117e-01
5.040214e-01
5.040321e-01
5.040437e-01
5.040562e-01
5.040697e-01
5.040842e-01
5.040996e-01
5.041160e-01
5.041334e-01
5.041517e-01
5.041710e-01
5.041912e-01
5.042124e-01
5.042346e-01
5.042578e-01
5.042819e-01
5.043070e-01
5.043331e-01
5.043601e-01
5.043882e-01
5.044172e-01
5.044472e-01
5.044782e-01
5.045102e-01
5.045432e-01
5.045772e-01
5.046122e-01
5.046482e-01
5.046852e-01
5.047233e-01
5.047623e-01
5.048023e-01
5.048434e-01
5.048855e-01
5.049286e-01
5.049728e-01
5.050179e-01
5.050641e-01
5.051114e-01
5.051597e-01
5.052090e-01
5.052594e-01
5.053108e-01
5.053633e-01
5.054168e-01
5.054714e-01
5.055270e-01
5.055838e-01
5.056415e-01
5.057004e-01
5.057603e-01
5.058213e-01
5.058834e-01
5.059466e-01
5.060108e-01
5.060762e-01
5.061426e-01
5.062101e-01
5.062788e-01
5.063485e-01
5.064193e-01
5.064912e-01
5.065643e-01
5.066384e-01
5.067137e-01
5.067901e-01
5.068675e-01
5.069462e-01
5.070259e-01
5.071067e-01
5.071887e-01
5.072718e-01
5.073560e-01
5.074414e-01
5.075279e-01
5.076155e-01
5.077042e-01
5.077940e-01
5.078848e-01
5.079767e-01
5.080695e-01
5.081632e-01
5.082577e-01
5.083531e-01
5.084493e-01
5.085461e-01
5.086437e-01
5.087421e-01
5.088410e-01
5.089407e-01
