5.039910e-01
5.039920e-01
5.039940e-01
5.039970e-01
5.040010e-01
5.040059e-01
5.040119e-01
5.040187e-01
5.040266e-01
5.040353e-01
5.040451e-01
5.040558e-01
5.040674e-01
5.040801e-01
5.040936e-01
5.041082e-01
5.041237e-01
5.041401e-01
5.041576e-01
5.041760e-01
5.041953e-01
5.042157e-01
5.042370e-01
5.042592e-01
5.042825e-01
5.043067e-01
5.043319e-01
5.043581e-01
5.043853e-01
5.044135e-01
5.044426e-01
5.044727e-01
5.045039e-01
5.045360e-01
5.045691e-01
5.046033e-01
5.046384e-01
5.046745e-01
5.047117e-01
5.047499e-01
5.047890e-01
5.048292e-01
5.048704e-01
5.049127e-01
5.049559e-01
5.050002e-01
5.050455e-01
5.050919e-01
5.051393e-01
5.051877e-01
5.052372e-01
5.052877e-01
5.053393e-01
5.053919e-01
5.054456e-01
5.055003e-01
5.055561e-01
5.056130e-01
5.056709e-01
5.057299e-01
5.057900e-01
5.058511e-01
5.059133e-01
5.059767e-01
5.060410e-01
5.061065e-01
5.061731e-01
5.062407e-01
5.063095e-01
5.063793e-01
5.064503e-01
5.065223e-01
5.065955e-01
5.066697e-01
5.067451e-01
5.068216e-01
5.068992e-01
5.069779e-01
5.070577e-01
5.071386e-01
5.072207e-01
5.073039e-01
5.073882e-01
5.074736e-01
5.075602e-01
5.076478e-01
5.077366e-01
5.078265e-01
5.079174e-01
5.080093e-01
5.081021e-01
5.081959e-01
5.082904e-01
5.083858e-01
5.084820e-01
5.085789e-01
5.086765e-01
5.087749e-01
5.088739e-01
5.089735e-01
