5.040147e-01
5.040156e-01
5.040176e-01
5.040207e-01
5.040247e-01
5.040297e-01
5.040356e-01
5.040425e-01
5.040504e-01
5.040592e-01
5.040690e-01
5.040797e-01
5.040914e-01
5.041041e-01
5.041177e-01
5.041323e-01
5.041479e-01
5.041644e-01
5.041819e-01
5.042004e-01
5.042199e-01
5.042403e-01
5.042617e-01
5.042840e-01
5.043074e-01
5.043317e-01
5.043570e-01
5.043833e-01
5.044106e-01
5.044389e-01
5.044681e-01
5.044984e-01
5.045297e-01
5.045619e-01
5.045952e-01
5.046294e-01
5.046647e-01
5.047009e-01
5.047382e-01
5.047765e-01
5.048158e-01
5.048562e-01
5.048975e-01
5.049399e-01
5.049833e-01
5.050277e-01
5.050732e-01
5.051197e-01
5.051672e-01
5.052158e-01
5.052654e-01
5.053160e-01
5.053678e-01
5.054205e-01
5.054743e-01
5.055292e-01
5.055852e-01
5.056422e-01
5.057002e-01
5.057594e-01
5.058196e-01
5.058808e-01
5.059432e-01
5.060066e-01
5.060711e-01
5.061367e-01
5.062034e-01
5.062712e-01
5.063401e-01
5.064100e-01
5.064811e-01
5.065533e-01
5.066265e-01
5.067009e-01
5.067763e-01
5.068529e-01
5.069306e-01
5.070094e-01
5.070893e-01
5.071703e-01
5.072525e-01
5.073357e-01
5.074201e-01
5.075056e-01
5.075923e-01
5.076800e-01
5.077688e-01
5.078587e-01
5.079497e-01
5.080416e-01
5.081345e-01
5.082283e-01
5.083229e-01
5.084183e-01
5.085145e-01
5.086115e-01
5.087091e-01
5.088074e-01
5.089064e-01
5.090061e-01
