5.040386e-01
5.040395e-01
5.040415e-01
5.040446e-01
5.040486e-01
5.040536e-01
5.040596e-01
5.040665e-01
5.040744e-01
5.040833e-01
5.040931e-01
5.041039e-01
5.041156e-01
5.041283e-01
5.041420e-01
5.041567e-01
5.041723e-01
5.041889e-01
5.042065e-01
5.042250e-01
5.042446e-01
5.042651e-01
5.042865e-01
5.043090e-01
5.043324e-01
5.043569e-01
5.043823e-01
5.044087e-01
5.044361e-01
5.044644e-01
5.044938e-01
5.045242e-01
5.045555e-01
5.045879e-01
5.046213e-01
5.046557e-01
5.046910e-01
5.047274e-01
5.047648e-01
5.048033e-01
5.048427e-01
5.048831e-01
5.049246e-01
5.049671e-01
5.050107e-01
5.050552e-01
5.051008e-01
5.051474e-01
5.051951e-01
5.052438e-01
5.052936e-01
5.053444e-01
5.053962e-01
5.054491e-01
5.055031e-01
5.055581e-01
5.056141e-01
5.056713e-01
5.057295e-01
5.057887e-01
5.058491e-01
5.059105e-01
5.059729e-01
5.060365e-01
5.061011e-01
5.061669e-01
5.062337e-01
5.063016e-01
5.063705e-01
5.064406e-01
5.065118e-01
5.065840e-01
5.066574e-01
5.067319e-01
5.068074e-01
5.068841e-01
5.069619e-01
5.070408e-01
5.071208e-01
5.072019e-01
5.072841e-01
5.073674e-01
5.074519e-01
5.075375e-01
5.076241e-01
5.077119e-01
5.078008e-01
5.078908e-01
5.079818e-01
5.080738e-01
5.081667e-01
5.082605e-01
5.083552e-01
5.084506e-01
5.085468e-01
5.086438e-01
5.087414e-01
5.088398e-01
5.089388e-01
5.090385e-01
