5.041114e-01
5.041124e-01
5.041144e-01
5.041175e-01
5.041216e-01
5.041266e-01
5.041326e-01
5.041396e-01
5.041476e-01
5.041566e-01
5.041665e-01
5.041774e-01
5.041893e-01
5.042022e-01
5.042160e-01
5.042308e-01
5.042466e-01
5.042634e-01
5.042812e-01
5.042999e-01
5.043197e-01
5.043404e-01
5.043621e-01
5.043848e-01
5.044085e-01
5.044332e-01
5.044588e-01
5.044855e-01
5.045132e-01
5.045418e-01
5.045715e-01
5.046022e-01
5.046338e-01
5.046665e-01
5.047002e-01
5.047349e-01
5.047706e-01
5.048073e-01
5.048451e-01
5.048839e-01
5.049236e-01
5.049644e-01
5.050063e-01
5.050491e-01
5.050930e-01
5.051379e-01
5.051839e-01
5.052309e-01
5.052789e-01
5.053280e-01
5.053781e-01
5.054293e-01
5.054815e-01
5.055347e-01
5.055891e-01
5.056444e-01
5.057009e-01
5.057583e-01
5.058169e-01
5.058765e-01
5.059372e-01
5.059989e-01
5.060617e-01
5.061256e-01
5.061906e-01
5.062567e-01
5.063238e-01
5.063920e-01
5.064613e-01
5.065316e-01
5.066031e-01
5.066757e-01
5.067493e-01
5.068240e-01
5.068999e-01
5.069768e-01
5.070548e-01
5.071339e-01
5.072142e-01
5.072955e-01
5.073779e-01
5.074615e-01
5.075461e-01
5.076319e-01
5.077187e-01
5.078067e-01
5.078957e-01
5.079858e-01
5.080770e-01
5.081691e-01
5.082621e-01
5.083560e-01
5.084508e-01
5.085463e-01
5.086426e-01
5.087396e-01
5.088373e-01
5.089356e-01
5.090347e-01
5.091343e-01
