7.570381e-01
7.569094e-01
7.565227e-01
7.558783e-01
7.549770e-01
7.538195e-01
7.524070e-01
7.507410e-01
7.488230e-01
7.466550e-01
7.442391e-01
7.415777e-01
7.386735e-01
7.355294e-01
7.321484e-01
7.285341e-01
7.246899e-01
7.206197e-01
7.163275e-01
7.118178e-01
7.070948e-01
7.021635e-01
6.970287e-01
6.916956e-01
6.861695e-01
6.804559e-01
6.745607e-01
6.684897e-01
6.622491e-01
6.558451e-01
6.492841e-01
6.425729e-01
6.357181e-01
6.287268e-01
6.216059e-01
6.143627e-01
6.070045e-01
5.995387e-01
5.919730e-01
5.843150e-01
5.765725e-01
5.687533e-01
5.608653e-01
5.529167e-01
5.449155e-01
5.368698e-01
5.287879e-01
5.206778e-01
5.125480e-01
5.044067e-01
4.962622e-01
4.881227e-01
4.799966e-01
4.718922e-01
4.638178e-01
4.557815e-01
4.477915e-01
4.398560e-01
4.319832e-01
4.241809e-01
4.164572e-01
4.088199e-01
4.012768e-01
3.938356e-01
3.865039e-01
3.792891e-01
3.721985e-01
3.652395e-01
3.584190e-01
3.517440e-01
3.452212e-01
3.388574e-01
3.326589e-01
3.266320e-01
3.207830e-01
3.151176e-01
3.096418e-01
3.043609e-01
2.992804e-01
2.944055e-01
2.897410e-01
2.852918e-01
2.810622e-01
2.770568e-01
2.732794e-01
2.697340e-01
2.664241e-01
2.633532e-01
2.605243e-01
2.579404e-01
2.556040e-01
2.535177e-01
2.516834e-01
2.501032e-01
2.487787e-01
2.477113e-01
2.469021e-01
2.463521e-01
2.460618e-01
2.460316e-01
