5.040870e-01
5.040879e-01
5.040899e-01
5.040930e-01
5.040970e-01
5.041021e-01
5.041081e-01
5.041151e-01
5.041230e-01
5.041320e-01
5.041419e-01
5.041527e-01
5.041646e-01
5.041774e-01
5.041912e-01
5.042060e-01
5.042217e-01
5.042384e-01
5.042561e-01
5.042748e-01
5.042945e-01
5.043151e-01
5.043368e-01
5.043594e-01
5.043830e-01
5.044076e-01
5.044332e-01
5.044598e-01
5.044873e-01
5.045159e-01
5.045455e-01
5.045761e-01
5.046076e-01
5.046402e-01
5.046738e-01
5.047084e-01
5.047440e-01
5.047806e-01
5.048183e-01
5.048569e-01
5.048966e-01
5.049373e-01
5.049790e-01
5.050218e-01
5.050655e-01
5.051103e-01
5.051562e-01
5.052031e-01
5.052510e-01
5.052999e-01
5.053499e-01
5.054010e-01
5.054531e-01
5.055062e-01
5.055604e-01
5.056157e-01
5.056720e-01
5.057294e-01
5.057878e-01
5.058473e-01
5.059079e-01
5.059695e-01
5.060322e-01
5.060960e-01
5.061609e-01
5.062268e-01
5.062938e-01
5.063619e-01
5.064311e-01
5.065014e-01
5.065728e-01
5.066452e-01
5.067188e-01
5.067934e-01
5.068692e-01
5.069460e-01
5.070240e-01
5.071030e-01
5.071832e-01
5.072644e-01
5.073468e-01
5.074303e-01
5.075149e-01
5.076006e-01
5.076874e-01
5.077753e-01
5.078643e-01
5.079543e-01
5.080454e-01
5.081375e-01
5.082305e-01
5.083244e-01
5.084191e-01
5.085146e-01
5.086108e-01
5.087078e-01
5.088055e-01
5.089039e-01
5.090029e-01
5.091026e-01
