5.041361e-01
5.041370e-01
5.041391e-01
5.041422e-01
5.041462e-01
5.041513e-01
5.041574e-01
5.041644e-01
5.041724e-01
5.041814e-01
5.041913e-01
5.042023e-01
5.042142e-01
5.042271e-01
5.042410e-01
5.042559e-01
5.042717e-01
5.042886e-01
5.043064e-01
5.043252e-01
5.043450e-01
5.043658e-01
5.043876e-01
5.044103e-01
5.044341e-01
5.044588e-01
5.044846e-01
5.045114e-01
5.045391e-01
5.045679e-01
5.045976e-01
5.046284e-01
5.046601e-01
5.046929e-01
5.047267e-01
5.047615e-01
5.047973e-01
5.048341e-01
5.048720e-01
5.049108e-01
5.049507e-01
5.049916e-01
5.050336e-01
5.050765e-01
5.051205e-01
5.051656e-01
5.052116e-01
5.052587e-01
5.053069e-01
5.053561e-01
5.054063e-01
5.054576e-01
5.055099e-01
5.055632e-01
5.056177e-01
5.056731e-01
5.057297e-01
5.057873e-01
5.058459e-01
5.059056e-01
5.059664e-01
5.060283e-01
5.060912e-01
5.061552e-01
5.062203e-01
5.062864e-01
5.063536e-01
5.064219e-01
5.064913e-01
5.065618e-01
5.066333e-01
5.067060e-01
5.067797e-01
5.068545e-01
5.069304e-01
5.070074e-01
5.070855e-01
5.071647e-01
5.072450e-01
5.073264e-01
5.074089e-01
5.074925e-01
5.075772e-01
5.076630e-01
5.077499e-01
5.078379e-01
5.079270e-01
5.080172e-01
5.081083e-01
5.082005e-01
5.082935e-01
5.083875e-01
5.084823e-01
5.085778e-01
5.086741e-01
5.087711e-01
5.088688e-01
5.089672e-01
5.090662e-01
5.091659e-01
