5.041609e-01
5.041619e-01
5.041639e-01
5.041670e-01
5.041711e-01
5.041762e-01
5.041822e-01
5.041893e-01
5.041973e-01
5.042063e-01
5.042163e-01
5.042273e-01
5.042393e-01
5.042522e-01
5.042661e-01
5.042811e-01
5.042970e-01
5.043139e-01
5.043317e-01
5.043506e-01
5.043705e-01
5.043913e-01
5.044132e-01
5.044360e-01
5.044598e-01
5.044847e-01
5.045105e-01
5.045373e-01
5.045651e-01
5.045940e-01
5.046238e-01
5.046547e-01
5.046865e-01
5.047194e-01
5.047533e-01
5.047881e-01
5.048240e-01
5.048610e-01
5.048989e-01
5.049379e-01
5.049779e-01
5.050189e-01
5.050609e-01
5.051040e-01
5.051481e-01
5.051932e-01
5.052394e-01
5.052866e-01
5.053348e-01
5.053841e-01
5.054344e-01
5.054858e-01
5.055382e-01
5.055917e-01
5.056463e-01
5.057018e-01
5.057585e-01
5.058162e-01
5.058749e-01
5.059347e-01
5.059956e-01
5.060576e-01
5.061206e-01
5.061847e-01
5.062498e-01
5.063161e-01
5.063834e-01
5.064518e-01
5.065212e-01
5.065918e-01
5.066634e-01
5.067361e-01
5.068100e-01
5.068849e-01
5.069608e-01
5.070379e-01
5.071161e-01
5.071953e-01
5.072757e-01
5.073572e-01
5.074397e-01
5.075234e-01
5.076081e-01
5.076940e-01
5.077810e-01
5.078690e-01
5.079582e-01
5.080483e-01
5.081395e-01
5.082317e-01
5.083248e-01
5.084188e-01
5.085136e-01
5.086092e-01
5.087055e-01
5.088025e-01
5.089002e-01
5.089986e-01
5.090976e-01
5.091973e-01
