5.042110e-01
5.042120e-01
5.042140e-01
5.042171e-01
5.042213e-01
5.042264e-01
5.042325e-01
5.042396e-01
5.042476e-01
5.042567e-01
5.042668e-01
5.042778e-01
5.042898e-01
5.043028e-01
5.043169e-01
5.043319e-01
5.043479e-01
5.043648e-01
5.043828e-01
5.044018e-01
5.044218e-01
5.044427e-01
5.044647e-01
5.044877e-01
5.045116e-01
5.045366e-01
5.045626e-01
5.045895e-01
5.046175e-01
5.046465e-01
5.046765e-01
5.047075e-01
5.047395e-01
5.047725e-01
5.048066e-01
5.048417e-01
5.048777e-01
5.049148e-01
5.049530e-01
5.049921e-01
5.050323e-01
5.050735e-01
5.051157e-01
5.051590e-01
5.052032e-01
5.052486e-01
5.052949e-01
5.053423e-01
5.053908e-01
5.054402e-01
5.054908e-01
5.055423e-01
5.055950e-01
5.056486e-01
5.057033e-01
5.057591e-01
5.058159e-01
5.058738e-01
5.059328e-01
5.059928e-01
5.060538e-01
5.061160e-01
5.061792e-01
5.062434e-01
5.063088e-01
5.063752e-01
5.064427e-01
5.065112e-01
5.065809e-01
5.066516e-01
5.067234e-01
5.067962e-01
5.068702e-01
5.069452e-01
5.070214e-01
5.070986e-01
5.071769e-01
5.072563e-01
5.073367e-01
5.074183e-01
5.075010e-01
5.075847e-01
5.076696e-01
5.077556e-01
5.078426e-01
5.079308e-01
5.080200e-01
5.081102e-01
5.082015e-01
5.082938e-01
5.083869e-01
5.084809e-01
5.085758e-01
5.086714e-01
5.087677e-01
5.088648e-01
5.089625e-01
5.090609e-01
5.091600e-01
5.092597e-01
