5.041859e-01
5.041868e-01
5.041889e-01
5.041920e-01
5.041961e-01
5.042012e-01
5.042073e-01
5.042143e-01
5.042224e-01
5.042314e-01
5.042415e-01
5.042525e-01
5.042645e-01
5.042775e-01
5.042914e-01
5.043064e-01
5.043223e-01
5.043393e-01
5.043572e-01
5.043761e-01
5.043961e-01
5.044170e-01
5.044389e-01
5.044618e-01
5.044857e-01
5.045106e-01
5.045365e-01
5.045634e-01
5.045913e-01
5.046202e-01
5.046501e-01
5.046810e-01
5.047130e-01
5.047459e-01
5.047799e-01
5.048149e-01
5.048509e-01
5.048879e-01
5.049259e-01
5.049650e-01
5.050050e-01
5.050462e-01
5.050883e-01
5.051315e-01
5.051756e-01
5.052209e-01
5.052671e-01
5.053145e-01
5.053628e-01
5.054122e-01
5.054626e-01
5.055141e-01
5.055666e-01
5.056202e-01
5.056748e-01
5.057305e-01
5.057872e-01
5.058450e-01
5.059039e-01
5.059638e-01
5.060248e-01
5.060868e-01
5.061499e-01
5.062141e-01
5.062793e-01
5.063457e-01
5.064131e-01
5.064815e-01
5.065511e-01
5.066217e-01
5.066934e-01
5.067662e-01
5.068401e-01
5.069151e-01
5.069911e-01
5.070683e-01
5.071465e-01
5.072259e-01
5.073063e-01
5.073878e-01
5.074704e-01
5.075541e-01
5.076389e-01
5.077249e-01
5.078119e-01
5.079000e-01
5.079891e-01
5.080794e-01
5.081706e-01
5.082628e-01
5.083559e-01
5.084499e-01
5.085448e-01
5.086404e-01
5.087367e-01
5.088337e-01
5.089315e-01
5.090298e-01
5.091289e-01
5.092286e-01
