5.042363e-01
5.042373e-01
5.042393e-01
5.042424e-01
5.042466e-01
5.042517e-01
5.042578e-01
5.042649e-01
5.042730e-01
5.042821e-01
5.042922e-01
5.043032e-01
5.043153e-01
5.043284e-01
5.043424e-01
5.043575e-01
5.043735e-01
5.043905e-01
5.044086e-01
5.044276e-01
5.044476e-01
5.044686e-01
5.044906e-01
5.045137e-01
5.045377e-01
5.045627e-01
5.045888e-01
5.046158e-01
5.046438e-01
5.046729e-01
5.047030e-01
5.047340e-01
5.047661e-01
5.047992e-01
5.048334e-01
5.048685e-01
5.049047e-01
5.049419e-01
5.049801e-01
5.050193e-01
5.050595e-01
5.051008e-01
5.051431e-01
5.051865e-01
5.052309e-01
5.052763e-01
5.053227e-01
5.053702e-01
5.054187e-01
5.054683e-01
5.055189e-01
5.055706e-01
5.056233e-01
5.056771e-01
5.057319e-01
5.057877e-01
5.058446e-01
5.059026e-01
5.059616e-01
5.060217e-01
5.060829e-01
5.061451e-01
5.062084e-01
5.062727e-01
5.063381e-01
5.064046e-01
5.064722e-01
5.065408e-01
5.066105e-01
5.066813e-01
5.067532e-01
5.068261e-01
5.069002e-01
5.069753e-01
5.070514e-01
5.071287e-01
5.072071e-01
5.072865e-01
5.073671e-01
5.074487e-01
5.075314e-01
5.076152e-01
5.077002e-01
5.077862e-01
5.078733e-01
5.079614e-01
5.080507e-01
5.081410e-01
5.082323e-01
5.083246e-01
5.084177e-01
5.085118e-01
5.086067e-01
5.087023e-01
5.087987e-01
5.088957e-01
5.089935e-01
5.090919e-01
5.091909e-01
5.092906e-01
