5.042617e-01
5.042627e-01
5.042648e-01
5.042679e-01
5.042720e-01
5.042771e-01
5.042833e-01
5.042904e-01
5.042985e-01
5.043076e-01
5.043177e-01
5.043288e-01
5.043409e-01
5.043540e-01
5.043681e-01
5.043832e-01
5.043992e-01
5.044163e-01
5.044344e-01
5.044535e-01
5.044735e-01
5.044946e-01
5.045167e-01
5.045398e-01
5.045639e-01
5.045889e-01
5.046150e-01
5.046421e-01
5.046703e-01
5.046994e-01
5.047295e-01
5.047607e-01
5.047928e-01
5.048260e-01
5.048602e-01
5.048954e-01
5.049317e-01
5.049689e-01
5.050072e-01
5.050465e-01
5.050869e-01
5.051282e-01
5.051706e-01
5.052140e-01
5.052585e-01
5.053040e-01
5.053505e-01
5.053981e-01
5.054467e-01
5.054964e-01
5.055471e-01
5.055988e-01
5.056516e-01
5.057055e-01
5.057604e-01
5.058163e-01
5.058733e-01
5.059314e-01
5.059905e-01
5.060506e-01
5.061119e-01
5.061742e-01
5.062375e-01
5.063020e-01
5.063675e-01
5.064340e-01
5.065017e-01
5.065704e-01
5.066401e-01
5.067110e-01
5.067829e-01
5.068559e-01
5.069300e-01
5.070052e-01
5.070814e-01
5.071588e-01
5.072372e-01
5.073167e-01
5.073973e-01
5.074790e-01
5.075618e-01
5.076456e-01
5.077306e-01
5.078166e-01
5.079038e-01
5.079920e-01
5.080813e-01
5.081716e-01
5.082629e-01
5.083552e-01
5.084484e-01
5.085425e-01
5.086374e-01
5.087330e-01
5.088294e-01
5.089265e-01
5.090243e-01
5.091227e-01
5.092217e-01
5.093214e-01
