5.043129e-01
5.043139e-01
5.043160e-01
5.043191e-01
5.043233e-01
5.043284e-01
5.043346e-01
5.043417e-01
5.043499e-01
5.043590e-01
5.043692e-01
5.043803e-01
5.043925e-01
5.044056e-01
5.044198e-01
5.044349e-01
5.044511e-01
5.044683e-01
5.044864e-01
5.045056e-01
5.045257e-01
5.045469e-01
5.045691e-01
5.045923e-01
5.046165e-01
5.046417e-01
5.046679e-01
5.046951e-01
5.047233e-01
5.047526e-01
5.047828e-01
5.048141e-01
5.048464e-01
5.048797e-01
5.049141e-01
5.049494e-01
5.049858e-01
5.050232e-01
5.050616e-01
5.051011e-01
5.051416e-01
5.051831e-01
5.052257e-01
5.052692e-01
5.053139e-01
5.053595e-01
5.054062e-01
5.054539e-01
5.055027e-01
5.055525e-01
5.056034e-01
5.056553e-01
5.057082e-01
5.057622e-01
5.058173e-01
5.058734e-01
5.059305e-01
5.059887e-01
5.060480e-01
5.061083e-01
5.061697e-01
5.062322e-01
5.062957e-01
5.063603e-01
5.064259e-01
5.064926e-01
5.065604e-01
5.066292e-01
5.066991e-01
5.067701e-01
5.068422e-01
5.069153e-01
5.069895e-01
5.070648e-01
5.071412e-01
5.072186e-01
5.072971e-01
5.073768e-01
5.074575e-01
5.075392e-01
5.076221e-01
5.077060e-01
5.077911e-01
5.078772e-01
5.079644e-01
5.080527e-01
5.081421e-01
5.082325e-01
5.083239e-01
5.084162e-01
5.085095e-01
5.086036e-01
5.086985e-01
5.087942e-01
5.088906e-01
5.089877e-01
5.090855e-01
5.091839e-01
5.092830e-01
5.093826e-01
