5.042873e-01
5.042882e-01
5.042903e-01
5.042934e-01
5.042976e-01
5.043027e-01
5.043089e-01
5.043160e-01
5.043241e-01
5.043333e-01
5.043434e-01
5.043545e-01
5.043667e-01
5.043798e-01
5.043939e-01
5.044090e-01
5.044251e-01
5.044422e-01
5.044604e-01
5.044795e-01
5.044996e-01
5.045207e-01
5.045428e-01
5.045660e-01
5.045901e-01
5.046153e-01
5.046414e-01
5.046686e-01
5.046967e-01
5.047259e-01
5.047561e-01
5.047874e-01
5.048196e-01
5.048528e-01
5.048871e-01
5.049224e-01
5.049587e-01
5.049960e-01
5.050344e-01
5.050738e-01
5.051142e-01
5.051556e-01
5.051981e-01
5.052416e-01
5.052862e-01
5.053317e-01
5.053784e-01
5.054260e-01
5.054747e-01
5.055244e-01
5.055752e-01
5.056271e-01
5.056799e-01
5.057339e-01
5.057888e-01
5.058449e-01
5.059019e-01
5.059601e-01
5.060193e-01
5.060795e-01
5.061408e-01
5.062032e-01
5.062666e-01
5.063311e-01
5.063967e-01
5.064633e-01
5.065310e-01
5.065998e-01
5.066697e-01
5.067406e-01
5.068126e-01
5.068857e-01
5.069598e-01
5.070350e-01
5.071114e-01
5.071887e-01
5.072672e-01
5.073468e-01
5.074274e-01
5.075092e-01
5.075920e-01
5.076759e-01
5.077609e-01
5.078470e-01
5.079342e-01
5.080224e-01
5.081117e-01
5.082021e-01
5.082935e-01
5.083858e-01
5.084790e-01
5.085731e-01
5.086680e-01
5.087637e-01
5.088601e-01
5.089572e-01
5.090549e-01
5.091533e-01
5.092524e-01
5.093521e-01
