5.043387e-01
5.043397e-01
5.043418e-01
5.043449e-01
5.043491e-01
5.043542e-01
5.043604e-01
5.043676e-01
5.043758e-01
5.043849e-01
5.043951e-01
5.044063e-01
5.044185e-01
5.044316e-01
5.044458e-01
5.044610e-01
5.044772e-01
5.044944e-01
5.045126e-01
5.045318e-01
5.045520e-01
5.045732e-01
5.045954e-01
5.046186e-01
5.046429e-01
5.046681e-01
5.046944e-01
5.047217e-01
5.047500e-01
5.047793e-01
5.048096e-01
5.048409e-01
5.048733e-01
5.049067e-01
5.049411e-01
5.049765e-01
5.050129e-01
5.050504e-01
5.050889e-01
5.051284e-01
5.051690e-01
5.052106e-01
5.052532e-01
5.052969e-01
5.053416e-01
5.053873e-01
5.054340e-01
5.054819e-01
5.055307e-01
5.055806e-01
5.056315e-01
5.056835e-01
5.057365e-01
5.057906e-01
5.058457e-01
5.059019e-01
5.059591e-01
5.060174e-01
5.060767e-01
5.061371e-01
5.061986e-01
5.062611e-01
5.063247e-01
5.063893e-01
5.064550e-01
5.065218e-01
5.065896e-01
5.066585e-01
5.067285e-01
5.067996e-01
5.068717e-01
5.069449e-01
5.070191e-01
5.070945e-01
5.071709e-01
5.072484e-01
5.073270e-01
5.074066e-01
5.074874e-01
5.075692e-01
5.076521e-01
5.077361e-01
5.078212e-01
5.079073e-01
5.079946e-01
5.080829e-01
5.081723e-01
5.082627e-01
5.083541e-01
5.084465e-01
5.085398e-01
5.086339e-01
5.087289e-01
5.088246e-01
5.089210e-01
5.090181e-01
5.091159e-01
5.092143e-01
5.093134e-01
5.094131e-01
