7.444336e-01
7.443111e-01
7.439432e-01
7.433302e-01
7.424726e-01
7.413714e-01
7.400275e-01
7.384425e-01
7.366178e-01
7.345552e-01
7.322568e-01
7.297250e-01
7.269622e-01
7.239713e-01
7.207551e-01
7.173170e-01
7.136603e-01
7.097888e-01
7.057063e-01
7.014169e-01
6.969249e-01
6.922349e-01
6.873515e-01
6.822796e-01
6.770244e-01
6.715911e-01
6.659853e-01
6.602125e-01
6.542786e-01
6.481895e-01
6.419514e-01
6.355707e-01
6.290537e-01
6.224070e-01
6.156374e-01
6.087518e-01
6.017570e-01
5.946601e-01
5.874685e-01
5.801892e-01
5.728298e-01
5.653978e-01
5.579005e-01
5.503457e-01
5.427411e-01
5.350943e-01
5.274132e-01
5.197054e-01
5.119790e-01
5.042417e-01
4.965014e-01
4.887660e-01
4.810434e-01
4.733414e-01
4.656678e-01
4.580305e-01
4.504372e-01
4.428958e-01
4.354137e-01
4.279988e-01
4.206584e-01
4.134002e-01
4.062314e-01
3.991594e-01
3.921913e-01
3.853344e-01
3.785954e-01
3.719814e-01
3.654990e-01
3.591548e-01
3.529553e-01
3.469067e-01
3.410153e-01
3.352871e-01
3.297278e-01
3.243431e-01
3.191385e-01
3.141193e-01
3.092905e-01
3.046572e-01
3.002241e-01
2.959956e-01
2.919761e-01
2.881696e-01
2.845801e-01
2.812113e-01
2.780665e-01
2.751490e-01
2.724618e-01
2.700077e-01
2.677892e-01
2.658085e-01
2.640677e-01
2.625687e-01
2.613130e-01
2.603019e-01
2.595367e-01
2.590180e-01
2.587465e-01
2.587227e-01
