5.043646e-01
5.043656e-01
5.043677e-01
5.043708e-01
5.043750e-01
5.043802e-01
5.043863e-01
5.043935e-01
5.044017e-01
5.044109e-01
5.044211e-01
5.044323e-01
5.044445e-01
5.044577e-01
5.044719e-01
5.044871e-01
5.045034e-01
5.045206e-01
5.045388e-01
5.045581e-01
5.045783e-01
5.045996e-01
5.046218e-01
5.046451e-01
5.046694e-01
5.046947e-01
5.047210e-01
5.047483e-01
5.047767e-01
5.048060e-01
5.048364e-01
5.048678e-01
5.049002e-01
5.049337e-01
5.049681e-01
5.050036e-01
5.050401e-01
5.050777e-01
5.051162e-01
5.051558e-01
5.051965e-01
5.052381e-01
5.052808e-01
5.053245e-01
5.053693e-01
5.054151e-01
5.054619e-01
5.055098e-01
5.055587e-01
5.056087e-01
5.056597e-01
5.057117e-01
5.057648e-01
5.058189e-01
5.058741e-01
5.059304e-01
5.059877e-01
5.060460e-01
5.061054e-01
5.061659e-01
5.062274e-01
5.062900e-01
5.063536e-01
5.064183e-01
5.064841e-01
5.065509e-01
5.066188e-01
5.066878e-01
5.067578e-01
5.068289e-01
5.069011e-01
5.069744e-01
5.070487e-01
5.071241e-01
5.072006e-01
5.072781e-01
5.073567e-01
5.074364e-01
5.075172e-01
5.075991e-01
5.076820e-01
5.077661e-01
5.078512e-01
5.079374e-01
5.080247e-01
5.081130e-01
5.082024e-01
5.082929e-01
5.083843e-01
5.084767e-01
5.085700e-01
5.086642e-01
5.087591e-01
5.088548e-01
5.089513e-01
5.090484e-01
5.091462e-01
5.092446e-01
5.093437e-01
5.094434e-01
