5.043906e-01
5.043916e-01
5.043937e-01
5.043968e-01
5.044010e-01
5.044062e-01
5.044124e-01
5.044196e-01
5.044278e-01
5.044370e-01
5.044472e-01
5.044585e-01
5.044707e-01
5.044839e-01
5.044981e-01
5.045134e-01
5.045296e-01
5.045469e-01
5.045652e-01
5.045844e-01
5.046047e-01
5.046260e-01
5.046483e-01
5.046716e-01
5.046960e-01
5.047213e-01
5.047477e-01
5.047751e-01
5.048035e-01
5.048329e-01
5.048633e-01
5.048948e-01
5.049272e-01
5.049607e-01
5.049953e-01
5.050308e-01
5.050674e-01
5.051050e-01
5.051436e-01
5.051833e-01
5.052239e-01
5.052657e-01
5.053084e-01
5.053522e-01
5.053970e-01
5.054429e-01
5.054898e-01
5.055377e-01
5.055867e-01
5.056367e-01
5.056878e-01
5.057399e-01
5.057931e-01
5.058473e-01
5.059025e-01
5.059588e-01
5.060162e-01
5.060746e-01
5.061341e-01
5.061946e-01
5.062562e-01
5.063188e-01
5.063826e-01
5.064473e-01
5.065131e-01
5.065800e-01
5.066480e-01
5.067170e-01
5.067871e-01
5.068583e-01
5.069305e-01
5.070038e-01
5.070782e-01
5.071536e-01
5.072301e-01
5.073077e-01
5.073864e-01
5.074661e-01
5.075470e-01
5.076289e-01
5.077119e-01
5.077959e-01
5.078811e-01
5.079673e-01
5.080546e-01
5.081430e-01
5.082325e-01
5.083229e-01
5.084144e-01
5.085068e-01
5.086001e-01
5.086943e-01
5.087893e-01
5.088850e-01
5.089814e-01
5.090786e-01
5.091764e-01
5.092748e-01
5.093739e-01
5.094736e-01
