5.044168e-01
5.044177e-01
5.044198e-01
5.044230e-01
5.044271e-01
5.044323e-01
5.044385e-01
5.044458e-01
5.044540e-01
5.044632e-01
5.044734e-01
5.044847e-01
5.044969e-01
5.045102e-01
5.045244e-01
5.045397e-01
5.045560e-01
5.045733e-01
5.045916e-01
5.046109e-01
5.046312e-01
5.046526e-01
5.046749e-01
5.046983e-01
5.047226e-01
5.047480e-01
5.047744e-01
5.048019e-01
5.048303e-01
5.048598e-01
5.048903e-01
5.049218e-01
5.049543e-01
5.049878e-01
5.050224e-01
5.050580e-01
5.050946e-01
5.051323e-01
5.051710e-01
5.052107e-01
5.052514e-01
5.052932e-01
5.053360e-01
5.053799e-01
5.054248e-01
5.054707e-01
5.055177e-01
5.055657e-01
5.056147e-01
5.056648e-01
5.057159e-01
5.057681e-01
5.058213e-01
5.058756e-01
5.059309e-01
5.059873e-01
5.060447e-01
5.061032e-01
5.061627e-01
5.062233e-01
5.062850e-01
5.063477e-01
5.064114e-01
5.064762e-01
5.065421e-01
5.066091e-01
5.066771e-01
5.067462e-01
5.068163e-01
5.068875e-01
5.069598e-01
5.070332e-01
5.071076e-01
5.071831e-01
5.072596e-01
5.073373e-01
5.074160e-01
5.074958e-01
5.075766e-01
5.076586e-01
5.077416e-01
5.078257e-01
5.079109e-01
5.079972e-01
5.080845e-01
5.081729e-01
5.082624e-01
5.083529e-01
5.084444e-01
5.085368e-01
5.086301e-01
5.087243e-01
5.088193e-01
5.089151e-01
5.090115e-01
5.091087e-01
5.092065e-01
5.093049e-01
5.094040e-01
5.095037e-01
