5.044430e-01
5.044439e-01
5.044460e-01
5.044492e-01
5.044534e-01
5.044586e-01
5.044648e-01
5.044720e-01
5.044802e-01
5.044895e-01
5.044997e-01
5.045110e-01
5.045233e-01
5.045366e-01
5.045508e-01
5.045661e-01
5.045824e-01
5.045998e-01
5.046181e-01
5.046374e-01
5.046578e-01
5.046792e-01
5.047016e-01
5.047250e-01
5.047494e-01
5.047748e-01
5.048013e-01
5.048287e-01
5.048572e-01
5.048867e-01
5.049173e-01
5.049488e-01
5.049814e-01
5.050150e-01
5.050496e-01
5.050853e-01
5.051220e-01
5.051597e-01
5.051984e-01
5.052382e-01
5.052790e-01
5.053208e-01
5.053637e-01
5.054076e-01
5.054525e-01
5.054985e-01
5.055456e-01
5.055936e-01
5.056427e-01
5.056929e-01
5.057441e-01
5.057963e-01
5.058496e-01
5.059039e-01
5.059593e-01
5.060157e-01
5.060732e-01
5.061317e-01
5.061913e-01
5.062520e-01
5.063137e-01
5.063764e-01
5.064403e-01
5.065051e-01
5.065711e-01
5.066381e-01
5.067061e-01
5.067753e-01
5.068455e-01
5.069167e-01
5.069891e-01
5.070624e-01
5.071369e-01
5.072125e-01
5.072891e-01
5.073667e-01
5.074455e-01
5.075253e-01
5.076062e-01
5.076882e-01
5.077713e-01
5.078554e-01
5.079406e-01
5.080269e-01
5.081143e-01
5.082027e-01
5.082922e-01
5.083827e-01
5.084743e-01
5.085667e-01
5.086601e-01
5.087543e-01
5.088493e-01
5.089450e-01
5.090415e-01
5.091386e-01
5.092365e-01
5.093349e-01
5.094340e-01
5.095337e-01
