5.044693e-01
5.044702e-01
5.044723e-01
5.044755e-01
5.044797e-01
5.044849e-01
5.044911e-01
5.044984e-01
5.045066e-01
5.045159e-01
5.045261e-01
5.045374e-01
5.045497e-01
5.045630e-01
5.045773e-01
5.045926e-01
5.046090e-01
5.046263e-01
5.046447e-01
5.046641e-01
5.046844e-01
5.047059e-01
5.047283e-01
5.047517e-01
5.047762e-01
5.048016e-01
5.048281e-01
5.048557e-01
5.048842e-01
5.049137e-01
5.049443e-01
5.049759e-01
5.050085e-01
5.050422e-01
5.050769e-01
5.051126e-01
5.051493e-01
5.051871e-01
5.052259e-01
5.052657e-01
5.053066e-01
5.053484e-01
5.053914e-01
5.054353e-01
5.054803e-01
5.055264e-01
5.055735e-01
5.056216e-01
5.056707e-01
5.057209e-01
5.057722e-01
5.058245e-01
5.058778e-01
5.059322e-01
5.059876e-01
5.060441e-01
5.061017e-01
5.061603e-01
5.062199e-01
5.062806e-01
5.063424e-01
5.064052e-01
5.064691e-01
5.065340e-01
5.066000e-01
5.066670e-01
5.067351e-01
5.068043e-01
5.068746e-01
5.069459e-01
5.070182e-01
5.070917e-01
5.071662e-01
5.072418e-01
5.073184e-01
5.073961e-01
5.074749e-01
5.075548e-01
5.076357e-01
5.077178e-01
5.078009e-01
5.078850e-01
5.079703e-01
5.080566e-01
5.081440e-01
5.082325e-01
5.083220e-01
5.084125e-01
5.085041e-01
5.085965e-01
5.086899e-01
5.087841e-01
5.088791e-01
5.089749e-01
5.090714e-01
5.091685e-01
5.092663e-01
5.093648e-01
5.094639e-01
5.095636e-01
