5.044956e-01
5.044966e-01
5.044987e-01
5.045019e-01
5.045061e-01
5.045113e-01
5.045175e-01
5.045248e-01
5.045330e-01
5.045423e-01
5.045526e-01
5.045639e-01
5.045762e-01
5.045895e-01
5.046039e-01
5.046192e-01
5.046356e-01
5.046530e-01
5.046713e-01
5.046907e-01
5.047112e-01
5.047326e-01
5.047551e-01
5.047785e-01
5.048030e-01
5.048285e-01
5.048551e-01
5.048826e-01
5.049112e-01
5.049408e-01
5.049714e-01
5.050031e-01
5.050357e-01
5.050694e-01
5.051042e-01
5.051399e-01
5.051767e-01
5.052145e-01
5.052534e-01
5.052932e-01
5.053341e-01
5.053761e-01
5.054191e-01
5.054631e-01
5.055081e-01
5.055542e-01
5.056014e-01
5.056495e-01
5.056988e-01
5.057490e-01
5.058003e-01
5.058527e-01
5.059061e-01
5.059605e-01
5.060160e-01
5.060725e-01
5.061301e-01
5.061888e-01
5.062485e-01
5.063092e-01
5.063710e-01
5.064339e-01
5.064978e-01
5.065628e-01
5.066288e-01
5.066959e-01
5.067641e-01
5.068333e-01
5.069036e-01
5.069750e-01
5.070474e-01
5.071209e-01
5.071954e-01
5.072710e-01
5.073477e-01
5.074255e-01
5.075043e-01
5.075842e-01
5.076652e-01
5.077472e-01
5.078304e-01
5.079146e-01
5.079998e-01
5.080862e-01
5.081736e-01
5.082621e-01
5.083516e-01
5.084422e-01
5.085338e-01
5.086263e-01
5.087196e-01
5.088139e-01
5.089089e-01
5.090047e-01
5.091012e-01
5.091983e-01
5.092962e-01
5.093946e-01
5.094937e-01
5.095934e-01
