5.045221e-01
5.045231e-01
5.045252e-01
5.045284e-01
5.045326e-01
5.045378e-01
5.045440e-01
5.045513e-01
5.045596e-01
5.045689e-01
5.045792e-01
5.045905e-01
5.046028e-01
5.046161e-01
5.046305e-01
5.046459e-01
5.046622e-01
5.046797e-01
5.046981e-01
5.047175e-01
5.047380e-01
5.047594e-01
5.047819e-01
5.048054e-01
5.048299e-01
5.048555e-01
5.048821e-01
5.049097e-01
5.049383e-01
5.049679e-01
5.049986e-01
5.050303e-01
5.050630e-01
5.050967e-01
5.051315e-01
5.051673e-01
5.052041e-01
5.052420e-01
5.052809e-01
5.053208e-01
5.053618e-01
5.054038e-01
5.054468e-01
5.054908e-01
5.055360e-01
5.055821e-01
5.056293e-01
5.056775e-01
5.057268e-01
5.057771e-01
5.058284e-01
5.058808e-01
5.059343e-01
5.059888e-01
5.060443e-01
5.061009e-01
5.061586e-01
5.062173e-01
5.062770e-01
5.063378e-01
5.063997e-01
5.064626e-01
5.065265e-01
5.065916e-01
5.066577e-01
5.067248e-01
5.067930e-01
5.068623e-01
5.069326e-01
5.070040e-01
5.070765e-01
5.071500e-01
5.072246e-01
5.073002e-01
5.073770e-01
5.074548e-01
5.075336e-01
5.076136e-01
5.076946e-01
5.077767e-01
5.078598e-01
5.079440e-01
5.080293e-01
5.081157e-01
5.082032e-01
5.082917e-01
5.083812e-01
5.084718e-01
5.085634e-01
5.086559e-01
5.087493e-01
5.088436e-01
5.089386e-01
5.090344e-01
5.091309e-01
5.092281e-01
5.093259e-01
5.094243e-01
5.095234e-01
5.096231e-01
