5.045753e-01
5.045763e-01
5.045784e-01
5.045815e-01
5.045857e-01
5.045910e-01
5.045973e-01
5.046045e-01
5.046128e-01
5.046221e-01
5.046325e-01
5.046438e-01
5.046562e-01
5.046696e-01
5.046840e-01
5.046994e-01
5.047158e-01
5.047332e-01
5.047517e-01
5.047712e-01
5.047917e-01
5.048132e-01
5.048358e-01
5.048594e-01
5.048840e-01
5.049096e-01
5.049362e-01
5.049639e-01
5.049926e-01
5.050223e-01
5.050530e-01
5.050848e-01
5.051176e-01
5.051514e-01
5.051863e-01
5.052221e-01
5.052591e-01
5.052970e-01
5.053360e-01
5.053760e-01
5.054171e-01
5.054591e-01
5.055023e-01
5.055464e-01
5.055916e-01
5.056379e-01
5.056851e-01
5.057335e-01
5.057828e-01
5.058332e-01
5.058847e-01
5.059372e-01
5.059907e-01
5.060453e-01
5.061009e-01
5.061576e-01
5.062154e-01
5.062742e-01
5.063340e-01
5.063949e-01
5.064568e-01
5.065198e-01
5.065839e-01
5.066490e-01
5.067152e-01
5.067824e-01
5.068507e-01
5.069201e-01
5.069905e-01
5.070619e-01
5.071345e-01
5.072081e-01
5.072828e-01
5.073585e-01
5.074353e-01
5.075131e-01
5.075921e-01
5.076721e-01
5.077531e-01
5.078353e-01
5.079185e-01
5.080028e-01
5.080881e-01
5.081745e-01
5.082620e-01
5.083506e-01
5.084402e-01
5.085308e-01
5.086224e-01
5.087150e-01
5.088084e-01
5.089027e-01
5.089977e-01
5.090935e-01
5.091901e-01
5.092872e-01
5.093851e-01
5.094836e-01
5.095827e-01
5.096824e-01
