5.045487e-01
5.045496e-01
5.045517e-01
5.045549e-01
5.045591e-01
5.045643e-01
5.045706e-01
5.045779e-01
5.045862e-01
5.045955e-01
5.046058e-01
5.046171e-01
5.046295e-01
5.046428e-01
5.046572e-01
5.046726e-01
5.046890e-01
5.047064e-01
5.047249e-01
5.047443e-01
5.047648e-01
5.047863e-01
5.048088e-01
5.048324e-01
5.048569e-01
5.048825e-01
5.049091e-01
5.049367e-01
5.049654e-01
5.049951e-01
5.050258e-01
5.050575e-01
5.050903e-01
5.051240e-01
5.051589e-01
5.051947e-01
5.052316e-01
5.052695e-01
5.053084e-01
5.053484e-01
5.053894e-01
5.054314e-01
5.054745e-01
5.055186e-01
5.055638e-01
5.056100e-01
5.056572e-01
5.057055e-01
5.057548e-01
5.058052e-01
5.058566e-01
5.059090e-01
5.059625e-01
5.060170e-01
5.060726e-01
5.061293e-01
5.061870e-01
5.062457e-01
5.063055e-01
5.063664e-01
5.064283e-01
5.064912e-01
5.065552e-01
5.066203e-01
5.066864e-01
5.067536e-01
5.068219e-01
5.068912e-01
5.069616e-01
5.070330e-01
5.071055e-01
5.071791e-01
5.072537e-01
5.073294e-01
5.074062e-01
5.074840e-01
5.075629e-01
5.076429e-01
5.077239e-01
5.078060e-01
5.078892e-01
5.079734e-01
5.080588e-01
5.081452e-01
5.082326e-01
5.083212e-01
5.084108e-01
5.085014e-01
5.085930e-01
5.086855e-01
5.087789e-01
5.088732e-01
5.089682e-01
5.090640e-01
5.091605e-01
5.092577e-01
5.093555e-01
5.094540e-01
5.095531e-01
5.096528e-01
