9.999880e-02
9.999880e-02
1.000036e-01
9.999392e-02
1.000086e-01
9.998874e-02
1.000141e-01
9.998298e-02
1.000202e-01
9.997628e-02
1.000276e-01
9.996816e-02
1.000366e-01
9.995789e-02
1.000484e-01
9.994435e-02
1.000642e-01
9.992565e-02
1.000866e-01
9.989847e-02
1.001201e-01
9.985641e-02
1.001740e-01
9.978579e-02
1.002692e-01
9.965309e-02
1.004623e-01
9.935854e-02
1.009662e-01
9.861424e-02
1.042067e-01
1.062637e-01
2.450024e-01
8.549976e-01
9.937363e-01
9.957933e-01
1.001386e+00
9.990338e-01
1.000641e+00
9.995377e-01
1.000347e+00
9.997308e-01
1.000214e+00
9.998260e-01
1.000144e+00
9.998799e-01
1.000102e+00
9.999134e-01
1.000074e+00
9.999358e-01
1.000056e+00
9.999516e-01
1.000042e+00
9.999634e-01
1.000032e+00
9.999724e-01
1.000024e+00
9.999798e-01
1.000017e+00
9.999859e-01
1.000011e+00
9.999914e-01
1.000006e+00
9.999964e-01
1.000001e+00
1.000001e+00
9.999964e-01
1.000006e+00
9.999914e-01
1.000011e+00
9.999859e-01
1.000017e+00
9.999798e-01
1.000024e+00
9.999724e-01
1.000032e+00
9.999634e-01
1.000042e+00
9.999516e-01
1.000056e+00
9.999358e-01
1.000074e+00
9.999134e-01
1.000102e+00
9.998799e-01
1.000144e+00
9.998260e-01
1.000214e+00
9.997308e-01
1.000347e+00
9.995377e-01
1.000641e+00
9.990338e-01
1.001386e+00
9.957933e-01
9.937363e-01
8.549976e-01
2.450024e-01
1.062637e-01
1.042067e-01
9.861424e-02
1.009662e-01
9.935854e-02
1.004623e-01
9.965309e-02
1.002692e-01
9.978579e-02
1.001740e-01
9.985641e-02
1.001201e-01
9.989847e-02
1.000866e-01
9.992565e-02
1.000642e-01
9.994435e-02
1.000484e-01
9.995789e-02
1.000366e-01
9.996816e-02
1.000276e-01
9.997628e-02
1.000202e-01
9.998298e-02
1.000141e-01
9.998874e-02
1.000086e-01
9.999392e-02
1.000036e-01
