1.000008e-01
1.000008e-01
1.000013e-01
1.000025e-01
1.000049e-01
1.000095e-01
1.000182e-01
1.000344e-01
1.000636e-01
1.001157e-01
1.002062e-01
1.003605e-01
1.006179e-01
1.010380e-01
1.017090e-01
1.027573e-01
1.043588e-01
1.067505e-01
1.102416e-01
1.152206e-01
1.221578e-01
1.315976e-01
1.441406e-01
1.604112e-01
1.810127e-01
2.064697e-01
2.371646e-01
2.732734e-01
3.147113e-01
3.610958e-01
4.117370e-01
4.656585e-01
5.216502e-01
5.783498e-01
6.343415e-01
6.882630e-01
7.389042e-01
7.852887e-01
8.267266e-01
8.628354e-01
8.935303e-01
9.189873e-01
9.395888e-01
9.558594e-01
9.684024e-01
9.778422e-01
9.847794e-01
9.897584e-01
9.932495e-01
9.956412e-01
9.972427e-01
9.982910e-01
9.989620e-01
9.993821e-01
9.996395e-01
9.997938e-01
9.998843e-01
9.999364e-01
9.999656e-01
9.999818e-01
9.999905e-01
9.999951e-01
9.999975e-01
9.999987e-01
9.999992e-01
9.999992e-01
9.999987e-01
9.999975e-01
9.999951e-01
9.999905e-01
9.999818e-01
9.999656e-01
9.999364e-01
9.998843e-01
9.997938e-01
9.996395e-01
9.993821e-01
9.989620e-01
9.982910e-01
9.972427e-01
9.956412e-01
9.932495e-01
9.897584e-01
9.847794e-01
9.778422e-01
9.684024e-01
9.558594e-01
9.395888e-01
9.189873e-01
8.935303e-01
8.628354e-01
8.267266e-01
7.852887e-01
7.389042e-01
6.882630e-01
6.343415e-01
5.783498e-01
5.216502e-01
4.656585e-01
4.117370e-01
3.610958e-01
3.147113e-01
2.732734e-01
2.371646e-01
2.064697e-01
1.810127e-01
1.604112e-01
1.441406e-01
1.315976e-01
1.221578e-01
1.152206e-01
1.102416e-01
1.067505e-01
1.043588e-01
1.027573e-01
1.017090e-01
1.010380e-01
1.006179e-01
1.003605e-01
1.002062e-01
1.001157e-01
1.000636e-01
1.000344e-01
1.000182e-01
1.000095e-01
1.000049e-01
1.000025e-01
1.000013e-01
