1.988458e-01
1.988458e-01
1.996436e-01
2.012383e-01
2.036282e-01
2.068106e-01
2.107816e-01
2.155365e-01
2.210694e-01
2.273729e-01
2.344385e-01
2.422560e-01
2.508137e-01
2.600981e-01
2.700936e-01
2.807831e-01
2.921469e-01
3.041634e-01
3.168087e-01
3.300567e-01
3.438786e-01
3.582437e-01
3.731187e-01
3.884682e-01
4.042544e-01
4.204377e-01
4.369762e-01
4.538267e-01
4.709438e-01
4.882812e-01
5.057911e-01
5.234249e-01
5.411333e-01
5.588667e-01
5.765751e-01
5.942089e-01
6.117188e-01
6.290562e-01
6.461733e-01
6.630238e-01
6.795623e-01
6.957456e-01
7.115318e-01
7.268813e-01
7.417563e-01
7.561214e-01
7.699433e-01
7.831913e-01
7.958366e-01
8.078531e-01
8.192169e-01
8.299064e-01
8.399019e-01
8.491863e-01
8.577440e-01
8.655615e-01
8.726271e-01
8.789306e-01
8.844635e-01
8.892184e-01
8.931894e-01
8.963718e-01
8.987617e-01
9.003564e-01
9.011542e-01
9.011542e-01
9.003564e-01
8.987617e-01
8.963718e-01
8.931894e-01
8.892184e-01
8.844635e-01
8.789306e-01
8.726271e-01
8.655615e-01
8.577440e-01
8.491863e-01
8.399019e-01
8.299064e-01
8.192169e-01
8.078531e-01
7.958366e-01
7.831913e-01
7.699433e-01
7.561214e-01
7.417563e-01
7.268813e-01
7.115318e-01
6.957456e-01
6.795623e-01
6.630238e-01
6.461733e-01
6.290562e-01
6.117188e-01
5.942089e-01
5.765751e-01
5.588667e-01
5.411333e-01
5.234249e-01
5.057911e-01
4.882812e-01
4.709438e-01
4.538267e-01
4.369762e-01
4.204377e-01
4.042544e-01
3.884682e-01
3.731187e-01
3.582437e-01
3.438786e-01
3.300567e-01
3.168087e-01
3.041634e-01
2.921469e-01
2.807831e-01
2.700936e-01
2.600981e-01
2.508137e-01
2.422560e-01
2.344385e-01
2.273729e-01
2.210694e-01
2.155365e-01
2.107816e-01
2.068106e-01
2.036282e-01
2.012383e-01
1.996436e-01
