2.146016e-01
2.146016e-01
2.153783e-01
2.169307e-01
2.192561e-01
2.223511e-01
2.262108e-01
2.308288e-01
2.361978e-01
2.423086e-01
2.491508e-01
2.567124e-01
2.649798e-01
2.739377e-01
2.835690e-01
2.938548e-01
3.047744e-01
3.163053e-01
3.284229e-01
3.411008e-01
3.543106e-01
3.680220e-01
3.822030e-01
3.968195e-01
4.118359e-01
4.272150e-01
4.429179e-01
4.589043e-01
4.751330e-01
4.915613e-01
5.081459e-01
5.248425e-01
5.416067e-01
5.583933e-01
5.751575e-01
5.918541e-01
6.084387e-01
6.248670e-01
6.410957e-01
6.570821e-01
6.727850e-01
6.881641e-01
7.031805e-01
7.177970e-01
7.319780e-01
7.456894e-01
7.588992e-01
7.715771e-01
7.836947e-01
7.952256e-01
8.061452e-01
8.164310e-01
8.260623e-01
8.350202e-01
8.432876e-01
8.508492e-01
8.576914e-01
8.638022e-01
8.691712e-01
8.737892e-01
8.776489e-01
8.807439e-01
8.830693e-01
8.846217e-01
8.853984e-01
8.853984e-01
8.846217e-01
8.830693e-01
8.807439e-01
8.776489e-01
8.737892e-01
8.691712e-01
8.638022e-01
8.576914e-01
8.508492e-01
8.432876e-01
8.350202e-01
8.260623e-01
8.164310e-01
8.061452e-01
7.952256e-01
7.836947e-01
7.715771e-01
7.588992e-01
7.456894e-01
7.319780e-01
7.177970e-01
7.031805e-01
6.881641e-01
6.727850e-01
6.570821e-01
6.410957e-01
6.248670e-01
6.084387e-01
5.918541e-01
5.751575e-01
5.583933e-01
5.416067e-01
5.248425e-01
5.081459e-01
4.915613e-01
4.751330e-01
4.589043e-01
4.429179e-01
4.272150e-01
4.118359e-01
3.968195e-01
3.822030e-01
3.680220e-01
3.543106e-01
3.411008e-01
3.284229e-01
3.163053e-01
3.047744e-01
2.938548e-01
2.835690e-01
2.739377e-01
2.649798e-01
2.567124e-01
2.491508e-01
2.423086e-01
2.361978e-01
2.308288e-01
2.262108e-01
2.223511e-01
2.192561e-01
2.169307e-01
2.153783e-01
