2.446205e-01
2.446205e-01
2.453430e-01
2.467866e-01
2.489484e-01
2.518240e-01
2.554075e-01
2.596916e-01
2.646674e-01
2.703248e-01
2.766517e-01
2.836350e-01
2.912596e-01
2.995091e-01
3.083656e-01
3.178096e-01
3.278200e-01
3.383743e-01
3.494483e-01
3.610167e-01
3.730524e-01
3.855271e-01
3.984111e-01
4.116735e-01
4.252821e-01
4.392037e-01
4.534040e-01
4.678479e-01
4.824991e-01
4.973211e-01
5.122765e-01
5.273276e-01
5.424361e-01
5.575639e-01
5.726724e-01
5.877235e-01
6.026789e-01
6.175009e-01
6.321521e-01
6.465960e-01
6.607963e-01
6.747179e-01
6.883265e-01
7.015889e-01
7.144729e-01
7.269476e-01
7.389833e-01
7.505517e-01
7.616257e-01
7.721800e-01
7.821904e-01
7.916344e-01
8.004909e-01
8.087404e-01
8.163650e-01
8.233483e-01
8.296752e-01
8.353326e-01
8.403084e-01
8.445925e-01
8.481760e-01
8.510516e-01
8.532134e-01
8.546570e-01
8.553795e-01
8.553795e-01
8.546570e-01
8.532134e-01
8.510516e-01
8.481760e-01
8.445925e-01
8.403084e-01
8.353326e-01
8.296752e-01
8.233483e-01
8.163650e-01
8.087404e-01
8.004909e-01
7.916344e-01
7.821904e-01
7.721800e-01
7.616257e-01
7.505517e-01
7.389833e-01
7.269476e-01
7.144729e-01
7.015889e-01
6.883265e-01
6.747179e-01
6.607963e-01
6.465960e-01
6.321521e-01
6.175009e-01
6.026789e-01
5.877235e-01
5.726724e-01
5.575639e-01
5.424361e-01
5.273276e-01
5.122765e-01
4.973211e-01
4.824991e-01
4.678479e-01
4.534040e-01
4.392037e-01
4.252821e-01
4.116735e-01
3.984111e-01
3.855271e-01
3.730524e-01
3.610167e-01
3.494483e-01
3.383743e-01
3.278200e-01
3.178096e-01
3.083656e-01
2.995091e-01
2.912596e-01
2.836350e-01
2.766517e-01
2.703248e-01
2.646674e-01
2.596916e-01
2.554075e-01
2.518240e-01
2.489484e-01
2.467866e-01
2.453430e-01
