2.587768e-01
2.587768e-01
2.594698e-01
2.608544e-01
2.629277e-01
2.656850e-01
2.691205e-01
2.732268e-01
2.779950e-01
2.834146e-01
2.894737e-01
2.961590e-01
3.034556e-01
3.113472e-01
3.198160e-01
3.288429e-01
3.384070e-01
3.484866e-01
3.590580e-01
3.700967e-01
3.815766e-01
3.934705e-01
4.057500e-01
4.183856e-01
4.313466e-01
4.446017e-01
4.581183e-01
4.718632e-01
4.858026e-01
4.999018e-01
5.141260e-01
5.284397e-01
5.428073e-01
5.571927e-01
5.715603e-01
5.858740e-01
6.000982e-01
6.141974e-01
6.281368e-01
6.418817e-01
6.553983e-01
6.686534e-01
6.816144e-01
6.942500e-01
7.065295e-01
7.184234e-01
7.299033e-01
7.409420e-01
7.515134e-01
7.615930e-01
7.711571e-01
7.801840e-01
7.886528e-01
7.965444e-01
8.038410e-01
8.105263e-01
8.165854e-01
8.220050e-01
8.267732e-01
8.308795e-01
8.343150e-01
8.370723e-01
8.391456e-01
8.405302e-01
8.412232e-01
8.412232e-01
8.405302e-01
8.391456e-01
8.370723e-01
8.343150e-01
8.308795e-01
8.267732e-01
8.220050e-01
8.165854e-01
8.105263e-01
8.038410e-01
7.965444e-01
7.886528e-01
7.801840e-01
7.711571e-01
7.615930e-01
7.515134e-01
7.409420e-01
7.299033e-01
7.184234e-01
7.065295e-01
6.942500e-01
6.816144e-01
6.686534e-01
6.553983e-01
6.418817e-01
6.281368e-01
6.141974e-01
6.000982e-01
5.858740e-01
5.715603e-01
5.571927e-01
5.428073e-01
5.284397e-01
5.141260e-01
4.999018e-01
4.858026e-01
4.718632e-01
4.581183e-01
4.446017e-01
4.313466e-01
4.183856e-01
4.057500e-01
3.934705e-01
3.815766e-01
3.700967e-01
3.590580e-01
3.484866e-01
3.384070e-01
3.288429e-01
3.198160e-01
3.113472e-01
3.034556e-01
2.961590e-01
2.894737e-01
2.834146e-01
2.779950e-01
2.732268e-01
2.691205e-01
2.656850e-01
2.629277e-01
2.608544e-01
2.594698e-01
