2.723403e-01
2.723403e-01
2.730036e-01
2.743289e-01
2.763131e-01
2.789518e-01
2.822391e-01
2.861677e-01
2.907286e-01
2.959117e-01
3.017051e-01
3.080957e-01
3.150690e-01
3.226090e-01
3.306982e-01
3.393180e-01
3.484483e-01
3.580677e-01
3.681538e-01
3.786827e-01
3.896293e-01
4.009676e-01
4.126705e-01
4.247097e-01
4.370563e-01
4.496802e-01
4.625508e-01
4.756366e-01
4.889055e-01
5.023250e-01
5.158622e-01
5.294835e-01
5.431555e-01
5.568445e-01
5.705165e-01
5.841378e-01
5.976750e-01
6.110945e-01
6.243634e-01
6.374492e-01
6.503198e-01
6.629437e-01
6.752903e-01
6.873295e-01
6.990324e-01
7.103707e-01
7.213173e-01
7.318462e-01
7.419323e-01
7.515517e-01
7.606820e-01
7.693018e-01
7.773910e-01
7.849310e-01
7.919043e-01
7.982949e-01
8.040883e-01
8.092714e-01
8.138323e-01
8.177609e-01
8.210482e-01
8.236869e-01
8.256711e-01
8.269964e-01
8.276597e-01
8.276597e-01
8.269964e-01
8.256711e-01
8.236869e-01
8.210482e-01
8.177609e-01
8.138323e-01
8.092714e-01
8.040883e-01
7.982949e-01
7.919043e-01
7.849310e-01
7.773910e-01
7.693018e-01
7.606820e-01
7.515517e-01
7.419323e-01
7.318462e-01
7.213173e-01
7.103707e-01
6.990324e-01
6.873295e-01
6.752903e-01
6.629437e-01
6.503198e-01
6.374492e-01
6.243634e-01
6.110945e-01
5.976750e-01
5.841378e-01
5.705165e-01
5.568445e-01
5.431555e-01
5.294835e-01
5.158622e-01
5.023250e-01
4.889055e-01
4.756366e-01
4.625508e-01
4.496802e-01
4.370563e-01
4.247097e-01
4.126705e-01
4.009676e-01
3.896293e-01
3.786827e-01
3.681538e-01
3.580677e-01
3.484483e-01
3.393180e-01
3.306982e-01
3.226090e-01
3.150690e-01
3.080957e-01
3.017051e-01
2.959117e-01
2.907286e-01
2.861677e-01
2.822391e-01
2.789518e-01
2.763131e-01
2.743289e-01
2.730036e-01
