2.853132e-01
2.853132e-01
2.859472e-01
2.872139e-01
2.891103e-01
2.916321e-01
2.947734e-01
2.985272e-01
3.028846e-01
3.078358e-01
3.133693e-01
3.194722e-01
3.261304e-01
3.333283e-01
3.410492e-01
3.492749e-01
3.579861e-01
3.671622e-01
3.767816e-01
3.868213e-01
3.972573e-01
4.080649e-01
4.192179e-01
4.306896e-01
4.424523e-01
4.544774e-01
4.667360e-01
4.791980e-01
4.918333e-01
5.046108e-01
5.174995e-01
5.304678e-01
5.434840e-01
5.565160e-01
5.695322e-01
5.825005e-01
5.953892e-01
6.081667e-01
6.208020e-01
6.332640e-01
6.455226e-01
6.575477e-01
6.693104e-01
6.807821e-01
6.919351e-01
7.027427e-01
7.131787e-01
7.232184e-01
7.328378e-01
7.420139e-01
7.507251e-01
7.589508e-01
7.666717e-01
7.738696e-01
7.805278e-01
7.866307e-01
7.921642e-01
7.971154e-01
8.014728e-01
8.052266e-01
8.083679e-01
8.108897e-01
8.127861e-01
8.140528e-01
8.146868e-01
8.146868e-01
8.140528e-01
8.127861e-01
8.108897e-01
8.083679e-01
8.052266e-01
8.014728e-01
7.971154e-01
7.921642e-01
7.866307e-01
7.805278e-01
7.738696e-01
7.666717e-01
7.589508e-01
7.507251e-01
7.420139e-01
7.328378e-01
7.232184e-01
7.131787e-01
7.027427e-01
6.919351e-01
6.807821e-01
6.693104e-01
6.575477e-01
6.455226e-01
6.332640e-01
6.208020e-01
6.081667e-01
5.953892e-01
5.825005e-01
5.695322e-01
5.565160e-01
5.434840e-01
5.304678e-01
5.174995e-01
5.046108e-01
4.918333e-01
4.791980e-01
4.667360e-01
4.544774e-01
4.424523e-01
4.306896e-01
4.192179e-01
4.080649e-01
3.972573e-01
3.868213e-01
3.767816e-01
3.671622e-01
3.579861e-01
3.492749e-01
3.410492e-01
3.333283e-01
3.261304e-01
3.194722e-01
3.133693e-01
3.078358e-01
3.028846e-01
2.985272e-01
2.947734e-01
2.916321e-01
2.891103e-01
2.872139e-01
2.859472e-01
