2.977066e-01
2.977066e-01
2.983121e-01
2.995216e-01
3.013324e-01
3.037402e-01
3.067394e-01
3.103230e-01
3.144827e-01
3.192088e-01
3.244901e-01
3.303143e-01
3.366676e-01
3.435352e-01
3.509008e-01
3.587470e-01
3.670552e-01
3.758056e-01
3.849775e-01
3.945489e-01
4.044969e-01
4.147977e-01
4.254265e-01
4.363578e-01
4.475651e-01
4.590215e-01
4.706991e-01
4.825696e-01
4.946043e-01
5.067739e-01
5.190488e-01
5.313990e-01
5.437946e-01
5.562054e-01
5.686010e-01
5.809512e-01
5.932261e-01
6.053957e-01
6.174304e-01
6.293009e-01
6.409785e-01
6.524349e-01
6.636422e-01
6.745735e-01
6.852023e-01
6.955031e-01
7.054511e-01
7.150225e-01
7.241944e-01
7.329448e-01
7.412530e-01
7.490992e-01
7.564648e-01
7.633324e-01
7.696857e-01
7.755099e-01
7.807912e-01
7.855173e-01
7.896770e-01
7.932606e-01
7.962598e-01
7.986676e-01
8.004784e-01
8.016879e-01
8.022934e-01
8.022934e-01
8.016879e-01
8.004784e-01
7.986676e-01
7.962598e-01
7.932606e-01
7.896770e-01
7.855173e-01
7.807912e-01
7.755099e-01
7.696857e-01
7.633324e-01
7.564648e-01
7.490992e-01
7.412530e-01
7.329448e-01
7.241944e-01
7.150225e-01
7.054511e-01
6.955031e-01
6.852023e-01
6.745735e-01
6.636422e-01
6.524349e-01
6.409785e-01
6.293009e-01
6.174304e-01
6.053957e-01
5.932261e-01
5.809512e-01
5.686010e-01
5.562054e-01
5.437946e-01
5.313990e-01
5.190488e-01
5.067739e-01
4.946043e-01
4.825696e-01
4.706991e-01
4.590215e-01
4.475651e-01
4.363578e-01
4.254265e-01
4.147977e-01
4.044969e-01
3.945489e-01
3.849775e-01
3.758056e-01
3.670552e-01
3.587470e-01
3.509008e-01
3.435352e-01
3.366676e-01
3.303143e-01
3.244901e-01
3.192088e-01
3.144827e-01
3.103230e-01
3.067394e-01
3.037402e-01
3.013324e-01
2.995216e-01
2.983121e-01
