3.095370e-01
3.095370e-01
3.101148e-01
3.112690e-01
3.129970e-01
3.152945e-01
3.181563e-01
3.215756e-01
3.255443e-01
3.300531e-01
3.350912e-01
3.406468e-01
3.467068e-01
3.532567e-01
3.602809e-01
3.677628e-01
3.756846e-01
3.840273e-01
3.927709e-01
4.018947e-01
4.113766e-01
4.211939e-01
4.313231e-01
4.417396e-01
4.524185e-01
4.633339e-01
4.744594e-01
4.857681e-01
4.972327e-01
5.088254e-01
5.205179e-01
5.322821e-01
5.440892e-01
5.559108e-01
5.677179e-01
5.794821e-01
5.911746e-01
6.027673e-01
6.142319e-01
6.255406e-01
6.366661e-01
6.475815e-01
6.582604e-01
6.686769e-01
6.788061e-01
6.886234e-01
6.981053e-01
7.072291e-01
7.159727e-01
7.243154e-01
7.322372e-01
7.397191e-01
7.467433e-01
7.532932e-01
7.593532e-01
7.649088e-01
7.699469e-01
7.744557e-01
7.784244e-01
7.818437e-01
7.847055e-01
7.870030e-01
7.887310e-01
7.898852e-01
7.904630e-01
7.904630e-01
7.898852e-01
7.887310e-01
7.870030e-01
7.847055e-01
7.818437e-01
7.784244e-01
7.744557e-01
7.699469e-01
7.649088e-01
7.593532e-01
7.532932e-01
7.467433e-01
7.397191e-01
7.322372e-01
7.243154e-01
7.159727e-01
7.072291e-01
6.981053e-01
6.886234e-01
6.788061e-01
6.686769e-01
6.582604e-01
6.475815e-01
6.366661e-01
6.255406e-01
6.142319e-01
6.027673e-01
5.911746e-01
5.794821e-01
5.677179e-01
5.559108e-01
5.440892e-01
5.322821e-01
5.205179e-01
5.088254e-01
4.972327e-01
4.857681e-01
4.744594e-01
4.633339e-01
4.524185e-01
4.417396e-01
4.313231e-01
4.211939e-01
4.113766e-01
4.018947e-01
3.927709e-01
3.840273e-01
3.756846e-01
3.677628e-01
3.602809e-01
3.532567e-01
3.467068e-01
3.406468e-01
3.350912e-01
3.300531e-01
3.255443e-01
3.215756e-01
3.181563e-01
3.152945e-01
3.129970e-01
3.112690e-01
3.101148e-01
