3.208239e-01
3.208239e-01
3.213751e-01
3.224760e-01
3.241242e-01
3.263156e-01
3.290452e-01
3.323063e-01
3.360914e-01
3.403913e-01
3.451959e-01
3.504937e-01
3.562721e-01
3.625174e-01
3.692146e-01
3.763476e-01
3.838996e-01
3.918524e-01
4.001869e-01
4.088831e-01
4.179202e-01
4.272764e-01
4.369293e-01
4.468555e-01
4.570312e-01
4.674318e-01
4.780322e-01
4.888068e-01
4.997295e-01
5.107739e-01
5.219133e-01
5.331207e-01
5.443690e-01
5.556310e-01
5.668793e-01
5.780867e-01
5.892261e-01
6.002705e-01
6.111932e-01
6.219678e-01
6.325682e-01
6.429688e-01
6.531445e-01
6.630707e-01
6.727236e-01
6.820798e-01
6.911169e-01
6.998131e-01
7.081476e-01
7.161004e-01
7.236524e-01
7.307854e-01
7.374826e-01
7.437279e-01
7.495063e-01
7.548041e-01
7.596087e-01
7.639086e-01
7.676937e-01
7.709548e-01
7.736844e-01
7.758758e-01
7.775240e-01
7.786249e-01
7.791761e-01
7.791761e-01
7.786249e-01
7.775240e-01
7.758758e-01
7.736844e-01
7.709548e-01
7.676937e-01
7.639086e-01
7.596087e-01
7.548041e-01
7.495063e-01
7.437279e-01
7.374826e-01
7.307854e-01
7.236524e-01
7.161004e-01
7.081476e-01
6.998131e-01
6.911169e-01
6.820798e-01
6.727236e-01
6.630707e-01
6.531445e-01
6.429688e-01
6.325682e-01
6.219678e-01
6.111932e-01
6.002705e-01
5.892261e-01
5.780867e-01
5.668793e-01
5.556310e-01
5.443690e-01
5.331207e-01
5.219133e-01
5.107739e-01
4.997295e-01
4.888068e-01
4.780322e-01
4.674318e-01
4.570312e-01
4.468555e-01
4.369293e-01
4.272764e-01
4.179202e-01
4.088831e-01
4.001869e-01
3.918524e-01
3.838996e-01
3.763476e-01
3.692146e-01
3.625174e-01
3.562721e-01
3.504937e-01
3.451959e-01
3.403913e-01
3.360914e-01
3.323063e-01
3.290452e-01
3.263156e-01
3.241242e-01
3.224760e-01
3.213751e-01
