1.003542e-01
1.003542e-01
1.004116e-01
1.005332e-01
1.007327e-01
1.010317e-01
1.014610e-01
1.020619e-01
1.028881e-01
1.040075e-01
1.055044e-01
1.074813e-01
1.100602e-01
1.133837e-01
1.176152e-01
1.229378e-01
1.295518e-01
1.376709e-01
1.475163e-01
1.593094e-01
1.732628e-01
1.895699e-01
2.083935e-01
2.298545e-01
2.540205e-01
2.808961e-01
3.104152e-01
3.424358e-01
3.767390e-01
4.130309e-01
4.509492e-01
4.900740e-01
5.299411e-01
5.700589e-01
6.099260e-01
6.490508e-01
6.869691e-01
7.232610e-01
7.575642e-01
7.895848e-01
8.191039e-01
8.459795e-01
8.701455e-01
8.916065e-01
9.104301e-01
9.267372e-01
9.406906e-01
9.524837e-01
9.623291e-01
9.704482e-01
9.770622e-01
9.823848e-01
9.866163e-01
9.899398e-01
9.925187e-01
9.944956e-01
9.959925e-01
9.971119e-01
9.979381e-01
9.985390e-01
9.989683e-01
9.992673e-01
9.994668e-01
9.995884e-01
9.996458e-01
9.996458e-01
9.995884e-01
9.994668e-01
9.992673e-01
9.989683e-01
9.985390e-01
9.979381e-01
9.971119e-01
9.959925e-01
9.944956e-01
9.925187e-01
9.899398e-01
9.866163e-01
9.823848e-01
9.770622e-01
9.704482e-01
9.623291e-01
9.524837e-01
9.406906e-01
9.267372e-01
9.104301e-01
8.916065e-01
8.701455e-01
8.459795e-01
8.191039e-01
7.895848e-01
7.575642e-01
7.232610e-01
6.869691e-01
6.490508e-01
6.099260e-01
5.700589e-01
5.299411e-01
4.900740e-01
4.509492e-01
4.130309e-01
3.767390e-01
3.424358e-01
3.104152e-01
2.808961e-01
2.540205e-01
2.298545e-01
2.083935e-01
1.895699e-01
1.732628e-01
1.593094e-01
1.475163e-01
1.376709e-01
1.295518e-01
1.229378e-01
1.176152e-01
1.133837e-01
1.100602e-01
1.074813e-01
1.055044e-01
1.040075e-01
1.028881e-01
1.020619e-01
1.014610e-01
1.010317e-01
1.007327e-01
1.005332e-01
1.004116e-01
