3.516361e-01
3.516361e-01
3.521137e-01
3.530678e-01
3.544960e-01
3.563950e-01
3.587602e-01
3.615859e-01
3.648654e-01
3.685908e-01
3.727531e-01
3.773424e-01
3.823476e-01
3.877567e-01
3.935568e-01
3.997338e-01
4.062730e-01
4.131587e-01
4.203742e-01
4.279022e-01
4.357246e-01
4.438225e-01
4.521765e-01
4.607665e-01
4.695716e-01
4.785708e-01
4.877423e-01
4.970641e-01
5.065135e-01
5.160679e-01
5.257041e-01
5.353990e-01
5.451291e-01
5.548709e-01
5.646010e-01
5.742959e-01
5.839321e-01
5.934865e-01
6.029359e-01
6.122577e-01
6.214292e-01
6.304284e-01
6.392335e-01
6.478235e-01
6.561775e-01
6.642754e-01
6.720978e-01
6.796258e-01
6.868413e-01
6.937270e-01
7.002662e-01
7.064432e-01
7.122433e-01
7.176524e-01
7.226576e-01
7.272469e-01
7.314092e-01
7.351346e-01
7.384141e-01
7.412398e-01
7.436050e-01
7.455040e-01
7.469322e-01
7.478863e-01
7.483639e-01
7.483639e-01
7.478863e-01
7.469322e-01
7.455040e-01
7.436050e-01
7.412398e-01
7.384141e-01
7.351346e-01
7.314092e-01
7.272469e-01
7.226576e-01
7.176524e-01
7.122433e-01
7.064432e-01
7.002662e-01
6.937270e-01
6.868413e-01
6.796258e-01
6.720978e-01
6.642754e-01
6.561775e-01
6.478235e-01
6.392335e-01
6.304284e-01
6.214292e-01
6.122577e-01
6.029359e-01
5.934865e-01
5.839321e-01
5.742959e-01
5.646010e-01
5.548709e-01
5.451291e-01
5.353990e-01
5.257041e-01
5.160679e-01
5.065135e-01
4.970641e-01
4.877423e-01
4.785708e-01
4.695716e-01
4.607665e-01
4.521765e-01
4.438225e-01
4.357246e-01
4.279022e-01
4.203742e-01
4.131587e-01
4.062730e-01
3.997338e-01
3.935568e-01
3.877567e-01
3.823476e-01
3.773424e-01
3.727531e-01
3.685908e-01
3.648654e-01
3.615859e-01
3.587602e-01
3.563950e-01
3.544960e-01
3.530678e-01
3.521137e-01
