3.698515e-01
3.698515e-01
3.702854e-01
3.711521e-01
3.724496e-01
3.741747e-01
3.763233e-01
3.788902e-01
3.818693e-01
3.852534e-01
3.890343e-01
3.932030e-01
3.977494e-01
4.026626e-01
4.079308e-01
4.135413e-01
4.194806e-01
4.257344e-01
4.322877e-01
4.391246e-01
4.462288e-01
4.535830e-01
4.611696e-01
4.689704e-01
4.769665e-01
4.851386e-01
4.934671e-01
5.019318e-01
5.105125e-01
5.191883e-01
5.279384e-01
5.367417e-01
5.455770e-01
5.544230e-01
5.632583e-01
5.720616e-01
5.808117e-01
5.894875e-01
5.980682e-01
6.065329e-01
6.148614e-01
6.230335e-01
6.310296e-01
6.388304e-01
6.464170e-01
6.537712e-01
6.608754e-01
6.677123e-01
6.742656e-01
6.805194e-01
6.864587e-01
6.920692e-01
6.973374e-01
7.022506e-01
7.067970e-01
7.109657e-01
7.147466e-01
7.181307e-01
7.211098e-01
7.236767e-01
7.258253e-01
7.275504e-01
7.288479e-01
7.297146e-01
7.301485e-01
7.301485e-01
7.297146e-01
7.288479e-01
7.275504e-01
7.258253e-01
7.236767e-01
7.211098e-01
7.181307e-01
7.147466e-01
7.109657e-01
7.067970e-01
7.022506e-01
6.973374e-01
6.920692e-01
6.864587e-01
6.805194e-01
6.742656e-01
6.677123e-01
6.608754e-01
6.537712e-01
6.464170e-01
6.388304e-01
6.310296e-01
6.230335e-01
6.148614e-01
6.065329e-01
5.980682e-01
5.894875e-01
5.808117e-01
5.720616e-01
5.632583e-01
5.544230e-01
5.455770e-01
5.367417e-01
5.279384e-01
5.191883e-01
5.105125e-01
5.019318e-01
4.934671e-01
4.851386e-01
4.769665e-01
4.689704e-01
4.611696e-01
4.535830e-01
4.462288e-01
4.391246e-01
4.322877e-01
4.257344e-01
4.194806e-01
4.135413e-01
4.079308e-01
4.026626e-01
3.977494e-01
3.932030e-01
3.890343e-01
3.852534e-01
3.818693e-01
3.788902e-01
3.763233e-01
3.741747e-01
3.724496e-01
3.711521e-01
3.702854e-01
