3.863976e-01
3.863976e-01
3.867917e-01
3.875789e-01
3.887574e-01
3.903242e-01
3.922758e-01
3.946072e-01
3.973130e-01
4.003866e-01
4.038206e-01
4.076067e-01
4.117359e-01
4.161982e-01
4.209828e-01
4.260783e-01
4.314723e-01
4.371520e-01
4.431035e-01
4.493125e-01
4.557642e-01
4.624430e-01
4.693327e-01
4.764168e-01
4.836782e-01
4.910995e-01
4.986627e-01
5.063496e-01
5.141417e-01
5.220202e-01
5.299661e-01
5.379603e-01
5.459835e-01
5.540165e-01
5.620397e-01
5.700339e-01
5.779798e-01
5.858583e-01
5.936504e-01
6.013373e-01
6.089005e-01
6.163218e-01
6.235832e-01
6.306673e-01
6.375570e-01
6.442358e-01
6.506875e-01
6.568965e-01
6.628480e-01
6.685277e-01
6.739217e-01
6.790172e-01
6.838018e-01
6.882641e-01
6.923933e-01
6.961794e-01
6.996134e-01
7.026870e-01
7.053928e-01
7.077242e-01
7.096758e-01
7.112426e-01
7.124211e-01
7.132083e-01
7.136024e-01
7.136024e-01
7.132083e-01
7.124211e-01
7.112426e-01
7.096758e-01
7.077242e-01
7.053928e-01
7.026870e-01
6.996134e-01
6.961794e-01
6.923933e-01
6.882641e-01
6.838018e-01
6.790172e-01
6.739217e-01
6.685277e-01
6.628480e-01
6.568965e-01
6.506875e-01
6.442358e-01
6.375570e-01
6.306673e-01
6.235832e-01
6.163218e-01
6.089005e-01
6.013373e-01
5.936504e-01
5.858583e-01
5.779798e-01
5.700339e-01
5.620397e-01
5.540165e-01
5.459835e-01
5.379603e-01
5.299661e-01
5.220202e-01
5.141417e-01
5.063496e-01
4.986627e-01
4.910995e-01
4.836782e-01
4.764168e-01
4.693327e-01
4.624430e-01
4.557642e-01
4.493125e-01
4.431035e-01
4.371520e-01
4.314723e-01
4.260783e-01
4.209828e-01
4.161982e-01
4.117359e-01
4.076067e-01
4.038206e-01
4.003866e-01
3.973130e-01
3.946072e-01
3.922758e-01
3.903242e-01
3.887574e-01
3.875789e-01
3.867917e-01
