4.014254e-01
4.014254e-01
4.017833e-01
4.024982e-01
4.035685e-01
4.049915e-01
4.067639e-01
4.088813e-01
4.113387e-01
4.141301e-01
4.172488e-01
4.206873e-01
4.244374e-01
4.284899e-01
4.328352e-01
4.374627e-01
4.423614e-01
4.475194e-01
4.529243e-01
4.585631e-01
4.644221e-01
4.704874e-01
4.767442e-01
4.831775e-01
4.897719e-01
4.965113e-01
5.033796e-01
5.103603e-01
5.174364e-01
5.245911e-01
5.318069e-01
5.390666e-01
5.463526e-01
5.536474e-01
5.609334e-01
5.681931e-01
5.754089e-01
5.825636e-01
5.896397e-01
5.966204e-01
6.034887e-01
6.102281e-01
6.168225e-01
6.232558e-01
6.295126e-01
6.355779e-01
6.414369e-01
6.470757e-01
6.524806e-01
6.576386e-01
6.625373e-01
6.671648e-01
6.715101e-01
6.755626e-01
6.793127e-01
6.827512e-01
6.858699e-01
6.886613e-01
6.911187e-01
6.932361e-01
6.950085e-01
6.964315e-01
6.975018e-01
6.982167e-01
6.985746e-01
6.985746e-01
6.982167e-01
6.975018e-01
6.964315e-01
6.950085e-01
6.932361e-01
6.911187e-01
6.886613e-01
6.858699e-01
6.827512e-01
6.793127e-01
6.755626e-01
6.715101e-01
6.671648e-01
6.625373e-01
6.576386e-01
6.524806e-01
6.470757e-01
6.414369e-01
6.355779e-01
6.295126e-01
6.232558e-01
6.168225e-01
6.102281e-01
6.034887e-01
5.966204e-01
5.896397e-01
5.825636e-01
5.754089e-01
5.681931e-01
5.609334e-01
5.536474e-01
5.463526e-01
5.390666e-01
5.318069e-01
5.245911e-01
5.174364e-01
5.103603e-01
5.033796e-01
4.965113e-01
4.897719e-01
4.831775e-01
4.767442e-01
4.704874e-01
4.644221e-01
4.585631e-01
4.529243e-01
4.475194e-01
4.423614e-01
4.374627e-01
4.328352e-01
4.284899e-01
4.244374e-01
4.206873e-01
4.172488e-01
4.141301e-01
4.113387e-01
4.088813e-01
4.067639e-01
4.049915e-01
4.035685e-01
4.024982e-01
4.017833e-01
