4.150733e-01
4.150733e-01
4.153983e-01
4.160476e-01
4.170196e-01
4.183120e-01
4.199216e-01
4.218445e-01
4.240762e-01
4.266113e-01
4.294436e-01
4.325663e-01
4.359719e-01
4.396523e-01
4.435985e-01
4.478010e-01
4.522497e-01
4.569339e-01
4.618423e-01
4.669632e-01
4.722840e-01
4.777921e-01
4.834742e-01
4.893165e-01
4.953051e-01
5.014254e-01
5.076627e-01
5.140021e-01
5.204281e-01
5.269254e-01
5.334783e-01
5.400711e-01
5.466877e-01
5.533123e-01
5.599289e-01
5.665217e-01
5.730746e-01
5.795719e-01
5.859979e-01
5.923373e-01
5.985746e-01
6.046949e-01
6.106835e-01
6.165258e-01
6.222079e-01
6.277160e-01
6.330368e-01
6.381577e-01
6.430661e-01
6.477503e-01
6.521990e-01
6.564015e-01
6.603477e-01
6.640281e-01
6.674337e-01
6.705564e-01
6.733887e-01
6.759238e-01
6.781555e-01
6.800784e-01
6.816880e-01
6.829804e-01
6.839524e-01
6.846017e-01
6.849267e-01
6.849267e-01
6.846017e-01
6.839524e-01
6.829804e-01
6.816880e-01
6.800784e-01
6.781555e-01
6.759238e-01
6.733887e-01
6.705564e-01
6.674337e-01
6.640281e-01
6.603477e-01
6.564015e-01
6.521990e-01
6.477503e-01
6.430661e-01
6.381577e-01
6.330368e-01
6.277160e-01
6.222079e-01
6.165258e-01
6.106835e-01
6.046949e-01
5.985746e-01
5.923373e-01
5.859979e-01
5.795719e-01
5.730746e-01
5.665217e-01
5.599289e-01
5.533123e-01
5.466877e-01
5.400711e-01
5.334783e-01
5.269254e-01
5.204281e-01
5.140021e-01
5.076627e-01
5.014254e-01
4.953051e-01
4.893165e-01
4.834742e-01
4.777921e-01
4.722840e-01
4.669632e-01
4.618423e-01
4.569339e-01
4.522497e-01
4.478010e-01
4.435985e-01
4.396523e-01
4.359719e-01
4.325663e-01
4.294436e-01
4.266113e-01
4.240762e-01
4.218445e-01
4.199216e-01
4.183120e-01
4.170196e-01
4.160476e-01
4.153983e-01
