1.032761e-01
1.032761e-01
1.035257e-01
1.040361e-01
1.048298e-01
1.059407e-01
1.074139e-01
1.093061e-01
1.116850e-01
1.146294e-01
1.182286e-01
1.225815e-01
1.277951e-01
1.339834e-01
1.412647e-01
1.497595e-01
1.595868e-01
1.708610e-01
1.836882e-01
1.981615e-01
2.143570e-01
2.323299e-01
2.521104e-01
2.737000e-01
2.970691e-01
3.221548e-01
3.488599e-01
3.770531e-01
4.065702e-01
4.372168e-01
4.687719e-01
5.009923e-01
5.336186e-01
5.663814e-01
5.990077e-01
6.312281e-01
6.627832e-01
6.934298e-01
7.229469e-01
7.511401e-01
7.778452e-01
8.029309e-01
8.263000e-01
8.478896e-01
8.676701e-01
8.856430e-01
9.018385e-01
9.163118e-01
9.291390e-01
9.404132e-01
9.502405e-01
9.587353e-01
9.660166e-01
9.722049e-01
9.774185e-01
9.817714e-01
9.853706e-01
9.883150e-01
9.906939e-01
9.925861e-01
9.940593e-01
9.951702e-01
9.959639e-01
9.964743e-01
9.967239e-01
9.967239e-01
9.964743e-01
9.959639e-01
9.951702e-01
9.940593e-01
9.925861e-01
9.906939e-01
9.883150e-01
9.853706e-01
9.817714e-01
9.774185e-01
9.722049e-01
9.660166e-01
9.587353e-01
9.502405e-01
9.404132e-01
9.291390e-01
9.163118e-01
9.018385e-01
8.856430e-01
8.676701e-01
8.478896e-01
8.263000e-01
8.029309e-01
7.778452e-01
7.511401e-01
7.229469e-01
6.934298e-01
6.627832e-01
6.312281e-01
5.990077e-01
5.663814e-01
5.336186e-01
5.009923e-01
4.687719e-01
4.372168e-01
4.065702e-01
3.770531e-01
3.488599e-01
3.221548e-01
2.970691e-01
2.737000e-01
2.521104e-01
2.323299e-01
2.143570e-01
1.981615e-01
1.836882e-01
1.708610e-01
1.595868e-01
1.497595e-01
1.412647e-01
1.339834e-01
1.277951e-01
1.225815e-01
1.182286e-01
1.146294e-01
1.116850e-01
1.093061e-01
1.074139e-01
1.059407e-01
1.048298e-01
1.040361e-01
1.035257e-01
