4.274678e-01
4.274678e-01
4.277630e-01
4.283527e-01
4.292354e-01
4.304090e-01
4.318708e-01
4.336171e-01
4.356438e-01
4.379460e-01
4.405182e-01
4.433541e-01
4.464469e-01
4.497892e-01
4.533729e-01
4.571894e-01
4.612294e-01
4.654834e-01
4.699409e-01
4.745913e-01
4.794234e-01
4.844255e-01
4.895856e-01
4.948913e-01
5.003297e-01
5.058878e-01
5.115521e-01
5.173091e-01
5.231448e-01
5.290452e-01
5.349961e-01
5.409832e-01
5.469920e-01
5.530080e-01
5.590168e-01
5.650039e-01
5.709548e-01
5.768552e-01
5.826909e-01
5.884479e-01
5.941122e-01
5.996703e-01
6.051087e-01
6.104144e-01
6.155745e-01
6.205766e-01
6.254087e-01
6.300591e-01
6.345166e-01
6.387706e-01
6.428106e-01
6.466271e-01
6.502108e-01
6.535531e-01
6.566459e-01
6.594818e-01
6.620540e-01
6.643562e-01
6.663829e-01
6.681292e-01
6.695910e-01
6.707646e-01
6.716473e-01
6.722370e-01
6.725322e-01
6.725322e-01
6.722370e-01
6.716473e-01
6.707646e-01
6.695910e-01
6.681292e-01
6.663829e-01
6.643562e-01
6.620540e-01
6.594818e-01
6.566459e-01
6.535531e-01
6.502108e-01
6.466271e-01
6.428106e-01
6.387706e-01
6.345166e-01
6.300591e-01
6.254087e-01
6.205766e-01
6.155745e-01
6.104144e-01
6.051087e-01
5.996703e-01
5.941122e-01
5.884479e-01
5.826909e-01
5.768552e-01
5.709548e-01
5.650039e-01
5.590168e-01
5.530080e-01
5.469920e-01
5.409832e-01
5.349961e-01
5.290452e-01
5.231448e-01
5.173091e-01
5.115521e-01
5.058878e-01
5.003297e-01
4.948913e-01
4.895856e-01
4.844255e-01
4.794234e-01
4.745913e-01
4.699409e-01
4.654834e-01
4.612294e-01
4.571894e-01
4.533729e-01
4.497892e-01
4.464469e-01
4.433541e-01
4.405182e-01
4.379460e-01
4.356438e-01
4.336171e-01
4.318708e-01
4.304090e-01
4.292354e-01
4.283527e-01
4.277630e-01
