4.387239e-01
4.387239e-01
4.389919e-01
4.395274e-01
4.403291e-01
4.413949e-01
4.427224e-01
4.443083e-01
4.461488e-01
4.482396e-01
4.505754e-01
4.531508e-01
4.559596e-01
4.589948e-01
4.622493e-01
4.657152e-01
4.693842e-01
4.732474e-01
4.772954e-01
4.815187e-01
4.859069e-01
4.904495e-01
4.951356e-01
4.999538e-01
5.048926e-01
5.099401e-01
5.150841e-01
5.203122e-01
5.256118e-01
5.309702e-01
5.363745e-01
5.418115e-01
5.472683e-01
5.527317e-01
5.581885e-01
5.636255e-01
5.690298e-01
5.743882e-01
5.796878e-01
5.849159e-01
5.900599e-01
5.951074e-01
6.000462e-01
6.048644e-01
6.095505e-01
6.140931e-01
6.184813e-01
6.227046e-01
6.267526e-01
6.306158e-01
6.342848e-01
6.377507e-01
6.410052e-01
6.440404e-01
6.468492e-01
6.494246e-01
6.517604e-01
6.538512e-01
6.556917e-01
6.572776e-01
6.586051e-01
6.596709e-01
6.604726e-01
6.610081e-01
6.612761e-01
6.612761e-01
6.610081e-01
6.604726e-01
6.596709e-01
6.586051e-01
6.572776e-01
6.556917e-01
6.538512e-01
6.517604e-01
6.494246e-01
6.468492e-01
6.440404e-01
6.410052e-01
6.377507e-01
6.342848e-01
6.306158e-01
6.267526e-01
6.227046e-01
6.184813e-01
6.140931e-01
6.095505e-01
6.048644e-01
6.000462e-01
5.951074e-01
5.900599e-01
5.849159e-01
5.796878e-01
5.743882e-01
5.690298e-01
5.636255e-01
5.581885e-01
5.527317e-01
5.472683e-01
5.418115e-01
5.363745e-01
5.309702e-01
5.256118e-01
5.203122e-01
5.150841e-01
5.099401e-01
5.048926e-01
4.999538e-01
4.951356e-01
4.904495e-01
4.859069e-01
4.815187e-01
4.772954e-01
4.732474e-01
4.693842e-01
4.657152e-01
4.622493e-01
4.589948e-01
4.559596e-01
4.531508e-01
4.505754e-01
4.482396e-01
4.461488e-01
4.443083e-01
4.427224e-01
4.413949e-01
4.403291e-01
4.395274e-01
4.389919e-01
