4.489459e-01
4.489459e-01
4.491894e-01
4.496757e-01
4.504037e-01
4.513716e-01
4.525772e-01
4.540174e-01
4.556889e-01
4.575875e-01
4.597088e-01
4.620477e-01
4.645984e-01
4.673548e-01
4.703104e-01
4.734579e-01
4.767898e-01
4.802981e-01
4.839743e-01
4.878096e-01
4.917947e-01
4.959200e-01
5.001756e-01
5.045512e-01
5.090363e-01
5.136201e-01
5.182916e-01
5.230394e-01
5.278522e-01
5.327184e-01
5.376262e-01
5.425638e-01
5.475193e-01
5.524807e-01
5.574362e-01
5.623738e-01
5.672816e-01
5.721478e-01
5.769606e-01
5.817084e-01
5.863799e-01
5.909637e-01
5.954488e-01
5.998244e-01
6.040800e-01
6.082053e-01
6.121904e-01
6.160257e-01
6.197019e-01
6.232102e-01
6.265421e-01
6.296896e-01
6.326452e-01
6.354016e-01
6.379523e-01
6.402912e-01
6.424125e-01
6.443111e-01
6.459826e-01
6.474228e-01
6.486284e-01
6.495963e-01
6.503243e-01
6.508106e-01
6.510541e-01
6.510541e-01
6.508106e-01
6.503243e-01
6.495963e-01
6.486284e-01
6.474228e-01
6.459826e-01
6.443111e-01
6.424125e-01
6.402912e-01
6.379523e-01
6.354016e-01
6.326452e-01
6.296896e-01
6.265421e-01
6.232102e-01
6.197019e-01
6.160257e-01
6.121904e-01
6.082053e-01
6.040800e-01
5.998244e-01
5.954488e-01
5.909637e-01
5.863799e-01
5.817084e-01
5.769606e-01
5.721478e-01
5.672816e-01
5.623738e-01
5.574362e-01
5.524807e-01
5.475193e-01
5.425638e-01
5.376262e-01
5.327184e-01
5.278522e-01
5.230394e-01
5.182916e-01
5.136201e-01
5.090363e-01
5.045512e-01
5.001756e-01
4.959200e-01
4.917947e-01
4.878096e-01
4.839743e-01
4.802981e-01
4.767898e-01
4.734579e-01
4.703104e-01
4.673548e-01
4.645984e-01
4.620477e-01
4.597088e-01
4.575875e-01
4.556889e-01
4.540174e-01
4.525772e-01
4.513716e-01
4.504037e-01
4.496757e-01
4.491894e-01
