4.666593e-01
4.666593e-01
4.668601e-01
4.672612e-01
4.678616e-01
4.686598e-01
4.696541e-01
4.708418e-01
4.722203e-01
4.737862e-01
4.755357e-01
4.774645e-01
4.795681e-01
4.818414e-01
4.842789e-01
4.868747e-01
4.896226e-01
4.925159e-01
4.955477e-01
4.987107e-01
5.019973e-01
5.053995e-01
5.089092e-01
5.125178e-01
5.162167e-01
5.199971e-01
5.238497e-01
5.277653e-01
5.317345e-01
5.357476e-01
5.397951e-01
5.438672e-01
5.479541e-01
5.520459e-01
5.561328e-01
5.602049e-01
5.642524e-01
5.682655e-01
5.722347e-01
5.761503e-01
5.800029e-01
5.837833e-01
5.874822e-01
5.910908e-01
5.946005e-01
5.980027e-01
6.012893e-01
6.044523e-01
6.074841e-01
6.103774e-01
6.131253e-01
6.157211e-01
6.181586e-01
6.204319e-01
6.225355e-01
6.244643e-01
6.262138e-01
6.277797e-01
6.291582e-01
6.303459e-01
6.313402e-01
6.321384e-01
6.327388e-01
6.331399e-01
6.333407e-01
6.333407e-01
6.331399e-01
6.327388e-01
6.321384e-01
6.313402e-01
6.303459e-01
6.291582e-01
6.277797e-01
6.262138e-01
6.244643e-01
6.225355e-01
6.204319e-01
6.181586e-01
6.157211e-01
6.131253e-01
6.103774e-01
6.074841e-01
6.044523e-01
6.012893e-01
5.980027e-01
5.946005e-01
5.910908e-01
5.874822e-01
5.837833e-01
5.800029e-01
5.761503e-01
5.722347e-01
5.682655e-01
5.642524e-01
5.602049e-01
5.561328e-01
5.520459e-01
5.479541e-01
5.438672e-01
5.397951e-01
5.357476e-01
5.317345e-01
5.277653e-01
5.238497e-01
5.199971e-01
5.162167e-01
5.125178e-01
5.089092e-01
5.053995e-01
5.019973e-01
4.987107e-01
4.955477e-01
4.925159e-01
4.896226e-01
4.868747e-01
4.842789e-01
4.818414e-01
4.795681e-01
4.774645e-01
4.755357e-01
4.737862e-01
4.722203e-01
4.708418e-01
4.696541e-01
4.686598e-01
4.678616e-01
4.672612e-01
4.668601e-01
