1.104806e-01
1.104806e-01
1.109458e-01
1.118861e-01
1.133207e-01
1.152782e-01
1.177962e-01
1.209205e-01
1.247043e-01
1.292074e-01
1.344948e-01
1.406358e-01
1.477019e-01
1.557656e-01
1.648982e-01
1.751679e-01
1.866376e-01
1.993630e-01
2.133901e-01
2.287531e-01
2.454728e-01
2.635542e-01
2.829857e-01
3.037373e-01
3.257602e-01
3.489864e-01
3.733288e-01
3.986818e-01
4.249227e-01
4.519130e-01
4.795012e-01
5.075244e-01
5.358119e-01
5.641881e-01
5.924756e-01
6.204988e-01
6.480870e-01
6.750773e-01
7.013182e-01
7.266712e-01
7.510136e-01
7.742398e-01
7.962627e-01
8.170143e-01
8.364458e-01
8.545272e-01
8.712469e-01
8.866099e-01
9.006370e-01
9.133624e-01
9.248321e-01
9.351018e-01
9.442344e-01
9.522981e-01
9.593642e-01
9.655052e-01
9.707926e-01
9.752957e-01
9.790795e-01
9.822038e-01
9.847218e-01
9.866793e-01
9.881139e-01
9.890542e-01
9.895194e-01
9.895194e-01
9.890542e-01
9.881139e-01
9.866793e-01
9.847218e-01
9.822038e-01
9.790795e-01
9.752957e-01
9.707926e-01
9.655052e-01
9.593642e-01
9.522981e-01
9.442344e-01
9.351018e-01
9.248321e-01
9.133624e-01
9.006370e-01
8.866099e-01
8.712469e-01
8.545272e-01
8.364458e-01
8.170143e-01
7.962627e-01
7.742398e-01
7.510136e-01
7.266712e-01
7.013182e-01
6.750773e-01
6.480870e-01
6.204988e-01
5.924756e-01
5.641881e-01
5.358119e-01
5.075244e-01
4.795012e-01
4.519130e-01
4.249227e-01
3.986818e-01
3.733288e-01
3.489864e-01
3.257602e-01
3.037373e-01
2.829857e-01
2.635542e-01
2.454728e-01
2.287531e-01
2.133901e-01
1.993630e-01
1.866376e-01
1.751679e-01
1.648982e-01
1.557656e-01
1.477019e-01
1.406358e-01
1.344948e-01
1.292074e-01
1.247043e-01
1.209205e-01
1.177962e-01
1.152782e-01
1.133207e-01
1.118861e-01
1.109458e-01
