4.812678e-01
4.812678e-01
4.814334e-01
4.817642e-01
4.822593e-01
4.829177e-01
4.837376e-01
4.847172e-01
4.858541e-01
4.871454e-01
4.885883e-01
4.901790e-01
4.919139e-01
4.937887e-01
4.957989e-01
4.979397e-01
5.002059e-01
5.025921e-01
5.050925e-01
5.077011e-01
5.104115e-01
5.132174e-01
5.161118e-01
5.190879e-01
5.221385e-01
5.252562e-01
5.284335e-01
5.316627e-01
5.349362e-01
5.382459e-01
5.415839e-01
5.449422e-01
5.483127e-01
5.516873e-01
5.550578e-01
5.584161e-01
5.617541e-01
5.650638e-01
5.683373e-01
5.715665e-01
5.747438e-01
5.778615e-01
5.809121e-01
5.838882e-01
5.867826e-01
5.895885e-01
5.922989e-01
5.949075e-01
5.974079e-01
5.997941e-01
6.020603e-01
6.042011e-01
6.062113e-01
6.080861e-01
6.098210e-01
6.114117e-01
6.128546e-01
6.141459e-01
6.152828e-01
6.162624e-01
6.170823e-01
6.177407e-01
6.182358e-01
6.185666e-01
6.187322e-01
6.187322e-01
6.185666e-01
6.182358e-01
6.177407e-01
6.170823e-01
6.162624e-01
6.152828e-01
6.141459e-01
6.128546e-01
6.114117e-01
6.098210e-01
6.080861e-01
6.062113e-01
6.042011e-01
6.020603e-01
5.997941e-01
5.974079e-01
5.949075e-01
5.922989e-01
5.895885e-01
5.867826e-01
5.838882e-01
5.809121e-01
5.778615e-01
5.747438e-01
5.715665e-01
5.683373e-01
5.650638e-01
5.617541e-01
5.584161e-01
5.550578e-01
5.516873e-01
5.483127e-01
5.449422e-01
5.415839e-01
5.382459e-01
5.349362e-01
5.316627e-01
5.284335e-01
5.252562e-01
5.221385e-01
5.190879e-01
5.161118e-01
5.132174e-01
5.104115e-01
5.077011e-01
5.050925e-01
5.025921e-01
5.002059e-01
4.979397e-01
4.957989e-01
4.937887e-01
4.919139e-01
4.901790e-01
4.885883e-01
4.871454e-01
4.858541e-01
4.847172e-01
4.837376e-01
4.829177e-01
4.822593e-01
4.817642e-01
4.814334e-01
