4.875817e-01
4.875817e-01
4.877321e-01
4.880325e-01
4.884822e-01
4.890800e-01
4.898247e-01
4.907143e-01
4.917467e-01
4.929194e-01
4.942297e-01
4.956743e-01
4.972498e-01
4.989524e-01
5.007780e-01
5.027221e-01
5.047801e-01
5.069471e-01
5.092178e-01
5.115867e-01
5.140482e-01
5.165963e-01
5.192249e-01
5.219276e-01
5.246979e-01
5.275292e-01
5.304146e-01
5.333472e-01
5.363200e-01
5.393256e-01
5.423570e-01
5.454068e-01
5.484677e-01
5.515323e-01
5.545932e-01
5.576430e-01
5.606744e-01
5.636800e-01
5.666528e-01
5.695854e-01
5.724708e-01
5.753021e-01
5.780724e-01
5.807751e-01
5.834037e-01
5.859518e-01
5.884133e-01
5.907822e-01
5.930529e-01
5.952199e-01
5.972779e-01
5.992220e-01
6.010476e-01
6.027502e-01
6.043257e-01
6.057703e-01
6.070806e-01
6.082533e-01
6.092857e-01
6.101753e-01
6.109200e-01
6.115178e-01
6.119675e-01
6.122679e-01
6.124183e-01
6.124183e-01
6.122679e-01
6.119675e-01
6.115178e-01
6.109200e-01
6.101753e-01
6.092857e-01
6.082533e-01
6.070806e-01
6.057703e-01
6.043257e-01
6.027502e-01
6.010476e-01
5.992220e-01
5.972779e-01
5.952199e-01
5.930529e-01
5.907822e-01
5.884133e-01
5.859518e-01
5.834037e-01
5.807751e-01
5.780724e-01
5.753021e-01
5.724708e-01
5.695854e-01
5.666528e-01
5.636800e-01
5.606744e-01
5.576430e-01
5.545932e-01
5.515323e-01
5.484677e-01
5.454068e-01
5.423570e-01
5.393256e-01
5.363200e-01
5.333472e-01
5.304146e-01
5.275292e-01
5.246979e-01
5.219276e-01
5.192249e-01
5.165963e-01
5.140482e-01
5.115867e-01
5.092178e-01
5.069471e-01
5.047801e-01
5.027221e-01
5.007780e-01
4.989524e-01
4.972498e-01
4.956743e-01
4.942297e-01
4.929194e-01
4.917467e-01
4.907143e-01
4.898247e-01
4.890800e-01
4.884822e-01
4.880325e-01
4.877321e-01
