4.933157e-01
4.933157e-01
4.934522e-01
4.937250e-01
4.941334e-01
4.946763e-01
4.953525e-01
4.961604e-01
4.970980e-01
4.981630e-01
4.993529e-01
5.006648e-01
5.020956e-01
5.036418e-01
5.052996e-01
5.070652e-01
5.089342e-01
5.109021e-01
5.129642e-01
5.151155e-01
5.173509e-01
5.196649e-01
5.220520e-01
5.245064e-01
5.270222e-01
5.295934e-01
5.322138e-01
5.348770e-01
5.375766e-01
5.403062e-01
5.430591e-01
5.458288e-01
5.486085e-01
5.513915e-01
5.541712e-01
5.569409e-01
5.596938e-01
5.624234e-01
5.651230e-01
5.677862e-01
5.704066e-01
5.729778e-01
5.754936e-01
5.779480e-01
5.803351e-01
5.826491e-01
5.848845e-01
5.870358e-01
5.890979e-01
5.910658e-01
5.929348e-01
5.947004e-01
5.963582e-01
5.979044e-01
5.993352e-01
6.006471e-01
6.018370e-01
6.029020e-01
6.038396e-01
6.046475e-01
6.053237e-01
6.058666e-01
6.062750e-01
6.065478e-01
6.066843e-01
6.066843e-01
6.065478e-01
6.062750e-01
6.058666e-01
6.053237e-01
6.046475e-01
6.038396e-01
6.029020e-01
6.018370e-01
6.006471e-01
5.993352e-01
5.979044e-01
5.963582e-01
5.947004e-01
5.929348e-01
5.910658e-01
5.890979e-01
5.870358e-01
5.848845e-01
5.826491e-01
5.803351e-01
5.779480e-01
5.754936e-01
5.729778e-01
5.704066e-01
5.677862e-01
5.651230e-01
5.624234e-01
5.596938e-01
5.569409e-01
5.541712e-01
5.513915e-01
5.486085e-01
5.458288e-01
5.430591e-01
5.403062e-01
5.375766e-01
5.348770e-01
5.322138e-01
5.295934e-01
5.270222e-01
5.245064e-01
5.220520e-01
5.196649e-01
5.173509e-01
5.151155e-01
5.129642e-01
5.109021e-01
5.089342e-01
5.070652e-01
5.052996e-01
5.036418e-01
5.020956e-01
5.006648e-01
4.993529e-01
4.981630e-01
4.970980e-01
4.961604e-01
4.953525e-01
4.946763e-01
4.941334e-01
4.937250e-01
4.934522e-01
