1.215308e-01
1.215308e-01
1.221597e-01
1.234241e-01
1.253371e-01
1.279179e-01
1.311912e-01
1.351871e-01
1.399398e-01
1.454869e-01
1.518685e-01
1.591262e-01
1.673014e-01
1.764346e-01
1.865636e-01
1.977225e-01
2.099400e-01
2.232386e-01
2.376328e-01
2.531281e-01
2.697202e-01
2.873941e-01
3.061231e-01
3.258690e-01
3.465810e-01
3.681968e-01
3.906420e-01
4.138316e-01
4.376698e-01
4.620522e-01
4.868662e-01
5.119932e-01
5.373099e-01
5.626901e-01
5.880068e-01
6.131338e-01
6.379478e-01
6.623302e-01
6.861684e-01
7.093580e-01
7.318032e-01
7.534190e-01
7.741310e-01
7.938769e-01
8.126059e-01
8.302798e-01
8.468719e-01
8.623672e-01
8.767614e-01
8.900600e-01
9.022775e-01
9.134364e-01
9.235654e-01
9.326986e-01
9.408738e-01
9.481315e-01
9.545131e-01
9.600602e-01
9.648129e-01
9.688088e-01
9.720821e-01
9.746629e-01
9.765759e-01
9.778403e-01
9.784692e-01
9.784692e-01
9.778403e-01
9.765759e-01
9.746629e-01
9.720821e-01
9.688088e-01
9.648129e-01
9.600602e-01
9.545131e-01
9.481315e-01
9.408738e-01
9.326986e-01
9.235654e-01
9.134364e-01
9.022775e-01
8.900600e-01
8.767614e-01
8.623672e-01
8.468719e-01
8.302798e-01
8.126059e-01
7.938769e-01
7.741310e-01
7.534190e-01
7.318032e-01
7.093580e-01
6.861684e-01
6.623302e-01
6.379478e-01
6.131338e-01
5.880068e-01
5.626901e-01
5.373099e-01
5.119932e-01
4.868662e-01
4.620522e-01
4.376698e-01
4.138316e-01
3.906420e-01
3.681968e-01
3.465810e-01
3.258690e-01
3.061231e-01
2.873941e-01
2.697202e-01
2.531281e-01
2.376328e-01
2.232386e-01
2.099400e-01
1.977225e-01
1.865636e-01
1.764346e-01
1.673014e-01
1.591262e-01
1.518685e-01
1.454869e-01
1.399398e-01
1.351871e-01
1.311912e-01
1.279179e-01
1.253371e-01
1.234241e-01
1.221597e-01
