1.352339e-01
1.352339e-01
1.359659e-01
1.374337e-01
1.396449e-01
1.426105e-01
1.463447e-01
1.508642e-01
1.561880e-01
1.623366e-01
1.693311e-01
1.771926e-01
1.859413e-01
1.955959e-01
2.061720e-01
2.176822e-01
2.301343e-01
2.435314e-01
2.578704e-01
2.731417e-01
2.893285e-01
3.064066e-01
3.243439e-01
3.431003e-01
3.626275e-01
3.828695e-01
4.037626e-01
4.252361e-01
4.472126e-01
4.696090e-01
4.923373e-01
5.153056e-01
5.384190e-01
5.615810e-01
5.846944e-01
6.076627e-01
6.303910e-01
6.527874e-01
6.747639e-01
6.962374e-01
7.171305e-01
7.373725e-01
7.568997e-01
7.756561e-01
7.935934e-01
8.106715e-01
8.268583e-01
8.421296e-01
8.564686e-01
8.698657e-01
8.823178e-01
8.938280e-01
9.044041e-01
9.140587e-01
9.228074e-01
9.306689e-01
9.376634e-01
9.438120e-01
9.491358e-01
9.536553e-01
9.573895e-01
9.603551e-01
9.625663e-01
9.640341e-01
9.647661e-01
9.647661e-01
9.640341e-01
9.625663e-01
9.603551e-01
9.573895e-01
9.536553e-01
9.491358e-01
9.438120e-01
9.376634e-01
9.306689e-01
9.228074e-01
9.140587e-01
9.044041e-01
8.938280e-01
8.823178e-01
8.698657e-01
8.564686e-01
8.421296e-01
8.268583e-01
8.106715e-01
7.935934e-01
7.756561e-01
7.568997e-01
7.373725e-01
7.171305e-01
6.962374e-01
6.747639e-01
6.527874e-01
6.303910e-01
6.076627e-01
5.846944e-01
5.615810e-01
5.384190e-01
5.153056e-01
4.923373e-01
4.696090e-01
4.472126e-01
4.252361e-01
4.037626e-01
3.828695e-01
3.626275e-01
3.431003e-01
3.243439e-01
3.064066e-01
2.893285e-01
2.731417e-01
2.578704e-01
2.435314e-01
2.301343e-01
2.176822e-01
2.061720e-01
1.955959e-01
1.859413e-01
1.771926e-01
1.693311e-01
1.623366e-01
1.561880e-01
1.508642e-01
1.463447e-01
1.426105e-01
1.396449e-01
1.374337e-01
1.359659e-01
