1.504953e-01
1.504953e-01
1.512827e-01
1.528593e-01
1.552288e-01
1.583962e-01
1.623682e-01
1.671524e-01
1.727568e-01
1.791902e-01
1.864605e-01
1.945754e-01
2.035409e-01
2.133614e-01
2.240385e-01
2.355712e-01
2.479546e-01
2.611802e-01
2.752347e-01
2.901000e-01
3.057530e-01
3.221652e-01
3.393023e-01
3.571248e-01
3.755874e-01
3.946395e-01
4.142255e-01
4.342848e-01
4.547525e-01
4.755599e-01
4.966350e-01
5.179032e-01
5.392881e-01
5.607119e-01
5.820968e-01
6.033650e-01
6.244401e-01
6.452475e-01
6.657152e-01
6.857745e-01
7.053605e-01
7.244126e-01
7.428752e-01
7.606977e-01
7.778348e-01
7.942470e-01
8.099000e-01
8.247653e-01
8.388198e-01
8.520454e-01
8.644288e-01
8.759615e-01
8.866386e-01
8.964591e-01
9.054246e-01
9.135395e-01
9.208098e-01
9.272432e-01
9.328476e-01
9.376318e-01
9.416038e-01
9.447712e-01
9.471407e-01
9.487173e-01
9.495047e-01
9.495047e-01
9.487173e-01
9.471407e-01
9.447712e-01
9.416038e-01
9.376318e-01
9.328476e-01
9.272432e-01
9.208098e-01
9.135395e-01
9.054246e-01
8.964591e-01
8.866386e-01
8.759615e-01
8.644288e-01
8.520454e-01
8.388198e-01
8.247653e-01
8.099000e-01
7.942470e-01
7.778348e-01
7.606977e-01
7.428752e-01
7.244126e-01
7.053605e-01
6.857745e-01
6.657152e-01
6.452475e-01
6.244401e-01
6.033650e-01
5.820968e-01
5.607119e-01
5.392881e-01
5.179032e-01
4.966350e-01
4.755599e-01
4.547525e-01
4.342848e-01
4.142255e-01
3.946395e-01
3.755874e-01
3.571248e-01
3.393023e-01
3.221652e-01
3.057530e-01
2.901000e-01
2.752347e-01
2.611802e-01
2.479546e-01
2.355712e-01
2.240385e-01
2.133614e-01
2.035409e-01
1.945754e-01
1.864605e-01
1.791902e-01
1.727568e-01
1.671524e-01
1.623682e-01
1.583962e-01
1.552288e-01
1.528593e-01
1.512827e-01
