1.665119e-01
1.665119e-01
1.673217e-01
1.689418e-01
1.713731e-01
1.746170e-01
1.786749e-01
1.835482e-01
1.892383e-01
1.957457e-01
2.030703e-01
2.112107e-01
2.201642e-01
2.299258e-01
2.404887e-01
2.518434e-01
2.639773e-01
2.768749e-01
2.905172e-01
3.048814e-01
3.199411e-01
3.356656e-01
3.520206e-01
3.689676e-01
3.864642e-01
4.044641e-01
4.229177e-01
4.417717e-01
4.609701e-01
4.804540e-01
5.001624e-01
5.200324e-01
5.399999e-01
5.600001e-01
5.799676e-01
5.998376e-01
6.195460e-01
6.390299e-01
6.582283e-01
6.770823e-01
6.955359e-01
7.135358e-01
7.310324e-01
7.479794e-01
7.643344e-01
7.800589e-01
7.951186e-01
8.094828e-01
8.231251e-01
8.360227e-01
8.481566e-01
8.595113e-01
8.700742e-01
8.798358e-01
8.887893e-01
8.969297e-01
9.042543e-01
9.107617e-01
9.164518e-01
9.213251e-01
9.253830e-01
9.286269e-01
9.310582e-01
9.326783e-01
9.334881e-01
9.334881e-01
9.326783e-01
9.310582e-01
9.286269e-01
9.253830e-01
9.213251e-01
9.164518e-01
9.107617e-01
9.042543e-01
8.969297e-01
8.887893e-01
8.798358e-01
8.700742e-01
8.595113e-01
8.481566e-01
8.360227e-01
8.231251e-01
8.094828e-01
7.951186e-01
7.800589e-01
7.643344e-01
7.479794e-01
7.310324e-01
7.135358e-01
6.955359e-01
6.770823e-01
6.582283e-01
6.390299e-01
6.195460e-01
5.998376e-01
5.799676e-01
5.600001e-01
5.399999e-01
5.200324e-01
5.001624e-01
4.804540e-01
4.609701e-01
4.417717e-01
4.229177e-01
4.044641e-01
3.864642e-01
3.689676e-01
3.520206e-01
3.356656e-01
3.199411e-01
3.048814e-01
2.905172e-01
2.768749e-01
2.639773e-01
2.518434e-01
2.404887e-01
2.299258e-01
2.201642e-01
2.112107e-01
2.030703e-01
1.957457e-01
1.892383e-01
1.835482e-01
1.786749e-01
1.746170e-01
1.713731e-01
1.689418e-01
1.673217e-01
