1.827443e-01
1.827443e-01
1.835549e-01
1.851757e-01
1.876061e-01
1.908448e-01
1.948900e-01
1.997395e-01
2.053898e-01
2.118368e-01
2.190751e-01
2.270977e-01
2.358963e-01
2.454606e-01
2.557783e-01
2.668348e-01
2.786133e-01
2.910940e-01
3.042548e-01
3.180706e-01
3.325131e-01
3.475513e-01
3.631513e-01
3.792759e-01
3.958853e-01
4.129368e-01
4.303852e-01
4.481827e-01
4.662797e-01
4.846242e-01
5.031631e-01
5.218417e-01
5.406045e-01
5.593955e-01
5.781583e-01
5.968369e-01
6.153758e-01
6.337203e-01
6.518173e-01
6.696148e-01
6.870632e-01
7.041147e-01
7.207241e-01
7.368487e-01
7.524487e-01
7.674869e-01
7.819294e-01
7.957452e-01
8.089060e-01
8.213867e-01
8.331652e-01
8.442217e-01
8.545394e-01
8.641037e-01
8.729023e-01
8.809249e-01
8.881632e-01
8.946102e-01
9.002605e-01
9.051100e-01
9.091552e-01
9.123939e-01
9.148243e-01
9.164451e-01
9.172557e-01
9.172557e-01
9.164451e-01
9.148243e-01
9.123939e-01
9.091552e-01
9.051100e-01
9.002605e-01
8.946102e-01
8.881632e-01
8.809249e-01
8.729023e-01
8.641037e-01
8.545394e-01
8.442217e-01
8.331652e-01
8.213867e-01
8.089060e-01
7.957452e-01
7.819294e-01
7.674869e-01
7.524487e-01
7.368487e-01
7.207241e-01
7.041147e-01
6.870632e-01
6.696148e-01
6.518173e-01
6.337203e-01
6.153758e-01
5.968369e-01
5.781583e-01
5.593955e-01
5.406045e-01
5.218417e-01
5.031631e-01
4.846242e-01
4.662797e-01
4.481827e-01
4.303852e-01
4.129368e-01
3.958853e-01
3.792759e-01
3.631513e-01
3.475513e-01
3.325131e-01
3.180706e-01
3.042548e-01
2.910940e-01
2.786133e-01
2.668348e-01
2.557783e-01
2.454606e-01
2.358963e-01
2.270977e-01
2.190751e-01
2.118368e-01
2.053898e-01
1.997395e-01
1.948900e-01
1.908448e-01
1.876061e-01
1.851757e-01
1.835549e-01
