2.216172e-12
2.449707e-12
2.214839e-12
2.448541e-12
2.213563e-12
2.447043e-12
2.211453e-12
2.444989e-12
2.209233e-12
2.443046e-12
2.206013e-12
2.440381e-12
2.203071e-12
2.437717e-12
2.199518e-12
2.435052e-12
2.196132e-12
2.432499e-12
2.191802e-12
2.428890e-12
2.187361e-12
2.425449e-12
2.182143e-12
2.421174e-12
2.176648e-12
2.416956e-12
2.170264e-12
2.411737e-12
2.163492e-12
2.406630e-12
2.156275e-12
2.401079e-12
2.148726e-12
2.395029e-12
2.140066e-12
2.388034e-12
2.130962e-12
2.381206e-12
2.121192e-12
2.373435e-12
2.111089e-12
2.365719e-12
2.099987e-12
2.357226e-12
2.088774e-12
2.348566e-12
2.077005e-12
2.339628e-12
2.064626e-12
2.330580e-12
2.050971e-12
2.319755e-12
2.037204e-12
2.309208e-12
2.022160e-12
2.297940e-12
2.006895e-12
2.286282e-12
1.990796e-12
2.274236e-12
1.974254e-12
2.262190e-12
1.957379e-12
2.249756e-12
1.940004e-12
2.237099e-12
1.921463e-12
2.223555e-12
1.902589e-12
2.209954e-12
1.882994e-12
2.195910e-12
1.862843e-12
2.181977e-12
1.841582e-12
2.166989e-12
1.819989e-12
2.151945e-12
1.797840e-12
2.136402e-12
1.775080e-12
2.121359e-12
1.751266e-12
2.104983e-12
1.726730e-12
2.088718e-12
1.701306e-12
2.071898e-12
1.675549e-12
2.055078e-12
1.648848e-12
2.037814e-12
1.621314e-12
2.020717e-12
1.593337e-12
2.003453e-12
1.564804e-12
1.986467e-12
1.535105e-12
1.968647e-12
1.504741e-12
1.951106e-12
1.473766e-12
1.933842e-12
1.442457e-12
1.916745e-12
1.410094e-12
1.899758e-12
1.377343e-12
1.883327e-12
1.344258e-12
1.867229e-12
1.310507e-12
1.852352e-12
1.275924e-12
1.836864e-12
1.240785e-12
1.822542e-12
1.204870e-12
1.808553e-12
1.168177e-12
1.795508e-12
1.130540e-12
1.782796e-12
1.091571e-12
1.770972e-12
1.052269e-12
1.760037e-12
1.011580e-12
1.750378e-12
9.695023e-13
1.741274e-12
9.265921e-13
1.733502e-12
8.820167e-13
1.727229e-12
8.363310e-13
1.722733e-12
7.887024e-13
1.719402e-12
7.396306e-13
1.718237e-12
6.887824e-13
1.719236e-12
6.360468e-13
1.723122e-12
5.808687e-13
1.728895e-12
5.231371e-13
1.737721e-12
4.624079e-13
1.749489e-12
3.986811e-13
1.765255e-12
3.312350e-13
1.784739e-12
2.596257e-13
1.808997e-12
1.836864e-13
1.838474e-12
1.025846e-13
1.873890e-12
1.559863e-14
1.916522e-12
-7.654988e-14
1.969702e-12
-1.716960e-13
2.039480e-12
-2.621237e-13
2.142675e-12
-3.250178e-13
2.319978e-12
-2.961520e-13
2.682521e-12
1.332268e-15
3.527456e-12
1.051659e-12
5.660583e-12
4.174772e-12
1.126566e-11
1.296363e-11
2.627809e-11
3.719003e-11
6.682133e-11
1.034239e-10
1.767182e-10
2.838976e-10
4.750808e-10
7.749713e-10
1.285678e-09
2.110419e-09
3.488589e-09
5.741206e-09
9.476095e-09
1.561149e-08
2.575107e-08
4.244262e-08
6.999012e-08
1.153783e-07
1.902432e-07
3.136394e-07
5.171234e-07
8.525700e-07
1.405673e-06
2.317534e-06
3.820991e-06
6.299702e-06
1.038644e-05
1.712420e-05
2.823276e-05
4.654705e-05
7.674085e-05
1.265179e-04
2.085757e-04
3.438366e-04
5.667644e-04
9.340930e-04
1.539126e-03
2.535059e-03
4.172744e-03
6.861119e-03
1.126195e-02
1.843314e-02
3.003199e-02
4.856815e-02
7.762946e-02
1.218529e-01
1.861838e-01
2.738850e-01
3.834335e-01
5.062497e-01
6.283162e-01
7.359454e-01
8.212736e-01
8.833970e-01
9.258759e-01
9.536909e-01
9.713908e-01
9.824501e-01
9.892814e-01
9.934713e-01
9.960300e-01
9.975883e-01
9.985358e-01
9.991114e-01
9.994609e-01
9.996729e-01
9.998016e-01
9.998797e-01
9.999270e-01
9.999557e-01
9.999731e-01
9.999837e-01
9.999901e-01
9.999940e-01
9.999964e-01
9.999978e-01
9.999987e-01
9.999992e-01
9.999995e-01
9.999997e-01
9.999998e-01
9.999999e-01
9.999999e-01
1.000000e+00
1.000000e+00
1.000000e+00
1.000000e+00
1.000000e+00
1.000000e+00
1.000000e+00
1.000000e+00
1.000000e+00
1.000000e+00
1.000000e+00
1.000000e+00
1.000000e+00
1.000000e+00
1.000000e+00
1.000000e+00
1.000000e+00
1.000000e+00
1.000000e+00
1.000000e+00
1.000000e+00
1.000000e+00
1.000000e+00
1.000000e+00
1.000000e+00
1.000000e+00
1.000000e+00
1.000000e+00
1.000000e+00
1.000000e+00
1.000000e+00
1.000000e+00
1.000000e+00
1.000000e+00
1.000000e+00
1.000000e+00
1.000000e+00
1.000000e+00
1.000000e+00
1.000000e+00
1.000000e+00
1.000000e+00
1.000000e+00
1.000000e+00
1.000000e+00
1.000000e+00
1.000000e+00
1.000000e+00
1.000000e+00
1.000000e+00
1.000000e+00
1.000000e+00
1.000000e+00
1.000000e+00
1.000000e+00
1.000000e+00
1.000000e+00
1.000000e+00
1.000000e+00
1.000000e+00
1.000000e+00
1.000000e+00
1.000000e+00
1.000000e+00
1.000000e+00
1.000000e+00
1.000000e+00
1.000000e+00
1.000000e+00
1.000000e+00
1.000000e+00
1.000000e+00
1.000000e+00
1.000000e+00
1.000000e+00
1.000000e+00
1.000000e+00
1.000000e+00
1.000000e+00
1.000000e+00
1.000000e+00
1.000000e+00
1.000000e+00
1.000000e+00
1.000000e+00
1.000000e+00
1.000000e+00
1.000000e+00
1.000000e+00
1.000000e+00
1.000000e+00
1.000000e+00
1.000000e+00
1.000000e+00
1.000000e+00
1.000000e+00
1.000000e+00
1.000000e+00
1.000000e+00
1.000000e+00
1.000000e+00
1.000000e+00
1.000000e+00
1.000000e+00
1.000000e+00
1.000000e+00
1.000000e+00
1.000000e+00
1.000000e+00
1.000000e+00
1.000000e+00
1.000000e+00
1.000000e+00
1.000000e+00
1.000000e+00
1.000000e+00
1.000000e+00
1.000000e+00
1.000000e+00
1.000000e+00
1.000000e+00
1.000000e+00
1.000000e+00
1.000000e+00
1.000000e+00
1.000000e+00
1.000000e+00
1.000000e+00
1.000000e+00
1.000000e+00
1.000000e+00
1.000000e+00
1.000000e+00
1.000000e+00
1.000000e+00
1.000000e+00
1.000000e+00
1.000000e+00
1.000000e+00
1.000000e+00
1.000000e+00
1.000000e+00
1.000000e+00
1.000000e+00
1.000000e+00
1.000000e+00
1.000000e+00
1.000000e+00
1.000000e+00
1.000000e+00
1.000000e+00
1.000000e+00
1.000000e+00
1.000000e+00
1.000000e+00
1.000000e+00
1.000000e+00
1.000000e+00
1.000000e+00
1.000000e+00
1.000000e+00
1.000000e+00
1.000000e+00
1.000000e+00
1.000000e+00
1.000000e+00
1.000000e+00
1.000000e+00
1.000000e+00
1.000000e+00
1.000000e+00
1.000000e+00
1.000000e+00
1.000000e+00
1.000000e+00
1.000000e+00
1.000000e+00
1.000000e+00
1.000000e+00
1.000000e+00
1.000000e+00
1.000000e+00
1.000000e+00
1.000000e+00
1.000000e+00
1.000000e+00
1.000000e+00
1.000000e+00
1.000000e+00
1.000000e+00
1.000000e+00
1.000000e+00
1.000000e+00
1.000000e+00
1.000000e+00
1.000000e+00
1.000000e+00
1.000000e+00
1.000000e+00
1.000000e+00
1.000000e+00
1.000000e+00
1.000000e+00
1.000000e+00
1.000000e+00
1.000000e+00
1.000000e+00
1.000000e+00
1.000000e+00
1.000000e+00
1.000000e+00
1.000000e+00
1.000000e+00
1.000000e+00
1.000000e+00
1.000000e+00
1.000000e+00
1.000000e+00
1.000000e+00
1.000000e+00
1.000000e+00
1.000000e+00
1.000000e+00
1.000000e+00
1.000000e+00
1.000000e+00
1.000000e+00
1.000000e+00
1.000000e+00
1.000000e+00
1.000000e+00
1.000000e+00
1.000000e+00
1.000000e+00
1.000000e+00
1.000000e+00
1.000000e+00
1.000000e+00
1.000000e+00
1.000000e+00
1.000000e+00
1.000000e+00
1.000000e+00
1.000000e+00
1.000000e+00
1.000000e+00
1.000000e+00
1.000000e+00
1.000000e+00
1.000000e+00
1.000000e+00
1.000000e+00
1.000000e+00
1.000000e+00
1.000000e+00
1.000000e+00
1.000000e+00
1.000000e+00
1.000000e+00
1.000000e+00
1.000000e+00
1.000000e+00
1.000000e+00
1.000000e+00
1.000000e+00
1.000000e+00
1.000000e+00
1.000000e+00
1.000000e+00
1.000000e+00
1.000000e+00
1.000000e+00
1.000000e+00
1.000000e+00
1.000000e+00
1.000000e+00
1.000000e+00
1.000000e+00
1.000000e+00
1.000000e+00
1.000000e+00
1.000000e+00
1.000000e+00
1.000000e+00
1.000000e+00
1.000000e+00
1.000000e+00
1.000000e+00
1.000000e+00
1.000000e+00
1.000000e+00
1.000000e+00
1.000000e+00
1.000000e+00
1.000000e+00
1.000000e+00
1.000000e+00
1.000000e+00
1.000000e+00
1.000000e+00
1.000000e+00
1.000000e+00
1.000000e+00
1.000000e+00
1.000000e+00
1.000000e+00
1.000000e+00
1.000000e+00
1.000000e+00
1.000000e+00
1.000000e+00
1.000000e+00
1.000000e+00
1.000000e+00
1.000000e+00
1.000000e+00
1.000000e+00
1.000000e+00
1.000000e+00
1.000000e+00
1.000000e+00
1.000000e+00
1.000000e+00
1.000000e+00
1.000000e+00
1.000000e+00
1.000000e+00
1.000000e+00
1.000000e+00
1.000000e+00
1.000000e+00
1.000000e+00
1.000000e+00
1.000000e+00
1.000000e+00
1.000000e+00
1.000000e+00
1.000000e+00
1.000000e+00
1.000000e+00
1.000000e+00
1.000000e+00
1.000000e+00
1.000000e+00
1.000000e+00
1.000000e+00
1.000000e+00
1.000000e+00
1.000000e+00
1.000000e+00
1.000000e+00
1.000000e+00
1.000000e+00
1.000000e+00
1.000000e+00
1.000000e+00
1.000000e+00
1.000000e+00
1.000000e+00
1.000000e+00
1.000000e+00
1.000000e+00
1.000000e+00
1.000000e+00
1.000000e+00
1.000000e+00
1.000000e+00
1.000000e+00
1.000000e+00
1.000000e+00
1.000000e+00
1.000000e+00
1.000000e+00
1.000000e+00
1.000000e+00
1.000000e+00
1.000000e+00
1.000000e+00
1.000000e+00
1.000000e+00
1.000000e+00
1.000000e+00
1.000000e+00
1.000000e+00
1.000000e+00
1.000000e+00
1.000000e+00
1.000000e+00
1.000000e+00
1.000000e+00
1.000000e+00
1.000000e+00
1.000000e+00
1.000000e+00
1.000000e+00
1.000000e+00
1.000000e+00
1.000000e+00
1.000000e+00
1.000000e+00
1.000000e+00
1.000000e+00
1.000000e+00
1.000000e+00
1.000000e+00
1.000000e+00
1.000000e+00
1.000000e+00
1.000000e+00
1.000000e+00
1.000000e+00
1.000000e+00
1.000000e+00
1.000000e+00
1.000000e+00
1.000000e+00
1.000000e+00
1.000000e+00
1.000000e+00
1.000000e+00
1.000000e+00
1.000000e+00
1.000000e+00
1.000000e+00
1.000000e+00
1.000000e+00
1.000000e+00
1.000000e+00
1.000000e+00
1.000000e+00
1.000000e+00
1.000000e+00
1.000000e+00
1.000000e+00
1.000000e+00
1.000000e+00
1.000000e+00
1.000000e+00
1.000000e+00
1.000000e+00
1.000000e+00
1.000000e+00
1.000000e+00
1.000000e+00
1.000000e+00
1.000000e+00
1.000000e+00
1.000000e+00
1.000000e+00
1.000000e+00
1.000000e+00
1.000000e+00
1.000000e+00
1.000000e+00
1.000000e+00
1.000000e+00
1.000000e+00
1.000000e+00
1.000000e+00
1.000000e+00
1.000000e+00
1.000000e+00
1.000000e+00
1.000000e+00
1.000000e+00
1.000000e+00
1.000000e+00
1.000000e+00
1.000000e+00
1.000000e+00
1.000000e+00
1.000000e+00
1.000000e+00
1.000000e+00
1.000000e+00
1.000000e+00
1.000000e+00
1.000000e+00
1.000000e+00
1.000000e+00
1.000000e+00
1.000000e+00
1.000000e+00
1.000000e+00
1.000000e+00
1.000000e+00
1.000000e+00
1.000000e+00
1.000000e+00
1.000000e+00
1.000000e+00
1.000000e+00
1.000000e+00
1.000000e+00
1.000000e+00
1.000000e+00
1.000000e+00
9.999999e-01
9.999999e-01
9.999998e-01
9.999997e-01
9.999995e-01
9.999992e-01
9.999987e-01
9.999978e-01
9.999964e-01
9.999940e-01
9.999901e-01
9.999837e-01
9.999731e-01
9.999557e-01
9.999270e-01
9.998797e-01
9.998016e-01
9.996729e-01
9.994609e-01
9.991114e-01
9.985358e-01
9.975883e-01
9.960300e-01
9.934713e-01
9.892814e-01
9.824501e-01
9.713908e-01
9.536909e-01
9.258759e-01
8.833970e-01
8.212736e-01
7.359454e-01
6.283162e-01
5.062497e-01
3.834335e-01
2.738850e-01
1.861838e-01
1.218529e-01
7.762946e-02
4.856815e-02
3.003199e-02
1.843314e-02
1.126195e-02
6.861119e-03
4.172744e-03
2.535059e-03
1.539126e-03
9.340930e-04
5.667644e-04
3.438366e-04
2.085757e-04
1.265179e-04
7.674085e-05
4.654705e-05
2.823276e-05
1.712420e-05
1.038644e-05
6.299702e-06
3.820991e-06
2.317534e-06
1.405673e-06
8.525700e-07
5.171234e-07
3.136394e-07
1.902432e-07
1.153783e-07
6.999014e-08
4.244264e-08
2.575109e-08
1.561151e-08
9.476116e-09
5.741228e-09
3.488612e-09
2.110443e-09
1.285704e-09
7.749980e-10
4.751087e-10
2.839268e-10
1.767479e-10
1.034547e-10
6.685313e-11
3.722239e-11
2.631134e-11
1.299760e-11
1.130057e-11
4.210354e-12
5.696554e-12
1.088907e-12
3.565537e-12
3.996803e-14
2.721934e-12
-2.560174e-13
2.360889e-12
-2.835510e-13
2.184641e-12
-2.191580e-13
2.083000e-12
-1.275646e-13
2.014167e-12
-3.130829e-14
1.962430e-12
6.206147e-14
1.920852e-12
1.503242e-13
1.886935e-12
2.325917e-13
1.858513e-12
3.094192e-13
1.835088e-12
3.816392e-13
1.815992e-12
4.495293e-13
1.800560e-12
5.131451e-13
1.788070e-12
5.733747e-13
1.778744e-12
6.302736e-13
1.771805e-12
6.845635e-13
1.767531e-12
7.359668e-13
1.764644e-12
7.853163e-13
1.764089e-12
8.323342e-13
1.764977e-12
8.777423e-13
1.767697e-12
9.210965e-13
1.771194e-12
9.627299e-13
1.776024e-12
1.002975e-12
1.781741e-12
1.041667e-12
1.788514e-12
1.078859e-12
1.796174e-12
1.115386e-12
1.804723e-12
1.150968e-12
1.814271e-12
1.185829e-12
1.824929e-12
1.219524e-12
1.835754e-12
1.252831e-12
1.847689e-12
1.285361e-12
1.860179e-12
1.317668e-12
1.873668e-12
1.349032e-12
1.887102e-12
1.380063e-12
1.901479e-12
1.410594e-12
1.915912e-12
1.440847e-12
1.931511e-12
1.470546e-12
1.946776e-12
1.499634e-12
1.962708e-12
1.528500e-12
1.978973e-12
1.556921e-12
1.995182e-12
1.584288e-12
2.011113e-12
1.611100e-12
2.027323e-12
1.637301e-12
2.043143e-12
1.663114e-12
2.059075e-12
1.688039e-12
2.074674e-12
1.712630e-12
2.090494e-12
1.736333e-12
2.105816e-12
1.759759e-12
2.121414e-12
1.781963e-12
2.135792e-12
1.803835e-12
2.150613e-12
1.825096e-12
2.164935e-12
1.845912e-12
2.179201e-12
1.866118e-12
2.193079e-12
1.885936e-12
2.207345e-12
1.905476e-12
2.221001e-12
1.924516e-12
2.234601e-12
1.942446e-12
2.247591e-12
1.960210e-12
2.260248e-12
1.977196e-12
2.272738e-12
1.993794e-12
2.285228e-12
2.009559e-12
2.296663e-12
2.025047e-12
2.308265e-12
2.039979e-12
2.319367e-12
2.054579e-12
2.330525e-12
2.068012e-12
2.340406e-12
2.081002e-12
2.350065e-12
2.093214e-12
2.359168e-12
2.105260e-12
2.368272e-12
2.116418e-12
2.376432e-12
2.127021e-12
2.384759e-12
2.137179e-12
2.392753e-12
2.147227e-12
2.400302e-12
2.155998e-12
2.406797e-12
2.164324e-12
2.413125e-12
2.171985e-12
2.418843e-12
2.179201e-12
2.424283e-12
2.185363e-12
2.428835e-12
2.191303e-12
2.433165e-12
2.196465e-12
2.437051e-12
2.201572e-12
2.441158e-12
2.205347e-12
2.443601e-12
2.208733e-12
2.446099e-12
2.211398e-12
2.447875e-12
2.214007e-12
2.449596e-12
2.215339e-12
2.450040e-12
2.216116e-12
2.450484e-12
2.216449e-12
2.450318e-12
