3.210416e-02
3.210332e-02
3.210080e-02
3.209660e-02
3.209073e-02
3.208317e-02
3.207394e-02
3.206304e-02
3.205045e-02
3.203620e-02
3.202027e-02
3.200267e-02
3.198340e-02
3.196247e-02
3.193986e-02
3.191560e-02
3.188967e-02
3.186208e-02
3.183284e-02
3.180194e-02
3.176939e-02
3.173519e-02
3.169935e-02
3.166187e-02
3.162275e-02
3.158199e-02
3.153961e-02
3.149559e-02
3.144996e-02
3.140270e-02
3.135383e-02
3.130336e-02
3.125127e-02
3.119759e-02
3.114230e-02
3.108543e-02
3.102697e-02
3.096694e-02
3.090532e-02
3.084214e-02
3.077739e-02
3.071109e-02
3.064323e-02
3.057383e-02
3.050289e-02
3.043041e-02
3.035641e-02
3.028088e-02
3.020384e-02
3.012530e-02
3.004525e-02
2.996371e-02
2.988068e-02
2.979618e-02
2.971020e-02
2.962276e-02
2.953386e-02
2.944351e-02
2.935172e-02
2.925849e-02
2.916384e-02
2.906778e-02
2.897030e-02
2.887142e-02
2.877114e-02
2.866949e-02
2.856645e-02
2.846205e-02
2.835629e-02
2.824918e-02
2.814072e-02
2.803094e-02
2.791983e-02
2.780740e-02
2.769367e-02
2.757865e-02
2.746233e-02
2.734474e-02
2.722588e-02
2.710576e-02
2.698439e-02
2.686179e-02
2.673795e-02
2.661289e-02
2.648662e-02
2.635915e-02
2.623049e-02
2.610064e-02
2.596963e-02
2.583745e-02
2.570413e-02
2.556966e-02
2.543406e-02
2.529734e-02
2.515951e-02
2.502058e-02
2.488056e-02
2.473946e-02
2.459729e-02
2.445406e-02
2.430979e-02
2.416448e-02
2.401813e-02
2.387078e-02
2.372241e-02
2.357305e-02
2.342271e-02
2.327139e-02
2.311910e-02
2.296586e-02
2.281168e-02
2.265657e-02
2.250054e-02
2.234359e-02
2.218575e-02
2.202701e-02
2.186740e-02
2.170692e-02
2.154558e-02
2.138339e-02
2.122037e-02
2.105652e-02
2.089186e-02
2.072640e-02
2.056014e-02
2.039310e-02
2.022528e-02
2.005671e-02
1.988738e-02
1.971732e-02
1.954652e-02
1.937501e-02
1.920279e-02
1.902987e-02
1.885627e-02
1.868199e-02
1.850704e-02
1.833144e-02
1.815519e-02
1.797831e-02
1.780081e-02
1.762269e-02
1.744397e-02
1.726466e-02
1.708477e-02
1.690430e-02
1.672327e-02
1.654170e-02
1.635958e-02
1.617693e-02
1.599376e-02
1.581008e-02
1.562590e-02
1.544123e-02
1.525608e-02
1.507046e-02
1.488438e-02
1.469785e-02
1.451089e-02
1.432349e-02
1.413567e-02
1.394744e-02
1.375882e-02
1.356980e-02
1.338040e-02
1.319063e-02
1.300050e-02
1.281002e-02
1.261919e-02
1.242804e-02
1.223656e-02
1.204476e-02
1.185267e-02
1.166027e-02
1.146759e-02
1.127464e-02
1.108142e-02
1.088794e-02
1.069421e-02
1.050025e-02
1.030605e-02
1.011163e-02
9.917005e-03
9.722171e-03
9.527144e-03
9.331931e-03
9.136542e-03
8.940984e-03
8.745268e-03
8.549401e-03
8.353392e-03
8.157251e-03
7.960984e-03
7.764602e-03
7.568112e-03
7.371524e-03
7.174846e-03
6.978086e-03
6.781254e-03
6.584360e-03
6.387414e-03
6.190428e-03
5.993416e-03
5.796397e-03
5.599394e-03
5.402444e-03
5.205599e-03
5.008938e-03
4.812589e-03
4.616756e-03
4.421765e-03
4.228150e-03
4.036778e-03
3.849068e-03
3.667346e-03
3.495420e-03
3.339539e-03
3.209959e-03
3.123518e-03
3.107860e-03
3.208368e-03
3.499511e-03
4.103365e-03
5.219670e-03
7.174186e-03
1.049524e-02
1.603171e-02
2.512619e-02
3.984696e-02
6.324153e-02
9.946904e-02
1.534698e-01
2.296281e-01
3.291035e-01
4.468087e-01
5.708538e-01
6.866075e-01
7.829905e-01
8.559153e-01
9.071917e-01
9.414158e-01
9.634710e-01
9.773643e-01
9.859908e-01
9.912991e-01
9.945472e-01
9.965277e-01
9.977325e-01
9.984641e-01
9.989079e-01
9.991765e-01
9.993389e-01
9.994366e-01
9.994952e-01
9.995300e-01
9.995504e-01
9.995620e-01
9.995683e-01
9.995714e-01
9.995726e-01
9.995726e-01
9.995718e-01
9.995707e-01
9.995693e-01
9.995677e-01
9.995661e-01
9.995644e-01
9.995627e-01
9.995610e-01
9.995593e-01
9.995576e-01
9.995559e-01
9.995542e-01
9.995525e-01
9.995508e-01
9.995491e-01
9.995475e-01
9.995459e-01
9.995442e-01
9.995426e-01
9.995410e-01
9.995394e-01
9.995378e-01
9.995363e-01
9.995347e-01
9.995332e-01
9.995316e-01
9.995301e-01
9.995286e-01
9.995271e-01
9.995256e-01
9.995241e-01
9.995227e-01
9.995212e-01
9.995198e-01
9.995183e-01
9.995169e-01
9.995155e-01
9.995141e-01
9.995127e-01
9.995113e-01
9.995100e-01
9.995086e-01
9.995073e-01
9.995059e-01
9.995046e-01
9.995033e-01
9.995020e-01
9.995007e-01
9.994994e-01
9.994982e-01
9.994969e-01
9.994956e-01
9.994944e-01
9.994932e-01
9.994920e-01
9.994907e-01
9.994895e-01
9.994884e-01
9.994872e-01
9.994860e-01
9.994848e-01
9.994837e-01
9.994826e-01
9.994814e-01
9.994803e-01
9.994792e-01
9.994781e-01
9.994770e-01
9.994759e-01
9.994748e-01
9.994738e-01
9.994727e-01
9.994717e-01
9.994707e-01
9.994696e-01
9.994686e-01
9.994676e-01
9.994666e-01
9.994656e-01
9.994646e-01
9.994637e-01
9.994627e-01
9.994617e-01
9.994608e-01
9.994599e-01
9.994589e-01
9.994580e-01
9.994571e-01
9.994562e-01
9.994553e-01
9.994544e-01
9.994535e-01
9.994527e-01
9.994518e-01
9.994510e-01
9.994501e-01
9.994493e-01
9.994485e-01
9.994476e-01
9.994468e-01
9.994460e-01
9.994452e-01
9.994444e-01
9.994437e-01
9.994429e-01
9.994421e-01
9.994414e-01
9.994406e-01
9.994399e-01
9.994391e-01
9.994384e-01
9.994377e-01
9.994370e-01
9.994363e-01
9.994356e-01
9.994349e-01
9.994342e-01
9.994335e-01
9.994329e-01
9.994322e-01
9.994315e-01
9.994309e-01
9.994303e-01
9.994296e-01
9.994290e-01
9.994284e-01
9.994278e-01
9.994272e-01
9.994266e-01
9.994260e-01
9.994254e-01
9.994248e-01
9.994242e-01
9.994237e-01
9.994231e-01
9.994226e-01
9.994220e-01
9.994215e-01
9.994209e-01
9.994204e-01
9.994199e-01
9.994194e-01
9.994189e-01
9.994184e-01
9.994179e-01
9.994174e-01
9.994169e-01
9.994164e-01
9.994159e-01
9.994155e-01
9.994150e-01
9.994145e-01
9.994141e-01
9.994136e-01
9.994132e-01
9.994128e-01
9.994123e-01
9.994119e-01
9.994115e-01
9.994111e-01
9.994107e-01
9.994103e-01
9.994099e-01
9.994095e-01
9.994091e-01
9.994088e-01
9.994084e-01
9.994080e-01
9.994076e-01
9.994073e-01
9.994069e-01
9.994066e-01
9.994063e-01
9.994059e-01
9.994056e-01
9.994053e-01
9.994049e-01
9.994046e-01
9.994043e-01
9.994040e-01
9.994037e-01
9.994034e-01
9.994031e-01
9.994028e-01
9.994025e-01
9.994023e-01
9.994020e-01
9.994017e-01
9.994015e-01
9.994012e-01
9.994009e-01
9.994007e-01
9.994005e-01
9.994002e-01
9.994000e-01
9.993997e-01
9.993995e-01
9.993993e-01
9.993991e-01
9.993989e-01
9.993987e-01
9.993985e-01
9.993982e-01
9.993981e-01
9.993979e-01
9.993977e-01
9.993975e-01
9.993973e-01
9.993971e-01
9.993970e-01
9.993968e-01
9.993966e-01
9.993965e-01
9.993963e-01
9.993962e-01
9.993960e-01
9.993959e-01
9.993958e-01
9.993956e-01
9.993955e-01
9.993954e-01
9.993953e-01
9.993951e-01
9.993950e-01
9.993949e-01
9.993948e-01
9.993947e-01
9.993946e-01
9.993945e-01
9.993944e-01
9.993944e-01
9.993943e-01
9.993942e-01
9.993941e-01
9.993941e-01
9.993940e-01
9.993939e-01
9.993939e-01
9.993938e-01
9.993938e-01
9.993937e-01
9.993937e-01
9.993936e-01
9.993936e-01
9.993936e-01
9.993936e-01
9.993935e-01
9.993935e-01
9.993935e-01
9.993935e-01
9.993935e-01
9.993935e-01
9.993935e-01
9.993935e-01
9.993935e-01
9.993935e-01
9.993935e-01
9.993936e-01
9.993936e-01
9.993936e-01
9.993936e-01
9.993937e-01
9.993937e-01
9.993938e-01
9.993938e-01
9.993939e-01
9.993939e-01
9.993940e-01
9.993941e-01
9.993941e-01
9.993942e-01
9.993943e-01
9.993944e-01
9.993944e-01
9.993945e-01
9.993946e-01
9.993947e-01
9.993948e-01
9.993949e-01
9.993950e-01
9.993951e-01
9.993953e-01
9.993954e-01
9.993955e-01
9.993956e-01
9.993958e-01
9.993959e-01
9.993960e-01
9.993962e-01
9.993963e-01
9.993965e-01
9.993966e-01
9.993968e-01
9.993970e-01
9.993971e-01
9.993973e-01
9.993975e-01
9.993977e-01
9.993979e-01
9.993981e-01
9.993982e-01
9.993985e-01
9.993987e-01
9.993989e-01
9.993991e-01
9.993993e-01
9.993995e-01
9.993997e-01
9.994000e-01
9.994002e-01
9.994005e-01
9.994007e-01
9.994009e-01
9.994012e-01
9.994015e-01
9.994017e-01
9.994020e-01
9.994023e-01
9.994025e-01
9.994028e-01
9.994031e-01
9.994034e-01
9.994037e-01
9.994040e-01
9.994043e-01
9.994046e-01
9.994049e-01
9.994053e-01
9.994056e-01
9.994059e-01
9.994063e-01
9.994066e-01
9.994069e-01
9.994073e-01
9.994076e-01
9.994080e-01
9.994084e-01
9.994088e-01
9.994091e-01
9.994095e-01
9.994099e-01
9.994103e-01
9.994107e-01
9.994111e-01
9.994115e-01
9.994119e-01
9.994123e-01
9.994128e-01
9.994132e-01
9.994136e-01
9.994141e-01
9.994145e-01
9.994150e-01
9.994155e-01
9.994159e-01
9.994164e-01
9.994169e-01
9.994174e-01
9.994179e-01
9.994184e-01
9.994189e-01
9.994194e-01
9.994199e-01
9.994204e-01
9.994209e-01
9.994215e-01
9.994220e-01
9.994226e-01
9.994231e-01
9.994237e-01
9.994242e-01
9.994248e-01
9.994254e-01
9.994260e-01
9.994266e-01
9.994272e-01
9.994278e-01
9.994284e-01
9.994290e-01
9.994296e-01
9.994303e-01
9.994309e-01
9.994315e-01
9.994322e-01
9.994329e-01
9.994335e-01
9.994342e-01
9.994349e-01
9.994356e-01
9.994363e-01
9.994370e-01
9.994377e-01
9.994384e-01
9.994391e-01
9.994399e-01
9.994406e-01
9.994414e-01
9.994421e-01
9.994429e-01
9.994437e-01
9.994444e-01
9.994452e-01
9.994460e-01
9.994468e-01
9.994476e-01
9.994485e-01
9.994493e-01
9.994501e-01
9.994510e-01
9.994518e-01
9.994527e-01
9.994535e-01
9.994544e-01
9.994553e-01
9.994562e-01
9.994571e-01
9.994580e-01
9.994589e-01
9.994599e-01
9.994608e-01
9.994617e-01
9.994627e-01
9.994637e-01
9.994646e-01
9.994656e-01
9.994666e-01
9.994676e-01
9.994686e-01
9.994696e-01
9.994707e-01
9.994717e-01
9.994727e-01
9.994738e-01
9.994748e-01
9.994759e-01
9.994770e-01
9.994781e-01
9.994792e-01
9.994803e-01
9.994814e-01
9.994826e-01
9.994837e-01
9.994848e-01
9.994860e-01
9.994872e-01
9.994884e-01
9.994895e-01
9.994907e-01
9.994920e-01
9.994932e-01
9.994944e-01
9.994956e-01
9.994969e-01
9.994982e-01
9.994994e-01
9.995007e-01
9.995020e-01
9.995033e-01
9.995046e-01
9.995059e-01
9.995073e-01
9.995086e-01
9.995100e-01
9.995113e-01
9.995127e-01
9.995141e-01
9.995155e-01
9.995169e-01
9.995183e-01
9.995198e-01
9.995212e-01
9.995227e-01
9.995241e-01
9.995256e-01
9.995271e-01
9.995286e-01
9.995301e-01
9.995316e-01
9.995332e-01
9.995347e-01
9.995363e-01
9.995378e-01
9.995394e-01
9.995410e-01
9.995426e-01
9.995442e-01
9.995459e-01
9.995475e-01
9.995491e-01
9.995508e-01
9.995525e-01
9.995542e-01
9.995559e-01
9.995576e-01
9.995593e-01
9.995610e-01
9.995627e-01
9.995644e-01
9.995661e-01
9.995677e-01
9.995693e-01
9.995707e-01
9.995718e-01
9.995726e-01
9.995726e-01
9.995714e-01
9.995683e-01
9.995620e-01
9.995504e-01
9.995300e-01
9.994952e-01
9.994366e-01
9.993389e-01
9.991765e-01
9.989079e-01
9.984641e-01
9.977325e-01
9.965277e-01
9.945472e-01
9.912991e-01
9.859908e-01
9.773643e-01
9.634710e-01
9.414158e-01
9.071917e-01
8.559153e-01
7.829905e-01
6.866075e-01
5.708538e-01
4.468087e-01
3.291035e-01
2.296281e-01
1.534698e-01
9.946904e-02
6.324153e-02
3.984696e-02
2.512619e-02
1.603171e-02
1.049524e-02
7.174186e-03
5.219670e-03
4.103365e-03
3.499511e-03
3.208368e-03
3.107860e-03
3.123518e-03
3.209959e-03
3.339539e-03
3.495420e-03
3.667346e-03
3.849068e-03
4.036778e-03
4.228150e-03
4.421765e-03
4.616756e-03
4.812589e-03
5.008938e-03
5.205599e-03
5.402444e-03
5.599394e-03
5.796397e-03
5.993416e-03
6.190428e-03
6.387414e-03
6.584360e-03
6.781254e-03
6.978086e-03
7.174846e-03
7.371524e-03
7.568112e-03
7.764602e-03
7.960984e-03
8.157251e-03
8.353392e-03
8.549401e-03
8.745268e-03
8.940984e-03
9.136542e-03
9.331931e-03
9.527144e-03
9.722171e-03
9.917005e-03
1.011163e-02
1.030605e-02
1.050025e-02
1.069421e-02
1.088794e-02
1.108142e-02
1.127464e-02
1.146759e-02
1.166027e-02
1.185267e-02
1.204476e-02
1.223656e-02
1.242804e-02
1.261919e-02
1.281002e-02
1.300050e-02
1.319063e-02
1.338040e-02
1.356980e-02
1.375882e-02
1.394744e-02
1.413567e-02
1.432349e-02
1.451089e-02
1.469785e-02
1.488438e-02
1.507046e-02
1.525608e-02
1.544123e-02
1.562590e-02
1.581008e-02
1.599376e-02
1.617693e-02
1.635958e-02
1.654170e-02
1.672327e-02
1.690430e-02
1.708477e-02
1.726466e-02
1.744397e-02
1.762269e-02
1.780081e-02
1.797831e-02
1.815519e-02
1.833144e-02
1.850704e-02
1.868199e-02
1.885627e-02
1.902987e-02
1.920279e-02
1.937501e-02
1.954652e-02
1.971732e-02
1.988738e-02
2.005671e-02
2.022528e-02
2.039310e-02
2.056014e-02
2.072640e-02
2.089186e-02
2.105652e-02
2.122037e-02
2.138339e-02
2.154558e-02
2.170692e-02
2.186740e-02
2.202701e-02
2.218575e-02
2.234359e-02
2.250054e-02
2.265657e-02
2.281168e-02
2.296586e-02
2.311910e-02
2.327139e-02
2.342271e-02
2.357305e-02
2.372241e-02
2.387078e-02
2.401813e-02
2.416448e-02
2.430979e-02
2.445406e-02
2.459729e-02
2.473946e-02
2.488056e-02
2.502058e-02
2.515951e-02
2.529734e-02
2.543406e-02
2.556966e-02
2.570413e-02
2.583745e-02
2.596963e-02
2.610064e-02
2.623049e-02
2.635915e-02
2.648662e-02
2.661289e-02
2.673795e-02
2.686179e-02
2.698439e-02
2.710576e-02
2.722588e-02
2.734474e-02
2.746233e-02
2.757865e-02
2.769367e-02
2.780740e-02
2.791983e-02
2.803094e-02
2.814072e-02
2.824918e-02
2.835629e-02
2.846205e-02
2.856645e-02
2.866949e-02
2.877114e-02
2.887142e-02
2.897030e-02
2.906778e-02
2.916384e-02
2.925849e-02
2.935172e-02
2.944351e-02
2.953386e-02
2.962276e-02
2.971020e-02
2.979618e-02
2.988068e-02
2.996371e-02
3.004525e-02
3.012530e-02
3.020384e-02
3.028088e-02
3.035641e-02
3.043041e-02
3.050289e-02
3.057383e-02
3.064323e-02
3.071109e-02
3.077739e-02
3.084214e-02
3.090532e-02
3.096694e-02
3.102697e-02
3.108543e-02
3.114230e-02
3.119759e-02
3.125127e-02
3.130336e-02
3.135383e-02
3.140270e-02
3.144996e-02
3.149559e-02
3.153961e-02
3.158199e-02
3.162275e-02
3.166187e-02
3.169935e-02
3.173519e-02
3.176939e-02
3.180194e-02
3.183284e-02
3.186208e-02
3.188967e-02
3.191560e-02
3.193986e-02
3.196247e-02
3.198340e-02
3.200267e-02
3.202027e-02
3.203620e-02
3.205045e-02
3.206304e-02
3.207394e-02
3.208317e-02
3.209073e-02
3.209660e-02
3.210080e-02
3.210332e-02
