4.383408e-03
4.383303e-03
4.382987e-03
4.382461e-03
4.381725e-03
4.380779e-03
4.379622e-03
4.378256e-03
4.376679e-03
4.374892e-03
4.372895e-03
4.370689e-03
4.368273e-03
4.365647e-03
4.362812e-03
4.359768e-03
4.356515e-03
4.353052e-03
4.349381e-03
4.345502e-03
4.341414e-03
4.337117e-03
4.332613e-03
4.327902e-03
4.322983e-03
4.317856e-03
4.312523e-03
4.306983e-03
4.301237e-03
4.295285e-03
4.289127e-03
4.282763e-03
4.276195e-03
4.269422e-03
4.262444e-03
4.255263e-03
4.247878e-03
4.240289e-03
4.232498e-03
4.224504e-03
4.216308e-03
4.207911e-03
4.199312e-03
4.190513e-03
4.181514e-03
4.172314e-03
4.162916e-03
4.153318e-03
4.143523e-03
4.133529e-03
4.123338e-03
4.112950e-03
4.102367e-03
4.091587e-03
4.080612e-03
4.069443e-03
4.058080e-03
4.046524e-03
4.034774e-03
4.022833e-03
4.010700e-03
3.998376e-03
3.985862e-03
3.973158e-03
3.960265e-03
3.947184e-03
3.933915e-03
3.920459e-03
3.906817e-03
3.892990e-03
3.878977e-03
3.864781e-03
3.850401e-03
3.835838e-03
3.821094e-03
3.806169e-03
3.791063e-03
3.775777e-03
3.760313e-03
3.744671e-03
3.728851e-03
3.712855e-03
3.696684e-03
3.680338e-03
3.663818e-03
3.647125e-03
3.630259e-03
3.613223e-03
3.596016e-03
3.578639e-03
3.561094e-03
3.543380e-03
3.525500e-03
3.507454e-03
3.489243e-03
3.470868e-03
3.452330e-03
3.433629e-03
3.414767e-03
3.395745e-03
3.376563e-03
3.357223e-03
3.337725e-03
3.318071e-03
3.298262e-03
3.278298e-03
3.258181e-03
3.237911e-03
3.217490e-03
3.196919e-03
3.176198e-03
3.155329e-03
3.134313e-03
3.113151e-03
3.091844e-03
3.070392e-03
3.048798e-03
3.027062e-03
3.005185e-03
2.983169e-03
2.961014e-03
2.938721e-03
2.916292e-03
2.893728e-03
2.871030e-03
2.848199e-03
2.825236e-03
2.802143e-03
2.778920e-03
2.755569e-03
2.732090e-03
2.708486e-03
2.684756e-03
2.660903e-03
2.636928e-03
2.612831e-03
2.588615e-03
2.564279e-03
2.539826e-03
2.515256e-03
2.490571e-03
2.465772e-03
2.440860e-03
2.415837e-03
2.390703e-03
2.365460e-03
2.340109e-03
2.314652e-03
2.289090e-03
2.263423e-03
2.237653e-03
2.211782e-03
2.185810e-03
2.159740e-03
2.133572e-03
2.107307e-03
2.080947e-03
2.054493e-03
2.027946e-03
2.001309e-03
1.974581e-03
1.947764e-03
1.920860e-03
1.893870e-03
1.866795e-03
1.839636e-03
1.812396e-03
1.785074e-03
1.757673e-03
1.730194e-03
1.702637e-03
1.675006e-03
1.647300e-03
1.619521e-03
1.591670e-03
1.563749e-03
1.535760e-03
1.507703e-03
1.479580e-03
1.451391e-03
1.423140e-03
1.394826e-03
1.366451e-03
1.338018e-03
1.309525e-03
1.280977e-03
1.252373e-03
1.223715e-03
1.195004e-03
1.166243e-03
1.137431e-03
1.108572e-03
1.079666e-03
1.050716e-03
1.021723e-03
9.926895e-04
9.636198e-04
9.345180e-04
9.053910e-04
8.762489e-04
8.471077e-04
8.179926e-04
7.889445e-04
7.600298e-04
7.313568e-04
7.031031e-04
6.755606e-04
6.492088e-04
6.248372e-04
6.037451e-04
5.880727e-04
5.813443e-04
5.893659e-04
6.217004e-04
6.940990e-04
8.324991e-04
1.079596e-03
1.505618e-03
2.225952e-03
3.429801e-03
5.426385e-03
8.718312e-03
1.411514e-02
2.290126e-02
3.706383e-02
5.954971e-02
9.442275e-02
1.466011e-01
2.206382e-01
3.181603e-01
4.347617e-01
5.590668e-01
6.763847e-01
7.750445e-01
8.502775e-01
9.034750e-01
9.391149e-01
9.621368e-01
9.766591e-01
9.856832e-01
9.912382e-01
9.946378e-01
9.967107e-01
9.979718e-01
9.987377e-01
9.992022e-01
9.994837e-01
9.996538e-01
9.997565e-01
9.998182e-01
9.998550e-01
9.998768e-01
9.998894e-01
9.998965e-01
9.999002e-01
9.999018e-01
9.999023e-01
9.999020e-01
9.999012e-01
9.999001e-01
9.998989e-01
9.998976e-01
9.998962e-01
9.998948e-01
9.998934e-01
9.998920e-01
9.998905e-01
9.998891e-01
9.998877e-01
9.998862e-01
9.998848e-01
9.998834e-01
9.998819e-01
9.998805e-01
9.998791e-01
9.998777e-01
9.998763e-01
9.998749e-01
9.998734e-01
9.998720e-01
9.998707e-01
9.998693e-01
9.998679e-01
9.998665e-01
9.998651e-01
9.998637e-01
9.998624e-01
9.998610e-01
9.998596e-01
9.998583e-01
9.998569e-01
9.998556e-01
9.998542e-01
9.998529e-01
9.998515e-01
9.998502e-01
9.998489e-01
9.998475e-01
9.998462e-01
9.998449e-01
9.998436e-01
9.998423e-01
9.998410e-01
9.998397e-01
9.998384e-01
9.998371e-01
9.998358e-01
9.998346e-01
9.998333e-01
9.998320e-01
9.998307e-01
9.998295e-01
9.998282e-01
9.998270e-01
9.998257e-01
9.998245e-01
9.998233e-01
9.998220e-01
9.998208e-01
9.998196e-01
9.998184e-01
9.998172e-01
9.998159e-01
9.998147e-01
9.998136e-01
9.998124e-01
9.998112e-01
9.998100e-01
9.998088e-01
9.998076e-01
9.998065e-01
9.998053e-01
9.998042e-01
9.998030e-01
9.998019e-01
9.998007e-01
9.997996e-01
9.997985e-01
9.997974e-01
9.997962e-01
9.997951e-01
9.997940e-01
9.997929e-01
9.997918e-01
9.997907e-01
9.997896e-01
9.997886e-01
9.997875e-01
9.997864e-01
9.997854e-01
9.997843e-01
9.997832e-01
9.997822e-01
9.997812e-01
9.997801e-01
9.997791e-01
9.997781e-01
9.997771e-01
9.997760e-01
9.997750e-01
9.997740e-01
9.997730e-01
9.997721e-01
9.997711e-01
9.997701e-01
9.997691e-01
9.997682e-01
9.997672e-01
9.997662e-01
9.997653e-01
9.997643e-01
9.997634e-01
9.997625e-01
9.997616e-01
9.997606e-01
9.997597e-01
9.997588e-01
9.997579e-01
9.997570e-01
9.997561e-01
9.997552e-01
9.997544e-01
9.997535e-01
9.997526e-01
9.997518e-01
9.997509e-01
9.997501e-01
9.997492e-01
9.997484e-01
9.997476e-01
9.997467e-01
9.997459e-01
9.997451e-01
9.997443e-01
9.997435e-01
9.997427e-01
9.997419e-01
9.997412e-01
9.997404e-01
9.997396e-01
9.997389e-01
9.997381e-01
9.997374e-01
9.997366e-01
9.997359e-01
9.997352e-01
9.997344e-01
9.997337e-01
9.997330e-01
9.997323e-01
9.997316e-01
9.997309e-01
9.997303e-01
9.997296e-01
9.997289e-01
9.997282e-01
9.997276e-01
9.997269e-01
9.997263e-01
9.997257e-01
9.997250e-01
9.997244e-01
9.997238e-01
9.997232e-01
9.997226e-01
9.997220e-01
9.997214e-01
9.997208e-01
9.997202e-01
9.997196e-01
9.997191e-01
9.997185e-01
9.997180e-01
9.997174e-01
9.997169e-01
9.997163e-01
9.997158e-01
9.997153e-01
9.997148e-01
9.997143e-01
9.997138e-01
9.997133e-01
9.997128e-01
9.997123e-01
9.997119e-01
9.997114e-01
9.997109e-01
9.997105e-01
9.997100e-01
9.997096e-01
9.997092e-01
9.997087e-01
9.997083e-01
9.997079e-01
9.997075e-01
9.997071e-01
9.997067e-01
9.997063e-01
9.997060e-01
9.997056e-01
9.997052e-01
9.997049e-01
9.997045e-01
9.997042e-01
9.997038e-01
9.997035e-01
9.997032e-01
9.997029e-01
9.997026e-01
9.997023e-01
9.997020e-01
9.997017e-01
9.997014e-01
9.997011e-01
9.997009e-01
9.997006e-01
9.997003e-01
9.997001e-01
9.996999e-01
9.996996e-01
9.996994e-01
9.996992e-01
9.996990e-01
9.996988e-01
9.996986e-01
9.996984e-01
9.996982e-01
9.996980e-01
9.996978e-01
9.996977e-01
9.996975e-01
9.996974e-01
9.996972e-01
9.996971e-01
9.996970e-01
9.996968e-01
9.996967e-01
9.996966e-01
9.996965e-01
9.996964e-01
9.996963e-01
9.996963e-01
9.996962e-01
9.996961e-01
9.996961e-01
9.996960e-01
9.996960e-01
9.996959e-01
9.996959e-01
9.996959e-01
9.996958e-01
9.996958e-01
9.996958e-01
9.996958e-01
9.996958e-01
9.996959e-01
9.996959e-01
9.996959e-01
9.996960e-01
9.996960e-01
9.996961e-01
9.996961e-01
9.996962e-01
9.996963e-01
9.996963e-01
9.996964e-01
9.996965e-01
9.996966e-01
9.996967e-01
9.996968e-01
9.996970e-01
9.996971e-01
9.996972e-01
9.996974e-01
9.996975e-01
9.996977e-01
9.996978e-01
9.996980e-01
9.996982e-01
9.996984e-01
9.996986e-01
9.996988e-01
9.996990e-01
9.996992e-01
9.996994e-01
9.996996e-01
9.996999e-01
9.997001e-01
9.997003e-01
9.997006e-01
9.997009e-01
9.997011e-01
9.997014e-01
9.997017e-01
9.997020e-01
9.997023e-01
9.997026e-01
9.997029e-01
9.997032e-01
9.997035e-01
9.997038e-01
9.997042e-01
9.997045e-01
9.997049e-01
9.997052e-01
9.997056e-01
9.997060e-01
9.997063e-01
9.997067e-01
9.997071e-01
9.997075e-01
9.997079e-01
9.997083e-01
9.997087e-01
9.997092e-01
9.997096e-01
9.997100e-01
9.997105e-01
9.997109e-01
9.997114e-01
9.997119e-01
9.997123e-01
9.997128e-01
9.997133e-01
9.997138e-01
9.997143e-01
9.997148e-01
9.997153e-01
9.997158e-01
9.997163e-01
9.997169e-01
9.997174e-01
9.997180e-01
9.997185e-01
9.997191e-01
9.997196e-01
9.997202e-01
9.997208e-01
9.997214e-01
9.997220e-01
9.997226e-01
9.997232e-01
9.997238e-01
9.997244e-01
9.997250e-01
9.997257e-01
9.997263e-01
9.997269e-01
9.997276e-01
9.997282e-01
9.997289e-01
9.997296e-01
9.997303e-01
9.997309e-01
9.997316e-01
9.997323e-01
9.997330e-01
9.997337e-01
9.997344e-01
9.997352e-01
9.997359e-01
9.997366e-01
9.997374e-01
9.997381e-01
9.997389e-01
9.997396e-01
9.997404e-01
9.997412e-01
9.997419e-01
9.997427e-01
9.997435e-01
9.997443e-01
9.997451e-01
9.997459e-01
9.997467e-01
9.997476e-01
9.997484e-01
9.997492e-01
9.997501e-01
9.997509e-01
9.997518e-01
9.997526e-01
9.997535e-01
9.997544e-01
9.997552e-01
9.997561e-01
9.997570e-01
9.997579e-01
9.997588e-01
9.997597e-01
9.997606e-01
9.997616e-01
9.997625e-01
9.997634e-01
9.997643e-01
9.997653e-01
9.997662e-01
9.997672e-01
9.997682e-01
9.997691e-01
9.997701e-01
9.997711e-01
9.997721e-01
9.997730e-01
9.997740e-01
9.997750e-01
9.997760e-01
9.997771e-01
9.997781e-01
9.997791e-01
9.997801e-01
9.997812e-01
9.997822e-01
9.997832e-01
9.997843e-01
9.997854e-01
9.997864e-01
9.997875e-01
9.997886e-01
9.997896e-01
9.997907e-01
9.997918e-01
9.997929e-01
9.997940e-01
9.997951e-01
9.997962e-01
9.997974e-01
9.997985e-01
9.997996e-01
9.998007e-01
9.998019e-01
9.998030e-01
9.998042e-01
9.998053e-01
9.998065e-01
9.998076e-01
9.998088e-01
9.998100e-01
9.998112e-01
9.998124e-01
9.998136e-01
9.998147e-01
9.998159e-01
9.998172e-01
9.998184e-01
9.998196e-01
9.998208e-01
9.998220e-01
9.998233e-01
9.998245e-01
9.998257e-01
9.998270e-01
9.998282e-01
9.998295e-01
9.998307e-01
9.998320e-01
9.998333e-01
9.998346e-01
9.998358e-01
9.998371e-01
9.998384e-01
9.998397e-01
9.998410e-01
9.998423e-01
9.998436e-01
9.998449e-01
9.998462e-01
9.998475e-01
9.998489e-01
9.998502e-01
9.998515e-01
9.998529e-01
9.998542e-01
9.998556e-01
9.998569e-01
9.998583e-01
9.998596e-01
9.998610e-01
9.998624e-01
9.998637e-01
9.998651e-01
9.998665e-01
9.998679e-01
9.998693e-01
9.998707e-01
9.998720e-01
9.998734e-01
9.998749e-01
9.998763e-01
9.998777e-01
9.998791e-01
9.998805e-01
9.998819e-01
9.998834e-01
9.998848e-01
9.998862e-01
9.998877e-01
9.998891e-01
9.998905e-01
9.998920e-01
9.998934e-01
9.998948e-01
9.998962e-01
9.998976e-01
9.998989e-01
9.999001e-01
9.999012e-01
9.999020e-01
9.999023e-01
9.999018e-01
9.999002e-01
9.998965e-01
9.998894e-01
9.998768e-01
9.998550e-01
9.998182e-01
9.997565e-01
9.996538e-01
9.994837e-01
9.992022e-01
9.987377e-01
9.979718e-01
9.967107e-01
9.946378e-01
9.912382e-01
9.856832e-01
9.766591e-01
9.621368e-01
9.391149e-01
9.034750e-01
8.502775e-01
7.750445e-01
6.763847e-01
5.590668e-01
4.347617e-01
3.181603e-01
2.206382e-01
1.466011e-01
9.442275e-02
5.954971e-02
3.706383e-02
2.290126e-02
1.411514e-02
8.718312e-03
5.426385e-03
3.429801e-03
2.225952e-03
1.505618e-03
1.079596e-03
8.324991e-04
6.940990e-04
6.217004e-04
5.893659e-04
5.813443e-04
5.880727e-04
6.037451e-04
6.248372e-04
6.492088e-04
6.755606e-04
7.031031e-04
7.313568e-04
7.600298e-04
7.889445e-04
8.179926e-04
8.471077e-04
8.762489e-04
9.053910e-04
9.345180e-04
9.636198e-04
9.926895e-04
1.021723e-03
1.050716e-03
1.079666e-03
1.108572e-03
1.137431e-03
1.166243e-03
1.195004e-03
1.223715e-03
1.252373e-03
1.280977e-03
1.309525e-03
1.338018e-03
1.366451e-03
1.394826e-03
1.423140e-03
1.451391e-03
1.479580e-03
1.507703e-03
1.535760e-03
1.563749e-03
1.591670e-03
1.619521e-03
1.647300e-03
1.675006e-03
1.702637e-03
1.730194e-03
1.757673e-03
1.785074e-03
1.812396e-03
1.839636e-03
1.866795e-03
1.893870e-03
1.920860e-03
1.947764e-03
1.974581e-03
2.001309e-03
2.027946e-03
2.054493e-03
2.080947e-03
2.107307e-03
2.133572e-03
2.159740e-03
2.185810e-03
2.211782e-03
2.237653e-03
2.263423e-03
2.289090e-03
2.314652e-03
2.340109e-03
2.365460e-03
2.390703e-03
2.415837e-03
2.440860e-03
2.465772e-03
2.490571e-03
2.515256e-03
2.539826e-03
2.564279e-03
2.588615e-03
2.612831e-03
2.636928e-03
2.660903e-03
2.684756e-03
2.708486e-03
2.732090e-03
2.755569e-03
2.778920e-03
2.802143e-03
2.825236e-03
2.848199e-03
2.871030e-03
2.893728e-03
2.916292e-03
2.938721e-03
2.961014e-03
2.983169e-03
3.005185e-03
3.027062e-03
3.048798e-03
3.070392e-03
3.091844e-03
3.113151e-03
3.134313e-03
3.155329e-03
3.176198e-03
3.196919e-03
3.217490e-03
3.237911e-03
3.258181e-03
3.278298e-03
3.298262e-03
3.318071e-03
3.337725e-03
3.357223e-03
3.376563e-03
3.395745e-03
3.414767e-03
3.433629e-03
3.452330e-03
3.470868e-03
3.489243e-03
3.507454e-03
3.525500e-03
3.543380e-03
3.561094e-03
3.578639e-03
3.596016e-03
3.613223e-03
3.630259e-03
3.647125e-03
3.663818e-03
3.680338e-03
3.696684e-03
3.712855e-03
3.728851e-03
3.744671e-03
3.760313e-03
3.775777e-03
3.791063e-03
3.806169e-03
3.821094e-03
3.835838e-03
3.850401e-03
3.864781e-03
3.878977e-03
3.892990e-03
3.906817e-03
3.920459e-03
3.933915e-03
3.947184e-03
3.960265e-03
3.973158e-03
3.985862e-03
3.998376e-03
4.010700e-03
4.022833e-03
4.034774e-03
4.046524e-03
4.058080e-03
4.069443e-03
4.080612e-03
4.091587e-03
4.102367e-03
4.112950e-03
4.123338e-03
4.133529e-03
4.143523e-03
4.153318e-03
4.162916e-03
4.172314e-03
4.181514e-03
4.190513e-03
4.199312e-03
4.207911e-03
4.216308e-03
4.224504e-03
4.232498e-03
4.240289e-03
4.247878e-03
4.255263e-03
4.262444e-03
4.269422e-03
4.276195e-03
4.282763e-03
4.289127e-03
4.295285e-03
4.301237e-03
4.306983e-03
4.312523e-03
4.317856e-03
4.322983e-03
4.327902e-03
4.332613e-03
4.337117e-03
4.341414e-03
4.345502e-03
4.349381e-03
4.353052e-03
4.356515e-03
4.359768e-03
4.362812e-03
4.365647e-03
4.368273e-03
4.370689e-03
4.372895e-03
4.374892e-03
4.376679e-03
4.378256e-03
4.379622e-03
4.380779e-03
4.381725e-03
4.382461e-03
4.382987e-03
4.383303e-03
