2.186577e-09
2.186766e-09
2.186397e-09
2.186404e-09
2.185854e-09
2.185682e-09
2.184951e-09
2.184598e-09
2.183686e-09
2.183153e-09
2.182060e-09
2.181348e-09
2.180074e-09
2.179183e-09
2.177728e-09
2.176657e-09
2.175021e-09
2.173772e-09
2.171956e-09
2.170528e-09
2.168531e-09
2.166925e-09
2.164748e-09
2.162965e-09
2.160608e-09
2.158647e-09
2.156110e-09
2.153973e-09
2.151257e-09
2.148943e-09
2.146047e-09
2.143558e-09
2.140484e-09
2.137820e-09
2.134566e-09
2.131728e-09
2.128297e-09
2.125285e-09
2.121676e-09
2.118491e-09
2.114705e-09
2.111348e-09
2.107384e-09
2.103856e-09
2.099716e-09
2.096017e-09
2.091701e-09
2.087833e-09
2.083341e-09
2.079304e-09
2.074637e-09
2.070432e-09
2.065591e-09
2.061220e-09
2.056204e-09
2.051667e-09
2.046478e-09
2.041776e-09
2.036415e-09
2.031549e-09
2.026016e-09
2.020987e-09
2.015282e-09
2.010092e-09
2.004217e-09
1.998867e-09
1.992821e-09
1.987312e-09
1.981097e-09
1.975430e-09
1.969047e-09
1.963223e-09
1.956673e-09
1.950694e-09
1.943976e-09
1.937843e-09
1.930959e-09
1.924675e-09
1.917625e-09
1.911189e-09
1.903975e-09
1.897390e-09
1.890012e-09
1.883279e-09
1.875737e-09
1.868859e-09
1.861155e-09
1.854132e-09
1.846267e-09
1.839101e-09
1.831075e-09
1.823769e-09
1.815582e-09
1.808137e-09
1.799791e-09
1.792210e-09
1.783705e-09
1.775988e-09
1.767326e-09
1.759476e-09
1.750657e-09
1.742676e-09
1.733701e-09
1.725592e-09
1.716460e-09
1.708225e-09
1.698938e-09
1.690579e-09
1.681138e-09
1.672657e-09
1.663063e-09
1.654463e-09
1.644715e-09
1.635999e-09
1.626098e-09
1.617268e-09
1.607215e-09
1.598274e-09
1.588068e-09
1.579020e-09
1.568662e-09
1.559509e-09
1.549000e-09
1.539745e-09
1.529085e-09
1.519732e-09
1.508919e-09
1.499472e-09
1.488507e-09
1.478969e-09
1.467852e-09
1.458227e-09
1.446957e-09
1.437251e-09
1.425827e-09
1.416042e-09
1.404463e-09
1.394604e-09
1.382870e-09
1.372943e-09
1.361051e-09
1.351062e-09
1.339010e-09
1.328964e-09
1.316750e-09
1.306654e-09
1.294275e-09
1.284135e-09
1.271589e-09
1.261412e-09
1.248694e-09
1.238489e-09
1.225595e-09
1.215371e-09
1.202296e-09
1.192060e-09
1.178798e-09
1.168564e-09
1.155107e-09
1.144885e-09
1.131225e-09
1.121029e-09
1.107157e-09
1.097001e-09
1.082906e-09
1.072809e-09
1.058480e-09
1.048462e-09
1.033890e-09
1.023982e-09
1.009162e-09
9.994142e-10
9.843656e-10
9.748730e-10
9.596818e-10
9.506602e-10
9.355989e-10
9.275857e-10
9.134414e-10
9.078380e-10
8.968060e-10
8.973563e-10
8.954693e-10
9.122688e-10
9.360056e-10
9.964021e-10
1.090651e-09
1.268874e-09
1.555772e-09
2.053457e-09
2.865146e-09
4.230236e-09
6.469746e-09
1.019150e-08
1.631374e-08
2.644015e-08
4.311851e-08
7.065281e-08
1.160278e-07
1.908795e-07
3.142626e-07
5.177336e-07
8.531675e-07
1.406258e-06
2.318108e-06
3.821554e-06
6.300256e-06
1.038699e-05
1.712474e-05
2.823331e-05
4.654762e-05
7.674146e-05
1.265186e-04
2.085765e-04
3.438377e-04
5.667659e-04
9.340951e-04
1.539130e-03
2.535064e-03
4.172752e-03
6.861131e-03
1.126197e-02
1.843317e-02
3.003204e-02
4.856824e-02
7.762959e-02
1.218530e-01
1.861841e-01
2.738854e-01
3.834339e-01
5.062501e-01
6.283166e-01
7.359457e-01
8.212738e-01
8.833972e-01
9.258761e-01
9.536909e-01
9.713908e-01
9.824501e-01
9.892814e-01
9.934713e-01
9.960300e-01
9.975883e-01
9.985358e-01
9.991114e-01
9.994609e-01
9.996729e-01
9.998016e-01
9.998796e-01
9.999270e-01
9.999557e-01
9.999731e-01
9.999837e-01
9.999901e-01
9.999940e-01
9.999964e-01
9.999978e-01
9.999987e-01
9.999992e-01
9.999995e-01
9.999997e-01
9.999998e-01
9.999999e-01
9.999999e-01
1.000000e+00
1.000000e+00
1.000000e+00
1.000000e+00
1.000000e+00
1.000000e+00
1.000000e+00
1.000000e+00
1.000000e+00
1.000000e+00
1.000000e+00
1.000000e+00
1.000000e+00
1.000000e+00
1.000000e+00
1.000000e+00
1.000000e+00
1.000000e+00
1.000000e+00
1.000000e+00
1.000000e+00
1.000000e+00
1.000000e+00
1.000000e+00
1.000000e+00
1.000000e+00
1.000000e+00
1.000000e+00
1.000000e+00
1.000000e+00
1.000000e+00
1.000000e+00
1.000000e+00
1.000000e+00
1.000000e+00
1.000000e+00
1.000000e+00
1.000000e+00
1.000000e+00
1.000000e+00
1.000000e+00
1.000000e+00
1.000000e+00
1.000000e+00
1.000000e+00
1.000000e+00
1.000000e+00
1.000000e+00
1.000000e+00
1.000000e+00
1.000000e+00
1.000000e+00
1.000000e+00
1.000000e+00
1.000000e+00
1.000000e+00
1.000000e+00
1.000000e+00
1.000000e+00
1.000000e+00
1.000000e+00
1.000000e+00
1.000000e+00
1.000000e+00
1.000000e+00
1.000000e+00
1.000000e+00
1.000000e+00
1.000000e+00
1.000000e+00
1.000000e+00
1.000000e+00
1.000000e+00
1.000000e+00
1.000000e+00
1.000000e+00
1.000000e+00
1.000000e+00
1.000000e+00
1.000000e+00
1.000000e+00
1.000000e+00
1.000000e+00
1.000000e+00
1.000000e+00
1.000000e+00
1.000000e+00
1.000000e+00
1.000000e+00
1.000000e+00
1.000000e+00
1.000000e+00
1.000000e+00
1.000000e+00
1.000000e+00
1.000000e+00
1.000000e+00
1.000000e+00
1.000000e+00
1.000000e+00
1.000000e+00
1.000000e+00
1.000000e+00
1.000000e+00
1.000000e+00
1.000000e+00
1.000000e+00
1.000000e+00
1.000000e+00
1.000000e+00
1.000000e+00
1.000000e+00
1.000000e+00
1.000000e+00
1.000000e+00
1.000000e+00
1.000000e+00
1.000000e+00
1.000000e+00
1.000000e+00
1.000000e+00
1.000000e+00
1.000000e+00
1.000000e+00
1.000000e+00
1.000000e+00
1.000000e+00
1.000000e+00
1.000000e+00
1.000000e+00
1.000000e+00
1.000000e+00
1.000000e+00
1.000000e+00
1.000000e+00
1.000000e+00
1.000000e+00
1.000000e+00
1.000000e+00
1.000000e+00
1.000000e+00
1.000000e+00
1.000000e+00
1.000000e+00
1.000000e+00
1.000000e+00
1.000000e+00
1.000000e+00
1.000000e+00
1.000000e+00
1.000000e+00
1.000000e+00
1.000000e+00
1.000000e+00
1.000000e+00
1.000000e+00
1.000000e+00
1.000000e+00
1.000000e+00
1.000000e+00
1.000000e+00
1.000000e+00
1.000000e+00
1.000000e+00
1.000000e+00
1.000000e+00
1.000000e+00
1.000000e+00
1.000000e+00
1.000000e+00
1.000000e+00
1.000000e+00
1.000000e+00
1.000000e+00
1.000000e+00
1.000000e+00
1.000000e+00
1.000000e+00
1.000000e+00
1.000000e+00
1.000000e+00
1.000000e+00
1.000000e+00
1.000000e+00
1.000000e+00
1.000000e+00
1.000000e+00
1.000000e+00
1.000000e+00
1.000000e+00
1.000000e+00
1.000000e+00
1.000000e+00
1.000000e+00
1.000000e+00
1.000000e+00
1.000000e+00
1.000000e+00
1.000000e+00
1.000000e+00
1.000000e+00
1.000000e+00
1.000000e+00
1.000000e+00
1.000000e+00
1.000000e+00
1.000000e+00
1.000000e+00
1.000000e+00
1.000000e+00
1.000000e+00
1.000000e+00
1.000000e+00
1.000000e+00
1.000000e+00
1.000000e+00
1.000000e+00
1.000000e+00
1.000000e+00
1.000000e+00
1.000000e+00
1.000000e+00
1.000000e+00
1.000000e+00
1.000000e+00
1.000000e+00
1.000000e+00
1.000000e+00
1.000000e+00
1.000000e+00
1.000000e+00
1.000000e+00
1.000000e+00
1.000000e+00
1.000000e+00
1.000000e+00
1.000000e+00
1.000000e+00
1.000000e+00
1.000000e+00
1.000000e+00
1.000000e+00
1.000000e+00
1.000000e+00
1.000000e+00
1.000000e+00
1.000000e+00
1.000000e+00
1.000000e+00
1.000000e+00
1.000000e+00
1.000000e+00
1.000000e+00
1.000000e+00
1.000000e+00
1.000000e+00
1.000000e+00
1.000000e+00
1.000000e+00
1.000000e+00
1.000000e+00
1.000000e+00
1.000000e+00
1.000000e+00
1.000000e+00
1.000000e+00
1.000000e+00
1.000000e+00
1.000000e+00
1.000000e+00
1.000000e+00
1.000000e+00
1.000000e+00
1.000000e+00
1.000000e+00
1.000000e+00
1.000000e+00
1.000000e+00
1.000000e+00
1.000000e+00
1.000000e+00
1.000000e+00
1.000000e+00
1.000000e+00
1.000000e+00
1.000000e+00
1.000000e+00
1.000000e+00
1.000000e+00
1.000000e+00
1.000000e+00
1.000000e+00
1.000000e+00
1.000000e+00
1.000000e+00
1.000000e+00
1.000000e+00
1.000000e+00
1.000000e+00
1.000000e+00
1.000000e+00
1.000000e+00
1.000000e+00
1.000000e+00
1.000000e+00
1.000000e+00
1.000000e+00
1.000000e+00
1.000000e+00
1.000000e+00
1.000000e+00
1.000000e+00
1.000000e+00
1.000000e+00
1.000000e+00
1.000000e+00
1.000000e+00
1.000000e+00
1.000000e+00
1.000000e+00
1.000000e+00
1.000000e+00
1.000000e+00
1.000000e+00
1.000000e+00
1.000000e+00
1.000000e+00
1.000000e+00
1.000000e+00
1.000000e+00
1.000000e+00
1.000000e+00
1.000000e+00
1.000000e+00
1.000000e+00
1.000000e+00
1.000000e+00
1.000000e+00
1.000000e+00
1.000000e+00
1.000000e+00
1.000000e+00
1.000000e+00
1.000000e+00
1.000000e+00
1.000000e+00
1.000000e+00
1.000000e+00
1.000000e+00
1.000000e+00
1.000000e+00
1.000000e+00
1.000000e+00
1.000000e+00
1.000000e+00
1.000000e+00
1.000000e+00
1.000000e+00
1.000000e+00
1.000000e+00
1.000000e+00
1.000000e+00
1.000000e+00
1.000000e+00
1.000000e+00
1.000000e+00
1.000000e+00
1.000000e+00
1.000000e+00
1.000000e+00
1.000000e+00
1.000000e+00
1.000000e+00
1.000000e+00
1.000000e+00
1.000000e+00
1.000000e+00
1.000000e+00
1.000000e+00
1.000000e+00
1.000000e+00
1.000000e+00
1.000000e+00
1.000000e+00
1.000000e+00
1.000000e+00
1.000000e+00
1.000000e+00
1.000000e+00
1.000000e+00
1.000000e+00
1.000000e+00
1.000000e+00
1.000000e+00
1.000000e+00
1.000000e+00
1.000000e+00
1.000000e+00
1.000000e+00
1.000000e+00
1.000000e+00
1.000000e+00
1.000000e+00
1.000000e+00
1.000000e+00
1.000000e+00
1.000000e+00
1.000000e+00
1.000000e+00
1.000000e+00
1.000000e+00
1.000000e+00
1.000000e+00
1.000000e+00
1.000000e+00
1.000000e+00
1.000000e+00
1.000000e+00
1.000000e+00
1.000000e+00
1.000000e+00
1.000000e+00
1.000000e+00
1.000000e+00
1.000000e+00
1.000000e+00
1.000000e+00
1.000000e+00
1.000000e+00
1.000000e+00
1.000000e+00
1.000000e+00
1.000000e+00
1.000000e+00
1.000000e+00
1.000000e+00
1.000000e+00
1.000000e+00
1.000000e+00
1.000000e+00
1.000000e+00
1.000000e+00
1.000000e+00
1.000000e+00
1.000000e+00
1.000000e+00
1.000000e+00
1.000000e+00
1.000000e+00
1.000000e+00
1.000000e+00
1.000000e+00
1.000000e+00
1.000000e+00
1.000000e+00
1.000000e+00
1.000000e+00
1.000000e+00
1.000000e+00
1.000000e+00
1.000000e+00
1.000000e+00
1.000000e+00
1.000000e+00
1.000000e+00
1.000000e+00
1.000000e+00
1.000000e+00
1.000000e+00
1.000000e+00
1.000000e+00
1.000000e+00
1.000000e+00
1.000000e+00
1.000000e+00
1.000000e+00
1.000000e+00
1.000000e+00
1.000000e+00
1.000000e+00
1.000000e+00
1.000000e+00
1.000000e+00
1.000000e+00
1.000000e+00
1.000000e+00
1.000000e+00
1.000000e+00
1.000000e+00
1.000000e+00
1.000000e+00
1.000000e+00
1.000000e+00
1.000000e+00
1.000000e+00
1.000000e+00
1.000000e+00
9.999999e-01
9.999999e-01
9.999998e-01
9.999997e-01
9.999995e-01
9.999992e-01
9.999987e-01
9.999978e-01
9.999964e-01
9.999940e-01
9.999901e-01
9.999837e-01
9.999731e-01
9.999557e-01
9.999270e-01
9.998796e-01
9.998016e-01
9.996729e-01
9.994609e-01
9.991114e-01
9.985358e-01
9.975883e-01
9.960300e-01
9.934713e-01
9.892814e-01
9.824501e-01
9.713908e-01
9.536909e-01
9.258761e-01
8.833972e-01
8.212738e-01
7.359457e-01
6.283166e-01
5.062501e-01
3.834339e-01
2.738854e-01
1.861841e-01
1.218530e-01
7.762959e-02
4.856824e-02
3.003204e-02
1.843317e-02
1.126197e-02
6.861131e-03
4.172752e-03
2.535064e-03
1.539130e-03
9.340951e-04
5.667659e-04
3.438377e-04
2.085765e-04
1.265186e-04
7.674146e-05
4.654762e-05
2.823331e-05
1.712474e-05
1.038699e-05
6.300256e-06
3.821554e-06
2.318108e-06
1.406258e-06
8.531675e-07
5.177336e-07
3.142626e-07
1.908795e-07
1.160278e-07
7.065282e-08
4.311852e-08
2.644015e-08
1.631375e-08
1.019151e-08
6.469753e-09
4.230243e-09
2.865153e-09
2.053464e-09
1.555779e-09
1.268882e-09
1.090660e-09
9.964105e-10
9.360142e-10
9.122775e-10
8.954787e-10
8.973657e-10
8.968159e-10
9.078481e-10
9.134514e-10
9.275959e-10
9.356096e-10
9.506712e-10
9.596929e-10
9.748842e-10
9.843770e-10
9.994259e-10
1.009174e-09
1.023994e-09
1.033902e-09
1.048474e-09
1.058492e-09
1.072821e-09
1.082919e-09
1.097013e-09
1.107170e-09
1.121041e-09
1.131238e-09
1.144898e-09
1.155120e-09
1.168577e-09
1.178812e-09
1.192074e-09
1.202309e-09
1.215384e-09
1.225609e-09
1.238503e-09
1.248708e-09
1.261425e-09
1.271602e-09
1.284148e-09
1.294288e-09
1.306667e-09
1.316763e-09
1.328977e-09
1.339023e-09
1.351074e-09
1.361063e-09
1.372956e-09
1.382882e-09
1.394616e-09
1.404474e-09
1.416053e-09
1.425838e-09
1.437261e-09
1.446968e-09
1.458238e-09
1.467862e-09
1.478979e-09
1.488516e-09
1.499481e-09
1.508928e-09
1.519740e-09
1.529093e-09
1.539753e-09
1.549008e-09
1.559516e-09
1.568670e-09
1.579026e-09
1.588075e-09
1.598280e-09
1.607220e-09
1.617273e-09
1.626103e-09
1.636003e-09
1.644720e-09
1.654468e-09
1.663067e-09
1.672661e-09
1.681142e-09
1.690583e-09
1.698942e-09
1.708228e-09
1.716463e-09
1.725594e-09
1.733703e-09
1.742679e-09
1.750659e-09
1.759478e-09
1.767328e-09
1.775990e-09
1.783706e-09
1.792211e-09
1.799792e-09
1.808138e-09
1.815583e-09
1.823769e-09
1.831075e-09
1.839101e-09
1.846267e-09
1.854132e-09
1.861154e-09
1.868859e-09
1.875737e-09
1.883278e-09
1.890011e-09
1.897389e-09
1.903974e-09
1.911189e-09
1.917624e-09
1.924674e-09
1.930958e-09
1.937843e-09
1.943975e-09
1.950693e-09
1.956672e-09
1.963223e-09
1.969046e-09
1.975429e-09
1.981097e-09
1.987311e-09
1.992821e-09
1.998866e-09
2.004216e-09
2.010092e-09
2.015282e-09
2.020986e-09
2.026015e-09
2.031549e-09
2.036414e-09
2.041775e-09
2.046478e-09
2.051667e-09
2.056204e-09
2.061220e-09
2.065591e-09
2.070433e-09
2.074637e-09
2.079304e-09
2.083341e-09
2.087834e-09
2.091701e-09
2.096018e-09
2.099716e-09
2.103857e-09
2.107385e-09
2.111349e-09
2.114706e-09
2.118492e-09
2.121677e-09
2.125286e-09
2.128298e-09
2.131730e-09
2.134568e-09
2.137821e-09
2.140485e-09
2.143560e-09
2.146049e-09
2.148944e-09
2.151258e-09
2.153974e-09
2.156112e-09
2.158649e-09
2.160610e-09
2.162966e-09
2.164750e-09
2.166927e-09
2.168533e-09
2.170530e-09
2.171957e-09
2.173774e-09
2.175023e-09
2.176659e-09
2.177730e-09
2.179184e-09
2.180076e-09
2.181350e-09
2.182062e-09
2.183155e-09
2.183687e-09
2.184599e-09
2.184951e-09
2.185683e-09
2.185855e-09
2.186405e-09
2.186397e-09
2.186766e-09
