3.635056e-03
3.634969e-03
3.634708e-03
3.634272e-03
3.633663e-03
3.632880e-03
3.631923e-03
3.630792e-03
3.629487e-03
3.628008e-03
3.626356e-03
3.624530e-03
3.622530e-03
3.620357e-03
3.618011e-03
3.615491e-03
3.612799e-03
3.609933e-03
3.606895e-03
3.603684e-03
3.600301e-03
3.596745e-03
3.593017e-03
3.589118e-03
3.585046e-03
3.580803e-03
3.576389e-03
3.571804e-03
3.567048e-03
3.562122e-03
3.557025e-03
3.551758e-03
3.546321e-03
3.540715e-03
3.534939e-03
3.528995e-03
3.522882e-03
3.516601e-03
3.510151e-03
3.503534e-03
3.496750e-03
3.489799e-03
3.482681e-03
3.475397e-03
3.467947e-03
3.460332e-03
3.452551e-03
3.444606e-03
3.436496e-03
3.428223e-03
3.419786e-03
3.411187e-03
3.402424e-03
3.393500e-03
3.384413e-03
3.375166e-03
3.365758e-03
3.356190e-03
3.346461e-03
3.336574e-03
3.326528e-03
3.316323e-03
3.305961e-03
3.295442e-03
3.284766e-03
3.273934e-03
3.262946e-03
3.251803e-03
3.240506e-03
3.229055e-03
3.217451e-03
3.205694e-03
3.193785e-03
3.181724e-03
3.169513e-03
3.157151e-03
3.144640e-03
3.131979e-03
3.119171e-03
3.106214e-03
3.093111e-03
3.079861e-03
3.066466e-03
3.052925e-03
3.039240e-03
3.025412e-03
3.011440e-03
2.997326e-03
2.983071e-03
2.968675e-03
2.954139e-03
2.939463e-03
2.924649e-03
2.909697e-03
2.894608e-03
2.879383e-03
2.864022e-03
2.848526e-03
2.832896e-03
2.817133e-03
2.801237e-03
2.785210e-03
2.769052e-03
2.752763e-03
2.736346e-03
2.719800e-03
2.703127e-03
2.686327e-03
2.669401e-03
2.652350e-03
2.635174e-03
2.617876e-03
2.600455e-03
2.582912e-03
2.565249e-03
2.547465e-03
2.529563e-03
2.511543e-03
2.493405e-03
2.475151e-03
2.456782e-03
2.438299e-03
2.419701e-03
2.400992e-03
2.382170e-03
2.363238e-03
2.344196e-03
2.325045e-03
2.305786e-03
2.286420e-03
2.266949e-03
2.247372e-03
2.227691e-03
2.207907e-03
2.188020e-03
2.168033e-03
2.147946e-03
2.127759e-03
2.107474e-03
2.087092e-03
2.066613e-03
2.046040e-03
2.025372e-03
2.004611e-03
1.983758e-03
1.962814e-03
1.941780e-03
1.920656e-03
1.899445e-03
1.878146e-03
1.856762e-03
1.835293e-03
1.813740e-03
1.792104e-03
1.770386e-03
1.748587e-03
1.726709e-03
1.704752e-03
1.682718e-03
1.660607e-03
1.638421e-03
1.616161e-03
1.593827e-03
1.571421e-03
1.548944e-03
1.526397e-03
1.503781e-03
1.481098e-03
1.458347e-03
1.435531e-03
1.412651e-03
1.389707e-03
1.366701e-03
1.343633e-03
1.320506e-03
1.297319e-03
1.274075e-03
1.250774e-03
1.227417e-03
1.204006e-03
1.180541e-03
1.157024e-03
1.133456e-03
1.109838e-03
1.086171e-03
1.062456e-03
1.038694e-03
1.014888e-03
9.910363e-04
9.671420e-04
9.432058e-04
9.192291e-04
8.952133e-04
8.711599e-04
8.470709e-04
8.229486e-04
7.987964e-04
7.746187e-04
7.504223e-04
7.262177e-04
7.020212e-04
6.778591e-04
6.537741e-04
6.298355e-04
6.061569e-04
5.829247e-04
5.604452e-04
5.392222e-04
5.200855e-04
5.044009e-04
4.944186e-04
4.938449e-04
5.087860e-04
5.493009e-04
6.319588e-04
7.840457e-04
1.050478e-03
1.505136e-03
2.269394e-03
3.542231e-03
5.648716e-03
9.116855e-03
1.479610e-02
2.403148e-02
3.889694e-02
6.245048e-02
9.886730e-02
1.531061e-01
2.295607e-01
3.293724e-01
4.473964e-01
5.716678e-01
6.875128e-01
7.838687e-01
8.567002e-01
9.078665e-01
9.419923e-01
9.639709e-01
9.778090e-01
9.863977e-01
9.916807e-01
9.949124e-01
9.968824e-01
9.980806e-01
9.988083e-01
9.992496e-01
9.995170e-01
9.996787e-01
9.997763e-01
9.998349e-01
9.998699e-01
9.998907e-01
9.999027e-01
9.999094e-01
9.999130e-01
9.999146e-01
9.999150e-01
9.999148e-01
9.999141e-01
9.999131e-01
9.999120e-01
9.999108e-01
9.999095e-01
9.999082e-01
9.999069e-01
9.999056e-01
9.999043e-01
9.999030e-01
9.999016e-01
9.999003e-01
9.998990e-01
9.998976e-01
9.998963e-01
9.998950e-01
9.998937e-01
9.998924e-01
9.998911e-01
9.998898e-01
9.998885e-01
9.998872e-01
9.998859e-01
9.998846e-01
9.998833e-01
9.998820e-01
9.998808e-01
9.998795e-01
9.998782e-01
9.998769e-01
9.998757e-01
9.998744e-01
9.998732e-01
9.998719e-01
9.998707e-01
9.998694e-01
9.998682e-01
9.998669e-01
9.998657e-01
9.998645e-01
9.998633e-01
9.998620e-01
9.998608e-01
9.998596e-01
9.998584e-01
9.998572e-01
9.998560e-01
9.998548e-01
9.998536e-01
9.998524e-01
9.998512e-01
9.998501e-01
9.998489e-01
9.998477e-01
9.998466e-01
9.998454e-01
9.998442e-01
9.998431e-01
9.998419e-01
9.998408e-01
9.998396e-01
9.998385e-01
9.998374e-01
9.998363e-01
9.998351e-01
9.998340e-01
9.998329e-01
9.998318e-01
9.998307e-01
9.998296e-01
9.998285e-01
9.998274e-01
9.998263e-01
9.998252e-01
9.998242e-01
9.998231e-01
9.998220e-01
9.998210e-01
9.998199e-01
9.998189e-01
9.998178e-01
9.998168e-01
9.998157e-01
9.998147e-01
9.998137e-01
9.998127e-01
9.998117e-01
9.998106e-01
9.998096e-01
9.998086e-01
9.998076e-01
9.998066e-01
9.998057e-01
9.998047e-01
9.998037e-01
9.998027e-01
9.998018e-01
9.998008e-01
9.997998e-01
9.997989e-01
9.997980e-01
9.997970e-01
9.997961e-01
9.997952e-01
9.997942e-01
9.997933e-01
9.997924e-01
9.997915e-01
9.997906e-01
9.997897e-01
9.997888e-01
9.997879e-01
9.997870e-01
9.997862e-01
9.997853e-01
9.997844e-01
9.997836e-01
9.997827e-01
9.997819e-01
9.997810e-01
9.997802e-01
9.997794e-01
9.997785e-01
9.997777e-01
9.997769e-01
9.997761e-01
9.997753e-01
9.997745e-01
9.997737e-01
9.997729e-01
9.997721e-01
9.997713e-01
9.997706e-01
9.997698e-01
9.997691e-01
9.997683e-01
9.997676e-01
9.997668e-01
9.997661e-01
9.997654e-01
9.997646e-01
9.997639e-01
9.997632e-01
9.997625e-01
9.997618e-01
9.997611e-01
9.997604e-01
9.997597e-01
9.997591e-01
9.997584e-01
9.997577e-01
9.997571e-01
9.997564e-01
9.997558e-01
9.997551e-01
9.997545e-01
9.997539e-01
9.997533e-01
9.997526e-01
9.997520e-01
9.997514e-01
9.997508e-01
9.997502e-01
9.997496e-01
9.997491e-01
9.997485e-01
9.997479e-01
9.997474e-01
9.997468e-01
9.997463e-01
9.997457e-01
9.997452e-01
9.997447e-01
9.997441e-01
9.997436e-01
9.997431e-01
9.997426e-01
9.997421e-01
9.997416e-01
9.997411e-01
9.997406e-01
9.997402e-01
9.997397e-01
9.997392e-01
9.997388e-01
9.997383e-01
9.997379e-01
9.997374e-01
9.997370e-01
9.997366e-01
9.997362e-01
9.997358e-01
9.997354e-01
9.997350e-01
9.997346e-01
9.997342e-01
9.997338e-01
9.997334e-01
9.997331e-01
9.997327e-01
9.997323e-01
9.997320e-01
9.997317e-01
9.997313e-01
9.997310e-01
9.997307e-01
9.997304e-01
9.997300e-01
9.997297e-01
9.997294e-01
9.997292e-01
9.997289e-01
9.997286e-01
9.997283e-01
9.997281e-01
9.997278e-01
9.997276e-01
9.997273e-01
9.997271e-01
9.997268e-01
9.997266e-01
9.997264e-01
9.997262e-01
9.997260e-01
9.997258e-01
9.997256e-01
9.997254e-01
9.997252e-01
9.997250e-01
9.997249e-01
9.997247e-01
9.997246e-01
9.997244e-01
9.997243e-01
9.997241e-01
9.997240e-01
9.997239e-01
9.997238e-01
9.997237e-01
9.997236e-01
9.997235e-01
9.997234e-01
9.997233e-01
9.997232e-01
9.997232e-01
9.997231e-01
9.997230e-01
9.997230e-01
9.997230e-01
9.997229e-01
9.997229e-01
9.997229e-01
9.997228e-01
9.997228e-01
9.997228e-01
9.997228e-01
9.997228e-01
9.997229e-01
9.997229e-01
9.997229e-01
9.997230e-01
9.997230e-01
9.997230e-01
9.997231e-01
9.997232e-01
9.997232e-01
9.997233e-01
9.997234e-01
9.997235e-01
9.997236e-01
9.997237e-01
9.997238e-01
9.997239e-01
9.997240e-01
9.997241e-01
9.997243e-01
9.997244e-01
9.997246e-01
9.997247e-01
9.997249e-01
9.997250e-01
9.997252e-01
9.997254e-01
9.997256e-01
9.997258e-01
9.997260e-01
9.997262e-01
9.997264e-01
9.997266e-01
9.997268e-01
9.997271e-01
9.997273e-01
9.997276e-01
9.997278e-01
9.997281e-01
9.997283e-01
9.997286e-01
9.997289e-01
9.997292e-01
9.997294e-01
9.997297e-01
9.997300e-01
9.997304e-01
9.997307e-01
9.997310e-01
9.997313e-01
9.997317e-01
9.997320e-01
9.997323e-01
9.997327e-01
9.997331e-01
9.997334e-01
9.997338e-01
9.997342e-01
9.997346e-01
9.997350e-01
9.997354e-01
9.997358e-01
9.997362e-01
9.997366e-01
9.997370e-01
9.997374e-01
9.997379e-01
9.997383e-01
9.997388e-01
9.997392e-01
9.997397e-01
9.997402e-01
9.997406e-01
9.997411e-01
9.997416e-01
9.997421e-01
9.997426e-01
9.997431e-01
9.997436e-01
9.997441e-01
9.997447e-01
9.997452e-01
9.997457e-01
9.997463e-01
9.997468e-01
9.997474e-01
9.997479e-01
9.997485e-01
9.997491e-01
9.997496e-01
9.997502e-01
9.997508e-01
9.997514e-01
9.997520e-01
9.997526e-01
9.997533e-01
9.997539e-01
9.997545e-01
9.997551e-01
9.997558e-01
9.997564e-01
9.997571e-01
9.997577e-01
9.997584e-01
9.997591e-01
9.997597e-01
9.997604e-01
9.997611e-01
9.997618e-01
9.997625e-01
9.997632e-01
9.997639e-01
9.997646e-01
9.997654e-01
9.997661e-01
9.997668e-01
9.997676e-01
9.997683e-01
9.997691e-01
9.997698e-01
9.997706e-01
9.997713e-01
9.997721e-01
9.997729e-01
9.997737e-01
9.997745e-01
9.997753e-01
9.997761e-01
9.997769e-01
9.997777e-01
9.997785e-01
9.997794e-01
9.997802e-01
9.997810e-01
9.997819e-01
9.997827e-01
9.997836e-01
9.997844e-01
9.997853e-01
9.997862e-01
9.997870e-01
9.997879e-01
9.997888e-01
9.997897e-01
9.997906e-01
9.997915e-01
9.997924e-01
9.997933e-01
9.997942e-01
9.997952e-01
9.997961e-01
9.997970e-01
9.997980e-01
9.997989e-01
9.997998e-01
9.998008e-01
9.998018e-01
9.998027e-01
9.998037e-01
9.998047e-01
9.998057e-01
9.998066e-01
9.998076e-01
9.998086e-01
9.998096e-01
9.998106e-01
9.998117e-01
9.998127e-01
9.998137e-01
9.998147e-01
9.998157e-01
9.998168e-01
9.998178e-01
9.998189e-01
9.998199e-01
9.998210e-01
9.998220e-01
9.998231e-01
9.998242e-01
9.998252e-01
9.998263e-01
9.998274e-01
9.998285e-01
9.998296e-01
9.998307e-01
9.998318e-01
9.998329e-01
9.998340e-01
9.998351e-01
9.998363e-01
9.998374e-01
9.998385e-01
9.998396e-01
9.998408e-01
9.998419e-01
9.998431e-01
9.998442e-01
9.998454e-01
9.998466e-01
9.998477e-01
9.998489e-01
9.998501e-01
9.998512e-01
9.998524e-01
9.998536e-01
9.998548e-01
9.998560e-01
9.998572e-01
9.998584e-01
9.998596e-01
9.998608e-01
9.998620e-01
9.998633e-01
9.998645e-01
9.998657e-01
9.998669e-01
9.998682e-01
9.998694e-01
9.998707e-01
9.998719e-01
9.998732e-01
9.998744e-01
9.998757e-01
9.998769e-01
9.998782e-01
9.998795e-01
9.998808e-01
9.998820e-01
9.998833e-01
9.998846e-01
9.998859e-01
9.998872e-01
9.998885e-01
9.998898e-01
9.998911e-01
9.998924e-01
9.998937e-01
9.998950e-01
9.998963e-01
9.998976e-01
9.998990e-01
9.999003e-01
9.999016e-01
9.999030e-01
9.999043e-01
9.999056e-01
9.999069e-01
9.999082e-01
9.999095e-01
9.999108e-01
9.999120e-01
9.999131e-01
9.999141e-01
9.999148e-01
9.999150e-01
9.999146e-01
9.999130e-01
9.999094e-01
9.999027e-01
9.998907e-01
9.998699e-01
9.998349e-01
9.997763e-01
9.996787e-01
9.995170e-01
9.992496e-01
9.988083e-01
9.980806e-01
9.968824e-01
9.949124e-01
9.916807e-01
9.863977e-01
9.778090e-01
9.639709e-01
9.419923e-01
9.078665e-01
8.567002e-01
7.838687e-01
6.875128e-01
5.716678e-01
4.473964e-01
3.293724e-01
2.295607e-01
1.531061e-01
9.886730e-02
6.245048e-02
3.889694e-02
2.403148e-02
1.479610e-02
9.116855e-03
5.648716e-03
3.542231e-03
2.269394e-03
1.505136e-03
1.050478e-03
7.840457e-04
6.319588e-04
5.493009e-04
5.087860e-04
4.938449e-04
4.944186e-04
5.044009e-04
5.200855e-04
5.392222e-04
5.604452e-04
5.829247e-04
6.061569e-04
6.298355e-04
6.537741e-04
6.778591e-04
7.020212e-04
7.262177e-04
7.504223e-04
7.746187e-04
7.987964e-04
8.229486e-04
8.470709e-04
8.711599e-04
8.952133e-04
9.192291e-04
9.432058e-04
9.671420e-04
9.910363e-04
1.014888e-03
1.038694e-03
1.062456e-03
1.086171e-03
1.109838e-03
1.133456e-03
1.157024e-03
1.180541e-03
1.204006e-03
1.227417e-03
1.250774e-03
1.274075e-03
1.297319e-03
1.320506e-03
1.343633e-03
1.366701e-03
1.389707e-03
1.412651e-03
1.435531e-03
1.458347e-03
1.481098e-03
1.503781e-03
1.526397e-03
1.548944e-03
1.571421e-03
1.593827e-03
1.616161e-03
1.638421e-03
1.660607e-03
1.682718e-03
1.704752e-03
1.726709e-03
1.748587e-03
1.770386e-03
1.792104e-03
1.813740e-03
1.835293e-03
1.856762e-03
1.878146e-03
1.899445e-03
1.920656e-03
1.941780e-03
1.962814e-03
1.983758e-03
2.004611e-03
2.025372e-03
2.046040e-03
2.066613e-03
2.087092e-03
2.107474e-03
2.127759e-03
2.147946e-03
2.168033e-03
2.188020e-03
2.207907e-03
2.227691e-03
2.247372e-03
2.266949e-03
2.286420e-03
2.305786e-03
2.325045e-03
2.344196e-03
2.363238e-03
2.382170e-03
2.400992e-03
2.419701e-03
2.438299e-03
2.456782e-03
2.475151e-03
2.493405e-03
2.511543e-03
2.529563e-03
2.547465e-03
2.565249e-03
2.582912e-03
2.600455e-03
2.617876e-03
2.635174e-03
2.652350e-03
2.669401e-03
2.686327e-03
2.703127e-03
2.719800e-03
2.736346e-03
2.752763e-03
2.769052e-03
2.785210e-03
2.801237e-03
2.817133e-03
2.832896e-03
2.848526e-03
2.864022e-03
2.879383e-03
2.894608e-03
2.909697e-03
2.924649e-03
2.939463e-03
2.954139e-03
2.968675e-03
2.983071e-03
2.997326e-03
3.011440e-03
3.025412e-03
3.039240e-03
3.052925e-03
3.066466e-03
3.079861e-03
3.093111e-03
3.106214e-03
3.119171e-03
3.131979e-03
3.144640e-03
3.157151e-03
3.169513e-03
3.181724e-03
3.193785e-03
3.205694e-03
3.217451e-03
3.229055e-03
3.240506e-03
3.251803e-03
3.262946e-03
3.273934e-03
3.284766e-03
3.295442e-03
3.305961e-03
3.316323e-03
3.326528e-03
3.336574e-03
3.346461e-03
3.356190e-03
3.365758e-03
3.375166e-03
3.384413e-03
3.393500e-03
3.402424e-03
3.411187e-03
3.419786e-03
3.428223e-03
3.436496e-03
3.444606e-03
3.452551e-03
3.460332e-03
3.467947e-03
3.475397e-03
3.482681e-03
3.489799e-03
3.496750e-03
3.503534e-03
3.510151e-03
3.516601e-03
3.522882e-03
3.528995e-03
3.534939e-03
3.540715e-03
3.546321e-03
3.551758e-03
3.557025e-03
3.562122e-03
3.567048e-03
3.571804e-03
3.576389e-03
3.580803e-03
3.585046e-03
3.589118e-03
3.593017e-03
3.596745e-03
3.600301e-03
3.603684e-03
3.606895e-03
3.609933e-03
3.612799e-03
3.615491e-03
3.618011e-03
3.620357e-03
3.622530e-03
3.624530e-03
3.626356e-03
3.628008e-03
3.629487e-03
3.630792e-03
3.631923e-03
3.632880e-03
3.633663e-03
3.634272e-03
3.634708e-03
3.634969e-03
