3.013170e-03
3.013098e-03
3.012882e-03
3.012522e-03
3.012018e-03
3.011370e-03
3.010578e-03
3.009642e-03
3.008562e-03
3.007338e-03
3.005971e-03
3.004460e-03
3.002805e-03
3.001007e-03
2.999065e-03
2.996980e-03
2.994752e-03
2.992381e-03
2.989867e-03
2.987209e-03
2.984409e-03
2.981467e-03
2.978382e-03
2.975155e-03
2.971786e-03
2.968274e-03
2.964621e-03
2.960827e-03
2.956891e-03
2.952814e-03
2.948595e-03
2.944236e-03
2.939737e-03
2.935097e-03
2.930317e-03
2.925398e-03
2.920338e-03
2.915140e-03
2.909802e-03
2.904325e-03
2.898710e-03
2.892957e-03
2.887066e-03
2.881037e-03
2.874871e-03
2.868567e-03
2.862127e-03
2.855551e-03
2.848838e-03
2.841990e-03
2.835007e-03
2.827888e-03
2.820635e-03
2.813248e-03
2.805726e-03
2.798071e-03
2.790283e-03
2.782362e-03
2.774309e-03
2.766124e-03
2.757807e-03
2.749359e-03
2.740781e-03
2.732072e-03
2.723233e-03
2.714265e-03
2.705169e-03
2.695943e-03
2.686590e-03
2.677109e-03
2.667501e-03
2.657766e-03
2.647906e-03
2.637919e-03
2.627808e-03
2.617572e-03
2.607212e-03
2.596729e-03
2.586122e-03
2.575393e-03
2.564542e-03
2.553570e-03
2.542477e-03
2.531263e-03
2.519930e-03
2.508477e-03
2.496906e-03
2.485217e-03
2.473411e-03
2.461487e-03
2.449448e-03
2.437292e-03
2.425022e-03
2.412637e-03
2.400139e-03
2.387527e-03
2.374803e-03
2.361967e-03
2.349019e-03
2.335961e-03
2.322793e-03
2.309515e-03
2.296129e-03
2.282635e-03
2.269034e-03
2.255325e-03
2.241511e-03
2.227592e-03
2.213568e-03
2.199440e-03
2.185208e-03
2.170875e-03
2.156439e-03
2.141903e-03
2.127266e-03
2.112529e-03
2.097694e-03
2.082760e-03
2.067729e-03
2.052601e-03
2.037377e-03
2.022058e-03
2.006645e-03
1.991137e-03
1.975537e-03
1.959845e-03
1.944061e-03
1.928187e-03
1.912223e-03
1.896170e-03
1.880029e-03
1.863800e-03
1.847484e-03
1.831083e-03
1.814596e-03
1.798026e-03
1.781371e-03
1.764635e-03
1.747816e-03
1.730916e-03
1.713937e-03
1.696877e-03
1.679740e-03
1.662524e-03
1.645232e-03
1.627864e-03
1.610421e-03
1.592903e-03
1.575312e-03
1.557649e-03
1.539913e-03
1.522107e-03
1.504231e-03
1.486285e-03
1.468272e-03
1.450191e-03
1.432043e-03
1.413830e-03
1.395552e-03
1.377210e-03
1.358805e-03
1.340338e-03
1.321810e-03
1.303222e-03
1.284574e-03
1.265867e-03
1.247103e-03
1.228283e-03
1.209406e-03
1.190475e-03
1.171489e-03
1.152451e-03
1.133360e-03
1.114218e-03
1.095026e-03
1.075784e-03
1.056494e-03
1.037156e-03
1.017771e-03
9.983413e-04
9.788663e-04
9.593475e-04
9.397858e-04
9.201820e-04
9.005372e-04
8.808523e-04
8.611283e-04
8.413660e-04
8.215666e-04
8.017309e-04
7.818601e-04
7.619552e-04
7.420176e-04
7.220485e-04
7.020499e-04
6.820238e-04
6.619735e-04
6.419035e-04
6.218205e-04
6.017351e-04
5.816643e-04
5.616351e-04
5.416916e-04
5.219059e-04
5.023960e-04
4.833559e-04
4.651046e-04
4.481669e-04
4.334072e-04
4.222489e-04
4.170375e-04
4.216367e-04
4.424126e-04
4.898533e-04
5.812359e-04
7.450137e-04
1.028025e-03
1.507309e-03
2.309421e-03
3.641792e-03
5.843182e-03
9.463507e-03
1.538656e-02
2.500933e-02
4.047957e-02
6.494847e-02
1.026810e-01
1.586591e-01
2.371227e-01
3.387865e-01
4.578883e-01
5.820107e-01
6.965480e-01
7.909690e-01
8.618329e-01
9.113592e-01
9.442737e-01
9.654224e-01
9.787181e-01
9.869622e-01
9.920304e-01
9.951296e-01
9.970184e-01
9.981671e-01
9.988647e-01
9.992877e-01
9.995441e-01
9.996991e-01
9.997926e-01
9.998489e-01
9.998825e-01
9.999024e-01
9.999140e-01
9.999205e-01
9.999240e-01
9.999256e-01
9.999261e-01
9.999259e-01
9.999253e-01
9.999244e-01
9.999234e-01
9.999223e-01
9.999211e-01
9.999199e-01
9.999187e-01
9.999175e-01
9.999163e-01
9.999151e-01
9.999139e-01
9.999126e-01
9.999114e-01
9.999102e-01
9.999090e-01
9.999078e-01
9.999066e-01
9.999054e-01
9.999042e-01
9.999030e-01
9.999018e-01
9.999006e-01
9.998994e-01
9.998982e-01
9.998970e-01
9.998958e-01
9.998946e-01
9.998935e-01
9.998923e-01
9.998911e-01
9.998900e-01
9.998888e-01
9.998876e-01
9.998865e-01
9.998853e-01
9.998842e-01
9.998830e-01
9.998819e-01
9.998808e-01
9.998796e-01
9.998785e-01
9.998774e-01
9.998763e-01
9.998751e-01
9.998740e-01
9.998729e-01
9.998718e-01
9.998707e-01
9.998696e-01
9.998685e-01
9.998674e-01
9.998663e-01
9.998652e-01
9.998641e-01
9.998631e-01
9.998620e-01
9.998609e-01
9.998599e-01
9.998588e-01
9.998577e-01
9.998567e-01
9.998556e-01
9.998546e-01
9.998535e-01
9.998525e-01
9.998515e-01
9.998504e-01
9.998494e-01
9.998484e-01
9.998474e-01
9.998464e-01
9.998454e-01
9.998444e-01
9.998434e-01
9.998424e-01
9.998414e-01
9.998404e-01
9.998394e-01
9.998384e-01
9.998375e-01
9.998365e-01
9.998355e-01
9.998346e-01
9.998336e-01
9.998326e-01
9.998317e-01
9.998308e-01
9.998298e-01
9.998289e-01
9.998280e-01
9.998270e-01
9.998261e-01
9.998252e-01
9.998243e-01
9.998234e-01
9.998225e-01
9.998216e-01
9.998207e-01
9.998198e-01
9.998189e-01
9.998181e-01
9.998172e-01
9.998163e-01
9.998155e-01
9.998146e-01
9.998137e-01
9.998129e-01
9.998121e-01
9.998112e-01
9.998104e-01
9.998096e-01
9.998087e-01
9.998079e-01
9.998071e-01
9.998063e-01
9.998055e-01
9.998047e-01
9.998039e-01
9.998031e-01
9.998023e-01
9.998015e-01
9.998008e-01
9.998000e-01
9.997992e-01
9.997985e-01
9.997977e-01
9.997970e-01
9.997962e-01
9.997955e-01
9.997948e-01
9.997941e-01
9.997933e-01
9.997926e-01
9.997919e-01
9.997912e-01
9.997905e-01
9.997898e-01
9.997891e-01
9.997884e-01
9.997878e-01
9.997871e-01
9.997864e-01
9.997858e-01
9.997851e-01
9.997845e-01
9.997838e-01
9.997832e-01
9.997825e-01
9.997819e-01
9.997813e-01
9.997807e-01
9.997801e-01
9.997794e-01
9.997788e-01
9.997782e-01
9.997777e-01
9.997771e-01
9.997765e-01
9.997759e-01
9.997754e-01
9.997748e-01
9.997742e-01
9.997737e-01
9.997731e-01
9.997726e-01
9.997721e-01
9.997715e-01
9.997710e-01
9.997705e-01
9.997700e-01
9.997695e-01
9.997690e-01
9.997685e-01
9.997680e-01
9.997675e-01
9.997670e-01
9.997666e-01
9.997661e-01
9.997656e-01
9.997652e-01
9.997647e-01
9.997643e-01
9.997639e-01
9.997634e-01
9.997630e-01
9.997626e-01
9.997622e-01
9.997618e-01
9.997614e-01
9.997610e-01
9.997606e-01
9.997602e-01
9.997598e-01
9.997594e-01
9.997591e-01
9.997587e-01
9.997584e-01
9.997580e-01
9.997577e-01
9.997573e-01
9.997570e-01
9.997567e-01
9.997564e-01
9.997561e-01
9.997557e-01
9.997554e-01
9.997552e-01
9.997549e-01
9.997546e-01
9.997543e-01
9.997540e-01
9.997538e-01
9.997535e-01
9.997533e-01
9.997530e-01
9.997528e-01
9.997525e-01
9.997523e-01
9.997521e-01
9.997519e-01
9.997517e-01
9.997515e-01
9.997513e-01
9.997511e-01
9.997509e-01
9.997507e-01
9.997505e-01
9.997504e-01
9.997502e-01
9.997500e-01
9.997499e-01
9.997497e-01
9.997496e-01
9.997495e-01
9.997494e-01
9.997492e-01
9.997491e-01
9.997490e-01
9.997489e-01
9.997488e-01
9.997487e-01
9.997486e-01
9.997486e-01
9.997485e-01
9.997484e-01
9.997484e-01
9.997483e-01
9.997483e-01
9.997482e-01
9.997482e-01
9.997482e-01
9.997482e-01
9.997481e-01
9.997481e-01
9.997481e-01
9.997481e-01
9.997481e-01
9.997482e-01
9.997482e-01
9.997482e-01
9.997482e-01
9.997483e-01
9.997483e-01
9.997484e-01
9.997484e-01
9.997485e-01
9.997486e-01
9.997486e-01
9.997487e-01
9.997488e-01
9.997489e-01
9.997490e-01
9.997491e-01
9.997492e-01
9.997494e-01
9.997495e-01
9.997496e-01
9.997497e-01
9.997499e-01
9.997500e-01
9.997502e-01
9.997504e-01
9.997505e-01
9.997507e-01
9.997509e-01
9.997511e-01
9.997513e-01
9.997515e-01
9.997517e-01
9.997519e-01
9.997521e-01
9.997523e-01
9.997525e-01
9.997528e-01
9.997530e-01
9.997533e-01
9.997535e-01
9.997538e-01
9.997540e-01
9.997543e-01
9.997546e-01
9.997549e-01
9.997552e-01
9.997554e-01
9.997557e-01
9.997561e-01
9.997564e-01
9.997567e-01
9.997570e-01
9.997573e-01
9.997577e-01
9.997580e-01
9.997584e-01
9.997587e-01
9.997591e-01
9.997594e-01
9.997598e-01
9.997602e-01
9.997606e-01
9.997610e-01
9.997614e-01
9.997618e-01
9.997622e-01
9.997626e-01
9.997630e-01
9.997634e-01
9.997639e-01
9.997643e-01
9.997647e-01
9.997652e-01
9.997656e-01
9.997661e-01
9.997666e-01
9.997670e-01
9.997675e-01
9.997680e-01
9.997685e-01
9.997690e-01
9.997695e-01
9.997700e-01
9.997705e-01
9.997710e-01
9.997715e-01
9.997721e-01
9.997726e-01
9.997731e-01
9.997737e-01
9.997742e-01
9.997748e-01
9.997754e-01
9.997759e-01
9.997765e-01
9.997771e-01
9.997777e-01
9.997782e-01
9.997788e-01
9.997794e-01
9.997801e-01
9.997807e-01
9.997813e-01
9.997819e-01
9.997825e-01
9.997832e-01
9.997838e-01
9.997845e-01
9.997851e-01
9.997858e-01
9.997864e-01
9.997871e-01
9.997878e-01
9.997884e-01
9.997891e-01
9.997898e-01
9.997905e-01
9.997912e-01
9.997919e-01
9.997926e-01
9.997933e-01
9.997941e-01
9.997948e-01
9.997955e-01
9.997962e-01
9.997970e-01
9.997977e-01
9.997985e-01
9.997992e-01
9.998000e-01
9.998008e-01
9.998015e-01
9.998023e-01
9.998031e-01
9.998039e-01
9.998047e-01
9.998055e-01
9.998063e-01
9.998071e-01
9.998079e-01
9.998087e-01
9.998096e-01
9.998104e-01
9.998112e-01
9.998121e-01
9.998129e-01
9.998137e-01
9.998146e-01
9.998155e-01
9.998163e-01
9.998172e-01
9.998181e-01
9.998189e-01
9.998198e-01
9.998207e-01
9.998216e-01
9.998225e-01
9.998234e-01
9.998243e-01
9.998252e-01
9.998261e-01
9.998270e-01
9.998280e-01
9.998289e-01
9.998298e-01
9.998308e-01
9.998317e-01
9.998326e-01
9.998336e-01
9.998346e-01
9.998355e-01
9.998365e-01
9.998375e-01
9.998384e-01
9.998394e-01
9.998404e-01
9.998414e-01
9.998424e-01
9.998434e-01
9.998444e-01
9.998454e-01
9.998464e-01
9.998474e-01
9.998484e-01
9.998494e-01
9.998504e-01
9.998515e-01
9.998525e-01
9.998535e-01
9.998546e-01
9.998556e-01
9.998567e-01
9.998577e-01
9.998588e-01
9.998599e-01
9.998609e-01
9.998620e-01
9.998631e-01
9.998641e-01
9.998652e-01
9.998663e-01
9.998674e-01
9.998685e-01
9.998696e-01
9.998707e-01
9.998718e-01
9.998729e-01
9.998740e-01
9.998751e-01
9.998763e-01
9.998774e-01
9.998785e-01
9.998796e-01
9.998808e-01
9.998819e-01
9.998830e-01
9.998842e-01
9.998853e-01
9.998865e-01
9.998876e-01
9.998888e-01
9.998900e-01
9.998911e-01
9.998923e-01
9.998935e-01
9.998946e-01
9.998958e-01
9.998970e-01
9.998982e-01
9.998994e-01
9.999006e-01
9.999018e-01
9.999030e-01
9.999042e-01
9.999054e-01
9.999066e-01
9.999078e-01
9.999090e-01
9.999102e-01
9.999114e-01
9.999126e-01
9.999139e-01
9.999151e-01
9.999163e-01
9.999175e-01
9.999187e-01
9.999199e-01
9.999211e-01
9.999223e-01
9.999234e-01
9.999244e-01
9.999253e-01
9.999259e-01
9.999261e-01
9.999256e-01
9.999240e-01
9.999205e-01
9.999140e-01
9.999024e-01
9.998825e-01
9.998489e-01
9.997926e-01
9.996991e-01
9.995441e-01
9.992877e-01
9.988647e-01
9.981671e-01
9.970184e-01
9.951296e-01
9.920304e-01
9.869622e-01
9.787181e-01
9.654224e-01
9.442737e-01
9.113592e-01
8.618329e-01
7.909690e-01
6.965480e-01
5.820107e-01
4.578883e-01
3.387865e-01
2.371227e-01
1.586591e-01
1.026810e-01
6.494847e-02
4.047957e-02
2.500933e-02
1.538656e-02
9.463507e-03
5.843182e-03
3.641792e-03
2.309421e-03
1.507309e-03
1.028025e-03
7.450137e-04
5.812359e-04
4.898533e-04
4.424126e-04
4.216367e-04
4.170375e-04
4.222489e-04
4.334072e-04
4.481669e-04
4.651046e-04
4.833559e-04
5.023960e-04
5.219059e-04
5.416916e-04
5.616351e-04
5.816643e-04
6.017351e-04
6.218205e-04
6.419035e-04
6.619735e-04
6.820238e-04
7.020499e-04
7.220485e-04
7.420176e-04
7.619552e-04
7.818601e-04
8.017309e-04
8.215666e-04
8.413660e-04
8.611283e-04
8.808523e-04
9.005372e-04
9.201820e-04
9.397858e-04
9.593475e-04
9.788663e-04
9.983413e-04
1.017771e-03
1.037156e-03
1.056494e-03
1.075784e-03
1.095026e-03
1.114218e-03
1.133360e-03
1.152451e-03
1.171489e-03
1.190475e-03
1.209406e-03
1.228283e-03
1.247103e-03
1.265867e-03
1.284574e-03
1.303222e-03
1.321810e-03
1.340338e-03
1.358805e-03
1.377210e-03
1.395552e-03
1.413830e-03
1.432043e-03
1.450191e-03
1.468272e-03
1.486285e-03
1.504231e-03
1.522107e-03
1.539913e-03
1.557649e-03
1.575312e-03
1.592903e-03
1.610421e-03
1.627864e-03
1.645232e-03
1.662524e-03
1.679740e-03
1.696877e-03
1.713937e-03
1.730916e-03
1.747816e-03
1.764635e-03
1.781371e-03
1.798026e-03
1.814596e-03
1.831083e-03
1.847484e-03
1.863800e-03
1.880029e-03
1.896170e-03
1.912223e-03
1.928187e-03
1.944061e-03
1.959845e-03
1.975537e-03
1.991137e-03
2.006645e-03
2.022058e-03
2.037377e-03
2.052601e-03
2.067729e-03
2.082760e-03
2.097694e-03
2.112529e-03
2.127266e-03
2.141903e-03
2.156439e-03
2.170875e-03
2.185208e-03
2.199440e-03
2.213568e-03
2.227592e-03
2.241511e-03
2.255325e-03
2.269034e-03
2.282635e-03
2.296129e-03
2.309515e-03
2.322793e-03
2.335961e-03
2.349019e-03
2.361967e-03
2.374803e-03
2.387527e-03
2.400139e-03
2.412637e-03
2.425022e-03
2.437292e-03
2.449448e-03
2.461487e-03
2.473411e-03
2.485217e-03
2.496906e-03
2.508477e-03
2.519930e-03
2.531263e-03
2.542477e-03
2.553570e-03
2.564542e-03
2.575393e-03
2.586122e-03
2.596729e-03
2.607212e-03
2.617572e-03
2.627808e-03
2.637919e-03
2.647906e-03
2.657766e-03
2.667501e-03
2.677109e-03
2.686590e-03
2.695943e-03
2.705169e-03
2.714265e-03
2.723233e-03
2.732072e-03
2.740781e-03
2.749359e-03
2.757807e-03
2.766124e-03
2.774309e-03
2.782362e-03
2.790283e-03
2.798071e-03
2.805726e-03
2.813248e-03
2.820635e-03
2.827888e-03
2.835007e-03
2.841990e-03
2.848838e-03
2.855551e-03
2.862127e-03
2.868567e-03
2.874871e-03
2.881037e-03
2.887066e-03
2.892957e-03
2.898710e-03
2.904325e-03
2.909802e-03
2.915140e-03
2.920338e-03
2.925398e-03
2.930317e-03
2.935097e-03
2.939737e-03
2.944236e-03
2.948595e-03
2.952814e-03
2.956891e-03
2.960827e-03
2.964621e-03
2.968274e-03
2.971786e-03
2.975155e-03
2.978382e-03
2.981467e-03
2.984409e-03
2.987209e-03
2.989867e-03
2.992381e-03
2.994752e-03
2.996980e-03
2.999065e-03
3.001007e-03
3.002805e-03
3.004460e-03
3.005971e-03
3.007338e-03
3.008562e-03
3.009642e-03
3.010578e-03
3.011370e-03
3.012018e-03
3.012522e-03
3.012882e-03
3.013098e-03
