2.496795e-03
2.496735e-03
2.496557e-03
2.496259e-03
2.495842e-03
2.495305e-03
2.494650e-03
2.493876e-03
2.492982e-03
2.491969e-03
2.490838e-03
2.489588e-03
2.488218e-03
2.486731e-03
2.485124e-03
2.483399e-03
2.481555e-03
2.479593e-03
2.477512e-03
2.475314e-03
2.472997e-03
2.470562e-03
2.468009e-03
2.465339e-03
2.462551e-03
2.459645e-03
2.456622e-03
2.453482e-03
2.450225e-03
2.446851e-03
2.443361e-03
2.439754e-03
2.436030e-03
2.432191e-03
2.428235e-03
2.424164e-03
2.419977e-03
2.415675e-03
2.411258e-03
2.406726e-03
2.402079e-03
2.397318e-03
2.392442e-03
2.387453e-03
2.382349e-03
2.377133e-03
2.371803e-03
2.366360e-03
2.360805e-03
2.355137e-03
2.349358e-03
2.343466e-03
2.337463e-03
2.331348e-03
2.325123e-03
2.318787e-03
2.312341e-03
2.305785e-03
2.299120e-03
2.292345e-03
2.285461e-03
2.278468e-03
2.271367e-03
2.264159e-03
2.256842e-03
2.249419e-03
2.241889e-03
2.234252e-03
2.226509e-03
2.218661e-03
2.210707e-03
2.202649e-03
2.194486e-03
2.186219e-03
2.177848e-03
2.169374e-03
2.160797e-03
2.152118e-03
2.143336e-03
2.134454e-03
2.125470e-03
2.116385e-03
2.107201e-03
2.097916e-03
2.088532e-03
2.079050e-03
2.069469e-03
2.059790e-03
2.050014e-03
2.040141e-03
2.030172e-03
2.020106e-03
2.009946e-03
1.999690e-03
1.989340e-03
1.978896e-03
1.968358e-03
1.957728e-03
1.947005e-03
1.936191e-03
1.925285e-03
1.914289e-03
1.903202e-03
1.892026e-03
1.880761e-03
1.869407e-03
1.857965e-03
1.846435e-03
1.834819e-03
1.823117e-03
1.811329e-03
1.799455e-03
1.787498e-03
1.775456e-03
1.763331e-03
1.751123e-03
1.738833e-03
1.726461e-03
1.714008e-03
1.701476e-03
1.688863e-03
1.676171e-03
1.663401e-03
1.650553e-03
1.637627e-03
1.624625e-03
1.611547e-03
1.598394e-03
1.585166e-03
1.571864e-03
1.558489e-03
1.545040e-03
1.531520e-03
1.517928e-03
1.504266e-03
1.490533e-03
1.476732e-03
1.462861e-03
1.448922e-03
1.434916e-03
1.420843e-03
1.406704e-03
1.392499e-03
1.378230e-03
1.363897e-03
1.349501e-03
1.335042e-03
1.320522e-03
1.305940e-03
1.291297e-03
1.276595e-03
1.261834e-03
1.247015e-03
1.232137e-03
1.217203e-03
1.202213e-03
1.187168e-03
1.172067e-03
1.156913e-03
1.141705e-03
1.126445e-03
1.111133e-03
1.095770e-03
1.080356e-03
1.064893e-03
1.049381e-03
1.033822e-03
1.018214e-03
1.002560e-03
9.868606e-04
9.711157e-04
9.553265e-04
9.394937e-04
9.236181e-04
9.077004e-04
8.917414e-04
8.757419e-04
8.597026e-04
8.436243e-04
8.275077e-04
8.113536e-04
7.951628e-04
7.789362e-04
7.626743e-04
7.463781e-04
7.300483e-04
7.136857e-04
6.972911e-04
6.808653e-04
6.644092e-04
6.479237e-04
6.314097e-04
6.148683e-04
5.983008e-04
5.817089e-04
5.650945e-04
5.484609e-04
5.318124e-04
5.151559e-04
4.985020e-04
4.818682e-04
4.652822e-04
4.487894e-04
4.324642e-04
4.164284e-04
4.008825e-04
3.861563e-04
3.727926e-04
3.616855e-04
3.543080e-04
3.530870e-04
3.620212e-04
3.876994e-04
4.409776e-04
5.397400e-04
7.134403e-04
1.010564e-03
1.510860e-03
2.345321e-03
3.728618e-03
6.011233e-03
9.761813e-03
1.589345e-02
2.584730e-02
4.183349e-02
6.708082e-02
1.059265e-01
1.633641e-01
2.434911e-01
3.466525e-01
4.665745e-01
5.904917e-01
7.038914e-01
7.966977e-01
8.659516e-01
9.141513e-01
9.460928e-01
9.665781e-01
9.794413e-01
9.874113e-01
9.923087e-01
9.953026e-01
9.971269e-01
9.982363e-01
9.989100e-01
9.993186e-01
9.995661e-01
9.997159e-01
9.998063e-01
9.998607e-01
9.998932e-01
9.999125e-01
9.999237e-01
9.999301e-01
9.999335e-01
9.999351e-01
9.999356e-01
9.999355e-01
9.999350e-01
9.999342e-01
9.999333e-01
9.999323e-01
9.999312e-01
9.999301e-01
9.999290e-01
9.999279e-01
9.999268e-01
9.999257e-01
9.999246e-01
9.999235e-01
9.999223e-01
9.999212e-01
9.999201e-01
9.999190e-01
9.999179e-01
9.999168e-01
9.999157e-01
9.999146e-01
9.999135e-01
9.999124e-01
9.999113e-01
9.999102e-01
9.999091e-01
9.999080e-01
9.999069e-01
9.999059e-01
9.999048e-01
9.999037e-01
9.999027e-01
9.999016e-01
9.999005e-01
9.998995e-01
9.998984e-01
9.998973e-01
9.998963e-01
9.998952e-01
9.998942e-01
9.998932e-01
9.998921e-01
9.998911e-01
9.998901e-01
9.998890e-01
9.998880e-01
9.998870e-01
9.998860e-01
9.998849e-01
9.998839e-01
9.998829e-01
9.998819e-01
9.998809e-01
9.998799e-01
9.998789e-01
9.998779e-01
9.998769e-01
9.998760e-01
9.998750e-01
9.998740e-01
9.998730e-01
9.998721e-01
9.998711e-01
9.998701e-01
9.998692e-01
9.998682e-01
9.998673e-01
9.998663e-01
9.998654e-01
9.998644e-01
9.998635e-01
9.998625e-01
9.998616e-01
9.998607e-01
9.998598e-01
9.998589e-01
9.998579e-01
9.998570e-01
9.998561e-01
9.998552e-01
9.998543e-01
9.998534e-01
9.998525e-01
9.998517e-01
9.998508e-01
9.998499e-01
9.998490e-01
9.998482e-01
9.998473e-01
9.998464e-01
9.998456e-01
9.998447e-01
9.998439e-01
9.998430e-01
9.998422e-01
9.998414e-01
9.998405e-01
9.998397e-01
9.998389e-01
9.998381e-01
9.998372e-01
9.998364e-01
9.998356e-01
9.998348e-01
9.998340e-01
9.998332e-01
9.998324e-01
9.998317e-01
9.998309e-01
9.998301e-01
9.998293e-01
9.998286e-01
9.998278e-01
9.998271e-01
9.998263e-01
9.998256e-01
9.998248e-01
9.998241e-01
9.998233e-01
9.998226e-01
9.998219e-01
9.998212e-01
9.998205e-01
9.998197e-01
9.998190e-01
9.998183e-01
9.998176e-01
9.998170e-01
9.998163e-01
9.998156e-01
9.998149e-01
9.998142e-01
9.998136e-01
9.998129e-01
9.998123e-01
9.998116e-01
9.998110e-01
9.998103e-01
9.998097e-01
9.998090e-01
9.998084e-01
9.998078e-01
9.998072e-01
9.998066e-01
9.998060e-01
9.998054e-01
9.998048e-01
9.998042e-01
9.998036e-01
9.998030e-01
9.998024e-01
9.998018e-01
9.998013e-01
9.998007e-01
9.998002e-01
9.997996e-01
9.997991e-01
9.997985e-01
9.997980e-01
9.997975e-01
9.997969e-01
9.997964e-01
9.997959e-01
9.997954e-01
9.997949e-01
9.997944e-01
9.997939e-01
9.997934e-01
9.997929e-01
9.997924e-01
9.997920e-01
9.997915e-01
9.997910e-01
9.997906e-01
9.997901e-01
9.997897e-01
9.997892e-01
9.997888e-01
9.997883e-01
9.997879e-01
9.997875e-01
9.997871e-01
9.997867e-01
9.997863e-01
9.997859e-01
9.997855e-01
9.997851e-01
9.997847e-01
9.997843e-01
9.997840e-01
9.997836e-01
9.997832e-01
9.997829e-01
9.997825e-01
9.997822e-01
9.997818e-01
9.997815e-01
9.997812e-01
9.997809e-01
9.997805e-01
9.997802e-01
9.997799e-01
9.997796e-01
9.997793e-01
9.997790e-01
9.997787e-01
9.997785e-01
9.997782e-01
9.997779e-01
9.997777e-01
9.997774e-01
9.997772e-01
9.997769e-01
9.997767e-01
9.997764e-01
9.997762e-01
9.997760e-01
9.997758e-01
9.997756e-01
9.997754e-01
9.997752e-01
9.997750e-01
9.997748e-01
9.997746e-01
9.997744e-01
9.997742e-01
9.997741e-01
9.997739e-01
9.997737e-01
9.997736e-01
9.997735e-01
9.997733e-01
9.997732e-01
9.997731e-01
9.997729e-01
9.997728e-01
9.997727e-01
9.997726e-01
9.997725e-01
9.997724e-01
9.997723e-01
9.997722e-01
9.997722e-01
9.997721e-01
9.997720e-01
9.997720e-01
9.997719e-01
9.997719e-01
9.997718e-01
9.997718e-01
9.997718e-01
9.997717e-01
9.997717e-01
9.997717e-01
9.997717e-01
9.997717e-01
9.997717e-01
9.997717e-01
9.997717e-01
9.997717e-01
9.997718e-01
9.997718e-01
9.997718e-01
9.997719e-01
9.997719e-01
9.997720e-01
9.997720e-01
9.997721e-01
9.997722e-01
9.997722e-01
9.997723e-01
9.997724e-01
9.997725e-01
9.997726e-01
9.997727e-01
9.997728e-01
9.997729e-01
9.997731e-01
9.997732e-01
9.997733e-01
9.997735e-01
9.997736e-01
9.997737e-01
9.997739e-01
9.997741e-01
9.997742e-01
9.997744e-01
9.997746e-01
9.997748e-01
9.997750e-01
9.997752e-01
9.997754e-01
9.997756e-01
9.997758e-01
9.997760e-01
9.997762e-01
9.997764e-01
9.997767e-01
9.997769e-01
9.997772e-01
9.997774e-01
9.997777e-01
9.997779e-01
9.997782e-01
9.997785e-01
9.997787e-01
9.997790e-01
9.997793e-01
9.997796e-01
9.997799e-01
9.997802e-01
9.997805e-01
9.997809e-01
9.997812e-01
9.997815e-01
9.997818e-01
9.997822e-01
9.997825e-01
9.997829e-01
9.997832e-01
9.997836e-01
9.997840e-01
9.997843e-01
9.997847e-01
9.997851e-01
9.997855e-01
9.997859e-01
9.997863e-01
9.997867e-01
9.997871e-01
9.997875e-01
9.997879e-01
9.997883e-01
9.997888e-01
9.997892e-01
9.997897e-01
9.997901e-01
9.997906e-01
9.997910e-01
9.997915e-01
9.997920e-01
9.997924e-01
9.997929e-01
9.997934e-01
9.997939e-01
9.997944e-01
9.997949e-01
9.997954e-01
9.997959e-01
9.997964e-01
9.997969e-01
9.997975e-01
9.997980e-01
9.997985e-01
9.997991e-01
9.997996e-01
9.998002e-01
9.998007e-01
9.998013e-01
9.998018e-01
9.998024e-01
9.998030e-01
9.998036e-01
9.998042e-01
9.998048e-01
9.998054e-01
9.998060e-01
9.998066e-01
9.998072e-01
9.998078e-01
9.998084e-01
9.998090e-01
9.998097e-01
9.998103e-01
9.998110e-01
9.998116e-01
9.998123e-01
9.998129e-01
9.998136e-01
9.998142e-01
9.998149e-01
9.998156e-01
9.998163e-01
9.998170e-01
9.998176e-01
9.998183e-01
9.998190e-01
9.998197e-01
9.998205e-01
9.998212e-01
9.998219e-01
9.998226e-01
9.998233e-01
9.998241e-01
9.998248e-01
9.998256e-01
9.998263e-01
9.998271e-01
9.998278e-01
9.998286e-01
9.998293e-01
9.998301e-01
9.998309e-01
9.998317e-01
9.998324e-01
9.998332e-01
9.998340e-01
9.998348e-01
9.998356e-01
9.998364e-01
9.998372e-01
9.998381e-01
9.998389e-01
9.998397e-01
9.998405e-01
9.998414e-01
9.998422e-01
9.998430e-01
9.998439e-01
9.998447e-01
9.998456e-01
9.998464e-01
9.998473e-01
9.998482e-01
9.998490e-01
9.998499e-01
9.998508e-01
9.998517e-01
9.998525e-01
9.998534e-01
9.998543e-01
9.998552e-01
9.998561e-01
9.998570e-01
9.998579e-01
9.998589e-01
9.998598e-01
9.998607e-01
9.998616e-01
9.998625e-01
9.998635e-01
9.998644e-01
9.998654e-01
9.998663e-01
9.998673e-01
9.998682e-01
9.998692e-01
9.998701e-01
9.998711e-01
9.998721e-01
9.998730e-01
9.998740e-01
9.998750e-01
9.998760e-01
9.998769e-01
9.998779e-01
9.998789e-01
9.998799e-01
9.998809e-01
9.998819e-01
9.998829e-01
9.998839e-01
9.998849e-01
9.998860e-01
9.998870e-01
9.998880e-01
9.998890e-01
9.998901e-01
9.998911e-01
9.998921e-01
9.998932e-01
9.998942e-01
9.998952e-01
9.998963e-01
9.998973e-01
9.998984e-01
9.998995e-01
9.999005e-01
9.999016e-01
9.999027e-01
9.999037e-01
9.999048e-01
9.999059e-01
9.999069e-01
9.999080e-01
9.999091e-01
9.999102e-01
9.999113e-01
9.999124e-01
9.999135e-01
9.999146e-01
9.999157e-01
9.999168e-01
9.999179e-01
9.999190e-01
9.999201e-01
9.999212e-01
9.999223e-01
9.999235e-01
9.999246e-01
9.999257e-01
9.999268e-01
9.999279e-01
9.999290e-01
9.999301e-01
9.999312e-01
9.999323e-01
9.999333e-01
9.999342e-01
9.999350e-01
9.999355e-01
9.999356e-01
9.999351e-01
9.999335e-01
9.999301e-01
9.999237e-01
9.999125e-01
9.998932e-01
9.998607e-01
9.998063e-01
9.997159e-01
9.995661e-01
9.993186e-01
9.989100e-01
9.982363e-01
9.971269e-01
9.953026e-01
9.923087e-01
9.874113e-01
9.794413e-01
9.665781e-01
9.460928e-01
9.141513e-01
8.659516e-01
7.966977e-01
7.038914e-01
5.904917e-01
4.665745e-01
3.466525e-01
2.434911e-01
1.633641e-01
1.059265e-01
6.708082e-02
4.183349e-02
2.584730e-02
1.589345e-02
9.761813e-03
6.011233e-03
3.728618e-03
2.345321e-03
1.510860e-03
1.010564e-03
7.134403e-04
5.397400e-04
4.409776e-04
3.876994e-04
3.620212e-04
3.530870e-04
3.543080e-04
3.616855e-04
3.727926e-04
3.861563e-04
4.008825e-04
4.164284e-04
4.324642e-04
4.487894e-04
4.652822e-04
4.818682e-04
4.985020e-04
5.151559e-04
5.318124e-04
5.484609e-04
5.650945e-04
5.817089e-04
5.983008e-04
6.148683e-04
6.314097e-04
6.479237e-04
6.644092e-04
6.808653e-04
6.972911e-04
7.136857e-04
7.300483e-04
7.463781e-04
7.626743e-04
7.789362e-04
7.951628e-04
8.113536e-04
8.275077e-04
8.436243e-04
8.597026e-04
8.757419e-04
8.917414e-04
9.077004e-04
9.236181e-04
9.394937e-04
9.553265e-04
9.711157e-04
9.868606e-04
1.002560e-03
1.018214e-03
1.033822e-03
1.049381e-03
1.064893e-03
1.080356e-03
1.095770e-03
1.111133e-03
1.126445e-03
1.141705e-03
1.156913e-03
1.172067e-03
1.187168e-03
1.202213e-03
1.217203e-03
1.232137e-03
1.247015e-03
1.261834e-03
1.276595e-03
1.291297e-03
1.305940e-03
1.320522e-03
1.335042e-03
1.349501e-03
1.363897e-03
1.378230e-03
1.392499e-03
1.406704e-03
1.420843e-03
1.434916e-03
1.448922e-03
1.462861e-03
1.476732e-03
1.490533e-03
1.504266e-03
1.517928e-03
1.531520e-03
1.545040e-03
1.558489e-03
1.571864e-03
1.585166e-03
1.598394e-03
1.611547e-03
1.624625e-03
1.637627e-03
1.650553e-03
1.663401e-03
1.676171e-03
1.688863e-03
1.701476e-03
1.714008e-03
1.726461e-03
1.738833e-03
1.751123e-03
1.763331e-03
1.775456e-03
1.787498e-03
1.799455e-03
1.811329e-03
1.823117e-03
1.834819e-03
1.846435e-03
1.857965e-03
1.869407e-03
1.880761e-03
1.892026e-03
1.903202e-03
1.914289e-03
1.925285e-03
1.936191e-03
1.947005e-03
1.957728e-03
1.968358e-03
1.978896e-03
1.989340e-03
1.999690e-03
2.009946e-03
2.020106e-03
2.030172e-03
2.040141e-03
2.050014e-03
2.059790e-03
2.069469e-03
2.079050e-03
2.088532e-03
2.097916e-03
2.107201e-03
2.116385e-03
2.125470e-03
2.134454e-03
2.143336e-03
2.152118e-03
2.160797e-03
2.169374e-03
2.177848e-03
2.186219e-03
2.194486e-03
2.202649e-03
2.210707e-03
2.218661e-03
2.226509e-03
2.234252e-03
2.241889e-03
2.249419e-03
2.256842e-03
2.264159e-03
2.271367e-03
2.278468e-03
2.285461e-03
2.292345e-03
2.299120e-03
2.305785e-03
2.312341e-03
2.318787e-03
2.325123e-03
2.331348e-03
2.337463e-03
2.343466e-03
2.349358e-03
2.355137e-03
2.360805e-03
2.366360e-03
2.371803e-03
2.377133e-03
2.382349e-03
2.387453e-03
2.392442e-03
2.397318e-03
2.402079e-03
2.406726e-03
2.411258e-03
2.415675e-03
2.419977e-03
2.424164e-03
2.428235e-03
2.432191e-03
2.436030e-03
2.439754e-03
2.443361e-03
2.446851e-03
2.450225e-03
2.453482e-03
2.456622e-03
2.459645e-03
2.462551e-03
2.465339e-03
2.468009e-03
2.470562e-03
2.472997e-03
2.475314e-03
2.477512e-03
2.479593e-03
2.481555e-03
2.483399e-03
2.485124e-03
2.486731e-03
2.488218e-03
2.489588e-03
2.490838e-03
2.491969e-03
2.492982e-03
2.493876e-03
2.494650e-03
2.495305e-03
2.495842e-03
2.496259e-03
2.496557e-03
2.496735e-03
