2.068315e-03
2.068266e-03
2.068118e-03
2.067871e-03
2.067526e-03
2.067083e-03
2.066540e-03
2.065900e-03
2.065160e-03
2.064323e-03
2.063386e-03
2.062352e-03
2.061219e-03
2.059988e-03
2.058659e-03
2.057231e-03
2.055706e-03
2.054082e-03
2.052361e-03
2.050541e-03
2.048624e-03
2.046610e-03
2.044498e-03
2.042288e-03
2.039981e-03
2.037577e-03
2.035076e-03
2.032478e-03
2.029783e-03
2.026991e-03
2.024103e-03
2.021118e-03
2.018037e-03
2.014860e-03
2.011587e-03
2.008218e-03
2.004754e-03
2.001194e-03
1.997539e-03
1.993788e-03
1.989943e-03
1.986003e-03
1.981969e-03
1.977840e-03
1.973617e-03
1.969300e-03
1.964890e-03
1.960386e-03
1.955789e-03
1.951098e-03
1.946315e-03
1.941440e-03
1.936472e-03
1.931412e-03
1.926260e-03
1.921016e-03
1.915682e-03
1.910256e-03
1.904739e-03
1.899132e-03
1.893435e-03
1.887648e-03
1.881771e-03
1.875805e-03
1.869750e-03
1.863606e-03
1.857373e-03
1.851052e-03
1.844644e-03
1.838148e-03
1.831565e-03
1.824895e-03
1.818138e-03
1.811295e-03
1.804366e-03
1.797352e-03
1.790252e-03
1.783068e-03
1.775799e-03
1.768446e-03
1.761009e-03
1.753489e-03
1.745886e-03
1.738200e-03
1.730432e-03
1.722582e-03
1.714651e-03
1.706638e-03
1.698544e-03
1.690371e-03
1.682117e-03
1.673784e-03
1.665372e-03
1.656881e-03
1.648312e-03
1.639664e-03
1.630940e-03
1.622138e-03
1.613260e-03
1.604306e-03
1.595276e-03
1.586171e-03
1.576991e-03
1.567736e-03
1.558408e-03
1.549006e-03
1.539532e-03
1.529984e-03
1.520365e-03
1.510674e-03
1.500912e-03
1.491080e-03
1.481177e-03
1.471204e-03
1.461163e-03
1.451052e-03
1.440874e-03
1.430627e-03
1.420314e-03
1.409933e-03
1.399487e-03
1.388975e-03
1.378398e-03
1.367756e-03
1.357050e-03
1.346280e-03
1.335447e-03
1.324552e-03
1.313594e-03
1.302575e-03
1.291495e-03
1.280355e-03
1.269155e-03
1.257895e-03
1.246577e-03
1.235200e-03
1.223766e-03
1.212274e-03
1.200726e-03
1.189122e-03
1.177462e-03
1.165748e-03
1.153979e-03
1.142156e-03
1.130280e-03
1.118352e-03
1.106371e-03
1.094339e-03
1.082256e-03
1.070123e-03
1.057940e-03
1.045708e-03
1.033427e-03
1.021099e-03
1.008723e-03
9.962998e-04
9.838309e-04
9.713164e-04
9.587570e-04
9.461532e-04
9.335056e-04
9.208148e-04
9.080816e-04
8.953064e-04
8.824899e-04
8.696326e-04
8.567353e-04
8.437985e-04
8.308229e-04
8.178090e-04
8.047576e-04
7.916691e-04
7.785444e-04
7.653838e-04
7.521882e-04
7.389581e-04
7.256942e-04
7.123971e-04
6.990674e-04
6.857057e-04
6.723128e-04
6.588893e-04
6.454357e-04
6.319527e-04
6.184411e-04
6.049013e-04
5.913342e-04
5.777403e-04
5.641203e-04
5.504751e-04
5.368052e-04
5.231116e-04
5.093953e-04
4.956573e-04
4.818993e-04
4.681231e-04
4.543318e-04
4.405299e-04
4.267241e-04
4.129253e-04
3.991513e-04
3.854303e-04
3.718089e-04
3.583635e-04
3.452191e-04
3.325817e-04
3.207903e-04
3.104029e-04
3.023392e-04
2.981140e-04
3.002235e-04
3.127812e-04
3.425655e-04
4.007452e-04
5.057206e-04
6.877966e-04
9.968600e-04
1.514963e-03
2.376871e-03
3.803409e-03
6.155017e-03
1.001623e-02
1.632498e-02
2.655969e-02
4.298286e-02
6.888774e-02
1.086696e-01
1.673260e-01
2.488263e-01
3.531992e-01
4.737489e-01
5.974414e-01
7.098655e-01
8.013307e-01
8.692679e-01
9.163926e-01
9.475503e-01
9.675029e-01
9.800197e-01
9.877704e-01
9.925313e-01
9.954411e-01
9.972140e-01
9.982920e-01
9.989466e-01
9.993437e-01
9.995842e-01
9.997298e-01
9.998177e-01
9.998706e-01
9.999023e-01
9.999211e-01
9.999321e-01
9.999383e-01
9.999417e-01
9.999433e-01
9.999439e-01
9.999438e-01
9.999434e-01
9.999427e-01
9.999419e-01
9.999410e-01
9.999400e-01
9.999390e-01
9.999380e-01
9.999370e-01
9.999360e-01
9.999350e-01
9.999340e-01
9.999329e-01
9.999319e-01
9.999309e-01
9.999299e-01
9.999289e-01
9.999278e-01
9.999268e-01
9.999258e-01
9.999248e-01
9.999238e-01
9.999228e-01
9.999218e-01
9.999208e-01
9.999198e-01
9.999188e-01
9.999178e-01
9.999169e-01
9.999159e-01
9.999149e-01
9.999139e-01
9.999129e-01
9.999120e-01
9.999110e-01
9.999100e-01
9.999091e-01
9.999081e-01
9.999071e-01
9.999062e-01
9.999052e-01
9.999043e-01
9.999033e-01
9.999024e-01
9.999014e-01
9.999005e-01
9.998996e-01
9.998986e-01
9.998977e-01
9.998968e-01
9.998958e-01
9.998949e-01
9.998940e-01
9.998931e-01
9.998922e-01
9.998913e-01
9.998904e-01
9.998895e-01
9.998886e-01
9.998877e-01
9.998868e-01
9.998859e-01
9.998850e-01
9.998841e-01
9.998832e-01
9.998824e-01
9.998815e-01
9.998806e-01
9.998797e-01
9.998789e-01
9.998780e-01
9.998772e-01
9.998763e-01
9.998755e-01
9.998746e-01
9.998738e-01
9.998729e-01
9.998721e-01
9.998713e-01
9.998704e-01
9.998696e-01
9.998688e-01
9.998680e-01
9.998672e-01
9.998664e-01
9.998655e-01
9.998647e-01
9.998639e-01
9.998631e-01
9.998624e-01
9.998616e-01
9.998608e-01
9.998600e-01
9.998592e-01
9.998585e-01
9.998577e-01
9.998569e-01
9.998562e-01
9.998554e-01
9.998547e-01
9.998539e-01
9.998532e-01
9.998524e-01
9.998517e-01
9.998510e-01
9.998502e-01
9.998495e-01
9.998488e-01
9.998481e-01
9.998474e-01
9.998466e-01
9.998459e-01
9.998452e-01
9.998445e-01
9.998439e-01
9.998432e-01
9.998425e-01
9.998418e-01
9.998411e-01
9.998405e-01
9.998398e-01
9.998391e-01
9.998385e-01
9.998378e-01
9.998372e-01
9.998365e-01
9.998359e-01
9.998352e-01
9.998346e-01
9.998340e-01
9.998334e-01
9.998327e-01
9.998321e-01
9.998315e-01
9.998309e-01
9.998303e-01
9.998297e-01
9.998291e-01
9.998285e-01
9.998280e-01
9.998274e-01
9.998268e-01
9.998262e-01
9.998257e-01
9.998251e-01
9.998246e-01
9.998240e-01
9.998235e-01
9.998229e-01
9.998224e-01
9.998219e-01
9.998213e-01
9.998208e-01
9.998203e-01
9.998198e-01
9.998193e-01
9.998188e-01
9.998183e-01
9.998178e-01
9.998173e-01
9.998168e-01
9.998163e-01
9.998158e-01
9.998154e-01
9.998149e-01
9.998144e-01
9.998140e-01
9.998135e-01
9.998131e-01
9.998126e-01
9.998122e-01
9.998118e-01
9.998113e-01
9.998109e-01
9.998105e-01
9.998101e-01
9.998097e-01
9.998093e-01
9.998089e-01
9.998085e-01
9.998081e-01
9.998077e-01
9.998073e-01
9.998070e-01
9.998066e-01
9.998062e-01
9.998059e-01
9.998055e-01
9.998052e-01
9.998048e-01
9.998045e-01
9.998042e-01
9.998038e-01
9.998035e-01
9.998032e-01
9.998029e-01
9.998026e-01
9.998023e-01
9.998020e-01
9.998017e-01
9.998014e-01
9.998011e-01
9.998008e-01
9.998005e-01
9.998003e-01
9.998000e-01
9.997998e-01
9.997995e-01
9.997993e-01
9.997990e-01
9.997988e-01
9.997986e-01
9.997983e-01
9.997981e-01
9.997979e-01
9.997977e-01
9.997975e-01
9.997973e-01
9.997971e-01
9.997969e-01
9.997967e-01
9.997965e-01
9.997963e-01
9.997962e-01
9.997960e-01
9.997958e-01
9.997957e-01
9.997955e-01
9.997954e-01
9.997953e-01
9.997951e-01
9.997950e-01
9.997949e-01
9.997948e-01
9.997946e-01
9.997945e-01
9.997944e-01
9.997943e-01
9.997943e-01
9.997942e-01
9.997941e-01
9.997940e-01
9.997939e-01
9.997939e-01
9.997938e-01
9.997938e-01
9.997937e-01
9.997937e-01
9.997936e-01
9.997936e-01
9.997936e-01
9.997935e-01
9.997935e-01
9.997935e-01
9.997935e-01
9.997935e-01
9.997935e-01
9.997935e-01
9.997935e-01
9.997935e-01
9.997936e-01
9.997936e-01
9.997936e-01
9.997937e-01
9.997937e-01
9.997938e-01
9.997938e-01
9.997939e-01
9.997939e-01
9.997940e-01
9.997941e-01
9.997942e-01
9.997943e-01
9.997943e-01
9.997944e-01
9.997945e-01
9.997946e-01
9.997948e-01
9.997949e-01
9.997950e-01
9.997951e-01
9.997953e-01
9.997954e-01
9.997955e-01
9.997957e-01
9.997958e-01
9.997960e-01
9.997962e-01
9.997963e-01
9.997965e-01
9.997967e-01
9.997969e-01
9.997971e-01
9.997973e-01
9.997975e-01
9.997977e-01
9.997979e-01
9.997981e-01
9.997983e-01
9.997986e-01
9.997988e-01
9.997990e-01
9.997993e-01
9.997995e-01
9.997998e-01
9.998000e-01
9.998003e-01
9.998005e-01
9.998008e-01
9.998011e-01
9.998014e-01
9.998017e-01
9.998020e-01
9.998023e-01
9.998026e-01
9.998029e-01
9.998032e-01
9.998035e-01
9.998038e-01
9.998042e-01
9.998045e-01
9.998048e-01
9.998052e-01
9.998055e-01
9.998059e-01
9.998062e-01
9.998066e-01
9.998070e-01
9.998073e-01
9.998077e-01
9.998081e-01
9.998085e-01
9.998089e-01
9.998093e-01
9.998097e-01
9.998101e-01
9.998105e-01
9.998109e-01
9.998113e-01
9.998118e-01
9.998122e-01
9.998126e-01
9.998131e-01
9.998135e-01
9.998140e-01
9.998144e-01
9.998149e-01
9.998154e-01
9.998158e-01
9.998163e-01
9.998168e-01
9.998173e-01
9.998178e-01
9.998183e-01
9.998188e-01
9.998193e-01
9.998198e-01
9.998203e-01
9.998208e-01
9.998213e-01
9.998219e-01
9.998224e-01
9.998229e-01
9.998235e-01
9.998240e-01
9.998246e-01
9.998251e-01
9.998257e-01
9.998262e-01
9.998268e-01
9.998274e-01
9.998280e-01
9.998285e-01
9.998291e-01
9.998297e-01
9.998303e-01
9.998309e-01
9.998315e-01
9.998321e-01
9.998327e-01
9.998334e-01
9.998340e-01
9.998346e-01
9.998352e-01
9.998359e-01
9.998365e-01
9.998372e-01
9.998378e-01
9.998385e-01
9.998391e-01
9.998398e-01
9.998405e-01
9.998411e-01
9.998418e-01
9.998425e-01
9.998432e-01
9.998439e-01
9.998445e-01
9.998452e-01
9.998459e-01
9.998466e-01
9.998474e-01
9.998481e-01
9.998488e-01
9.998495e-01
9.998502e-01
9.998510e-01
9.998517e-01
9.998524e-01
9.998532e-01
9.998539e-01
9.998547e-01
9.998554e-01
9.998562e-01
9.998569e-01
9.998577e-01
9.998585e-01
9.998592e-01
9.998600e-01
9.998608e-01
9.998616e-01
9.998624e-01
9.998631e-01
9.998639e-01
9.998647e-01
9.998655e-01
9.998664e-01
9.998672e-01
9.998680e-01
9.998688e-01
9.998696e-01
9.998704e-01
9.998713e-01
9.998721e-01
9.998729e-01
9.998738e-01
9.998746e-01
9.998755e-01
9.998763e-01
9.998772e-01
9.998780e-01
9.998789e-01
9.998797e-01
9.998806e-01
9.998815e-01
9.998824e-01
9.998832e-01
9.998841e-01
9.998850e-01
9.998859e-01
9.998868e-01
9.998877e-01
9.998886e-01
9.998895e-01
9.998904e-01
9.998913e-01
9.998922e-01
9.998931e-01
9.998940e-01
9.998949e-01
9.998958e-01
9.998968e-01
9.998977e-01
9.998986e-01
9.998996e-01
9.999005e-01
9.999014e-01
9.999024e-01
9.999033e-01
9.999043e-01
9.999052e-01
9.999062e-01
9.999071e-01
9.999081e-01
9.999091e-01
9.999100e-01
9.999110e-01
9.999120e-01
9.999129e-01
9.999139e-01
9.999149e-01
9.999159e-01
9.999169e-01
9.999178e-01
9.999188e-01
9.999198e-01
9.999208e-01
9.999218e-01
9.999228e-01
9.999238e-01
9.999248e-01
9.999258e-01
9.999268e-01
9.999278e-01
9.999289e-01
9.999299e-01
9.999309e-01
9.999319e-01
9.999329e-01
9.999340e-01
9.999350e-01
9.999360e-01
9.999370e-01
9.999380e-01
9.999390e-01
9.999400e-01
9.999410e-01
9.999419e-01
9.999427e-01
9.999434e-01
9.999438e-01
9.999439e-01
9.999433e-01
9.999417e-01
9.999383e-01
9.999321e-01
9.999211e-01
9.999023e-01
9.998706e-01
9.998177e-01
9.997298e-01
9.995842e-01
9.993437e-01
9.989466e-01
9.982920e-01
9.972140e-01
9.954411e-01
9.925313e-01
9.877704e-01
9.800197e-01
9.675029e-01
9.475503e-01
9.163926e-01
8.692679e-01
8.013307e-01
7.098655e-01
5.974414e-01
4.737489e-01
3.531992e-01
2.488263e-01
1.673260e-01
1.086696e-01
6.888774e-02
4.298286e-02
2.655969e-02
1.632498e-02
1.001623e-02
6.155017e-03
3.803409e-03
2.376871e-03
1.514963e-03
9.968600e-04
6.877966e-04
5.057206e-04
4.007452e-04
3.425655e-04
3.127812e-04
3.002235e-04
2.981140e-04
3.023392e-04
3.104029e-04
3.207903e-04
3.325817e-04
3.452191e-04
3.583635e-04
3.718089e-04
3.854303e-04
3.991513e-04
4.129253e-04
4.267241e-04
4.405299e-04
4.543318e-04
4.681231e-04
4.818993e-04
4.956573e-04
5.093953e-04
5.231116e-04
5.368052e-04
5.504751e-04
5.641203e-04
5.777403e-04
5.913342e-04
6.049013e-04
6.184411e-04
6.319527e-04
6.454357e-04
6.588893e-04
6.723128e-04
6.857057e-04
6.990674e-04
7.123971e-04
7.256942e-04
7.389581e-04
7.521882e-04
7.653838e-04
7.785444e-04
7.916691e-04
8.047576e-04
8.178090e-04
8.308229e-04
8.437985e-04
8.567353e-04
8.696326e-04
8.824899e-04
8.953064e-04
9.080816e-04
9.208148e-04
9.335056e-04
9.461532e-04
9.587570e-04
9.713164e-04
9.838309e-04
9.962998e-04
1.008723e-03
1.021099e-03
1.033427e-03
1.045708e-03
1.057940e-03
1.070123e-03
1.082256e-03
1.094339e-03
1.106371e-03
1.118352e-03
1.130280e-03
1.142156e-03
1.153979e-03
1.165748e-03
1.177462e-03
1.189122e-03
1.200726e-03
1.212274e-03
1.223766e-03
1.235200e-03
1.246577e-03
1.257895e-03
1.269155e-03
1.280355e-03
1.291495e-03
1.302575e-03
1.313594e-03
1.324552e-03
1.335447e-03
1.346280e-03
1.357050e-03
1.367756e-03
1.378398e-03
1.388975e-03
1.399487e-03
1.409933e-03
1.420314e-03
1.430627e-03
1.440874e-03
1.451052e-03
1.461163e-03
1.471204e-03
1.481177e-03
1.491080e-03
1.500912e-03
1.510674e-03
1.520365e-03
1.529984e-03
1.539532e-03
1.549006e-03
1.558408e-03
1.567736e-03
1.576991e-03
1.586171e-03
1.595276e-03
1.604306e-03
1.613260e-03
1.622138e-03
1.630940e-03
1.639664e-03
1.648312e-03
1.656881e-03
1.665372e-03
1.673784e-03
1.682117e-03
1.690371e-03
1.698544e-03
1.706638e-03
1.714651e-03
1.722582e-03
1.730432e-03
1.738200e-03
1.745886e-03
1.753489e-03
1.761009e-03
1.768446e-03
1.775799e-03
1.783068e-03
1.790252e-03
1.797352e-03
1.804366e-03
1.811295e-03
1.818138e-03
1.824895e-03
1.831565e-03
1.838148e-03
1.844644e-03
1.851052e-03
1.857373e-03
1.863606e-03
1.869750e-03
1.875805e-03
1.881771e-03
1.887648e-03
1.893435e-03
1.899132e-03
1.904739e-03
1.910256e-03
1.915682e-03
1.921016e-03
1.926260e-03
1.931412e-03
1.936472e-03
1.941440e-03
1.946315e-03
1.951098e-03
1.955789e-03
1.960386e-03
1.964890e-03
1.969300e-03
1.973617e-03
1.977840e-03
1.981969e-03
1.986003e-03
1.989943e-03
1.993788e-03
1.997539e-03
2.001194e-03
2.004754e-03
2.008218e-03
2.011587e-03
2.014860e-03
2.018037e-03
2.021118e-03
2.024103e-03
2.026991e-03
2.029783e-03
2.032478e-03
2.035076e-03
2.037577e-03
2.039981e-03
2.042288e-03
2.044498e-03
2.046610e-03
2.048624e-03
2.050541e-03
2.052361e-03
2.054082e-03
2.055706e-03
2.057231e-03
2.058659e-03
2.059988e-03
2.061219e-03
2.062352e-03
2.063386e-03
2.064323e-03
2.065160e-03
2.065900e-03
2.066540e-03
2.067083e-03
2.067526e-03
2.067871e-03
2.068118e-03
2.068266e-03
