1.418399e-03
1.418365e-03
1.418264e-03
1.418095e-03
1.417859e-03
1.417555e-03
1.417184e-03
1.416746e-03
1.416240e-03
1.415666e-03
1.415025e-03
1.414317e-03
1.413542e-03
1.412699e-03
1.411789e-03
1.410812e-03
1.409768e-03
1.408657e-03
1.407479e-03
1.406233e-03
1.404921e-03
1.403542e-03
1.402096e-03
1.400584e-03
1.399005e-03
1.397359e-03
1.395647e-03
1.393869e-03
1.392024e-03
1.390113e-03
1.388136e-03
1.386092e-03
1.383983e-03
1.381809e-03
1.379568e-03
1.377262e-03
1.374890e-03
1.372453e-03
1.369951e-03
1.367383e-03
1.364751e-03
1.362054e-03
1.359292e-03
1.356465e-03
1.353574e-03
1.350619e-03
1.347599e-03
1.344515e-03
1.341368e-03
1.338157e-03
1.334882e-03
1.331543e-03
1.328142e-03
1.324677e-03
1.321150e-03
1.317560e-03
1.313907e-03
1.310192e-03
1.306414e-03
1.302575e-03
1.298674e-03
1.294711e-03
1.290687e-03
1.286601e-03
1.282455e-03
1.278247e-03
1.273979e-03
1.269650e-03
1.265262e-03
1.260813e-03
1.256304e-03
1.251736e-03
1.247109e-03
1.242422e-03
1.237676e-03
1.232872e-03
1.228010e-03
1.223089e-03
1.218110e-03
1.213073e-03
1.207979e-03
1.202828e-03
1.197620e-03
1.192355e-03
1.187034e-03
1.181656e-03
1.176223e-03
1.170734e-03
1.165189e-03
1.159589e-03
1.153935e-03
1.148226e-03
1.142462e-03
1.136645e-03
1.130774e-03
1.124849e-03
1.118871e-03
1.112840e-03
1.106757e-03
1.100621e-03
1.094433e-03
1.088194e-03
1.081903e-03
1.075561e-03
1.069169e-03
1.062726e-03
1.056232e-03
1.049689e-03
1.043097e-03
1.036455e-03
1.029764e-03
1.023024e-03
1.016237e-03
1.009401e-03
1.002518e-03
9.955880e-04
9.886107e-04
9.815869e-04
9.745169e-04
9.674009e-04
9.602394e-04
9.530327e-04
9.457811e-04
9.384851e-04
9.311448e-04
9.237608e-04
9.163334e-04
9.088628e-04
9.013495e-04
8.937939e-04
8.861963e-04
8.785570e-04
8.708765e-04
8.631551e-04
8.553931e-04
8.475911e-04
8.397492e-04
8.318679e-04
8.239477e-04
8.159888e-04
8.079916e-04
7.999566e-04
7.918841e-04
7.837745e-04
7.756283e-04
7.674457e-04
7.592271e-04
7.509731e-04
7.426839e-04
7.343600e-04
7.260018e-04
7.176097e-04
7.091840e-04
7.007252e-04
6.922337e-04
6.837099e-04
6.751541e-04
6.665669e-04
6.579486e-04
6.492997e-04
6.406205e-04
6.319114e-04
6.231729e-04
6.144055e-04
6.056094e-04
5.967852e-04
5.879332e-04
5.790539e-04
5.701477e-04
5.612151e-04
5.522564e-04
5.432721e-04
5.342626e-04
5.252283e-04
5.161697e-04
5.070872e-04
4.979813e-04
4.888523e-04
4.797008e-04
4.705270e-04
4.613316e-04
4.521149e-04
4.428773e-04
4.336194e-04
4.243415e-04
4.150441e-04
4.057276e-04
3.963926e-04
3.870395e-04
3.776688e-04
3.682811e-04
3.588771e-04
3.494574e-04
3.400232e-04
3.305756e-04
3.211167e-04
3.116492e-04
3.021775e-04
2.927086e-04
2.832536e-04
2.738305e-04
2.644687e-04
2.552166e-04
2.461534e-04
2.374094e-04
2.291990e-04
2.218755e-04
2.160208e-04
2.125938e-04
2.131745e-04
2.203671e-04
2.384635e-04
2.745363e-04
3.402410e-04
4.547801e-04
6.497816e-04
9.773103e-04
1.522998e-03
2.427474e-03
3.921124e-03
6.379840e-03
1.041281e-02
1.699633e-02
2.766636e-02
4.476556e-02
7.168447e-02
1.129027e-01
1.734138e-01
2.569759e-01
3.631241e-01
4.845312e-01
6.077936e-01
7.186929e-01
8.081318e-01
8.741126e-01
9.196561e-01
9.496680e-01
9.688450e-01
9.808586e-01
9.882913e-01
9.928544e-01
9.956425e-01
9.973408e-01
9.983735e-01
9.990005e-01
9.993809e-01
9.996114e-01
9.997509e-01
9.998352e-01
9.998860e-01
9.999165e-01
9.999347e-01
9.999453e-01
9.999514e-01
9.999548e-01
9.999565e-01
9.999572e-01
9.999573e-01
9.999570e-01
9.999565e-01
9.999558e-01
9.999551e-01
9.999543e-01
9.999535e-01
9.999527e-01
9.999519e-01
9.999510e-01
9.999502e-01
9.999493e-01
9.999485e-01
9.999476e-01
9.999468e-01
9.999460e-01
9.999451e-01
9.999443e-01
9.999434e-01
9.999426e-01
9.999418e-01
9.999409e-01
9.999401e-01
9.999393e-01
9.999385e-01
9.999376e-01
9.999368e-01
9.999360e-01
9.999352e-01
9.999344e-01
9.999336e-01
9.999327e-01
9.999319e-01
9.999311e-01
9.999303e-01
9.999295e-01
9.999287e-01
9.999279e-01
9.999271e-01
9.999263e-01
9.999255e-01
9.999247e-01
9.999240e-01
9.999232e-01
9.999224e-01
9.999216e-01
9.999208e-01
9.999201e-01
9.999193e-01
9.999185e-01
9.999177e-01
9.999170e-01
9.999162e-01
9.999154e-01
9.999147e-01
9.999139e-01
9.999132e-01
9.999124e-01
9.999117e-01
9.999109e-01
9.999102e-01
9.999094e-01
9.999087e-01
9.999080e-01
9.999072e-01
9.999065e-01
9.999058e-01
9.999051e-01
9.999043e-01
9.999036e-01
9.999029e-01
9.999022e-01
9.999015e-01
9.999008e-01
9.999001e-01
9.998994e-01
9.998987e-01
9.998980e-01
9.998973e-01
9.998966e-01
9.998959e-01
9.998952e-01
9.998945e-01
9.998938e-01
9.998932e-01
9.998925e-01
9.998918e-01
9.998912e-01
9.998905e-01
9.998898e-01
9.998892e-01
9.998885e-01
9.998879e-01
9.998872e-01
9.998866e-01
9.998859e-01
9.998853e-01
9.998847e-01
9.998840e-01
9.998834e-01
9.998828e-01
9.998821e-01
9.998815e-01
9.998809e-01
9.998803e-01
9.998797e-01
9.998791e-01
9.998785e-01
9.998779e-01
9.998773e-01
9.998767e-01
9.998761e-01
9.998755e-01
9.998749e-01
9.998744e-01
9.998738e-01
9.998732e-01
9.998726e-01
9.998721e-01
9.998715e-01
9.998710e-01
9.998704e-01
9.998698e-01
9.998693e-01
9.998688e-01
9.998682e-01
9.998677e-01
9.998671e-01
9.998666e-01
9.998661e-01
9.998656e-01
9.998651e-01
9.998645e-01
9.998640e-01
9.998635e-01
9.998630e-01
9.998625e-01
9.998620e-01
9.998615e-01
9.998610e-01
9.998606e-01
9.998601e-01
9.998596e-01
9.998591e-01
9.998587e-01
9.998582e-01
9.998577e-01
9.998573e-01
9.998568e-01
9.998564e-01
9.998559e-01
9.998555e-01
9.998550e-01
9.998546e-01
9.998542e-01
9.998537e-01
9.998533e-01
9.998529e-01
9.998525e-01
9.998521e-01
9.998517e-01
9.998513e-01
9.998509e-01
9.998505e-01
9.998501e-01
9.998497e-01
9.998493e-01
9.998489e-01
9.998485e-01
9.998482e-01
9.998478e-01
9.998474e-01
9.998471e-01
9.998467e-01
9.998464e-01
9.998460e-01
9.998457e-01
9.998453e-01
9.998450e-01
9.998447e-01
9.998444e-01
9.998440e-01
9.998437e-01
9.998434e-01
9.998431e-01
9.998428e-01
9.998425e-01
9.998422e-01
9.998419e-01
9.998416e-01
9.998413e-01
9.998410e-01
9.998408e-01
9.998405e-01
9.998402e-01
9.998400e-01
9.998397e-01
9.998394e-01
9.998392e-01
9.998389e-01
9.998387e-01
9.998385e-01
9.998382e-01
9.998380e-01
9.998378e-01
9.998376e-01
9.998373e-01
9.998371e-01
9.998369e-01
9.998367e-01
9.998365e-01
9.998363e-01
9.998361e-01
9.998359e-01
9.998358e-01
9.998356e-01
9.998354e-01
9.998352e-01
9.998351e-01
9.998349e-01
9.998348e-01
9.998346e-01
9.998345e-01
9.998343e-01
9.998342e-01
9.998340e-01
9.998339e-01
9.998338e-01
9.998337e-01
9.998335e-01
9.998334e-01
9.998333e-01
9.998332e-01
9.998331e-01
9.998330e-01
9.998329e-01
9.998329e-01
9.998328e-01
9.998327e-01
9.998326e-01
9.998326e-01
9.998325e-01
9.998324e-01
9.998324e-01
9.998323e-01
9.998323e-01
9.998322e-01
9.998322e-01
9.998322e-01
9.998321e-01
9.998321e-01
9.998321e-01
9.998321e-01
9.998321e-01
9.998321e-01
9.998321e-01
9.998321e-01
9.998321e-01
9.998321e-01
9.998321e-01
9.998321e-01
9.998321e-01
9.998322e-01
9.998322e-01
9.998322e-01
9.998323e-01
9.998323e-01
9.998324e-01
9.998324e-01
9.998325e-01
9.998326e-01
9.998326e-01
9.998327e-01
9.998328e-01
9.998329e-01
9.998329e-01
9.998330e-01
9.998331e-01
9.998332e-01
9.998333e-01
9.998334e-01
9.998335e-01
9.998337e-01
9.998338e-01
9.998339e-01
9.998340e-01
9.998342e-01
9.998343e-01
9.998345e-01
9.998346e-01
9.998348e-01
9.998349e-01
9.998351e-01
9.998352e-01
9.998354e-01
9.998356e-01
9.998358e-01
9.998359e-01
9.998361e-01
9.998363e-01
9.998365e-01
9.998367e-01
9.998369e-01
9.998371e-01
9.998373e-01
9.998376e-01
9.998378e-01
9.998380e-01
9.998382e-01
9.998385e-01
9.998387e-01
9.998389e-01
9.998392e-01
9.998394e-01
9.998397e-01
9.998400e-01
9.998402e-01
9.998405e-01
9.998408e-01
9.998410e-01
9.998413e-01
9.998416e-01
9.998419e-01
9.998422e-01
9.998425e-01
9.998428e-01
9.998431e-01
9.998434e-01
9.998437e-01
9.998440e-01
9.998444e-01
9.998447e-01
9.998450e-01
9.998453e-01
9.998457e-01
9.998460e-01
9.998464e-01
9.998467e-01
9.998471e-01
9.998474e-01
9.998478e-01
9.998482e-01
9.998485e-01
9.998489e-01
9.998493e-01
9.998497e-01
9.998501e-01
9.998505e-01
9.998509e-01
9.998513e-01
9.998517e-01
9.998521e-01
9.998525e-01
9.998529e-01
9.998533e-01
9.998537e-01
9.998542e-01
9.998546e-01
9.998550e-01
9.998555e-01
9.998559e-01
9.998564e-01
9.998568e-01
9.998573e-01
9.998577e-01
9.998582e-01
9.998587e-01
9.998591e-01
9.998596e-01
9.998601e-01
9.998606e-01
9.998610e-01
9.998615e-01
9.998620e-01
9.998625e-01
9.998630e-01
9.998635e-01
9.998640e-01
9.998645e-01
9.998651e-01
9.998656e-01
9.998661e-01
9.998666e-01
9.998671e-01
9.998677e-01
9.998682e-01
9.998688e-01
9.998693e-01
9.998698e-01
9.998704e-01
9.998710e-01
9.998715e-01
9.998721e-01
9.998726e-01
9.998732e-01
9.998738e-01
9.998744e-01
9.998749e-01
9.998755e-01
9.998761e-01
9.998767e-01
9.998773e-01
9.998779e-01
9.998785e-01
9.998791e-01
9.998797e-01
9.998803e-01
9.998809e-01
9.998815e-01
9.998821e-01
9.998828e-01
9.998834e-01
9.998840e-01
9.998847e-01
9.998853e-01
9.998859e-01
9.998866e-01
9.998872e-01
9.998879e-01
9.998885e-01
9.998892e-01
9.998898e-01
9.998905e-01
9.998912e-01
9.998918e-01
9.998925e-01
9.998932e-01
9.998938e-01
9.998945e-01
9.998952e-01
9.998959e-01
9.998966e-01
9.998973e-01
9.998980e-01
9.998987e-01
9.998994e-01
9.999001e-01
9.999008e-01
9.999015e-01
9.999022e-01
9.999029e-01
9.999036e-01
9.999043e-01
9.999051e-01
9.999058e-01
9.999065e-01
9.999072e-01
9.999080e-01
9.999087e-01
9.999094e-01
9.999102e-01
9.999109e-01
9.999117e-01
9.999124e-01
9.999132e-01
9.999139e-01
9.999147e-01
9.999154e-01
9.999162e-01
9.999170e-01
9.999177e-01
9.999185e-01
9.999193e-01
9.999201e-01
9.999208e-01
9.999216e-01
9.999224e-01
9.999232e-01
9.999240e-01
9.999247e-01
9.999255e-01
9.999263e-01
9.999271e-01
9.999279e-01
9.999287e-01
9.999295e-01
9.999303e-01
9.999311e-01
9.999319e-01
9.999327e-01
9.999336e-01
9.999344e-01
9.999352e-01
9.999360e-01
9.999368e-01
9.999376e-01
9.999385e-01
9.999393e-01
9.999401e-01
9.999409e-01
9.999418e-01
9.999426e-01
9.999434e-01
9.999443e-01
9.999451e-01
9.999460e-01
9.999468e-01
9.999476e-01
9.999485e-01
9.999493e-01
9.999502e-01
9.999510e-01
9.999519e-01
9.999527e-01
9.999535e-01
9.999543e-01
9.999551e-01
9.999558e-01
9.999565e-01
9.999570e-01
9.999573e-01
9.999572e-01
9.999565e-01
9.999548e-01
9.999514e-01
9.999453e-01
9.999347e-01
9.999165e-01
9.998860e-01
9.998352e-01
9.997509e-01
9.996114e-01
9.993809e-01
9.990005e-01
9.983735e-01
9.973408e-01
9.956425e-01
9.928544e-01
9.882913e-01
9.808586e-01
9.688450e-01
9.496680e-01
9.196561e-01
8.741126e-01
8.081318e-01
7.186929e-01
6.077936e-01
4.845312e-01
3.631241e-01
2.569759e-01
1.734138e-01
1.129027e-01
7.168447e-02
4.476556e-02
2.766636e-02
1.699633e-02
1.041281e-02
6.379840e-03
3.921124e-03
2.427474e-03
1.522998e-03
9.773103e-04
6.497816e-04
4.547801e-04
3.402410e-04
2.745363e-04
2.384635e-04
2.203671e-04
2.131745e-04
2.125938e-04
2.160208e-04
2.218755e-04
2.291990e-04
2.374094e-04
2.461534e-04
2.552166e-04
2.644687e-04
2.738305e-04
2.832536e-04
2.927086e-04
3.021775e-04
3.116492e-04
3.211167e-04
3.305756e-04
3.400232e-04
3.494574e-04
3.588771e-04
3.682811e-04
3.776688e-04
3.870395e-04
3.963926e-04
4.057276e-04
4.150441e-04
4.243415e-04
4.336194e-04
4.428773e-04
4.521149e-04
4.613316e-04
4.705270e-04
4.797008e-04
4.888523e-04
4.979813e-04
5.070872e-04
5.161697e-04
5.252283e-04
5.342626e-04
5.432721e-04
5.522564e-04
5.612151e-04
5.701477e-04
5.790539e-04
5.879332e-04
5.967852e-04
6.056094e-04
6.144055e-04
6.231729e-04
6.319114e-04
6.406205e-04
6.492997e-04
6.579486e-04
6.665669e-04
6.751541e-04
6.837099e-04
6.922337e-04
7.007252e-04
7.091840e-04
7.176097e-04
7.260018e-04
7.343600e-04
7.426839e-04
7.509731e-04
7.592271e-04
7.674457e-04
7.756283e-04
7.837745e-04
7.918841e-04
7.999566e-04
8.079916e-04
8.159888e-04
8.239477e-04
8.318679e-04
8.397492e-04
8.475911e-04
8.553931e-04
8.631551e-04
8.708765e-04
8.785570e-04
8.861963e-04
8.937939e-04
9.013495e-04
9.088628e-04
9.163334e-04
9.237608e-04
9.311448e-04
9.384851e-04
9.457811e-04
9.530327e-04
9.602394e-04
9.674009e-04
9.745169e-04
9.815869e-04
9.886107e-04
9.955880e-04
1.002518e-03
1.009401e-03
1.016237e-03
1.023024e-03
1.029764e-03
1.036455e-03
1.043097e-03
1.049689e-03
1.056232e-03
1.062726e-03
1.069169e-03
1.075561e-03
1.081903e-03
1.088194e-03
1.094433e-03
1.100621e-03
1.106757e-03
1.112840e-03
1.118871e-03
1.124849e-03
1.130774e-03
1.136645e-03
1.142462e-03
1.148226e-03
1.153935e-03
1.159589e-03
1.165189e-03
1.170734e-03
1.176223e-03
1.181656e-03
1.187034e-03
1.192355e-03
1.197620e-03
1.202828e-03
1.207979e-03
1.213073e-03
1.218110e-03
1.223089e-03
1.228010e-03
1.232872e-03
1.237676e-03
1.242422e-03
1.247109e-03
1.251736e-03
1.256304e-03
1.260813e-03
1.265262e-03
1.269650e-03
1.273979e-03
1.278247e-03
1.282455e-03
1.286601e-03
1.290687e-03
1.294711e-03
1.298674e-03
1.302575e-03
1.306414e-03
1.310192e-03
1.313907e-03
1.317560e-03
1.321150e-03
1.324677e-03
1.328142e-03
1.331543e-03
1.334882e-03
1.338157e-03
1.341368e-03
1.344515e-03
1.347599e-03
1.350619e-03
1.353574e-03
1.356465e-03
1.359292e-03
1.362054e-03
1.364751e-03
1.367383e-03
1.369951e-03
1.372453e-03
1.374890e-03
1.377262e-03
1.379568e-03
1.381809e-03
1.383983e-03
1.386092e-03
1.388136e-03
1.390113e-03
1.392024e-03
1.393869e-03
1.395647e-03
1.397359e-03
1.399005e-03
1.400584e-03
1.402096e-03
1.403542e-03
1.404921e-03
1.406233e-03
1.407479e-03
1.408657e-03
1.409768e-03
1.410812e-03
1.411789e-03
1.412699e-03
1.413542e-03
1.414317e-03
1.415025e-03
1.415666e-03
1.416240e-03
1.416746e-03
1.417184e-03
1.417555e-03
1.417859e-03
1.418095e-03
1.418264e-03
1.418365e-03
