1.712966e-03
1.712925e-03
1.712803e-03
1.712599e-03
1.712313e-03
1.711946e-03
1.711497e-03
1.710967e-03
1.710355e-03
1.709662e-03
1.708888e-03
1.708032e-03
1.707095e-03
1.706076e-03
1.704976e-03
1.703795e-03
1.702533e-03
1.701190e-03
1.699766e-03
1.698261e-03
1.696675e-03
1.695008e-03
1.693260e-03
1.691432e-03
1.689523e-03
1.687534e-03
1.685465e-03
1.683315e-03
1.681085e-03
1.678776e-03
1.676386e-03
1.673916e-03
1.671367e-03
1.668738e-03
1.666030e-03
1.663243e-03
1.660376e-03
1.657431e-03
1.654407e-03
1.651303e-03
1.648122e-03
1.644862e-03
1.641524e-03
1.638107e-03
1.634613e-03
1.631041e-03
1.627392e-03
1.623665e-03
1.619861e-03
1.615980e-03
1.612022e-03
1.607987e-03
1.603876e-03
1.599689e-03
1.595426e-03
1.591087e-03
1.586673e-03
1.582183e-03
1.577618e-03
1.572978e-03
1.568263e-03
1.563474e-03
1.558611e-03
1.553673e-03
1.548662e-03
1.543578e-03
1.538420e-03
1.533189e-03
1.527885e-03
1.522509e-03
1.517061e-03
1.511541e-03
1.505949e-03
1.500285e-03
1.494551e-03
1.488746e-03
1.482870e-03
1.476924e-03
1.470907e-03
1.464822e-03
1.458666e-03
1.452442e-03
1.446149e-03
1.439787e-03
1.433358e-03
1.426860e-03
1.420295e-03
1.413663e-03
1.406963e-03
1.400198e-03
1.393365e-03
1.386468e-03
1.379504e-03
1.372475e-03
1.365382e-03
1.358224e-03
1.351001e-03
1.343715e-03
1.336366e-03
1.328953e-03
1.321477e-03
1.313940e-03
1.306340e-03
1.298678e-03
1.290955e-03
1.283172e-03
1.275327e-03
1.267423e-03
1.259459e-03
1.251435e-03
1.243353e-03
1.235212e-03
1.227013e-03
1.218756e-03
1.210441e-03
1.202070e-03
1.193642e-03
1.185157e-03
1.176618e-03
1.168022e-03
1.159372e-03
1.150667e-03
1.141909e-03
1.133096e-03
1.124230e-03
1.115312e-03
1.106341e-03
1.097318e-03
1.088244e-03
1.079118e-03
1.069942e-03
1.060716e-03
1.051440e-03
1.042115e-03
1.032741e-03
1.023319e-03
1.013848e-03
1.004331e-03
9.947659e-04
9.851546e-04
9.754972e-04
9.657941e-04
9.560459e-04
9.462531e-04
9.364160e-04
9.265352e-04
9.166112e-04
9.066443e-04
8.966352e-04
8.865843e-04
8.764920e-04
8.663588e-04
8.561853e-04
8.459720e-04
8.357192e-04
8.254276e-04
8.150976e-04
8.047296e-04
7.943243e-04
7.838821e-04
7.734034e-04
7.628889e-04
7.523390e-04
7.417541e-04
7.311349e-04
7.204818e-04
7.097954e-04
6.990761e-04
6.883244e-04
6.775409e-04
6.667261e-04
6.558806e-04
6.450047e-04
6.340991e-04
6.231642e-04
6.122006e-04
6.012089e-04
5.901894e-04
5.791429e-04
5.680697e-04
5.569704e-04
5.458455e-04
5.346957e-04
5.235213e-04
5.123230e-04
5.011012e-04
4.898567e-04
4.785898e-04
4.673011e-04
4.559914e-04
4.446612e-04
4.333113e-04
4.219425e-04
4.105558e-04
3.991528e-04
3.877353e-04
3.763063e-04
3.648701e-04
3.534336e-04
3.420079e-04
3.306108e-04
3.192713e-04
3.080368e-04
2.969853e-04
2.862447e-04
2.760255e-04
2.666746e-04
2.587629e-04
2.532314e-04
2.516303e-04
2.565146e-04
2.720947e-04
3.053089e-04
3.675906e-04
4.777759e-04
6.668889e-04
9.860000e-04
1.519107e-03
2.404162e-03
3.867188e-03
6.277025e-03
1.023162e-02
1.668977e-02
2.716126e-02
4.395232e-02
7.040951e-02
1.109748e-01
1.706452e-01
2.532768e-01
3.586304e-01
4.796632e-01
6.031335e-01
7.147298e-01
8.050849e-01
8.719456e-01
9.181980e-01
9.487224e-01
9.682460e-01
9.804842e-01
9.880589e-01
9.927102e-01
9.955525e-01
9.972841e-01
9.983370e-01
9.989763e-01
9.993641e-01
9.995991e-01
9.997413e-01
9.998272e-01
9.998790e-01
9.999100e-01
9.999284e-01
9.999392e-01
9.999454e-01
9.999487e-01
9.999504e-01
9.999510e-01
9.999511e-01
9.999507e-01
9.999501e-01
9.999494e-01
9.999485e-01
9.999477e-01
9.999468e-01
9.999459e-01
9.999449e-01
9.999440e-01
9.999431e-01
9.999422e-01
9.999412e-01
9.999403e-01
9.999394e-01
9.999384e-01
9.999375e-01
9.999366e-01
9.999357e-01
9.999348e-01
9.999338e-01
9.999329e-01
9.999320e-01
9.999311e-01
9.999302e-01
9.999293e-01
9.999284e-01
9.999275e-01
9.999266e-01
9.999257e-01
9.999248e-01
9.999239e-01
9.999230e-01
9.999221e-01
9.999212e-01
9.999203e-01
9.999195e-01
9.999186e-01
9.999177e-01
9.999168e-01
9.999160e-01
9.999151e-01
9.999142e-01
9.999134e-01
9.999125e-01
9.999117e-01
9.999108e-01
9.999099e-01
9.999091e-01
9.999083e-01
9.999074e-01
9.999066e-01
9.999057e-01
9.999049e-01
9.999041e-01
9.999032e-01
9.999024e-01
9.999016e-01
9.999008e-01
9.998999e-01
9.998991e-01
9.998983e-01
9.998975e-01
9.998967e-01
9.998959e-01
9.998951e-01
9.998943e-01
9.998935e-01
9.998927e-01
9.998919e-01
9.998911e-01
9.998903e-01
9.998896e-01
9.998888e-01
9.998880e-01
9.998872e-01
9.998865e-01
9.998857e-01
9.998849e-01
9.998842e-01
9.998834e-01
9.998827e-01
9.998819e-01
9.998812e-01
9.998804e-01
9.998797e-01
9.998790e-01
9.998782e-01
9.998775e-01
9.998768e-01
9.998761e-01
9.998754e-01
9.998746e-01
9.998739e-01
9.998732e-01
9.998725e-01
9.998718e-01
9.998711e-01
9.998704e-01
9.998697e-01
9.998691e-01
9.998684e-01
9.998677e-01
9.998670e-01
9.998663e-01
9.998657e-01
9.998650e-01
9.998644e-01
9.998637e-01
9.998630e-01
9.998624e-01
9.998618e-01
9.998611e-01
9.998605e-01
9.998598e-01
9.998592e-01
9.998586e-01
9.998580e-01
9.998573e-01
9.998567e-01
9.998561e-01
9.998555e-01
9.998549e-01
9.998543e-01
9.998537e-01
9.998531e-01
9.998525e-01
9.998519e-01
9.998514e-01
9.998508e-01
9.998502e-01
9.998497e-01
9.998491e-01
9.998485e-01
9.998480e-01
9.998474e-01
9.998469e-01
9.998463e-01
9.998458e-01
9.998453e-01
9.998447e-01
9.998442e-01
9.998437e-01
9.998432e-01
9.998427e-01
9.998421e-01
9.998416e-01
9.998411e-01
9.998406e-01
9.998401e-01
9.998397e-01
9.998392e-01
9.998387e-01
9.998382e-01
9.998377e-01
9.998373e-01
9.998368e-01
9.998364e-01
9.998359e-01
9.998355e-01
9.998350e-01
9.998346e-01
9.998341e-01
9.998337e-01
9.998333e-01
9.998328e-01
9.998324e-01
9.998320e-01
9.998316e-01
9.998312e-01
9.998308e-01
9.998304e-01
9.998300e-01
9.998296e-01
9.998292e-01
9.998289e-01
9.998285e-01
9.998281e-01
9.998277e-01
9.998274e-01
9.998270e-01
9.998267e-01
9.998263e-01
9.998260e-01
9.998256e-01
9.998253e-01
9.998250e-01
9.998247e-01
9.998243e-01
9.998240e-01
9.998237e-01
9.998234e-01
9.998231e-01
9.998228e-01
9.998225e-01
9.998222e-01
9.998219e-01
9.998217e-01
9.998214e-01
9.998211e-01
9.998209e-01
9.998206e-01
9.998203e-01
9.998201e-01
9.998198e-01
9.998196e-01
9.998194e-01
9.998191e-01
9.998189e-01
9.998187e-01
9.998185e-01
9.998183e-01
9.998180e-01
9.998178e-01
9.998176e-01
9.998174e-01
9.998173e-01
9.998171e-01
9.998169e-01
9.998167e-01
9.998165e-01
9.998164e-01
9.998162e-01
9.998161e-01
9.998159e-01
9.998158e-01
9.998156e-01
9.998155e-01
9.998154e-01
9.998152e-01
9.998151e-01
9.998150e-01
9.998149e-01
9.998148e-01
9.998147e-01
9.998146e-01
9.998145e-01
9.998144e-01
9.998143e-01
9.998142e-01
9.998141e-01
9.998141e-01
9.998140e-01
9.998139e-01
9.998139e-01
9.998138e-01
9.998138e-01
9.998138e-01
9.998137e-01
9.998137e-01
9.998137e-01
9.998136e-01
9.998136e-01
9.998136e-01
9.998136e-01
9.998136e-01
9.998136e-01
9.998136e-01
9.998136e-01
9.998136e-01
9.998137e-01
9.998137e-01
9.998137e-01
9.998138e-01
9.998138e-01
9.998138e-01
9.998139e-01
9.998139e-01
9.998140e-01
9.998141e-01
9.998141e-01
9.998142e-01
9.998143e-01
9.998144e-01
9.998145e-01
9.998146e-01
9.998147e-01
9.998148e-01
9.998149e-01
9.998150e-01
9.998151e-01
9.998152e-01
9.998154e-01
9.998155e-01
9.998156e-01
9.998158e-01
9.998159e-01
9.998161e-01
9.998162e-01
9.998164e-01
9.998165e-01
9.998167e-01
9.998169e-01
9.998171e-01
9.998173e-01
9.998174e-01
9.998176e-01
9.998178e-01
9.998180e-01
9.998183e-01
9.998185e-01
9.998187e-01
9.998189e-01
9.998191e-01
9.998194e-01
9.998196e-01
9.998198e-01
9.998201e-01
9.998203e-01
9.998206e-01
9.998209e-01
9.998211e-01
9.998214e-01
9.998217e-01
9.998219e-01
9.998222e-01
9.998225e-01
9.998228e-01
9.998231e-01
9.998234e-01
9.998237e-01
9.998240e-01
9.998243e-01
9.998247e-01
9.998250e-01
9.998253e-01
9.998256e-01
9.998260e-01
9.998263e-01
9.998267e-01
9.998270e-01
9.998274e-01
9.998277e-01
9.998281e-01
9.998285e-01
9.998289e-01
9.998292e-01
9.998296e-01
9.998300e-01
9.998304e-01
9.998308e-01
9.998312e-01
9.998316e-01
9.998320e-01
9.998324e-01
9.998328e-01
9.998333e-01
9.998337e-01
9.998341e-01
9.998346e-01
9.998350e-01
9.998355e-01
9.998359e-01
9.998364e-01
9.998368e-01
9.998373e-01
9.998377e-01
9.998382e-01
9.998387e-01
9.998392e-01
9.998397e-01
9.998401e-01
9.998406e-01
9.998411e-01
9.998416e-01
9.998421e-01
9.998427e-01
9.998432e-01
9.998437e-01
9.998442e-01
9.998447e-01
9.998453e-01
9.998458e-01
9.998463e-01
9.998469e-01
9.998474e-01
9.998480e-01
9.998485e-01
9.998491e-01
9.998497e-01
9.998502e-01
9.998508e-01
9.998514e-01
9.998519e-01
9.998525e-01
9.998531e-01
9.998537e-01
9.998543e-01
9.998549e-01
9.998555e-01
9.998561e-01
9.998567e-01
9.998573e-01
9.998580e-01
9.998586e-01
9.998592e-01
9.998598e-01
9.998605e-01
9.998611e-01
9.998618e-01
9.998624e-01
9.998630e-01
9.998637e-01
9.998644e-01
9.998650e-01
9.998657e-01
9.998663e-01
9.998670e-01
9.998677e-01
9.998684e-01
9.998691e-01
9.998697e-01
9.998704e-01
9.998711e-01
9.998718e-01
9.998725e-01
9.998732e-01
9.998739e-01
9.998746e-01
9.998754e-01
9.998761e-01
9.998768e-01
9.998775e-01
9.998782e-01
9.998790e-01
9.998797e-01
9.998804e-01
9.998812e-01
9.998819e-01
9.998827e-01
9.998834e-01
9.998842e-01
9.998849e-01
9.998857e-01
9.998865e-01
9.998872e-01
9.998880e-01
9.998888e-01
9.998896e-01
9.998903e-01
9.998911e-01
9.998919e-01
9.998927e-01
9.998935e-01
9.998943e-01
9.998951e-01
9.998959e-01
9.998967e-01
9.998975e-01
9.998983e-01
9.998991e-01
9.998999e-01
9.999008e-01
9.999016e-01
9.999024e-01
9.999032e-01
9.999041e-01
9.999049e-01
9.999057e-01
9.999066e-01
9.999074e-01
9.999083e-01
9.999091e-01
9.999099e-01
9.999108e-01
9.999117e-01
9.999125e-01
9.999134e-01
9.999142e-01
9.999151e-01
9.999160e-01
9.999168e-01
9.999177e-01
9.999186e-01
9.999195e-01
9.999203e-01
9.999212e-01
9.999221e-01
9.999230e-01
9.999239e-01
9.999248e-01
9.999257e-01
9.999266e-01
9.999275e-01
9.999284e-01
9.999293e-01
9.999302e-01
9.999311e-01
9.999320e-01
9.999329e-01
9.999338e-01
9.999348e-01
9.999357e-01
9.999366e-01
9.999375e-01
9.999384e-01
9.999394e-01
9.999403e-01
9.999412e-01
9.999422e-01
9.999431e-01
9.999440e-01
9.999449e-01
9.999459e-01
9.999468e-01
9.999477e-01
9.999485e-01
9.999494e-01
9.999501e-01
9.999507e-01
9.999511e-01
9.999510e-01
9.999504e-01
9.999487e-01
9.999454e-01
9.999392e-01
9.999284e-01
9.999100e-01
9.998790e-01
9.998272e-01
9.997413e-01
9.995991e-01
9.993641e-01
9.989763e-01
9.983370e-01
9.972841e-01
9.955525e-01
9.927102e-01
9.880589e-01
9.804842e-01
9.682460e-01
9.487224e-01
9.181980e-01
8.719456e-01
8.050849e-01
7.147298e-01
6.031335e-01
4.796632e-01
3.586304e-01
2.532768e-01
1.706452e-01
1.109748e-01
7.040951e-02
4.395232e-02
2.716126e-02
1.668977e-02
1.023162e-02
6.277025e-03
3.867188e-03
2.404162e-03
1.519107e-03
9.860000e-04
6.668889e-04
4.777759e-04
3.675906e-04
3.053089e-04
2.720947e-04
2.565146e-04
2.516303e-04
2.532314e-04
2.587629e-04
2.666746e-04
2.760255e-04
2.862447e-04
2.969853e-04
3.080368e-04
3.192713e-04
3.306108e-04
3.420079e-04
3.534336e-04
3.648701e-04
3.763063e-04
3.877353e-04
3.991528e-04
4.105558e-04
4.219425e-04
4.333113e-04
4.446612e-04
4.559914e-04
4.673011e-04
4.785898e-04
4.898567e-04
5.011012e-04
5.123230e-04
5.235213e-04
5.346957e-04
5.458455e-04
5.569704e-04
5.680697e-04
5.791429e-04
5.901894e-04
6.012089e-04
6.122006e-04
6.231642e-04
6.340991e-04
6.450047e-04
6.558806e-04
6.667261e-04
6.775409e-04
6.883244e-04
6.990761e-04
7.097954e-04
7.204818e-04
7.311349e-04
7.417541e-04
7.523390e-04
7.628889e-04
7.734034e-04
7.838821e-04
7.943243e-04
8.047296e-04
8.150976e-04
8.254276e-04
8.357192e-04
8.459720e-04
8.561853e-04
8.663588e-04
8.764920e-04
8.865843e-04
8.966352e-04
9.066443e-04
9.166112e-04
9.265352e-04
9.364160e-04
9.462531e-04
9.560459e-04
9.657941e-04
9.754972e-04
9.851546e-04
9.947659e-04
1.004331e-03
1.013848e-03
1.023319e-03
1.032741e-03
1.042115e-03
1.051440e-03
1.060716e-03
1.069942e-03
1.079118e-03
1.088244e-03
1.097318e-03
1.106341e-03
1.115312e-03
1.124230e-03
1.133096e-03
1.141909e-03
1.150667e-03
1.159372e-03
1.168022e-03
1.176618e-03
1.185157e-03
1.193642e-03
1.202070e-03
1.210441e-03
1.218756e-03
1.227013e-03
1.235212e-03
1.243353e-03
1.251435e-03
1.259459e-03
1.267423e-03
1.275327e-03
1.283172e-03
1.290955e-03
1.298678e-03
1.306340e-03
1.313940e-03
1.321477e-03
1.328953e-03
1.336366e-03
1.343715e-03
1.351001e-03
1.358224e-03
1.365382e-03
1.372475e-03
1.379504e-03
1.386468e-03
1.393365e-03
1.400198e-03
1.406963e-03
1.413663e-03
1.420295e-03
1.426860e-03
1.433358e-03
1.439787e-03
1.446149e-03
1.452442e-03
1.458666e-03
1.464822e-03
1.470907e-03
1.476924e-03
1.482870e-03
1.488746e-03
1.494551e-03
1.500285e-03
1.505949e-03
1.511541e-03
1.517061e-03
1.522509e-03
1.527885e-03
1.533189e-03
1.538420e-03
1.543578e-03
1.548662e-03
1.553673e-03
1.558611e-03
1.563474e-03
1.568263e-03
1.572978e-03
1.577618e-03
1.582183e-03
1.586673e-03
1.591087e-03
1.595426e-03
1.599689e-03
1.603876e-03
1.607987e-03
1.612022e-03
1.615980e-03
1.619861e-03
1.623665e-03
1.627392e-03
1.631041e-03
1.634613e-03
1.638107e-03
1.641524e-03
1.644862e-03
1.648122e-03
1.651303e-03
1.654407e-03
1.657431e-03
1.660376e-03
1.663243e-03
1.666030e-03
1.668738e-03
1.671367e-03
1.673916e-03
1.676386e-03
1.678776e-03
1.681085e-03
1.683315e-03
1.685465e-03
1.687534e-03
1.689523e-03
1.691432e-03
1.693260e-03
1.695008e-03
1.696675e-03
1.698261e-03
1.699766e-03
1.701190e-03
1.702533e-03
1.703795e-03
1.704976e-03
1.706076e-03
1.707095e-03
1.708032e-03
1.708888e-03
1.709662e-03
1.710355e-03
1.710967e-03
1.711497e-03
1.711946e-03
1.712313e-03
1.712599e-03
1.712803e-03
1.712925e-03
