1.174310e-03
1.174282e-03
1.174198e-03
1.174058e-03
1.173863e-03
1.173612e-03
1.173305e-03
1.172942e-03
1.172523e-03
1.172049e-03
1.171519e-03
1.170933e-03
1.170291e-03
1.169594e-03
1.168842e-03
1.168033e-03
1.167169e-03
1.166250e-03
1.165275e-03
1.164245e-03
1.163160e-03
1.162019e-03
1.160823e-03
1.159571e-03
1.158265e-03
1.156903e-03
1.155487e-03
1.154016e-03
1.152489e-03
1.150908e-03
1.149273e-03
1.147582e-03
1.145838e-03
1.144038e-03
1.142185e-03
1.140277e-03
1.138314e-03
1.136298e-03
1.134228e-03
1.132104e-03
1.129926e-03
1.127694e-03
1.125409e-03
1.123071e-03
1.120679e-03
1.118233e-03
1.115735e-03
1.113184e-03
1.110580e-03
1.107923e-03
1.105213e-03
1.102451e-03
1.099637e-03
1.096771e-03
1.093852e-03
1.090881e-03
1.087859e-03
1.084785e-03
1.081660e-03
1.078483e-03
1.075255e-03
1.071976e-03
1.068646e-03
1.065266e-03
1.061835e-03
1.058353e-03
1.054822e-03
1.051240e-03
1.047609e-03
1.043928e-03
1.040197e-03
1.036417e-03
1.032588e-03
1.028710e-03
1.024783e-03
1.020807e-03
1.016784e-03
1.012712e-03
1.008592e-03
1.004424e-03
1.000209e-03
9.959460e-04
9.916361e-04
9.872793e-04
9.828757e-04
9.784255e-04
9.739291e-04
9.693865e-04
9.647981e-04
9.601640e-04
9.554844e-04
9.507597e-04
9.459899e-04
9.411754e-04
9.363164e-04
9.314131e-04
9.264658e-04
9.214746e-04
9.164399e-04
9.113618e-04
9.062407e-04
9.010768e-04
8.958702e-04
8.906213e-04
8.853304e-04
8.799976e-04
8.746233e-04
8.692077e-04
8.637510e-04
8.582535e-04
8.527156e-04
8.471374e-04
8.415192e-04
8.358613e-04
8.301639e-04
8.244274e-04
8.186521e-04
8.128381e-04
8.069858e-04
8.010955e-04
7.951674e-04
7.892018e-04
7.831990e-04
7.771594e-04
7.710831e-04
7.649705e-04
7.588220e-04
7.526376e-04
7.464179e-04
7.401630e-04
7.338734e-04
7.275492e-04
7.211907e-04
7.147984e-04
7.083724e-04
7.019132e-04
6.954209e-04
6.888960e-04
6.823388e-04
6.757494e-04
6.691284e-04
6.624759e-04
6.557924e-04
6.490780e-04
6.423332e-04
6.355583e-04
6.287536e-04
6.219194e-04
6.150561e-04
6.081639e-04
6.012432e-04
5.942944e-04
5.873178e-04
5.803136e-04
5.732823e-04
5.662242e-04
5.591396e-04
5.520288e-04
5.448923e-04
5.377302e-04
5.305431e-04
5.233311e-04
5.160948e-04
5.088343e-04
5.015501e-04
4.942425e-04
4.869119e-04
4.795586e-04
4.721829e-04
4.647852e-04
4.573659e-04
4.499253e-04
4.424637e-04
4.349816e-04
4.274793e-04
4.199571e-04
4.124154e-04
4.048545e-04
3.972749e-04
3.896768e-04
3.820607e-04
3.744269e-04
3.667757e-04
3.591076e-04
3.514229e-04
3.437219e-04
3.360052e-04
3.282729e-04
3.205257e-04
3.127638e-04
3.049879e-04
2.971984e-04
2.893961e-04
2.815818e-04
2.737569e-04
2.659232e-04
2.580834e-04
2.502419e-04
2.424058e-04
2.345861e-04
2.268012e-04
2.190808e-04
2.114740e-04
2.040609e-04
1.969740e-04
1.904309e-04
1.847904e-04
1.806434e-04
1.789637e-04
1.813565e-04
1.904668e-04
2.106547e-04
2.491053e-04
3.176596e-04
4.358263e-04
6.357384e-04
9.702920e-04
1.526485e-03
2.447184e-03
3.966420e-03
6.465977e-03
1.056442e-02
1.725266e-02
2.808843e-02
4.544459e-02
7.274794e-02
1.145084e-01
1.757147e-01
2.600410e-01
3.668336e-01
4.885323e-01
6.116072e-01
7.219235e-01
8.106076e-01
8.758693e-01
9.208363e-01
9.504325e-01
9.693291e-01
9.811610e-01
9.884791e-01
9.929710e-01
9.957152e-01
9.973868e-01
9.984031e-01
9.990203e-01
9.993947e-01
9.996216e-01
9.997590e-01
9.998420e-01
9.998920e-01
9.999221e-01
9.999400e-01
9.999506e-01
9.999567e-01
9.999601e-01
9.999618e-01
9.999626e-01
9.999627e-01
9.999625e-01
9.999621e-01
9.999615e-01
9.999608e-01
9.999601e-01
9.999594e-01
9.999587e-01
9.999579e-01
9.999571e-01
9.999564e-01
9.999556e-01
9.999548e-01
9.999541e-01
9.999533e-01
9.999526e-01
9.999518e-01
9.999510e-01
9.999503e-01
9.999495e-01
9.999488e-01
9.999480e-01
9.999473e-01
9.999465e-01
9.999458e-01
9.999450e-01
9.999443e-01
9.999435e-01
9.999428e-01
9.999420e-01
9.999413e-01
9.999406e-01
9.999398e-01
9.999391e-01
9.999384e-01
9.999376e-01
9.999369e-01
9.999362e-01
9.999355e-01
9.999347e-01
9.999340e-01
9.999333e-01
9.999326e-01
9.999319e-01
9.999312e-01
9.999305e-01
9.999298e-01
9.999291e-01
9.999284e-01
9.999277e-01
9.999270e-01
9.999263e-01
9.999256e-01
9.999249e-01
9.999242e-01
9.999235e-01
9.999228e-01
9.999221e-01
9.999215e-01
9.999208e-01
9.999201e-01
9.999194e-01
9.999188e-01
9.999181e-01
9.999174e-01
9.999168e-01
9.999161e-01
9.999154e-01
9.999148e-01
9.999141e-01
9.999135e-01
9.999128e-01
9.999122e-01
9.999115e-01
9.999109e-01
9.999103e-01
9.999096e-01
9.999090e-01
9.999084e-01
9.999077e-01
9.999071e-01
9.999065e-01
9.999059e-01
9.999052e-01
9.999046e-01
9.999040e-01
9.999034e-01
9.999028e-01
9.999022e-01
9.999016e-01
9.999010e-01
9.999004e-01
9.998998e-01
9.998992e-01
9.998986e-01
9.998980e-01
9.998975e-01
9.998969e-01
9.998963e-01
9.998957e-01
9.998952e-01
9.998946e-01
9.998940e-01
9.998935e-01
9.998929e-01
9.998924e-01
9.998918e-01
9.998913e-01
9.998907e-01
9.998902e-01
9.998896e-01
9.998891e-01
9.998886e-01
9.998880e-01
9.998875e-01
9.998870e-01
9.998865e-01
9.998859e-01
9.998854e-01
9.998849e-01
9.998844e-01
9.998839e-01
9.998834e-01
9.998829e-01
9.998824e-01
9.998819e-01
9.998814e-01
9.998809e-01
9.998805e-01
9.998800e-01
9.998795e-01
9.998790e-01
9.998786e-01
9.998781e-01
9.998776e-01
9.998772e-01
9.998767e-01
9.998763e-01
9.998758e-01
9.998754e-01
9.998749e-01
9.998745e-01
9.998741e-01
9.998736e-01
9.998732e-01
9.998728e-01
9.998724e-01
9.998719e-01
9.998715e-01
9.998711e-01
9.998707e-01
9.998703e-01
9.998699e-01
9.998695e-01
9.998691e-01
9.998687e-01
9.998683e-01
9.998680e-01
9.998676e-01
9.998672e-01
9.998668e-01
9.998665e-01
9.998661e-01
9.998657e-01
9.998654e-01
9.998650e-01
9.998647e-01
9.998643e-01
9.998640e-01
9.998636e-01
9.998633e-01
9.998630e-01
9.998626e-01
9.998623e-01
9.998620e-01
9.998617e-01
9.998614e-01
9.998611e-01
9.998608e-01
9.998605e-01
9.998602e-01
9.998599e-01
9.998596e-01
9.998593e-01
9.998590e-01
9.998587e-01
9.998585e-01
9.998582e-01
9.998579e-01
9.998577e-01
9.998574e-01
9.998571e-01
9.998569e-01
9.998566e-01
9.998564e-01
9.998561e-01
9.998559e-01
9.998557e-01
9.998555e-01
9.998552e-01
9.998550e-01
9.998548e-01
9.998546e-01
9.998544e-01
9.998542e-01
9.998540e-01
9.998538e-01
9.998536e-01
9.998534e-01
9.998532e-01
9.998530e-01
9.998528e-01
9.998527e-01
9.998525e-01
9.998523e-01
9.998522e-01
9.998520e-01
9.998518e-01
9.998517e-01
9.998515e-01
9.998514e-01
9.998513e-01
9.998511e-01
9.998510e-01
9.998509e-01
9.998508e-01
9.998506e-01
9.998505e-01
9.998504e-01
9.998503e-01
9.998502e-01
9.998501e-01
9.998500e-01
9.998499e-01
9.998498e-01
9.998497e-01
9.998497e-01
9.998496e-01
9.998495e-01
9.998495e-01
9.998494e-01
9.998493e-01
9.998493e-01
9.998492e-01
9.998492e-01
9.998491e-01
9.998491e-01
9.998491e-01
9.998490e-01
9.998490e-01
9.998490e-01
9.998490e-01
9.998490e-01
9.998489e-01
9.998489e-01
9.998489e-01
9.998489e-01
9.998489e-01
9.998490e-01
9.998490e-01
9.998490e-01
9.998490e-01
9.998490e-01
9.998491e-01
9.998491e-01
9.998491e-01
9.998492e-01
9.998492e-01
9.998493e-01
9.998493e-01
9.998494e-01
9.998495e-01
9.998495e-01
9.998496e-01
9.998497e-01
9.998497e-01
9.998498e-01
9.998499e-01
9.998500e-01
9.998501e-01
9.998502e-01
9.998503e-01
9.998504e-01
9.998505e-01
9.998506e-01
9.998508e-01
9.998509e-01
9.998510e-01
9.998511e-01
9.998513e-01
9.998514e-01
9.998515e-01
9.998517e-01
9.998518e-01
9.998520e-01
9.998522e-01
9.998523e-01
9.998525e-01
9.998527e-01
9.998528e-01
9.998530e-01
9.998532e-01
9.998534e-01
9.998536e-01
9.998538e-01
9.998540e-01
9.998542e-01
9.998544e-01
9.998546e-01
9.998548e-01
9.998550e-01
9.998552e-01
9.998555e-01
9.998557e-01
9.998559e-01
9.998561e-01
9.998564e-01
9.998566e-01
9.998569e-01
9.998571e-01
9.998574e-01
9.998577e-01
9.998579e-01
9.998582e-01
9.998585e-01
9.998587e-01
9.998590e-01
9.998593e-01
9.998596e-01
9.998599e-01
9.998602e-01
9.998605e-01
9.998608e-01
9.998611e-01
9.998614e-01
9.998617e-01
9.998620e-01
9.998623e-01
9.998626e-01
9.998630e-01
9.998633e-01
9.998636e-01
9.998640e-01
9.998643e-01
9.998647e-01
9.998650e-01
9.998654e-01
9.998657e-01
9.998661e-01
9.998665e-01
9.998668e-01
9.998672e-01
9.998676e-01
9.998680e-01
9.998683e-01
9.998687e-01
9.998691e-01
9.998695e-01
9.998699e-01
9.998703e-01
9.998707e-01
9.998711e-01
9.998715e-01
9.998719e-01
9.998724e-01
9.998728e-01
9.998732e-01
9.998736e-01
9.998741e-01
9.998745e-01
9.998749e-01
9.998754e-01
9.998758e-01
9.998763e-01
9.998767e-01
9.998772e-01
9.998776e-01
9.998781e-01
9.998786e-01
9.998790e-01
9.998795e-01
9.998800e-01
9.998805e-01
9.998809e-01
9.998814e-01
9.998819e-01
9.998824e-01
9.998829e-01
9.998834e-01
9.998839e-01
9.998844e-01
9.998849e-01
9.998854e-01
9.998859e-01
9.998865e-01
9.998870e-01
9.998875e-01
9.998880e-01
9.998886e-01
9.998891e-01
9.998896e-01
9.998902e-01
9.998907e-01
9.998913e-01
9.998918e-01
9.998924e-01
9.998929e-01
9.998935e-01
9.998940e-01
9.998946e-01
9.998952e-01
9.998957e-01
9.998963e-01
9.998969e-01
9.998975e-01
9.998980e-01
9.998986e-01
9.998992e-01
9.998998e-01
9.999004e-01
9.999010e-01
9.999016e-01
9.999022e-01
9.999028e-01
9.999034e-01
9.999040e-01
9.999046e-01
9.999052e-01
9.999059e-01
9.999065e-01
9.999071e-01
9.999077e-01
9.999084e-01
9.999090e-01
9.999096e-01
9.999103e-01
9.999109e-01
9.999115e-01
9.999122e-01
9.999128e-01
9.999135e-01
9.999141e-01
9.999148e-01
9.999154e-01
9.999161e-01
9.999168e-01
9.999174e-01
9.999181e-01
9.999188e-01
9.999194e-01
9.999201e-01
9.999208e-01
9.999215e-01
9.999221e-01
9.999228e-01
9.999235e-01
9.999242e-01
9.999249e-01
9.999256e-01
9.999263e-01
9.999270e-01
9.999277e-01
9.999284e-01
9.999291e-01
9.999298e-01
9.999305e-01
9.999312e-01
9.999319e-01
9.999326e-01
9.999333e-01
9.999340e-01
9.999347e-01
9.999355e-01
9.999362e-01
9.999369e-01
9.999376e-01
9.999384e-01
9.999391e-01
9.999398e-01
9.999406e-01
9.999413e-01
9.999420e-01
9.999428e-01
9.999435e-01
9.999443e-01
9.999450e-01
9.999458e-01
9.999465e-01
9.999473e-01
9.999480e-01
9.999488e-01
9.999495e-01
9.999503e-01
9.999510e-01
9.999518e-01
9.999526e-01
9.999533e-01
9.999541e-01
9.999548e-01
9.999556e-01
9.999564e-01
9.999571e-01
9.999579e-01
9.999587e-01
9.999594e-01
9.999601e-01
9.999608e-01
9.999615e-01
9.999621e-01
9.999625e-01
9.999627e-01
9.999626e-01
9.999618e-01
9.999601e-01
9.999567e-01
9.999506e-01
9.999400e-01
9.999221e-01
9.998920e-01
9.998420e-01
9.997590e-01
9.996216e-01
9.993947e-01
9.990203e-01
9.984031e-01
9.973868e-01
9.957152e-01
9.929710e-01
9.884791e-01
9.811610e-01
9.693291e-01
9.504325e-01
9.208363e-01
8.758693e-01
8.106076e-01
7.219235e-01
6.116072e-01
4.885323e-01
3.668336e-01
2.600410e-01
1.757147e-01
1.145084e-01
7.274794e-02
4.544459e-02
2.808843e-02
1.725266e-02
1.056442e-02
6.465977e-03
3.966420e-03
2.447184e-03
1.526485e-03
9.702920e-04
6.357384e-04
4.358263e-04
3.176596e-04
2.491053e-04
2.106547e-04
1.904668e-04
1.813565e-04
1.789637e-04
1.806434e-04
1.847904e-04
1.904309e-04
1.969740e-04
2.040609e-04
2.114740e-04
2.190808e-04
2.268012e-04
2.345861e-04
2.424058e-04
2.502419e-04
2.580834e-04
2.659232e-04
2.737569e-04
2.815818e-04
2.893961e-04
2.971984e-04
3.049879e-04
3.127638e-04
3.205257e-04
3.282729e-04
3.360052e-04
3.437219e-04
3.514229e-04
3.591076e-04
3.667757e-04
3.744269e-04
3.820607e-04
3.896768e-04
3.972749e-04
4.048545e-04
4.124154e-04
4.199571e-04
4.274793e-04
4.349816e-04
4.424637e-04
4.499253e-04
4.573659e-04
4.647852e-04
4.721829e-04
4.795586e-04
4.869119e-04
4.942425e-04
5.015501e-04
5.088343e-04
5.160948e-04
5.233311e-04
5.305431e-04
5.377302e-04
5.448923e-04
5.520288e-04
5.591396e-04
5.662242e-04
5.732823e-04
5.803136e-04
5.873178e-04
5.942944e-04
6.012432e-04
6.081639e-04
6.150561e-04
6.219194e-04
6.287536e-04
6.355583e-04
6.423332e-04
6.490780e-04
6.557924e-04
6.624759e-04
6.691284e-04
6.757494e-04
6.823388e-04
6.888960e-04
6.954209e-04
7.019132e-04
7.083724e-04
7.147984e-04
7.211907e-04
7.275492e-04
7.338734e-04
7.401630e-04
7.464179e-04
7.526376e-04
7.588220e-04
7.649705e-04
7.710831e-04
7.771594e-04
7.831990e-04
7.892018e-04
7.951674e-04
8.010955e-04
8.069858e-04
8.128381e-04
8.186521e-04
8.244274e-04
8.301639e-04
8.358613e-04
8.415192e-04
8.471374e-04
8.527156e-04
8.582535e-04
8.637510e-04
8.692077e-04
8.746233e-04
8.799976e-04
8.853304e-04
8.906213e-04
8.958702e-04
9.010768e-04
9.062407e-04
9.113618e-04
9.164399e-04
9.214746e-04
9.264658e-04
9.314131e-04
9.363164e-04
9.411754e-04
9.459899e-04
9.507597e-04
9.554844e-04
9.601640e-04
9.647981e-04
9.693865e-04
9.739291e-04
9.784255e-04
9.828757e-04
9.872793e-04
9.916361e-04
9.959460e-04
1.000209e-03
1.004424e-03
1.008592e-03
1.012712e-03
1.016784e-03
1.020807e-03
1.024783e-03
1.028710e-03
1.032588e-03
1.036417e-03
1.040197e-03
1.043928e-03
1.047609e-03
1.051240e-03
1.054822e-03
1.058353e-03
1.061835e-03
1.065266e-03
1.068646e-03
1.071976e-03
1.075255e-03
1.078483e-03
1.081660e-03
1.084785e-03
1.087859e-03
1.090881e-03
1.093852e-03
1.096771e-03
1.099637e-03
1.102451e-03
1.105213e-03
1.107923e-03
1.110580e-03
1.113184e-03
1.115735e-03
1.118233e-03
1.120679e-03
1.123071e-03
1.125409e-03
1.127694e-03
1.129926e-03
1.132104e-03
1.134228e-03
1.136298e-03
1.138314e-03
1.140277e-03
1.142185e-03
1.144038e-03
1.145838e-03
1.147582e-03
1.149273e-03
1.150908e-03
1.152489e-03
1.154016e-03
1.155487e-03
1.156903e-03
1.158265e-03
1.159571e-03
1.160823e-03
1.162019e-03
1.163160e-03
1.164245e-03
1.165275e-03
1.166250e-03
1.167169e-03
1.168033e-03
1.168842e-03
1.169594e-03
1.170291e-03
1.170933e-03
1.171519e-03
1.172049e-03
1.172523e-03
1.172942e-03
1.173305e-03
1.173612e-03
1.173863e-03
1.174058e-03
1.174198e-03
1.174282e-03
