9.721096e-04
9.720865e-04
9.720172e-04
9.719017e-04
9.717401e-04
9.715322e-04
9.712782e-04
9.709780e-04
9.706317e-04
9.702393e-04
9.698007e-04
9.693161e-04
9.687854e-04
9.682087e-04
9.675860e-04
9.669173e-04
9.662027e-04
9.654421e-04
9.646357e-04
9.637834e-04
9.628854e-04
9.619416e-04
9.609521e-04
9.599169e-04
9.588362e-04
9.577099e-04
9.565381e-04
9.553208e-04
9.540582e-04
9.527502e-04
9.513970e-04
9.499986e-04
9.485551e-04
9.470665e-04
9.455330e-04
9.439545e-04
9.423312e-04
9.406632e-04
9.389505e-04
9.371932e-04
9.353914e-04
9.335451e-04
9.316546e-04
9.297198e-04
9.277409e-04
9.257179e-04
9.236510e-04
9.215403e-04
9.193858e-04
9.171876e-04
9.149459e-04
9.126608e-04
9.103324e-04
9.079608e-04
9.055461e-04
9.030884e-04
9.005879e-04
8.980447e-04
8.954588e-04
8.928305e-04
8.901598e-04
8.874468e-04
8.846918e-04
8.818948e-04
8.790560e-04
8.761755e-04
8.732535e-04
8.702901e-04
8.672853e-04
8.642395e-04
8.611527e-04
8.580251e-04
8.548568e-04
8.516480e-04
8.483988e-04
8.451094e-04
8.417800e-04
8.384107e-04
8.350016e-04
8.315530e-04
8.280650e-04
8.245378e-04
8.209716e-04
8.173664e-04
8.137226e-04
8.100402e-04
8.063194e-04
8.025605e-04
7.987636e-04
7.949289e-04
7.910565e-04
7.871468e-04
7.831997e-04
7.792157e-04
7.751947e-04
7.711371e-04
7.670430e-04
7.629126e-04
7.587461e-04
7.545438e-04
7.503058e-04
7.460323e-04
7.417235e-04
7.373797e-04
7.330010e-04
7.285877e-04
7.241399e-04
7.196580e-04
7.151420e-04
7.105923e-04
7.060090e-04
7.013924e-04
6.967426e-04
6.920600e-04
6.873447e-04
6.825969e-04
6.778169e-04
6.730050e-04
6.681612e-04
6.632860e-04
6.583795e-04
6.534419e-04
6.484735e-04
6.434745e-04
6.384452e-04
6.333858e-04
6.282966e-04
6.231777e-04
6.180295e-04
6.128522e-04
6.076460e-04
6.024112e-04
5.971480e-04
5.918567e-04
5.865376e-04
5.811908e-04
5.758167e-04
5.704155e-04
5.649875e-04
5.595329e-04
5.540520e-04
5.485450e-04
5.430123e-04
5.374540e-04
5.318705e-04
5.262620e-04
5.206288e-04
5.149711e-04
5.092892e-04
5.035835e-04
4.978541e-04
4.921013e-04
4.863255e-04
4.805269e-04
4.747057e-04
4.688623e-04
4.629969e-04
4.571098e-04
4.512012e-04
4.452716e-04
4.393211e-04
4.333500e-04
4.273587e-04
4.213474e-04
4.153163e-04
4.092659e-04
4.031963e-04
3.971078e-04
3.910009e-04
3.848756e-04
3.787324e-04
3.725715e-04
3.663932e-04
3.601978e-04
3.539857e-04
3.477570e-04
3.415122e-04
3.352514e-04
3.289750e-04
3.226833e-04
3.163766e-04
3.100552e-04
3.037194e-04
2.973695e-04
2.910059e-04
2.846287e-04
2.782383e-04
2.718352e-04
2.654195e-04
2.589918e-04
2.525524e-04
2.461018e-04
2.396407e-04
2.331699e-04
2.266907e-04
2.202047e-04
2.137149e-04
2.072255e-04
2.007435e-04
1.942802e-04
1.878540e-04
1.814950e-04
1.752527e-04
1.692084e-04
1.634960e-04
1.583360e-04
1.540915e-04
1.513611e-04
1.511311e-04
1.550274e-04
1.657293e-04
1.876533e-04
2.280784e-04
2.989999e-04
4.201815e-04
6.241766e-04
9.645732e-04
1.529506e-03
2.463705e-03
4.004235e-03
6.537780e-03
1.069071e-02
1.746606e-02
2.843964e-02
4.600930e-02
7.363162e-02
1.158410e-01
1.776209e-01
2.625740e-01
3.698897e-01
4.918170e-01
6.147267e-01
7.245576e-01
8.126211e-01
8.772954e-01
9.217931e-01
9.510519e-01
9.697211e-01
9.814059e-01
9.886312e-01
9.930655e-01
9.957743e-01
9.974242e-01
9.984273e-01
9.990364e-01
9.994060e-01
9.996300e-01
9.997656e-01
9.998477e-01
9.998971e-01
9.999269e-01
9.999446e-01
9.999551e-01
9.999612e-01
9.999646e-01
9.999664e-01
9.999672e-01
9.999674e-01
9.999672e-01
9.999669e-01
9.999664e-01
9.999658e-01
9.999652e-01
9.999645e-01
9.999638e-01
9.999632e-01
9.999625e-01
9.999618e-01
9.999611e-01
9.999604e-01
9.999597e-01
9.999590e-01
9.999583e-01
9.999576e-01
9.999570e-01
9.999563e-01
9.999556e-01
9.999549e-01
9.999542e-01
9.999535e-01
9.999529e-01
9.999522e-01
9.999515e-01
9.999508e-01
9.999502e-01
9.999495e-01
9.999488e-01
9.999482e-01
9.999475e-01
9.999468e-01
9.999462e-01
9.999455e-01
9.999449e-01
9.999442e-01
9.999435e-01
9.999429e-01
9.999422e-01
9.999416e-01
9.999409e-01
9.999403e-01
9.999396e-01
9.999390e-01
9.999384e-01
9.999377e-01
9.999371e-01
9.999364e-01
9.999358e-01
9.999352e-01
9.999345e-01
9.999339e-01
9.999333e-01
9.999327e-01
9.999320e-01
9.999314e-01
9.999308e-01
9.999302e-01
9.999296e-01
9.999290e-01
9.999284e-01
9.999277e-01
9.999271e-01
9.999265e-01
9.999259e-01
9.999253e-01
9.999247e-01
9.999241e-01
9.999236e-01
9.999230e-01
9.999224e-01
9.999218e-01
9.999212e-01
9.999206e-01
9.999200e-01
9.999195e-01
9.999189e-01
9.999183e-01
9.999178e-01
9.999172e-01
9.999166e-01
9.999161e-01
9.999155e-01
9.999149e-01
9.999144e-01
9.999138e-01
9.999133e-01
9.999127e-01
9.999122e-01
9.999116e-01
9.999111e-01
9.999106e-01
9.999100e-01
9.999095e-01
9.999090e-01
9.999084e-01
9.999079e-01
9.999074e-01
9.999069e-01
9.999064e-01
9.999058e-01
9.999053e-01
9.999048e-01
9.999043e-01
9.999038e-01
9.999033e-01
9.999028e-01
9.999023e-01
9.999018e-01
9.999013e-01
9.999008e-01
9.999004e-01
9.998999e-01
9.998994e-01
9.998989e-01
9.998985e-01
9.998980e-01
9.998975e-01
9.998970e-01
9.998966e-01
9.998961e-01
9.998957e-01
9.998952e-01
9.998948e-01
9.998943e-01
9.998939e-01
9.998934e-01
9.998930e-01
9.998926e-01
9.998921e-01
9.998917e-01
9.998913e-01
9.998909e-01
9.998904e-01
9.998900e-01
9.998896e-01
9.998892e-01
9.998888e-01
9.998884e-01
9.998880e-01
9.998876e-01
9.998872e-01
9.998868e-01
9.998864e-01
9.998860e-01
9.998856e-01
9.998853e-01
9.998849e-01
9.998845e-01
9.998841e-01
9.998838e-01
9.998834e-01
9.998830e-01
9.998827e-01
9.998823e-01
9.998820e-01
9.998816e-01
9.998813e-01
9.998809e-01
9.998806e-01
9.998803e-01
9.998799e-01
9.998796e-01
9.998793e-01
9.998790e-01
9.998786e-01
9.998783e-01
9.998780e-01
9.998777e-01
9.998774e-01
9.998771e-01
9.998768e-01
9.998765e-01
9.998762e-01
9.998759e-01
9.998756e-01
9.998754e-01
9.998751e-01
9.998748e-01
9.998745e-01
9.998743e-01
9.998740e-01
9.998738e-01
9.998735e-01
9.998732e-01
9.998730e-01
9.998727e-01
9.998725e-01
9.998723e-01
9.998720e-01
9.998718e-01
9.998716e-01
9.998713e-01
9.998711e-01
9.998709e-01
9.998707e-01
9.998705e-01
9.998703e-01
9.998701e-01
9.998699e-01
9.998697e-01
9.998695e-01
9.998693e-01
9.998691e-01
9.998689e-01
9.998687e-01
9.998685e-01
9.998684e-01
9.998682e-01
9.998680e-01
9.998679e-01
9.998677e-01
9.998676e-01
9.998674e-01
9.998673e-01
9.998671e-01
9.998670e-01
9.998668e-01
9.998667e-01
9.998666e-01
9.998664e-01
9.998663e-01
9.998662e-01
9.998661e-01
9.998660e-01
9.998659e-01
9.998658e-01
9.998657e-01
9.998656e-01
9.998655e-01
9.998654e-01
9.998653e-01
9.998652e-01
9.998651e-01
9.998651e-01
9.998650e-01
9.998649e-01
9.998649e-01
9.998648e-01
9.998647e-01
9.998647e-01
9.998646e-01
9.998646e-01
9.998646e-01
9.998645e-01
9.998645e-01
9.998644e-01
9.998644e-01
9.998644e-01
9.998644e-01
9.998644e-01
9.998643e-01
9.998643e-01
9.998643e-01
9.998643e-01
9.998643e-01
9.998643e-01
9.998643e-01
9.998644e-01
9.998644e-01
9.998644e-01
9.998644e-01
9.998644e-01
9.998645e-01
9.998645e-01
9.998646e-01
9.998646e-01
9.998646e-01
9.998647e-01
9.998647e-01
9.998648e-01
9.998649e-01
9.998649e-01
9.998650e-01
9.998651e-01
9.998651e-01
9.998652e-01
9.998653e-01
9.998654e-01
9.998655e-01
9.998656e-01
9.998657e-01
9.998658e-01
9.998659e-01
9.998660e-01
9.998661e-01
9.998662e-01
9.998663e-01
9.998664e-01
9.998666e-01
9.998667e-01
9.998668e-01
9.998670e-01
9.998671e-01
9.998673e-01
9.998674e-01
9.998676e-01
9.998677e-01
9.998679e-01
9.998680e-01
9.998682e-01
9.998684e-01
9.998685e-01
9.998687e-01
9.998689e-01
9.998691e-01
9.998693e-01
9.998695e-01
9.998697e-01
9.998699e-01
9.998701e-01
9.998703e-01
9.998705e-01
9.998707e-01
9.998709e-01
9.998711e-01
9.998713e-01
9.998716e-01
9.998718e-01
9.998720e-01
9.998723e-01
9.998725e-01
9.998727e-01
9.998730e-01
9.998732e-01
9.998735e-01
9.998738e-01
9.998740e-01
9.998743e-01
9.998745e-01
9.998748e-01
9.998751e-01
9.998754e-01
9.998756e-01
9.998759e-01
9.998762e-01
9.998765e-01
9.998768e-01
9.998771e-01
9.998774e-01
9.998777e-01
9.998780e-01
9.998783e-01
9.998786e-01
9.998790e-01
9.998793e-01
9.998796e-01
9.998799e-01
9.998803e-01
9.998806e-01
9.998809e-01
9.998813e-01
9.998816e-01
9.998820e-01
9.998823e-01
9.998827e-01
9.998830e-01
9.998834e-01
9.998838e-01
9.998841e-01
9.998845e-01
9.998849e-01
9.998853e-01
9.998856e-01
9.998860e-01
9.998864e-01
9.998868e-01
9.998872e-01
9.998876e-01
9.998880e-01
9.998884e-01
9.998888e-01
9.998892e-01
9.998896e-01
9.998900e-01
9.998904e-01
9.998909e-01
9.998913e-01
9.998917e-01
9.998921e-01
9.998926e-01
9.998930e-01
9.998934e-01
9.998939e-01
9.998943e-01
9.998948e-01
9.998952e-01
9.998957e-01
9.998961e-01
9.998966e-01
9.998970e-01
9.998975e-01
9.998980e-01
9.998985e-01
9.998989e-01
9.998994e-01
9.998999e-01
9.999004e-01
9.999008e-01
9.999013e-01
9.999018e-01
9.999023e-01
9.999028e-01
9.999033e-01
9.999038e-01
9.999043e-01
9.999048e-01
9.999053e-01
9.999058e-01
9.999064e-01
9.999069e-01
9.999074e-01
9.999079e-01
9.999084e-01
9.999090e-01
9.999095e-01
9.999100e-01
9.999106e-01
9.999111e-01
9.999116e-01
9.999122e-01
9.999127e-01
9.999133e-01
9.999138e-01
9.999144e-01
9.999149e-01
9.999155e-01
9.999161e-01
9.999166e-01
9.999172e-01
9.999178e-01
9.999183e-01
9.999189e-01
9.999195e-01
9.999200e-01
9.999206e-01
9.999212e-01
9.999218e-01
9.999224e-01
9.999230e-01
9.999236e-01
9.999241e-01
9.999247e-01
9.999253e-01
9.999259e-01
9.999265e-01
9.999271e-01
9.999277e-01
9.999284e-01
9.999290e-01
9.999296e-01
9.999302e-01
9.999308e-01
9.999314e-01
9.999320e-01
9.999327e-01
9.999333e-01
9.999339e-01
9.999345e-01
9.999352e-01
9.999358e-01
9.999364e-01
9.999371e-01
9.999377e-01
9.999384e-01
9.999390e-01
9.999396e-01
9.999403e-01
9.999409e-01
9.999416e-01
9.999422e-01
9.999429e-01
9.999435e-01
9.999442e-01
9.999449e-01
9.999455e-01
9.999462e-01
9.999468e-01
9.999475e-01
9.999482e-01
9.999488e-01
9.999495e-01
9.999502e-01
9.999508e-01
9.999515e-01
9.999522e-01
9.999529e-01
9.999535e-01
9.999542e-01
9.999549e-01
9.999556e-01
9.999563e-01
9.999570e-01
9.999576e-01
9.999583e-01
9.999590e-01
9.999597e-01
9.999604e-01
9.999611e-01
9.999618e-01
9.999625e-01
9.999632e-01
9.999638e-01
9.999645e-01
9.999652e-01
9.999658e-01
9.999664e-01
9.999669e-01
9.999672e-01
9.999674e-01
9.999672e-01
9.999664e-01
9.999646e-01
9.999612e-01
9.999551e-01
9.999446e-01
9.999269e-01
9.998971e-01
9.998477e-01
9.997656e-01
9.996300e-01
9.994060e-01
9.990364e-01
9.984273e-01
9.974242e-01
9.957743e-01
9.930655e-01
9.886312e-01
9.814059e-01
9.697211e-01
9.510519e-01
9.217931e-01
8.772954e-01
8.126211e-01
7.245576e-01
6.147267e-01
4.918170e-01
3.698897e-01
2.625740e-01
1.776209e-01
1.158410e-01
7.363162e-02
4.600930e-02
2.843964e-02
1.746606e-02
1.069071e-02
6.537780e-03
4.004235e-03
2.463705e-03
1.529506e-03
9.645732e-04
6.241766e-04
4.201815e-04
2.989999e-04
2.280784e-04
1.876533e-04
1.657293e-04
1.550274e-04
1.511311e-04
1.513611e-04
1.540915e-04
1.583360e-04
1.634960e-04
1.692084e-04
1.752527e-04
1.814950e-04
1.878540e-04
1.942802e-04
2.007435e-04
2.072255e-04
2.137149e-04
2.202047e-04
2.266907e-04
2.331699e-04
2.396407e-04
2.461018e-04
2.525524e-04
2.589918e-04
2.654195e-04
2.718352e-04
2.782383e-04
2.846287e-04
2.910059e-04
2.973695e-04
3.037194e-04
3.100552e-04
3.163766e-04
3.226833e-04
3.289750e-04
3.352514e-04
3.415122e-04
3.477570e-04
3.539857e-04
3.601978e-04
3.663932e-04
3.725715e-04
3.787324e-04
3.848756e-04
3.910009e-04
3.971078e-04
4.031963e-04
4.092659e-04
4.153163e-04
4.213474e-04
4.273587e-04
4.333500e-04
4.393211e-04
4.452716e-04
4.512012e-04
4.571098e-04
4.629969e-04
4.688623e-04
4.747057e-04
4.805269e-04
4.863255e-04
4.921013e-04
4.978541e-04
5.035835e-04
5.092892e-04
5.149711e-04
5.206288e-04
5.262620e-04
5.318705e-04
5.374540e-04
5.430123e-04
5.485450e-04
5.540520e-04
5.595329e-04
5.649875e-04
5.704155e-04
5.758167e-04
5.811908e-04
5.865376e-04
5.918567e-04
5.971480e-04
6.024112e-04
6.076460e-04
6.128522e-04
6.180295e-04
6.231777e-04
6.282966e-04
6.333858e-04
6.384452e-04
6.434745e-04
6.484735e-04
6.534419e-04
6.583795e-04
6.632860e-04
6.681612e-04
6.730050e-04
6.778169e-04
6.825969e-04
6.873447e-04
6.920600e-04
6.967426e-04
7.013924e-04
7.060090e-04
7.105923e-04
7.151420e-04
7.196580e-04
7.241399e-04
7.285877e-04
7.330010e-04
7.373797e-04
7.417235e-04
7.460323e-04
7.503058e-04
7.545438e-04
7.587461e-04
7.629126e-04
7.670430e-04
7.711371e-04
7.751947e-04
7.792157e-04
7.831997e-04
7.871468e-04
7.910565e-04
7.949289e-04
7.987636e-04
8.025605e-04
8.063194e-04
8.100402e-04
8.137226e-04
8.173664e-04
8.209716e-04
8.245378e-04
8.280650e-04
8.315530e-04
8.350016e-04
8.384107e-04
8.417800e-04
8.451094e-04
8.483988e-04
8.516480e-04
8.548568e-04
8.580251e-04
8.611527e-04
8.642395e-04
8.672853e-04
8.702901e-04
8.732535e-04
8.761755e-04
8.790560e-04
8.818948e-04
8.846918e-04
8.874468e-04
8.901598e-04
8.928305e-04
8.954588e-04
8.980447e-04
9.005879e-04
9.030884e-04
9.055461e-04
9.079608e-04
9.103324e-04
9.126608e-04
9.149459e-04
9.171876e-04
9.193858e-04
9.215403e-04
9.236510e-04
9.257179e-04
9.277409e-04
9.297198e-04
9.316546e-04
9.335451e-04
9.353914e-04
9.371932e-04
9.389505e-04
9.406632e-04
9.423312e-04
9.439545e-04
9.455330e-04
9.470665e-04
9.485551e-04
9.499986e-04
9.513970e-04
9.527502e-04
9.540582e-04
9.553208e-04
9.565381e-04
9.577099e-04
9.588362e-04
9.599169e-04
9.609521e-04
9.619416e-04
9.628854e-04
9.637834e-04
9.646357e-04
9.654421e-04
9.662027e-04
9.669173e-04
9.675860e-04
9.682087e-04
9.687854e-04
9.693161e-04
9.698007e-04
9.702393e-04
9.706317e-04
9.709780e-04
9.712782e-04
9.715322e-04
9.717401e-04
9.719017e-04
9.720172e-04
9.720865e-04
