6.659943e-04
6.659785e-04
6.659311e-04
6.658521e-04
6.657414e-04
6.655992e-04
6.654253e-04
6.652199e-04
6.649829e-04
6.647144e-04
6.644143e-04
6.640826e-04
6.637194e-04
6.633248e-04
6.628986e-04
6.624410e-04
6.619519e-04
6.614314e-04
6.608795e-04
6.602963e-04
6.596817e-04
6.590358e-04
6.583586e-04
6.576502e-04
6.569106e-04
6.561398e-04
6.553378e-04
6.545048e-04
6.536407e-04
6.527455e-04
6.518194e-04
6.508624e-04
6.498745e-04
6.488557e-04
6.478062e-04
6.467259e-04
6.456149e-04
6.444733e-04
6.433011e-04
6.420984e-04
6.408653e-04
6.396017e-04
6.383078e-04
6.369836e-04
6.356292e-04
6.342446e-04
6.328300e-04
6.313853e-04
6.299107e-04
6.284062e-04
6.268719e-04
6.253079e-04
6.237142e-04
6.220909e-04
6.204382e-04
6.187560e-04
6.170445e-04
6.153037e-04
6.135338e-04
6.117347e-04
6.099067e-04
6.080497e-04
6.061639e-04
6.042494e-04
6.023063e-04
6.003345e-04
5.983344e-04
5.963059e-04
5.942491e-04
5.921641e-04
5.900511e-04
5.879101e-04
5.857413e-04
5.835447e-04
5.813205e-04
5.790687e-04
5.767895e-04
5.744830e-04
5.721493e-04
5.697884e-04
5.674006e-04
5.649859e-04
5.625445e-04
5.600764e-04
5.575817e-04
5.550607e-04
5.525134e-04
5.499400e-04
5.473405e-04
5.447151e-04
5.420639e-04
5.393871e-04
5.366847e-04
5.339569e-04
5.312039e-04
5.284257e-04
5.256225e-04
5.227945e-04
5.199417e-04
5.170644e-04
5.141625e-04
5.112364e-04
5.082861e-04
5.053117e-04
5.023134e-04
4.992914e-04
4.962458e-04
4.931768e-04
4.900844e-04
4.869688e-04
4.838302e-04
4.806688e-04
4.774847e-04
4.742780e-04
4.710488e-04
4.677975e-04
4.645240e-04
4.612286e-04
4.579114e-04
4.545726e-04
4.512123e-04
4.478307e-04
4.444280e-04
4.410043e-04
4.375597e-04
4.340946e-04
4.306089e-04
4.271029e-04
4.235768e-04
4.200307e-04
4.164647e-04
4.128792e-04
4.092741e-04
4.056498e-04
4.020063e-04
3.983439e-04
3.946627e-04
3.909629e-04
3.872446e-04
3.835082e-04
3.797536e-04
3.759812e-04
3.721910e-04
3.683834e-04
3.645583e-04
3.607162e-04
3.568570e-04
3.529810e-04
3.490884e-04
3.451794e-04
3.412542e-04
3.373129e-04
3.333557e-04
3.293829e-04
3.253946e-04
3.213909e-04
3.173722e-04
3.133386e-04
3.092902e-04
3.052273e-04
3.011500e-04
2.970587e-04
2.929533e-04
2.888342e-04
2.847016e-04
2.805556e-04
2.763964e-04
2.722243e-04
2.680394e-04
2.638420e-04
2.596321e-04
2.554101e-04
2.511762e-04
2.469305e-04
2.426732e-04
2.384045e-04
2.341247e-04
2.298339e-04
2.255324e-04
2.212204e-04
2.168980e-04
2.125654e-04
2.082230e-04
2.038708e-04
1.995091e-04
1.951382e-04
1.907582e-04
1.863693e-04
1.819719e-04
1.775662e-04
1.731526e-04
1.687314e-04
1.643032e-04
1.598688e-04
1.554293e-04
1.509864e-04
1.465429e-04
1.421030e-04
1.376738e-04
1.332666e-04
1.289002e-04
1.246050e-04
1.204314e-04
1.164622e-04
1.128337e-04
1.097704e-04
1.076425e-04
1.070599e-04
1.090278e-04
1.152034e-04
1.283181e-04
1.528742e-04
1.962923e-04
2.708019e-04
3.965531e-04
6.067362e-04
9.559879e-04
1.534166e-03
2.488822e-03
4.061618e-03
6.646660e-03
1.088213e-02
1.778940e-02
2.897155e-02
4.686402e-02
7.496789e-02
1.178533e-01
1.804935e-01
2.663807e-01
3.744664e-01
4.967166e-01
6.193613e-01
7.284570e-01
8.155933e-01
8.793960e-01
9.232006e-01
9.519622e-01
9.702969e-01
9.817657e-01
9.888548e-01
9.932045e-01
9.958612e-01
9.974793e-01
9.984631e-01
9.990606e-01
9.994231e-01
9.996428e-01
9.997760e-01
9.998565e-01
9.999051e-01
9.999344e-01
9.999519e-01
9.999623e-01
9.999684e-01
9.999719e-01
9.999737e-01
9.999746e-01
9.999750e-01
9.999749e-01
9.999747e-01
9.999743e-01
9.999739e-01
9.999734e-01
9.999729e-01
9.999723e-01
9.999718e-01
9.999712e-01
9.999707e-01
9.999701e-01
9.999695e-01
9.999690e-01
9.999684e-01
9.999679e-01
9.999673e-01
9.999667e-01
9.999662e-01
9.999656e-01
9.999651e-01
9.999645e-01
9.999640e-01
9.999634e-01
9.999629e-01
9.999623e-01
9.999618e-01
9.999612e-01
9.999607e-01
9.999601e-01
9.999596e-01
9.999590e-01
9.999585e-01
9.999580e-01
9.999574e-01
9.999569e-01
9.999564e-01
9.999558e-01
9.999553e-01
9.999548e-01
9.999542e-01
9.999537e-01
9.999532e-01
9.999527e-01
9.999521e-01
9.999516e-01
9.999511e-01
9.999506e-01
9.999500e-01
9.999495e-01
9.999490e-01
9.999485e-01
9.999480e-01
9.999475e-01
9.999470e-01
9.999465e-01
9.999460e-01
9.999455e-01
9.999449e-01
9.999444e-01
9.999439e-01
9.999435e-01
9.999430e-01
9.999425e-01
9.999420e-01
9.999415e-01
9.999410e-01
9.999405e-01
9.999400e-01
9.999395e-01
9.999391e-01
9.999386e-01
9.999381e-01
9.999376e-01
9.999371e-01
9.999367e-01
9.999362e-01
9.999357e-01
9.999353e-01
9.999348e-01
9.999343e-01
9.999339e-01
9.999334e-01
9.999330e-01
9.999325e-01
9.999320e-01
9.999316e-01
9.999311e-01
9.999307e-01
9.999302e-01
9.999298e-01
9.999294e-01
9.999289e-01
9.999285e-01
9.999280e-01
9.999276e-01
9.999272e-01
9.999268e-01
9.999263e-01
9.999259e-01
9.999255e-01
9.999251e-01
9.999246e-01
9.999242e-01
9.999238e-01
9.999234e-01
9.999230e-01
9.999226e-01
9.999222e-01
9.999218e-01
9.999214e-01
9.999210e-01
9.999206e-01
9.999202e-01
9.999198e-01
9.999194e-01
9.999190e-01
9.999186e-01
9.999182e-01
9.999179e-01
9.999175e-01
9.999171e-01
9.999167e-01
9.999164e-01
9.999160e-01
9.999156e-01
9.999153e-01
9.999149e-01
9.999145e-01
9.999142e-01
9.999138e-01
9.999135e-01
9.999131e-01
9.999128e-01
9.999124e-01
9.999121e-01
9.999118e-01
9.999114e-01
9.999111e-01
9.999108e-01
9.999104e-01
9.999101e-01
9.999098e-01
9.999095e-01
9.999091e-01
9.999088e-01
9.999085e-01
9.999082e-01
9.999079e-01
9.999076e-01
9.999073e-01
9.999070e-01
9.999067e-01
9.999064e-01
9.999061e-01
9.999058e-01
9.999055e-01
9.999052e-01
9.999049e-01
9.999047e-01
9.999044e-01
9.999041e-01
9.999038e-01
9.999036e-01
9.999033e-01
9.999030e-01
9.999028e-01
9.999025e-01
9.999023e-01
9.999020e-01
9.999018e-01
9.999015e-01
9.999013e-01
9.999010e-01
9.999008e-01
9.999005e-01
9.999003e-01
9.999001e-01
9.998999e-01
9.998996e-01
9.998994e-01
9.998992e-01
9.998990e-01
9.998988e-01
9.998985e-01
9.998983e-01
9.998981e-01
9.998979e-01
9.998977e-01
9.998975e-01
9.998973e-01
9.998971e-01
9.998970e-01
9.998968e-01
9.998966e-01
9.998964e-01
9.998962e-01
9.998961e-01
9.998959e-01
9.998957e-01
9.998956e-01
9.998954e-01
9.998952e-01
9.998951e-01
9.998949e-01
9.998948e-01
9.998946e-01
9.998945e-01
9.998943e-01
9.998942e-01
9.998941e-01
9.998939e-01
9.998938e-01
9.998937e-01
9.998935e-01
9.998934e-01
9.998933e-01
9.998932e-01
9.998931e-01
9.998930e-01
9.998929e-01
9.998928e-01
9.998927e-01
9.998926e-01
9.998925e-01
9.998924e-01
9.998923e-01
9.998922e-01
9.998921e-01
9.998920e-01
9.998920e-01
9.998919e-01
9.998918e-01
9.998917e-01
9.998917e-01
9.998916e-01
9.998916e-01
9.998915e-01
9.998914e-01
9.998914e-01
9.998914e-01
9.998913e-01
9.998913e-01
9.998912e-01
9.998912e-01
9.998912e-01
9.998911e-01
9.998911e-01
9.998911e-01
9.998911e-01
9.998911e-01
9.998910e-01
9.998910e-01
9.998910e-01
9.998910e-01
9.998910e-01
9.998910e-01
9.998910e-01
9.998910e-01
9.998910e-01
9.998911e-01
9.998911e-01
9.998911e-01
9.998911e-01
9.998911e-01
9.998912e-01
9.998912e-01
9.998912e-01
9.998913e-01
9.998913e-01
9.998914e-01
9.998914e-01
9.998914e-01
9.998915e-01
9.998916e-01
9.998916e-01
9.998917e-01
9.998917e-01
9.998918e-01
9.998919e-01
9.998920e-01
9.998920e-01
9.998921e-01
9.998922e-01
9.998923e-01
9.998924e-01
9.998925e-01
9.998926e-01
9.998927e-01
9.998928e-01
9.998929e-01
9.998930e-01
9.998931e-01
9.998932e-01
9.998933e-01
9.998934e-01
9.998935e-01
9.998937e-01
9.998938e-01
9.998939e-01
9.998941e-01
9.998942e-01
9.998943e-01
9.998945e-01
9.998946e-01
9.998948e-01
9.998949e-01
9.998951e-01
9.998952e-01
9.998954e-01
9.998956e-01
9.998957e-01
9.998959e-01
9.998961e-01
9.998962e-01
9.998964e-01
9.998966e-01
9.998968e-01
9.998970e-01
9.998971e-01
9.998973e-01
9.998975e-01
9.998977e-01
9.998979e-01
9.998981e-01
9.998983e-01
9.998985e-01
9.998988e-01
9.998990e-01
9.998992e-01
9.998994e-01
9.998996e-01
9.998999e-01
9.999001e-01
9.999003e-01
9.999005e-01
9.999008e-01
9.999010e-01
9.999013e-01
9.999015e-01
9.999018e-01
9.999020e-01
9.999023e-01
9.999025e-01
9.999028e-01
9.999030e-01
9.999033e-01
9.999036e-01
9.999038e-01
9.999041e-01
9.999044e-01
9.999047e-01
9.999049e-01
9.999052e-01
9.999055e-01
9.999058e-01
9.999061e-01
9.999064e-01
9.999067e-01
9.999070e-01
9.999073e-01
9.999076e-01
9.999079e-01
9.999082e-01
9.999085e-01
9.999088e-01
9.999091e-01
9.999095e-01
9.999098e-01
9.999101e-01
9.999104e-01
9.999108e-01
9.999111e-01
9.999114e-01
9.999118e-01
9.999121e-01
9.999124e-01
9.999128e-01
9.999131e-01
9.999135e-01
9.999138e-01
9.999142e-01
9.999145e-01
9.999149e-01
9.999153e-01
9.999156e-01
9.999160e-01
9.999164e-01
9.999167e-01
9.999171e-01
9.999175e-01
9.999179e-01
9.999182e-01
9.999186e-01
9.999190e-01
9.999194e-01
9.999198e-01
9.999202e-01
9.999206e-01
9.999210e-01
9.999214e-01
9.999218e-01
9.999222e-01
9.999226e-01
9.999230e-01
9.999234e-01
9.999238e-01
9.999242e-01
9.999246e-01
9.999251e-01
9.999255e-01
9.999259e-01
9.999263e-01
9.999268e-01
9.999272e-01
9.999276e-01
9.999280e-01
9.999285e-01
9.999289e-01
9.999294e-01
9.999298e-01
9.999302e-01
9.999307e-01
9.999311e-01
9.999316e-01
9.999320e-01
9.999325e-01
9.999330e-01
9.999334e-01
9.999339e-01
9.999343e-01
9.999348e-01
9.999353e-01
9.999357e-01
9.999362e-01
9.999367e-01
9.999371e-01
9.999376e-01
9.999381e-01
9.999386e-01
9.999391e-01
9.999395e-01
9.999400e-01
9.999405e-01
9.999410e-01
9.999415e-01
9.999420e-01
9.999425e-01
9.999430e-01
9.999435e-01
9.999439e-01
9.999444e-01
9.999449e-01
9.999455e-01
9.999460e-01
9.999465e-01
9.999470e-01
9.999475e-01
9.999480e-01
9.999485e-01
9.999490e-01
9.999495e-01
9.999500e-01
9.999506e-01
9.999511e-01
9.999516e-01
9.999521e-01
9.999527e-01
9.999532e-01
9.999537e-01
9.999542e-01
9.999548e-01
9.999553e-01
9.999558e-01
9.999564e-01
9.999569e-01
9.999574e-01
9.999580e-01
9.999585e-01
9.999590e-01
9.999596e-01
9.999601e-01
9.999607e-01
9.999612e-01
9.999618e-01
9.999623e-01
9.999629e-01
9.999634e-01
9.999640e-01
9.999645e-01
9.999651e-01
9.999656e-01
9.999662e-01
9.999667e-01
9.999673e-01
9.999679e-01
9.999684e-01
9.999690e-01
9.999695e-01
9.999701e-01
9.999707e-01
9.999712e-01
9.999718e-01
9.999723e-01
9.999729e-01
9.999734e-01
9.999739e-01
9.999743e-01
9.999747e-01
9.999749e-01
9.999750e-01
9.999746e-01
9.999737e-01
9.999719e-01
9.999684e-01
9.999623e-01
9.999519e-01
9.999344e-01
9.999051e-01
9.998565e-01
9.997760e-01
9.996428e-01
9.994231e-01
9.990606e-01
9.984631e-01
9.974793e-01
9.958612e-01
9.932045e-01
9.888548e-01
9.817657e-01
9.702969e-01
9.519622e-01
9.232006e-01
8.793960e-01
8.155933e-01
7.284570e-01
6.193613e-01
4.967166e-01
3.744664e-01
2.663807e-01
1.804935e-01
1.178533e-01
7.496789e-02
4.686402e-02
2.897155e-02
1.778940e-02
1.088213e-02
6.646660e-03
4.061618e-03
2.488822e-03
1.534166e-03
9.559879e-04
6.067362e-04
3.965531e-04
2.708019e-04
1.962923e-04
1.528742e-04
1.283181e-04
1.152034e-04
1.090278e-04
1.070599e-04
1.076425e-04
1.097704e-04
1.128337e-04
1.164622e-04
1.204314e-04
1.246050e-04
1.289002e-04
1.332666e-04
1.376738e-04
1.421030e-04
1.465429e-04
1.509864e-04
1.554293e-04
1.598688e-04
1.643032e-04
1.687314e-04
1.731526e-04
1.775662e-04
1.819719e-04
1.863693e-04
1.907582e-04
1.951382e-04
1.995091e-04
2.038708e-04
2.082230e-04
2.125654e-04
2.168980e-04
2.212204e-04
2.255324e-04
2.298339e-04
2.341247e-04
2.384045e-04
2.426732e-04
2.469305e-04
2.511762e-04
2.554101e-04
2.596321e-04
2.638420e-04
2.680394e-04
2.722243e-04
2.763964e-04
2.805556e-04
2.847016e-04
2.888342e-04
2.929533e-04
2.970587e-04
3.011500e-04
3.052273e-04
3.092902e-04
3.133386e-04
3.173722e-04
3.213909e-04
3.253946e-04
3.293829e-04
3.333557e-04
3.373129e-04
3.412542e-04
3.451794e-04
3.490884e-04
3.529810e-04
3.568570e-04
3.607162e-04
3.645583e-04
3.683834e-04
3.721910e-04
3.759812e-04
3.797536e-04
3.835082e-04
3.872446e-04
3.909629e-04
3.946627e-04
3.983439e-04
4.020063e-04
4.056498e-04
4.092741e-04
4.128792e-04
4.164647e-04
4.200307e-04
4.235768e-04
4.271029e-04
4.306089e-04
4.340946e-04
4.375597e-04
4.410043e-04
4.444280e-04
4.478307e-04
4.512123e-04
4.545726e-04
4.579114e-04
4.612286e-04
4.645240e-04
4.677975e-04
4.710488e-04
4.742780e-04
4.774847e-04
4.806688e-04
4.838302e-04
4.869688e-04
4.900844e-04
4.931768e-04
4.962458e-04
4.992914e-04
5.023134e-04
5.053117e-04
5.082861e-04
5.112364e-04
5.141625e-04
5.170644e-04
5.199417e-04
5.227945e-04
5.256225e-04
5.284257e-04
5.312039e-04
5.339569e-04
5.366847e-04
5.393871e-04
5.420639e-04
5.447151e-04
5.473405e-04
5.499400e-04
5.525134e-04
5.550607e-04
5.575817e-04
5.600764e-04
5.625445e-04
5.649859e-04
5.674006e-04
5.697884e-04
5.721493e-04
5.744830e-04
5.767895e-04
5.790687e-04
5.813205e-04
5.835447e-04
5.857413e-04
5.879101e-04
5.900511e-04
5.921641e-04
5.942491e-04
5.963059e-04
5.983344e-04
6.003345e-04
6.023063e-04
6.042494e-04
6.061639e-04
6.080497e-04
6.099067e-04
6.117347e-04
6.135338e-04
6.153037e-04
6.170445e-04
6.187560e-04
6.204382e-04
6.220909e-04
6.237142e-04
6.253079e-04
6.268719e-04
6.284062e-04
6.299107e-04
6.313853e-04
6.328300e-04
6.342446e-04
6.356292e-04
6.369836e-04
6.383078e-04
6.396017e-04
6.408653e-04
6.420984e-04
6.433011e-04
6.444733e-04
6.456149e-04
6.467259e-04
6.478062e-04
6.488557e-04
6.498745e-04
6.508624e-04
6.518194e-04
6.527455e-04
6.536407e-04
6.545048e-04
6.553378e-04
6.561398e-04
6.569106e-04
6.576502e-04
6.583586e-04
6.590358e-04
6.596817e-04
6.602963e-04
6.608795e-04
6.614314e-04
6.619519e-04
6.624410e-04
6.628986e-04
6.633248e-04
6.637194e-04
6.640826e-04
6.644143e-04
6.647144e-04
6.649829e-04
6.652199e-04
6.654253e-04
6.655992e-04
6.657414e-04
6.658521e-04
6.659311e-04
6.659785e-04
