8.046516e-04
8.046325e-04
8.045752e-04
8.044796e-04
8.043459e-04
8.041740e-04
8.039638e-04
8.037155e-04
8.034290e-04
8.031044e-04
8.027416e-04
8.023407e-04
8.019017e-04
8.014246e-04
8.009094e-04
8.003562e-04
7.997651e-04
7.991359e-04
7.984688e-04
7.977637e-04
7.970208e-04
7.962400e-04
7.954214e-04
7.945651e-04
7.936710e-04
7.927393e-04
7.917699e-04
7.907629e-04
7.897183e-04
7.886363e-04
7.875168e-04
7.863600e-04
7.851658e-04
7.839343e-04
7.826656e-04
7.813598e-04
7.800168e-04
7.786369e-04
7.772200e-04
7.757662e-04
7.742756e-04
7.727482e-04
7.711841e-04
7.695835e-04
7.679463e-04
7.662727e-04
7.645628e-04
7.628165e-04
7.610341e-04
7.592155e-04
7.573609e-04
7.554704e-04
7.535441e-04
7.515820e-04
7.495842e-04
7.475509e-04
7.454822e-04
7.433780e-04
7.412386e-04
7.390641e-04
7.368545e-04
7.346100e-04
7.323306e-04
7.300165e-04
7.276678e-04
7.252846e-04
7.228671e-04
7.204152e-04
7.179292e-04
7.154092e-04
7.128552e-04
7.102675e-04
7.076461e-04
7.049912e-04
7.023028e-04
6.995812e-04
6.968264e-04
6.940387e-04
6.912180e-04
6.883646e-04
6.854786e-04
6.825601e-04
6.796093e-04
6.766263e-04
6.736113e-04
6.705644e-04
6.674857e-04
6.643754e-04
6.612337e-04
6.580607e-04
6.548565e-04
6.516213e-04
6.483553e-04
6.450586e-04
6.417314e-04
6.383738e-04
6.349860e-04
6.315682e-04
6.281205e-04
6.246431e-04
6.211362e-04
6.175998e-04
6.140343e-04
6.104398e-04
6.068163e-04
6.031642e-04
5.994836e-04
5.957747e-04
5.920376e-04
5.882725e-04
5.844796e-04
5.806591e-04
5.768112e-04
5.729360e-04
5.690338e-04
5.651047e-04
5.611489e-04
5.571667e-04
5.531581e-04
5.491234e-04
5.450628e-04
5.409765e-04
5.368646e-04
5.327274e-04
5.285651e-04
5.243778e-04
5.201658e-04
5.159293e-04
5.116685e-04
5.073835e-04
5.030746e-04
4.987420e-04
4.943859e-04
4.900065e-04
4.856040e-04
4.811787e-04
4.767306e-04
4.722602e-04
4.677674e-04
4.632527e-04
4.587162e-04
4.541580e-04
4.495785e-04
4.449778e-04
4.403562e-04
4.357139e-04
4.310511e-04
4.263680e-04
4.216649e-04
4.169420e-04
4.121994e-04
4.074375e-04
4.026565e-04
3.978565e-04
3.930379e-04
3.882008e-04
3.833455e-04
3.784721e-04
3.735811e-04
3.686725e-04
3.637466e-04
3.588036e-04
3.538438e-04
3.488675e-04
3.438748e-04
3.388660e-04
3.338413e-04
3.288009e-04
3.237452e-04
3.186743e-04
3.135886e-04
3.084881e-04
3.033732e-04
2.982442e-04
2.931012e-04
2.879445e-04
2.827743e-04
2.775910e-04
2.723947e-04
2.671856e-04
2.619642e-04
2.567305e-04
2.514848e-04
2.462275e-04
2.409587e-04
2.356787e-04
2.303878e-04
2.250862e-04
2.197743e-04
2.144523e-04
2.091207e-04
2.037800e-04
1.984306e-04
1.930734e-04
1.877097e-04
1.823410e-04
1.769702e-04
1.716016e-04
1.662422e-04
1.609033e-04
1.556034e-04
1.503730e-04
1.452619e-04
1.403524e-04
1.357795e-04
1.317661e-04
1.286790e-04
1.271231e-04
1.280951e-04
1.332379e-04
1.452594e-04
1.686230e-04
2.106853e-04
2.835697e-04
4.072516e-04
6.146327e-04
9.598754e-04
1.532058e-03
2.477453e-03
4.035645e-03
6.597378e-03
1.079549e-02
1.764307e-02
2.873086e-02
4.647732e-02
7.436350e-02
1.169435e-01
1.791957e-01
2.646624e-01
3.724029e-01
4.945105e-01
6.172772e-01
7.267056e-01
8.142596e-01
8.784540e-01
9.225698e-01
9.515543e-01
9.700389e-01
9.816045e-01
9.887546e-01
9.931422e-01
9.958222e-01
9.974546e-01
9.984470e-01
9.990497e-01
9.994154e-01
9.996370e-01
9.997713e-01
9.998524e-01
9.999014e-01
9.999309e-01
9.999485e-01
9.999590e-01
9.999651e-01
9.999685e-01
9.999703e-01
9.999712e-01
9.999715e-01
9.999714e-01
9.999711e-01
9.999706e-01
9.999701e-01
9.999696e-01
9.999690e-01
9.999684e-01
9.999678e-01
9.999671e-01
9.999665e-01
9.999659e-01
9.999653e-01
9.999647e-01
9.999640e-01
9.999634e-01
9.999628e-01
9.999622e-01
9.999616e-01
9.999609e-01
9.999603e-01
9.999597e-01
9.999591e-01
9.999585e-01
9.999579e-01
9.999573e-01
9.999566e-01
9.999560e-01
9.999554e-01
9.999548e-01
9.999542e-01
9.999536e-01
9.999530e-01
9.999524e-01
9.999518e-01
9.999512e-01
9.999506e-01
9.999501e-01
9.999495e-01
9.999489e-01
9.999483e-01
9.999477e-01
9.999471e-01
9.999465e-01
9.999460e-01
9.999454e-01
9.999448e-01
9.999442e-01
9.999436e-01
9.999431e-01
9.999425e-01
9.999419e-01
9.999414e-01
9.999408e-01
9.999402e-01
9.999397e-01
9.999391e-01
9.999385e-01
9.999380e-01
9.999374e-01
9.999369e-01
9.999363e-01
9.999358e-01
9.999352e-01
9.999347e-01
9.999341e-01
9.999336e-01
9.999331e-01
9.999325e-01
9.999320e-01
9.999315e-01
9.999309e-01
9.999304e-01
9.999299e-01
9.999293e-01
9.999288e-01
9.999283e-01
9.999278e-01
9.999273e-01
9.999267e-01
9.999262e-01
9.999257e-01
9.999252e-01
9.999247e-01
9.999242e-01
9.999237e-01
9.999232e-01
9.999227e-01
9.999222e-01
9.999217e-01
9.999212e-01
9.999207e-01
9.999202e-01
9.999198e-01
9.999193e-01
9.999188e-01
9.999183e-01
9.999178e-01
9.999174e-01
9.999169e-01
9.999164e-01
9.999160e-01
9.999155e-01
9.999150e-01
9.999146e-01
9.999141e-01
9.999137e-01
9.999132e-01
9.999128e-01
9.999123e-01
9.999119e-01
9.999114e-01
9.999110e-01
9.999106e-01
9.999101e-01
9.999097e-01
9.999093e-01
9.999088e-01
9.999084e-01
9.999080e-01
9.999076e-01
9.999072e-01
9.999068e-01
9.999063e-01
9.999059e-01
9.999055e-01
9.999051e-01
9.999047e-01
9.999043e-01
9.999039e-01
9.999035e-01
9.999032e-01
9.999028e-01
9.999024e-01
9.999020e-01
9.999016e-01
9.999012e-01
9.999009e-01
9.999005e-01
9.999001e-01
9.998998e-01
9.998994e-01
9.998991e-01
9.998987e-01
9.998983e-01
9.998980e-01
9.998976e-01
9.998973e-01
9.998970e-01
9.998966e-01
9.998963e-01
9.998960e-01
9.998956e-01
9.998953e-01
9.998950e-01
9.998947e-01
9.998943e-01
9.998940e-01
9.998937e-01
9.998934e-01
9.998931e-01
9.998928e-01
9.998925e-01
9.998922e-01
9.998919e-01
9.998916e-01
9.998913e-01
9.998910e-01
9.998907e-01
9.998905e-01
9.998902e-01
9.998899e-01
9.998896e-01
9.998894e-01
9.998891e-01
9.998889e-01
9.998886e-01
9.998883e-01
9.998881e-01
9.998878e-01
9.998876e-01
9.998873e-01
9.998871e-01
9.998869e-01
9.998866e-01
9.998864e-01
9.998862e-01
9.998860e-01
9.998857e-01
9.998855e-01
9.998853e-01
9.998851e-01
9.998849e-01
9.998847e-01
9.998845e-01
9.998843e-01
9.998841e-01
9.998839e-01
9.998837e-01
9.998835e-01
9.998833e-01
9.998832e-01
9.998830e-01
9.998828e-01
9.998826e-01
9.998825e-01
9.998823e-01
9.998821e-01
9.998820e-01
9.998818e-01
9.998817e-01
9.998815e-01
9.998814e-01
9.998813e-01
9.998811e-01
9.998810e-01
9.998809e-01
9.998807e-01
9.998806e-01
9.998805e-01
9.998804e-01
9.998802e-01
9.998801e-01
9.998800e-01
9.998799e-01
9.998798e-01
9.998797e-01
9.998796e-01
9.998795e-01
9.998794e-01
9.998794e-01
9.998793e-01
9.998792e-01
9.998791e-01
9.998791e-01
9.998790e-01
9.998789e-01
9.998789e-01
9.998788e-01
9.998788e-01
9.998787e-01
9.998787e-01
9.998786e-01
9.998786e-01
9.998785e-01
9.998785e-01
9.998785e-01
9.998784e-01
9.998784e-01
9.998784e-01
9.998784e-01
9.998784e-01
9.998783e-01
9.998783e-01
9.998783e-01
9.998783e-01
9.998783e-01
9.998783e-01
9.998783e-01
9.998784e-01
9.998784e-01
9.998784e-01
9.998784e-01
9.998784e-01
9.998785e-01
9.998785e-01
9.998785e-01
9.998786e-01
9.998786e-01
9.998787e-01
9.998787e-01
9.998788e-01
9.998788e-01
9.998789e-01
9.998789e-01
9.998790e-01
9.998791e-01
9.998791e-01
9.998792e-01
9.998793e-01
9.998794e-01
9.998794e-01
9.998795e-01
9.998796e-01
9.998797e-01
9.998798e-01
9.998799e-01
9.998800e-01
9.998801e-01
9.998802e-01
9.998804e-01
9.998805e-01
9.998806e-01
9.998807e-01
9.998809e-01
9.998810e-01
9.998811e-01
9.998813e-01
9.998814e-01
9.998815e-01
9.998817e-01
9.998818e-01
9.998820e-01
9.998821e-01
9.998823e-01
9.998825e-01
9.998826e-01
9.998828e-01
9.998830e-01
9.998832e-01
9.998833e-01
9.998835e-01
9.998837e-01
9.998839e-01
9.998841e-01
9.998843e-01
9.998845e-01
9.998847e-01
9.998849e-01
9.998851e-01
9.998853e-01
9.998855e-01
9.998857e-01
9.998860e-01
9.998862e-01
9.998864e-01
9.998866e-01
9.998869e-01
9.998871e-01
9.998873e-01
9.998876e-01
9.998878e-01
9.998881e-01
9.998883e-01
9.998886e-01
9.998889e-01
9.998891e-01
9.998894e-01
9.998896e-01
9.998899e-01
9.998902e-01
9.998905e-01
9.998907e-01
9.998910e-01
9.998913e-01
9.998916e-01
9.998919e-01
9.998922e-01
9.998925e-01
9.998928e-01
9.998931e-01
9.998934e-01
9.998937e-01
9.998940e-01
9.998943e-01
9.998947e-01
9.998950e-01
9.998953e-01
9.998956e-01
9.998960e-01
9.998963e-01
9.998966e-01
9.998970e-01
9.998973e-01
9.998976e-01
9.998980e-01
9.998983e-01
9.998987e-01
9.998991e-01
9.998994e-01
9.998998e-01
9.999001e-01
9.999005e-01
9.999009e-01
9.999012e-01
9.999016e-01
9.999020e-01
9.999024e-01
9.999028e-01
9.999032e-01
9.999035e-01
9.999039e-01
9.999043e-01
9.999047e-01
9.999051e-01
9.999055e-01
9.999059e-01
9.999063e-01
9.999068e-01
9.999072e-01
9.999076e-01
9.999080e-01
9.999084e-01
9.999088e-01
9.999093e-01
9.999097e-01
9.999101e-01
9.999106e-01
9.999110e-01
9.999114e-01
9.999119e-01
9.999123e-01
9.999128e-01
9.999132e-01
9.999137e-01
9.999141e-01
9.999146e-01
9.999150e-01
9.999155e-01
9.999160e-01
9.999164e-01
9.999169e-01
9.999174e-01
9.999178e-01
9.999183e-01
9.999188e-01
9.999193e-01
9.999198e-01
9.999202e-01
9.999207e-01
9.999212e-01
9.999217e-01
9.999222e-01
9.999227e-01
9.999232e-01
9.999237e-01
9.999242e-01
9.999247e-01
9.999252e-01
9.999257e-01
9.999262e-01
9.999267e-01
9.999273e-01
9.999278e-01
9.999283e-01
9.999288e-01
9.999293e-01
9.999299e-01
9.999304e-01
9.999309e-01
9.999315e-01
9.999320e-01
9.999325e-01
9.999331e-01
9.999336e-01
9.999341e-01
9.999347e-01
9.999352e-01
9.999358e-01
9.999363e-01
9.999369e-01
9.999374e-01
9.999380e-01
9.999385e-01
9.999391e-01
9.999397e-01
9.999402e-01
9.999408e-01
9.999414e-01
9.999419e-01
9.999425e-01
9.999431e-01
9.999436e-01
9.999442e-01
9.999448e-01
9.999454e-01
9.999460e-01
9.999465e-01
9.999471e-01
9.999477e-01
9.999483e-01
9.999489e-01
9.999495e-01
9.999501e-01
9.999506e-01
9.999512e-01
9.999518e-01
9.999524e-01
9.999530e-01
9.999536e-01
9.999542e-01
9.999548e-01
9.999554e-01
9.999560e-01
9.999566e-01
9.999573e-01
9.999579e-01
9.999585e-01
9.999591e-01
9.999597e-01
9.999603e-01
9.999609e-01
9.999616e-01
9.999622e-01
9.999628e-01
9.999634e-01
9.999640e-01
9.999647e-01
9.999653e-01
9.999659e-01
9.999665e-01
9.999671e-01
9.999678e-01
9.999684e-01
9.999690e-01
9.999696e-01
9.999701e-01
9.999706e-01
9.999711e-01
9.999714e-01
9.999715e-01
9.999712e-01
9.999703e-01
9.999685e-01
9.999651e-01
9.999590e-01
9.999485e-01
9.999309e-01
9.999014e-01
9.998524e-01
9.997713e-01
9.996370e-01
9.994154e-01
9.990497e-01
9.984470e-01
9.974546e-01
9.958222e-01
9.931422e-01
9.887546e-01
9.816045e-01
9.700389e-01
9.515543e-01
9.225698e-01
8.784540e-01
8.142596e-01
7.267056e-01
6.172772e-01
4.945105e-01
3.724029e-01
2.646624e-01
1.791957e-01
1.169435e-01
7.436350e-02
4.647732e-02
2.873086e-02
1.764307e-02
1.079549e-02
6.597378e-03
4.035645e-03
2.477453e-03
1.532058e-03
9.598754e-04
6.146327e-04
4.072516e-04
2.835697e-04
2.106853e-04
1.686230e-04
1.452594e-04
1.332379e-04
1.280951e-04
1.271231e-04
1.286790e-04
1.317661e-04
1.357795e-04
1.403524e-04
1.452619e-04
1.503730e-04
1.556034e-04
1.609033e-04
1.662422e-04
1.716016e-04
1.769702e-04
1.823410e-04
1.877097e-04
1.930734e-04
1.984306e-04
2.037800e-04
2.091207e-04
2.144523e-04
2.197743e-04
2.250862e-04
2.303878e-04
2.356787e-04
2.409587e-04
2.462275e-04
2.514848e-04
2.567305e-04
2.619642e-04
2.671856e-04
2.723947e-04
2.775910e-04
2.827743e-04
2.879445e-04
2.931012e-04
2.982442e-04
3.033732e-04
3.084881e-04
3.135886e-04
3.186743e-04
3.237452e-04
3.288009e-04
3.338413e-04
3.388660e-04
3.438748e-04
3.488675e-04
3.538438e-04
3.588036e-04
3.637466e-04
3.686725e-04
3.735811e-04
3.784721e-04
3.833455e-04
3.882008e-04
3.930379e-04
3.978565e-04
4.026565e-04
4.074375e-04
4.121994e-04
4.169420e-04
4.216649e-04
4.263680e-04
4.310511e-04
4.357139e-04
4.403562e-04
4.449778e-04
4.495785e-04
4.541580e-04
4.587162e-04
4.632527e-04
4.677674e-04
4.722602e-04
4.767306e-04
4.811787e-04
4.856040e-04
4.900065e-04
4.943859e-04
4.987420e-04
5.030746e-04
5.073835e-04
5.116685e-04
5.159293e-04
5.201658e-04
5.243778e-04
5.285651e-04
5.327274e-04
5.368646e-04
5.409765e-04
5.450628e-04
5.491234e-04
5.531581e-04
5.571667e-04
5.611489e-04
5.651047e-04
5.690338e-04
5.729360e-04
5.768112e-04
5.806591e-04
5.844796e-04
5.882725e-04
5.920376e-04
5.957747e-04
5.994836e-04
6.031642e-04
6.068163e-04
6.104398e-04
6.140343e-04
6.175998e-04
6.211362e-04
6.246431e-04
6.281205e-04
6.315682e-04
6.349860e-04
6.383738e-04
6.417314e-04
6.450586e-04
6.483553e-04
6.516213e-04
6.548565e-04
6.580607e-04
6.612337e-04
6.643754e-04
6.674857e-04
6.705644e-04
6.736113e-04
6.766263e-04
6.796093e-04
6.825601e-04
6.854786e-04
6.883646e-04
6.912180e-04
6.940387e-04
6.968264e-04
6.995812e-04
7.023028e-04
7.049912e-04
7.076461e-04
7.102675e-04
7.128552e-04
7.154092e-04
7.179292e-04
7.204152e-04
7.228671e-04
7.252846e-04
7.276678e-04
7.300165e-04
7.323306e-04
7.346100e-04
7.368545e-04
7.390641e-04
7.412386e-04
7.433780e-04
7.454822e-04
7.475509e-04
7.495842e-04
7.515820e-04
7.535441e-04
7.554704e-04
7.573609e-04
7.592155e-04
7.610341e-04
7.628165e-04
7.645628e-04
7.662727e-04
7.679463e-04
7.695835e-04
7.711841e-04
7.727482e-04
7.742756e-04
7.757662e-04
7.772200e-04
7.786369e-04
7.800168e-04
7.813598e-04
7.826656e-04
7.839343e-04
7.851658e-04
7.863600e-04
7.875168e-04
7.886363e-04
7.897183e-04
7.907629e-04
7.917699e-04
7.927393e-04
7.936710e-04
7.945651e-04
7.954214e-04
7.962400e-04
7.970208e-04
7.977637e-04
7.984688e-04
7.991359e-04
7.997651e-04
8.003562e-04
8.009094e-04
8.014246e-04
8.019017e-04
8.023407e-04
8.027416e-04
8.031044e-04
8.034290e-04
8.037155e-04
8.039638e-04
8.041740e-04
8.043459e-04
8.044796e-04
8.045752e-04
8.046325e-04
