1.328954e-02
1.328922e-02
1.328824e-02
1.328660e-02
1.328432e-02
1.328138e-02
1.327778e-02
1.327354e-02
1.326864e-02
1.326309e-02
1.325689e-02
1.325004e-02
1.324253e-02
1.323438e-02
1.322557e-02
1.321612e-02
1.320602e-02
1.319527e-02
1.318387e-02
1.317183e-02
1.315913e-02
1.314580e-02
1.313182e-02
1.311719e-02
1.310193e-02
1.308602e-02
1.306947e-02
1.305229e-02
1.303446e-02
1.301600e-02
1.299690e-02
1.297716e-02
1.295679e-02
1.293579e-02
1.291416e-02
1.289190e-02
1.286901e-02
1.284549e-02
1.282135e-02
1.279658e-02
1.277120e-02
1.274519e-02
1.271856e-02
1.269131e-02
1.266345e-02
1.263498e-02
1.260589e-02
1.257619e-02
1.254588e-02
1.251497e-02
1.248345e-02
1.245133e-02
1.241860e-02
1.238528e-02
1.235136e-02
1.231685e-02
1.228175e-02
1.224605e-02
1.220977e-02
1.217289e-02
1.213544e-02
1.209740e-02
1.205879e-02
1.201960e-02
1.197983e-02
1.193949e-02
1.189859e-02
1.185711e-02
1.181507e-02
1.177247e-02
1.172931e-02
1.168559e-02
1.164132e-02
1.159650e-02
1.155113e-02
1.150521e-02
1.145875e-02
1.141175e-02
1.136421e-02
1.131613e-02
1.126753e-02
1.121839e-02
1.116873e-02
1.111855e-02
1.106784e-02
1.101662e-02
1.096488e-02
1.091263e-02
1.085988e-02
1.080662e-02
1.075286e-02
1.069860e-02
1.064384e-02
1.058859e-02
1.053285e-02
1.047663e-02
1.041992e-02
1.036274e-02
1.030508e-02
1.024694e-02
1.018834e-02
1.012927e-02
1.006974e-02
1.000975e-02
9.949300e-03
9.888401e-03
9.827054e-03
9.765261e-03
9.703027e-03
9.640355e-03
9.577248e-03
9.513710e-03
9.449744e-03
9.385355e-03
9.320546e-03
9.255319e-03
9.189680e-03
9.123632e-03
9.057178e-03
8.990322e-03
8.923068e-03
8.855420e-03
8.787380e-03
8.718954e-03
8.650145e-03
8.580956e-03
8.511392e-03
8.441455e-03
8.371151e-03
8.300483e-03
8.229454e-03
8.158069e-03
8.086331e-03
8.014245e-03
7.941813e-03
7.869041e-03
7.795931e-03
7.722489e-03
7.648717e-03
7.574620e-03
7.500201e-03
7.425465e-03
7.350416e-03
7.275057e-03
7.199393e-03
7.123427e-03
7.047163e-03
6.970606e-03
6.893759e-03
6.816627e-03
6.739213e-03
6.661521e-03
6.583556e-03
6.505322e-03
6.426822e-03
6.348060e-03
6.269041e-03
6.189768e-03
6.110246e-03
6.030479e-03
5.950471e-03
5.870225e-03
5.789746e-03
5.709038e-03
5.628104e-03
5.546950e-03
5.465579e-03
5.383994e-03
5.302201e-03
5.220203e-03
5.138004e-03
5.055609e-03
4.973020e-03
4.890244e-03
4.807282e-03
4.724140e-03
4.640822e-03
4.557331e-03
4.473672e-03
4.389849e-03
4.305865e-03
4.221725e-03
4.137433e-03
4.052992e-03
3.968408e-03
3.883684e-03
3.798823e-03
3.713830e-03
3.628710e-03
3.543465e-03
3.458101e-03
3.372621e-03
3.287029e-03
3.201330e-03
3.115528e-03
3.029628e-03
2.943634e-03
2.857553e-03
2.771391e-03
2.685158e-03
2.598865e-03
2.512530e-03
2.426179e-03
2.339850e-03
2.253607e-03
2.167550e-03
2.081843e-03
1.996750e-03
1.912705e-03
1.830419e-03
1.751059e-03
1.676541e-03
1.610016e-03
1.556668e-03
1.525019e-03
1.529096e-03
1.591969e-03
1.751582e-03
2.070310e-03
2.650591e-03
3.660375e-03
5.374249e-03
8.239003e-03
1.297586e-02
2.073370e-02
3.330256e-02
5.336968e-02
8.472135e-02
1.321263e-01
2.004071e-01
2.922062e-01
4.048362e-01
5.285005e-01
6.487745e-01
7.527189e-01
8.337686e-01
8.920425e-01
9.315411e-01
9.572545e-01
9.735565e-01
9.837187e-01
9.899869e-01
9.938278e-01
9.961715e-01
9.975980e-01
9.984645e-01
9.989901e-01
9.993083e-01
9.995007e-01
9.996166e-01
9.996862e-01
9.997275e-01
9.997518e-01
9.997657e-01
9.997734e-01
9.997772e-01
9.997787e-01
9.997789e-01
9.997782e-01
9.997769e-01
9.997754e-01
9.997737e-01
9.997719e-01
9.997700e-01
9.997681e-01
9.997661e-01
9.997642e-01
9.997622e-01
9.997603e-01
9.997583e-01
9.997564e-01
9.997545e-01
9.997526e-01
9.997506e-01
9.997487e-01
9.997468e-01
9.997449e-01
9.997431e-01
9.997412e-01
9.997393e-01
9.997374e-01
9.997356e-01
9.997337e-01
9.997319e-01
9.997301e-01
9.997283e-01
9.997264e-01
9.997246e-01
9.997228e-01
9.997210e-01
9.997193e-01
9.997175e-01
9.997157e-01
9.997139e-01
9.997122e-01
9.997105e-01
9.997087e-01
9.997070e-01
9.997053e-01
9.997036e-01
9.997019e-01
9.997002e-01
9.996985e-01
9.996968e-01
9.996951e-01
9.996934e-01
9.996918e-01
9.996901e-01
9.996885e-01
9.996869e-01
9.996852e-01
9.996836e-01
9.996820e-01
9.996804e-01
9.996788e-01
9.996772e-01
9.996757e-01
9.996741e-01
9.996725e-01
9.996710e-01
9.996694e-01
9.996679e-01
9.996664e-01
9.996649e-01
9.996633e-01
9.996618e-01
9.996603e-01
9.996589e-01
9.996574e-01
9.996559e-01
9.996544e-01
9.996530e-01
9.996515e-01
9.996501e-01
9.996487e-01
9.996472e-01
9.996458e-01
9.996444e-01
9.996430e-01
9.996416e-01
9.996402e-01
9.996389e-01
9.996375e-01
9.996361e-01
9.996348e-01
9.996335e-01
9.996321e-01
9.996308e-01
9.996295e-01
9.996282e-01
9.996269e-01
9.996256e-01
9.996243e-01
9.996230e-01
9.996217e-01
9.996205e-01
9.996192e-01
9.996180e-01
9.996167e-01
9.996155e-01
9.996143e-01
9.996131e-01
9.996119e-01
9.996107e-01
9.996095e-01
9.996083e-01
9.996072e-01
9.996060e-01
9.996048e-01
9.996037e-01
9.996025e-01
9.996014e-01
9.996003e-01
9.995992e-01
9.995981e-01
9.995970e-01
9.995959e-01
9.995948e-01
9.995937e-01
9.995927e-01
9.995916e-01
9.995906e-01
9.995895e-01
9.995885e-01
9.995875e-01
9.995864e-01
9.995854e-01
9.995844e-01
9.995834e-01
9.995825e-01
9.995815e-01
9.995805e-01
9.995796e-01
9.995786e-01
9.995777e-01
9.995767e-01
9.995758e-01
9.995749e-01
9.995740e-01
9.995731e-01
9.995722e-01
9.995713e-01
9.995704e-01
9.995695e-01
9.995687e-01
9.995678e-01
9.995670e-01
9.995661e-01
9.995653e-01
9.995645e-01
9.995637e-01
9.995628e-01
9.995620e-01
9.995613e-01
9.995605e-01
9.995597e-01
9.995589e-01
9.995582e-01
9.995574e-01
9.995567e-01
9.995560e-01
9.995552e-01
9.995545e-01
9.995538e-01
9.995531e-01
9.995524e-01
9.995517e-01
9.995510e-01
9.995504e-01
9.995497e-01
9.995491e-01
9.995484e-01
9.995478e-01
9.995471e-01
9.995465e-01
9.995459e-01
9.995453e-01
9.995447e-01
9.995441e-01
9.995435e-01
9.995430e-01
9.995424e-01
9.995418e-01
9.995413e-01
9.995407e-01
9.995402e-01
9.995397e-01
9.995392e-01
9.995386e-01
9.995381e-01
9.995376e-01
9.995372e-01
9.995367e-01
9.995362e-01
9.995358e-01
9.995353e-01
9.995348e-01
9.995344e-01
9.995340e-01
9.995336e-01
9.995331e-01
9.995327e-01
9.995323e-01
9.995319e-01
9.995316e-01
9.995312e-01
9.995308e-01
9.995305e-01
9.995301e-01
9.995298e-01
9.995294e-01
9.995291e-01
9.995288e-01
9.995285e-01
9.995282e-01
9.995279e-01
9.995276e-01
9.995273e-01
9.995270e-01
9.995268e-01
9.995265e-01
9.995263e-01
9.995260e-01
9.995258e-01
9.995256e-01
9.995253e-01
9.995251e-01
9.995249e-01
9.995247e-01
9.995246e-01
9.995244e-01
9.995242e-01
9.995240e-01
9.995239e-01
9.995237e-01
9.995236e-01
9.995235e-01
9.995234e-01
9.995232e-01
9.995231e-01
9.995230e-01
9.995229e-01
9.995229e-01
9.995228e-01
9.995227e-01
9.995227e-01
9.995226e-01
9.995226e-01
9.995225e-01
9.995225e-01
9.995225e-01
9.995225e-01
9.995225e-01
9.995225e-01
9.995225e-01
9.995225e-01
9.995225e-01
9.995226e-01
9.995226e-01
9.995227e-01
9.995227e-01
9.995228e-01
9.995229e-01
9.995229e-01
9.995230e-01
9.995231e-01
9.995232e-01
9.995234e-01
9.995235e-01
9.995236e-01
9.995237e-01
9.995239e-01
9.995240e-01
9.995242e-01
9.995244e-01
9.995246e-01
9.995247e-01
9.995249e-01
9.995251e-01
9.995253e-01
9.995256e-01
9.995258e-01
9.995260e-01
9.995263e-01
9.995265e-01
9.995268e-01
9.995270e-01
9.995273e-01
9.995276e-01
9.995279e-01
9.995282e-01
9.995285e-01
9.995288e-01
9.995291e-01
9.995294e-01
9.995298e-01
9.995301e-01
9.995305e-01
9.995308e-01
9.995312e-01
9.995316e-01
9.995319e-01
9.995323e-01
9.995327e-01
9.995331e-01
9.995336e-01
9.995340e-01
9.995344e-01
9.995348e-01
9.995353e-01
9.995358e-01
9.995362e-01
9.995367e-01
9.995372e-01
9.995376e-01
9.995381e-01
9.995386e-01
9.995392e-01
9.995397e-01
9.995402e-01
9.995407e-01
9.995413e-01
9.995418e-01
9.995424e-01
9.995430e-01
9.995435e-01
9.995441e-01
9.995447e-01
9.995453e-01
9.995459e-01
9.995465e-01
9.995471e-01
9.995478e-01
9.995484e-01
9.995491e-01
9.995497e-01
9.995504e-01
9.995510e-01
9.995517e-01
9.995524e-01
9.995531e-01
9.995538e-01
9.995545e-01
9.995552e-01
9.995560e-01
9.995567e-01
9.995574e-01
9.995582e-01
9.995589e-01
9.995597e-01
9.995605e-01
9.995613e-01
9.995620e-01
9.995628e-01
9.995637e-01
9.995645e-01
9.995653e-01
9.995661e-01
9.995670e-01
9.995678e-01
9.995687e-01
9.995695e-01
9.995704e-01
9.995713e-01
9.995722e-01
9.995731e-01
9.995740e-01
9.995749e-01
9.995758e-01
9.995767e-01
9.995777e-01
9.995786e-01
9.995796e-01
9.995805e-01
9.995815e-01
9.995825e-01
9.995834e-01
9.995844e-01
9.995854e-01
9.995864e-01
9.995875e-01
9.995885e-01
9.995895e-01
9.995906e-01
9.995916e-01
9.995927e-01
9.995937e-01
9.995948e-01
9.995959e-01
9.995970e-01
9.995981e-01
9.995992e-01
9.996003e-01
9.996014e-01
9.996025e-01
9.996037e-01
9.996048e-01
9.996060e-01
9.996072e-01
9.996083e-01
9.996095e-01
9.996107e-01
9.996119e-01
9.996131e-01
9.996143e-01
9.996155e-01
9.996167e-01
9.996180e-01
9.996192e-01
9.996205e-01
9.996217e-01
9.996230e-01
9.996243e-01
9.996256e-01
9.996269e-01
9.996282e-01
9.996295e-01
9.996308e-01
9.996321e-01
9.996335e-01
9.996348e-01
9.996361e-01
9.996375e-01
9.996389e-01
9.996402e-01
9.996416e-01
9.996430e-01
9.996444e-01
9.996458e-01
9.996472e-01
9.996487e-01
9.996501e-01
9.996515e-01
9.996530e-01
9.996544e-01
9.996559e-01
9.996574e-01
9.996589e-01
9.996603e-01
9.996618e-01
9.996633e-01
9.996649e-01
9.996664e-01
9.996679e-01
9.996694e-01
9.996710e-01
9.996725e-01
9.996741e-01
9.996757e-01
9.996772e-01
9.996788e-01
9.996804e-01
9.996820e-01
9.996836e-01
9.996852e-01
9.996869e-01
9.996885e-01
9.996901e-01
9.996918e-01
9.996934e-01
9.996951e-01
9.996968e-01
9.996985e-01
9.997002e-01
9.997019e-01
9.997036e-01
9.997053e-01
9.997070e-01
9.997087e-01
9.997105e-01
9.997122e-01
9.997139e-01
9.997157e-01
9.997175e-01
9.997193e-01
9.997210e-01
9.997228e-01
9.997246e-01
9.997264e-01
9.997283e-01
9.997301e-01
9.997319e-01
9.997337e-01
9.997356e-01
9.997374e-01
9.997393e-01
9.997412e-01
9.997431e-01
9.997449e-01
9.997468e-01
9.997487e-01
9.997506e-01
9.997526e-01
9.997545e-01
9.997564e-01
9.997583e-01
9.997603e-01
9.997622e-01
9.997642e-01
9.997661e-01
9.997681e-01
9.997700e-01
9.997719e-01
9.997737e-01
9.997754e-01
9.997769e-01
9.997782e-01
9.997789e-01
9.997787e-01
9.997772e-01
9.997734e-01
9.997657e-01
9.997518e-01
9.997275e-01
9.996862e-01
9.996166e-01
9.995007e-01
9.993083e-01
9.989901e-01
9.984645e-01
9.975980e-01
9.961715e-01
9.938278e-01
9.899869e-01
9.837187e-01
9.735565e-01
9.572545e-01
9.315411e-01
8.920425e-01
8.337686e-01
7.527189e-01
6.487745e-01
5.285005e-01
4.048362e-01
2.922062e-01
2.004071e-01
1.321263e-01
8.472135e-02
5.336968e-02
3.330256e-02
2.073370e-02
1.297586e-02
8.239003e-03
5.374249e-03
3.660375e-03
2.650591e-03
2.070310e-03
1.751582e-03
1.591969e-03
1.529096e-03
1.525019e-03
1.556668e-03
1.610016e-03
1.676541e-03
1.751059e-03
1.830419e-03
1.912705e-03
1.996750e-03
2.081843e-03
2.167550e-03
2.253607e-03
2.339850e-03
2.426179e-03
2.512530e-03
2.598865e-03
2.685158e-03
2.771391e-03
2.857553e-03
2.943634e-03
3.029628e-03
3.115528e-03
3.201330e-03
3.287029e-03
3.372621e-03
3.458101e-03
3.543465e-03
3.628710e-03
3.713830e-03
3.798823e-03
3.883684e-03
3.968408e-03
4.052992e-03
4.137433e-03
4.221725e-03
4.305865e-03
4.389849e-03
4.473672e-03
4.557331e-03
4.640822e-03
4.724140e-03
4.807282e-03
4.890244e-03
4.973020e-03
5.055609e-03
5.138004e-03
5.220203e-03
5.302201e-03
5.383994e-03
5.465579e-03
5.546950e-03
5.628104e-03
5.709038e-03
5.789746e-03
5.870225e-03
5.950471e-03
6.030479e-03
6.110246e-03
6.189768e-03
6.269041e-03
6.348060e-03
6.426822e-03
6.505322e-03
6.583556e-03
6.661521e-03
6.739213e-03
6.816627e-03
6.893759e-03
6.970606e-03
7.047163e-03
7.123427e-03
7.199393e-03
7.275057e-03
7.350416e-03
7.425465e-03
7.500201e-03
7.574620e-03
7.648717e-03
7.722489e-03
7.795931e-03
7.869041e-03
7.941813e-03
8.014245e-03
8.086331e-03
8.158069e-03
8.229454e-03
8.300483e-03
8.371151e-03
8.441455e-03
8.511392e-03
8.580956e-03
8.650145e-03
8.718954e-03
8.787380e-03
8.855420e-03
8.923068e-03
8.990322e-03
9.057178e-03
9.123632e-03
9.189680e-03
9.255319e-03
9.320546e-03
9.385355e-03
9.449744e-03
9.513710e-03
9.577248e-03
9.640355e-03
9.703027e-03
9.765261e-03
9.827054e-03
9.888401e-03
9.949300e-03
1.000975e-02
1.006974e-02
1.012927e-02
1.018834e-02
1.024694e-02
1.030508e-02
1.036274e-02
1.041992e-02
1.047663e-02
1.053285e-02
1.058859e-02
1.064384e-02
1.069860e-02
1.075286e-02
1.080662e-02
1.085988e-02
1.091263e-02
1.096488e-02
1.101662e-02
1.106784e-02
1.111855e-02
1.116873e-02
1.121839e-02
1.126753e-02
1.131613e-02
1.136421e-02
1.141175e-02
1.145875e-02
1.150521e-02
1.155113e-02
1.159650e-02
1.164132e-02
1.168559e-02
1.172931e-02
1.177247e-02
1.181507e-02
1.185711e-02
1.189859e-02
1.193949e-02
1.197983e-02
1.201960e-02
1.205879e-02
1.209740e-02
1.213544e-02
1.217289e-02
1.220977e-02
1.224605e-02
1.228175e-02
1.231685e-02
1.235136e-02
1.238528e-02
1.241860e-02
1.245133e-02
1.248345e-02
1.251497e-02
1.254588e-02
1.257619e-02
1.260589e-02
1.263498e-02
1.266345e-02
1.269131e-02
1.271856e-02
1.274519e-02
1.277120e-02
1.279658e-02
1.282135e-02
1.284549e-02
1.286901e-02
1.289190e-02
1.291416e-02
1.293579e-02
1.295679e-02
1.297716e-02
1.299690e-02
1.301600e-02
1.303446e-02
1.305229e-02
1.306947e-02
1.308602e-02
1.310193e-02
1.311719e-02
1.313182e-02
1.314580e-02
1.315913e-02
1.317183e-02
1.318387e-02
1.319527e-02
1.320602e-02
1.321612e-02
1.322557e-02
1.323438e-02
1.324253e-02
1.325004e-02
1.325689e-02
1.326309e-02
1.326864e-02
1.327354e-02
1.327778e-02
1.328138e-02
1.328432e-02
1.328660e-02
1.328824e-02
1.328922e-02
