5.512029e-04
5.511899e-04
5.511506e-04
5.510853e-04
5.509937e-04
5.508761e-04
5.507323e-04
5.505623e-04
5.503663e-04
5.501441e-04
5.498958e-04
5.496215e-04
5.493211e-04
5.489946e-04
5.486420e-04
5.482634e-04
5.478589e-04
5.474283e-04
5.469717e-04
5.464892e-04
5.459808e-04
5.454465e-04
5.448863e-04
5.443003e-04
5.436884e-04
5.430507e-04
5.423873e-04
5.416982e-04
5.409833e-04
5.402428e-04
5.394767e-04
5.386849e-04
5.378677e-04
5.370249e-04
5.361566e-04
5.352629e-04
5.343439e-04
5.333995e-04
5.324297e-04
5.314348e-04
5.304146e-04
5.293693e-04
5.282989e-04
5.272034e-04
5.260829e-04
5.249375e-04
5.237672e-04
5.225720e-04
5.213521e-04
5.201074e-04
5.188381e-04
5.175442e-04
5.162258e-04
5.148829e-04
5.135155e-04
5.121239e-04
5.107079e-04
5.092678e-04
5.078035e-04
5.063151e-04
5.048027e-04
5.032664e-04
5.017063e-04
5.001224e-04
4.985148e-04
4.968835e-04
4.952288e-04
4.935505e-04
4.918489e-04
4.901239e-04
4.883758e-04
4.866045e-04
4.848101e-04
4.829928e-04
4.811526e-04
4.792896e-04
4.774039e-04
4.754956e-04
4.735648e-04
4.716115e-04
4.696359e-04
4.676381e-04
4.656181e-04
4.635761e-04
4.615121e-04
4.594263e-04
4.573187e-04
4.551895e-04
4.530387e-04
4.508665e-04
4.486730e-04
4.464582e-04
4.442223e-04
4.419653e-04
4.396875e-04
4.373888e-04
4.350694e-04
4.327295e-04
4.303691e-04
4.279883e-04
4.255873e-04
4.231661e-04
4.207249e-04
4.182639e-04
4.157830e-04
4.132825e-04
4.107625e-04
4.082230e-04
4.056642e-04
4.030863e-04
4.004893e-04
3.978733e-04
3.952386e-04
3.925851e-04
3.899132e-04
3.872228e-04
3.845141e-04
3.817872e-04
3.790423e-04
3.762795e-04
3.734989e-04
3.707007e-04
3.678849e-04
3.650518e-04
3.622015e-04
3.593340e-04
3.564496e-04
3.535484e-04
3.506304e-04
3.476960e-04
3.447451e-04
3.417779e-04
3.387946e-04
3.357954e-04
3.327803e-04
3.297494e-04
3.267031e-04
3.236413e-04
3.205643e-04
3.174721e-04
3.143650e-04
3.112431e-04
3.081065e-04
3.049554e-04
3.017899e-04
2.986101e-04
2.954164e-04
2.922087e-04
2.889872e-04
2.857521e-04
2.825036e-04
2.792418e-04
2.759668e-04
2.726788e-04
2.693780e-04
2.660645e-04
2.627385e-04
2.594002e-04
2.560496e-04
2.526870e-04
2.493125e-04
2.459263e-04
2.425285e-04
2.391194e-04
2.356989e-04
2.322675e-04
2.288251e-04
2.253719e-04
2.219082e-04
2.184341e-04
2.149497e-04
2.114552e-04
2.079508e-04
2.044367e-04
2.009129e-04
1.973797e-04
1.938373e-04
1.902858e-04
1.867254e-04
1.831562e-04
1.795785e-04
1.759924e-04
1.723980e-04
1.687956e-04
1.651853e-04
1.615672e-04
1.579417e-04
1.543089e-04
1.506690e-04
1.470222e-04
1.433689e-04
1.397094e-04
1.360443e-04
1.323743e-04
1.287004e-04
1.250245e-04
1.213490e-04
1.176785e-04
1.140199e-04
1.103846e-04
1.067914e-04
1.032710e-04
9.987398e-05
9.668377e-05
9.383751e-05
9.156138e-05
9.022794e-05
9.045147e-05
9.324425e-05
1.002752e-04
1.142949e-04
1.398379e-04
1.843776e-04
2.602309e-04
3.876920e-04
6.001890e-04
9.527499e-04
1.535876e-03
2.498171e-03
4.083012e-03
6.687274e-03
1.095354e-02
1.791002e-02
2.916993e-02
4.718267e-02
7.546570e-02
1.186021e-01
1.815608e-01
2.677917e-01
3.761579e-01
4.985215e-01
6.210630e-01
7.298847e-01
8.166790e-01
8.801620e-01
9.237133e-01
9.522935e-01
9.705065e-01
9.818966e-01
9.889362e-01
9.932551e-01
9.958930e-01
9.974995e-01
9.984763e-01
9.990695e-01
9.994295e-01
9.996477e-01
9.997799e-01
9.998599e-01
9.999082e-01
9.999373e-01
9.999548e-01
9.999652e-01
9.999713e-01
9.999748e-01
9.999767e-01
9.999776e-01
9.999780e-01
9.999781e-01
9.999779e-01
9.999776e-01
9.999772e-01
9.999767e-01
9.999763e-01
9.999758e-01
9.999753e-01
9.999748e-01
9.999743e-01
9.999738e-01
9.999733e-01
9.999728e-01
9.999723e-01
9.999718e-01
9.999713e-01
9.999708e-01
9.999703e-01
9.999698e-01
9.999693e-01
9.999688e-01
9.999683e-01
9.999678e-01
9.999673e-01
9.999668e-01
9.999663e-01
9.999658e-01
9.999653e-01
9.999648e-01
9.999643e-01
9.999638e-01
9.999634e-01
9.999629e-01
9.999624e-01
9.999619e-01
9.999614e-01
9.999609e-01
9.999605e-01
9.999600e-01
9.999595e-01
9.999590e-01
9.999586e-01
9.999581e-01
9.999576e-01
9.999571e-01
9.999567e-01
9.999562e-01
9.999557e-01
9.999553e-01
9.999548e-01
9.999543e-01
9.999539e-01
9.999534e-01
9.999530e-01
9.999525e-01
9.999521e-01
9.999516e-01
9.999512e-01
9.999507e-01
9.999502e-01
9.999498e-01
9.999494e-01
9.999489e-01
9.999485e-01
9.999480e-01
9.999476e-01
9.999471e-01
9.999467e-01
9.999463e-01
9.999458e-01
9.999454e-01
9.999450e-01
9.999445e-01
9.999441e-01
9.999437e-01
9.999433e-01
9.999428e-01
9.999424e-01
9.999420e-01
9.999416e-01
9.999412e-01
9.999408e-01
9.999403e-01
9.999399e-01
9.999395e-01
9.999391e-01
9.999387e-01
9.999383e-01
9.999379e-01
9.999375e-01
9.999371e-01
9.999367e-01
9.999363e-01
9.999359e-01
9.999355e-01
9.999351e-01
9.999348e-01
9.999344e-01
9.999340e-01
9.999336e-01
9.999332e-01
9.999328e-01
9.999325e-01
9.999321e-01
9.999317e-01
9.999314e-01
9.999310e-01
9.999306e-01
9.999303e-01
9.999299e-01
9.999295e-01
9.999292e-01
9.999288e-01
9.999285e-01
9.999281e-01
9.999278e-01
9.999274e-01
9.999271e-01
9.999267e-01
9.999264e-01
9.999261e-01
9.999257e-01
9.999254e-01
9.999250e-01
9.999247e-01
9.999244e-01
9.999241e-01
9.999237e-01
9.999234e-01
9.999231e-01
9.999228e-01
9.999225e-01
9.999222e-01
9.999218e-01
9.999215e-01
9.999212e-01
9.999209e-01
9.999206e-01
9.999203e-01
9.999200e-01
9.999197e-01
9.999194e-01
9.999191e-01
9.999189e-01
9.999186e-01
9.999183e-01
9.999180e-01
9.999177e-01
9.999175e-01
9.999172e-01
9.999169e-01
9.999166e-01
9.999164e-01
9.999161e-01
9.999158e-01
9.999156e-01
9.999153e-01
9.999151e-01
9.999148e-01
9.999146e-01
9.999143e-01
9.999141e-01
9.999138e-01
9.999136e-01
9.999134e-01
9.999131e-01
9.999129e-01
9.999126e-01
9.999124e-01
9.999122e-01
9.999120e-01
9.999118e-01
9.999115e-01
9.999113e-01
9.999111e-01
9.999109e-01
9.999107e-01
9.999105e-01
9.999103e-01
9.999101e-01
9.999099e-01
9.999097e-01
9.999095e-01
9.999093e-01
9.999091e-01
9.999089e-01
9.999087e-01
9.999086e-01
9.999084e-01
9.999082e-01
9.999080e-01
9.999079e-01
9.999077e-01
9.999075e-01
9.999074e-01
9.999072e-01
9.999070e-01
9.999069e-01
9.999067e-01
9.999066e-01
9.999064e-01
9.999063e-01
9.999062e-01
9.999060e-01
9.999059e-01
9.999058e-01
9.999056e-01
9.999055e-01
9.999054e-01
9.999052e-01
9.999051e-01
9.999050e-01
9.999049e-01
9.999048e-01
9.999047e-01
9.999046e-01
9.999045e-01
9.999044e-01
9.999043e-01
9.999042e-01
9.999041e-01
9.999040e-01
9.999039e-01
9.999038e-01
9.999037e-01
9.999036e-01
9.999036e-01
9.999035e-01
9.999034e-01
9.999033e-01
9.999033e-01
9.999032e-01
9.999032e-01
9.999031e-01
9.999030e-01
9.999030e-01
9.999029e-01
9.999029e-01
9.999028e-01
9.999028e-01
9.999028e-01
9.999027e-01
9.999027e-01
9.999027e-01
9.999026e-01
9.999026e-01
9.999026e-01
9.999026e-01
9.999025e-01
9.999025e-01
9.999025e-01
9.999025e-01
9.999025e-01
9.999025e-01
9.999025e-01
9.999025e-01
9.999025e-01
9.999025e-01
9.999025e-01
9.999025e-01
9.999025e-01
9.999026e-01
9.999026e-01
9.999026e-01
9.999026e-01
9.999027e-01
9.999027e-01
9.999027e-01
9.999028e-01
9.999028e-01
9.999028e-01
9.999029e-01
9.999029e-01
9.999030e-01
9.999030e-01
9.999031e-01
9.999032e-01
9.999032e-01
9.999033e-01
9.999033e-01
9.999034e-01
9.999035e-01
9.999036e-01
9.999036e-01
9.999037e-01
9.999038e-01
9.999039e-01
9.999040e-01
9.999041e-01
9.999042e-01
9.999043e-01
9.999044e-01
9.999045e-01
9.999046e-01
9.999047e-01
9.999048e-01
9.999049e-01
9.999050e-01
9.999051e-01
9.999052e-01
9.999054e-01
9.999055e-01
9.999056e-01
9.999058e-01
9.999059e-01
9.999060e-01
9.999062e-01
9.999063e-01
9.999064e-01
9.999066e-01
9.999067e-01
9.999069e-01
9.999070e-01
9.999072e-01
9.999074e-01
9.999075e-01
9.999077e-01
9.999079e-01
9.999080e-01
9.999082e-01
9.999084e-01
9.999086e-01
9.999087e-01
9.999089e-01
9.999091e-01
9.999093e-01
9.999095e-01
9.999097e-01
9.999099e-01
9.999101e-01
9.999103e-01
9.999105e-01
9.999107e-01
9.999109e-01
9.999111e-01
9.999113e-01
9.999115e-01
9.999118e-01
9.999120e-01
9.999122e-01
9.999124e-01
9.999126e-01
9.999129e-01
9.999131e-01
9.999134e-01
9.999136e-01
9.999138e-01
9.999141e-01
9.999143e-01
9.999146e-01
9.999148e-01
9.999151e-01
9.999153e-01
9.999156e-01
9.999158e-01
9.999161e-01
9.999164e-01
9.999166e-01
9.999169e-01
9.999172e-01
9.999175e-01
9.999177e-01
9.999180e-01
9.999183e-01
9.999186e-01
9.999189e-01
9.999191e-01
9.999194e-01
9.999197e-01
9.999200e-01
9.999203e-01
9.999206e-01
9.999209e-01
9.999212e-01
9.999215e-01
9.999218e-01
9.999222e-01
9.999225e-01
9.999228e-01
9.999231e-01
9.999234e-01
9.999237e-01
9.999241e-01
9.999244e-01
9.999247e-01
9.999250e-01
9.999254e-01
9.999257e-01
9.999261e-01
9.999264e-01
9.999267e-01
9.999271e-01
9.999274e-01
9.999278e-01
9.999281e-01
9.999285e-01
9.999288e-01
9.999292e-01
9.999295e-01
9.999299e-01
9.999303e-01
9.999306e-01
9.999310e-01
9.999314e-01
9.999317e-01
9.999321e-01
9.999325e-01
9.999328e-01
9.999332e-01
9.999336e-01
9.999340e-01
9.999344e-01
9.999348e-01
9.999351e-01
9.999355e-01
9.999359e-01
9.999363e-01
9.999367e-01
9.999371e-01
9.999375e-01
9.999379e-01
9.999383e-01
9.999387e-01
9.999391e-01
9.999395e-01
9.999399e-01
9.999403e-01
9.999408e-01
9.999412e-01
9.999416e-01
9.999420e-01
9.999424e-01
9.999428e-01
9.999433e-01
9.999437e-01
9.999441e-01
9.999445e-01
9.999450e-01
9.999454e-01
9.999458e-01
9.999463e-01
9.999467e-01
9.999471e-01
9.999476e-01
9.999480e-01
9.999485e-01
9.999489e-01
9.999494e-01
9.999498e-01
9.999502e-01
9.999507e-01
9.999512e-01
9.999516e-01
9.999521e-01
9.999525e-01
9.999530e-01
9.999534e-01
9.999539e-01
9.999543e-01
9.999548e-01
9.999553e-01
9.999557e-01
9.999562e-01
9.999567e-01
9.999571e-01
9.999576e-01
9.999581e-01
9.999586e-01
9.999590e-01
9.999595e-01
9.999600e-01
9.999605e-01
9.999609e-01
9.999614e-01
9.999619e-01
9.999624e-01
9.999629e-01
9.999634e-01
9.999638e-01
9.999643e-01
9.999648e-01
9.999653e-01
9.999658e-01
9.999663e-01
9.999668e-01
9.999673e-01
9.999678e-01
9.999683e-01
9.999688e-01
9.999693e-01
9.999698e-01
9.999703e-01
9.999708e-01
9.999713e-01
9.999718e-01
9.999723e-01
9.999728e-01
9.999733e-01
9.999738e-01
9.999743e-01
9.999748e-01
9.999753e-01
9.999758e-01
9.999763e-01
9.999767e-01
9.999772e-01
9.999776e-01
9.999779e-01
9.999781e-01
9.999780e-01
9.999776e-01
9.999767e-01
9.999748e-01
9.999713e-01
9.999652e-01
9.999548e-01
9.999373e-01
9.999082e-01
9.998599e-01
9.997799e-01
9.996477e-01
9.994295e-01
9.990695e-01
9.984763e-01
9.974995e-01
9.958930e-01
9.932551e-01
9.889362e-01
9.818966e-01
9.705065e-01
9.522935e-01
9.237133e-01
8.801620e-01
8.166790e-01
7.298847e-01
6.210630e-01
4.985215e-01
3.761579e-01
2.677917e-01
1.815608e-01
1.186021e-01
7.546570e-02
4.718267e-02
2.916993e-02
1.791002e-02
1.095354e-02
6.687274e-03
4.083012e-03
2.498171e-03
1.535876e-03
9.527499e-04
6.001890e-04
3.876920e-04
2.602309e-04
1.843776e-04
1.398379e-04
1.142949e-04
1.002752e-04
9.324425e-05
9.045147e-05
9.022794e-05
9.156138e-05
9.383751e-05
9.668377e-05
9.987398e-05
1.032710e-04
1.067914e-04
1.103846e-04
1.140199e-04
1.176785e-04
1.213490e-04
1.250245e-04
1.287004e-04
1.323743e-04
1.360443e-04
1.397094e-04
1.433689e-04
1.470222e-04
1.506690e-04
1.543089e-04
1.579417e-04
1.615672e-04
1.651853e-04
1.687956e-04
1.723980e-04
1.759924e-04
1.795785e-04
1.831562e-04
1.867254e-04
1.902858e-04
1.938373e-04
1.973797e-04
2.009129e-04
2.044367e-04
2.079508e-04
2.114552e-04
2.149497e-04
2.184341e-04
2.219082e-04
2.253719e-04
2.288251e-04
2.322675e-04
2.356989e-04
2.391194e-04
2.425285e-04
2.459263e-04
2.493125e-04
2.526870e-04
2.560496e-04
2.594002e-04
2.627385e-04
2.660645e-04
2.693780e-04
2.726788e-04
2.759668e-04
2.792418e-04
2.825036e-04
2.857521e-04
2.889872e-04
2.922087e-04
2.954164e-04
2.986101e-04
3.017899e-04
3.049554e-04
3.081065e-04
3.112431e-04
3.143650e-04
3.174721e-04
3.205643e-04
3.236413e-04
3.267031e-04
3.297494e-04
3.327803e-04
3.357954e-04
3.387946e-04
3.417779e-04
3.447451e-04
3.476960e-04
3.506304e-04
3.535484e-04
3.564496e-04
3.593340e-04
3.622015e-04
3.650518e-04
3.678849e-04
3.707007e-04
3.734989e-04
3.762795e-04
3.790423e-04
3.817872e-04
3.845141e-04
3.872228e-04
3.899132e-04
3.925851e-04
3.952386e-04
3.978733e-04
4.004893e-04
4.030863e-04
4.056642e-04
4.082230e-04
4.107625e-04
4.132825e-04
4.157830e-04
4.182639e-04
4.207249e-04
4.231661e-04
4.255873e-04
4.279883e-04
4.303691e-04
4.327295e-04
4.350694e-04
4.373888e-04
4.396875e-04
4.419653e-04
4.442223e-04
4.464582e-04
4.486730e-04
4.508665e-04
4.530387e-04
4.551895e-04
4.573187e-04
4.594263e-04
4.615121e-04
4.635761e-04
4.656181e-04
4.676381e-04
4.696359e-04
4.716115e-04
4.735648e-04
4.754956e-04
4.774039e-04
4.792896e-04
4.811526e-04
4.829928e-04
4.848101e-04
4.866045e-04
4.883758e-04
4.901239e-04
4.918489e-04
4.935505e-04
4.952288e-04
4.968835e-04
4.985148e-04
5.001224e-04
5.017063e-04
5.032664e-04
5.048027e-04
5.063151e-04
5.078035e-04
5.092678e-04
5.107079e-04
5.121239e-04
5.135155e-04
5.148829e-04
5.162258e-04
5.175442e-04
5.188381e-04
5.201074e-04
5.213521e-04
5.225720e-04
5.237672e-04
5.249375e-04
5.260829e-04
5.272034e-04
5.282989e-04
5.293693e-04
5.304146e-04
5.314348e-04
5.324297e-04
5.333995e-04
5.343439e-04
5.352629e-04
5.361566e-04
5.370249e-04
5.378677e-04
5.386849e-04
5.394767e-04
5.402428e-04
5.409833e-04
5.416982e-04
5.423873e-04
5.430507e-04
5.436884e-04
5.443003e-04
5.448863e-04
5.454465e-04
5.459808e-04
5.464892e-04
5.469717e-04
5.474283e-04
5.478589e-04
5.482634e-04
5.486420e-04
5.489946e-04
5.493211e-04
5.496215e-04
5.498958e-04
5.501441e-04
5.503663e-04
5.505623e-04
5.507323e-04
5.508761e-04
5.509937e-04
5.510853e-04
5.511506e-04
5.511899e-04
