4.561819e-04
4.561711e-04
4.561386e-04
4.560845e-04
4.560088e-04
4.559115e-04
4.557925e-04
4.556520e-04
4.554898e-04
4.553060e-04
4.551006e-04
4.548736e-04
4.546251e-04
4.543550e-04
4.540634e-04
4.537502e-04
4.534155e-04
4.530593e-04
4.526816e-04
4.522825e-04
4.518619e-04
4.514198e-04
4.509564e-04
4.504716e-04
4.499654e-04
4.494379e-04
4.488891e-04
4.483190e-04
4.477276e-04
4.471150e-04
4.464812e-04
4.458263e-04
4.451502e-04
4.444529e-04
4.437347e-04
4.429953e-04
4.422350e-04
4.414537e-04
4.406515e-04
4.398284e-04
4.389844e-04
4.381197e-04
4.372341e-04
4.363279e-04
4.354009e-04
4.344533e-04
4.334851e-04
4.324964e-04
4.314872e-04
4.304575e-04
4.294074e-04
4.283370e-04
4.272462e-04
4.261352e-04
4.250041e-04
4.238527e-04
4.226813e-04
4.214899e-04
4.202785e-04
4.190471e-04
4.177959e-04
4.165250e-04
4.152342e-04
4.139239e-04
4.125939e-04
4.112443e-04
4.098753e-04
4.084868e-04
4.070790e-04
4.056519e-04
4.042056e-04
4.027402e-04
4.012557e-04
3.997522e-04
3.982297e-04
3.966884e-04
3.951283e-04
3.935495e-04
3.919520e-04
3.903360e-04
3.887015e-04
3.870486e-04
3.853774e-04
3.836879e-04
3.819803e-04
3.802545e-04
3.785108e-04
3.767492e-04
3.749697e-04
3.731725e-04
3.713576e-04
3.695252e-04
3.676752e-04
3.658079e-04
3.639232e-04
3.620214e-04
3.601024e-04
3.581663e-04
3.562133e-04
3.542435e-04
3.522569e-04
3.502537e-04
3.482338e-04
3.461975e-04
3.441449e-04
3.420759e-04
3.399908e-04
3.378896e-04
3.357724e-04
3.336394e-04
3.314906e-04
3.293261e-04
3.271460e-04
3.249505e-04
3.227396e-04
3.205134e-04
3.182722e-04
3.160158e-04
3.137446e-04
3.114585e-04
3.091577e-04
3.068423e-04
3.045124e-04
3.021681e-04
2.998095e-04
2.974368e-04
2.950500e-04
2.926493e-04
2.902348e-04
2.878066e-04
2.853648e-04
2.829095e-04
2.804409e-04
2.779590e-04
2.754640e-04
2.729560e-04
2.704352e-04
2.679015e-04
2.653553e-04
2.627965e-04
2.602253e-04
2.576418e-04
2.550462e-04
2.524386e-04
2.498190e-04
2.471877e-04
2.445448e-04
2.418903e-04
2.392244e-04
2.365472e-04
2.338589e-04
2.311595e-04
2.284493e-04
2.257283e-04
2.229967e-04
2.202546e-04
2.175021e-04
2.147394e-04
2.119665e-04
2.091837e-04
2.063910e-04
2.035887e-04
2.007767e-04
1.979553e-04
1.951246e-04
1.922847e-04
1.894358e-04
1.865779e-04
1.837113e-04
1.808361e-04
1.779523e-04
1.750602e-04
1.721599e-04
1.692515e-04
1.663351e-04
1.634110e-04
1.604791e-04
1.575398e-04
1.545930e-04
1.516390e-04
1.486779e-04
1.457098e-04
1.427349e-04
1.397533e-04
1.367652e-04
1.337707e-04
1.307700e-04
1.277632e-04
1.247506e-04
1.217323e-04
1.187087e-04
1.156800e-04
1.126468e-04
1.096098e-04
1.065700e-04
1.035291e-04
1.004899e-04
9.745651e-05
9.443606e-05
9.144001e-05
8.848714e-05
8.560838e-05
8.285457e-05
8.030950e-05
7.811111e-05
7.648682e-05
7.581132e-05
7.670236e-05
8.017805e-05
8.791691e-05
1.026855e-04
1.290447e-04
1.745113e-04
2.514741e-04
3.803461e-04
5.947505e-04
9.500374e-04
1.537237e-03
2.505819e-03
4.100571e-03
6.720644e-03
1.101224e-02
1.800918e-02
2.933303e-02
4.744459e-02
7.587477e-02
1.192171e-01
1.824365e-01
2.689483e-01
3.775425e-01
4.999966e-01
6.224515e-01
7.310479e-01
8.175626e-01
8.807850e-01
9.241301e-01
9.525628e-01
9.706768e-01
9.820030e-01
9.890023e-01
9.932963e-01
9.959188e-01
9.975160e-01
9.984871e-01
9.990769e-01
9.994347e-01
9.996517e-01
9.997832e-01
9.998628e-01
9.999109e-01
9.999399e-01
9.999573e-01
9.999677e-01
9.999738e-01
9.999773e-01
9.999792e-01
9.999802e-01
9.999807e-01
9.999808e-01
9.999806e-01
9.999804e-01
9.999800e-01
9.999796e-01
9.999792e-01
9.999788e-01
9.999783e-01
9.999779e-01
9.999774e-01
9.999770e-01
9.999765e-01
9.999761e-01
9.999756e-01
9.999752e-01
9.999747e-01
9.999743e-01
9.999738e-01
9.999734e-01
9.999729e-01
9.999725e-01
9.999721e-01
9.999716e-01
9.999712e-01
9.999707e-01
9.999703e-01
9.999698e-01
9.999694e-01
9.999690e-01
9.999685e-01
9.999681e-01
9.999676e-01
9.999672e-01
9.999668e-01
9.999663e-01
9.999659e-01
9.999655e-01
9.999650e-01
9.999646e-01
9.999642e-01
9.999638e-01
9.999633e-01
9.999629e-01
9.999625e-01
9.999621e-01
9.999616e-01
9.999612e-01
9.999608e-01
9.999604e-01
9.999600e-01
9.999595e-01
9.999591e-01
9.999587e-01
9.999583e-01
9.999579e-01
9.999575e-01
9.999571e-01
9.999567e-01
9.999563e-01
9.999559e-01
9.999555e-01
9.999551e-01
9.999547e-01
9.999543e-01
9.999539e-01
9.999535e-01
9.999531e-01
9.999527e-01
9.999523e-01
9.999519e-01
9.999515e-01
9.999511e-01
9.999507e-01
9.999503e-01
9.999500e-01
9.999496e-01
9.999492e-01
9.999488e-01
9.999484e-01
9.999481e-01
9.999477e-01
9.999473e-01
9.999470e-01
9.999466e-01
9.999462e-01
9.999458e-01
9.999455e-01
9.999451e-01
9.999448e-01
9.999444e-01
9.999440e-01
9.999437e-01
9.999433e-01
9.999430e-01
9.999426e-01
9.999423e-01
9.999419e-01
9.999416e-01
9.999412e-01
9.999409e-01
9.999405e-01
9.999402e-01
9.999399e-01
9.999395e-01
9.999392e-01
9.999389e-01
9.999385e-01
9.999382e-01
9.999379e-01
9.999376e-01
9.999372e-01
9.999369e-01
9.999366e-01
9.999363e-01
9.999359e-01
9.999356e-01
9.999353e-01
9.999350e-01
9.999347e-01
9.999344e-01
9.999341e-01
9.999338e-01
9.999335e-01
9.999332e-01
9.999329e-01
9.999326e-01
9.999323e-01
9.999320e-01
9.999317e-01
9.999314e-01
9.999311e-01
9.999309e-01
9.999306e-01
9.999303e-01
9.999300e-01
9.999297e-01
9.999295e-01
9.999292e-01
9.999289e-01
9.999287e-01
9.999284e-01
9.999281e-01
9.999279e-01
9.999276e-01
9.999274e-01
9.999271e-01
9.999268e-01
9.999266e-01
9.999263e-01
9.999261e-01
9.999258e-01
9.999256e-01
9.999254e-01
9.999251e-01
9.999249e-01
9.999247e-01
9.999244e-01
9.999242e-01
9.999240e-01
9.999237e-01
9.999235e-01
9.999233e-01
9.999231e-01
9.999229e-01
9.999226e-01
9.999224e-01
9.999222e-01
9.999220e-01
9.999218e-01
9.999216e-01
9.999214e-01
9.999212e-01
9.999210e-01
9.999208e-01
9.999206e-01
9.999204e-01
9.999202e-01
9.999201e-01
9.999199e-01
9.999197e-01
9.999195e-01
9.999193e-01
9.999192e-01
9.999190e-01
9.999188e-01
9.999187e-01
9.999185e-01
9.999183e-01
9.999182e-01
9.999180e-01
9.999178e-01
9.999177e-01
9.999175e-01
9.999174e-01
9.999172e-01
9.999171e-01
9.999170e-01
9.999168e-01
9.999167e-01
9.999166e-01
9.999164e-01
9.999163e-01
9.999162e-01
9.999160e-01
9.999159e-01
9.999158e-01
9.999157e-01
9.999156e-01
9.999154e-01
9.999153e-01
9.999152e-01
9.999151e-01
9.999150e-01
9.999149e-01
9.999148e-01
9.999147e-01
9.999146e-01
9.999145e-01
9.999144e-01
9.999144e-01
9.999143e-01
9.999142e-01
9.999141e-01
9.999140e-01
9.999140e-01
9.999139e-01
9.999138e-01
9.999138e-01
9.999137e-01
9.999136e-01
9.999136e-01
9.999135e-01
9.999135e-01
9.999134e-01
9.999133e-01
9.999133e-01
9.999133e-01
9.999132e-01
9.999132e-01
9.999131e-01
9.999131e-01
9.999131e-01
9.999130e-01
9.999130e-01
9.999130e-01
9.999130e-01
9.999129e-01
9.999129e-01
9.999129e-01
9.999129e-01
9.999129e-01
9.999129e-01
9.999129e-01
9.999129e-01
9.999129e-01
9.999129e-01
9.999129e-01
9.999129e-01
9.999129e-01
9.999129e-01
9.999129e-01
9.999129e-01
9.999129e-01
9.999130e-01
9.999130e-01
9.999130e-01
9.999130e-01
9.999131e-01
9.999131e-01
9.999131e-01
9.999132e-01
9.999132e-01
9.999133e-01
9.999133e-01
9.999133e-01
9.999134e-01
9.999135e-01
9.999135e-01
9.999136e-01
9.999136e-01
9.999137e-01
9.999138e-01
9.999138e-01
9.999139e-01
9.999140e-01
9.999140e-01
9.999141e-01
9.999142e-01
9.999143e-01
9.999144e-01
9.999144e-01
9.999145e-01
9.999146e-01
9.999147e-01
9.999148e-01
9.999149e-01
9.999150e-01
9.999151e-01
9.999152e-01
9.999153e-01
9.999154e-01
9.999156e-01
9.999157e-01
9.999158e-01
9.999159e-01
9.999160e-01
9.999162e-01
9.999163e-01
9.999164e-01
9.999166e-01
9.999167e-01
9.999168e-01
9.999170e-01
9.999171e-01
9.999172e-01
9.999174e-01
9.999175e-01
9.999177e-01
9.999178e-01
9.999180e-01
9.999182e-01
9.999183e-01
9.999185e-01
9.999187e-01
9.999188e-01
9.999190e-01
9.999192e-01
9.999193e-01
9.999195e-01
9.999197e-01
9.999199e-01
9.999201e-01
9.999202e-01
9.999204e-01
9.999206e-01
9.999208e-01
9.999210e-01
9.999212e-01
9.999214e-01
9.999216e-01
9.999218e-01
9.999220e-01
9.999222e-01
9.999224e-01
9.999226e-01
9.999229e-01
9.999231e-01
9.999233e-01
9.999235e-01
9.999237e-01
9.999240e-01
9.999242e-01
9.999244e-01
9.999247e-01
9.999249e-01
9.999251e-01
9.999254e-01
9.999256e-01
9.999258e-01
9.999261e-01
9.999263e-01
9.999266e-01
9.999268e-01
9.999271e-01
9.999274e-01
9.999276e-01
9.999279e-01
9.999281e-01
9.999284e-01
9.999287e-01
9.999289e-01
9.999292e-01
9.999295e-01
9.999297e-01
9.999300e-01
9.999303e-01
9.999306e-01
9.999309e-01
9.999311e-01
9.999314e-01
9.999317e-01
9.999320e-01
9.999323e-01
9.999326e-01
9.999329e-01
9.999332e-01
9.999335e-01
9.999338e-01
9.999341e-01
9.999344e-01
9.999347e-01
9.999350e-01
9.999353e-01
9.999356e-01
9.999359e-01
9.999363e-01
9.999366e-01
9.999369e-01
9.999372e-01
9.999376e-01
9.999379e-01
9.999382e-01
9.999385e-01
9.999389e-01
9.999392e-01
9.999395e-01
9.999399e-01
9.999402e-01
9.999405e-01
9.999409e-01
9.999412e-01
9.999416e-01
9.999419e-01
9.999423e-01
9.999426e-01
9.999430e-01
9.999433e-01
9.999437e-01
9.999440e-01
9.999444e-01
9.999448e-01
9.999451e-01
9.999455e-01
9.999458e-01
9.999462e-01
9.999466e-01
9.999470e-01
9.999473e-01
9.999477e-01
9.999481e-01
9.999484e-01
9.999488e-01
9.999492e-01
9.999496e-01
9.999500e-01
9.999503e-01
9.999507e-01
9.999511e-01
9.999515e-01
9.999519e-01
9.999523e-01
9.999527e-01
9.999531e-01
9.999535e-01
9.999539e-01
9.999543e-01
9.999547e-01
9.999551e-01
9.999555e-01
9.999559e-01
9.999563e-01
9.999567e-01
9.999571e-01
9.999575e-01
9.999579e-01
9.999583e-01
9.999587e-01
9.999591e-01
9.999595e-01
9.999600e-01
9.999604e-01
9.999608e-01
9.999612e-01
9.999616e-01
9.999621e-01
9.999625e-01
9.999629e-01
9.999633e-01
9.999638e-01
9.999642e-01
9.999646e-01
9.999650e-01
9.999655e-01
9.999659e-01
9.999663e-01
9.999668e-01
9.999672e-01
9.999676e-01
9.999681e-01
9.999685e-01
9.999690e-01
9.999694e-01
9.999698e-01
9.999703e-01
9.999707e-01
9.999712e-01
9.999716e-01
9.999721e-01
9.999725e-01
9.999729e-01
9.999734e-01
9.999738e-01
9.999743e-01
9.999747e-01
9.999752e-01
9.999756e-01
9.999761e-01
9.999765e-01
9.999770e-01
9.999774e-01
9.999779e-01
9.999783e-01
9.999788e-01
9.999792e-01
9.999796e-01
9.999800e-01
9.999804e-01
9.999806e-01
9.999808e-01
9.999807e-01
9.999802e-01
9.999792e-01
9.999773e-01
9.999738e-01
9.999677e-01
9.999573e-01
9.999399e-01
9.999109e-01
9.998628e-01
9.997832e-01
9.996517e-01
9.994347e-01
9.990769e-01
9.984871e-01
9.975160e-01
9.959188e-01
9.932963e-01
9.890023e-01
9.820030e-01
9.706768e-01
9.525628e-01
9.241301e-01
8.807850e-01
8.175626e-01
7.310479e-01
6.224515e-01
4.999966e-01
3.775425e-01
2.689483e-01
1.824365e-01
1.192171e-01
7.587477e-02
4.744459e-02
2.933303e-02
1.800918e-02
1.101224e-02
6.720644e-03
4.100571e-03
2.505819e-03
1.537237e-03
9.500374e-04
5.947505e-04
3.803461e-04
2.514741e-04
1.745113e-04
1.290447e-04
1.026855e-04
8.791691e-05
8.017805e-05
7.670236e-05
7.581132e-05
7.648682e-05
7.811111e-05
8.030950e-05
8.285457e-05
8.560838e-05
8.848714e-05
9.144001e-05
9.443606e-05
9.745651e-05
1.004899e-04
1.035291e-04
1.065700e-04
1.096098e-04
1.126468e-04
1.156800e-04
1.187087e-04
1.217323e-04
1.247506e-04
1.277632e-04
1.307700e-04
1.337707e-04
1.367652e-04
1.397533e-04
1.427349e-04
1.457098e-04
1.486779e-04
1.516390e-04
1.545930e-04
1.575398e-04
1.604791e-04
1.634110e-04
1.663351e-04
1.692515e-04
1.721599e-04
1.750602e-04
1.779523e-04
1.808361e-04
1.837113e-04
1.865779e-04
1.894358e-04
1.922847e-04
1.951246e-04
1.979553e-04
2.007767e-04
2.035887e-04
2.063910e-04
2.091837e-04
2.119665e-04
2.147394e-04
2.175021e-04
2.202546e-04
2.229967e-04
2.257283e-04
2.284493e-04
2.311595e-04
2.338589e-04
2.365472e-04
2.392244e-04
2.418903e-04
2.445448e-04
2.471877e-04
2.498190e-04
2.524386e-04
2.550462e-04
2.576418e-04
2.602253e-04
2.627965e-04
2.653553e-04
2.679015e-04
2.704352e-04
2.729560e-04
2.754640e-04
2.779590e-04
2.804409e-04
2.829095e-04
2.853648e-04
2.878066e-04
2.902348e-04
2.926493e-04
2.950500e-04
2.974368e-04
2.998095e-04
3.021681e-04
3.045124e-04
3.068423e-04
3.091577e-04
3.114585e-04
3.137446e-04
3.160158e-04
3.182722e-04
3.205134e-04
3.227396e-04
3.249505e-04
3.271460e-04
3.293261e-04
3.314906e-04
3.336394e-04
3.357724e-04
3.378896e-04
3.399908e-04
3.420759e-04
3.441449e-04
3.461975e-04
3.482338e-04
3.502537e-04
3.522569e-04
3.542435e-04
3.562133e-04
3.581663e-04
3.601024e-04
3.620214e-04
3.639232e-04
3.658079e-04
3.676752e-04
3.695252e-04
3.713576e-04
3.731725e-04
3.749697e-04
3.767492e-04
3.785108e-04
3.802545e-04
3.819803e-04
3.836879e-04
3.853774e-04
3.870486e-04
3.887015e-04
3.903360e-04
3.919520e-04
3.935495e-04
3.951283e-04
3.966884e-04
3.982297e-04
3.997522e-04
4.012557e-04
4.027402e-04
4.042056e-04
4.056519e-04
4.070790e-04
4.084868e-04
4.098753e-04
4.112443e-04
4.125939e-04
4.139239e-04
4.152342e-04
4.165250e-04
4.177959e-04
4.190471e-04
4.202785e-04
4.214899e-04
4.226813e-04
4.238527e-04
4.250041e-04
4.261352e-04
4.272462e-04
4.283370e-04
4.294074e-04
4.304575e-04
4.314872e-04
4.324964e-04
4.334851e-04
4.344533e-04
4.354009e-04
4.363279e-04
4.372341e-04
4.381197e-04
4.389844e-04
4.398284e-04
4.406515e-04
4.414537e-04
4.422350e-04
4.429953e-04
4.437347e-04
4.444529e-04
4.451502e-04
4.458263e-04
4.464812e-04
4.471150e-04
4.477276e-04
4.483190e-04
4.488891e-04
4.494379e-04
4.499654e-04
4.504716e-04
4.509564e-04
4.514198e-04
4.518619e-04
4.522825e-04
4.526816e-04
4.530593e-04
4.534155e-04
4.537502e-04
4.540634e-04
4.543550e-04
4.546251e-04
4.548736e-04
4.551006e-04
4.553060e-04
4.554898e-04
4.556520e-04
4.557925e-04
4.559115e-04
4.560088e-04
4.560845e-04
4.561386e-04
4.561711e-04
