3.775341e-04
3.775252e-04
3.774983e-04
3.774536e-04
3.773909e-04
3.773104e-04
3.772120e-04
3.770957e-04
3.769615e-04
3.768095e-04
3.766396e-04
3.764518e-04
3.762462e-04
3.760228e-04
3.757815e-04
3.755224e-04
3.752456e-04
3.749509e-04
3.746385e-04
3.743083e-04
3.739603e-04
3.735946e-04
3.732113e-04
3.728102e-04
3.723914e-04
3.719550e-04
3.715010e-04
3.710294e-04
3.705402e-04
3.700334e-04
3.695091e-04
3.689672e-04
3.684079e-04
3.678311e-04
3.672369e-04
3.666253e-04
3.659963e-04
3.653499e-04
3.646863e-04
3.640053e-04
3.633071e-04
3.625917e-04
3.618591e-04
3.611094e-04
3.603425e-04
3.595586e-04
3.587577e-04
3.579397e-04
3.571048e-04
3.562529e-04
3.553842e-04
3.544986e-04
3.535963e-04
3.526771e-04
3.517413e-04
3.507888e-04
3.498197e-04
3.488340e-04
3.478318e-04
3.468131e-04
3.457780e-04
3.447265e-04
3.436587e-04
3.425746e-04
3.414743e-04
3.403578e-04
3.392252e-04
3.380765e-04
3.369118e-04
3.357311e-04
3.345346e-04
3.333222e-04
3.320940e-04
3.308501e-04
3.295905e-04
3.283154e-04
3.270246e-04
3.257184e-04
3.243968e-04
3.230598e-04
3.217075e-04
3.203400e-04
3.189573e-04
3.175596e-04
3.161467e-04
3.147190e-04
3.132763e-04
3.118188e-04
3.103466e-04
3.088596e-04
3.073581e-04
3.058420e-04
3.043114e-04
3.027664e-04
3.012071e-04
2.996336e-04
2.980458e-04
2.964440e-04
2.948282e-04
2.931984e-04
2.915547e-04
2.898972e-04
2.882261e-04
2.865412e-04
2.848429e-04
2.831311e-04
2.814058e-04
2.796673e-04
2.779156e-04
2.761507e-04
2.743727e-04
2.725818e-04
2.707780e-04
2.689614e-04
2.671321e-04
2.652901e-04
2.634357e-04
2.615687e-04
2.596894e-04
2.577979e-04
2.558941e-04
2.539783e-04
2.520504e-04
2.501107e-04
2.481591e-04
2.461958e-04
2.442209e-04
2.422345e-04
2.402366e-04
2.382273e-04
2.362069e-04
2.341752e-04
2.321325e-04
2.300789e-04
2.280143e-04
2.259391e-04
2.238531e-04
2.217566e-04
2.196496e-04
2.175323e-04
2.154047e-04
2.132669e-04
2.111191e-04
2.089613e-04
2.067936e-04
2.046162e-04
2.024291e-04
2.002325e-04
1.980265e-04
1.958111e-04
1.935865e-04
1.913528e-04
1.891100e-04
1.868583e-04
1.845979e-04
1.823287e-04
1.800509e-04
1.777647e-04
1.754701e-04
1.731672e-04
1.708561e-04
1.685371e-04
1.662100e-04
1.638752e-04
1.615326e-04
1.591825e-04
1.568248e-04
1.544598e-04
1.520875e-04
1.497080e-04
1.473215e-04
1.449281e-04
1.425279e-04
1.401209e-04
1.377074e-04
1.352874e-04
1.328611e-04
1.304285e-04
1.279898e-04
1.255451e-04
1.230944e-04
1.206381e-04
1.181760e-04
1.157084e-04
1.132355e-04
1.107572e-04
1.082738e-04
1.057853e-04
1.032921e-04
1.007942e-04
9.829185e-05
9.578548e-05
9.327549e-05
9.076258e-05
8.824780e-05
8.573281e-05
8.322026e-05
8.071448e-05
7.822244e-05
7.575569e-05
7.333305e-05
7.098558e-05
6.876432e-05
6.675343e-05
6.509145e-05
6.400686e-05
6.387604e-05
6.531965e-05
6.936054e-05
7.768512e-05
9.307309e-05
1.201068e-04
1.663388e-04
2.442168e-04
3.742511e-04
5.902254e-04
9.477538e-04
1.538300e-03
2.512046e-03
4.114934e-03
6.747985e-03
1.106037e-02
1.809051e-02
2.946680e-02
4.765940e-02
7.621016e-02
1.197211e-01
1.831538e-01
2.698947e-01
3.786742e-01
5.012007e-01
6.235835e-01
7.319951e-01
8.182814e-01
8.812915e-01
9.244687e-01
9.527816e-01
9.708152e-01
9.820895e-01
9.890561e-01
9.933298e-01
9.959399e-01
9.975295e-01
9.984960e-01
9.990829e-01
9.994391e-01
9.996551e-01
9.997860e-01
9.998653e-01
9.999132e-01
9.999421e-01
9.999594e-01
9.999698e-01
9.999759e-01
9.999795e-01
9.999815e-01
9.999825e-01
9.999830e-01
9.999831e-01
9.999830e-01
9.999828e-01
9.999825e-01
9.999822e-01
9.999818e-01
9.999814e-01
9.999810e-01
9.999806e-01
9.999802e-01
9.999798e-01
9.999794e-01
9.999790e-01
9.999786e-01
9.999782e-01
9.999778e-01
9.999774e-01
9.999770e-01
9.999766e-01
9.999762e-01
9.999758e-01
9.999754e-01
9.999750e-01
9.999746e-01
9.999742e-01
9.999738e-01
9.999734e-01
9.999730e-01
9.999726e-01
9.999722e-01
9.999718e-01
9.999714e-01
9.999710e-01
9.999706e-01
9.999703e-01
9.999699e-01
9.999695e-01
9.999691e-01
9.999687e-01
9.999683e-01
9.999679e-01
9.999676e-01
9.999672e-01
9.999668e-01
9.999664e-01
9.999660e-01
9.999657e-01
9.999653e-01
9.999649e-01
9.999645e-01
9.999642e-01
9.999638e-01
9.999634e-01
9.999631e-01
9.999627e-01
9.999623e-01
9.999619e-01
9.999616e-01
9.999612e-01
9.999609e-01
9.999605e-01
9.999601e-01
9.999598e-01
9.999594e-01
9.999591e-01
9.999587e-01
9.999584e-01
9.999580e-01
9.999576e-01
9.999573e-01
9.999569e-01
9.999566e-01
9.999563e-01
9.999559e-01
9.999556e-01
9.999552e-01
9.999549e-01
9.999545e-01
9.999542e-01
9.999539e-01
9.999535e-01
9.999532e-01
9.999529e-01
9.999525e-01
9.999522e-01
9.999519e-01
9.999515e-01
9.999512e-01
9.999509e-01
9.999506e-01
9.999502e-01
9.999499e-01
9.999496e-01
9.999493e-01
9.999490e-01
9.999487e-01
9.999483e-01
9.999480e-01
9.999477e-01
9.999474e-01
9.999471e-01
9.999468e-01
9.999465e-01
9.999462e-01
9.999459e-01
9.999456e-01
9.999453e-01
9.999450e-01
9.999447e-01
9.999444e-01
9.999441e-01
9.999438e-01
9.999435e-01
9.999433e-01
9.999430e-01
9.999427e-01
9.999424e-01
9.999421e-01
9.999418e-01
9.999416e-01
9.999413e-01
9.999410e-01
9.999408e-01
9.999405e-01
9.999402e-01
9.999399e-01
9.999397e-01
9.999394e-01
9.999392e-01
9.999389e-01
9.999386e-01
9.999384e-01
9.999381e-01
9.999379e-01
9.999376e-01
9.999374e-01
9.999371e-01
9.999369e-01
9.999367e-01
9.999364e-01
9.999362e-01
9.999359e-01
9.999357e-01
9.999355e-01
9.999352e-01
9.999350e-01
9.999348e-01
9.999346e-01
9.999343e-01
9.999341e-01
9.999339e-01
9.999337e-01
9.999335e-01
9.999332e-01
9.999330e-01
9.999328e-01
9.999326e-01
9.999324e-01
9.999322e-01
9.999320e-01
9.999318e-01
9.999316e-01
9.999314e-01
9.999312e-01
9.999310e-01
9.999308e-01
9.999306e-01
9.999304e-01
9.999302e-01
9.999301e-01
9.999299e-01
9.999297e-01
9.999295e-01
9.999294e-01
9.999292e-01
9.999290e-01
9.999288e-01
9.999287e-01
9.999285e-01
9.999283e-01
9.999282e-01
9.999280e-01
9.999279e-01
9.999277e-01
9.999276e-01
9.999274e-01
9.999273e-01
9.999271e-01
9.999270e-01
9.999268e-01
9.999267e-01
9.999266e-01
9.999264e-01
9.999263e-01
9.999261e-01
9.999260e-01
9.999259e-01
9.999258e-01
9.999256e-01
9.999255e-01
9.999254e-01
9.999253e-01
9.999252e-01
9.999251e-01
9.999249e-01
9.999248e-01
9.999247e-01
9.999246e-01
9.999245e-01
9.999244e-01
9.999243e-01
9.999242e-01
9.999241e-01
9.999240e-01
9.999240e-01
9.999239e-01
9.999238e-01
9.999237e-01
9.999236e-01
9.999235e-01
9.999235e-01
9.999234e-01
9.999233e-01
9.999233e-01
9.999232e-01
9.999231e-01
9.999231e-01
9.999230e-01
9.999229e-01
9.999229e-01
9.999228e-01
9.999228e-01
9.999227e-01
9.999227e-01
9.999226e-01
9.999226e-01
9.999226e-01
9.999225e-01
9.999225e-01
9.999224e-01
9.999224e-01
9.999224e-01
9.999224e-01
9.999223e-01
9.999223e-01
9.999223e-01
9.999223e-01
9.999222e-01
9.999222e-01
9.999222e-01
9.999222e-01
9.999222e-01
9.999222e-01
9.999222e-01
9.999222e-01
9.999222e-01
9.999222e-01
9.999222e-01
9.999222e-01
9.999222e-01
9.999222e-01
9.999222e-01
9.999223e-01
9.999223e-01
9.999223e-01
9.999223e-01
9.999224e-01
9.999224e-01
9.999224e-01
9.999224e-01
9.999225e-01
9.999225e-01
9.999226e-01
9.999226e-01
9.999226e-01
9.999227e-01
9.999227e-01
9.999228e-01
9.999228e-01
9.999229e-01
9.999229e-01
9.999230e-01
9.999231e-01
9.999231e-01
9.999232e-01
9.999233e-01
9.999233e-01
9.999234e-01
9.999235e-01
9.999235e-01
9.999236e-01
9.999237e-01
9.999238e-01
9.999239e-01
9.999240e-01
9.999240e-01
9.999241e-01
9.999242e-01
9.999243e-01
9.999244e-01
9.999245e-01
9.999246e-01
9.999247e-01
9.999248e-01
9.999249e-01
9.999251e-01
9.999252e-01
9.999253e-01
9.999254e-01
9.999255e-01
9.999256e-01
9.999258e-01
9.999259e-01
9.999260e-01
9.999261e-01
9.999263e-01
9.999264e-01
9.999266e-01
9.999267e-01
9.999268e-01
9.999270e-01
9.999271e-01
9.999273e-01
9.999274e-01
9.999276e-01
9.999277e-01
9.999279e-01
9.999280e-01
9.999282e-01
9.999283e-01
9.999285e-01
9.999287e-01
9.999288e-01
9.999290e-01
9.999292e-01
9.999294e-01
9.999295e-01
9.999297e-01
9.999299e-01
9.999301e-01
9.999302e-01
9.999304e-01
9.999306e-01
9.999308e-01
9.999310e-01
9.999312e-01
9.999314e-01
9.999316e-01
9.999318e-01
9.999320e-01
9.999322e-01
9.999324e-01
9.999326e-01
9.999328e-01
9.999330e-01
9.999332e-01
9.999335e-01
9.999337e-01
9.999339e-01
9.999341e-01
9.999343e-01
9.999346e-01
9.999348e-01
9.999350e-01
9.999352e-01
9.999355e-01
9.999357e-01
9.999359e-01
9.999362e-01
9.999364e-01
9.999367e-01
9.999369e-01
9.999371e-01
9.999374e-01
9.999376e-01
9.999379e-01
9.999381e-01
9.999384e-01
9.999386e-01
9.999389e-01
9.999392e-01
9.999394e-01
9.999397e-01
9.999399e-01
9.999402e-01
9.999405e-01
9.999408e-01
9.999410e-01
9.999413e-01
9.999416e-01
9.999418e-01
9.999421e-01
9.999424e-01
9.999427e-01
9.999430e-01
9.999433e-01
9.999435e-01
9.999438e-01
9.999441e-01
9.999444e-01
9.999447e-01
9.999450e-01
9.999453e-01
9.999456e-01
9.999459e-01
9.999462e-01
9.999465e-01
9.999468e-01
9.999471e-01
9.999474e-01
9.999477e-01
9.999480e-01
9.999483e-01
9.999487e-01
9.999490e-01
9.999493e-01
9.999496e-01
9.999499e-01
9.999502e-01
9.999506e-01
9.999509e-01
9.999512e-01
9.999515e-01
9.999519e-01
9.999522e-01
9.999525e-01
9.999529e-01
9.999532e-01
9.999535e-01
9.999539e-01
9.999542e-01
9.999545e-01
9.999549e-01
9.999552e-01
9.999556e-01
9.999559e-01
9.999563e-01
9.999566e-01
9.999569e-01
9.999573e-01
9.999576e-01
9.999580e-01
9.999584e-01
9.999587e-01
9.999591e-01
9.999594e-01
9.999598e-01
9.999601e-01
9.999605e-01
9.999609e-01
9.999612e-01
9.999616e-01
9.999619e-01
9.999623e-01
9.999627e-01
9.999631e-01
9.999634e-01
9.999638e-01
9.999642e-01
9.999645e-01
9.999649e-01
9.999653e-01
9.999657e-01
9.999660e-01
9.999664e-01
9.999668e-01
9.999672e-01
9.999676e-01
9.999679e-01
9.999683e-01
9.999687e-01
9.999691e-01
9.999695e-01
9.999699e-01
9.999703e-01
9.999706e-01
9.999710e-01
9.999714e-01
9.999718e-01
9.999722e-01
9.999726e-01
9.999730e-01
9.999734e-01
9.999738e-01
9.999742e-01
9.999746e-01
9.999750e-01
9.999754e-01
9.999758e-01
9.999762e-01
9.999766e-01
9.999770e-01
9.999774e-01
9.999778e-01
9.999782e-01
9.999786e-01
9.999790e-01
9.999794e-01
9.999798e-01
9.999802e-01
9.999806e-01
9.999810e-01
9.999814e-01
9.999818e-01
9.999822e-01
9.999825e-01
9.999828e-01
9.999830e-01
9.999831e-01
9.999830e-01
9.999825e-01
9.999815e-01
9.999795e-01
9.999759e-01
9.999698e-01
9.999594e-01
9.999421e-01
9.999132e-01
9.998653e-01
9.997860e-01
9.996551e-01
9.994391e-01
9.990829e-01
9.984960e-01
9.975295e-01
9.959399e-01
9.933298e-01
9.890561e-01
9.820895e-01
9.708152e-01
9.527816e-01
9.244687e-01
8.812915e-01
8.182814e-01
7.319951e-01
6.235835e-01
5.012007e-01
3.786742e-01
2.698947e-01
1.831538e-01
1.197211e-01
7.621016e-02
4.765940e-02
2.946680e-02
1.809051e-02
1.106037e-02
6.747985e-03
4.114934e-03
2.512046e-03
1.538300e-03
9.477538e-04
5.902254e-04
3.742511e-04
2.442168e-04
1.663388e-04
1.201068e-04
9.307309e-05
7.768512e-05
6.936054e-05
6.531965e-05
6.387604e-05
6.400686e-05
6.509145e-05
6.675343e-05
6.876432e-05
7.098558e-05
7.333305e-05
7.575569e-05
7.822244e-05
8.071448e-05
8.322026e-05
8.573281e-05
8.824780e-05
9.076258e-05
9.327549e-05
9.578548e-05
9.829185e-05
1.007942e-04
1.032921e-04
1.057853e-04
1.082738e-04
1.107572e-04
1.132355e-04
1.157084e-04
1.181760e-04
1.206381e-04
1.230944e-04
1.255451e-04
1.279898e-04
1.304285e-04
1.328611e-04
1.352874e-04
1.377074e-04
1.401209e-04
1.425279e-04
1.449281e-04
1.473215e-04
1.497080e-04
1.520875e-04
1.544598e-04
1.568248e-04
1.591825e-04
1.615326e-04
1.638752e-04
1.662100e-04
1.685371e-04
1.708561e-04
1.731672e-04
1.754701e-04
1.777647e-04
1.800509e-04
1.823287e-04
1.845979e-04
1.868583e-04
1.891100e-04
1.913528e-04
1.935865e-04
1.958111e-04
1.980265e-04
2.002325e-04
2.024291e-04
2.046162e-04
2.067936e-04
2.089613e-04
2.111191e-04
2.132669e-04
2.154047e-04
2.175323e-04
2.196496e-04
2.217566e-04
2.238531e-04
2.259391e-04
2.280143e-04
2.300789e-04
2.321325e-04
2.341752e-04
2.362069e-04
2.382273e-04
2.402366e-04
2.422345e-04
2.442209e-04
2.461958e-04
2.481591e-04
2.501107e-04
2.520504e-04
2.539783e-04
2.558941e-04
2.577979e-04
2.596894e-04
2.615687e-04
2.634357e-04
2.652901e-04
2.671321e-04
2.689614e-04
2.707780e-04
2.725818e-04
2.743727e-04
2.761507e-04
2.779156e-04
2.796673e-04
2.814058e-04
2.831311e-04
2.848429e-04
2.865412e-04
2.882261e-04
2.898972e-04
2.915547e-04
2.931984e-04
2.948282e-04
2.964440e-04
2.980458e-04
2.996336e-04
3.012071e-04
3.027664e-04
3.043114e-04
3.058420e-04
3.073581e-04
3.088596e-04
3.103466e-04
3.118188e-04
3.132763e-04
3.147190e-04
3.161467e-04
3.175596e-04
3.189573e-04
3.203400e-04
3.217075e-04
3.230598e-04
3.243968e-04
3.257184e-04
3.270246e-04
3.283154e-04
3.295905e-04
3.308501e-04
3.320940e-04
3.333222e-04
3.345346e-04
3.357311e-04
3.369118e-04
3.380765e-04
3.392252e-04
3.403578e-04
3.414743e-04
3.425746e-04
3.436587e-04
3.447265e-04
3.457780e-04
3.468131e-04
3.478318e-04
3.488340e-04
3.498197e-04
3.507888e-04
3.517413e-04
3.526771e-04
3.535963e-04
3.544986e-04
3.553842e-04
3.562529e-04
3.571048e-04
3.579397e-04
3.587577e-04
3.595586e-04
3.603425e-04
3.611094e-04
3.618591e-04
3.625917e-04
3.633071e-04
3.640053e-04
3.646863e-04
3.653499e-04
3.659963e-04
3.666253e-04
3.672369e-04
3.678311e-04
3.684079e-04
3.689672e-04
3.695091e-04
3.700334e-04
3.705402e-04
3.710294e-04
3.715010e-04
3.719550e-04
3.723914e-04
3.728102e-04
3.732113e-04
3.735946e-04
3.739603e-04
3.743083e-04
3.746385e-04
3.749509e-04
3.752456e-04
3.755224e-04
3.757815e-04
3.760228e-04
3.762462e-04
3.764518e-04
3.766396e-04
3.768095e-04
3.769615e-04
3.770957e-04
3.772120e-04
3.773104e-04
3.773909e-04
3.774536e-04
3.774983e-04
3.775252e-04
