3.124433e-04
3.124359e-04
3.124137e-04
3.123767e-04
3.123249e-04
3.122583e-04
3.121769e-04
3.120807e-04
3.119697e-04
3.118439e-04
3.117033e-04
3.115480e-04
3.113779e-04
3.111931e-04
3.109935e-04
3.107791e-04
3.105501e-04
3.103063e-04
3.100478e-04
3.097747e-04
3.094868e-04
3.091843e-04
3.088671e-04
3.085353e-04
3.081889e-04
3.078279e-04
3.074523e-04
3.070621e-04
3.066574e-04
3.062382e-04
3.058044e-04
3.053561e-04
3.048934e-04
3.044163e-04
3.039247e-04
3.034187e-04
3.028983e-04
3.023636e-04
3.018146e-04
3.012512e-04
3.006736e-04
3.000818e-04
2.994757e-04
2.988554e-04
2.982210e-04
2.975725e-04
2.969099e-04
2.962332e-04
2.955424e-04
2.948377e-04
2.941190e-04
2.933864e-04
2.926398e-04
2.918795e-04
2.911052e-04
2.903172e-04
2.895155e-04
2.887000e-04
2.878709e-04
2.870281e-04
2.861718e-04
2.853019e-04
2.844184e-04
2.835215e-04
2.826112e-04
2.816875e-04
2.807505e-04
2.798002e-04
2.788366e-04
2.778598e-04
2.768699e-04
2.758668e-04
2.748507e-04
2.738216e-04
2.727795e-04
2.717245e-04
2.706567e-04
2.695760e-04
2.684826e-04
2.673764e-04
2.662576e-04
2.651262e-04
2.639823e-04
2.628258e-04
2.616570e-04
2.604757e-04
2.592821e-04
2.580762e-04
2.568582e-04
2.556279e-04
2.543856e-04
2.531313e-04
2.518649e-04
2.505867e-04
2.492966e-04
2.479947e-04
2.466810e-04
2.453557e-04
2.440188e-04
2.426704e-04
2.413104e-04
2.399391e-04
2.385564e-04
2.371624e-04
2.357572e-04
2.343409e-04
2.329135e-04
2.314751e-04
2.300257e-04
2.285654e-04
2.270944e-04
2.256126e-04
2.241201e-04
2.226170e-04
2.211035e-04
2.195794e-04
2.180450e-04
2.165003e-04
2.149453e-04
2.133802e-04
2.118050e-04
2.102198e-04
2.086247e-04
2.070197e-04
2.054049e-04
2.037805e-04
2.021464e-04
2.005027e-04
1.988496e-04
1.971871e-04
1.955153e-04
1.938342e-04
1.921440e-04
1.904447e-04
1.887364e-04
1.870192e-04
1.852932e-04
1.835584e-04
1.818150e-04
1.800630e-04
1.783025e-04
1.765335e-04
1.747563e-04
1.729708e-04
1.711771e-04
1.693754e-04
1.675656e-04
1.657480e-04
1.639225e-04
1.620894e-04
1.602485e-04
1.584001e-04
1.565443e-04
1.546810e-04
1.528105e-04
1.509328e-04
1.490479e-04
1.471560e-04
1.452572e-04
1.433516e-04
1.414392e-04
1.395201e-04
1.375945e-04
1.356623e-04
1.337238e-04
1.317790e-04
1.298280e-04
1.278709e-04
1.259077e-04
1.239387e-04
1.219637e-04
1.199831e-04
1.179968e-04
1.160050e-04
1.140077e-04
1.120050e-04
1.099971e-04
1.079840e-04
1.059658e-04
1.039427e-04
1.019147e-04
9.988185e-05
9.784435e-05
9.580227e-05
9.375570e-05
9.170476e-05
8.964956e-05
8.759023e-05
8.552691e-05
8.345977e-05
8.138904e-05
7.931504e-05
7.723818e-05
7.515916e-05
7.307900e-05
7.099936e-05
6.892285e-05
6.685382e-05
6.479924e-05
6.277068e-05
6.078700e-05
5.887937e-05
5.709898e-05
5.553031e-05
5.431239e-05
5.367453e-05
5.399456e-05
5.589546e-05
6.040399e-05
6.921303e-05
8.511293e-05
1.127037e-04
1.595673e-04
2.381995e-04
3.691903e-04
5.864547e-04
9.458231e-04
1.539115e-03
2.517092e-03
4.126646e-03
6.770326e-03
1.109973e-02
1.815705e-02
2.957626e-02
4.783518e-02
7.648458e-02
1.201333e-01
1.837402e-01
2.706679e-01
3.795978e-01
5.021824e-01
6.245054e-01
7.327658e-01
8.188659e-01
8.817030e-01
9.247439e-01
9.529593e-01
9.709275e-01
9.821597e-01
9.890998e-01
9.933571e-01
9.959571e-01
9.975405e-01
9.985032e-01
9.990879e-01
9.994428e-01
9.996580e-01
9.997884e-01
9.998673e-01
9.999151e-01
9.999439e-01
9.999613e-01
9.999716e-01
9.999778e-01
9.999814e-01
9.999834e-01
9.999845e-01
9.999850e-01
9.999851e-01
9.999851e-01
9.999849e-01
9.999847e-01
9.999844e-01
9.999841e-01
9.999837e-01
9.999834e-01
9.999830e-01
9.999826e-01
9.999823e-01
9.999819e-01
9.999816e-01
9.999812e-01
9.999808e-01
9.999805e-01
9.999801e-01
9.999798e-01
9.999794e-01
9.999790e-01
9.999787e-01
9.999783e-01
9.999780e-01
9.999776e-01
9.999772e-01
9.999769e-01
9.999765e-01
9.999762e-01
9.999758e-01
9.999755e-01
9.999751e-01
9.999748e-01
9.999744e-01
9.999741e-01
9.999737e-01
9.999734e-01
9.999730e-01
9.999727e-01
9.999723e-01
9.999720e-01
9.999717e-01
9.999713e-01
9.999710e-01
9.999706e-01
9.999703e-01
9.999699e-01
9.999696e-01
9.999693e-01
9.999689e-01
9.999686e-01
9.999683e-01
9.999679e-01
9.999676e-01
9.999673e-01
9.999669e-01
9.999666e-01
9.999663e-01
9.999660e-01
9.999656e-01
9.999653e-01
9.999650e-01
9.999647e-01
9.999643e-01
9.999640e-01
9.999637e-01
9.999634e-01
9.999631e-01
9.999627e-01
9.999624e-01
9.999621e-01
9.999618e-01
9.999615e-01
9.999612e-01
9.999609e-01
9.999606e-01
9.999602e-01
9.999599e-01
9.999596e-01
9.999593e-01
9.999590e-01
9.999587e-01
9.999584e-01
9.999581e-01
9.999578e-01
9.999575e-01
9.999572e-01
9.999569e-01
9.999566e-01
9.999564e-01
9.999561e-01
9.999558e-01
9.999555e-01
9.999552e-01
9.999549e-01
9.999546e-01
9.999544e-01
9.999541e-01
9.999538e-01
9.999535e-01
9.999532e-01
9.999530e-01
9.999527e-01
9.999524e-01
9.999521e-01
9.999519e-01
9.999516e-01
9.999513e-01
9.999511e-01
9.999508e-01
9.999505e-01
9.999503e-01
9.999500e-01
9.999498e-01
9.999495e-01
9.999493e-01
9.999490e-01
9.999487e-01
9.999485e-01
9.999482e-01
9.999480e-01
9.999478e-01
9.999475e-01
9.999473e-01
9.999470e-01
9.999468e-01
9.999465e-01
9.999463e-01
9.999461e-01
9.999458e-01
9.999456e-01
9.999454e-01
9.999451e-01
9.999449e-01
9.999447e-01
9.999445e-01
9.999442e-01
9.999440e-01
9.999438e-01
9.999436e-01
9.999434e-01
9.999432e-01
9.999429e-01
9.999427e-01
9.999425e-01
9.999423e-01
9.999421e-01
9.999419e-01
9.999417e-01
9.999415e-01
9.999413e-01
9.999411e-01
9.999409e-01
9.999407e-01
9.999405e-01
9.999403e-01
9.999401e-01
9.999399e-01
9.999398e-01
9.999396e-01
9.999394e-01
9.999392e-01
9.999390e-01
9.999389e-01
9.999387e-01
9.999385e-01
9.999383e-01
9.999382e-01
9.999380e-01
9.999378e-01
9.999377e-01
9.999375e-01
9.999373e-01
9.999372e-01
9.999370e-01
9.999369e-01
9.999367e-01
9.999366e-01
9.999364e-01
9.999363e-01
9.999361e-01
9.999360e-01
9.999358e-01
9.999357e-01
9.999356e-01
9.999354e-01
9.999353e-01
9.999351e-01
9.999350e-01
9.999349e-01
9.999348e-01
9.999346e-01
9.999345e-01
9.999344e-01
9.999343e-01
9.999341e-01
9.999340e-01
9.999339e-01
9.999338e-01
9.999337e-01
9.999336e-01
9.999335e-01
9.999334e-01
9.999333e-01
9.999332e-01
9.999331e-01
9.999330e-01
9.999329e-01
9.999328e-01
9.999327e-01
9.999326e-01
9.999325e-01
9.999324e-01
9.999323e-01
9.999323e-01
9.999322e-01
9.999321e-01
9.999320e-01
9.999320e-01
9.999319e-01
9.999318e-01
9.999317e-01
9.999317e-01
9.999316e-01
9.999315e-01
9.999315e-01
9.999314e-01
9.999314e-01
9.999313e-01
9.999313e-01
9.999312e-01
9.999312e-01
9.999311e-01
9.999311e-01
9.999310e-01
9.999310e-01
9.999310e-01
9.999309e-01
9.999309e-01
9.999308e-01
9.999308e-01
9.999308e-01
9.999308e-01
9.999307e-01
9.999307e-01
9.999307e-01
9.999307e-01
9.999307e-01
9.999306e-01
9.999306e-01
9.999306e-01
9.999306e-01
9.999306e-01
9.999306e-01
9.999306e-01
9.999306e-01
9.999306e-01
9.999306e-01
9.999306e-01
9.999306e-01
9.999306e-01
9.999306e-01
9.999306e-01
9.999307e-01
9.999307e-01
9.999307e-01
9.999307e-01
9.999307e-01
9.999308e-01
9.999308e-01
9.999308e-01
9.999308e-01
9.999309e-01
9.999309e-01
9.999310e-01
9.999310e-01
9.999310e-01
9.999311e-01
9.999311e-01
9.999312e-01
9.999312e-01
9.999313e-01
9.999313e-01
9.999314e-01
9.999314e-01
9.999315e-01
9.999315e-01
9.999316e-01
9.999317e-01
9.999317e-01
9.999318e-01
9.999319e-01
9.999320e-01
9.999320e-01
9.999321e-01
9.999322e-01
9.999323e-01
9.999323e-01
9.999324e-01
9.999325e-01
9.999326e-01
9.999327e-01
9.999328e-01
9.999329e-01
9.999330e-01
9.999331e-01
9.999332e-01
9.999333e-01
9.999334e-01
9.999335e-01
9.999336e-01
9.999337e-01
9.999338e-01
9.999339e-01
9.999340e-01
9.999341e-01
9.999343e-01
9.999344e-01
9.999345e-01
9.999346e-01
9.999348e-01
9.999349e-01
9.999350e-01
9.999351e-01
9.999353e-01
9.999354e-01
9.999356e-01
9.999357e-01
9.999358e-01
9.999360e-01
9.999361e-01
9.999363e-01
9.999364e-01
9.999366e-01
9.999367e-01
9.999369e-01
9.999370e-01
9.999372e-01
9.999373e-01
9.999375e-01
9.999377e-01
9.999378e-01
9.999380e-01
9.999382e-01
9.999383e-01
9.999385e-01
9.999387e-01
9.999389e-01
9.999390e-01
9.999392e-01
9.999394e-01
9.999396e-01
9.999398e-01
9.999399e-01
9.999401e-01
9.999403e-01
9.999405e-01
9.999407e-01
9.999409e-01
9.999411e-01
9.999413e-01
9.999415e-01
9.999417e-01
9.999419e-01
9.999421e-01
9.999423e-01
9.999425e-01
9.999427e-01
9.999429e-01
9.999432e-01
9.999434e-01
9.999436e-01
9.999438e-01
9.999440e-01
9.999442e-01
9.999445e-01
9.999447e-01
9.999449e-01
9.999451e-01
9.999454e-01
9.999456e-01
9.999458e-01
9.999461e-01
9.999463e-01
9.999465e-01
9.999468e-01
9.999470e-01
9.999473e-01
9.999475e-01
9.999478e-01
9.999480e-01
9.999482e-01
9.999485e-01
9.999487e-01
9.999490e-01
9.999493e-01
9.999495e-01
9.999498e-01
9.999500e-01
9.999503e-01
9.999505e-01
9.999508e-01
9.999511e-01
9.999513e-01
9.999516e-01
9.999519e-01
9.999521e-01
9.999524e-01
9.999527e-01
9.999530e-01
9.999532e-01
9.999535e-01
9.999538e-01
9.999541e-01
9.999544e-01
9.999546e-01
9.999549e-01
9.999552e-01
9.999555e-01
9.999558e-01
9.999561e-01
9.999564e-01
9.999566e-01
9.999569e-01
9.999572e-01
9.999575e-01
9.999578e-01
9.999581e-01
9.999584e-01
9.999587e-01
9.999590e-01
9.999593e-01
9.999596e-01
9.999599e-01
9.999602e-01
9.999606e-01
9.999609e-01
9.999612e-01
9.999615e-01
9.999618e-01
9.999621e-01
9.999624e-01
9.999627e-01
9.999631e-01
9.999634e-01
9.999637e-01
9.999640e-01
9.999643e-01
9.999647e-01
9.999650e-01
9.999653e-01
9.999656e-01
9.999660e-01
9.999663e-01
9.999666e-01
9.999669e-01
9.999673e-01
9.999676e-01
9.999679e-01
9.999683e-01
9.999686e-01
9.999689e-01
9.999693e-01
9.999696e-01
9.999699e-01
9.999703e-01
9.999706e-01
9.999710e-01
9.999713e-01
9.999717e-01
9.999720e-01
9.999723e-01
9.999727e-01
9.999730e-01
9.999734e-01
9.999737e-01
9.999741e-01
9.999744e-01
9.999748e-01
9.999751e-01
9.999755e-01
9.999758e-01
9.999762e-01
9.999765e-01
9.999769e-01
9.999772e-01
9.999776e-01
9.999780e-01
9.999783e-01
9.999787e-01
9.999790e-01
9.999794e-01
9.999798e-01
9.999801e-01
9.999805e-01
9.999808e-01
9.999812e-01
9.999816e-01
9.999819e-01
9.999823e-01
9.999826e-01
9.999830e-01
9.999834e-01
9.999837e-01
9.999841e-01
9.999844e-01
9.999847e-01
9.999849e-01
9.999851e-01
9.999851e-01
9.999850e-01
9.999845e-01
9.999834e-01
9.999814e-01
9.999778e-01
9.999716e-01
9.999613e-01
9.999439e-01
9.999151e-01
9.998673e-01
9.997884e-01
9.996580e-01
9.994428e-01
9.990879e-01
9.985032e-01
9.975405e-01
9.959571e-01
9.933571e-01
9.890998e-01
9.821597e-01
9.709275e-01
9.529593e-01
9.247439e-01
8.817030e-01
8.188659e-01
7.327658e-01
6.245054e-01
5.021824e-01
3.795978e-01
2.706679e-01
1.837402e-01
1.201333e-01
7.648458e-02
4.783518e-02
2.957626e-02
1.815705e-02
1.109973e-02
6.770326e-03
4.126646e-03
2.517092e-03
1.539115e-03
9.458231e-04
5.864547e-04
3.691903e-04
2.381995e-04
1.595673e-04
1.127037e-04
8.511293e-05
6.921303e-05
6.040399e-05
5.589546e-05
5.399456e-05
5.367453e-05
5.431239e-05
5.553031e-05
5.709898e-05
5.887937e-05
6.078700e-05
6.277068e-05
6.479924e-05
6.685382e-05
6.892285e-05
7.099936e-05
7.307900e-05
7.515916e-05
7.723818e-05
7.931504e-05
8.138904e-05
8.345977e-05
8.552691e-05
8.759023e-05
8.964956e-05
9.170476e-05
9.375570e-05
9.580227e-05
9.784435e-05
9.988185e-05
1.019147e-04
1.039427e-04
1.059658e-04
1.079840e-04
1.099971e-04
1.120050e-04
1.140077e-04
1.160050e-04
1.179968e-04
1.199831e-04
1.219637e-04
1.239387e-04
1.259077e-04
1.278709e-04
1.298280e-04
1.317790e-04
1.337238e-04
1.356623e-04
1.375945e-04
1.395201e-04
1.414392e-04
1.433516e-04
1.452572e-04
1.471560e-04
1.490479e-04
1.509328e-04
1.528105e-04
1.546810e-04
1.565443e-04
1.584001e-04
1.602485e-04
1.620894e-04
1.639225e-04
1.657480e-04
1.675656e-04
1.693754e-04
1.711771e-04
1.729708e-04
1.747563e-04
1.765335e-04
1.783025e-04
1.800630e-04
1.818150e-04
1.835584e-04
1.852932e-04
1.870192e-04
1.887364e-04
1.904447e-04
1.921440e-04
1.938342e-04
1.955153e-04
1.971871e-04
1.988496e-04
2.005027e-04
2.021464e-04
2.037805e-04
2.054049e-04
2.070197e-04
2.086247e-04
2.102198e-04
2.118050e-04
2.133802e-04
2.149453e-04
2.165003e-04
2.180450e-04
2.195794e-04
2.211035e-04
2.226170e-04
2.241201e-04
2.256126e-04
2.270944e-04
2.285654e-04
2.300257e-04
2.314751e-04
2.329135e-04
2.343409e-04
2.357572e-04
2.371624e-04
2.385564e-04
2.399391e-04
2.413104e-04
2.426704e-04
2.440188e-04
2.453557e-04
2.466810e-04
2.479947e-04
2.492966e-04
2.505867e-04
2.518649e-04
2.531313e-04
2.543856e-04
2.556279e-04
2.568582e-04
2.580762e-04
2.592821e-04
2.604757e-04
2.616570e-04
2.628258e-04
2.639823e-04
2.651262e-04
2.662576e-04
2.673764e-04
2.684826e-04
2.695760e-04
2.706567e-04
2.717245e-04
2.727795e-04
2.738216e-04
2.748507e-04
2.758668e-04
2.768699e-04
2.778598e-04
2.788366e-04
2.798002e-04
2.807505e-04
2.816875e-04
2.826112e-04
2.835215e-04
2.844184e-04
2.853019e-04
2.861718e-04
2.870281e-04
2.878709e-04
2.887000e-04
2.895155e-04
2.903172e-04
2.911052e-04
2.918795e-04
2.926398e-04
2.933864e-04
2.941190e-04
2.948377e-04
2.955424e-04
2.962332e-04
2.969099e-04
2.975725e-04
2.982210e-04
2.988554e-04
2.994757e-04
3.000818e-04
3.006736e-04
3.012512e-04
3.018146e-04
3.023636e-04
3.028983e-04
3.034187e-04
3.039247e-04
3.044163e-04
3.048934e-04
3.053561e-04
3.058044e-04
3.062382e-04
3.066574e-04
3.070621e-04
3.074523e-04
3.078279e-04
3.081889e-04
3.085353e-04
3.088671e-04
3.091843e-04
3.094868e-04
3.097747e-04
3.100478e-04
3.103063e-04
3.105501e-04
3.107791e-04
3.109935e-04
3.111931e-04
3.113779e-04
3.115480e-04
3.117033e-04
3.118439e-04
3.119697e-04
3.120807e-04
3.121769e-04
3.122583e-04
3.123249e-04
3.123767e-04
3.124137e-04
3.124359e-04
