2.139982e-04
2.139931e-04
2.139779e-04
2.139526e-04
2.139171e-04
2.138715e-04
2.138158e-04
2.137499e-04
2.136740e-04
2.135879e-04
2.134917e-04
2.133854e-04
2.132690e-04
2.131424e-04
2.130058e-04
2.128591e-04
2.127024e-04
2.125355e-04
2.123586e-04
2.121717e-04
2.119746e-04
2.117676e-04
2.115505e-04
2.113234e-04
2.110863e-04
2.108392e-04
2.105822e-04
2.103151e-04
2.100381e-04
2.097512e-04
2.094543e-04
2.091475e-04
2.088308e-04
2.085042e-04
2.081677e-04
2.078214e-04
2.074653e-04
2.070993e-04
2.067235e-04
2.063379e-04
2.059426e-04
2.055375e-04
2.051227e-04
2.046981e-04
2.042639e-04
2.038200e-04
2.033665e-04
2.029033e-04
2.024305e-04
2.019482e-04
2.014563e-04
2.009548e-04
2.004439e-04
1.999234e-04
1.993935e-04
1.988541e-04
1.983054e-04
1.977472e-04
1.971797e-04
1.966028e-04
1.960167e-04
1.954213e-04
1.948166e-04
1.942027e-04
1.935796e-04
1.929473e-04
1.923060e-04
1.916555e-04
1.909959e-04
1.903273e-04
1.896497e-04
1.889631e-04
1.882676e-04
1.875632e-04
1.868499e-04
1.861278e-04
1.853968e-04
1.846571e-04
1.839086e-04
1.831515e-04
1.823857e-04
1.816112e-04
1.808282e-04
1.800366e-04
1.792364e-04
1.784279e-04
1.776108e-04
1.767854e-04
1.759516e-04
1.751095e-04
1.742590e-04
1.734004e-04
1.725336e-04
1.716585e-04
1.707754e-04
1.698842e-04
1.689850e-04
1.680777e-04
1.671626e-04
1.662395e-04
1.653085e-04
1.643698e-04
1.634232e-04
1.624690e-04
1.615070e-04
1.605375e-04
1.595603e-04
1.585756e-04
1.575834e-04
1.565837e-04
1.555767e-04
1.545622e-04
1.535405e-04
1.525116e-04
1.514754e-04
1.504320e-04
1.493816e-04
1.483241e-04
1.472595e-04
1.461881e-04
1.451097e-04
1.440244e-04
1.429324e-04
1.418336e-04
1.407281e-04
1.396159e-04
1.384972e-04
1.373719e-04
1.362401e-04
1.351019e-04
1.339573e-04
1.328064e-04
1.316492e-04
1.304858e-04
1.293162e-04
1.281405e-04
1.269588e-04
1.257711e-04
1.245774e-04
1.233779e-04
1.221725e-04
1.209614e-04
1.197445e-04
1.185221e-04
1.172940e-04
1.160603e-04
1.148212e-04
1.135767e-04
1.123268e-04
1.110717e-04
1.098113e-04
1.085457e-04
1.072749e-04
1.059992e-04
1.047184e-04
1.034327e-04
1.021421e-04
1.008467e-04
9.954651e-05
9.824166e-05
9.693217e-05
9.561811e-05
9.429955e-05
9.297654e-05
9.164915e-05
9.031745e-05
8.898148e-05
8.764133e-05
8.629705e-05
8.494870e-05
8.359635e-05
8.224007e-05
8.087991e-05
7.951595e-05
7.814824e-05
7.677686e-05
7.540186e-05
7.402331e-05
7.264128e-05
7.125585e-05
6.986705e-05
6.847498e-05
6.707969e-05
6.568126e-05
6.427975e-05
6.287526e-05
6.146785e-05
6.005763e-05
5.864470e-05
5.722923e-05
5.581138e-05
5.439146e-05
5.296986e-05
5.154723e-05
5.012457e-05
4.870353e-05
4.728670e-05
4.587840e-05
4.448563e-05
4.311998e-05
4.180038e-05
4.055816e-05
3.944474e-05
3.854503e-05
3.799883e-05
3.803669e-05
3.903853e-05
4.163081e-05
4.684608e-05
5.638679e-05
7.305914e-05
1.014894e-04
1.493027e-04
2.290665e-04
3.614889e-04
5.806795e-04
9.427895e-04
1.540165e-03
2.524431e-03
4.143884e-03
6.803338e-03
1.115800e-02
1.825564e-02
2.973849e-02
4.809571e-02
7.689124e-02
1.207440e-01
1.846084e-01
2.718116e-01
3.809628e-01
5.036315e-01
6.258646e-01
7.339010e-01
8.197261e-01
8.823085e-01
9.251484e-01
9.532206e-01
9.710928e-01
9.822631e-01
9.891642e-01
9.933973e-01
9.959824e-01
9.975568e-01
9.985141e-01
9.990954e-01
9.994483e-01
9.996623e-01
9.997920e-01
9.998706e-01
9.999182e-01
9.999469e-01
9.999642e-01
9.999746e-01
9.999808e-01
9.999844e-01
9.999865e-01
9.999876e-01
9.999882e-01
9.999885e-01
9.999885e-01
9.999884e-01
9.999882e-01
9.999880e-01
9.999877e-01
9.999875e-01
9.999872e-01
9.999869e-01
9.999866e-01
9.999863e-01
9.999861e-01
9.999858e-01
9.999855e-01
9.999852e-01
9.999849e-01
9.999846e-01
9.999843e-01
9.999840e-01
9.999837e-01
9.999835e-01
9.999832e-01
9.999829e-01
9.999826e-01
9.999823e-01
9.999820e-01
9.999818e-01
9.999815e-01
9.999812e-01
9.999809e-01
9.999806e-01
9.999803e-01
9.999801e-01
9.999798e-01
9.999795e-01
9.999792e-01
9.999789e-01
9.999787e-01
9.999784e-01
9.999781e-01
9.999778e-01
9.999776e-01
9.999773e-01
9.999770e-01
9.999768e-01
9.999765e-01
9.999762e-01
9.999759e-01
9.999757e-01
9.999754e-01
9.999751e-01
9.999749e-01
9.999746e-01
9.999743e-01
9.999741e-01
9.999738e-01
9.999735e-01
9.999733e-01
9.999730e-01
9.999728e-01
9.999725e-01
9.999722e-01
9.999720e-01
9.999717e-01
9.999715e-01
9.999712e-01
9.999710e-01
9.999707e-01
9.999705e-01
9.999702e-01
9.999700e-01
9.999697e-01
9.999695e-01
9.999692e-01
9.999690e-01
9.999687e-01
9.999685e-01
9.999682e-01
9.999680e-01
9.999677e-01
9.999675e-01
9.999673e-01
9.999670e-01
9.999668e-01
9.999665e-01
9.999663e-01
9.999661e-01
9.999658e-01
9.999656e-01
9.999654e-01
9.999651e-01
9.999649e-01
9.999647e-01
9.999644e-01
9.999642e-01
9.999640e-01
9.999638e-01
9.999635e-01
9.999633e-01
9.999631e-01
9.999629e-01
9.999627e-01
9.999624e-01
9.999622e-01
9.999620e-01
9.999618e-01
9.999616e-01
9.999614e-01
9.999611e-01
9.999609e-01
9.999607e-01
9.999605e-01
9.999603e-01
9.999601e-01
9.999599e-01
9.999597e-01
9.999595e-01
9.999593e-01
9.999591e-01
9.999589e-01
9.999587e-01
9.999585e-01
9.999583e-01
9.999581e-01
9.999579e-01
9.999577e-01
9.999575e-01
9.999573e-01
9.999572e-01
9.999570e-01
9.999568e-01
9.999566e-01
9.999564e-01
9.999562e-01
9.999561e-01
9.999559e-01
9.999557e-01
9.999555e-01
9.999553e-01
9.999552e-01
9.999550e-01
9.999548e-01
9.999547e-01
9.999545e-01
9.999543e-01
9.999542e-01
9.999540e-01
9.999538e-01
9.999537e-01
9.999535e-01
9.999533e-01
9.999532e-01
9.999530e-01
9.999529e-01
9.999527e-01
9.999526e-01
9.999524e-01
9.999523e-01
9.999521e-01
9.999520e-01
9.999518e-01
9.999517e-01
9.999515e-01
9.999514e-01
9.999513e-01
9.999511e-01
9.999510e-01
9.999509e-01
9.999507e-01
9.999506e-01
9.999505e-01
9.999503e-01
9.999502e-01
9.999501e-01
9.999500e-01
9.999498e-01
9.999497e-01
9.999496e-01
9.999495e-01
9.999493e-01
9.999492e-01
9.999491e-01
9.999490e-01
9.999489e-01
9.999488e-01
9.999487e-01
9.999486e-01
9.999485e-01
9.999484e-01
9.999483e-01
9.999482e-01
9.999481e-01
9.999480e-01
9.999479e-01
9.999478e-01
9.999477e-01
9.999476e-01
9.999475e-01
9.999474e-01
9.999473e-01
9.999472e-01
9.999471e-01
9.999471e-01
9.999470e-01
9.999469e-01
9.999468e-01
9.999467e-01
9.999467e-01
9.999466e-01
9.999465e-01
9.999464e-01
9.999464e-01
9.999463e-01
9.999462e-01
9.999462e-01
9.999461e-01
9.999461e-01
9.999460e-01
9.999459e-01
9.999459e-01
9.999458e-01
9.999458e-01
9.999457e-01
9.999457e-01
9.999456e-01
9.999456e-01
9.999455e-01
9.999455e-01
9.999454e-01
9.999454e-01
9.999454e-01
9.999453e-01
9.999453e-01
9.999453e-01
9.999452e-01
9.999452e-01
9.999452e-01
9.999451e-01
9.999451e-01
9.999451e-01
9.999451e-01
9.999450e-01
9.999450e-01
9.999450e-01
9.999450e-01
9.999450e-01
9.999450e-01
9.999449e-01
9.999449e-01
9.999449e-01
9.999449e-01
9.999449e-01
9.999449e-01
9.999449e-01
9.999449e-01
9.999449e-01
9.999449e-01
9.999449e-01
9.999449e-01
9.999449e-01
9.999449e-01
9.999449e-01
9.999450e-01
9.999450e-01
9.999450e-01
9.999450e-01
9.999450e-01
9.999450e-01
9.999451e-01
9.999451e-01
9.999451e-01
9.999451e-01
9.999452e-01
9.999452e-01
9.999452e-01
9.999453e-01
9.999453e-01
9.999453e-01
9.999454e-01
9.999454e-01
9.999454e-01
9.999455e-01
9.999455e-01
9.999456e-01
9.999456e-01
9.999457e-01
9.999457e-01
9.999458e-01
9.999458e-01
9.999459e-01
9.999459e-01
9.999460e-01
9.999461e-01
9.999461e-01
9.999462e-01
9.999462e-01
9.999463e-01
9.999464e-01
9.999464e-01
9.999465e-01
9.999466e-01
9.999467e-01
9.999467e-01
9.999468e-01
9.999469e-01
9.999470e-01
9.999471e-01
9.999471e-01
9.999472e-01
9.999473e-01
9.999474e-01
9.999475e-01
9.999476e-01
9.999477e-01
9.999478e-01
9.999479e-01
9.999480e-01
9.999481e-01
9.999482e-01
9.999483e-01
9.999484e-01
9.999485e-01
9.999486e-01
9.999487e-01
9.999488e-01
9.999489e-01
9.999490e-01
9.999491e-01
9.999492e-01
9.999493e-01
9.999495e-01
9.999496e-01
9.999497e-01
9.999498e-01
9.999500e-01
9.999501e-01
9.999502e-01
9.999503e-01
9.999505e-01
9.999506e-01
9.999507e-01
9.999509e-01
9.999510e-01
9.999511e-01
9.999513e-01
9.999514e-01
9.999515e-01
9.999517e-01
9.999518e-01
9.999520e-01
9.999521e-01
9.999523e-01
9.999524e-01
9.999526e-01
9.999527e-01
9.999529e-01
9.999530e-01
9.999532e-01
9.999533e-01
9.999535e-01
9.999537e-01
9.999538e-01
9.999540e-01
9.999542e-01
9.999543e-01
9.999545e-01
9.999547e-01
9.999548e-01
9.999550e-01
9.999552e-01
9.999553e-01
9.999555e-01
9.999557e-01
9.999559e-01
9.999561e-01
9.999562e-01
9.999564e-01
9.999566e-01
9.999568e-01
9.999570e-01
9.999572e-01
9.999573e-01
9.999575e-01
9.999577e-01
9.999579e-01
9.999581e-01
9.999583e-01
9.999585e-01
9.999587e-01
9.999589e-01
9.999591e-01
9.999593e-01
9.999595e-01
9.999597e-01
9.999599e-01
9.999601e-01
9.999603e-01
9.999605e-01
9.999607e-01
9.999609e-01
9.999611e-01
9.999614e-01
9.999616e-01
9.999618e-01
9.999620e-01
9.999622e-01
9.999624e-01
9.999627e-01
9.999629e-01
9.999631e-01
9.999633e-01
9.999635e-01
9.999638e-01
9.999640e-01
9.999642e-01
9.999644e-01
9.999647e-01
9.999649e-01
9.999651e-01
9.999654e-01
9.999656e-01
9.999658e-01
9.999661e-01
9.999663e-01
9.999665e-01
9.999668e-01
9.999670e-01
9.999673e-01
9.999675e-01
9.999677e-01
9.999680e-01
9.999682e-01
9.999685e-01
9.999687e-01
9.999690e-01
9.999692e-01
9.999695e-01
9.999697e-01
9.999700e-01
9.999702e-01
9.999705e-01
9.999707e-01
9.999710e-01
9.999712e-01
9.999715e-01
9.999717e-01
9.999720e-01
9.999722e-01
9.999725e-01
9.999728e-01
9.999730e-01
9.999733e-01
9.999735e-01
9.999738e-01
9.999741e-01
9.999743e-01
9.999746e-01
9.999749e-01
9.999751e-01
9.999754e-01
9.999757e-01
9.999759e-01
9.999762e-01
9.999765e-01
9.999768e-01
9.999770e-01
9.999773e-01
9.999776e-01
9.999778e-01
9.999781e-01
9.999784e-01
9.999787e-01
9.999789e-01
9.999792e-01
9.999795e-01
9.999798e-01
9.999801e-01
9.999803e-01
9.999806e-01
9.999809e-01
9.999812e-01
9.999815e-01
9.999818e-01
9.999820e-01
9.999823e-01
9.999826e-01
9.999829e-01
9.999832e-01
9.999835e-01
9.999837e-01
9.999840e-01
9.999843e-01
9.999846e-01
9.999849e-01
9.999852e-01
9.999855e-01
9.999858e-01
9.999861e-01
9.999863e-01
9.999866e-01
9.999869e-01
9.999872e-01
9.999875e-01
9.999877e-01
9.999880e-01
9.999882e-01
9.999884e-01
9.999885e-01
9.999885e-01
9.999882e-01
9.999876e-01
9.999865e-01
9.999844e-01
9.999808e-01
9.999746e-01
9.999642e-01
9.999469e-01
9.999182e-01
9.998706e-01
9.997920e-01
9.996623e-01
9.994483e-01
9.990954e-01
9.985141e-01
9.975568e-01
9.959824e-01
9.933973e-01
9.891642e-01
9.822631e-01
9.710928e-01
9.532206e-01
9.251484e-01
8.823085e-01
8.197261e-01
7.339010e-01
6.258646e-01
5.036315e-01
3.809628e-01
2.718116e-01
1.846084e-01
1.207440e-01
7.689124e-02
4.809571e-02
2.973849e-02
1.825564e-02
1.115800e-02
6.803338e-03
4.143884e-03
2.524431e-03
1.540165e-03
9.427895e-04
5.806795e-04
3.614889e-04
2.290665e-04
1.493027e-04
1.014894e-04
7.305914e-05
5.638679e-05
4.684608e-05
4.163081e-05
3.903853e-05
3.803669e-05
3.799883e-05
3.854503e-05
3.944474e-05
4.055816e-05
4.180038e-05
4.311998e-05
4.448563e-05
4.587840e-05
4.728670e-05
4.870353e-05
5.012457e-05
5.154723e-05
5.296986e-05
5.439146e-05
5.581138e-05
5.722923e-05
5.864470e-05
6.005763e-05
6.146785e-05
6.287526e-05
6.427975e-05
6.568126e-05
6.707969e-05
6.847498e-05
6.986705e-05
7.125585e-05
7.264128e-05
7.402331e-05
7.540186e-05
7.677686e-05
7.814824e-05
7.951595e-05
8.087991e-05
8.224007e-05
8.359635e-05
8.494870e-05
8.629705e-05
8.764133e-05
8.898148e-05
9.031745e-05
9.164915e-05
9.297654e-05
9.429955e-05
9.561811e-05
9.693217e-05
9.824166e-05
9.954651e-05
1.008467e-04
1.021421e-04
1.034327e-04
1.047184e-04
1.059992e-04
1.072749e-04
1.085457e-04
1.098113e-04
1.110717e-04
1.123268e-04
1.135767e-04
1.148212e-04
1.160603e-04
1.172940e-04
1.185221e-04
1.197445e-04
1.209614e-04
1.221725e-04
1.233779e-04
1.245774e-04
1.257711e-04
1.269588e-04
1.281405e-04
1.293162e-04
1.304858e-04
1.316492e-04
1.328064e-04
1.339573e-04
1.351019e-04
1.362401e-04
1.373719e-04
1.384972e-04
1.396159e-04
1.407281e-04
1.418336e-04
1.429324e-04
1.440244e-04
1.451097e-04
1.461881e-04
1.472595e-04
1.483241e-04
1.493816e-04
1.504320e-04
1.514754e-04
1.525116e-04
1.535405e-04
1.545622e-04
1.555767e-04
1.565837e-04
1.575834e-04
1.585756e-04
1.595603e-04
1.605375e-04
1.615070e-04
1.624690e-04
1.634232e-04
1.643698e-04
1.653085e-04
1.662395e-04
1.671626e-04
1.680777e-04
1.689850e-04
1.698842e-04
1.707754e-04
1.716585e-04
1.725336e-04
1.734004e-04
1.742590e-04
1.751095e-04
1.759516e-04
1.767854e-04
1.776108e-04
1.784279e-04
1.792364e-04
1.800366e-04
1.808282e-04
1.816112e-04
1.823857e-04
1.831515e-04
1.839086e-04
1.846571e-04
1.853968e-04
1.861278e-04
1.868499e-04
1.875632e-04
1.882676e-04
1.889631e-04
1.896497e-04
1.903273e-04
1.909959e-04
1.916555e-04
1.923060e-04
1.929473e-04
1.935796e-04
1.942027e-04
1.948166e-04
1.954213e-04
1.960167e-04
1.966028e-04
1.971797e-04
1.977472e-04
1.983054e-04
1.988541e-04
1.993935e-04
1.999234e-04
2.004439e-04
2.009548e-04
2.014563e-04
2.019482e-04
2.024305e-04
2.029033e-04
2.033665e-04
2.038200e-04
2.042639e-04
2.046981e-04
2.051227e-04
2.055375e-04
2.059426e-04
2.063379e-04
2.067235e-04
2.070993e-04
2.074653e-04
2.078214e-04
2.081677e-04
2.085042e-04
2.088308e-04
2.091475e-04
2.094543e-04
2.097512e-04
2.100381e-04
2.103151e-04
2.105822e-04
2.108392e-04
2.110863e-04
2.113234e-04
2.115505e-04
2.117676e-04
2.119746e-04
2.121717e-04
2.123586e-04
2.125355e-04
2.127024e-04
2.128591e-04
2.130058e-04
2.131424e-04
2.132690e-04
2.133854e-04
2.134917e-04
2.135879e-04
2.136740e-04
2.137499e-04
2.138158e-04
2.138715e-04
2.139171e-04
2.139526e-04
2.139779e-04
2.139931e-04
