2.585758e-04
2.585697e-04
2.585513e-04
2.585207e-04
2.584778e-04
2.584227e-04
2.583553e-04
2.582757e-04
2.581839e-04
2.580799e-04
2.579636e-04
2.578351e-04
2.576944e-04
2.575414e-04
2.573763e-04
2.571990e-04
2.570095e-04
2.568078e-04
2.565940e-04
2.563680e-04
2.561299e-04
2.558796e-04
2.556172e-04
2.553427e-04
2.550562e-04
2.547575e-04
2.544467e-04
2.541240e-04
2.537891e-04
2.534423e-04
2.530834e-04
2.527126e-04
2.523298e-04
2.519350e-04
2.515283e-04
2.511097e-04
2.506793e-04
2.502369e-04
2.497827e-04
2.493166e-04
2.488388e-04
2.483491e-04
2.478477e-04
2.473346e-04
2.468097e-04
2.462732e-04
2.457250e-04
2.451651e-04
2.445937e-04
2.440107e-04
2.434161e-04
2.428100e-04
2.421923e-04
2.415633e-04
2.409227e-04
2.402708e-04
2.396075e-04
2.389329e-04
2.382469e-04
2.375497e-04
2.368412e-04
2.361215e-04
2.353906e-04
2.346486e-04
2.338955e-04
2.331313e-04
2.323560e-04
2.315698e-04
2.307726e-04
2.299645e-04
2.291455e-04
2.283156e-04
2.274750e-04
2.266235e-04
2.257614e-04
2.248886e-04
2.240051e-04
2.231110e-04
2.222064e-04
2.212912e-04
2.203656e-04
2.194295e-04
2.184831e-04
2.175263e-04
2.165592e-04
2.155819e-04
2.145944e-04
2.135967e-04
2.125889e-04
2.115711e-04
2.105432e-04
2.095054e-04
2.084577e-04
2.074001e-04
2.063328e-04
2.052556e-04
2.041687e-04
2.030722e-04
2.019661e-04
2.008504e-04
1.997253e-04
1.985906e-04
1.974466e-04
1.962933e-04
1.951307e-04
1.939588e-04
1.927778e-04
1.915876e-04
1.903884e-04
1.891802e-04
1.879631e-04
1.867371e-04
1.855022e-04
1.842586e-04
1.830063e-04
1.817453e-04
1.804757e-04
1.791976e-04
1.779110e-04
1.766160e-04
1.753127e-04
1.740011e-04
1.726813e-04
1.713533e-04
1.700172e-04
1.686731e-04
1.673210e-04
1.659610e-04
1.645931e-04
1.632175e-04
1.618342e-04
1.604433e-04
1.590447e-04
1.576387e-04
1.562252e-04
1.548043e-04
1.533761e-04
1.519407e-04
1.504981e-04
1.490484e-04
1.475917e-04
1.461280e-04
1.446574e-04
1.431800e-04
1.416958e-04
1.402049e-04
1.387074e-04
1.372034e-04
1.356929e-04
1.341760e-04
1.326528e-04
1.311233e-04
1.295876e-04
1.280458e-04
1.264980e-04
1.249442e-04
1.233845e-04
1.218190e-04
1.202478e-04
1.186709e-04
1.170884e-04
1.155004e-04
1.139069e-04
1.123081e-04
1.107040e-04
1.090946e-04
1.074802e-04
1.058606e-04
1.042361e-04
1.026067e-04
1.009724e-04
9.933342e-05
9.768973e-05
9.604145e-05
9.438864e-05
9.273140e-05
9.106979e-05
8.940390e-05
8.773380e-05
8.605959e-05
8.438132e-05
8.269910e-05
8.101299e-05
7.932310e-05
7.762948e-05
7.593225e-05
7.423149e-05
7.252733e-05
7.081987e-05
6.910929e-05
6.739579e-05
6.567967e-05
6.396133e-05
6.224146e-05
6.052105e-05
5.880176e-05
5.708619e-05
5.537868e-05
5.368621e-05
5.202036e-05
5.040003e-05
4.885647e-05
4.744102e-05
4.623838e-05
4.538800e-05
4.511989e-05
4.581301e-05
4.809228e-05
5.298764e-05
6.219723e-05
7.852017e-05
1.065709e-04
1.539551e-04
2.332083e-04
3.649852e-04
5.833083e-04
9.441845e-04
1.539723e-03
2.521162e-03
4.136168e-03
6.788535e-03
1.113185e-02
1.821138e-02
2.966565e-02
4.797872e-02
7.670865e-02
1.204699e-01
1.842186e-01
2.712984e-01
3.803505e-01
5.029816e-01
6.252553e-01
7.333923e-01
8.193407e-01
8.820373e-01
9.249672e-01
9.531036e-01
9.710188e-01
9.822168e-01
9.891354e-01
9.933793e-01
9.959710e-01
9.975495e-01
9.985092e-01
9.990921e-01
9.994458e-01
9.996603e-01
9.997904e-01
9.998691e-01
9.999168e-01
9.999455e-01
9.999629e-01
9.999732e-01
9.999794e-01
9.999830e-01
9.999851e-01
9.999862e-01
9.999867e-01
9.999869e-01
9.999869e-01
9.999868e-01
9.999866e-01
9.999863e-01
9.999860e-01
9.999857e-01
9.999854e-01
9.999851e-01
9.999848e-01
9.999844e-01
9.999841e-01
9.999838e-01
9.999835e-01
9.999832e-01
9.999828e-01
9.999825e-01
9.999822e-01
9.999819e-01
9.999815e-01
9.999812e-01
9.999809e-01
9.999806e-01
9.999803e-01
9.999799e-01
9.999796e-01
9.999793e-01
9.999790e-01
9.999787e-01
9.999784e-01
9.999780e-01
9.999777e-01
9.999774e-01
9.999771e-01
9.999768e-01
9.999765e-01
9.999762e-01
9.999759e-01
9.999756e-01
9.999752e-01
9.999749e-01
9.999746e-01
9.999743e-01
9.999740e-01
9.999737e-01
9.999734e-01
9.999731e-01
9.999728e-01
9.999725e-01
9.999722e-01
9.999719e-01
9.999716e-01
9.999713e-01
9.999710e-01
9.999707e-01
9.999704e-01
9.999701e-01
9.999698e-01
9.999695e-01
9.999693e-01
9.999690e-01
9.999687e-01
9.999684e-01
9.999681e-01
9.999678e-01
9.999675e-01
9.999672e-01
9.999670e-01
9.999667e-01
9.999664e-01
9.999661e-01
9.999658e-01
9.999656e-01
9.999653e-01
9.999650e-01
9.999647e-01
9.999644e-01
9.999642e-01
9.999639e-01
9.999636e-01
9.999634e-01
9.999631e-01
9.999628e-01
9.999626e-01
9.999623e-01
9.999620e-01
9.999618e-01
9.999615e-01
9.999612e-01
9.999610e-01
9.999607e-01
9.999605e-01
9.999602e-01
9.999600e-01
9.999597e-01
9.999594e-01
9.999592e-01
9.999589e-01
9.999587e-01
9.999584e-01
9.999582e-01
9.999580e-01
9.999577e-01
9.999575e-01
9.999572e-01
9.999570e-01
9.999567e-01
9.999565e-01
9.999563e-01
9.999560e-01
9.999558e-01
9.999556e-01
9.999553e-01
9.999551e-01
9.999549e-01
9.999546e-01
9.999544e-01
9.999542e-01
9.999540e-01
9.999537e-01
9.999535e-01
9.999533e-01
9.999531e-01
9.999529e-01
9.999527e-01
9.999524e-01
9.999522e-01
9.999520e-01
9.999518e-01
9.999516e-01
9.999514e-01
9.999512e-01
9.999510e-01
9.999508e-01
9.999506e-01
9.999504e-01
9.999502e-01
9.999500e-01
9.999498e-01
9.999496e-01
9.999494e-01
9.999492e-01
9.999490e-01
9.999488e-01
9.999486e-01
9.999485e-01
9.999483e-01
9.999481e-01
9.999479e-01
9.999477e-01
9.999476e-01
9.999474e-01
9.999472e-01
9.999470e-01
9.999469e-01
9.999467e-01
9.999465e-01
9.999464e-01
9.999462e-01
9.999460e-01
9.999459e-01
9.999457e-01
9.999456e-01
9.999454e-01
9.999452e-01
9.999451e-01
9.999449e-01
9.999448e-01
9.999446e-01
9.999445e-01
9.999443e-01
9.999442e-01
9.999441e-01
9.999439e-01
9.999438e-01
9.999436e-01
9.999435e-01
9.999434e-01
9.999432e-01
9.999431e-01
9.999430e-01
9.999428e-01
9.999427e-01
9.999426e-01
9.999425e-01
9.999423e-01
9.999422e-01
9.999421e-01
9.999420e-01
9.999419e-01
9.999418e-01
9.999417e-01
9.999415e-01
9.999414e-01
9.999413e-01
9.999412e-01
9.999411e-01
9.999410e-01
9.999409e-01
9.999408e-01
9.999407e-01
9.999406e-01
9.999405e-01
9.999404e-01
9.999404e-01
9.999403e-01
9.999402e-01
9.999401e-01
9.999400e-01
9.999399e-01
9.999399e-01
9.999398e-01
9.999397e-01
9.999396e-01
9.999396e-01
9.999395e-01
9.999394e-01
9.999394e-01
9.999393e-01
9.999392e-01
9.999392e-01
9.999391e-01
9.999391e-01
9.999390e-01
9.999389e-01
9.999389e-01
9.999388e-01
9.999388e-01
9.999387e-01
9.999387e-01
9.999387e-01
9.999386e-01
9.999386e-01
9.999385e-01
9.999385e-01
9.999385e-01
9.999384e-01
9.999384e-01
9.999384e-01
9.999383e-01
9.999383e-01
9.999383e-01
9.999383e-01
9.999382e-01
9.999382e-01
9.999382e-01
9.999382e-01
9.999382e-01
9.999382e-01
9.999382e-01
9.999382e-01
9.999381e-01
9.999381e-01
9.999381e-01
9.999381e-01
9.999381e-01
9.999381e-01
9.999381e-01
9.999382e-01
9.999382e-01
9.999382e-01
9.999382e-01
9.999382e-01
9.999382e-01
9.999382e-01
9.999382e-01
9.999383e-01
9.999383e-01
9.999383e-01
9.999383e-01
9.999384e-01
9.999384e-01
9.999384e-01
9.999385e-01
9.999385e-01
9.999385e-01
9.999386e-01
9.999386e-01
9.999387e-01
9.999387e-01
9.999387e-01
9.999388e-01
9.999388e-01
9.999389e-01
9.999389e-01
9.999390e-01
9.999391e-01
9.999391e-01
9.999392e-01
9.999392e-01
9.999393e-01
9.999394e-01
9.999394e-01
9.999395e-01
9.999396e-01
9.999396e-01
9.999397e-01
9.999398e-01
9.999399e-01
9.999399e-01
9.999400e-01
9.999401e-01
9.999402e-01
9.999403e-01
9.999404e-01
9.999404e-01
9.999405e-01
9.999406e-01
9.999407e-01
9.999408e-01
9.999409e-01
9.999410e-01
9.999411e-01
9.999412e-01
9.999413e-01
9.999414e-01
9.999415e-01
9.999417e-01
9.999418e-01
9.999419e-01
9.999420e-01
9.999421e-01
9.999422e-01
9.999423e-01
9.999425e-01
9.999426e-01
9.999427e-01
9.999428e-01
9.999430e-01
9.999431e-01
9.999432e-01
9.999434e-01
9.999435e-01
9.999436e-01
9.999438e-01
9.999439e-01
9.999441e-01
9.999442e-01
9.999443e-01
9.999445e-01
9.999446e-01
9.999448e-01
9.999449e-01
9.999451e-01
9.999452e-01
9.999454e-01
9.999456e-01
9.999457e-01
9.999459e-01
9.999460e-01
9.999462e-01
9.999464e-01
9.999465e-01
9.999467e-01
9.999469e-01
9.999470e-01
9.999472e-01
9.999474e-01
9.999476e-01
9.999477e-01
9.999479e-01
9.999481e-01
9.999483e-01
9.999485e-01
9.999486e-01
9.999488e-01
9.999490e-01
9.999492e-01
9.999494e-01
9.999496e-01
9.999498e-01
9.999500e-01
9.999502e-01
9.999504e-01
9.999506e-01
9.999508e-01
9.999510e-01
9.999512e-01
9.999514e-01
9.999516e-01
9.999518e-01
9.999520e-01
9.999522e-01
9.999524e-01
9.999527e-01
9.999529e-01
9.999531e-01
9.999533e-01
9.999535e-01
9.999537e-01
9.999540e-01
9.999542e-01
9.999544e-01
9.999546e-01
9.999549e-01
9.999551e-01
9.999553e-01
9.999556e-01
9.999558e-01
9.999560e-01
9.999563e-01
9.999565e-01
9.999567e-01
9.999570e-01
9.999572e-01
9.999575e-01
9.999577e-01
9.999580e-01
9.999582e-01
9.999584e-01
9.999587e-01
9.999589e-01
9.999592e-01
9.999594e-01
9.999597e-01
9.999600e-01
9.999602e-01
9.999605e-01
9.999607e-01
9.999610e-01
9.999612e-01
9.999615e-01
9.999618e-01
9.999620e-01
9.999623e-01
9.999626e-01
9.999628e-01
9.999631e-01
9.999634e-01
9.999636e-01
9.999639e-01
9.999642e-01
9.999644e-01
9.999647e-01
9.999650e-01
9.999653e-01
9.999656e-01
9.999658e-01
9.999661e-01
9.999664e-01
9.999667e-01
9.999670e-01
9.999672e-01
9.999675e-01
9.999678e-01
9.999681e-01
9.999684e-01
9.999687e-01
9.999690e-01
9.999693e-01
9.999695e-01
9.999698e-01
9.999701e-01
9.999704e-01
9.999707e-01
9.999710e-01
9.999713e-01
9.999716e-01
9.999719e-01
9.999722e-01
9.999725e-01
9.999728e-01
9.999731e-01
9.999734e-01
9.999737e-01
9.999740e-01
9.999743e-01
9.999746e-01
9.999749e-01
9.999752e-01
9.999756e-01
9.999759e-01
9.999762e-01
9.999765e-01
9.999768e-01
9.999771e-01
9.999774e-01
9.999777e-01
9.999780e-01
9.999784e-01
9.999787e-01
9.999790e-01
9.999793e-01
9.999796e-01
9.999799e-01
9.999803e-01
9.999806e-01
9.999809e-01
9.999812e-01
9.999815e-01
9.999819e-01
9.999822e-01
9.999825e-01
9.999828e-01
9.999832e-01
9.999835e-01
9.999838e-01
9.999841e-01
9.999844e-01
9.999848e-01
9.999851e-01
9.999854e-01
9.999857e-01
9.999860e-01
9.999863e-01
9.999866e-01
9.999868e-01
9.999869e-01
9.999869e-01
9.999867e-01
9.999862e-01
9.999851e-01
9.999830e-01
9.999794e-01
9.999732e-01
9.999629e-01
9.999455e-01
9.999168e-01
9.998691e-01
9.997904e-01
9.996603e-01
9.994458e-01
9.990921e-01
9.985092e-01
9.975495e-01
9.959710e-01
9.933793e-01
9.891354e-01
9.822168e-01
9.710188e-01
9.531036e-01
9.249672e-01
8.820373e-01
8.193407e-01
7.333923e-01
6.252553e-01
5.029816e-01
3.803505e-01
2.712984e-01
1.842186e-01
1.204699e-01
7.670865e-02
4.797872e-02
2.966565e-02
1.821138e-02
1.113185e-02
6.788535e-03
4.136168e-03
2.521162e-03
1.539723e-03
9.441845e-04
5.833083e-04
3.649852e-04
2.332083e-04
1.539551e-04
1.065709e-04
7.852017e-05
6.219723e-05
5.298764e-05
4.809228e-05
4.581301e-05
4.511989e-05
4.538800e-05
4.623838e-05
4.744102e-05
4.885647e-05
5.040003e-05
5.202036e-05
5.368621e-05
5.537868e-05
5.708619e-05
5.880176e-05
6.052105e-05
6.224146e-05
6.396133e-05
6.567967e-05
6.739579e-05
6.910929e-05
7.081987e-05
7.252733e-05
7.423149e-05
7.593225e-05
7.762948e-05
7.932310e-05
8.101299e-05
8.269910e-05
8.438132e-05
8.605959e-05
8.773380e-05
8.940390e-05
9.106979e-05
9.273140e-05
9.438864e-05
9.604145e-05
9.768973e-05
9.933342e-05
1.009724e-04
1.026067e-04
1.042361e-04
1.058606e-04
1.074802e-04
1.090946e-04
1.107040e-04
1.123081e-04
1.139069e-04
1.155004e-04
1.170884e-04
1.186709e-04
1.202478e-04
1.218190e-04
1.233845e-04
1.249442e-04
1.264980e-04
1.280458e-04
1.295876e-04
1.311233e-04
1.326528e-04
1.341760e-04
1.356929e-04
1.372034e-04
1.387074e-04
1.402049e-04
1.416958e-04
1.431800e-04
1.446574e-04
1.461280e-04
1.475917e-04
1.490484e-04
1.504981e-04
1.519407e-04
1.533761e-04
1.548043e-04
1.562252e-04
1.576387e-04
1.590447e-04
1.604433e-04
1.618342e-04
1.632175e-04
1.645931e-04
1.659610e-04
1.673210e-04
1.686731e-04
1.700172e-04
1.713533e-04
1.726813e-04
1.740011e-04
1.753127e-04
1.766160e-04
1.779110e-04
1.791976e-04
1.804757e-04
1.817453e-04
1.830063e-04
1.842586e-04
1.855022e-04
1.867371e-04
1.879631e-04
1.891802e-04
1.903884e-04
1.915876e-04
1.927778e-04
1.939588e-04
1.951307e-04
1.962933e-04
1.974466e-04
1.985906e-04
1.997253e-04
2.008504e-04
2.019661e-04
2.030722e-04
2.041687e-04
2.052556e-04
2.063328e-04
2.074001e-04
2.084577e-04
2.095054e-04
2.105432e-04
2.115711e-04
2.125889e-04
2.135967e-04
2.145944e-04
2.155819e-04
2.165592e-04
2.175263e-04
2.184831e-04
2.194295e-04
2.203656e-04
2.212912e-04
2.222064e-04
2.231110e-04
2.240051e-04
2.248886e-04
2.257614e-04
2.266235e-04
2.274750e-04
2.283156e-04
2.291455e-04
2.299645e-04
2.307726e-04
2.315698e-04
2.323560e-04
2.331313e-04
2.338955e-04
2.346486e-04
2.353906e-04
2.361215e-04
2.368412e-04
2.375497e-04
2.382469e-04
2.389329e-04
2.396075e-04
2.402708e-04
2.409227e-04
2.415633e-04
2.421923e-04
2.428100e-04
2.434161e-04
2.440107e-04
2.445937e-04
2.451651e-04
2.457250e-04
2.462732e-04
2.468097e-04
2.473346e-04
2.478477e-04
2.483491e-04
2.488388e-04
2.493166e-04
2.497827e-04
2.502369e-04
2.506793e-04
2.511097e-04
2.515283e-04
2.519350e-04
2.523298e-04
2.527126e-04
2.530834e-04
2.534423e-04
2.537891e-04
2.541240e-04
2.544467e-04
2.547575e-04
2.550562e-04
2.553427e-04
2.556172e-04
2.558796e-04
2.561299e-04
2.563680e-04
2.565940e-04
2.568078e-04
2.570095e-04
2.571990e-04
2.573763e-04
2.575414e-04
2.576944e-04
2.578351e-04
2.579636e-04
2.580799e-04
2.581839e-04
2.582757e-04
2.583553e-04
2.584227e-04
2.584778e-04
2.585207e-04
2.585513e-04
2.585697e-04
