1.465836e-04
1.465801e-04
1.465697e-04
1.465524e-04
1.465281e-04
1.464969e-04
1.464588e-04
1.464137e-04
1.463617e-04
1.463028e-04
1.462369e-04
1.461641e-04
1.460845e-04
1.459979e-04
1.459044e-04
1.458039e-04
1.456966e-04
1.455824e-04
1.454613e-04
1.453334e-04
1.451985e-04
1.450568e-04
1.449082e-04
1.447528e-04
1.445905e-04
1.444213e-04
1.442454e-04
1.440626e-04
1.438730e-04
1.436765e-04
1.434733e-04
1.432633e-04
1.430465e-04
1.428230e-04
1.425927e-04
1.423556e-04
1.421118e-04
1.418613e-04
1.416041e-04
1.413402e-04
1.410696e-04
1.407923e-04
1.405083e-04
1.402177e-04
1.399205e-04
1.396166e-04
1.393062e-04
1.389891e-04
1.386655e-04
1.383353e-04
1.379986e-04
1.376554e-04
1.373056e-04
1.369493e-04
1.365866e-04
1.362174e-04
1.358418e-04
1.354597e-04
1.350712e-04
1.346763e-04
1.342751e-04
1.338675e-04
1.334536e-04
1.330334e-04
1.326068e-04
1.321740e-04
1.317350e-04
1.312897e-04
1.308382e-04
1.303805e-04
1.299167e-04
1.294467e-04
1.289706e-04
1.284884e-04
1.280001e-04
1.275058e-04
1.270054e-04
1.264990e-04
1.259867e-04
1.254683e-04
1.249441e-04
1.244139e-04
1.238779e-04
1.233360e-04
1.227883e-04
1.222347e-04
1.216754e-04
1.211104e-04
1.205396e-04
1.199631e-04
1.193809e-04
1.187931e-04
1.181997e-04
1.176007e-04
1.169961e-04
1.163860e-04
1.157704e-04
1.151493e-04
1.145228e-04
1.138909e-04
1.132536e-04
1.126109e-04
1.119629e-04
1.113096e-04
1.106511e-04
1.099873e-04
1.093183e-04
1.086442e-04
1.079649e-04
1.072806e-04
1.065911e-04
1.058966e-04
1.051972e-04
1.044927e-04
1.037833e-04
1.030690e-04
1.023499e-04
1.016259e-04
1.008971e-04
1.001635e-04
9.942521e-05
9.868222e-05
9.793457e-05
9.718229e-05
9.642542e-05
9.566399e-05
9.489805e-05
9.412763e-05
9.335276e-05
9.257348e-05
9.178983e-05
9.100185e-05
9.020957e-05
8.941303e-05
8.861227e-05
8.780733e-05
8.699824e-05
8.618504e-05
8.536778e-05
8.454648e-05
8.372120e-05
8.289196e-05
8.205882e-05
8.122180e-05
8.038094e-05
7.953630e-05
7.868790e-05
7.783578e-05
7.698000e-05
7.612058e-05
7.525757e-05
7.439102e-05
7.352095e-05
7.264742e-05
7.177046e-05
7.089011e-05
7.000642e-05
6.911944e-05
6.822919e-05
6.733572e-05
6.643908e-05
6.553931e-05
6.463645e-05
6.373054e-05
6.282163e-05
6.190976e-05
6.099497e-05
6.007731e-05
5.915682e-05
5.823354e-05
5.730751e-05
5.637880e-05
5.544742e-05
5.451343e-05
5.357687e-05
5.263780e-05
5.169624e-05
5.075226e-05
4.980588e-05
4.885717e-05
4.790615e-05
4.695289e-05
4.599742e-05
4.503981e-05
4.408008e-05
4.311832e-05
4.215456e-05
4.118891e-05
4.022143e-05
3.925227e-05
3.828158e-05
3.730964e-05
3.633682e-05
3.536376e-05
3.439144e-05
3.342148e-05
3.245647e-05
3.150073e-05
3.056125e-05
2.964964e-05
2.878489e-05
2.799840e-05
2.734178e-05
2.690022e-05
2.681399e-05
2.731451e-05
2.878303e-05
3.184836e-05
3.754685e-05
4.758728e-05
6.478635e-05
9.378763e-05
1.422450e-04
2.227732e-04
3.561585e-04
5.766395e-04
9.405795e-04
1.540673e-03
2.529117e-03
4.155138e-03
6.825050e-03
1.119644e-02
1.832078e-02
2.984578e-02
4.826804e-02
7.716025e-02
1.211479e-01
1.851822e-01
2.725671e-01
3.818635e-01
5.045865e-01
6.267594e-01
7.346476e-01
8.202914e-01
8.827061e-01
9.254141e-01
9.533922e-01
9.712013e-01
9.823310e-01
9.892066e-01
9.934238e-01
9.959992e-01
9.975677e-01
9.985213e-01
9.991006e-01
9.994521e-01
9.996654e-01
9.997947e-01
9.998730e-01
9.999204e-01
9.999491e-01
9.999664e-01
9.999768e-01
9.999830e-01
9.999867e-01
9.999889e-01
9.999901e-01
9.999907e-01
9.999910e-01
9.999911e-01
9.999910e-01
9.999909e-01
9.999908e-01
9.999906e-01
9.999904e-01
9.999901e-01
9.999899e-01
9.999897e-01
9.999895e-01
9.999892e-01
9.999890e-01
9.999888e-01
9.999885e-01
9.999883e-01
9.999881e-01
9.999879e-01
9.999876e-01
9.999874e-01
9.999872e-01
9.999869e-01
9.999867e-01
9.999865e-01
9.999863e-01
9.999860e-01
9.999858e-01
9.999856e-01
9.999854e-01
9.999851e-01
9.999849e-01
9.999847e-01
9.999845e-01
9.999842e-01
9.999840e-01
9.999838e-01
9.999836e-01
9.999834e-01
9.999831e-01
9.999829e-01
9.999827e-01
9.999825e-01
9.999823e-01
9.999820e-01
9.999818e-01
9.999816e-01
9.999814e-01
9.999812e-01
9.999810e-01
9.999807e-01
9.999805e-01
9.999803e-01
9.999801e-01
9.999799e-01
9.999797e-01
9.999795e-01
9.999793e-01
9.999791e-01
9.999789e-01
9.999786e-01
9.999784e-01
9.999782e-01
9.999780e-01
9.999778e-01
9.999776e-01
9.999774e-01
9.999772e-01
9.999770e-01
9.999768e-01
9.999766e-01
9.999764e-01
9.999762e-01
9.999760e-01
9.999758e-01
9.999756e-01
9.999754e-01
9.999752e-01
9.999750e-01
9.999748e-01
9.999746e-01
9.999744e-01
9.999742e-01
9.999741e-01
9.999739e-01
9.999737e-01
9.999735e-01
9.999733e-01
9.999731e-01
9.999729e-01
9.999727e-01
9.999726e-01
9.999724e-01
9.999722e-01
9.999720e-01
9.999718e-01
9.999716e-01
9.999715e-01
9.999713e-01
9.999711e-01
9.999709e-01
9.999708e-01
9.999706e-01
9.999704e-01
9.999702e-01
9.999701e-01
9.999699e-01
9.999697e-01
9.999695e-01
9.999694e-01
9.999692e-01
9.999690e-01
9.999689e-01
9.999687e-01
9.999685e-01
9.999684e-01
9.999682e-01
9.999681e-01
9.999679e-01
9.999677e-01
9.999676e-01
9.999674e-01
9.999673e-01
9.999671e-01
9.999669e-01
9.999668e-01
9.999666e-01
9.999665e-01
9.999663e-01
9.999662e-01
9.999660e-01
9.999659e-01
9.999657e-01
9.999656e-01
9.999654e-01
9.999653e-01
9.999652e-01
9.999650e-01
9.999649e-01
9.999647e-01
9.999646e-01
9.999645e-01
9.999643e-01
9.999642e-01
9.999641e-01
9.999639e-01
9.999638e-01
9.999637e-01
9.999635e-01
9.999634e-01
9.999633e-01
9.999631e-01
9.999630e-01
9.999629e-01
9.999628e-01
9.999626e-01
9.999625e-01
9.999624e-01
9.999623e-01
9.999622e-01
9.999620e-01
9.999619e-01
9.999618e-01
9.999617e-01
9.999616e-01
9.999615e-01
9.999614e-01
9.999613e-01
9.999611e-01
9.999610e-01
9.999609e-01
9.999608e-01
9.999607e-01
9.999606e-01
9.999605e-01
9.999604e-01
9.999603e-01
9.999602e-01
9.999601e-01
9.999600e-01
9.999599e-01
9.999598e-01
9.999598e-01
9.999597e-01
9.999596e-01
9.999595e-01
9.999594e-01
9.999593e-01
9.999592e-01
9.999591e-01
9.999591e-01
9.999590e-01
9.999589e-01
9.999588e-01
9.999587e-01
9.999587e-01
9.999586e-01
9.999585e-01
9.999585e-01
9.999584e-01
9.999583e-01
9.999582e-01
9.999582e-01
9.999581e-01
9.999580e-01
9.999580e-01
9.999579e-01
9.999579e-01
9.999578e-01
9.999577e-01
9.999577e-01
9.999576e-01
9.999576e-01
9.999575e-01
9.999575e-01
9.999574e-01
9.999574e-01
9.999573e-01
9.999573e-01
9.999572e-01
9.999572e-01
9.999571e-01
9.999571e-01
9.999570e-01
9.999570e-01
9.999570e-01
9.999569e-01
9.999569e-01
9.999569e-01
9.999568e-01
9.999568e-01
9.999568e-01
9.999567e-01
9.999567e-01
9.999567e-01
9.999566e-01
9.999566e-01
9.999566e-01
9.999566e-01
9.999566e-01
9.999565e-01
9.999565e-01
9.999565e-01
9.999565e-01
9.999565e-01
9.999565e-01
9.999564e-01
9.999564e-01
9.999564e-01
9.999564e-01
9.999564e-01
9.999564e-01
9.999564e-01
9.999564e-01
9.999564e-01
9.999564e-01
9.999564e-01
9.999564e-01
9.999564e-01
9.999564e-01
9.999564e-01
9.999564e-01
9.999564e-01
9.999564e-01
9.999564e-01
9.999565e-01
9.999565e-01
9.999565e-01
9.999565e-01
9.999565e-01
9.999565e-01
9.999566e-01
9.999566e-01
9.999566e-01
9.999566e-01
9.999566e-01
9.999567e-01
9.999567e-01
9.999567e-01
9.999568e-01
9.999568e-01
9.999568e-01
9.999569e-01
9.999569e-01
9.999569e-01
9.999570e-01
9.999570e-01
9.999570e-01
9.999571e-01
9.999571e-01
9.999572e-01
9.999572e-01
9.999573e-01
9.999573e-01
9.999574e-01
9.999574e-01
9.999575e-01
9.999575e-01
9.999576e-01
9.999576e-01
9.999577e-01
9.999577e-01
9.999578e-01
9.999579e-01
9.999579e-01
9.999580e-01
9.999580e-01
9.999581e-01
9.999582e-01
9.999582e-01
9.999583e-01
9.999584e-01
9.999585e-01
9.999585e-01
9.999586e-01
9.999587e-01
9.999587e-01
9.999588e-01
9.999589e-01
9.999590e-01
9.999591e-01
9.999591e-01
9.999592e-01
9.999593e-01
9.999594e-01
9.999595e-01
9.999596e-01
9.999597e-01
9.999598e-01
9.999598e-01
9.999599e-01
9.999600e-01
9.999601e-01
9.999602e-01
9.999603e-01
9.999604e-01
9.999605e-01
9.999606e-01
9.999607e-01
9.999608e-01
9.999609e-01
9.999610e-01
9.999611e-01
9.999613e-01
9.999614e-01
9.999615e-01
9.999616e-01
9.999617e-01
9.999618e-01
9.999619e-01
9.999620e-01
9.999622e-01
9.999623e-01
9.999624e-01
9.999625e-01
9.999626e-01
9.999628e-01
9.999629e-01
9.999630e-01
9.999631e-01
9.999633e-01
9.999634e-01
9.999635e-01
9.999637e-01
9.999638e-01
9.999639e-01
9.999641e-01
9.999642e-01
9.999643e-01
9.999645e-01
9.999646e-01
9.999647e-01
9.999649e-01
9.999650e-01
9.999652e-01
9.999653e-01
9.999654e-01
9.999656e-01
9.999657e-01
9.999659e-01
9.999660e-01
9.999662e-01
9.999663e-01
9.999665e-01
9.999666e-01
9.999668e-01
9.999669e-01
9.999671e-01
9.999673e-01
9.999674e-01
9.999676e-01
9.999677e-01
9.999679e-01
9.999681e-01
9.999682e-01
9.999684e-01
9.999685e-01
9.999687e-01
9.999689e-01
9.999690e-01
9.999692e-01
9.999694e-01
9.999695e-01
9.999697e-01
9.999699e-01
9.999701e-01
9.999702e-01
9.999704e-01
9.999706e-01
9.999708e-01
9.999709e-01
9.999711e-01
9.999713e-01
9.999715e-01
9.999716e-01
9.999718e-01
9.999720e-01
9.999722e-01
9.999724e-01
9.999726e-01
9.999727e-01
9.999729e-01
9.999731e-01
9.999733e-01
9.999735e-01
9.999737e-01
9.999739e-01
9.999741e-01
9.999742e-01
9.999744e-01
9.999746e-01
9.999748e-01
9.999750e-01
9.999752e-01
9.999754e-01
9.999756e-01
9.999758e-01
9.999760e-01
9.999762e-01
9.999764e-01
9.999766e-01
9.999768e-01
9.999770e-01
9.999772e-01
9.999774e-01
9.999776e-01
9.999778e-01
9.999780e-01
9.999782e-01
9.999784e-01
9.999786e-01
9.999789e-01
9.999791e-01
9.999793e-01
9.999795e-01
9.999797e-01
9.999799e-01
9.999801e-01
9.999803e-01
9.999805e-01
9.999807e-01
9.999810e-01
9.999812e-01
9.999814e-01
9.999816e-01
9.999818e-01
9.999820e-01
9.999823e-01
9.999825e-01
9.999827e-01
9.999829e-01
9.999831e-01
9.999834e-01
9.999836e-01
9.999838e-01
9.999840e-01
9.999842e-01
9.999845e-01
9.999847e-01
9.999849e-01
9.999851e-01
9.999854e-01
9.999856e-01
9.999858e-01
9.999860e-01
9.999863e-01
9.999865e-01
9.999867e-01
9.999869e-01
9.999872e-01
9.999874e-01
9.999876e-01
9.999879e-01
9.999881e-01
9.999883e-01
9.999885e-01
9.999888e-01
9.999890e-01
9.999892e-01
9.999895e-01
9.999897e-01
9.999899e-01
9.999901e-01
9.999904e-01
9.999906e-01
9.999908e-01
9.999909e-01
9.999910e-01
9.999911e-01
9.999910e-01
9.999907e-01
9.999901e-01
9.999889e-01
9.999867e-01
9.999830e-01
9.999768e-01
9.999664e-01
9.999491e-01
9.999204e-01
9.998730e-01
9.997947e-01
9.996654e-01
9.994521e-01
9.991006e-01
9.985213e-01
9.975677e-01
9.959992e-01
9.934238e-01
9.892066e-01
9.823310e-01
9.712013e-01
9.533922e-01
9.254141e-01
8.827061e-01
8.202914e-01
7.346476e-01
6.267594e-01
5.045865e-01
3.818635e-01
2.725671e-01
1.851822e-01
1.211479e-01
7.716025e-02
4.826804e-02
2.984578e-02
1.832078e-02
1.119644e-02
6.825050e-03
4.155138e-03
2.529117e-03
1.540673e-03
9.405795e-04
5.766395e-04
3.561585e-04
2.227732e-04
1.422450e-04
9.378763e-05
6.478635e-05
4.758728e-05
3.754685e-05
3.184836e-05
2.878303e-05
2.731451e-05
2.681399e-05
2.690022e-05
2.734178e-05
2.799840e-05
2.878489e-05
2.964964e-05
3.056125e-05
3.150073e-05
3.245647e-05
3.342148e-05
3.439144e-05
3.536376e-05
3.633682e-05
3.730964e-05
3.828158e-05
3.925227e-05
4.022143e-05
4.118891e-05
4.215456e-05
4.311832e-05
4.408008e-05
4.503981e-05
4.599742e-05
4.695289e-05
4.790615e-05
4.885717e-05
4.980588e-05
5.075226e-05
5.169624e-05
5.263780e-05
5.357687e-05
5.451343e-05
5.544742e-05
5.637880e-05
5.730751e-05
5.823354e-05
5.915682e-05
6.007731e-05
6.099497e-05
6.190976e-05
6.282163e-05
6.373054e-05
6.463645e-05
6.553931e-05
6.643908e-05
6.733572e-05
6.822919e-05
6.911944e-05
7.000642e-05
7.089011e-05
7.177046e-05
7.264742e-05
7.352095e-05
7.439102e-05
7.525758e-05
7.612058e-05
7.698000e-05
7.783578e-05
7.868790e-05
7.953630e-05
8.038094e-05
8.122180e-05
8.205882e-05
8.289196e-05
8.372120e-05
8.454648e-05
8.536778e-05
8.618504e-05
8.699824e-05
8.780733e-05
8.861227e-05
8.941303e-05
9.020957e-05
9.100185e-05
9.178983e-05
9.257348e-05
9.335276e-05
9.412763e-05
9.489805e-05
9.566399e-05
9.642542e-05
9.718229e-05
9.793457e-05
9.868222e-05
9.942521e-05
1.001635e-04
1.008971e-04
1.016259e-04
1.023499e-04
1.030690e-04
1.037833e-04
1.044927e-04
1.051972e-04
1.058966e-04
1.065911e-04
1.072806e-04
1.079649e-04
1.086442e-04
1.093183e-04
1.099873e-04
1.106511e-04
1.113096e-04
1.119629e-04
1.126109e-04
1.132536e-04
1.138909e-04
1.145228e-04
1.151493e-04
1.157704e-04
1.163860e-04
1.169961e-04
1.176007e-04
1.181997e-04
1.187931e-04
1.193809e-04
1.199631e-04
1.205396e-04
1.211104e-04
1.216754e-04
1.222347e-04
1.227883e-04
1.233360e-04
1.238779e-04
1.244139e-04
1.249441e-04
1.254683e-04
1.259867e-04
1.264990e-04
1.270054e-04
1.275058e-04
1.280001e-04
1.284884e-04
1.289706e-04
1.294467e-04
1.299167e-04
1.303805e-04
1.308382e-04
1.312897e-04
1.317350e-04
1.321740e-04
1.326068e-04
1.330334e-04
1.334536e-04
1.338675e-04
1.342751e-04
1.346763e-04
1.350712e-04
1.354597e-04
1.358418e-04
1.362174e-04
1.365866e-04
1.369493e-04
1.373056e-04
1.376554e-04
1.379986e-04
1.383353e-04
1.386655e-04
1.389891e-04
1.393062e-04
1.396166e-04
1.399205e-04
1.402177e-04
1.405083e-04
1.407923e-04
1.410696e-04
1.413402e-04
1.416041e-04
1.418613e-04
1.421118e-04
1.423556e-04
1.425927e-04
1.428230e-04
1.430465e-04
1.432633e-04
1.434733e-04
1.436765e-04
1.438730e-04
1.440626e-04
1.442454e-04
1.444213e-04
1.445905e-04
1.447528e-04
1.449082e-04
1.450568e-04
1.451985e-04
1.453334e-04
1.454613e-04
1.455824e-04
1.456966e-04
1.458039e-04
1.459044e-04
1.459979e-04
1.460845e-04
1.461641e-04
1.462369e-04
1.463028e-04
1.463617e-04
1.464137e-04
1.464588e-04
1.464969e-04
1.465281e-04
1.465524e-04
1.465697e-04
1.465801e-04
