1.771093e-04
1.771051e-04
1.770926e-04
1.770716e-04
1.770423e-04
1.770045e-04
1.769584e-04
1.769040e-04
1.768411e-04
1.767699e-04
1.766903e-04
1.766024e-04
1.765060e-04
1.764014e-04
1.762884e-04
1.761670e-04
1.760373e-04
1.758993e-04
1.757529e-04
1.755982e-04
1.754352e-04
1.752639e-04
1.750843e-04
1.748965e-04
1.747003e-04
1.744959e-04
1.742832e-04
1.740622e-04
1.738331e-04
1.735957e-04
1.733500e-04
1.730962e-04
1.728342e-04
1.725640e-04
1.722856e-04
1.719991e-04
1.717045e-04
1.714017e-04
1.710908e-04
1.707718e-04
1.704447e-04
1.701095e-04
1.697663e-04
1.694151e-04
1.690559e-04
1.686886e-04
1.683134e-04
1.679302e-04
1.675390e-04
1.671400e-04
1.667330e-04
1.663181e-04
1.658954e-04
1.654648e-04
1.650263e-04
1.645801e-04
1.641261e-04
1.636643e-04
1.631948e-04
1.627175e-04
1.622325e-04
1.617399e-04
1.612396e-04
1.607317e-04
1.602162e-04
1.596931e-04
1.591625e-04
1.586243e-04
1.580786e-04
1.575254e-04
1.569648e-04
1.563968e-04
1.558213e-04
1.552385e-04
1.546483e-04
1.540509e-04
1.534461e-04
1.528341e-04
1.522148e-04
1.515884e-04
1.509548e-04
1.503140e-04
1.496661e-04
1.490112e-04
1.483492e-04
1.476802e-04
1.470042e-04
1.463212e-04
1.456314e-04
1.449346e-04
1.442310e-04
1.435206e-04
1.428034e-04
1.420794e-04
1.413487e-04
1.406113e-04
1.398673e-04
1.391167e-04
1.383595e-04
1.375957e-04
1.368255e-04
1.360488e-04
1.352656e-04
1.344761e-04
1.336801e-04
1.328779e-04
1.320694e-04
1.312547e-04
1.304337e-04
1.296066e-04
1.287733e-04
1.279340e-04
1.270886e-04
1.262373e-04
1.253799e-04
1.245166e-04
1.236475e-04
1.227725e-04
1.218917e-04
1.210051e-04
1.201128e-04
1.192149e-04
1.183113e-04
1.174021e-04
1.164874e-04
1.155672e-04
1.146415e-04
1.137104e-04
1.127740e-04
1.118322e-04
1.108851e-04
1.099328e-04
1.089753e-04
1.080126e-04
1.070449e-04
1.060721e-04
1.050943e-04
1.041115e-04
1.031238e-04
1.021313e-04
1.011339e-04
1.001317e-04
9.912487e-05
9.811331e-05
9.709713e-05
9.607636e-05
9.505106e-05
9.402128e-05
9.298705e-05
9.194844e-05
9.090550e-05
8.985826e-05
8.880679e-05
8.775112e-05
8.669132e-05
8.562743e-05
8.455950e-05
8.348758e-05
8.241173e-05
8.133199e-05
8.024842e-05
7.916106e-05
7.806998e-05
7.697521e-05
7.587681e-05
7.477484e-05
7.366935e-05
7.256039e-05
7.144800e-05
7.033225e-05
6.921319e-05
6.809087e-05
6.696534e-05
6.583666e-05
6.470488e-05
6.357006e-05
6.243223e-05
6.129148e-05
6.014784e-05
5.900137e-05
5.785213e-05
5.670017e-05
5.554555e-05
5.438833e-05
5.322856e-05
5.206633e-05
5.090168e-05
4.973472e-05
4.856554e-05
4.739428e-05
4.622111e-05
4.504632e-05
4.387028e-05
4.269366e-05
4.151741e-05
4.034320e-05
3.917359e-05
3.801293e-05
3.686819e-05
3.575099e-05
3.468027e-05
3.368742e-05
3.282395e-05
3.217495e-05
3.188045e-05
3.217149e-05
3.342873e-05
3.627993e-05
4.175972e-05
5.157406e-05
6.853495e-05
9.727820e-05
1.454448e-04
2.256284e-04
3.585800e-04
5.784807e-04
9.415986e-04
1.540472e-03
2.527042e-03
4.150118e-03
6.815342e-03
1.117924e-02
1.829161e-02
2.979772e-02
4.819084e-02
7.703974e-02
1.209670e-01
1.849252e-01
2.722287e-01
3.814602e-01
5.041590e-01
6.263590e-01
7.343135e-01
8.200385e-01
8.825282e-01
9.252953e-01
9.533154e-01
9.711528e-01
9.823006e-01
9.891876e-01
9.934119e-01
9.959917e-01
9.975628e-01
9.985181e-01
9.990982e-01
9.994504e-01
9.996640e-01
9.997935e-01
9.998719e-01
9.999194e-01
9.999481e-01
9.999654e-01
9.999758e-01
9.999820e-01
9.999856e-01
9.999878e-01
9.999889e-01
9.999895e-01
9.999898e-01
9.999899e-01
9.999898e-01
9.999897e-01
9.999895e-01
9.999892e-01
9.999890e-01
9.999888e-01
9.999885e-01
9.999883e-01
9.999880e-01
9.999877e-01
9.999875e-01
9.999872e-01
9.999870e-01
9.999867e-01
9.999865e-01
9.999862e-01
9.999859e-01
9.999857e-01
9.999854e-01
9.999852e-01
9.999849e-01
9.999847e-01
9.999844e-01
9.999842e-01
9.999839e-01
9.999837e-01
9.999834e-01
9.999831e-01
9.999829e-01
9.999826e-01
9.999824e-01
9.999821e-01
9.999819e-01
9.999817e-01
9.999814e-01
9.999812e-01
9.999809e-01
9.999807e-01
9.999804e-01
9.999802e-01
9.999799e-01
9.999797e-01
9.999794e-01
9.999792e-01
9.999790e-01
9.999787e-01
9.999785e-01
9.999782e-01
9.999780e-01
9.999778e-01
9.999775e-01
9.999773e-01
9.999770e-01
9.999768e-01
9.999766e-01
9.999763e-01
9.999761e-01
9.999759e-01
9.999756e-01
9.999754e-01
9.999752e-01
9.999750e-01
9.999747e-01
9.999745e-01
9.999743e-01
9.999740e-01
9.999738e-01
9.999736e-01
9.999734e-01
9.999731e-01
9.999729e-01
9.999727e-01
9.999725e-01
9.999723e-01
9.999720e-01
9.999718e-01
9.999716e-01
9.999714e-01
9.999712e-01
9.999710e-01
9.999707e-01
9.999705e-01
9.999703e-01
9.999701e-01
9.999699e-01
9.999697e-01
9.999695e-01
9.999693e-01
9.999691e-01
9.999689e-01
9.999686e-01
9.999684e-01
9.999682e-01
9.999680e-01
9.999678e-01
9.999676e-01
9.999674e-01
9.999672e-01
9.999670e-01
9.999668e-01
9.999666e-01
9.999665e-01
9.999663e-01
9.999661e-01
9.999659e-01
9.999657e-01
9.999655e-01
9.999653e-01
9.999651e-01
9.999649e-01
9.999647e-01
9.999646e-01
9.999644e-01
9.999642e-01
9.999640e-01
9.999638e-01
9.999637e-01
9.999635e-01
9.999633e-01
9.999631e-01
9.999629e-01
9.999628e-01
9.999626e-01
9.999624e-01
9.999623e-01
9.999621e-01
9.999619e-01
9.999618e-01
9.999616e-01
9.999614e-01
9.999613e-01
9.999611e-01
9.999609e-01
9.999608e-01
9.999606e-01
9.999605e-01
9.999603e-01
9.999602e-01
9.999600e-01
9.999598e-01
9.999597e-01
9.999595e-01
9.999594e-01
9.999592e-01
9.999591e-01
9.999590e-01
9.999588e-01
9.999587e-01
9.999585e-01
9.999584e-01
9.999582e-01
9.999581e-01
9.999580e-01
9.999578e-01
9.999577e-01
9.999576e-01
9.999574e-01
9.999573e-01
9.999572e-01
9.999570e-01
9.999569e-01
9.999568e-01
9.999567e-01
9.999565e-01
9.999564e-01
9.999563e-01
9.999562e-01
9.999561e-01
9.999559e-01
9.999558e-01
9.999557e-01
9.999556e-01
9.999555e-01
9.999554e-01
9.999553e-01
9.999552e-01
9.999550e-01
9.999549e-01
9.999548e-01
9.999547e-01
9.999546e-01
9.999545e-01
9.999544e-01
9.999543e-01
9.999542e-01
9.999541e-01
9.999541e-01
9.999540e-01
9.999539e-01
9.999538e-01
9.999537e-01
9.999536e-01
9.999535e-01
9.999534e-01
9.999534e-01
9.999533e-01
9.999532e-01
9.999531e-01
9.999530e-01
9.999530e-01
9.999529e-01
9.999528e-01
9.999527e-01
9.999527e-01
9.999526e-01
9.999525e-01
9.999525e-01
9.999524e-01
9.999523e-01
9.999523e-01
9.999522e-01
9.999522e-01
9.999521e-01
9.999521e-01
9.999520e-01
9.999519e-01
9.999519e-01
9.999518e-01
9.999518e-01
9.999517e-01
9.999517e-01
9.999517e-01
9.999516e-01
9.999516e-01
9.999515e-01
9.999515e-01
9.999514e-01
9.999514e-01
9.999514e-01
9.999513e-01
9.999513e-01
9.999513e-01
9.999513e-01
9.999512e-01
9.999512e-01
9.999512e-01
9.999511e-01
9.999511e-01
9.999511e-01
9.999511e-01
9.999511e-01
9.999511e-01
9.999510e-01
9.999510e-01
9.999510e-01
9.999510e-01
9.999510e-01
9.999510e-01
9.999510e-01
9.999510e-01
9.999510e-01
9.999510e-01
9.999510e-01
9.999510e-01
9.999510e-01
9.999510e-01
9.999510e-01
9.999510e-01
9.999510e-01
9.999510e-01
9.999510e-01
9.999510e-01
9.999510e-01
9.999511e-01
9.999511e-01
9.999511e-01
9.999511e-01
9.999511e-01
9.999511e-01
9.999512e-01
9.999512e-01
9.999512e-01
9.999513e-01
9.999513e-01
9.999513e-01
9.999513e-01
9.999514e-01
9.999514e-01
9.999514e-01
9.999515e-01
9.999515e-01
9.999516e-01
9.999516e-01
9.999517e-01
9.999517e-01
9.999517e-01
9.999518e-01
9.999518e-01
9.999519e-01
9.999519e-01
9.999520e-01
9.999521e-01
9.999521e-01
9.999522e-01
9.999522e-01
9.999523e-01
9.999523e-01
9.999524e-01
9.999525e-01
9.999525e-01
9.999526e-01
9.999527e-01
9.999527e-01
9.999528e-01
9.999529e-01
9.999530e-01
9.999530e-01
9.999531e-01
9.999532e-01
9.999533e-01
9.999534e-01
9.999534e-01
9.999535e-01
9.999536e-01
9.999537e-01
9.999538e-01
9.999539e-01
9.999540e-01
9.999541e-01
9.999541e-01
9.999542e-01
9.999543e-01
9.999544e-01
9.999545e-01
9.999546e-01
9.999547e-01
9.999548e-01
9.999549e-01
9.999550e-01
9.999552e-01
9.999553e-01
9.999554e-01
9.999555e-01
9.999556e-01
9.999557e-01
9.999558e-01
9.999559e-01
9.999561e-01
9.999562e-01
9.999563e-01
9.999564e-01
9.999565e-01
9.999567e-01
9.999568e-01
9.999569e-01
9.999570e-01
9.999572e-01
9.999573e-01
9.999574e-01
9.999576e-01
9.999577e-01
9.999578e-01
9.999580e-01
9.999581e-01
9.999582e-01
9.999584e-01
9.999585e-01
9.999587e-01
9.999588e-01
9.999590e-01
9.999591e-01
9.999592e-01
9.999594e-01
9.999595e-01
9.999597e-01
9.999598e-01
9.999600e-01
9.999602e-01
9.999603e-01
9.999605e-01
9.999606e-01
9.999608e-01
9.999609e-01
9.999611e-01
9.999613e-01
9.999614e-01
9.999616e-01
9.999618e-01
9.999619e-01
9.999621e-01
9.999623e-01
9.999624e-01
9.999626e-01
9.999628e-01
9.999629e-01
9.999631e-01
9.999633e-01
9.999635e-01
9.999637e-01
9.999638e-01
9.999640e-01
9.999642e-01
9.999644e-01
9.999646e-01
9.999647e-01
9.999649e-01
9.999651e-01
9.999653e-01
9.999655e-01
9.999657e-01
9.999659e-01
9.999661e-01
9.999663e-01
9.999665e-01
9.999666e-01
9.999668e-01
9.999670e-01
9.999672e-01
9.999674e-01
9.999676e-01
9.999678e-01
9.999680e-01
9.999682e-01
9.999684e-01
9.999686e-01
9.999689e-01
9.999691e-01
9.999693e-01
9.999695e-01
9.999697e-01
9.999699e-01
9.999701e-01
9.999703e-01
9.999705e-01
9.999707e-01
9.999710e-01
9.999712e-01
9.999714e-01
9.999716e-01
9.999718e-01
9.999720e-01
9.999723e-01
9.999725e-01
9.999727e-01
9.999729e-01
9.999731e-01
9.999734e-01
9.999736e-01
9.999738e-01
9.999740e-01
9.999743e-01
9.999745e-01
9.999747e-01
9.999750e-01
9.999752e-01
9.999754e-01
9.999756e-01
9.999759e-01
9.999761e-01
9.999763e-01
9.999766e-01
9.999768e-01
9.999770e-01
9.999773e-01
9.999775e-01
9.999778e-01
9.999780e-01
9.999782e-01
9.999785e-01
9.999787e-01
9.999790e-01
9.999792e-01
9.999794e-01
9.999797e-01
9.999799e-01
9.999802e-01
9.999804e-01
9.999807e-01
9.999809e-01
9.999812e-01
9.999814e-01
9.999817e-01
9.999819e-01
9.999821e-01
9.999824e-01
9.999826e-01
9.999829e-01
9.999831e-01
9.999834e-01
9.999837e-01
9.999839e-01
9.999842e-01
9.999844e-01
9.999847e-01
9.999849e-01
9.999852e-01
9.999854e-01
9.999857e-01
9.999859e-01
9.999862e-01
9.999865e-01
9.999867e-01
9.999870e-01
9.999872e-01
9.999875e-01
9.999877e-01
9.999880e-01
9.999883e-01
9.999885e-01
9.999888e-01
9.999890e-01
9.999892e-01
9.999895e-01
9.999897e-01
9.999898e-01
9.999899e-01
9.999898e-01
9.999895e-01
9.999889e-01
9.999878e-01
9.999856e-01
9.999820e-01
9.999758e-01
9.999654e-01
9.999481e-01
9.999194e-01
9.998719e-01
9.997935e-01
9.996640e-01
9.994504e-01
9.990982e-01
9.985181e-01
9.975628e-01
9.959917e-01
9.934119e-01
9.891876e-01
9.823006e-01
9.711528e-01
9.533154e-01
9.252953e-01
8.825282e-01
8.200385e-01
7.343135e-01
6.263590e-01
5.041590e-01
3.814602e-01
2.722287e-01
1.849252e-01
1.209670e-01
7.703974e-02
4.819084e-02
2.979772e-02
1.829161e-02
1.117924e-02
6.815342e-03
4.150118e-03
2.527042e-03
1.540472e-03
9.415986e-04
5.784807e-04
3.585800e-04
2.256284e-04
1.454448e-04
9.727820e-05
6.853495e-05
5.157406e-05
4.175972e-05
3.627993e-05
3.342873e-05
3.217149e-05
3.188045e-05
3.217495e-05
3.282395e-05
3.368742e-05
3.468027e-05
3.575099e-05
3.686819e-05
3.801293e-05
3.917359e-05
4.034320e-05
4.151741e-05
4.269366e-05
4.387028e-05
4.504632e-05
4.622111e-05
4.739428e-05
4.856554e-05
4.973472e-05
5.090168e-05
5.206633e-05
5.322856e-05
5.438833e-05
5.554555e-05
5.670017e-05
5.785213e-05
5.900137e-05
6.014784e-05
6.129148e-05
6.243223e-05
6.357006e-05
6.470488e-05
6.583666e-05
6.696534e-05
6.809087e-05
6.921319e-05
7.033225e-05
7.144800e-05
7.256039e-05
7.366935e-05
7.477484e-05
7.587681e-05
7.697521e-05
7.806998e-05
7.916106e-05
8.024842e-05
8.133199e-05
8.241173e-05
8.348758e-05
8.455950e-05
8.562743e-05
8.669132e-05
8.775112e-05
8.880679e-05
8.985826e-05
9.090550e-05
9.194844e-05
9.298705e-05
9.402128e-05
9.505106e-05
9.607636e-05
9.709713e-05
9.811331e-05
9.912487e-05
1.001317e-04
1.011339e-04
1.021313e-04
1.031238e-04
1.041115e-04
1.050943e-04
1.060721e-04
1.070449e-04
1.080126e-04
1.089753e-04
1.099328e-04
1.108851e-04
1.118322e-04
1.127740e-04
1.137104e-04
1.146415e-04
1.155672e-04
1.164874e-04
1.174021e-04
1.183113e-04
1.192149e-04
1.201128e-04
1.210051e-04
1.218917e-04
1.227725e-04
1.236475e-04
1.245166e-04
1.253799e-04
1.262373e-04
1.270886e-04
1.279340e-04
1.287733e-04
1.296066e-04
1.304337e-04
1.312547e-04
1.320694e-04
1.328779e-04
1.336801e-04
1.344761e-04
1.352656e-04
1.360488e-04
1.368255e-04
1.375957e-04
1.383595e-04
1.391167e-04
1.398673e-04
1.406113e-04
1.413487e-04
1.420794e-04
1.428034e-04
1.435206e-04
1.442310e-04
1.449346e-04
1.456314e-04
1.463212e-04
1.470042e-04
1.476802e-04
1.483492e-04
1.490112e-04
1.496661e-04
1.503140e-04
1.509548e-04
1.515884e-04
1.522148e-04
1.528341e-04
1.534461e-04
1.540509e-04
1.546483e-04
1.552385e-04
1.558213e-04
1.563968e-04
1.569648e-04
1.575254e-04
1.580786e-04
1.586243e-04
1.591625e-04
1.596931e-04
1.602162e-04
1.607317e-04
1.612396e-04
1.617399e-04
1.622325e-04
1.627175e-04
1.631948e-04
1.636643e-04
1.641261e-04
1.645801e-04
1.650263e-04
1.654648e-04
1.658954e-04
1.663181e-04
1.667330e-04
1.671400e-04
1.675390e-04
1.679302e-04
1.683134e-04
1.686886e-04
1.690559e-04
1.694151e-04
1.697663e-04
1.701095e-04
1.704447e-04
1.707718e-04
1.710908e-04
1.714017e-04
1.717045e-04
1.719991e-04
1.722856e-04
1.725640e-04
1.728342e-04
1.730962e-04
1.733500e-04
1.735957e-04
1.738331e-04
1.740622e-04
1.742832e-04
1.744959e-04
1.747003e-04
1.748965e-04
1.750843e-04
1.752639e-04
1.754352e-04
1.755982e-04
1.757529e-04
1.758993e-04
1.760373e-04
1.761670e-04
1.762884e-04
1.764014e-04
1.765060e-04
1.766024e-04
1.766903e-04
1.767699e-04
1.768411e-04
1.769040e-04
1.769584e-04
1.770045e-04
1.770423e-04
1.770716e-04
1.770926e-04
1.771051e-04
