1.004206e-04
1.004182e-04
1.004111e-04
1.003992e-04
1.003826e-04
1.003612e-04
1.003351e-04
1.003042e-04
1.002686e-04
1.002283e-04
1.001832e-04
1.001334e-04
1.000789e-04
1.000196e-04
9.995556e-05
9.988682e-05
9.981336e-05
9.973518e-05
9.965228e-05
9.956467e-05
9.947235e-05
9.937533e-05
9.927361e-05
9.916720e-05
9.905610e-05
9.894031e-05
9.881985e-05
9.869471e-05
9.856491e-05
9.843044e-05
9.829132e-05
9.814756e-05
9.799915e-05
9.784611e-05
9.768845e-05
9.752616e-05
9.735927e-05
9.718777e-05
9.701167e-05
9.683099e-05
9.664573e-05
9.645590e-05
9.626152e-05
9.606258e-05
9.585909e-05
9.565108e-05
9.543854e-05
9.522150e-05
9.499995e-05
9.477391e-05
9.454339e-05
9.430840e-05
9.406895e-05
9.382505e-05
9.357672e-05
9.332396e-05
9.306680e-05
9.280523e-05
9.253928e-05
9.226895e-05
9.199426e-05
9.171522e-05
9.143185e-05
9.114415e-05
9.085215e-05
9.055585e-05
9.025527e-05
8.995043e-05
8.964133e-05
8.932800e-05
8.901044e-05
8.868868e-05
8.836273e-05
8.803260e-05
8.769831e-05
8.735987e-05
8.701731e-05
8.667063e-05
8.631986e-05
8.596501e-05
8.560609e-05
8.524313e-05
8.487614e-05
8.450514e-05
8.413015e-05
8.375118e-05
8.336826e-05
8.298139e-05
8.259060e-05
8.219592e-05
8.179734e-05
8.139491e-05
8.098862e-05
8.057851e-05
8.016460e-05
7.974689e-05
7.932542e-05
7.890020e-05
7.847126e-05
7.803860e-05
7.760226e-05
7.716226e-05
7.671861e-05
7.627133e-05
7.582045e-05
7.536599e-05
7.490797e-05
7.444642e-05
7.398134e-05
7.351278e-05
7.304074e-05
7.256525e-05
7.208633e-05
7.160401e-05
7.111831e-05
7.062925e-05
7.013685e-05
6.964115e-05
6.914215e-05
6.863989e-05
6.813439e-05
6.762567e-05
6.711376e-05
6.659868e-05
6.608046e-05
6.555912e-05
6.503468e-05
6.450717e-05
6.397662e-05
6.344304e-05
6.290648e-05
6.236694e-05
6.182446e-05
6.127906e-05
6.073077e-05
6.017962e-05
5.962562e-05
5.906881e-05
5.850921e-05
5.794686e-05
5.738177e-05
5.681397e-05
5.624349e-05
5.567036e-05
5.509460e-05
5.451624e-05
5.393531e-05
5.335184e-05
5.276585e-05
5.217738e-05
5.158644e-05
5.099307e-05
5.039729e-05
4.979914e-05
4.919864e-05
4.859582e-05
4.799071e-05
4.738334e-05
4.677373e-05
4.616193e-05
4.554794e-05
4.493181e-05
4.431356e-05
4.369322e-05
4.307082e-05
4.244640e-05
4.181997e-05
4.119158e-05
4.056124e-05
3.992899e-05
3.929487e-05
3.865889e-05
3.802109e-05
3.738151e-05
3.674016e-05
3.609709e-05
3.545231e-05
3.480587e-05
3.415779e-05
3.350810e-05
3.285684e-05
3.220404e-05
3.154973e-05
3.089395e-05
3.023673e-05
2.957812e-05
2.891815e-05
2.825691e-05
2.759445e-05
2.693090e-05
2.626640e-05
2.560122e-05
2.493571e-05
2.427051e-05
2.360656e-05
2.294549e-05
2.228987e-05
2.164403e-05
2.101495e-05
2.041426e-05
1.986096e-05
1.938654e-05
1.904269e-05
1.891481e-05
1.914348e-05
1.996065e-05
2.174851e-05
2.513735e-05
3.116602e-05
4.154746e-05
5.910525e-05
8.849434e-05
1.373873e-04
2.184303e-04
3.524603e-04
5.738009e-04
9.389546e-04
1.540845e-03
2.532043e-03
4.162386e-03
6.839172e-03
1.122156e-02
1.836343e-02
2.991609e-02
4.838104e-02
7.733666e-02
1.214127e-01
1.855584e-01
2.730620e-01
3.824532e-01
5.052114e-01
6.273445e-01
7.351354e-01
8.206606e-01
8.829658e-01
9.255876e-01
9.535042e-01
9.712723e-01
9.823754e-01
9.892343e-01
9.934412e-01
9.960103e-01
9.975749e-01
9.985262e-01
9.991040e-01
9.994547e-01
9.996675e-01
9.997965e-01
9.998747e-01
9.999221e-01
9.999508e-01
9.999681e-01
9.999785e-01
9.999847e-01
9.999884e-01
9.999906e-01
9.999919e-01
9.999926e-01
9.999929e-01
9.999930e-01
9.999930e-01
9.999930e-01
9.999929e-01
9.999927e-01
9.999926e-01
9.999924e-01
9.999922e-01
9.999920e-01
9.999919e-01
9.999917e-01
9.999915e-01
9.999913e-01
9.999911e-01
9.999910e-01
9.999908e-01
9.999906e-01
9.999904e-01
9.999902e-01
9.999900e-01
9.999899e-01
9.999897e-01
9.999895e-01
9.999893e-01
9.999891e-01
9.999890e-01
9.999888e-01
9.999886e-01
9.999884e-01
9.999882e-01
9.999881e-01
9.999879e-01
9.999877e-01
9.999875e-01
9.999874e-01
9.999872e-01
9.999870e-01
9.999868e-01
9.999867e-01
9.999865e-01
9.999863e-01
9.999861e-01
9.999860e-01
9.999858e-01
9.999856e-01
9.999855e-01
9.999853e-01
9.999851e-01
9.999849e-01
9.999848e-01
9.999846e-01
9.999844e-01
9.999843e-01
9.999841e-01
9.999839e-01
9.999838e-01
9.999836e-01
9.999834e-01
9.999833e-01
9.999831e-01
9.999829e-01
9.999828e-01
9.999826e-01
9.999825e-01
9.999823e-01
9.999821e-01
9.999820e-01
9.999818e-01
9.999817e-01
9.999815e-01
9.999813e-01
9.999812e-01
9.999810e-01
9.999809e-01
9.999807e-01
9.999805e-01
9.999804e-01
9.999802e-01
9.999801e-01
9.999799e-01
9.999798e-01
9.999796e-01
9.999795e-01
9.999793e-01
9.999792e-01
9.999790e-01
9.999789e-01
9.999787e-01
9.999786e-01
9.999784e-01
9.999783e-01
9.999781e-01
9.999780e-01
9.999779e-01
9.999777e-01
9.999776e-01
9.999774e-01
9.999773e-01
9.999771e-01
9.999770e-01
9.999769e-01
9.999767e-01
9.999766e-01
9.999764e-01
9.999763e-01
9.999762e-01
9.999760e-01
9.999759e-01
9.999758e-01
9.999756e-01
9.999755e-01
9.999754e-01
9.999752e-01
9.999751e-01
9.999750e-01
9.999748e-01
9.999747e-01
9.999746e-01
9.999745e-01
9.999743e-01
9.999742e-01
9.999741e-01
9.999740e-01
9.999738e-01
9.999737e-01
9.999736e-01
9.999735e-01
9.999734e-01
9.999732e-01
9.999731e-01
9.999730e-01
9.999729e-01
9.999728e-01
9.999727e-01
9.999725e-01
9.999724e-01
9.999723e-01
9.999722e-01
9.999721e-01
9.999720e-01
9.999719e-01
9.999718e-01
9.999717e-01
9.999716e-01
9.999715e-01
9.999714e-01
9.999712e-01
9.999711e-01
9.999710e-01
9.999709e-01
9.999708e-01
9.999707e-01
9.999706e-01
9.999705e-01
9.999704e-01
9.999704e-01
9.999703e-01
9.999702e-01
9.999701e-01
9.999700e-01
9.999699e-01
9.999698e-01
9.999697e-01
9.999696e-01
9.999695e-01
9.999694e-01
9.999694e-01
9.999693e-01
9.999692e-01
9.999691e-01
9.999690e-01
9.999689e-01
9.999689e-01
9.999688e-01
9.999687e-01
9.999686e-01
9.999685e-01
9.999685e-01
9.999684e-01
9.999683e-01
9.999682e-01
9.999682e-01
9.999681e-01
9.999680e-01
9.999680e-01
9.999679e-01
9.999678e-01
9.999678e-01
9.999677e-01
9.999676e-01
9.999676e-01
9.999675e-01
9.999674e-01
9.999674e-01
9.999673e-01
9.999673e-01
9.999672e-01
9.999671e-01
9.999671e-01
9.999670e-01
9.999670e-01
9.999669e-01
9.999669e-01
9.999668e-01
9.999668e-01
9.999667e-01
9.999667e-01
9.999666e-01
9.999666e-01
9.999665e-01
9.999665e-01
9.999665e-01
9.999664e-01
9.999664e-01
9.999663e-01
9.999663e-01
9.999663e-01
9.999662e-01
9.999662e-01
9.999661e-01
9.999661e-01
9.999661e-01
9.999660e-01
9.999660e-01
9.999660e-01
9.999660e-01
9.999659e-01
9.999659e-01
9.999659e-01
9.999659e-01
9.999658e-01
9.999658e-01
9.999658e-01
9.999658e-01
9.999657e-01
9.999657e-01
9.999657e-01
9.999657e-01
9.999657e-01
9.999657e-01
9.999656e-01
9.999656e-01
9.999656e-01
9.999656e-01
9.999656e-01
9.999656e-01
9.999656e-01
9.999656e-01
9.999656e-01
9.999656e-01
9.999656e-01
9.999656e-01
9.999656e-01
9.999656e-01
9.999656e-01
9.999656e-01
9.999656e-01
9.999656e-01
9.999656e-01
9.999656e-01
9.999656e-01
9.999656e-01
9.999656e-01
9.999656e-01
9.999656e-01
9.999656e-01
9.999656e-01
9.999657e-01
9.999657e-01
9.999657e-01
9.999657e-01
9.999657e-01
9.999657e-01
9.999658e-01
9.999658e-01
9.999658e-01
9.999658e-01
9.999659e-01
9.999659e-01
9.999659e-01
9.999659e-01
9.999660e-01
9.999660e-01
9.999660e-01
9.999660e-01
9.999661e-01
9.999661e-01
9.999661e-01
9.999662e-01
9.999662e-01
9.999663e-01
9.999663e-01
9.999663e-01
9.999664e-01
9.999664e-01
9.999665e-01
9.999665e-01
9.999665e-01
9.999666e-01
9.999666e-01
9.999667e-01
9.999667e-01
9.999668e-01
9.999668e-01
9.999669e-01
9.999669e-01
9.999670e-01
9.999670e-01
9.999671e-01
9.999671e-01
9.999672e-01
9.999673e-01
9.999673e-01
9.999674e-01
9.999674e-01
9.999675e-01
9.999676e-01
9.999676e-01
9.999677e-01
9.999678e-01
9.999678e-01
9.999679e-01
9.999680e-01
9.999680e-01
9.999681e-01
9.999682e-01
9.999682e-01
9.999683e-01
9.999684e-01
9.999685e-01
9.999685e-01
9.999686e-01
9.999687e-01
9.999688e-01
9.999689e-01
9.999689e-01
9.999690e-01
9.999691e-01
9.999692e-01
9.999693e-01
9.999694e-01
9.999694e-01
9.999695e-01
9.999696e-01
9.999697e-01
9.999698e-01
9.999699e-01
9.999700e-01
9.999701e-01
9.999702e-01
9.999703e-01
9.999704e-01
9.999704e-01
9.999705e-01
9.999706e-01
9.999707e-01
9.999708e-01
9.999709e-01
9.999710e-01
9.999711e-01
9.999712e-01
9.999714e-01
9.999715e-01
9.999716e-01
9.999717e-01
9.999718e-01
9.999719e-01
9.999720e-01
9.999721e-01
9.999722e-01
9.999723e-01
9.999724e-01
9.999725e-01
9.999727e-01
9.999728e-01
9.999729e-01
9.999730e-01
9.999731e-01
9.999732e-01
9.999734e-01
9.999735e-01
9.999736e-01
9.999737e-01
9.999738e-01
9.999740e-01
9.999741e-01
9.999742e-01
9.999743e-01
9.999745e-01
9.999746e-01
9.999747e-01
9.999748e-01
9.999750e-01
9.999751e-01
9.999752e-01
9.999754e-01
9.999755e-01
9.999756e-01
9.999758e-01
9.999759e-01
9.999760e-01
9.999762e-01
9.999763e-01
9.999764e-01
9.999766e-01
9.999767e-01
9.999769e-01
9.999770e-01
9.999771e-01
9.999773e-01
9.999774e-01
9.999776e-01
9.999777e-01
9.999779e-01
9.999780e-01
9.999781e-01
9.999783e-01
9.999784e-01
9.999786e-01
9.999787e-01
9.999789e-01
9.999790e-01
9.999792e-01
9.999793e-01
9.999795e-01
9.999796e-01
9.999798e-01
9.999799e-01
9.999801e-01
9.999802e-01
9.999804e-01
9.999805e-01
9.999807e-01
9.999809e-01
9.999810e-01
9.999812e-01
9.999813e-01
9.999815e-01
9.999817e-01
9.999818e-01
9.999820e-01
9.999821e-01
9.999823e-01
9.999825e-01
9.999826e-01
9.999828e-01
9.999829e-01
9.999831e-01
9.999833e-01
9.999834e-01
9.999836e-01
9.999838e-01
9.999839e-01
9.999841e-01
9.999843e-01
9.999844e-01
9.999846e-01
9.999848e-01
9.999849e-01
9.999851e-01
9.999853e-01
9.999855e-01
9.999856e-01
9.999858e-01
9.999860e-01
9.999861e-01
9.999863e-01
9.999865e-01
9.999867e-01
9.999868e-01
9.999870e-01
9.999872e-01
9.999874e-01
9.999875e-01
9.999877e-01
9.999879e-01
9.999881e-01
9.999882e-01
9.999884e-01
9.999886e-01
9.999888e-01
9.999890e-01
9.999891e-01
9.999893e-01
9.999895e-01
9.999897e-01
9.999899e-01
9.999900e-01
9.999902e-01
9.999904e-01
9.999906e-01
9.999908e-01
9.999910e-01
9.999911e-01
9.999913e-01
9.999915e-01
9.999917e-01
9.999919e-01
9.999920e-01
9.999922e-01
9.999924e-01
9.999926e-01
9.999927e-01
9.999929e-01
9.999930e-01
9.999930e-01
9.999930e-01
9.999929e-01
9.999926e-01
9.999919e-01
9.999906e-01
9.999884e-01
9.999847e-01
9.999785e-01
9.999681e-01
9.999508e-01
9.999221e-01
9.998747e-01
9.997965e-01
9.996675e-01
9.994547e-01
9.991040e-01
9.985262e-01
9.975749e-01
9.960103e-01
9.934412e-01
9.892343e-01
9.823754e-01
9.712723e-01
9.535042e-01
9.255876e-01
8.829658e-01
8.206606e-01
7.351354e-01
6.273445e-01
5.052114e-01
3.824532e-01
2.730620e-01
1.855584e-01
1.214127e-01
7.733666e-02
4.838104e-02
2.991609e-02
1.836343e-02
1.122156e-02
6.839172e-03
4.162386e-03
2.532043e-03
1.540845e-03
9.389546e-04
5.738009e-04
3.524603e-04
2.184303e-04
1.373873e-04
8.849434e-05
5.910525e-05
4.154746e-05
3.116602e-05
2.513735e-05
2.174851e-05
1.996065e-05
1.914348e-05
1.891481e-05
1.904269e-05
1.938654e-05
1.986096e-05
2.041426e-05
2.101495e-05
2.164403e-05
2.228987e-05
2.294549e-05
2.360656e-05
2.427051e-05
2.493571e-05
2.560122e-05
2.626640e-05
2.693090e-05
2.759445e-05
2.825691e-05
2.891815e-05
2.957812e-05
3.023673e-05
3.089395e-05
3.154973e-05
3.220404e-05
3.285684e-05
3.350810e-05
3.415779e-05
3.480587e-05
3.545231e-05
3.609709e-05
3.674016e-05
3.738151e-05
3.802109e-05
3.865889e-05
3.929487e-05
3.992899e-05
4.056124e-05
4.119158e-05
4.181997e-05
4.244640e-05
4.307082e-05
4.369322e-05
4.431356e-05
4.493181e-05
4.554794e-05
4.616193e-05
4.677373e-05
4.738334e-05
4.799071e-05
4.859582e-05
4.919864e-05
4.979914e-05
5.039729e-05
5.099307e-05
5.158644e-05
5.217738e-05
5.276585e-05
5.335184e-05
5.393531e-05
5.451624e-05
5.509460e-05
5.567036e-05
5.624349e-05
5.681397e-05
5.738177e-05
5.794686e-05
5.850922e-05
5.906881e-05
5.962562e-05
6.017962e-05
6.073077e-05
6.127906e-05
6.182446e-05
6.236694e-05
6.290648e-05
6.344304e-05
6.397662e-05
6.450717e-05
6.503468e-05
6.555912e-05
6.608046e-05
6.659868e-05
6.711376e-05
6.762567e-05
6.813439e-05
6.863989e-05
6.914215e-05
6.964115e-05
7.013685e-05
7.062925e-05
7.111831e-05
7.160401e-05
7.208633e-05
7.256525e-05
7.304074e-05
7.351278e-05
7.398134e-05
7.444642e-05
7.490797e-05
7.536599e-05
7.582045e-05
7.627133e-05
7.671861e-05
7.716226e-05
7.760226e-05
7.803860e-05
7.847126e-05
7.890020e-05
7.932542e-05
7.974689e-05
8.016460e-05
8.057851e-05
8.098862e-05
8.139491e-05
8.179734e-05
8.219592e-05
8.259060e-05
8.298139e-05
8.336826e-05
8.375118e-05
8.413015e-05
8.450514e-05
8.487614e-05
8.524313e-05
8.560609e-05
8.596501e-05
8.631986e-05
8.667063e-05
8.701731e-05
8.735987e-05
8.769831e-05
8.803260e-05
8.836273e-05
8.868868e-05
8.901044e-05
8.932800e-05
8.964133e-05
8.995043e-05
9.025527e-05
9.055585e-05
9.085215e-05
9.114415e-05
9.143185e-05
9.171522e-05
9.199426e-05
9.226895e-05
9.253928e-05
9.280523e-05
9.306680e-05
9.332396e-05
9.357672e-05
9.382505e-05
9.406895e-05
9.430840e-05
9.454339e-05
9.477391e-05
9.499995e-05
9.522150e-05
9.543854e-05
9.565108e-05
9.585909e-05
9.606258e-05
9.626152e-05
9.645590e-05
9.664573e-05
9.683099e-05
9.701167e-05
9.718777e-05
9.735927e-05
9.752616e-05
9.768845e-05
9.784611e-05
9.799915e-05
9.814756e-05
9.829132e-05
9.843044e-05
9.856491e-05
9.869471e-05
9.881985e-05
9.894031e-05
9.905610e-05
9.916720e-05
9.927361e-05
9.937533e-05
9.947235e-05
9.956467e-05
9.965228e-05
9.973518e-05
9.981336e-05
9.988682e-05
9.995556e-05
1.000196e-04
1.000789e-04
1.001334e-04
1.001832e-04
1.002283e-04
1.002686e-04
1.003042e-04
1.003351e-04
1.003612e-04
1.003826e-04
1.003992e-04
1.004111e-04
1.004182e-04
