1.213235e-04
1.213206e-04
1.213120e-04
1.212976e-04
1.212776e-04
1.212517e-04
1.212202e-04
1.211829e-04
1.211399e-04
1.210911e-04
1.210366e-04
1.209764e-04
1.209105e-04
1.208388e-04
1.207615e-04
1.206784e-04
1.205896e-04
1.204951e-04
1.203949e-04
1.202891e-04
1.201775e-04
1.200602e-04
1.199373e-04
1.198087e-04
1.196744e-04
1.195345e-04
1.193889e-04
1.192376e-04
1.190807e-04
1.189182e-04
1.187501e-04
1.185763e-04
1.183970e-04
1.182120e-04
1.180215e-04
1.178253e-04
1.176236e-04
1.174163e-04
1.172035e-04
1.169852e-04
1.167613e-04
1.165318e-04
1.162969e-04
1.160565e-04
1.158105e-04
1.155591e-04
1.153023e-04
1.150399e-04
1.147722e-04
1.144990e-04
1.142204e-04
1.139364e-04
1.136470e-04
1.133522e-04
1.130521e-04
1.127466e-04
1.124358e-04
1.121197e-04
1.117983e-04
1.114716e-04
1.111396e-04
1.108023e-04
1.104599e-04
1.101122e-04
1.097593e-04
1.094012e-04
1.090379e-04
1.086695e-04
1.082959e-04
1.079172e-04
1.075334e-04
1.071446e-04
1.067506e-04
1.063517e-04
1.059476e-04
1.055386e-04
1.051246e-04
1.047056e-04
1.042817e-04
1.038528e-04
1.034191e-04
1.029804e-04
1.025369e-04
1.020885e-04
1.016353e-04
1.011773e-04
1.007145e-04
1.002470e-04
9.977472e-05
9.929772e-05
9.881603e-05
9.832966e-05
9.783865e-05
9.734302e-05
9.684279e-05
9.633798e-05
9.582861e-05
9.531472e-05
9.479632e-05
9.427345e-05
9.374611e-05
9.321435e-05
9.267819e-05
9.213764e-05
9.159275e-05
9.104352e-05
9.048999e-05
8.993219e-05
8.937014e-05
8.880387e-05
8.823340e-05
8.765876e-05
8.707998e-05
8.649709e-05
8.591012e-05
8.531908e-05
8.472402e-05
8.412495e-05
8.352191e-05
8.291492e-05
8.230402e-05
8.168924e-05
8.107059e-05
8.044812e-05
7.982184e-05
7.919180e-05
7.855802e-05
7.792053e-05
7.727936e-05
7.663454e-05
7.598610e-05
7.533408e-05
7.467850e-05
7.401940e-05
7.335680e-05
7.269073e-05
7.202124e-05
7.134835e-05
7.067209e-05
6.999249e-05
6.930959e-05
6.862343e-05
6.793402e-05
6.724141e-05
6.654562e-05
6.584670e-05
6.514466e-05
6.443956e-05
6.373141e-05
6.302026e-05
6.230614e-05
6.158908e-05
6.086911e-05
6.014627e-05
5.942060e-05
5.869212e-05
5.796088e-05
5.722690e-05
5.649023e-05
5.575089e-05
5.500893e-05
5.426437e-05
5.351725e-05
5.276762e-05
5.201549e-05
5.126092e-05
5.050392e-05
4.974455e-05
4.898284e-05
4.821882e-05
4.745252e-05
4.668400e-05
4.591327e-05
4.514039e-05
4.436537e-05
4.358827e-05
4.280912e-05
4.202795e-05
4.124481e-05
4.045973e-05
3.967274e-05
3.888389e-05
3.809322e-05
3.730077e-05
3.650658e-05
3.571070e-05
3.491318e-05
3.411411e-05
3.331353e-05
3.251161e-05
3.170847e-05
3.090439e-05
3.009973e-05
2.929513e-05
2.849155e-05
2.769061e-05
2.689490e-05
2.610874e-05
2.533911e-05
2.459764e-05
2.390332e-05
2.328760e-05
2.280213e-05
2.253222e-05
2.261832e-05
2.329213e-05
2.493543e-05
2.817783e-05
3.405709e-05
4.428429e-05
6.167991e-05
9.089384e-05
1.395903e-04
2.204014e-04
3.541414e-04
5.750960e-04
9.397055e-04
1.540791e-03
2.530756e-03
4.159166e-03
6.832878e-03
1.121035e-02
1.834438e-02
2.988468e-02
4.833055e-02
7.725783e-02
1.212944e-01
1.853903e-01
2.728409e-01
3.821898e-01
5.049323e-01
6.270832e-01
7.349176e-01
8.204957e-01
8.828498e-01
9.255101e-01
9.534542e-01
9.712406e-01
9.823556e-01
9.892219e-01
9.934334e-01
9.960053e-01
9.975717e-01
9.985240e-01
9.991025e-01
9.994535e-01
9.996665e-01
9.997957e-01
9.998739e-01
9.999213e-01
9.999500e-01
9.999673e-01
9.999777e-01
9.999839e-01
9.999876e-01
9.999898e-01
9.999910e-01
9.999917e-01
9.999920e-01
9.999921e-01
9.999921e-01
9.999920e-01
9.999919e-01
9.999917e-01
9.999915e-01
9.999913e-01
9.999911e-01
9.999909e-01
9.999907e-01
9.999905e-01
9.999903e-01
9.999901e-01
9.999899e-01
9.999897e-01
9.999895e-01
9.999893e-01
9.999891e-01
9.999889e-01
9.999887e-01
9.999885e-01
9.999883e-01
9.999881e-01
9.999879e-01
9.999877e-01
9.999875e-01
9.999873e-01
9.999871e-01
9.999869e-01
9.999867e-01
9.999865e-01
9.999863e-01
9.999861e-01
9.999859e-01
9.999857e-01
9.999855e-01
9.999853e-01
9.999851e-01
9.999849e-01
9.999847e-01
9.999845e-01
9.999843e-01
9.999841e-01
9.999839e-01
9.999837e-01
9.999835e-01
9.999834e-01
9.999832e-01
9.999830e-01
9.999828e-01
9.999826e-01
9.999824e-01
9.999822e-01
9.999820e-01
9.999818e-01
9.999817e-01
9.999815e-01
9.999813e-01
9.999811e-01
9.999809e-01
9.999807e-01
9.999805e-01
9.999804e-01
9.999802e-01
9.999800e-01
9.999798e-01
9.999796e-01
9.999795e-01
9.999793e-01
9.999791e-01
9.999789e-01
9.999787e-01
9.999786e-01
9.999784e-01
9.999782e-01
9.999780e-01
9.999779e-01
9.999777e-01
9.999775e-01
9.999773e-01
9.999772e-01
9.999770e-01
9.999768e-01
9.999767e-01
9.999765e-01
9.999763e-01
9.999762e-01
9.999760e-01
9.999758e-01
9.999757e-01
9.999755e-01
9.999753e-01
9.999752e-01
9.999750e-01
9.999749e-01
9.999747e-01
9.999745e-01
9.999744e-01
9.999742e-01
9.999741e-01
9.999739e-01
9.999737e-01
9.999736e-01
9.999734e-01
9.999733e-01
9.999731e-01
9.999730e-01
9.999728e-01
9.999727e-01
9.999725e-01
9.999724e-01
9.999722e-01
9.999721e-01
9.999719e-01
9.999718e-01
9.999716e-01
9.999715e-01
9.999714e-01
9.999712e-01
9.999711e-01
9.999709e-01
9.999708e-01
9.999707e-01
9.999705e-01
9.999704e-01
9.999702e-01
9.999701e-01
9.999700e-01
9.999698e-01
9.999697e-01
9.999696e-01
9.999695e-01
9.999693e-01
9.999692e-01
9.999691e-01
9.999689e-01
9.999688e-01
9.999687e-01
9.999686e-01
9.999684e-01
9.999683e-01
9.999682e-01
9.999681e-01
9.999680e-01
9.999678e-01
9.999677e-01
9.999676e-01
9.999675e-01
9.999674e-01
9.999673e-01
9.999672e-01
9.999670e-01
9.999669e-01
9.999668e-01
9.999667e-01
9.999666e-01
9.999665e-01
9.999664e-01
9.999663e-01
9.999662e-01
9.999661e-01
9.999660e-01
9.999659e-01
9.999658e-01
9.999657e-01
9.999656e-01
9.999655e-01
9.999654e-01
9.999653e-01
9.999652e-01
9.999651e-01
9.999650e-01
9.999649e-01
9.999648e-01
9.999648e-01
9.999647e-01
9.999646e-01
9.999645e-01
9.999644e-01
9.999643e-01
9.999642e-01
9.999642e-01
9.999641e-01
9.999640e-01
9.999639e-01
9.999638e-01
9.999638e-01
9.999637e-01
9.999636e-01
9.999636e-01
9.999635e-01
9.999634e-01
9.999633e-01
9.999633e-01
9.999632e-01
9.999631e-01
9.999631e-01
9.999630e-01
9.999630e-01
9.999629e-01
9.999628e-01
9.999628e-01
9.999627e-01
9.999627e-01
9.999626e-01
9.999625e-01
9.999625e-01
9.999624e-01
9.999624e-01
9.999623e-01
9.999623e-01
9.999622e-01
9.999622e-01
9.999621e-01
9.999621e-01
9.999621e-01
9.999620e-01
9.999620e-01
9.999619e-01
9.999619e-01
9.999619e-01
9.999618e-01
9.999618e-01
9.999617e-01
9.999617e-01
9.999617e-01
9.999616e-01
9.999616e-01
9.999616e-01
9.999616e-01
9.999615e-01
9.999615e-01
9.999615e-01
9.999615e-01
9.999614e-01
9.999614e-01
9.999614e-01
9.999614e-01
9.999614e-01
9.999613e-01
9.999613e-01
9.999613e-01
9.999613e-01
9.999613e-01
9.999613e-01
9.999613e-01
9.999613e-01
9.999613e-01
9.999612e-01
9.999612e-01
9.999612e-01
9.999612e-01
9.999612e-01
9.999612e-01
9.999612e-01
9.999612e-01
9.999612e-01
9.999612e-01
9.999612e-01
9.999613e-01
9.999613e-01
9.999613e-01
9.999613e-01
9.999613e-01
9.999613e-01
9.999613e-01
9.999613e-01
9.999613e-01
9.999614e-01
9.999614e-01
9.999614e-01
9.999614e-01
9.999614e-01
9.999615e-01
9.999615e-01
9.999615e-01
9.999615e-01
9.999616e-01
9.999616e-01
9.999616e-01
9.999616e-01
9.999617e-01
9.999617e-01
9.999617e-01
9.999618e-01
9.999618e-01
9.999619e-01
9.999619e-01
9.999619e-01
9.999620e-01
9.999620e-01
9.999621e-01
9.999621e-01
9.999621e-01
9.999622e-01
9.999622e-01
9.999623e-01
9.999623e-01
9.999624e-01
9.999624e-01
9.999625e-01
9.999625e-01
9.999626e-01
9.999627e-01
9.999627e-01
9.999628e-01
9.999628e-01
9.999629e-01
9.999630e-01
9.999630e-01
9.999631e-01
9.999631e-01
9.999632e-01
9.999633e-01
9.999633e-01
9.999634e-01
9.999635e-01
9.999636e-01
9.999636e-01
9.999637e-01
9.999638e-01
9.999638e-01
9.999639e-01
9.999640e-01
9.999641e-01
9.999642e-01
9.999642e-01
9.999643e-01
9.999644e-01
9.999645e-01
9.999646e-01
9.999647e-01
9.999648e-01
9.999648e-01
9.999649e-01
9.999650e-01
9.999651e-01
9.999652e-01
9.999653e-01
9.999654e-01
9.999655e-01
9.999656e-01
9.999657e-01
9.999658e-01
9.999659e-01
9.999660e-01
9.999661e-01
9.999662e-01
9.999663e-01
9.999664e-01
9.999665e-01
9.999666e-01
9.999667e-01
9.999668e-01
9.999669e-01
9.999670e-01
9.999672e-01
9.999673e-01
9.999674e-01
9.999675e-01
9.999676e-01
9.999677e-01
9.999678e-01
9.999680e-01
9.999681e-01
9.999682e-01
9.999683e-01
9.999684e-01
9.999686e-01
9.999687e-01
9.999688e-01
9.999689e-01
9.999691e-01
9.999692e-01
9.999693e-01
9.999695e-01
9.999696e-01
9.999697e-01
9.999698e-01
9.999700e-01
9.999701e-01
9.999702e-01
9.999704e-01
9.999705e-01
9.999707e-01
9.999708e-01
9.999709e-01
9.999711e-01
9.999712e-01
9.999714e-01
9.999715e-01
9.999716e-01
9.999718e-01
9.999719e-01
9.999721e-01
9.999722e-01
9.999724e-01
9.999725e-01
9.999727e-01
9.999728e-01
9.999730e-01
9.999731e-01
9.999733e-01
9.999734e-01
9.999736e-01
9.999737e-01
9.999739e-01
9.999741e-01
9.999742e-01
9.999744e-01
9.999745e-01
9.999747e-01
9.999749e-01
9.999750e-01
9.999752e-01
9.999753e-01
9.999755e-01
9.999757e-01
9.999758e-01
9.999760e-01
9.999762e-01
9.999763e-01
9.999765e-01
9.999767e-01
9.999768e-01
9.999770e-01
9.999772e-01
9.999773e-01
9.999775e-01
9.999777e-01
9.999779e-01
9.999780e-01
9.999782e-01
9.999784e-01
9.999786e-01
9.999787e-01
9.999789e-01
9.999791e-01
9.999793e-01
9.999795e-01
9.999796e-01
9.999798e-01
9.999800e-01
9.999802e-01
9.999804e-01
9.999805e-01
9.999807e-01
9.999809e-01
9.999811e-01
9.999813e-01
9.999815e-01
9.999817e-01
9.999818e-01
9.999820e-01
9.999822e-01
9.999824e-01
9.999826e-01
9.999828e-01
9.999830e-01
9.999832e-01
9.999834e-01
9.999835e-01
9.999837e-01
9.999839e-01
9.999841e-01
9.999843e-01
9.999845e-01
9.999847e-01
9.999849e-01
9.999851e-01
9.999853e-01
9.999855e-01
9.999857e-01
9.999859e-01
9.999861e-01
9.999863e-01
9.999865e-01
9.999867e-01
9.999869e-01
9.999871e-01
9.999873e-01
9.999875e-01
9.999877e-01
9.999879e-01
9.999881e-01
9.999883e-01
9.999885e-01
9.999887e-01
9.999889e-01
9.999891e-01
9.999893e-01
9.999895e-01
9.999897e-01
9.999899e-01
9.999901e-01
9.999903e-01
9.999905e-01
9.999907e-01
9.999909e-01
9.999911e-01
9.999913e-01
9.999915e-01
9.999917e-01
9.999919e-01
9.999920e-01
9.999921e-01
9.999921e-01
9.999920e-01
9.999917e-01
9.999910e-01
9.999898e-01
9.999876e-01
9.999839e-01
9.999777e-01
9.999673e-01
9.999500e-01
9.999213e-01
9.998739e-01
9.997957e-01
9.996665e-01
9.994535e-01
9.991025e-01
9.985240e-01
9.975717e-01
9.960053e-01
9.934334e-01
9.892219e-01
9.823556e-01
9.712406e-01
9.534542e-01
9.255101e-01
8.828498e-01
8.204957e-01
7.349176e-01
6.270832e-01
5.049323e-01
3.821898e-01
2.728409e-01
1.853903e-01
1.212944e-01
7.725783e-02
4.833055e-02
2.988468e-02
1.834438e-02
1.121035e-02
6.832878e-03
4.159166e-03
2.530756e-03
1.540791e-03
9.397055e-04
5.750960e-04
3.541414e-04
2.204014e-04
1.395903e-04
9.089384e-05
6.167991e-05
4.428429e-05
3.405709e-05
2.817783e-05
2.493543e-05
2.329213e-05
2.261832e-05
2.253222e-05
2.280213e-05
2.328760e-05
2.390332e-05
2.459764e-05
2.533911e-05
2.610874e-05
2.689490e-05
2.769061e-05
2.849155e-05
2.929513e-05
3.009973e-05
3.090439e-05
3.170847e-05
3.251161e-05
3.331353e-05
3.411411e-05
3.491318e-05
3.571070e-05
3.650658e-05
3.730077e-05
3.809322e-05
3.888389e-05
3.967274e-05
4.045973e-05
4.124481e-05
4.202795e-05
4.280912e-05
4.358827e-05
4.436537e-05
4.514039e-05
4.591327e-05
4.668400e-05
4.745252e-05
4.821882e-05
4.898284e-05
4.974455e-05
5.050392e-05
5.126092e-05
5.201549e-05
5.276762e-05
5.351725e-05
5.426437e-05
5.500893e-05
5.575089e-05
5.649023e-05
5.722690e-05
5.796088e-05
5.869212e-05
5.942060e-05
6.014627e-05
6.086911e-05
6.158908e-05
6.230614e-05
6.302026e-05
6.373141e-05
6.443956e-05
6.514466e-05
6.584670e-05
6.654562e-05
6.724141e-05
6.793402e-05
6.862343e-05
6.930959e-05
6.999249e-05
7.067209e-05
7.134835e-05
7.202124e-05
7.269073e-05
7.335680e-05
7.401940e-05
7.467850e-05
7.533408e-05
7.598610e-05
7.663454e-05
7.727936e-05
7.792053e-05
7.855802e-05
7.919180e-05
7.982184e-05
8.044812e-05
8.107059e-05
8.168924e-05
8.230402e-05
8.291492e-05
8.352191e-05
8.412495e-05
8.472402e-05
8.531908e-05
8.591012e-05
8.649709e-05
8.707998e-05
8.765876e-05
8.823340e-05
8.880387e-05
8.937014e-05
8.993219e-05
9.048999e-05
9.104352e-05
9.159275e-05
9.213764e-05
9.267819e-05
9.321435e-05
9.374611e-05
9.427345e-05
9.479632e-05
9.531472e-05
9.582861e-05
9.633798e-05
9.684279e-05
9.734302e-05
9.783865e-05
9.832966e-05
9.881603e-05
9.929772e-05
9.977472e-05
1.002470e-04
1.007145e-04
1.011773e-04
1.016353e-04
1.020885e-04
1.025369e-04
1.029804e-04
1.034191e-04
1.038528e-04
1.042817e-04
1.047056e-04
1.051246e-04
1.055386e-04
1.059476e-04
1.063517e-04
1.067506e-04
1.071446e-04
1.075334e-04
1.079172e-04
1.082959e-04
1.086695e-04
1.090379e-04
1.094012e-04
1.097593e-04
1.101122e-04
1.104599e-04
1.108023e-04
1.111396e-04
1.114716e-04
1.117983e-04
1.121197e-04
1.124358e-04
1.127466e-04
1.130521e-04
1.133522e-04
1.136470e-04
1.139364e-04
1.142204e-04
1.144990e-04
1.147722e-04
1.150399e-04
1.153023e-04
1.155591e-04
1.158105e-04
1.160565e-04
1.162969e-04
1.165318e-04
1.167613e-04
1.169852e-04
1.172035e-04
1.174163e-04
1.176236e-04
1.178253e-04
1.180215e-04
1.182120e-04
1.183970e-04
1.185763e-04
1.187501e-04
1.189182e-04
1.190807e-04
1.192376e-04
1.193889e-04
1.195345e-04
1.196744e-04
1.198087e-04
1.199373e-04
1.200602e-04
1.201775e-04
1.202891e-04
1.203949e-04
1.204951e-04
1.205896e-04
1.206784e-04
1.207615e-04
1.208388e-04
1.209105e-04
1.209764e-04
1.210366e-04
1.210911e-04
1.211399e-04
1.211829e-04
1.212202e-04
1.212517e-04
1.212776e-04
1.212976e-04
1.213120e-04
1.213206e-04
