5.292229e-03
5.292102e-03
5.291720e-03
5.291084e-03
5.290193e-03
5.289048e-03
5.287649e-03
5.285996e-03
5.284088e-03
5.281927e-03
5.279511e-03
5.276842e-03
5.273919e-03
5.270743e-03
5.267313e-03
5.263631e-03
5.259695e-03
5.255507e-03
5.251066e-03
5.246372e-03
5.241427e-03
5.236230e-03
5.230782e-03
5.225082e-03
5.219132e-03
5.212931e-03
5.206480e-03
5.199778e-03
5.192828e-03
5.185628e-03
5.178179e-03
5.170482e-03
5.162537e-03
5.154345e-03
5.145905e-03
5.137219e-03
5.128287e-03
5.119109e-03
5.109685e-03
5.100017e-03
5.090105e-03
5.079949e-03
5.069549e-03
5.058908e-03
5.048024e-03
5.036899e-03
5.025532e-03
5.013926e-03
5.002080e-03
4.989995e-03
4.977671e-03
4.965110e-03
4.952312e-03
4.939277e-03
4.926007e-03
4.912502e-03
4.898762e-03
4.884789e-03
4.870583e-03
4.856145e-03
4.841475e-03
4.826575e-03
4.811445e-03
4.796087e-03
4.780500e-03
4.764686e-03
4.748645e-03
4.732379e-03
4.715888e-03
4.699173e-03
4.682235e-03
4.665074e-03
4.647693e-03
4.630091e-03
4.612269e-03
4.594230e-03
4.575972e-03
4.557498e-03
4.538808e-03
4.519904e-03
4.500786e-03
4.481455e-03
4.461913e-03
4.442160e-03
4.422197e-03
4.402026e-03
4.381647e-03
4.361062e-03
4.340271e-03
4.319276e-03
4.298078e-03
4.276677e-03
4.255076e-03
4.233275e-03
4.211274e-03
4.189076e-03
4.166682e-03
4.144092e-03
4.121308e-03
4.098331e-03
4.075163e-03
4.051803e-03
4.028254e-03
4.004517e-03
3.980593e-03
3.956483e-03
3.932189e-03
3.907711e-03
3.883051e-03
3.858211e-03
3.833190e-03
3.807992e-03
3.782617e-03
3.757066e-03
3.731341e-03
3.705442e-03
3.679372e-03
3.653131e-03
3.626722e-03
3.600145e-03
3.573401e-03
3.546492e-03
3.519420e-03
3.492185e-03
3.464789e-03
3.437234e-03
3.409521e-03
3.381651e-03
3.353625e-03
3.325446e-03
3.297114e-03
3.268631e-03
3.239998e-03
3.211217e-03
3.182290e-03
3.153217e-03
3.124000e-03
3.094640e-03
3.065140e-03
3.035500e-03
3.005723e-03
2.975808e-03
2.945759e-03
2.915576e-03
2.885261e-03
2.854816e-03
2.824241e-03
2.793539e-03
2.762711e-03
2.731758e-03
2.700683e-03
2.669486e-03
2.638169e-03
2.606734e-03
2.575182e-03
2.543515e-03
2.511734e-03
2.479841e-03
2.447837e-03
2.415725e-03
2.383505e-03
2.351179e-03
2.318749e-03
2.286216e-03
2.253582e-03
2.220849e-03
2.188017e-03
2.155089e-03
2.122067e-03
2.088951e-03
2.055744e-03
2.022447e-03
1.989062e-03
1.955590e-03
1.922033e-03
1.888392e-03
1.854669e-03
1.820867e-03
1.786985e-03
1.753027e-03
1.718993e-03
1.684886e-03
1.650706e-03
1.616456e-03
1.582137e-03
1.547752e-03
1.513300e-03
1.478785e-03
1.444207e-03
1.409569e-03
1.374872e-03
1.340119e-03
1.305310e-03
1.270448e-03
1.235536e-03
1.200576e-03
1.165571e-03
1.130527e-03
1.095450e-03
1.060350e-03
1.025242e-03
9.901507e-04
9.551149e-04
9.201972e-04
8.855000e-04
8.511906e-04
8.175439e-04
7.850109e-04
7.543343e-04
7.267353e-04
7.042254e-04
6.901160e-04
6.898614e-04
7.124441e-04
7.726572e-04
8.948584e-04
1.119141e-03
1.511453e-03
2.180161e-03
3.302993e-03
5.170548e-03
8.255540e-03
1.332041e-02
2.157763e-02
3.491041e-02
5.613017e-02
8.915933e-02
1.388484e-01
2.099110e-01
3.045265e-01
4.191897e-01
5.433127e-01
6.622840e-01
7.637370e-01
8.419777e-01
8.977673e-01
9.353617e-01
9.597397e-01
9.751555e-01
9.847496e-01
9.906612e-01
9.942811e-01
9.964892e-01
9.978328e-01
9.986489e-01
9.991440e-01
9.994440e-01
9.996254e-01
9.997348e-01
9.998006e-01
9.998399e-01
9.998631e-01
9.998766e-01
9.998841e-01
9.998881e-01
9.998899e-01
9.998904e-01
9.998901e-01
9.998893e-01
9.998882e-01
9.998869e-01
9.998855e-01
9.998841e-01
9.998826e-01
9.998812e-01
9.998797e-01
9.998782e-01
9.998767e-01
9.998751e-01
9.998736e-01
9.998722e-01
9.998707e-01
9.998692e-01
9.998677e-01
9.998662e-01
9.998647e-01
9.998632e-01
9.998618e-01
9.998603e-01
9.998588e-01
9.998574e-01
9.998559e-01
9.998545e-01
9.998530e-01
9.998516e-01
9.998502e-01
9.998487e-01
9.998473e-01
9.998459e-01
9.998445e-01
9.998431e-01
9.998417e-01
9.998403e-01
9.998389e-01
9.998375e-01
9.998361e-01
9.998347e-01
9.998333e-01
9.998320e-01
9.998306e-01
9.998292e-01
9.998279e-01
9.998265e-01
9.998252e-01
9.998238e-01
9.998225e-01
9.998211e-01
9.998198e-01
9.998185e-01
9.998172e-01
9.998159e-01
9.998146e-01
9.998133e-01
9.998120e-01
9.998107e-01
9.998094e-01
9.998081e-01
9.998068e-01
9.998055e-01
9.998043e-01
9.998030e-01
9.998018e-01
9.998005e-01
9.997993e-01
9.997980e-01
9.997968e-01
9.997956e-01
9.997943e-01
9.997931e-01
9.997919e-01
9.997907e-01
9.997895e-01
9.997883e-01
9.997871e-01
9.997859e-01
9.997848e-01
9.997836e-01
9.997824e-01
9.997812e-01
9.997801e-01
9.997789e-01
9.997778e-01
9.997767e-01
9.997755e-01
9.997744e-01
9.997733e-01
9.997722e-01
9.997710e-01
9.997699e-01
9.997688e-01
9.997677e-01
9.997667e-01
9.997656e-01
9.997645e-01
9.997634e-01
9.997624e-01
9.997613e-01
9.997603e-01
9.997592e-01
9.997582e-01
9.997571e-01
9.997561e-01
9.997551e-01
9.997541e-01
9.997531e-01
9.997521e-01
9.997511e-01
9.997501e-01
9.997491e-01
9.997481e-01
9.997471e-01
9.997462e-01
9.997452e-01
9.997443e-01
9.997433e-01
9.997424e-01
9.997414e-01
9.997405e-01
9.997396e-01
9.997387e-01
9.997378e-01
9.997369e-01
9.997360e-01
9.997351e-01
9.997342e-01
9.997333e-01
9.997324e-01
9.997316e-01
9.997307e-01
9.997299e-01
9.997290e-01
9.997282e-01
9.997273e-01
9.997265e-01
9.997257e-01
9.997249e-01
9.997241e-01
9.997233e-01
9.997225e-01
9.997217e-01
9.997209e-01
9.997201e-01
9.997194e-01
9.997186e-01
9.997178e-01
9.997171e-01
9.997164e-01
9.997156e-01
9.997149e-01
9.997142e-01
9.997135e-01
9.997127e-01
9.997120e-01
9.997114e-01
9.997107e-01
9.997100e-01
9.997093e-01
9.997086e-01
9.997080e-01
9.997073e-01
9.997067e-01
9.997060e-01
9.997054e-01
9.997048e-01
9.997041e-01
9.997035e-01
9.997029e-01
9.997023e-01
9.997017e-01
9.997011e-01
9.997006e-01
9.997000e-01
9.996994e-01
9.996989e-01
9.996983e-01
9.996978e-01
9.996972e-01
9.996967e-01
9.996962e-01
9.996956e-01
9.996951e-01
9.996946e-01
9.996941e-01
9.996936e-01
9.996932e-01
9.996927e-01
9.996922e-01
9.996917e-01
9.996913e-01
9.996908e-01
9.996904e-01
9.996900e-01
9.996895e-01
9.996891e-01
9.996887e-01
9.996883e-01
9.996879e-01
9.996875e-01
9.996871e-01
9.996867e-01
9.996864e-01
9.996860e-01
9.996856e-01
9.996853e-01
9.996849e-01
9.996846e-01
9.996843e-01
9.996839e-01
9.996836e-01
9.996833e-01
9.996830e-01
9.996827e-01
9.996824e-01
9.996822e-01
9.996819e-01
9.996816e-01
9.996814e-01
9.996811e-01
9.996809e-01
9.996806e-01
9.996804e-01
9.996802e-01
9.996799e-01
9.996797e-01
9.996795e-01
9.996793e-01
9.996791e-01
9.996790e-01
9.996788e-01
9.996786e-01
9.996785e-01
9.996783e-01
9.996782e-01
9.996780e-01
9.996779e-01
9.996778e-01
9.996776e-01
9.996775e-01
9.996774e-01
9.996773e-01
9.996772e-01
9.996772e-01
9.996771e-01
9.996770e-01
9.996770e-01
9.996769e-01
9.996769e-01
9.996768e-01
9.996768e-01
9.996768e-01
9.996767e-01
9.996767e-01
9.996767e-01
9.996767e-01
9.996767e-01
9.996768e-01
9.996768e-01
9.996768e-01
9.996769e-01
9.996769e-01
9.996770e-01
9.996770e-01
9.996771e-01
9.996772e-01
9.996772e-01
9.996773e-01
9.996774e-01
9.996775e-01
9.996776e-01
9.996778e-01
9.996779e-01
9.996780e-01
9.996782e-01
9.996783e-01
9.996785e-01
9.996786e-01
9.996788e-01
9.996790e-01
9.996791e-01
9.996793e-01
9.996795e-01
9.996797e-01
9.996799e-01
9.996802e-01
9.996804e-01
9.996806e-01
9.996809e-01
9.996811e-01
9.996814e-01
9.996816e-01
9.996819e-01
9.996822e-01
9.996824e-01
9.996827e-01
9.996830e-01
9.996833e-01
9.996836e-01
9.996839e-01
9.996843e-01
9.996846e-01
9.996849e-01
9.996853e-01
9.996856e-01
9.996860e-01
9.996864e-01
9.996867e-01
9.996871e-01
9.996875e-01
9.996879e-01
9.996883e-01
9.996887e-01
9.996891e-01
9.996895e-01
9.996900e-01
9.996904e-01
9.996908e-01
9.996913e-01
9.996917e-01
9.996922e-01
9.996927e-01
9.996932e-01
9.996936e-01
9.996941e-01
9.996946e-01
9.996951e-01
9.996956e-01
9.996962e-01
9.996967e-01
9.996972e-01
9.996978e-01
9.996983e-01
9.996989e-01
9.996994e-01
9.997000e-01
9.997006e-01
9.997011e-01
9.997017e-01
9.997023e-01
9.997029e-01
9.997035e-01
9.997041e-01
9.997048e-01
9.997054e-01
9.997060e-01
9.997067e-01
9.997073e-01
9.997080e-01
9.997086e-01
9.997093e-01
9.997100e-01
9.997107e-01
9.997114e-01
9.997120e-01
9.997127e-01
9.997135e-01
9.997142e-01
9.997149e-01
9.997156e-01
9.997164e-01
9.997171e-01
9.997178e-01
9.997186e-01
9.997194e-01
9.997201e-01
9.997209e-01
9.997217e-01
9.997225e-01
9.997233e-01
9.997241e-01
9.997249e-01
9.997257e-01
9.997265e-01
9.997273e-01
9.997282e-01
9.997290e-01
9.997299e-01
9.997307e-01
9.997316e-01
9.997324e-01
9.997333e-01
9.997342e-01
9.997351e-01
9.997360e-01
9.997369e-01
9.997378e-01
9.997387e-01
9.997396e-01
9.997405e-01
9.997414e-01
9.997424e-01
9.997433e-01
9.997443e-01
9.997452e-01
9.997462e-01
9.997471e-01
9.997481e-01
9.997491e-01
9.997501e-01
9.997511e-01
9.997521e-01
9.997531e-01
9.997541e-01
9.997551e-01
9.997561e-01
9.997571e-01
9.997582e-01
9.997592e-01
9.997603e-01
9.997613e-01
9.997624e-01
9.997634e-01
9.997645e-01
9.997656e-01
9.997667e-01
9.997677e-01
9.997688e-01
9.997699e-01
9.997710e-01
9.997722e-01
9.997733e-01
9.997744e-01
9.997755e-01
9.997767e-01
9.997778e-01
9.997789e-01
9.997801e-01
9.997812e-01
9.997824e-01
9.997836e-01
9.997848e-01
9.997859e-01
9.997871e-01
9.997883e-01
9.997895e-01
9.997907e-01
9.997919e-01
9.997931e-01
9.997943e-01
9.997956e-01
9.997968e-01
9.997980e-01
9.997993e-01
9.998005e-01
9.998018e-01
9.998030e-01
9.998043e-01
9.998055e-01
9.998068e-01
9.998081e-01
9.998094e-01
9.998107e-01
9.998120e-01
9.998133e-01
9.998146e-01
9.998159e-01
9.998172e-01
9.998185e-01
9.998198e-01
9.998211e-01
9.998225e-01
9.998238e-01
9.998252e-01
9.998265e-01
9.998279e-01
9.998292e-01
9.998306e-01
9.998320e-01
9.998333e-01
9.998347e-01
9.998361e-01
9.998375e-01
9.998389e-01
9.998403e-01
9.998417e-01
9.998431e-01
9.998445e-01
9.998459e-01
9.998473e-01
9.998487e-01
9.998502e-01
9.998516e-01
9.998530e-01
9.998545e-01
9.998559e-01
9.998574e-01
9.998588e-01
9.998603e-01
9.998618e-01
9.998632e-01
9.998647e-01
9.998662e-01
9.998677e-01
9.998692e-01
9.998707e-01
9.998722e-01
9.998736e-01
9.998751e-01
9.998767e-01
9.998782e-01
9.998797e-01
9.998812e-01
9.998826e-01
9.998841e-01
9.998855e-01
9.998869e-01
9.998882e-01
9.998893e-01
9.998901e-01
9.998904e-01
9.998899e-01
9.998881e-01
9.998841e-01
9.998766e-01
9.998631e-01
9.998399e-01
9.998006e-01
9.997348e-01
9.996254e-01
9.994440e-01
9.991440e-01
9.986489e-01
9.978328e-01
9.964892e-01
9.942811e-01
9.906612e-01
9.847496e-01
9.751555e-01
9.597397e-01
9.353617e-01
8.977673e-01
8.419777e-01
7.637370e-01
6.622840e-01
5.433127e-01
4.191897e-01
3.045265e-01
2.099110e-01
1.388484e-01
8.915933e-02
5.613017e-02
3.491041e-02
2.157763e-02
1.332041e-02
8.255540e-03
5.170548e-03
3.302993e-03
2.180161e-03
1.511453e-03
1.119141e-03
8.948584e-04
7.726572e-04
7.124441e-04
6.898614e-04
6.901160e-04
7.042254e-04
7.267353e-04
7.543343e-04
7.850109e-04
8.175439e-04
8.511906e-04
8.855000e-04
9.201972e-04
9.551149e-04
9.901507e-04
1.025242e-03
1.060350e-03
1.095450e-03
1.130527e-03
1.165571e-03
1.200576e-03
1.235536e-03
1.270448e-03
1.305310e-03
1.340119e-03
1.374872e-03
1.409569e-03
1.444207e-03
1.478785e-03
1.513300e-03
1.547752e-03
1.582137e-03
1.616456e-03
1.650706e-03
1.684886e-03
1.718993e-03
1.753027e-03
1.786985e-03
1.820867e-03
1.854669e-03
1.888392e-03
1.922033e-03
1.955590e-03
1.989062e-03
2.022447e-03
2.055744e-03
2.088951e-03
2.122067e-03
2.155089e-03
2.188017e-03
2.220849e-03
2.253582e-03
2.286216e-03
2.318749e-03
2.351179e-03
2.383505e-03
2.415725e-03
2.447837e-03
2.479841e-03
2.511734e-03
2.543515e-03
2.575182e-03
2.606734e-03
2.638169e-03
2.669486e-03
2.700683e-03
2.731758e-03
2.762711e-03
2.793539e-03
2.824241e-03
2.854816e-03
2.885261e-03
2.915576e-03
2.945759e-03
2.975808e-03
3.005723e-03
3.035500e-03
3.065140e-03
3.094640e-03
3.124000e-03
3.153217e-03
3.182290e-03
3.211217e-03
3.239998e-03
3.268631e-03
3.297114e-03
3.325446e-03
3.353625e-03
3.381651e-03
3.409521e-03
3.437234e-03
3.464789e-03
3.492185e-03
3.519420e-03
3.546492e-03
3.573401e-03
3.600145e-03
3.626722e-03
3.653131e-03
3.679372e-03
3.705442e-03
3.731341e-03
3.757066e-03
3.782617e-03
3.807992e-03
3.833190e-03
3.858211e-03
3.883051e-03
3.907711e-03
3.932189e-03
3.956483e-03
3.980593e-03
4.004517e-03
4.028254e-03
4.051803e-03
4.075163e-03
4.098331e-03
4.121308e-03
4.144092e-03
4.166682e-03
4.189076e-03
4.211274e-03
4.233275e-03
4.255076e-03
4.276677e-03
4.298078e-03
4.319276e-03
4.340271e-03
4.361062e-03
4.381647e-03
4.402026e-03
4.422197e-03
4.442160e-03
4.461913e-03
4.481455e-03
4.500786e-03
4.519904e-03
4.538808e-03
4.557498e-03
4.575972e-03
4.594230e-03
4.612269e-03
4.630091e-03
4.647693e-03
4.665074e-03
4.682235e-03
4.699173e-03
4.715888e-03
4.732379e-03
4.748645e-03
4.764686e-03
4.780500e-03
4.796087e-03
4.811445e-03
4.826575e-03
4.841475e-03
4.856145e-03
4.870583e-03
4.884789e-03
4.898762e-03
4.912502e-03
4.926007e-03
4.939277e-03
4.952312e-03
4.965110e-03
4.977671e-03
4.989995e-03
5.002080e-03
5.013926e-03
5.025532e-03
5.036899e-03
5.048024e-03
5.058908e-03
5.069549e-03
5.079949e-03
5.090105e-03
5.100017e-03
5.109685e-03
5.119109e-03
5.128287e-03
5.137219e-03
5.145905e-03
5.154345e-03
5.162537e-03
5.170482e-03
5.178179e-03
5.185628e-03
5.192828e-03
5.199778e-03
5.206480e-03
5.212931e-03
5.219132e-03
5.225082e-03
5.230782e-03
5.236230e-03
5.241427e-03
5.246372e-03
5.251066e-03
5.255507e-03
5.259695e-03
5.263631e-03
5.267313e-03
5.270743e-03
5.273919e-03
5.276842e-03
5.279511e-03
5.281927e-03
5.284088e-03
5.285996e-03
5.287649e-03
5.289048e-03
5.290193e-03
5.291084e-03
5.291720e-03
5.292102e-03
