8.312305e-05
8.312108e-05
8.311519e-05
8.310537e-05
8.309162e-05
8.307394e-05
8.305233e-05
8.302680e-05
8.299735e-05
8.296397e-05
8.292667e-05
8.288545e-05
8.284031e-05
8.279126e-05
8.273829e-05
8.268142e-05
8.262063e-05
8.255594e-05
8.248735e-05
8.241486e-05
8.233847e-05
8.225819e-05
8.217402e-05
8.208597e-05
8.199404e-05
8.189824e-05
8.179856e-05
8.169502e-05
8.158761e-05
8.147635e-05
8.136124e-05
8.124228e-05
8.111948e-05
8.099285e-05
8.086239e-05
8.072811e-05
8.059001e-05
8.044811e-05
8.030240e-05
8.015289e-05
7.999960e-05
7.984253e-05
7.968168e-05
7.951707e-05
7.934870e-05
7.917658e-05
7.900072e-05
7.882113e-05
7.863781e-05
7.845077e-05
7.826002e-05
7.806558e-05
7.786745e-05
7.766564e-05
7.746016e-05
7.725101e-05
7.703822e-05
7.682179e-05
7.660172e-05
7.637804e-05
7.615075e-05
7.591986e-05
7.568538e-05
7.544732e-05
7.520570e-05
7.496053e-05
7.471182e-05
7.445957e-05
7.420381e-05
7.394454e-05
7.368177e-05
7.341553e-05
7.314582e-05
7.287265e-05
7.259603e-05
7.231599e-05
7.203253e-05
7.174567e-05
7.145542e-05
7.116179e-05
7.086480e-05
7.056447e-05
7.026080e-05
6.995381e-05
6.964351e-05
6.932993e-05
6.901307e-05
6.869295e-05
6.836959e-05
6.804300e-05
6.771319e-05
6.738019e-05
6.704400e-05
6.670464e-05
6.636214e-05
6.601650e-05
6.566774e-05
6.531588e-05
6.496094e-05
6.460293e-05
6.424187e-05
6.387777e-05
6.351066e-05
6.314055e-05
6.276746e-05
6.239140e-05
6.201240e-05
6.163047e-05
6.124563e-05
6.085790e-05
6.046729e-05
6.007383e-05
5.967753e-05
5.927842e-05
5.887650e-05
5.847181e-05
5.806436e-05
5.765417e-05
5.724125e-05
5.682563e-05
5.640733e-05
5.598637e-05
5.556277e-05
5.513654e-05
5.470771e-05
5.427630e-05
5.384233e-05
5.340582e-05
5.296678e-05
5.252525e-05
5.208124e-05
5.163477e-05
5.118586e-05
5.073454e-05
5.028083e-05
4.982474e-05
4.936631e-05
4.890554e-05
4.844247e-05
4.797711e-05
4.750949e-05
4.703963e-05
4.656755e-05
4.609327e-05
4.561682e-05
4.513822e-05
4.465749e-05
4.417466e-05
4.368974e-05
4.320276e-05
4.271374e-05
4.222272e-05
4.172969e-05
4.123471e-05
4.073778e-05
4.023893e-05
3.973818e-05
3.923556e-05
3.873109e-05
3.822480e-05
3.771670e-05
3.720683e-05
3.669521e-05
3.618185e-05
3.566679e-05
3.515006e-05
3.463166e-05
3.411164e-05
3.359001e-05
3.306680e-05
3.254203e-05
3.201573e-05
3.148792e-05
3.095863e-05
3.042788e-05
2.989570e-05
2.936211e-05
2.882715e-05
2.829082e-05
2.775318e-05
2.721422e-05
2.667399e-05
2.613251e-05
2.558981e-05
2.504592e-05
2.450089e-05
2.395475e-05
2.340756e-05
2.285938e-05
2.231033e-05
2.176056e-05
2.121031e-05
2.065994e-05
2.011007e-05
1.956166e-05
1.901633e-05
1.847663e-05
1.794690e-05
1.743412e-05
1.694992e-05
1.651332e-05
1.615581e-05
1.592914e-05
1.591877e-05
1.626540e-05
1.720117e-05
1.910858e-05
2.261848e-05
2.877063e-05
3.927946e-05
5.697100e-05
8.650431e-05
1.355588e-04
2.167916e-04
3.510584e-04
5.727132e-04
9.383084e-04
1.540850e-03
2.533045e-03
4.164949e-03
6.844216e-03
1.123057e-02
1.837875e-02
2.994138e-02
4.842172e-02
7.740018e-02
1.215081e-01
1.856938e-01
2.732402e-01
3.826654e-01
5.054362e-01
6.275549e-01
7.353108e-01
8.207933e-01
8.830591e-01
9.256499e-01
9.535445e-01
9.712978e-01
9.823914e-01
9.892443e-01
9.934475e-01
9.960143e-01
9.975775e-01
9.985280e-01
9.991053e-01
9.994557e-01
9.996683e-01
9.997973e-01
9.998754e-01
9.999228e-01
9.999514e-01
9.999687e-01
9.999792e-01
9.999854e-01
9.999892e-01
9.999914e-01
9.999926e-01
9.999933e-01
9.999937e-01
9.999938e-01
9.999939e-01
9.999938e-01
9.999937e-01
9.999936e-01
9.999935e-01
9.999933e-01
9.999932e-01
9.999930e-01
9.999928e-01
9.999927e-01
9.999925e-01
9.999924e-01
9.999922e-01
9.999920e-01
9.999919e-01
9.999917e-01
9.999916e-01
9.999914e-01
9.999912e-01
9.999911e-01
9.999909e-01
9.999907e-01
9.999906e-01
9.999904e-01
9.999903e-01
9.999901e-01
9.999899e-01
9.999898e-01
9.999896e-01
9.999895e-01
9.999893e-01
9.999892e-01
9.999890e-01
9.999888e-01
9.999887e-01
9.999885e-01
9.999884e-01
9.999882e-01
9.999881e-01
9.999879e-01
9.999878e-01
9.999876e-01
9.999875e-01
9.999873e-01
9.999871e-01
9.999870e-01
9.999868e-01
9.999867e-01
9.999865e-01
9.999864e-01
9.999862e-01
9.999861e-01
9.999859e-01
9.999858e-01
9.999856e-01
9.999855e-01
9.999853e-01
9.999852e-01
9.999851e-01
9.999849e-01
9.999848e-01
9.999846e-01
9.999845e-01
9.999843e-01
9.999842e-01
9.999840e-01
9.999839e-01
9.999838e-01
9.999836e-01
9.999835e-01
9.999833e-01
9.999832e-01
9.999831e-01
9.999829e-01
9.999828e-01
9.999826e-01
9.999825e-01
9.999824e-01
9.999822e-01
9.999821e-01
9.999820e-01
9.999818e-01
9.999817e-01
9.999816e-01
9.999814e-01
9.999813e-01
9.999812e-01
9.999810e-01
9.999809e-01
9.999808e-01
9.999806e-01
9.999805e-01
9.999804e-01
9.999802e-01
9.999801e-01
9.999800e-01
9.999799e-01
9.999797e-01
9.999796e-01
9.999795e-01
9.999794e-01
9.999792e-01
9.999791e-01
9.999790e-01
9.999789e-01
9.999788e-01
9.999786e-01
9.999785e-01
9.999784e-01
9.999783e-01
9.999782e-01
9.999780e-01
9.999779e-01
9.999778e-01
9.999777e-01
9.999776e-01
9.999775e-01
9.999774e-01
9.999772e-01
9.999771e-01
9.999770e-01
9.999769e-01
9.999768e-01
9.999767e-01
9.999766e-01
9.999765e-01
9.999764e-01
9.999763e-01
9.999762e-01
9.999761e-01
9.999760e-01
9.999759e-01
9.999757e-01
9.999756e-01
9.999755e-01
9.999754e-01
9.999753e-01
9.999752e-01
9.999752e-01
9.999751e-01
9.999750e-01
9.999749e-01
9.999748e-01
9.999747e-01
9.999746e-01
9.999745e-01
9.999744e-01
9.999743e-01
9.999742e-01
9.999741e-01
9.999740e-01
9.999739e-01
9.999739e-01
9.999738e-01
9.999737e-01
9.999736e-01
9.999735e-01
9.999734e-01
9.999734e-01
9.999733e-01
9.999732e-01
9.999731e-01
9.999730e-01
9.999730e-01
9.999729e-01
9.999728e-01
9.999727e-01
9.999727e-01
9.999726e-01
9.999725e-01
9.999724e-01
9.999724e-01
9.999723e-01
9.999722e-01
9.999721e-01
9.999721e-01
9.999720e-01
9.999719e-01
9.999719e-01
9.999718e-01
9.999717e-01
9.999717e-01
9.999716e-01
9.999716e-01
9.999715e-01
9.999714e-01
9.999714e-01
9.999713e-01
9.999713e-01
9.999712e-01
9.999712e-01
9.999711e-01
9.999710e-01
9.999710e-01
9.999709e-01
9.999709e-01
9.999708e-01
9.999708e-01
9.999707e-01
9.999707e-01
9.999706e-01
9.999706e-01
9.999705e-01
9.999705e-01
9.999705e-01
9.999704e-01
9.999704e-01
9.999703e-01
9.999703e-01
9.999703e-01
9.999702e-01
9.999702e-01
9.999701e-01
9.999701e-01
9.999701e-01
9.999700e-01
9.999700e-01
9.999700e-01
9.999699e-01
9.999699e-01
9.999699e-01
9.999699e-01
9.999698e-01
9.999698e-01
9.999698e-01
9.999697e-01
9.999697e-01
9.999697e-01
9.999697e-01
9.999697e-01
9.999696e-01
9.999696e-01
9.999696e-01
9.999696e-01
9.999696e-01
9.999695e-01
9.999695e-01
9.999695e-01
9.999695e-01
9.999695e-01
9.999695e-01
9.999695e-01
9.999695e-01
9.999695e-01
9.999694e-01
9.999694e-01
9.999694e-01
9.999694e-01
9.999694e-01
9.999694e-01
9.999694e-01
9.999694e-01
9.999694e-01
9.999694e-01
9.999694e-01
9.999694e-01
9.999694e-01
9.999694e-01
9.999694e-01
9.999694e-01
9.999694e-01
9.999695e-01
9.999695e-01
9.999695e-01
9.999695e-01
9.999695e-01
9.999695e-01
9.999695e-01
9.999695e-01
9.999695e-01
9.999696e-01
9.999696e-01
9.999696e-01
9.999696e-01
9.999696e-01
9.999697e-01
9.999697e-01
9.999697e-01
9.999697e-01
9.999697e-01
9.999698e-01
9.999698e-01
9.999698e-01
9.999699e-01
9.999699e-01
9.999699e-01
9.999699e-01
9.999700e-01
9.999700e-01
9.999700e-01
9.999701e-01
9.999701e-01
9.999701e-01
9.999702e-01
9.999702e-01
9.999703e-01
9.999703e-01
9.999703e-01
9.999704e-01
9.999704e-01
9.999705e-01
9.999705e-01
9.999705e-01
9.999706e-01
9.999706e-01
9.999707e-01
9.999707e-01
9.999708e-01
9.999708e-01
9.999709e-01
9.999709e-01
9.999710e-01
9.999710e-01
9.999711e-01
9.999712e-01
9.999712e-01
9.999713e-01
9.999713e-01
9.999714e-01
9.999714e-01
9.999715e-01
9.999716e-01
9.999716e-01
9.999717e-01
9.999717e-01
9.999718e-01
9.999719e-01
9.999719e-01
9.999720e-01
9.999721e-01
9.999721e-01
9.999722e-01
9.999723e-01
9.999724e-01
9.999724e-01
9.999725e-01
9.999726e-01
9.999727e-01
9.999727e-01
9.999728e-01
9.999729e-01
9.999730e-01
9.999730e-01
9.999731e-01
9.999732e-01
9.999733e-01
9.999734e-01
9.999734e-01
9.999735e-01
9.999736e-01
9.999737e-01
9.999738e-01
9.999739e-01
9.999739e-01
9.999740e-01
9.999741e-01
9.999742e-01
9.999743e-01
9.999744e-01
9.999745e-01
9.999746e-01
9.999747e-01
9.999748e-01
9.999749e-01
9.999750e-01
9.999751e-01
9.999752e-01
9.999752e-01
9.999753e-01
9.999754e-01
9.999755e-01
9.999756e-01
9.999757e-01
9.999759e-01
9.999760e-01
9.999761e-01
9.999762e-01
9.999763e-01
9.999764e-01
9.999765e-01
9.999766e-01
9.999767e-01
9.999768e-01
9.999769e-01
9.999770e-01
9.999771e-01
9.999772e-01
9.999774e-01
9.999775e-01
9.999776e-01
9.999777e-01
9.999778e-01
9.999779e-01
9.999780e-01
9.999782e-01
9.999783e-01
9.999784e-01
9.999785e-01
9.999786e-01
9.999788e-01
9.999789e-01
9.999790e-01
9.999791e-01
9.999792e-01
9.999794e-01
9.999795e-01
9.999796e-01
9.999797e-01
9.999799e-01
9.999800e-01
9.999801e-01
9.999802e-01
9.999804e-01
9.999805e-01
9.999806e-01
9.999808e-01
9.999809e-01
9.999810e-01
9.999812e-01
9.999813e-01
9.999814e-01
9.999816e-01
9.999817e-01
9.999818e-01
9.999820e-01
9.999821e-01
9.999822e-01
9.999824e-01
9.999825e-01
9.999826e-01
9.999828e-01
9.999829e-01
9.999831e-01
9.999832e-01
9.999833e-01
9.999835e-01
9.999836e-01
9.999838e-01
9.999839e-01
9.999840e-01
9.999842e-01
9.999843e-01
9.999845e-01
9.999846e-01
9.999848e-01
9.999849e-01
9.999851e-01
9.999852e-01
9.999853e-01
9.999855e-01
9.999856e-01
9.999858e-01
9.999859e-01
9.999861e-01
9.999862e-01
9.999864e-01
9.999865e-01
9.999867e-01
9.999868e-01
9.999870e-01
9.999871e-01
9.999873e-01
9.999875e-01
9.999876e-01
9.999878e-01
9.999879e-01
9.999881e-01
9.999882e-01
9.999884e-01
9.999885e-01
9.999887e-01
9.999888e-01
9.999890e-01
9.999892e-01
9.999893e-01
9.999895e-01
9.999896e-01
9.999898e-01
9.999899e-01
9.999901e-01
9.999903e-01
9.999904e-01
9.999906e-01
9.999907e-01
9.999909e-01
9.999911e-01
9.999912e-01
9.999914e-01
9.999916e-01
9.999917e-01
9.999919e-01
9.999920e-01
9.999922e-01
9.999924e-01
9.999925e-01
9.999927e-01
9.999928e-01
9.999930e-01
9.999932e-01
9.999933e-01
9.999935e-01
9.999936e-01
9.999937e-01
9.999938e-01
9.999939e-01
9.999938e-01
9.999937e-01
9.999933e-01
9.999926e-01
9.999914e-01
9.999892e-01
9.999854e-01
9.999792e-01
9.999687e-01
9.999514e-01
9.999228e-01
9.998754e-01
9.997973e-01
9.996683e-01
9.994557e-01
9.991053e-01
9.985280e-01
9.975775e-01
9.960143e-01
9.934475e-01
9.892443e-01
9.823914e-01
9.712978e-01
9.535445e-01
9.256499e-01
8.830591e-01
8.207933e-01
7.353108e-01
6.275549e-01
5.054362e-01
3.826654e-01
2.732402e-01
1.856938e-01
1.215081e-01
7.740018e-02
4.842172e-02
2.994138e-02
1.837875e-02
1.123057e-02
6.844216e-03
4.164949e-03
2.533045e-03
1.540850e-03
9.383084e-04
5.727132e-04
3.510584e-04
2.167916e-04
1.355588e-04
8.650431e-05
5.697100e-05
3.927946e-05
2.877063e-05
2.261848e-05
1.910858e-05
1.720117e-05
1.626540e-05
1.591877e-05
1.592914e-05
1.615581e-05
1.651332e-05
1.694992e-05
1.743412e-05
1.794690e-05
1.847663e-05
1.901633e-05
1.956166e-05
2.011007e-05
2.065994e-05
2.121031e-05
2.176056e-05
2.231033e-05
2.285938e-05
2.340756e-05
2.395475e-05
2.450089e-05
2.504592e-05
2.558981e-05
2.613251e-05
2.667399e-05
2.721422e-05
2.775318e-05
2.829082e-05
2.882715e-05
2.936211e-05
2.989570e-05
3.042788e-05
3.095863e-05
3.148792e-05
3.201573e-05
3.254203e-05
3.306680e-05
3.359001e-05
3.411164e-05
3.463166e-05
3.515006e-05
3.566679e-05
3.618185e-05
3.669521e-05
3.720683e-05
3.771670e-05
3.822480e-05
3.873109e-05
3.923556e-05
3.973818e-05
4.023893e-05
4.073778e-05
4.123471e-05
4.172969e-05
4.222272e-05
4.271374e-05
4.320276e-05
4.368974e-05
4.417466e-05
4.465749e-05
4.513822e-05
4.561682e-05
4.609327e-05
4.656755e-05
4.703963e-05
4.750949e-05
4.797711e-05
4.844247e-05
4.890554e-05
4.936631e-05
4.982474e-05
5.028083e-05
5.073454e-05
5.118586e-05
5.163477e-05
5.208124e-05
5.252525e-05
5.296678e-05
5.340582e-05
5.384233e-05
5.427630e-05
5.470771e-05
5.513654e-05
5.556277e-05
5.598637e-05
5.640733e-05
5.682563e-05
5.724125e-05
5.765417e-05
5.806436e-05
5.847181e-05
5.887650e-05
5.927842e-05
5.967753e-05
6.007383e-05
6.046729e-05
6.085790e-05
6.124563e-05
6.163047e-05
6.201240e-05
6.239140e-05
6.276746e-05
6.314055e-05
6.351066e-05
6.387777e-05
6.424187e-05
6.460293e-05
6.496094e-05
6.531588e-05
6.566774e-05
6.601650e-05
6.636214e-05
6.670464e-05
6.704400e-05
6.738019e-05
6.771319e-05
6.804300e-05
6.836959e-05
6.869295e-05
6.901307e-05
6.932993e-05
6.964351e-05
6.995381e-05
7.026080e-05
7.056447e-05
7.086480e-05
7.116179e-05
7.145542e-05
7.174567e-05
7.203253e-05
7.231599e-05
7.259603e-05
7.287265e-05
7.314582e-05
7.341553e-05
7.368177e-05
7.394454e-05
7.420381e-05
7.445957e-05
7.471182e-05
7.496053e-05
7.520570e-05
7.544732e-05
7.568538e-05
7.591986e-05
7.615075e-05
7.637804e-05
7.660172e-05
7.682179e-05
7.703822e-05
7.725101e-05
7.746016e-05
7.766564e-05
7.786745e-05
7.806558e-05
7.826002e-05
7.845077e-05
7.863781e-05
7.882113e-05
7.900072e-05
7.917658e-05
7.934870e-05
7.951707e-05
7.968168e-05
7.984253e-05
7.999960e-05
8.015289e-05
8.030240e-05
8.044811e-05
8.059001e-05
8.072811e-05
8.086239e-05
8.099285e-05
8.111948e-05
8.124228e-05
8.136124e-05
8.147635e-05
8.158761e-05
8.169502e-05
8.179856e-05
8.189824e-05
8.199404e-05
8.208597e-05
8.217402e-05
8.225819e-05
8.233847e-05
8.241486e-05
8.248735e-05
8.255594e-05
8.262063e-05
8.268142e-05
8.273829e-05
8.279126e-05
8.284031e-05
8.288545e-05
8.292667e-05
8.296397e-05
8.299735e-05
8.302680e-05
8.305233e-05
8.307394e-05
8.309162e-05
8.310537e-05
8.311519e-05
8.312108e-05
