6.880879e-05
6.880717e-05
6.880229e-05
6.879416e-05
6.878278e-05
6.876815e-05
6.875028e-05
6.872915e-05
6.870478e-05
6.867716e-05
6.864629e-05
6.861219e-05
6.857484e-05
6.853425e-05
6.849042e-05
6.844335e-05
6.839306e-05
6.833953e-05
6.828277e-05
6.822278e-05
6.815957e-05
6.809315e-05
6.802350e-05
6.795064e-05
6.787457e-05
6.779529e-05
6.771281e-05
6.762713e-05
6.753826e-05
6.744619e-05
6.735094e-05
6.725250e-05
6.715089e-05
6.704611e-05
6.693816e-05
6.682704e-05
6.671277e-05
6.659534e-05
6.647477e-05
6.635106e-05
6.622422e-05
6.609424e-05
6.596115e-05
6.582493e-05
6.568561e-05
6.554319e-05
6.539766e-05
6.524905e-05
6.509736e-05
6.494259e-05
6.478475e-05
6.462385e-05
6.445990e-05
6.429291e-05
6.412287e-05
6.394981e-05
6.377373e-05
6.359464e-05
6.341254e-05
6.322744e-05
6.303936e-05
6.284830e-05
6.265427e-05
6.245729e-05
6.225735e-05
6.205447e-05
6.184866e-05
6.163993e-05
6.142829e-05
6.121375e-05
6.099631e-05
6.077600e-05
6.055281e-05
6.032677e-05
6.009787e-05
5.986614e-05
5.963158e-05
5.939420e-05
5.915402e-05
5.891105e-05
5.866529e-05
5.841676e-05
5.816548e-05
5.791144e-05
5.765468e-05
5.739519e-05
5.713299e-05
5.686809e-05
5.660050e-05
5.633025e-05
5.605733e-05
5.578177e-05
5.550357e-05
5.522276e-05
5.493933e-05
5.465332e-05
5.436472e-05
5.407355e-05
5.377983e-05
5.348358e-05
5.318480e-05
5.288350e-05
5.257972e-05
5.227345e-05
5.196471e-05
5.165352e-05
5.133989e-05
5.102383e-05
5.070537e-05
5.038452e-05
5.006128e-05
4.973569e-05
4.940775e-05
4.907747e-05
4.874488e-05
4.840999e-05
4.807282e-05
4.773337e-05
4.739168e-05
4.704774e-05
4.670159e-05
4.635323e-05
4.600269e-05
4.564998e-05
4.529511e-05
4.493811e-05
4.457898e-05
4.421775e-05
4.385444e-05
4.348906e-05
4.312162e-05
4.275215e-05
4.238067e-05
4.200719e-05
4.163172e-05
4.125429e-05
4.087492e-05
4.049362e-05
4.011041e-05
3.972531e-05
3.933833e-05
3.894950e-05
3.855883e-05
3.816635e-05
3.777206e-05
3.737600e-05
3.697817e-05
3.657860e-05
3.617731e-05
3.577431e-05
3.536962e-05
3.496327e-05
3.455527e-05
3.414564e-05
3.373440e-05
3.332158e-05
3.290718e-05
3.249123e-05
3.207375e-05
3.165476e-05
3.123428e-05
3.081233e-05
3.038893e-05
2.996410e-05
2.953785e-05
2.911022e-05
2.868121e-05
2.825085e-05
2.781916e-05
2.738617e-05
2.695188e-05
2.651633e-05
2.607953e-05
2.564150e-05
2.520226e-05
2.476185e-05
2.432026e-05
2.387753e-05
2.343368e-05
2.298873e-05
2.254270e-05
2.209562e-05
2.164749e-05
2.119837e-05
2.074826e-05
2.029721e-05
1.984524e-05
1.939243e-05
1.893881e-05
1.848451e-05
1.802966e-05
1.757451e-05
1.711941e-05
1.666499e-05
1.621218e-05
1.576261e-05
1.531883e-05
1.488518e-05
1.446863e-05
1.408082e-05
1.374078e-05
1.348001e-05
1.335030e-05
1.343715e-05
1.388136e-05
1.491523e-05
1.692153e-05
2.053152e-05
2.678570e-05
3.739969e-05
5.520152e-05
8.485354e-05
1.340406e-04
2.154287e-04
3.498887e-04
5.717986e-04
9.377515e-04
1.540820e-03
2.533818e-03
4.166980e-03
6.848244e-03
1.123778e-02
1.839105e-02
2.996170e-02
4.845440e-02
7.745122e-02
1.215847e-01
1.858027e-01
2.733834e-01
3.828360e-01
5.056168e-01
6.277239e-01
7.354517e-01
8.208999e-01
8.831340e-01
9.257000e-01
9.535768e-01
9.713182e-01
9.824042e-01
9.892523e-01
9.934526e-01
9.960175e-01
9.975797e-01
9.985295e-01
9.991064e-01
9.994566e-01
9.996690e-01
9.997979e-01
9.998760e-01
9.999233e-01
9.999520e-01
9.999693e-01
9.999797e-01
9.999860e-01
9.999898e-01
9.999920e-01
9.999933e-01
9.999940e-01
9.999944e-01
9.999945e-01
9.999946e-01
9.999946e-01
9.999945e-01
9.999944e-01
9.999943e-01
9.999941e-01
9.999940e-01
9.999939e-01
9.999937e-01
9.999936e-01
9.999934e-01
9.999933e-01
9.999931e-01
9.999930e-01
9.999928e-01
9.999927e-01
9.999926e-01
9.999924e-01
9.999923e-01
9.999921e-01
9.999920e-01
9.999918e-01
9.999917e-01
9.999916e-01
9.999914e-01
9.999913e-01
9.999911e-01
9.999910e-01
9.999909e-01
9.999907e-01
9.999906e-01
9.999904e-01
9.999903e-01
9.999902e-01
9.999900e-01
9.999899e-01
9.999897e-01
9.999896e-01
9.999895e-01
9.999893e-01
9.999892e-01
9.999891e-01
9.999889e-01
9.999888e-01
9.999886e-01
9.999885e-01
9.999884e-01
9.999882e-01
9.999881e-01
9.999880e-01
9.999878e-01
9.999877e-01
9.999876e-01
9.999874e-01
9.999873e-01
9.999872e-01
9.999870e-01
9.999869e-01
9.999868e-01
9.999867e-01
9.999865e-01
9.999864e-01
9.999863e-01
9.999861e-01
9.999860e-01
9.999859e-01
9.999858e-01
9.999856e-01
9.999855e-01
9.999854e-01
9.999852e-01
9.999851e-01
9.999850e-01
9.999849e-01
9.999848e-01
9.999846e-01
9.999845e-01
9.999844e-01
9.999843e-01
9.999841e-01
9.999840e-01
9.999839e-01
9.999838e-01
9.999837e-01
9.999835e-01
9.999834e-01
9.999833e-01
9.999832e-01
9.999831e-01
9.999830e-01
9.999828e-01
9.999827e-01
9.999826e-01
9.999825e-01
9.999824e-01
9.999823e-01
9.999822e-01
9.999820e-01
9.999819e-01
9.999818e-01
9.999817e-01
9.999816e-01
9.999815e-01
9.999814e-01
9.999813e-01
9.999812e-01
9.999811e-01
9.999810e-01
9.999809e-01
9.999807e-01
9.999806e-01
9.999805e-01
9.999804e-01
9.999803e-01
9.999802e-01
9.999801e-01
9.999800e-01
9.999799e-01
9.999798e-01
9.999797e-01
9.999796e-01
9.999795e-01
9.999794e-01
9.999793e-01
9.999792e-01
9.999791e-01
9.999791e-01
9.999790e-01
9.999789e-01
9.999788e-01
9.999787e-01
9.999786e-01
9.999785e-01
9.999784e-01
9.999783e-01
9.999782e-01
9.999781e-01
9.999781e-01
9.999780e-01
9.999779e-01
9.999778e-01
9.999777e-01
9.999776e-01
9.999775e-01
9.999775e-01
9.999774e-01
9.999773e-01
9.999772e-01
9.999771e-01
9.999771e-01
9.999770e-01
9.999769e-01
9.999768e-01
9.999767e-01
9.999767e-01
9.999766e-01
9.999765e-01
9.999764e-01
9.999764e-01
9.999763e-01
9.999762e-01
9.999761e-01
9.999761e-01
9.999760e-01
9.999759e-01
9.999759e-01
9.999758e-01
9.999757e-01
9.999757e-01
9.999756e-01
9.999755e-01
9.999755e-01
9.999754e-01
9.999754e-01
9.999753e-01
9.999752e-01
9.999752e-01
9.999751e-01
9.999750e-01
9.999750e-01
9.999749e-01
9.999749e-01
9.999748e-01
9.999748e-01
9.999747e-01
9.999747e-01
9.999746e-01
9.999746e-01
9.999745e-01
9.999745e-01
9.999744e-01
9.999744e-01
9.999743e-01
9.999743e-01
9.999742e-01
9.999742e-01
9.999741e-01
9.999741e-01
9.999740e-01
9.999740e-01
9.999739e-01
9.999739e-01
9.999739e-01
9.999738e-01
9.999738e-01
9.999737e-01
9.999737e-01
9.999737e-01
9.999736e-01
9.999736e-01
9.999736e-01
9.999735e-01
9.999735e-01
9.999735e-01
9.999734e-01
9.999734e-01
9.999734e-01
9.999734e-01
9.999733e-01
9.999733e-01
9.999733e-01
9.999732e-01
9.999732e-01
9.999732e-01
9.999732e-01
9.999732e-01
9.999731e-01
9.999731e-01
9.999731e-01
9.999731e-01
9.999731e-01
9.999730e-01
9.999730e-01
9.999730e-01
9.999730e-01
9.999730e-01
9.999730e-01
9.999729e-01
9.999729e-01
9.999729e-01
9.999729e-01
9.999729e-01
9.999729e-01
9.999729e-01
9.999729e-01
9.999729e-01
9.999729e-01
9.999729e-01
9.999729e-01
9.999729e-01
9.999729e-01
9.999729e-01
9.999729e-01
9.999729e-01
9.999729e-01
9.999729e-01
9.999729e-01
9.999729e-01
9.999729e-01
9.999729e-01
9.999729e-01
9.999729e-01
9.999729e-01
9.999729e-01
9.999729e-01
9.999729e-01
9.999729e-01
9.999729e-01
9.999730e-01
9.999730e-01
9.999730e-01
9.999730e-01
9.999730e-01
9.999730e-01
9.999731e-01
9.999731e-01
9.999731e-01
9.999731e-01
9.999731e-01
9.999732e-01
9.999732e-01
9.999732e-01
9.999732e-01
9.999732e-01
9.999733e-01
9.999733e-01
9.999733e-01
9.999734e-01
9.999734e-01
9.999734e-01
9.999734e-01
9.999735e-01
9.999735e-01
9.999735e-01
9.999736e-01
9.999736e-01
9.999736e-01
9.999737e-01
9.999737e-01
9.999737e-01
9.999738e-01
9.999738e-01
9.999739e-01
9.999739e-01
9.999739e-01
9.999740e-01
9.999740e-01
9.999741e-01
9.999741e-01
9.999742e-01
9.999742e-01
9.999743e-01
9.999743e-01
9.999744e-01
9.999744e-01
9.999745e-01
9.999745e-01
9.999746e-01
9.999746e-01
9.999747e-01
9.999747e-01
9.999748e-01
9.999748e-01
9.999749e-01
9.999749e-01
9.999750e-01
9.999750e-01
9.999751e-01
9.999752e-01
9.999752e-01
9.999753e-01
9.999754e-01
9.999754e-01
9.999755e-01
9.999755e-01
9.999756e-01
9.999757e-01
9.999757e-01
9.999758e-01
9.999759e-01
9.999759e-01
9.999760e-01
9.999761e-01
9.999761e-01
9.999762e-01
9.999763e-01
9.999764e-01
9.999764e-01
9.999765e-01
9.999766e-01
9.999767e-01
9.999767e-01
9.999768e-01
9.999769e-01
9.999770e-01
9.999771e-01
9.999771e-01
9.999772e-01
9.999773e-01
9.999774e-01
9.999775e-01
9.999775e-01
9.999776e-01
9.999777e-01
9.999778e-01
9.999779e-01
9.999780e-01
9.999781e-01
9.999781e-01
9.999782e-01
9.999783e-01
9.999784e-01
9.999785e-01
9.999786e-01
9.999787e-01
9.999788e-01
9.999789e-01
9.999790e-01
9.999791e-01
9.999791e-01
9.999792e-01
9.999793e-01
9.999794e-01
9.999795e-01
9.999796e-01
9.999797e-01
9.999798e-01
9.999799e-01
9.999800e-01
9.999801e-01
9.999802e-01
9.999803e-01
9.999804e-01
9.999805e-01
9.999806e-01
9.999807e-01
9.999809e-01
9.999810e-01
9.999811e-01
9.999812e-01
9.999813e-01
9.999814e-01
9.999815e-01
9.999816e-01
9.999817e-01
9.999818e-01
9.999819e-01
9.999820e-01
9.999822e-01
9.999823e-01
9.999824e-01
9.999825e-01
9.999826e-01
9.999827e-01
9.999828e-01
9.999830e-01
9.999831e-01
9.999832e-01
9.999833e-01
9.999834e-01
9.999835e-01
9.999837e-01
9.999838e-01
9.999839e-01
9.999840e-01
9.999841e-01
9.999843e-01
9.999844e-01
9.999845e-01
9.999846e-01
9.999848e-01
9.999849e-01
9.999850e-01
9.999851e-01
9.999852e-01
9.999854e-01
9.999855e-01
9.999856e-01
9.999858e-01
9.999859e-01
9.999860e-01
9.999861e-01
9.999863e-01
9.999864e-01
9.999865e-01
9.999867e-01
9.999868e-01
9.999869e-01
9.999870e-01
9.999872e-01
9.999873e-01
9.999874e-01
9.999876e-01
9.999877e-01
9.999878e-01
9.999880e-01
9.999881e-01
9.999882e-01
9.999884e-01
9.999885e-01
9.999886e-01
9.999888e-01
9.999889e-01
9.999891e-01
9.999892e-01
9.999893e-01
9.999895e-01
9.999896e-01
9.999897e-01
9.999899e-01
9.999900e-01
9.999902e-01
9.999903e-01
9.999904e-01
9.999906e-01
9.999907e-01
9.999909e-01
9.999910e-01
9.999911e-01
9.999913e-01
9.999914e-01
9.999916e-01
9.999917e-01
9.999918e-01
9.999920e-01
9.999921e-01
9.999923e-01
9.999924e-01
9.999926e-01
9.999927e-01
9.999928e-01
9.999930e-01
9.999931e-01
9.999933e-01
9.999934e-01
9.999936e-01
9.999937e-01
9.999939e-01
9.999940e-01
9.999941e-01
9.999943e-01
9.999944e-01
9.999945e-01
9.999946e-01
9.999946e-01
9.999945e-01
9.999944e-01
9.999940e-01
9.999933e-01
9.999920e-01
9.999898e-01
9.999860e-01
9.999797e-01
9.999693e-01
9.999520e-01
9.999233e-01
9.998760e-01
9.997979e-01
9.996690e-01
9.994566e-01
9.991064e-01
9.985295e-01
9.975797e-01
9.960175e-01
9.934526e-01
9.892523e-01
9.824042e-01
9.713182e-01
9.535768e-01
9.257000e-01
8.831340e-01
8.208999e-01
7.354517e-01
6.277239e-01
5.056168e-01
3.828360e-01
2.733834e-01
1.858027e-01
1.215847e-01
7.745122e-02
4.845440e-02
2.996170e-02
1.839105e-02
1.123778e-02
6.848244e-03
4.166980e-03
2.533818e-03
1.540820e-03
9.377515e-04
5.717986e-04
3.498887e-04
2.154287e-04
1.340406e-04
8.485354e-05
5.520152e-05
3.739969e-05
2.678570e-05
2.053152e-05
1.692153e-05
1.491523e-05
1.388136e-05
1.343715e-05
1.335030e-05
1.348001e-05
1.374078e-05
1.408082e-05
1.446863e-05
1.488518e-05
1.531884e-05
1.576261e-05
1.621218e-05
1.666499e-05
1.711941e-05
1.757451e-05
1.802966e-05
1.848451e-05
1.893881e-05
1.939243e-05
1.984524e-05
2.029721e-05
2.074826e-05
2.119837e-05
2.164749e-05
2.209562e-05
2.254270e-05
2.298873e-05
2.343368e-05
2.387753e-05
2.432026e-05
2.476185e-05
2.520226e-05
2.564150e-05
2.607953e-05
2.651633e-05
2.695188e-05
2.738617e-05
2.781916e-05
2.825085e-05
2.868121e-05
2.911022e-05
2.953785e-05
2.996410e-05
3.038893e-05
3.081233e-05
3.123428e-05
3.165476e-05
3.207375e-05
3.249123e-05
3.290718e-05
3.332158e-05
3.373440e-05
3.414564e-05
3.455527e-05
3.496327e-05
3.536962e-05
3.577431e-05
3.617731e-05
3.657860e-05
3.697817e-05
3.737600e-05
3.777206e-05
3.816635e-05
3.855883e-05
3.894950e-05
3.933833e-05
3.972531e-05
4.011041e-05
4.049362e-05
4.087492e-05
4.125429e-05
4.163172e-05
4.200719e-05
4.238067e-05
4.275215e-05
4.312162e-05
4.348906e-05
4.385444e-05
4.421775e-05
4.457898e-05
4.493811e-05
4.529511e-05
4.564998e-05
4.600269e-05
4.635323e-05
4.670159e-05
4.704774e-05
4.739168e-05
4.773337e-05
4.807282e-05
4.840999e-05
4.874488e-05
4.907747e-05
4.940775e-05
4.973569e-05
5.006128e-05
5.038452e-05
5.070537e-05
5.102383e-05
5.133989e-05
5.165352e-05
5.196471e-05
5.227345e-05
5.257972e-05
5.288350e-05
5.318480e-05
5.348358e-05
5.377983e-05
5.407355e-05
5.436472e-05
5.465332e-05
5.493933e-05
5.522276e-05
5.550357e-05
5.578177e-05
5.605733e-05
5.633025e-05
5.660050e-05
5.686809e-05
5.713299e-05
5.739519e-05
5.765468e-05
5.791144e-05
5.816548e-05
5.841676e-05
5.866529e-05
5.891105e-05
5.915402e-05
5.939420e-05
5.963158e-05
5.986614e-05
6.009787e-05
6.032677e-05
6.055281e-05
6.077600e-05
6.099631e-05
6.121375e-05
6.142829e-05
6.163993e-05
6.184866e-05
6.205447e-05
6.225735e-05
6.245729e-05
6.265427e-05
6.284830e-05
6.303936e-05
6.322744e-05
6.341254e-05
6.359464e-05
6.377373e-05
6.394981e-05
6.412287e-05
6.429291e-05
6.445990e-05
6.462385e-05
6.478475e-05
6.494259e-05
6.509736e-05
6.524905e-05
6.539766e-05
6.554319e-05
6.568561e-05
6.582493e-05
6.596115e-05
6.609424e-05
6.622422e-05
6.635106e-05
6.647477e-05
6.659534e-05
6.671277e-05
6.682704e-05
6.693816e-05
6.704611e-05
6.715089e-05
6.725250e-05
6.735094e-05
6.744619e-05
6.753826e-05
6.762713e-05
6.771281e-05
6.779529e-05
6.787457e-05
6.795064e-05
6.802350e-05
6.809315e-05
6.815957e-05
6.822278e-05
6.828277e-05
6.833953e-05
6.839306e-05
6.844335e-05
6.849042e-05
6.853425e-05
6.857484e-05
6.861219e-05
6.864629e-05
6.867716e-05
6.870478e-05
6.872915e-05
6.875028e-05
6.876815e-05
6.878278e-05
6.879416e-05
6.880229e-05
6.880717e-05
