5.696296e-05
5.696161e-05
5.695758e-05
5.695085e-05
5.694144e-05
5.692933e-05
5.691454e-05
5.689706e-05
5.687689e-05
5.685403e-05
5.682849e-05
5.680027e-05
5.676936e-05
5.673577e-05
5.669950e-05
5.666056e-05
5.661894e-05
5.657464e-05
5.652767e-05
5.647803e-05
5.642573e-05
5.637076e-05
5.631312e-05
5.625283e-05
5.618988e-05
5.612428e-05
5.605603e-05
5.598513e-05
5.591158e-05
5.583539e-05
5.575657e-05
5.567512e-05
5.559103e-05
5.550432e-05
5.541499e-05
5.532304e-05
5.522848e-05
5.513131e-05
5.503153e-05
5.492916e-05
5.482420e-05
5.471664e-05
5.460650e-05
5.449378e-05
5.437849e-05
5.426063e-05
5.414021e-05
5.401723e-05
5.389170e-05
5.376363e-05
5.363301e-05
5.349987e-05
5.336420e-05
5.322600e-05
5.308530e-05
5.294209e-05
5.279638e-05
5.264817e-05
5.249748e-05
5.234431e-05
5.218867e-05
5.203056e-05
5.187000e-05
5.170699e-05
5.154154e-05
5.137365e-05
5.120334e-05
5.103061e-05
5.085547e-05
5.067793e-05
5.049800e-05
5.031568e-05
5.013099e-05
4.994393e-05
4.975452e-05
4.956275e-05
4.936865e-05
4.917221e-05
4.897345e-05
4.877238e-05
4.856901e-05
4.836335e-05
4.815540e-05
4.794518e-05
4.773270e-05
4.751796e-05
4.730098e-05
4.708177e-05
4.686033e-05
4.663669e-05
4.641084e-05
4.618280e-05
4.595258e-05
4.572020e-05
4.548565e-05
4.524896e-05
4.501013e-05
4.476918e-05
4.452612e-05
4.428096e-05
4.403370e-05
4.378437e-05
4.353297e-05
4.327952e-05
4.302402e-05
4.276650e-05
4.250695e-05
4.224541e-05
4.198186e-05
4.171634e-05
4.144885e-05
4.117940e-05
4.090801e-05
4.063470e-05
4.035946e-05
4.008232e-05
3.980329e-05
3.952238e-05
3.923961e-05
3.895498e-05
3.866852e-05
3.838024e-05
3.809014e-05
3.779825e-05
3.750458e-05
3.720913e-05
3.691194e-05
3.661300e-05
3.631233e-05
3.600995e-05
3.570588e-05
3.540012e-05
3.509269e-05
3.478361e-05
3.447288e-05
3.416054e-05
3.384658e-05
3.353102e-05
3.321389e-05
3.289519e-05
3.257494e-05
3.225315e-05
3.192984e-05
3.160503e-05
3.127873e-05
3.095096e-05
3.062172e-05
3.029105e-05
2.995894e-05
2.962543e-05
2.929052e-05
2.895423e-05
2.861657e-05
2.827757e-05
2.793723e-05
2.759558e-05
2.725263e-05
2.690840e-05
2.656289e-05
2.621614e-05
2.586815e-05
2.551895e-05
2.516854e-05
2.481695e-05
2.446419e-05
2.411028e-05
2.375524e-05
2.339907e-05
2.304181e-05
2.268346e-05
2.232404e-05
2.196358e-05
2.160208e-05
2.123956e-05
2.087604e-05
2.051155e-05
2.014609e-05
1.977968e-05
1.941234e-05
1.904410e-05
1.867496e-05
1.830495e-05
1.793407e-05
1.756238e-05
1.718986e-05
1.681658e-05
1.644253e-05
1.606781e-05
1.569243e-05
1.531653e-05
1.494022e-05
1.456377e-05
1.418750e-05
1.381205e-05
1.343835e-05
1.306802e-05
1.270362e-05
1.234946e-05
1.201254e-05
1.170448e-05
1.144434e-05
1.126362e-05
1.121413e-05
1.138142e-05
1.190636e-05
1.302138e-05
1.510945e-05
1.880219e-05
2.514067e-05
3.584148e-05
5.373423e-05
8.348390e-05
1.327797e-04
2.142949e-04
3.489120e-04
5.710290e-04
9.372710e-04
1.540763e-03
2.534408e-03
4.168580e-03
6.851446e-03
1.124354e-02
1.840089e-02
2.997796e-02
4.848057e-02
7.749210e-02
1.216461e-01
1.858899e-01
2.734981e-01
3.829725e-01
5.057614e-01
6.278592e-01
7.355644e-01
8.209852e-01
8.831940e-01
9.257400e-01
9.536027e-01
9.713347e-01
9.824145e-01
9.892588e-01
9.934567e-01
9.960202e-01
9.975814e-01
9.985307e-01
9.991073e-01
9.994573e-01
9.996696e-01
9.997984e-01
9.998765e-01
9.999238e-01
9.999525e-01
9.999698e-01
9.999802e-01
9.999865e-01
9.999903e-01
9.999925e-01
9.999938e-01
9.999946e-01
9.999950e-01
9.999952e-01
9.999952e-01
9.999952e-01
9.999951e-01
9.999951e-01
9.999950e-01
9.999948e-01
9.999947e-01
9.999946e-01
9.999945e-01
9.999943e-01
9.999942e-01
9.999941e-01
9.999940e-01
9.999938e-01
9.999937e-01
9.999936e-01
9.999934e-01
9.999933e-01
9.999932e-01
9.999931e-01
9.999929e-01
9.999928e-01
9.999927e-01
9.999926e-01
9.999924e-01
9.999923e-01
9.999922e-01
9.999921e-01
9.999919e-01
9.999918e-01
9.999917e-01
9.999916e-01
9.999914e-01
9.999913e-01
9.999912e-01
9.999911e-01
9.999909e-01
9.999908e-01
9.999907e-01
9.999906e-01
9.999904e-01
9.999903e-01
9.999902e-01
9.999901e-01
9.999900e-01
9.999898e-01
9.999897e-01
9.999896e-01
9.999895e-01
9.999894e-01
9.999892e-01
9.999891e-01
9.999890e-01
9.999889e-01
9.999888e-01
9.999887e-01
9.999885e-01
9.999884e-01
9.999883e-01
9.999882e-01
9.999881e-01
9.999880e-01
9.999878e-01
9.999877e-01
9.999876e-01
9.999875e-01
9.999874e-01
9.999873e-01
9.999872e-01
9.999871e-01
9.999869e-01
9.999868e-01
9.999867e-01
9.999866e-01
9.999865e-01
9.999864e-01
9.999863e-01
9.999862e-01
9.999861e-01
9.999860e-01
9.999859e-01
9.999857e-01
9.999856e-01
9.999855e-01
9.999854e-01
9.999853e-01
9.999852e-01
9.999851e-01
9.999850e-01
9.999849e-01
9.999848e-01
9.999847e-01
9.999846e-01
9.999845e-01
9.999844e-01
9.999843e-01
9.999842e-01
9.999841e-01
9.999840e-01
9.999839e-01
9.999838e-01
9.999837e-01
9.999836e-01
9.999835e-01
9.999834e-01
9.999833e-01
9.999832e-01
9.999831e-01
9.999830e-01
9.999829e-01
9.999829e-01
9.999828e-01
9.999827e-01
9.999826e-01
9.999825e-01
9.999824e-01
9.999823e-01
9.999822e-01
9.999821e-01
9.999820e-01
9.999820e-01
9.999819e-01
9.999818e-01
9.999817e-01
9.999816e-01
9.999815e-01
9.999814e-01
9.999814e-01
9.999813e-01
9.999812e-01
9.999811e-01
9.999810e-01
9.999809e-01
9.999809e-01
9.999808e-01
9.999807e-01
9.999806e-01
9.999805e-01
9.999805e-01
9.999804e-01
9.999803e-01
9.999802e-01
9.999802e-01
9.999801e-01
9.999800e-01
9.999799e-01
9.999799e-01
9.999798e-01
9.999797e-01
9.999797e-01
9.999796e-01
9.999795e-01
9.999794e-01
9.999794e-01
9.999793e-01
9.999792e-01
9.999792e-01
9.999791e-01
9.999790e-01
9.999790e-01
9.999789e-01
9.999789e-01
9.999788e-01
9.999787e-01
9.999787e-01
9.999786e-01
9.999785e-01
9.999785e-01
9.999784e-01
9.999784e-01
9.999783e-01
9.999783e-01
9.999782e-01
9.999781e-01
9.999781e-01
9.999780e-01
9.999780e-01
9.999779e-01
9.999779e-01
9.999778e-01
9.999778e-01
9.999777e-01
9.999777e-01
9.999776e-01
9.999776e-01
9.999775e-01
9.999775e-01
9.999774e-01
9.999774e-01
9.999773e-01
9.999773e-01
9.999773e-01
9.999772e-01
9.999772e-01
9.999771e-01
9.999771e-01
9.999770e-01
9.999770e-01
9.999770e-01
9.999769e-01
9.999769e-01
9.999769e-01
9.999768e-01
9.999768e-01
9.999767e-01
9.999767e-01
9.999767e-01
9.999766e-01
9.999766e-01
9.999766e-01
9.999766e-01
9.999765e-01
9.999765e-01
9.999765e-01
9.999764e-01
9.999764e-01
9.999764e-01
9.999764e-01
9.999763e-01
9.999763e-01
9.999763e-01
9.999763e-01
9.999762e-01
9.999762e-01
9.999762e-01
9.999762e-01
9.999762e-01
9.999761e-01
9.999761e-01
9.999761e-01
9.999761e-01
9.999761e-01
9.999761e-01
9.999761e-01
9.999760e-01
9.999760e-01
9.999760e-01
9.999760e-01
9.999760e-01
9.999760e-01
9.999760e-01
9.999760e-01
9.999760e-01
9.999760e-01
9.999759e-01
9.999759e-01
9.999759e-01
9.999759e-01
9.999759e-01
9.999759e-01
9.999759e-01
9.999759e-01
9.999759e-01
9.999759e-01
9.999759e-01
9.999759e-01
9.999759e-01
9.999759e-01
9.999759e-01
9.999759e-01
9.999759e-01
9.999760e-01
9.999760e-01
9.999760e-01
9.999760e-01
9.999760e-01
9.999760e-01
9.999760e-01
9.999760e-01
9.999760e-01
9.999760e-01
9.999761e-01
9.999761e-01
9.999761e-01
9.999761e-01
9.999761e-01
9.999761e-01
9.999761e-01
9.999762e-01
9.999762e-01
9.999762e-01
9.999762e-01
9.999762e-01
9.999763e-01
9.999763e-01
9.999763e-01
9.999763e-01
9.999764e-01
9.999764e-01
9.999764e-01
9.999764e-01
9.999765e-01
9.999765e-01
9.999765e-01
9.999766e-01
9.999766e-01
9.999766e-01
9.999766e-01
9.999767e-01
9.999767e-01
9.999767e-01
9.999768e-01
9.999768e-01
9.999769e-01
9.999769e-01
9.999769e-01
9.999770e-01
9.999770e-01
9.999770e-01
9.999771e-01
9.999771e-01
9.999772e-01
9.999772e-01
9.999773e-01
9.999773e-01
9.999773e-01
9.999774e-01
9.999774e-01
9.999775e-01
9.999775e-01
9.999776e-01
9.999776e-01
9.999777e-01
9.999777e-01
9.999778e-01
9.999778e-01
9.999779e-01
9.999779e-01
9.999780e-01
9.999780e-01
9.999781e-01
9.999781e-01
9.999782e-01
9.999783e-01
9.999783e-01
9.999784e-01
9.999784e-01
9.999785e-01
9.999785e-01
9.999786e-01
9.999787e-01
9.999787e-01
9.999788e-01
9.999789e-01
9.999789e-01
9.999790e-01
9.999790e-01
9.999791e-01
9.999792e-01
9.999792e-01
9.999793e-01
9.999794e-01
9.999794e-01
9.999795e-01
9.999796e-01
9.999797e-01
9.999797e-01
9.999798e-01
9.999799e-01
9.999799e-01
9.999800e-01
9.999801e-01
9.999802e-01
9.999802e-01
9.999803e-01
9.999804e-01
9.999805e-01
9.999805e-01
9.999806e-01
9.999807e-01
9.999808e-01
9.999809e-01
9.999809e-01
9.999810e-01
9.999811e-01
9.999812e-01
9.999813e-01
9.999814e-01
9.999814e-01
9.999815e-01
9.999816e-01
9.999817e-01
9.999818e-01
9.999819e-01
9.999820e-01
9.999820e-01
9.999821e-01
9.999822e-01
9.999823e-01
9.999824e-01
9.999825e-01
9.999826e-01
9.999827e-01
9.999828e-01
9.999829e-01
9.999829e-01
9.999830e-01
9.999831e-01
9.999832e-01
9.999833e-01
9.999834e-01
9.999835e-01
9.999836e-01
9.999837e-01
9.999838e-01
9.999839e-01
9.999840e-01
9.999841e-01
9.999842e-01
9.999843e-01
9.999844e-01
9.999845e-01
9.999846e-01
9.999847e-01
9.999848e-01
9.999849e-01
9.999850e-01
9.999851e-01
9.999852e-01
9.999853e-01
9.999854e-01
9.999855e-01
9.999856e-01
9.999857e-01
9.999859e-01
9.999860e-01
9.999861e-01
9.999862e-01
9.999863e-01
9.999864e-01
9.999865e-01
9.999866e-01
9.999867e-01
9.999868e-01
9.999869e-01
9.999871e-01
9.999872e-01
9.999873e-01
9.999874e-01
9.999875e-01
9.999876e-01
9.999877e-01
9.999878e-01
9.999880e-01
9.999881e-01
9.999882e-01
9.999883e-01
9.999884e-01
9.999885e-01
9.999887e-01
9.999888e-01
9.999889e-01
9.999890e-01
9.999891e-01
9.999892e-01
9.999894e-01
9.999895e-01
9.999896e-01
9.999897e-01
9.999898e-01
9.999900e-01
9.999901e-01
9.999902e-01
9.999903e-01
9.999904e-01
9.999906e-01
9.999907e-01
9.999908e-01
9.999909e-01
9.999911e-01
9.999912e-01
9.999913e-01
9.999914e-01
9.999916e-01
9.999917e-01
9.999918e-01
9.999919e-01
9.999921e-01
9.999922e-01
9.999923e-01
9.999924e-01
9.999926e-01
9.999927e-01
9.999928e-01
9.999929e-01
9.999931e-01
9.999932e-01
9.999933e-01
9.999934e-01
9.999936e-01
9.999937e-01
9.999938e-01
9.999940e-01
9.999941e-01
9.999942e-01
9.999943e-01
9.999945e-01
9.999946e-01
9.999947e-01
9.999948e-01
9.999950e-01
9.999951e-01
9.999951e-01
9.999952e-01
9.999952e-01
9.999952e-01
9.999950e-01
9.999946e-01
9.999938e-01
9.999925e-01
9.999903e-01
9.999865e-01
9.999802e-01
9.999698e-01
9.999525e-01
9.999238e-01
9.998765e-01
9.997984e-01
9.996696e-01
9.994573e-01
9.991073e-01
9.985307e-01
9.975814e-01
9.960202e-01
9.934567e-01
9.892588e-01
9.824145e-01
9.713347e-01
9.536027e-01
9.257400e-01
8.831940e-01
8.209852e-01
7.355644e-01
6.278592e-01
5.057614e-01
3.829725e-01
2.734981e-01
1.858899e-01
1.216461e-01
7.749210e-02
4.848057e-02
2.997796e-02
1.840089e-02
1.124354e-02
6.851446e-03
4.168580e-03
2.534408e-03
1.540763e-03
9.372710e-04
5.710290e-04
3.489120e-04
2.142949e-04
1.327797e-04
8.348390e-05
5.373423e-05
3.584148e-05
2.514067e-05
1.880219e-05
1.510945e-05
1.302138e-05
1.190636e-05
1.138142e-05
1.121413e-05
1.126362e-05
1.144434e-05
1.170448e-05
1.201254e-05
1.234946e-05
1.270362e-05
1.306802e-05
1.343835e-05
1.381205e-05
1.418750e-05
1.456377e-05
1.494022e-05
1.531653e-05
1.569243e-05
1.606781e-05
1.644254e-05
1.681658e-05
1.718986e-05
1.756238e-05
1.793407e-05
1.830495e-05
1.867496e-05
1.904410e-05
1.941234e-05
1.977968e-05
2.014609e-05
2.051155e-05
2.087604e-05
2.123956e-05
2.160208e-05
2.196358e-05
2.232404e-05
2.268346e-05
2.304181e-05
2.339907e-05
2.375524e-05
2.411028e-05
2.446419e-05
2.481695e-05
2.516854e-05
2.551895e-05
2.586815e-05
2.621614e-05
2.656289e-05
2.690840e-05
2.725263e-05
2.759558e-05
2.793723e-05
2.827757e-05
2.861657e-05
2.895423e-05
2.929052e-05
2.962543e-05
2.995894e-05
3.029105e-05
3.062172e-05
3.095096e-05
3.127873e-05
3.160503e-05
3.192984e-05
3.225315e-05
3.257494e-05
3.289519e-05
3.321389e-05
3.353102e-05
3.384658e-05
3.416054e-05
3.447288e-05
3.478361e-05
3.509269e-05
3.540012e-05
3.570588e-05
3.600995e-05
3.631233e-05
3.661300e-05
3.691194e-05
3.720913e-05
3.750458e-05
3.779825e-05
3.809014e-05
3.838024e-05
3.866852e-05
3.895498e-05
3.923961e-05
3.952238e-05
3.980329e-05
4.008232e-05
4.035946e-05
4.063470e-05
4.090801e-05
4.117940e-05
4.144885e-05
4.171634e-05
4.198186e-05
4.224541e-05
4.250695e-05
4.276650e-05
4.302402e-05
4.327952e-05
4.353297e-05
4.378437e-05
4.403370e-05
4.428096e-05
4.452612e-05
4.476918e-05
4.501013e-05
4.524896e-05
4.548565e-05
4.572020e-05
4.595258e-05
4.618280e-05
4.641084e-05
4.663669e-05
4.686033e-05
4.708177e-05
4.730098e-05
4.751796e-05
4.773270e-05
4.794518e-05
4.815540e-05
4.836335e-05
4.856901e-05
4.877238e-05
4.897345e-05
4.917221e-05
4.936865e-05
4.956275e-05
4.975452e-05
4.994393e-05
5.013099e-05
5.031568e-05
5.049800e-05
5.067793e-05
5.085547e-05
5.103061e-05
5.120334e-05
5.137365e-05
5.154154e-05
5.170699e-05
5.187000e-05
5.203056e-05
5.218867e-05
5.234431e-05
5.249748e-05
5.264817e-05
5.279638e-05
5.294209e-05
5.308530e-05
5.322600e-05
5.336420e-05
5.349987e-05
5.363301e-05
5.376363e-05
5.389170e-05
5.401723e-05
5.414021e-05
5.426063e-05
5.437849e-05
5.449378e-05
5.460650e-05
5.471664e-05
5.482420e-05
5.492916e-05
5.503153e-05
5.513131e-05
5.522848e-05
5.532304e-05
5.541499e-05
5.550432e-05
5.559103e-05
5.567512e-05
5.575657e-05
5.583539e-05
5.591158e-05
5.598513e-05
5.605603e-05
5.612428e-05
5.618988e-05
5.625283e-05
5.631312e-05
5.637076e-05
5.642573e-05
5.647803e-05
5.652767e-05
5.657464e-05
5.661894e-05
5.666056e-05
5.669950e-05
5.673577e-05
5.676936e-05
5.680027e-05
5.682849e-05
5.685403e-05
5.687689e-05
5.689706e-05
5.691454e-05
5.692933e-05
5.694144e-05
5.695085e-05
5.695758e-05
5.696161e-05
