3.233110e-05
3.233033e-05
3.232805e-05
3.232424e-05
3.231890e-05
3.231204e-05
3.230365e-05
3.229374e-05
3.228231e-05
3.226935e-05
3.225488e-05
3.223888e-05
3.222136e-05
3.220232e-05
3.218176e-05
3.215969e-05
3.213610e-05
3.211099e-05
3.208436e-05
3.205623e-05
3.202658e-05
3.199542e-05
3.196275e-05
3.192858e-05
3.189290e-05
3.185571e-05
3.181702e-05
3.177683e-05
3.173515e-05
3.169196e-05
3.164728e-05
3.160111e-05
3.155345e-05
3.150430e-05
3.145366e-05
3.140154e-05
3.134794e-05
3.129287e-05
3.123631e-05
3.117828e-05
3.111878e-05
3.105782e-05
3.099539e-05
3.093149e-05
3.086614e-05
3.079934e-05
3.073108e-05
3.066137e-05
3.059021e-05
3.051761e-05
3.044358e-05
3.036811e-05
3.029120e-05
3.021287e-05
3.013311e-05
3.005193e-05
2.996934e-05
2.988533e-05
2.979991e-05
2.971308e-05
2.962486e-05
2.953524e-05
2.944422e-05
2.935182e-05
2.925803e-05
2.916287e-05
2.906633e-05
2.896841e-05
2.886914e-05
2.876850e-05
2.866650e-05
2.856316e-05
2.845846e-05
2.835243e-05
2.824505e-05
2.813635e-05
2.802632e-05
2.791497e-05
2.780230e-05
2.768832e-05
2.757304e-05
2.745645e-05
2.733857e-05
2.721941e-05
2.709896e-05
2.697723e-05
2.685423e-05
2.672997e-05
2.660444e-05
2.647766e-05
2.634963e-05
2.622036e-05
2.608986e-05
2.595812e-05
2.582517e-05
2.569099e-05
2.555560e-05
2.541901e-05
2.528122e-05
2.514224e-05
2.500208e-05
2.486073e-05
2.471822e-05
2.457454e-05
2.442970e-05
2.428371e-05
2.413658e-05
2.398831e-05
2.383891e-05
2.368838e-05
2.353674e-05
2.338399e-05
2.323014e-05
2.307519e-05
2.291916e-05
2.276205e-05
2.260386e-05
2.244461e-05
2.228431e-05
2.212295e-05
2.196055e-05
2.179712e-05
2.163266e-05
2.146718e-05
2.130069e-05
2.113319e-05
2.096470e-05
2.079523e-05
2.062477e-05
2.045335e-05
2.028096e-05
2.010761e-05
1.993332e-05
1.975809e-05
1.958193e-05
1.940485e-05
1.922685e-05
1.904795e-05
1.886815e-05
1.868747e-05
1.850590e-05
1.832346e-05
1.814016e-05
1.795601e-05
1.777101e-05
1.758518e-05
1.739852e-05
1.721104e-05
1.702274e-05
1.683365e-05
1.664377e-05
1.645310e-05
1.626166e-05
1.606946e-05
1.587650e-05
1.568279e-05
1.548834e-05
1.529317e-05
1.509727e-05
1.490067e-05
1.470337e-05
1.450537e-05
1.430669e-05
1.410735e-05
1.390733e-05
1.370667e-05
1.350535e-05
1.330341e-05
1.310084e-05
1.289766e-05
1.269386e-05
1.248948e-05
1.228450e-05
1.207895e-05
1.187283e-05
1.166615e-05
1.145893e-05
1.125117e-05
1.104288e-05
1.083408e-05
1.062476e-05
1.041496e-05
1.020467e-05
9.993912e-06
9.782697e-06
9.571060e-06
9.359008e-06
9.146601e-06
8.933875e-06
8.720940e-06
8.507911e-06
8.295036e-06
8.082647e-06
7.871362e-06
7.662107e-06
7.456496e-06
7.257085e-06
7.068185e-06
6.896787e-06
6.754527e-06
6.660458e-06
6.646123e-06
6.763368e-06
7.097834e-06
7.790527e-06
9.074115e-06
1.133197e-05
1.519640e-05
2.170957e-05
3.258995e-05
5.067021e-05
8.062043e-05
1.301382e-04
2.119108e-04
3.468437e-04
5.693728e-04
9.361857e-04
1.540511e-03
2.535418e-03
4.171556e-03
6.857536e-03
1.125460e-02
1.841984e-02
3.000936e-02
4.853118e-02
7.757122e-02
1.217650e-01
1.860587e-01
2.737201e-01
3.832370e-01
5.060414e-01
6.281212e-01
7.357827e-01
8.211503e-01
8.833102e-01
9.258177e-01
9.536529e-01
9.713665e-01
9.824345e-01
9.892714e-01
9.934646e-01
9.960253e-01
9.975849e-01
9.985331e-01
9.991091e-01
9.994587e-01
9.996709e-01
9.997996e-01
9.998776e-01
9.999249e-01
9.999536e-01
9.999709e-01
9.999814e-01
9.999877e-01
9.999915e-01
9.999938e-01
9.999951e-01
9.999959e-01
9.999963e-01
9.999966e-01
9.999967e-01
9.999967e-01
9.999967e-01
9.999966e-01
9.999966e-01
9.999965e-01
9.999964e-01
9.999963e-01
9.999962e-01
9.999961e-01
9.999961e-01
9.999960e-01
9.999959e-01
9.999958e-01
9.999957e-01
9.999956e-01
9.999955e-01
9.999954e-01
9.999953e-01
9.999953e-01
9.999952e-01
9.999951e-01
9.999950e-01
9.999949e-01
9.999948e-01
9.999947e-01
9.999946e-01
9.999945e-01
9.999945e-01
9.999944e-01
9.999943e-01
9.999942e-01
9.999941e-01
9.999940e-01
9.999939e-01
9.999939e-01
9.999938e-01
9.999937e-01
9.999936e-01
9.999935e-01
9.999934e-01
9.999933e-01
9.999933e-01
9.999932e-01
9.999931e-01
9.999930e-01
9.999929e-01
9.999928e-01
9.999927e-01
9.999927e-01
9.999926e-01
9.999925e-01
9.999924e-01
9.999923e-01
9.999922e-01
9.999922e-01
9.999921e-01
9.999920e-01
9.999919e-01
9.999918e-01
9.999918e-01
9.999917e-01
9.999916e-01
9.999915e-01
9.999914e-01
9.999914e-01
9.999913e-01
9.999912e-01
9.999911e-01
9.999910e-01
9.999910e-01
9.999909e-01
9.999908e-01
9.999907e-01
9.999907e-01
9.999906e-01
9.999905e-01
9.999904e-01
9.999904e-01
9.999903e-01
9.999902e-01
9.999901e-01
9.999901e-01
9.999900e-01
9.999899e-01
9.999898e-01
9.999898e-01
9.999897e-01
9.999896e-01
9.999895e-01
9.999895e-01
9.999894e-01
9.999893e-01
9.999893e-01
9.999892e-01
9.999891e-01
9.999890e-01
9.999890e-01
9.999889e-01
9.999888e-01
9.999888e-01
9.999887e-01
9.999886e-01
9.999886e-01
9.999885e-01
9.999884e-01
9.999884e-01
9.999883e-01
9.999882e-01
9.999882e-01
9.999881e-01
9.999880e-01
9.999880e-01
9.999879e-01
9.999878e-01
9.999878e-01
9.999877e-01
9.999876e-01
9.999876e-01
9.999875e-01
9.999875e-01
9.999874e-01
9.999873e-01
9.999873e-01
9.999872e-01
9.999872e-01
9.999871e-01
9.999870e-01
9.999870e-01
9.999869e-01
9.999869e-01
9.999868e-01
9.999868e-01
9.999867e-01
9.999866e-01
9.999866e-01
9.999865e-01
9.999865e-01
9.999864e-01
9.999864e-01
9.999863e-01
9.999863e-01
9.999862e-01
9.999862e-01
9.999861e-01
9.999861e-01
9.999860e-01
9.999859e-01
9.999859e-01
9.999858e-01
9.999858e-01
9.999858e-01
9.999857e-01
9.999857e-01
9.999856e-01
9.999856e-01
9.999855e-01
9.999855e-01
9.999854e-01
9.999854e-01
9.999853e-01
9.999853e-01
9.999852e-01
9.999852e-01
9.999852e-01
9.999851e-01
9.999851e-01
9.999850e-01
9.999850e-01
9.999849e-01
9.999849e-01
9.999849e-01
9.999848e-01
9.999848e-01
9.999847e-01
9.999847e-01
9.999847e-01
9.999846e-01
9.999846e-01
9.999846e-01
9.999845e-01
9.999845e-01
9.999845e-01
9.999844e-01
9.999844e-01
9.999844e-01
9.999843e-01
9.999843e-01
9.999843e-01
9.999842e-01
9.999842e-01
9.999842e-01
9.999841e-01
9.999841e-01
9.999841e-01
9.999840e-01
9.999840e-01
9.999840e-01
9.999840e-01
9.999839e-01
9.999839e-01
9.999839e-01
9.999839e-01
9.999838e-01
9.999838e-01
9.999838e-01
9.999838e-01
9.999837e-01
9.999837e-01
9.999837e-01
9.999837e-01
9.999837e-01
9.999836e-01
9.999836e-01
9.999836e-01
9.999836e-01
9.999836e-01
9.999835e-01
9.999835e-01
9.999835e-01
9.999835e-01
9.999835e-01
9.999835e-01
9.999834e-01
9.999834e-01
9.999834e-01
9.999834e-01
9.999834e-01
9.999834e-01
9.999834e-01
9.999833e-01
9.999833e-01
9.999833e-01
9.999833e-01
9.999833e-01
9.999833e-01
9.999833e-01
9.999833e-01
9.999833e-01
9.999833e-01
9.999833e-01
9.999833e-01
9.999833e-01
9.999832e-01
9.999832e-01
9.999832e-01
9.999832e-01
9.999832e-01
9.999832e-01
9.999832e-01
9.999832e-01
9.999832e-01
9.999832e-01
9.999832e-01
9.999832e-01
9.999832e-01
9.999832e-01
9.999832e-01
9.999832e-01
9.999832e-01
9.999832e-01
9.999832e-01
9.999833e-01
9.999833e-01
9.999833e-01
9.999833e-01
9.999833e-01
9.999833e-01
9.999833e-01
9.999833e-01
9.999833e-01
9.999833e-01
9.999833e-01
9.999833e-01
9.999833e-01
9.999834e-01
9.999834e-01
9.999834e-01
9.999834e-01
9.999834e-01
9.999834e-01
9.999834e-01
9.999835e-01
9.999835e-01
9.999835e-01
9.999835e-01
9.999835e-01
9.999835e-01
9.999836e-01
9.999836e-01
9.999836e-01
9.999836e-01
9.999836e-01
9.999837e-01
9.999837e-01
9.999837e-01
9.999837e-01
9.999837e-01
9.999838e-01
9.999838e-01
9.999838e-01
9.999838e-01
9.999839e-01
9.999839e-01
9.999839e-01
9.999839e-01
9.999840e-01
9.999840e-01
9.999840e-01
9.999840e-01
9.999841e-01
9.999841e-01
9.999841e-01
9.999842e-01
9.999842e-01
9.999842e-01
9.999843e-01
9.999843e-01
9.999843e-01
9.999844e-01
9.999844e-01
9.999844e-01
9.999845e-01
9.999845e-01
9.999845e-01
9.999846e-01
9.999846e-01
9.999846e-01
9.999847e-01
9.999847e-01
9.999847e-01
9.999848e-01
9.999848e-01
9.999849e-01
9.999849e-01
9.999849e-01
9.999850e-01
9.999850e-01
9.999851e-01
9.999851e-01
9.999852e-01
9.999852e-01
9.999852e-01
9.999853e-01
9.999853e-01
9.999854e-01
9.999854e-01
9.999855e-01
9.999855e-01
9.999856e-01
9.999856e-01
9.999857e-01
9.999857e-01
9.999858e-01
9.999858e-01
9.999858e-01
9.999859e-01
9.999859e-01
9.999860e-01
9.999861e-01
9.999861e-01
9.999862e-01
9.999862e-01
9.999863e-01
9.999863e-01
9.999864e-01
9.999864e-01
9.999865e-01
9.999865e-01
9.999866e-01
9.999866e-01
9.999867e-01
9.999868e-01
9.999868e-01
9.999869e-01
9.999869e-01
9.999870e-01
9.999870e-01
9.999871e-01
9.999872e-01
9.999872e-01
9.999873e-01
9.999873e-01
9.999874e-01
9.999875e-01
9.999875e-01
9.999876e-01
9.999876e-01
9.999877e-01
9.999878e-01
9.999878e-01
9.999879e-01
9.999880e-01
9.999880e-01
9.999881e-01
9.999882e-01
9.999882e-01
9.999883e-01
9.999884e-01
9.999884e-01
9.999885e-01
9.999886e-01
9.999886e-01
9.999887e-01
9.999888e-01
9.999888e-01
9.999889e-01
9.999890e-01
9.999890e-01
9.999891e-01
9.999892e-01
9.999893e-01
9.999893e-01
9.999894e-01
9.999895e-01
9.999895e-01
9.999896e-01
9.999897e-01
9.999898e-01
9.999898e-01
9.999899e-01
9.999900e-01
9.999901e-01
9.999901e-01
9.999902e-01
9.999903e-01
9.999904e-01
9.999904e-01
9.999905e-01
9.999906e-01
9.999907e-01
9.999907e-01
9.999908e-01
9.999909e-01
9.999910e-01
9.999910e-01
9.999911e-01
9.999912e-01
9.999913e-01
9.999914e-01
9.999914e-01
9.999915e-01
9.999916e-01
9.999917e-01
9.999918e-01
9.999918e-01
9.999919e-01
9.999920e-01
9.999921e-01
9.999922e-01
9.999922e-01
9.999923e-01
9.999924e-01
9.999925e-01
9.999926e-01
9.999927e-01
9.999927e-01
9.999928e-01
9.999929e-01
9.999930e-01
9.999931e-01
9.999932e-01
9.999933e-01
9.999933e-01
9.999934e-01
9.999935e-01
9.999936e-01
9.999937e-01
9.999938e-01
9.999939e-01
9.999939e-01
9.999940e-01
9.999941e-01
9.999942e-01
9.999943e-01
9.999944e-01
9.999945e-01
9.999945e-01
9.999946e-01
9.999947e-01
9.999948e-01
9.999949e-01
9.999950e-01
9.999951e-01
9.999952e-01
9.999953e-01
9.999953e-01
9.999954e-01
9.999955e-01
9.999956e-01
9.999957e-01
9.999958e-01
9.999959e-01
9.999960e-01
9.999961e-01
9.999961e-01
9.999962e-01
9.999963e-01
9.999964e-01
9.999965e-01
9.999966e-01
9.999966e-01
9.999967e-01
9.999967e-01
9.999967e-01
9.999966e-01
9.999963e-01
9.999959e-01
9.999951e-01
9.999938e-01
9.999915e-01
9.999877e-01
9.999814e-01
9.999709e-01
9.999536e-01
9.999249e-01
9.998776e-01
9.997996e-01
9.996709e-01
9.994587e-01
9.991091e-01
9.985331e-01
9.975849e-01
9.960253e-01
9.934646e-01
9.892714e-01
9.824345e-01
9.713665e-01
9.536529e-01
9.258177e-01
8.833102e-01
8.211503e-01
7.357827e-01
6.281212e-01
5.060414e-01
3.832370e-01
2.737201e-01
1.860587e-01
1.217650e-01
7.757122e-02
4.853118e-02
3.000936e-02
1.841984e-02
1.125460e-02
6.857536e-03
4.171556e-03
2.535418e-03
1.540511e-03
9.361857e-04
5.693728e-04
3.468437e-04
2.119108e-04
1.301382e-04
8.062043e-05
5.067021e-05
3.258995e-05
2.170957e-05
1.519640e-05
1.133197e-05
9.074115e-06
7.790527e-06
7.097834e-06
6.763368e-06
6.646123e-06
6.660458e-06
6.754527e-06
6.896787e-06
7.068185e-06
7.257085e-06
7.456496e-06
7.662107e-06
7.871362e-06
8.082647e-06
8.295036e-06
8.507911e-06
8.720940e-06
8.933875e-06
9.146601e-06
9.359008e-06
9.571060e-06
9.782697e-06
9.993912e-06
1.020467e-05
1.041496e-05
1.062476e-05
1.083408e-05
1.104288e-05
1.125117e-05
1.145893e-05
1.166615e-05
1.187283e-05
1.207895e-05
1.228450e-05
1.248948e-05
1.269386e-05
1.289766e-05
1.310084e-05
1.330341e-05
1.350536e-05
1.370667e-05
1.390733e-05
1.410735e-05
1.430669e-05
1.450537e-05
1.470337e-05
1.490067e-05
1.509727e-05
1.529317e-05
1.548834e-05
1.568279e-05
1.587650e-05
1.606946e-05
1.626166e-05
1.645310e-05
1.664377e-05
1.683365e-05
1.702274e-05
1.721104e-05
1.739852e-05
1.758518e-05
1.777101e-05
1.795601e-05
1.814016e-05
1.832346e-05
1.850590e-05
1.868747e-05
1.886815e-05
1.904795e-05
1.922685e-05
1.940485e-05
1.958193e-05
1.975809e-05
1.993332e-05
2.010761e-05
2.028096e-05
2.045335e-05
2.062477e-05
2.079523e-05
2.096470e-05
2.113319e-05
2.130069e-05
2.146718e-05
2.163266e-05
2.179712e-05
2.196055e-05
2.212295e-05
2.228431e-05
2.244461e-05
2.260386e-05
2.276205e-05
2.291916e-05
2.307519e-05
2.323014e-05
2.338399e-05
2.353674e-05
2.368838e-05
2.383891e-05
2.398831e-05
2.413658e-05
2.428371e-05
2.442970e-05
2.457454e-05
2.471822e-05
2.486073e-05
2.500208e-05
2.514224e-05
2.528122e-05
2.541901e-05
2.555560e-05
2.569099e-05
2.582517e-05
2.595812e-05
2.608986e-05
2.622036e-05
2.634963e-05
2.647766e-05
2.660444e-05
2.672997e-05
2.685423e-05
2.697723e-05
2.709896e-05
2.721941e-05
2.733857e-05
2.745645e-05
2.757304e-05
2.768832e-05
2.780230e-05
2.791497e-05
2.802632e-05
2.813635e-05
2.824505e-05
2.835243e-05
2.845846e-05
2.856316e-05
2.866650e-05
2.876850e-05
2.886914e-05
2.896841e-05
2.906633e-05
2.916287e-05
2.925803e-05
2.935182e-05
2.944422e-05
2.953524e-05
2.962486e-05
2.971308e-05
2.979991e-05
2.988533e-05
2.996934e-05
3.005193e-05
3.013311e-05
3.021287e-05
3.029120e-05
3.036811e-05
3.044358e-05
3.051761e-05
3.059021e-05
3.066137e-05
3.073108e-05
3.079934e-05
3.086614e-05
3.093149e-05
3.099539e-05
3.105782e-05
3.111878e-05
3.117828e-05
3.123631e-05
3.129287e-05
3.134794e-05
3.140154e-05
3.145366e-05
3.150430e-05
3.155345e-05
3.160111e-05
3.164728e-05
3.169196e-05
3.173515e-05
3.177683e-05
3.181702e-05
3.185571e-05
3.189290e-05
3.192858e-05
3.196275e-05
3.199542e-05
3.202658e-05
3.205623e-05
3.208436e-05
3.211099e-05
3.213610e-05
3.215969e-05
3.218176e-05
3.220232e-05
3.222136e-05
3.223888e-05
3.225488e-05
3.226935e-05
3.228231e-05
3.229374e-05
3.230365e-05
3.231204e-05
3.231890e-05
3.232424e-05
3.232805e-05
3.233033e-05
