3.904616e-05
3.904523e-05
3.904247e-05
3.903786e-05
3.903142e-05
3.902313e-05
3.901299e-05
3.900102e-05
3.898721e-05
3.897155e-05
3.895406e-05
3.893473e-05
3.891356e-05
3.889056e-05
3.886572e-05
3.883905e-05
3.881054e-05
3.878021e-05
3.874804e-05
3.871404e-05
3.867822e-05
3.864057e-05
3.860110e-05
3.855981e-05
3.851670e-05
3.847177e-05
3.842502e-05
3.837646e-05
3.832609e-05
3.827392e-05
3.821993e-05
3.816415e-05
3.810656e-05
3.804717e-05
3.798599e-05
3.792302e-05
3.785825e-05
3.779170e-05
3.772337e-05
3.765326e-05
3.758137e-05
3.750771e-05
3.743227e-05
3.735507e-05
3.727611e-05
3.719539e-05
3.711292e-05
3.702869e-05
3.694272e-05
3.685500e-05
3.676555e-05
3.667436e-05
3.658144e-05
3.648679e-05
3.639043e-05
3.629234e-05
3.619255e-05
3.609104e-05
3.598784e-05
3.588293e-05
3.577634e-05
3.566805e-05
3.555808e-05
3.544644e-05
3.533312e-05
3.521814e-05
3.510149e-05
3.498319e-05
3.486324e-05
3.474164e-05
3.461841e-05
3.449354e-05
3.436704e-05
3.423893e-05
3.410920e-05
3.397786e-05
3.384491e-05
3.371037e-05
3.357424e-05
3.343653e-05
3.329724e-05
3.315638e-05
3.301396e-05
3.286998e-05
3.272444e-05
3.257737e-05
3.242876e-05
3.227862e-05
3.212695e-05
3.197378e-05
3.181909e-05
3.166290e-05
3.150522e-05
3.134606e-05
3.118542e-05
3.102330e-05
3.085973e-05
3.069469e-05
3.052821e-05
3.036030e-05
3.019094e-05
3.002017e-05
2.984798e-05
2.967439e-05
2.949939e-05
2.932300e-05
2.914524e-05
2.896609e-05
2.878558e-05
2.860372e-05
2.842051e-05
2.823595e-05
2.805007e-05
2.786286e-05
2.767434e-05
2.748452e-05
2.729340e-05
2.710099e-05
2.690731e-05
2.671236e-05
2.651615e-05
2.631869e-05
2.611999e-05
2.592006e-05
2.571890e-05
2.551654e-05
2.531297e-05
2.510821e-05
2.490227e-05
2.469516e-05
2.448688e-05
2.427744e-05
2.406687e-05
2.385516e-05
2.364232e-05
2.342838e-05
2.321332e-05
2.299718e-05
2.277995e-05
2.256165e-05
2.234229e-05
2.212187e-05
2.190042e-05
2.167793e-05
2.145442e-05
2.122990e-05
2.100438e-05
2.077787e-05
2.055039e-05
2.032193e-05
2.009252e-05
1.986217e-05
1.963088e-05
1.939866e-05
1.916553e-05
1.893151e-05
1.869658e-05
1.846079e-05
1.822412e-05
1.798659e-05
1.774822e-05
1.750901e-05
1.726898e-05
1.702814e-05
1.678649e-05
1.654406e-05
1.630085e-05
1.605687e-05
1.581214e-05
1.556666e-05
1.532045e-05
1.507353e-05
1.482589e-05
1.457756e-05
1.432854e-05
1.407885e-05
1.382850e-05
1.357750e-05
1.332586e-05
1.307360e-05
1.282072e-05
1.256725e-05
1.231319e-05
1.205857e-05
1.180340e-05
1.154770e-05
1.129150e-05
1.103485e-05
1.077779e-05
1.052044e-05
1.026290e-05
1.000544e-05
9.748389e-06
9.492359e-06
9.238282e-06
8.987775e-06
8.743394e-06
8.509451e-06
8.292937e-06
8.105489e-06
7.966155e-06
7.906472e-06
7.978276e-06
8.267184e-06
8.914166e-06
1.015183e-05
1.236345e-05
1.618114e-05
2.264679e-05
3.347838e-05
5.150779e-05
8.140378e-05
1.308618e-04
2.125654e-04
3.474141e-04
5.698341e-04
9.364967e-04
1.540603e-03
2.535180e-03
4.170806e-03
6.855975e-03
1.125175e-02
1.841494e-02
3.000122e-02
4.851805e-02
7.755068e-02
1.217341e-01
1.860148e-01
2.736625e-01
3.831683e-01
5.059687e-01
6.280531e-01
7.357260e-01
8.211074e-01
8.832800e-01
9.257975e-01
9.536399e-01
9.713582e-01
9.824293e-01
9.892681e-01
9.934625e-01
9.960240e-01
9.975839e-01
9.985325e-01
9.991086e-01
9.994583e-01
9.996705e-01
9.997993e-01
9.998773e-01
9.999246e-01
9.999533e-01
9.999706e-01
9.999811e-01
9.999874e-01
9.999912e-01
9.999934e-01
9.999948e-01
9.999955e-01
9.999959e-01
9.999962e-01
9.999962e-01
9.999963e-01
9.999962e-01
9.999962e-01
9.999961e-01
9.999960e-01
9.999959e-01
9.999958e-01
9.999957e-01
9.999956e-01
9.999955e-01
9.999954e-01
9.999953e-01
9.999952e-01
9.999951e-01
9.999950e-01
9.999949e-01
9.999948e-01
9.999947e-01
9.999946e-01
9.999945e-01
9.999944e-01
9.999943e-01
9.999942e-01
9.999941e-01
9.999940e-01
9.999939e-01
9.999938e-01
9.999937e-01
9.999936e-01
9.999935e-01
9.999934e-01
9.999933e-01
9.999932e-01
9.999931e-01
9.999930e-01
9.999929e-01
9.999928e-01
9.999927e-01
9.999926e-01
9.999926e-01
9.999925e-01
9.999924e-01
9.999923e-01
9.999922e-01
9.999921e-01
9.999920e-01
9.999919e-01
9.999918e-01
9.999917e-01
9.999916e-01
9.999915e-01
9.999914e-01
9.999913e-01
9.999912e-01
9.999911e-01
9.999910e-01
9.999910e-01
9.999909e-01
9.999908e-01
9.999907e-01
9.999906e-01
9.999905e-01
9.999904e-01
9.999903e-01
9.999902e-01
9.999901e-01
9.999901e-01
9.999900e-01
9.999899e-01
9.999898e-01
9.999897e-01
9.999896e-01
9.999895e-01
9.999894e-01
9.999894e-01
9.999893e-01
9.999892e-01
9.999891e-01
9.999890e-01
9.999889e-01
9.999888e-01
9.999888e-01
9.999887e-01
9.999886e-01
9.999885e-01
9.999884e-01
9.999883e-01
9.999883e-01
9.999882e-01
9.999881e-01
9.999880e-01
9.999879e-01
9.999879e-01
9.999878e-01
9.999877e-01
9.999876e-01
9.999875e-01
9.999875e-01
9.999874e-01
9.999873e-01
9.999872e-01
9.999872e-01
9.999871e-01
9.999870e-01
9.999869e-01
9.999868e-01
9.999868e-01
9.999867e-01
9.999866e-01
9.999866e-01
9.999865e-01
9.999864e-01
9.999863e-01
9.999863e-01
9.999862e-01
9.999861e-01
9.999860e-01
9.999860e-01
9.999859e-01
9.999858e-01
9.999858e-01
9.999857e-01
9.999856e-01
9.999856e-01
9.999855e-01
9.999854e-01
9.999854e-01
9.999853e-01
9.999852e-01
9.999852e-01
9.999851e-01
9.999850e-01
9.999850e-01
9.999849e-01
9.999849e-01
9.999848e-01
9.999847e-01
9.999847e-01
9.999846e-01
9.999845e-01
9.999845e-01
9.999844e-01
9.999844e-01
9.999843e-01
9.999843e-01
9.999842e-01
9.999841e-01
9.999841e-01
9.999840e-01
9.999840e-01
9.999839e-01
9.999839e-01
9.999838e-01
9.999838e-01
9.999837e-01
9.999836e-01
9.999836e-01
9.999835e-01
9.999835e-01
9.999834e-01
9.999834e-01
9.999833e-01
9.999833e-01
9.999832e-01
9.999832e-01
9.999831e-01
9.999831e-01
9.999831e-01
9.999830e-01
9.999830e-01
9.999829e-01
9.999829e-01
9.999828e-01
9.999828e-01
9.999827e-01
9.999827e-01
9.999827e-01
9.999826e-01
9.999826e-01
9.999825e-01
9.999825e-01
9.999825e-01
9.999824e-01
9.999824e-01
9.999823e-01
9.999823e-01
9.999823e-01
9.999822e-01
9.999822e-01
9.999822e-01
9.999821e-01
9.999821e-01
9.999821e-01
9.999820e-01
9.999820e-01
9.999820e-01
9.999819e-01
9.999819e-01
9.999819e-01
9.999818e-01
9.999818e-01
9.999818e-01
9.999818e-01
9.999817e-01
9.999817e-01
9.999817e-01
9.999816e-01
9.999816e-01
9.999816e-01
9.999816e-01
9.999816e-01
9.999815e-01
9.999815e-01
9.999815e-01
9.999815e-01
9.999814e-01
9.999814e-01
9.999814e-01
9.999814e-01
9.999814e-01
9.999813e-01
9.999813e-01
9.999813e-01
9.999813e-01
9.999813e-01
9.999813e-01
9.999813e-01
9.999812e-01
9.999812e-01
9.999812e-01
9.999812e-01
9.999812e-01
9.999812e-01
9.999812e-01
9.999812e-01
9.999811e-01
9.999811e-01
9.999811e-01
9.999811e-01
9.999811e-01
9.999811e-01
9.999811e-01
9.999811e-01
9.999811e-01
9.999811e-01
9.999811e-01
9.999811e-01
9.999811e-01
9.999811e-01
9.999811e-01
9.999811e-01
9.999811e-01
9.999811e-01
9.999811e-01
9.999811e-01
9.999811e-01
9.999811e-01
9.999811e-01
9.999811e-01
9.999811e-01
9.999811e-01
9.999811e-01
9.999811e-01
9.999811e-01
9.999811e-01
9.999811e-01
9.999811e-01
9.999811e-01
9.999812e-01
9.999812e-01
9.999812e-01
9.999812e-01
9.999812e-01
9.999812e-01
9.999812e-01
9.999812e-01
9.999813e-01
9.999813e-01
9.999813e-01
9.999813e-01
9.999813e-01
9.999813e-01
9.999813e-01
9.999814e-01
9.999814e-01
9.999814e-01
9.999814e-01
9.999814e-01
9.999815e-01
9.999815e-01
9.999815e-01
9.999815e-01
9.999816e-01
9.999816e-01
9.999816e-01
9.999816e-01
9.999816e-01
9.999817e-01
9.999817e-01
9.999817e-01
9.999818e-01
9.999818e-01
9.999818e-01
9.999818e-01
9.999819e-01
9.999819e-01
9.999819e-01
9.999820e-01
9.999820e-01
9.999820e-01
9.999821e-01
9.999821e-01
9.999821e-01
9.999822e-01
9.999822e-01
9.999822e-01
9.999823e-01
9.999823e-01
9.999823e-01
9.999824e-01
9.999824e-01
9.999825e-01
9.999825e-01
9.999825e-01
9.999826e-01
9.999826e-01
9.999827e-01
9.999827e-01
9.999827e-01
9.999828e-01
9.999828e-01
9.999829e-01
9.999829e-01
9.999830e-01
9.999830e-01
9.999831e-01
9.999831e-01
9.999831e-01
9.999832e-01
9.999832e-01
9.999833e-01
9.999833e-01
9.999834e-01
9.999834e-01
9.999835e-01
9.999835e-01
9.999836e-01
9.999836e-01
9.999837e-01
9.999838e-01
9.999838e-01
9.999839e-01
9.999839e-01
9.999840e-01
9.999840e-01
9.999841e-01
9.999841e-01
9.999842e-01
9.999843e-01
9.999843e-01
9.999844e-01
9.999844e-01
9.999845e-01
9.999845e-01
9.999846e-01
9.999847e-01
9.999847e-01
9.999848e-01
9.999849e-01
9.999849e-01
9.999850e-01
9.999850e-01
9.999851e-01
9.999852e-01
9.999852e-01
9.999853e-01
9.999854e-01
9.999854e-01
9.999855e-01
9.999856e-01
9.999856e-01
9.999857e-01
9.999858e-01
9.999858e-01
9.999859e-01
9.999860e-01
9.999860e-01
9.999861e-01
9.999862e-01
9.999863e-01
9.999863e-01
9.999864e-01
9.999865e-01
9.999866e-01
9.999866e-01
9.999867e-01
9.999868e-01
9.999868e-01
9.999869e-01
9.999870e-01
9.999871e-01
9.999872e-01
9.999872e-01
9.999873e-01
9.999874e-01
9.999875e-01
9.999875e-01
9.999876e-01
9.999877e-01
9.999878e-01
9.999879e-01
9.999879e-01
9.999880e-01
9.999881e-01
9.999882e-01
9.999883e-01
9.999883e-01
9.999884e-01
9.999885e-01
9.999886e-01
9.999887e-01
9.999888e-01
9.999888e-01
9.999889e-01
9.999890e-01
9.999891e-01
9.999892e-01
9.999893e-01
9.999894e-01
9.999894e-01
9.999895e-01
9.999896e-01
9.999897e-01
9.999898e-01
9.999899e-01
9.999900e-01
9.999901e-01
9.999901e-01
9.999902e-01
9.999903e-01
9.999904e-01
9.999905e-01
9.999906e-01
9.999907e-01
9.999908e-01
9.999909e-01
9.999910e-01
9.999910e-01
9.999911e-01
9.999912e-01
9.999913e-01
9.999914e-01
9.999915e-01
9.999916e-01
9.999917e-01
9.999918e-01
9.999919e-01
9.999920e-01
9.999921e-01
9.999922e-01
9.999923e-01
9.999924e-01
9.999925e-01
9.999926e-01
9.999926e-01
9.999927e-01
9.999928e-01
9.999929e-01
9.999930e-01
9.999931e-01
9.999932e-01
9.999933e-01
9.999934e-01
9.999935e-01
9.999936e-01
9.999937e-01
9.999938e-01
9.999939e-01
9.999940e-01
9.999941e-01
9.999942e-01
9.999943e-01
9.999944e-01
9.999945e-01
9.999946e-01
9.999947e-01
9.999948e-01
9.999949e-01
9.999950e-01
9.999951e-01
9.999952e-01
9.999953e-01
9.999954e-01
9.999955e-01
9.999956e-01
9.999957e-01
9.999958e-01
9.999959e-01
9.999960e-01
9.999961e-01
9.999962e-01
9.999962e-01
9.999963e-01
9.999962e-01
9.999962e-01
9.999959e-01
9.999955e-01
9.999948e-01
9.999934e-01
9.999912e-01
9.999874e-01
9.999811e-01
9.999706e-01
9.999533e-01
9.999246e-01
9.998773e-01
9.997993e-01
9.996705e-01
9.994583e-01
9.991086e-01
9.985325e-01
9.975839e-01
9.960240e-01
9.934625e-01
9.892681e-01
9.824293e-01
9.713582e-01
9.536399e-01
9.257975e-01
8.832800e-01
8.211074e-01
7.357260e-01
6.280531e-01
5.059687e-01
3.831683e-01
2.736625e-01
1.860148e-01
1.217341e-01
7.755068e-02
4.851805e-02
3.000122e-02
1.841494e-02
1.125175e-02
6.855975e-03
4.170806e-03
2.535180e-03
1.540603e-03
9.364967e-04
5.698341e-04
3.474141e-04
2.125654e-04
1.308618e-04
8.140378e-05
5.150779e-05
3.347838e-05
2.264679e-05
1.618114e-05
1.236345e-05
1.015183e-05
8.914166e-06
8.267184e-06
7.978276e-06
7.906473e-06
7.966155e-06
8.105489e-06
8.292937e-06
8.509451e-06
8.743394e-06
8.987775e-06
9.238283e-06
9.492359e-06
9.748389e-06
1.000544e-05
1.026290e-05
1.052044e-05
1.077779e-05
1.103485e-05
1.129150e-05
1.154770e-05
1.180340e-05
1.205857e-05
1.231319e-05
1.256725e-05
1.282072e-05
1.307360e-05
1.332586e-05
1.357750e-05
1.382850e-05
1.407885e-05
1.432854e-05
1.457756e-05
1.482589e-05
1.507353e-05
1.532045e-05
1.556666e-05
1.581214e-05
1.605687e-05
1.630085e-05
1.654406e-05
1.678649e-05
1.702814e-05
1.726898e-05
1.750901e-05
1.774822e-05
1.798659e-05
1.822412e-05
1.846079e-05
1.869658e-05
1.893151e-05
1.916553e-05
1.939866e-05
1.963088e-05
1.986217e-05
2.009252e-05
2.032193e-05
2.055039e-05
2.077787e-05
2.100438e-05
2.122990e-05
2.145442e-05
2.167793e-05
2.190042e-05
2.212187e-05
2.234229e-05
2.256165e-05
2.277995e-05
2.299718e-05
2.321332e-05
2.342838e-05
2.364232e-05
2.385516e-05
2.406687e-05
2.427744e-05
2.448688e-05
2.469516e-05
2.490227e-05
2.510821e-05
2.531297e-05
2.551654e-05
2.571890e-05
2.592006e-05
2.611999e-05
2.631869e-05
2.651615e-05
2.671236e-05
2.690731e-05
2.710099e-05
2.729340e-05
2.748452e-05
2.767434e-05
2.786286e-05
2.805007e-05
2.823595e-05
2.842051e-05
2.860372e-05
2.878558e-05
2.896609e-05
2.914524e-05
2.932300e-05
2.949939e-05
2.967439e-05
2.984798e-05
3.002017e-05
3.019094e-05
3.036030e-05
3.052821e-05
3.069469e-05
3.085973e-05
3.102330e-05
3.118542e-05
3.134606e-05
3.150522e-05
3.166290e-05
3.181909e-05
3.197378e-05
3.212695e-05
3.227862e-05
3.242876e-05
3.257737e-05
3.272444e-05
3.286998e-05
3.301396e-05
3.315638e-05
3.329724e-05
3.343653e-05
3.357424e-05
3.371037e-05
3.384491e-05
3.397786e-05
3.410920e-05
3.423893e-05
3.436704e-05
3.449354e-05
3.461841e-05
3.474164e-05
3.486324e-05
3.498319e-05
3.510149e-05
3.521814e-05
3.533312e-05
3.544644e-05
3.555808e-05
3.566805e-05
3.577634e-05
3.588293e-05
3.598784e-05
3.609104e-05
3.619255e-05
3.629234e-05
3.639043e-05
3.648679e-05
3.658144e-05
3.667436e-05
3.676555e-05
3.685500e-05
3.694272e-05
3.702869e-05
3.711292e-05
3.719539e-05
3.727611e-05
3.735507e-05
3.743227e-05
3.750771e-05
3.758137e-05
3.765326e-05
3.772337e-05
3.779170e-05
3.785825e-05
3.792302e-05
3.798599e-05
3.804717e-05
3.810656e-05
3.816415e-05
3.821993e-05
3.827392e-05
3.832609e-05
3.837646e-05
3.842502e-05
3.847177e-05
3.851670e-05
3.855981e-05
3.860110e-05
3.864057e-05
3.867822e-05
3.871404e-05
3.874804e-05
3.878021e-05
3.881054e-05
3.883905e-05
3.886572e-05
3.889056e-05
3.891356e-05
3.893473e-05
3.895406e-05
3.897155e-05
3.898721e-05
3.900102e-05
3.901299e-05
3.902313e-05
3.903142e-05
3.903786e-05
3.904247e-05
3.904523e-05
