2.217259e-05
2.217207e-05
2.217050e-05
2.216789e-05
2.216423e-05
2.215953e-05
2.215378e-05
2.214700e-05
2.213916e-05
2.213029e-05
2.212037e-05
2.210941e-05
2.209741e-05
2.208436e-05
2.207028e-05
2.205516e-05
2.203899e-05
2.202179e-05
2.200355e-05
2.198427e-05
2.196396e-05
2.194262e-05
2.192023e-05
2.189682e-05
2.187238e-05
2.184690e-05
2.182039e-05
2.179286e-05
2.176430e-05
2.173471e-05
2.170410e-05
2.167247e-05
2.163982e-05
2.160614e-05
2.157145e-05
2.153575e-05
2.149902e-05
2.146129e-05
2.142254e-05
2.138279e-05
2.134202e-05
2.130025e-05
2.125748e-05
2.121371e-05
2.116894e-05
2.112317e-05
2.107640e-05
2.102864e-05
2.097989e-05
2.093015e-05
2.087943e-05
2.082772e-05
2.077504e-05
2.072137e-05
2.066672e-05
2.061111e-05
2.055452e-05
2.049696e-05
2.043844e-05
2.037896e-05
2.031851e-05
2.025711e-05
2.019476e-05
2.013145e-05
2.006719e-05
2.000199e-05
1.993585e-05
1.986877e-05
1.980075e-05
1.973180e-05
1.966192e-05
1.959111e-05
1.951938e-05
1.944674e-05
1.937317e-05
1.929870e-05
1.922331e-05
1.914702e-05
1.906983e-05
1.899174e-05
1.891275e-05
1.883288e-05
1.875211e-05
1.867047e-05
1.858794e-05
1.850454e-05
1.842027e-05
1.833513e-05
1.824913e-05
1.816227e-05
1.807455e-05
1.798598e-05
1.789657e-05
1.780631e-05
1.771521e-05
1.762328e-05
1.753052e-05
1.743694e-05
1.734253e-05
1.724731e-05
1.715128e-05
1.705443e-05
1.695679e-05
1.685835e-05
1.675911e-05
1.665908e-05
1.655827e-05
1.645669e-05
1.635432e-05
1.625119e-05
1.614729e-05
1.604263e-05
1.593722e-05
1.583105e-05
1.572414e-05
1.561650e-05
1.550811e-05
1.539900e-05
1.528916e-05
1.517860e-05
1.506733e-05
1.495535e-05
1.484267e-05
1.472929e-05
1.461521e-05
1.450045e-05
1.438500e-05
1.426888e-05
1.415209e-05
1.403463e-05
1.391651e-05
1.379773e-05
1.367831e-05
1.355825e-05
1.343754e-05
1.331621e-05
1.319424e-05
1.307166e-05
1.294846e-05
1.282466e-05
1.270025e-05
1.257524e-05
1.244965e-05
1.232346e-05
1.219670e-05
1.206937e-05
1.194146e-05
1.181300e-05
1.168398e-05
1.155441e-05
1.142430e-05
1.129365e-05
1.116247e-05
1.103077e-05
1.089855e-05
1.076582e-05
1.063258e-05
1.049884e-05
1.036461e-05
1.022989e-05
1.009469e-05
9.959019e-06
9.822876e-06
9.686276e-06
9.549218e-06
9.411715e-06
9.273766e-06
9.135387e-06
8.996574e-06
8.857344e-06
8.717693e-06
8.577638e-06
8.437176e-06
8.296323e-06
8.155076e-06
8.013453e-06
7.871448e-06
7.729081e-06
7.586345e-06
7.443263e-06
7.299826e-06
7.156059e-06
7.011954e-06
6.867539e-06
6.722810e-06
6.577803e-06
6.432522e-06
6.287023e-06
6.141339e-06
5.995579e-06
5.849852e-06
5.704405e-06
5.559566e-06
5.415948e-06
5.274478e-06
5.136766e-06
5.005364e-06
4.884584e-06
4.781413e-06
4.707492e-06
4.681875e-06
4.736114e-06
4.922073e-06
5.325421e-06
6.087216e-06
7.440212e-06
9.767932e-06
1.370292e-05
2.028775e-05
3.124155e-05
4.939814e-05
7.942943e-05
1.290361e-04
2.109105e-04
3.459664e-04
5.686535e-04
9.356825e-04
1.540319e-03
2.535694e-03
4.172557e-03
6.859680e-03
1.125856e-02
1.842669e-02
3.002077e-02
4.854960e-02
7.760004e-02
1.218083e-01
1.861203e-01
2.738011e-01
3.833334e-01
5.061435e-01
6.282167e-01
7.358623e-01
8.212106e-01
8.833525e-01
9.258460e-01
9.536713e-01
9.713781e-01
9.824419e-01
9.892760e-01
9.934676e-01
9.960273e-01
9.975862e-01
9.985341e-01
9.991098e-01
9.994594e-01
9.996715e-01
9.998001e-01
9.998781e-01
9.999254e-01
9.999541e-01
9.999714e-01
9.999819e-01
9.999883e-01
9.999921e-01
9.999944e-01
9.999957e-01
9.999965e-01
9.999970e-01
9.999972e-01
9.999974e-01
9.999974e-01
9.999974e-01
9.999974e-01
9.999973e-01
9.999973e-01
9.999972e-01
9.999972e-01
9.999971e-01
9.999970e-01
9.999969e-01
9.999969e-01
9.999968e-01
9.999967e-01
9.999967e-01
9.999966e-01
9.999965e-01
9.999965e-01
9.999964e-01
9.999963e-01
9.999962e-01
9.999962e-01
9.999961e-01
9.999960e-01
9.999960e-01
9.999959e-01
9.999958e-01
9.999958e-01
9.999957e-01
9.999956e-01
9.999956e-01
9.999955e-01
9.999954e-01
9.999953e-01
9.999953e-01
9.999952e-01
9.999951e-01
9.999951e-01
9.999950e-01
9.999949e-01
9.999949e-01
9.999948e-01
9.999947e-01
9.999947e-01
9.999946e-01
9.999945e-01
9.999945e-01
9.999944e-01
9.999943e-01
9.999943e-01
9.999942e-01
9.999941e-01
9.999941e-01
9.999940e-01
9.999939e-01
9.999939e-01
9.999938e-01
9.999938e-01
9.999937e-01
9.999936e-01
9.999936e-01
9.999935e-01
9.999934e-01
9.999934e-01
9.999933e-01
9.999933e-01
9.999932e-01
9.999931e-01
9.999931e-01
9.999930e-01
9.999929e-01
9.999929e-01
9.999928e-01
9.999928e-01
9.999927e-01
9.999926e-01
9.999926e-01
9.999925e-01
9.999925e-01
9.999924e-01
9.999923e-01
9.999923e-01
9.999922e-01
9.999922e-01
9.999921e-01
9.999920e-01
9.999920e-01
9.999919e-01
9.999919e-01
9.999918e-01
9.999918e-01
9.999917e-01
9.999916e-01
9.999916e-01
9.999915e-01
9.999915e-01
9.999914e-01
9.999914e-01
9.999913e-01
9.999913e-01
9.999912e-01
9.999912e-01
9.999911e-01
9.999910e-01
9.999910e-01
9.999909e-01
9.999909e-01
9.999908e-01
9.999908e-01
9.999907e-01
9.999907e-01
9.999906e-01
9.999906e-01
9.999905e-01
9.999905e-01
9.999904e-01
9.999904e-01
9.999903e-01
9.999903e-01
9.999902e-01
9.999902e-01
9.999901e-01
9.999901e-01
9.999900e-01
9.999900e-01
9.999899e-01
9.999899e-01
9.999898e-01
9.999898e-01
9.999898e-01
9.999897e-01
9.999897e-01
9.999896e-01
9.999896e-01
9.999895e-01
9.999895e-01
9.999894e-01
9.999894e-01
9.999894e-01
9.999893e-01
9.999893e-01
9.999892e-01
9.999892e-01
9.999891e-01
9.999891e-01
9.999891e-01
9.999890e-01
9.999890e-01
9.999889e-01
9.999889e-01
9.999889e-01
9.999888e-01
9.999888e-01
9.999888e-01
9.999887e-01
9.999887e-01
9.999886e-01
9.999886e-01
9.999886e-01
9.999885e-01
9.999885e-01
9.999885e-01
9.999884e-01
9.999884e-01
9.999884e-01
9.999883e-01
9.999883e-01
9.999883e-01
9.999882e-01
9.999882e-01
9.999882e-01
9.999881e-01
9.999881e-01
9.999881e-01
9.999880e-01
9.999880e-01
9.999880e-01
9.999880e-01
9.999879e-01
9.999879e-01
9.999879e-01
9.999878e-01
9.999878e-01
9.999878e-01
9.999878e-01
9.999877e-01
9.999877e-01
9.999877e-01
9.999877e-01
9.999876e-01
9.999876e-01
9.999876e-01
9.999876e-01
9.999875e-01
9.999875e-01
9.999875e-01
9.999875e-01
9.999874e-01
9.999874e-01
9.999874e-01
9.999874e-01
9.999874e-01
9.999873e-01
9.999873e-01
9.999873e-01
9.999873e-01
9.999873e-01
9.999872e-01
9.999872e-01
9.999872e-01
9.999872e-01
9.999872e-01
9.999872e-01
9.999871e-01
9.999871e-01
9.999871e-01
9.999871e-01
9.999871e-01
9.999871e-01
9.999871e-01
9.999870e-01
9.999870e-01
9.999870e-01
9.999870e-01
9.999870e-01
9.999870e-01
9.999870e-01
9.999870e-01
9.999870e-01
9.999869e-01
9.999869e-01
9.999869e-01
9.999869e-01
9.999869e-01
9.999869e-01
9.999869e-01
9.999869e-01
9.999869e-01
9.999869e-01
9.999869e-01
9.999869e-01
9.999869e-01
9.999869e-01
9.999869e-01
9.999869e-01
9.999869e-01
9.999868e-01
9.999868e-01
9.999868e-01
9.999868e-01
9.999868e-01
9.999868e-01
9.999868e-01
9.999868e-01
9.999868e-01
9.999868e-01
9.999868e-01
9.999868e-01
9.999868e-01
9.999869e-01
9.999869e-01
9.999869e-01
9.999869e-01
9.999869e-01
9.999869e-01
9.999869e-01
9.999869e-01
9.999869e-01
9.999869e-01
9.999869e-01
9.999869e-01
9.999869e-01
9.999869e-01
9.999869e-01
9.999869e-01
9.999869e-01
9.999870e-01
9.999870e-01
9.999870e-01
9.999870e-01
9.999870e-01
9.999870e-01
9.999870e-01
9.999870e-01
9.999870e-01
9.999871e-01
9.999871e-01
9.999871e-01
9.999871e-01
9.999871e-01
9.999871e-01
9.999871e-01
9.999872e-01
9.999872e-01
9.999872e-01
9.999872e-01
9.999872e-01
9.999872e-01
9.999873e-01
9.999873e-01
9.999873e-01
9.999873e-01
9.999873e-01
9.999874e-01
9.999874e-01
9.999874e-01
9.999874e-01
9.999874e-01
9.999875e-01
9.999875e-01
9.999875e-01
9.999875e-01
9.999876e-01
9.999876e-01
9.999876e-01
9.999876e-01
9.999877e-01
9.999877e-01
9.999877e-01
9.999877e-01
9.999878e-01
9.999878e-01
9.999878e-01
9.999878e-01
9.999879e-01
9.999879e-01
9.999879e-01
9.999880e-01
9.999880e-01
9.999880e-01
9.999880e-01
9.999881e-01
9.999881e-01
9.999881e-01
9.999882e-01
9.999882e-01
9.999882e-01
9.999883e-01
9.999883e-01
9.999883e-01
9.999884e-01
9.999884e-01
9.999884e-01
9.999885e-01
9.999885e-01
9.999885e-01
9.999886e-01
9.999886e-01
9.999886e-01
9.999887e-01
9.999887e-01
9.999888e-01
9.999888e-01
9.999888e-01
9.999889e-01
9.999889e-01
9.999889e-01
9.999890e-01
9.999890e-01
9.999891e-01
9.999891e-01
9.999891e-01
9.999892e-01
9.999892e-01
9.999893e-01
9.999893e-01
9.999894e-01
9.999894e-01
9.999894e-01
9.999895e-01
9.999895e-01
9.999896e-01
9.999896e-01
9.999897e-01
9.999897e-01
9.999898e-01
9.999898e-01
9.999898e-01
9.999899e-01
9.999899e-01
9.999900e-01
9.999900e-01
9.999901e-01
9.999901e-01
9.999902e-01
9.999902e-01
9.999903e-01
9.999903e-01
9.999904e-01
9.999904e-01
9.999905e-01
9.999905e-01
9.999906e-01
9.999906e-01
9.999907e-01
9.999907e-01
9.999908e-01
9.999908e-01
9.999909e-01
9.999909e-01
9.999910e-01
9.999910e-01
9.999911e-01
9.999912e-01
9.999912e-01
9.999913e-01
9.999913e-01
9.999914e-01
9.999914e-01
9.999915e-01
9.999915e-01
9.999916e-01
9.999916e-01
9.999917e-01
9.999918e-01
9.999918e-01
9.999919e-01
9.999919e-01
9.999920e-01
9.999920e-01
9.999921e-01
9.999922e-01
9.999922e-01
9.999923e-01
9.999923e-01
9.999924e-01
9.999925e-01
9.999925e-01
9.999926e-01
9.999926e-01
9.999927e-01
9.999928e-01
9.999928e-01
9.999929e-01
9.999929e-01
9.999930e-01
9.999931e-01
9.999931e-01
9.999932e-01
9.999933e-01
9.999933e-01
9.999934e-01
9.999934e-01
9.999935e-01
9.999936e-01
9.999936e-01
9.999937e-01
9.999938e-01
9.999938e-01
9.999939e-01
9.999939e-01
9.999940e-01
9.999941e-01
9.999941e-01
9.999942e-01
9.999943e-01
9.999943e-01
9.999944e-01
9.999945e-01
9.999945e-01
9.999946e-01
9.999947e-01
9.999947e-01
9.999948e-01
9.999949e-01
9.999949e-01
9.999950e-01
9.999951e-01
9.999951e-01
9.999952e-01
9.999953e-01
9.999953e-01
9.999954e-01
9.999955e-01
9.999956e-01
9.999956e-01
9.999957e-01
9.999958e-01
9.999958e-01
9.999959e-01
9.999960e-01
9.999960e-01
9.999961e-01
9.999962e-01
9.999962e-01
9.999963e-01
9.999964e-01
9.999965e-01
9.999965e-01
9.999966e-01
9.999967e-01
9.999967e-01
9.999968e-01
9.999969e-01
9.999969e-01
9.999970e-01
9.999971e-01
9.999972e-01
9.999972e-01
9.999973e-01
9.999973e-01
9.999974e-01
9.999974e-01
9.999974e-01
9.999974e-01
9.999972e-01
9.999970e-01
9.999965e-01
9.999957e-01
9.999944e-01
9.999921e-01
9.999883e-01
9.999819e-01
9.999714e-01
9.999541e-01
9.999254e-01
9.998781e-01
9.998001e-01
9.996715e-01
9.994594e-01
9.991098e-01
9.985341e-01
9.975862e-01
9.960273e-01
9.934676e-01
9.892760e-01
9.824419e-01
9.713781e-01
9.536713e-01
9.258460e-01
8.833525e-01
8.212106e-01
7.358623e-01
6.282167e-01
5.061435e-01
3.833334e-01
2.738011e-01
1.861203e-01
1.218083e-01
7.760004e-02
4.854960e-02
3.002077e-02
1.842669e-02
1.125856e-02
6.859680e-03
4.172557e-03
2.535694e-03
1.540319e-03
9.356825e-04
5.686535e-04
3.459664e-04
2.109105e-04
1.290361e-04
7.942943e-05
4.939814e-05
3.124155e-05
2.028775e-05
1.370292e-05
9.767932e-06
7.440212e-06
6.087216e-06
5.325421e-06
4.922073e-06
4.736114e-06
4.681875e-06
4.707492e-06
4.781413e-06
4.884584e-06
5.005364e-06
5.136766e-06
5.274478e-06
5.415948e-06
5.559566e-06
5.704405e-06
5.849852e-06
5.995579e-06
6.141339e-06
6.287023e-06
6.432522e-06
6.577803e-06
6.722810e-06
6.867539e-06
7.011954e-06
7.156059e-06
7.299826e-06
7.443263e-06
7.586345e-06
7.729081e-06
7.871448e-06
8.013453e-06
8.155076e-06
8.296324e-06
8.437176e-06
8.577638e-06
8.717693e-06
8.857344e-06
8.996574e-06
9.135387e-06
9.273766e-06
9.411715e-06
9.549218e-06
9.686276e-06
9.822876e-06
9.959019e-06
1.009469e-05
1.022989e-05
1.036461e-05
1.049884e-05
1.063258e-05
1.076582e-05
1.089855e-05
1.103077e-05
1.116247e-05
1.129365e-05
1.142430e-05
1.155441e-05
1.168398e-05
1.181300e-05
1.194146e-05
1.206937e-05
1.219670e-05
1.232346e-05
1.244965e-05
1.257524e-05
1.270025e-05
1.282466e-05
1.294846e-05
1.307166e-05
1.319424e-05
1.331621e-05
1.343754e-05
1.355825e-05
1.367831e-05
1.379773e-05
1.391651e-05
1.403463e-05
1.415209e-05
1.426888e-05
1.438500e-05
1.450045e-05
1.461521e-05
1.472929e-05
1.484267e-05
1.495535e-05
1.506733e-05
1.517860e-05
1.528916e-05
1.539900e-05
1.550811e-05
1.561650e-05
1.572414e-05
1.583105e-05
1.593722e-05
1.604263e-05
1.614729e-05
1.625119e-05
1.635432e-05
1.645669e-05
1.655827e-05
1.665908e-05
1.675911e-05
1.685835e-05
1.695679e-05
1.705443e-05
1.715128e-05
1.724731e-05
1.734253e-05
1.743694e-05
1.753052e-05
1.762328e-05
1.771521e-05
1.780631e-05
1.789657e-05
1.798598e-05
1.807455e-05
1.816227e-05
1.824913e-05
1.833513e-05
1.842027e-05
1.850454e-05
1.858794e-05
1.867047e-05
1.875211e-05
1.883288e-05
1.891275e-05
1.899174e-05
1.906983e-05
1.914702e-05
1.922331e-05
1.929870e-05
1.937317e-05
1.944674e-05
1.951938e-05
1.959111e-05
1.966192e-05
1.973180e-05
1.980075e-05
1.986877e-05
1.993585e-05
2.000199e-05
2.006719e-05
2.013145e-05
2.019476e-05
2.025711e-05
2.031851e-05
2.037896e-05
2.043844e-05
2.049696e-05
2.055452e-05
2.061111e-05
2.066672e-05
2.072137e-05
2.077504e-05
2.082772e-05
2.087943e-05
2.093015e-05
2.097989e-05
2.102864e-05
2.107640e-05
2.112317e-05
2.116894e-05
2.121371e-05
2.125748e-05
2.130025e-05
2.134202e-05
2.138279e-05
2.142254e-05
2.146129e-05
2.149902e-05
2.153575e-05
2.157145e-05
2.160614e-05
2.163982e-05
2.167247e-05
2.170410e-05
2.173471e-05
2.176430e-05
2.179286e-05
2.182039e-05
2.184690e-05
2.187238e-05
2.189682e-05
2.192023e-05
2.194262e-05
2.196396e-05
2.198427e-05
2.200355e-05
2.202179e-05
2.203899e-05
2.205516e-05
2.207028e-05
2.208436e-05
2.209741e-05
2.210941e-05
2.212037e-05
2.213029e-05
2.213916e-05
2.214700e-05
2.215378e-05
2.215953e-05
2.216423e-05
2.216789e-05
2.217050e-05
2.217207e-05
