2.677312e-05
2.677249e-05
2.677059e-05
2.676744e-05
2.676302e-05
2.675734e-05
2.675040e-05
2.674220e-05
2.673274e-05
2.672201e-05
2.671003e-05
2.669679e-05
2.668229e-05
2.666653e-05
2.664952e-05
2.663124e-05
2.661172e-05
2.659093e-05
2.656890e-05
2.654561e-05
2.652107e-05
2.649528e-05
2.646824e-05
2.643996e-05
2.641042e-05
2.637965e-05
2.634762e-05
2.631436e-05
2.627986e-05
2.624411e-05
2.620713e-05
2.616892e-05
2.612947e-05
2.608879e-05
2.604688e-05
2.600374e-05
2.595937e-05
2.591379e-05
2.586698e-05
2.581895e-05
2.576970e-05
2.571924e-05
2.566757e-05
2.561468e-05
2.556059e-05
2.550530e-05
2.544880e-05
2.539110e-05
2.533221e-05
2.527212e-05
2.521084e-05
2.514837e-05
2.508472e-05
2.501988e-05
2.495387e-05
2.488668e-05
2.481831e-05
2.474878e-05
2.467808e-05
2.460622e-05
2.453319e-05
2.445901e-05
2.438368e-05
2.430720e-05
2.422957e-05
2.415080e-05
2.407090e-05
2.398986e-05
2.390768e-05
2.382439e-05
2.373996e-05
2.365442e-05
2.356777e-05
2.348000e-05
2.339113e-05
2.330116e-05
2.321008e-05
2.311792e-05
2.302466e-05
2.293032e-05
2.283490e-05
2.273840e-05
2.264084e-05
2.254220e-05
2.244250e-05
2.234175e-05
2.223994e-05
2.213709e-05
2.203319e-05
2.192825e-05
2.182228e-05
2.171529e-05
2.160727e-05
2.149823e-05
2.138818e-05
2.127712e-05
2.116506e-05
2.105200e-05
2.093795e-05
2.082291e-05
2.070690e-05
2.058991e-05
2.047194e-05
2.035302e-05
2.023313e-05
2.011230e-05
1.999051e-05
1.986778e-05
1.974412e-05
1.961953e-05
1.949401e-05
1.936758e-05
1.924023e-05
1.911198e-05
1.898283e-05
1.885278e-05
1.872185e-05
1.859004e-05
1.845734e-05
1.832379e-05
1.818936e-05
1.805409e-05
1.791796e-05
1.778098e-05
1.764318e-05
1.750454e-05
1.736507e-05
1.722479e-05
1.708370e-05
1.694181e-05
1.679911e-05
1.665563e-05
1.651136e-05
1.636632e-05
1.622050e-05
1.607392e-05
1.592659e-05
1.577851e-05
1.562968e-05
1.548012e-05
1.532983e-05
1.517882e-05
1.502709e-05
1.487466e-05
1.472153e-05
1.456771e-05
1.441320e-05
1.425801e-05
1.410215e-05
1.394563e-05
1.378846e-05
1.363063e-05
1.347217e-05
1.331307e-05
1.315334e-05
1.299300e-05
1.283204e-05
1.267049e-05
1.250833e-05
1.234560e-05
1.218227e-05
1.201838e-05
1.185392e-05
1.168891e-05
1.152335e-05
1.135724e-05
1.119060e-05
1.102344e-05
1.085576e-05
1.068757e-05
1.051887e-05
1.034969e-05
1.018001e-05
1.000986e-05
9.839240e-06
9.668162e-06
9.496623e-06
9.324647e-06
9.152226e-06
8.979385e-06
8.806118e-06
8.632449e-06
8.458373e-06
8.283919e-06
8.109085e-06
7.933906e-06
7.758390e-06
7.582595e-06
7.406553e-06
7.230375e-06
7.054172e-06
6.878193e-06
6.702766e-06
6.528507e-06
6.356343e-06
6.187885e-06
6.025688e-06
5.874062e-06
5.739996e-06
5.635131e-06
5.578518e-06
5.601706e-06
5.756552e-06
6.128712e-06
6.859221e-06
8.180796e-06
1.047690e-05
1.437995e-05
2.093237e-05
3.185299e-05
4.997511e-05
7.996986e-05
1.295365e-04
2.113653e-04
3.463663e-04
5.689831e-04
9.359162e-04
1.540415e-03
2.535584e-03
4.172128e-03
6.858747e-03
1.125683e-02
1.842369e-02
3.001577e-02
4.854152e-02
7.758739e-02
1.217893e-01
1.860932e-01
2.737656e-01
3.832910e-01
5.060987e-01
6.281747e-01
7.358274e-01
8.211841e-01
8.833339e-01
9.258335e-01
9.536632e-01
9.713730e-01
9.824387e-01
9.892740e-01
9.934663e-01
9.960264e-01
9.975856e-01
9.985336e-01
9.991095e-01
9.994591e-01
9.996712e-01
9.997999e-01
9.998779e-01
9.999252e-01
9.999538e-01
9.999712e-01
9.999817e-01
9.999880e-01
9.999918e-01
9.999941e-01
9.999955e-01
9.999962e-01
9.999967e-01
9.999969e-01
9.999970e-01
9.999971e-01
9.999971e-01
9.999970e-01
9.999970e-01
9.999969e-01
9.999968e-01
9.999968e-01
9.999967e-01
9.999966e-01
9.999965e-01
9.999965e-01
9.999964e-01
9.999963e-01
9.999962e-01
9.999961e-01
9.999961e-01
9.999960e-01
9.999959e-01
9.999958e-01
9.999957e-01
9.999957e-01
9.999956e-01
9.999955e-01
9.999954e-01
9.999953e-01
9.999953e-01
9.999952e-01
9.999951e-01
9.999950e-01
9.999950e-01
9.999949e-01
9.999948e-01
9.999947e-01
9.999946e-01
9.999946e-01
9.999945e-01
9.999944e-01
9.999943e-01
9.999943e-01
9.999942e-01
9.999941e-01
9.999940e-01
9.999940e-01
9.999939e-01
9.999938e-01
9.999937e-01
9.999937e-01
9.999936e-01
9.999935e-01
9.999934e-01
9.999934e-01
9.999933e-01
9.999932e-01
9.999932e-01
9.999931e-01
9.999930e-01
9.999929e-01
9.999929e-01
9.999928e-01
9.999927e-01
9.999926e-01
9.999926e-01
9.999925e-01
9.999924e-01
9.999924e-01
9.999923e-01
9.999922e-01
9.999922e-01
9.999921e-01
9.999920e-01
9.999919e-01
9.999919e-01
9.999918e-01
9.999917e-01
9.999917e-01
9.999916e-01
9.999915e-01
9.999915e-01
9.999914e-01
9.999913e-01
9.999913e-01
9.999912e-01
9.999911e-01
9.999911e-01
9.999910e-01
9.999909e-01
9.999909e-01
9.999908e-01
9.999907e-01
9.999907e-01
9.999906e-01
9.999906e-01
9.999905e-01
9.999904e-01
9.999904e-01
9.999903e-01
9.999902e-01
9.999902e-01
9.999901e-01
9.999901e-01
9.999900e-01
9.999899e-01
9.999899e-01
9.999898e-01
9.999898e-01
9.999897e-01
9.999896e-01
9.999896e-01
9.999895e-01
9.999895e-01
9.999894e-01
9.999893e-01
9.999893e-01
9.999892e-01
9.999892e-01
9.999891e-01
9.999891e-01
9.999890e-01
9.999890e-01
9.999889e-01
9.999888e-01
9.999888e-01
9.999887e-01
9.999887e-01
9.999886e-01
9.999886e-01
9.999885e-01
9.999885e-01
9.999884e-01
9.999884e-01
9.999883e-01
9.999883e-01
9.999882e-01
9.999882e-01
9.999881e-01
9.999881e-01
9.999880e-01
9.999880e-01
9.999879e-01
9.999879e-01
9.999878e-01
9.999878e-01
9.999877e-01
9.999877e-01
9.999877e-01
9.999876e-01
9.999876e-01
9.999875e-01
9.999875e-01
9.999874e-01
9.999874e-01
9.999873e-01
9.999873e-01
9.999873e-01
9.999872e-01
9.999872e-01
9.999871e-01
9.999871e-01
9.999871e-01
9.999870e-01
9.999870e-01
9.999869e-01
9.999869e-01
9.999869e-01
9.999868e-01
9.999868e-01
9.999867e-01
9.999867e-01
9.999867e-01
9.999866e-01
9.999866e-01
9.999866e-01
9.999865e-01
9.999865e-01
9.999865e-01
9.999864e-01
9.999864e-01
9.999864e-01
9.999863e-01
9.999863e-01
9.999863e-01
9.999862e-01
9.999862e-01
9.999862e-01
9.999861e-01
9.999861e-01
9.999861e-01
9.999861e-01
9.999860e-01
9.999860e-01
9.999860e-01
9.999859e-01
9.999859e-01
9.999859e-01
9.999859e-01
9.999858e-01
9.999858e-01
9.999858e-01
9.999858e-01
9.999857e-01
9.999857e-01
9.999857e-01
9.999857e-01
9.999857e-01
9.999856e-01
9.999856e-01
9.999856e-01
9.999856e-01
9.999856e-01
9.999855e-01
9.999855e-01
9.999855e-01
9.999855e-01
9.999855e-01
9.999854e-01
9.999854e-01
9.999854e-01
9.999854e-01
9.999854e-01
9.999854e-01
9.999854e-01
9.999853e-01
9.999853e-01
9.999853e-01
9.999853e-01
9.999853e-01
9.999853e-01
9.999853e-01
9.999853e-01
9.999853e-01
9.999852e-01
9.999852e-01
9.999852e-01
9.999852e-01
9.999852e-01
9.999852e-01
9.999852e-01
9.999852e-01
9.999852e-01
9.999852e-01
9.999852e-01
9.999852e-01
9.999852e-01
9.999852e-01
9.999852e-01
9.999852e-01
9.999851e-01
9.999851e-01
9.999851e-01
9.999851e-01
9.999851e-01
9.999851e-01
9.999851e-01
9.999851e-01
9.999851e-01
9.999851e-01
9.999851e-01
9.999852e-01
9.999852e-01
9.999852e-01
9.999852e-01
9.999852e-01
9.999852e-01
9.999852e-01
9.999852e-01
9.999852e-01
9.999852e-01
9.999852e-01
9.999852e-01
9.999852e-01
9.999852e-01
9.999852e-01
9.999852e-01
9.999853e-01
9.999853e-01
9.999853e-01
9.999853e-01
9.999853e-01
9.999853e-01
9.999853e-01
9.999853e-01
9.999853e-01
9.999854e-01
9.999854e-01
9.999854e-01
9.999854e-01
9.999854e-01
9.999854e-01
9.999854e-01
9.999855e-01
9.999855e-01
9.999855e-01
9.999855e-01
9.999855e-01
9.999856e-01
9.999856e-01
9.999856e-01
9.999856e-01
9.999856e-01
9.999857e-01
9.999857e-01
9.999857e-01
9.999857e-01
9.999857e-01
9.999858e-01
9.999858e-01
9.999858e-01
9.999858e-01
9.999859e-01
9.999859e-01
9.999859e-01
9.999859e-01
9.999860e-01
9.999860e-01
9.999860e-01
9.999861e-01
9.999861e-01
9.999861e-01
9.999861e-01
9.999862e-01
9.999862e-01
9.999862e-01
9.999863e-01
9.999863e-01
9.999863e-01
9.999864e-01
9.999864e-01
9.999864e-01
9.999865e-01
9.999865e-01
9.999865e-01
9.999866e-01
9.999866e-01
9.999866e-01
9.999867e-01
9.999867e-01
9.999867e-01
9.999868e-01
9.999868e-01
9.999869e-01
9.999869e-01
9.999869e-01
9.999870e-01
9.999870e-01
9.999871e-01
9.999871e-01
9.999871e-01
9.999872e-01
9.999872e-01
9.999873e-01
9.999873e-01
9.999873e-01
9.999874e-01
9.999874e-01
9.999875e-01
9.999875e-01
9.999876e-01
9.999876e-01
9.999877e-01
9.999877e-01
9.999877e-01
9.999878e-01
9.999878e-01
9.999879e-01
9.999879e-01
9.999880e-01
9.999880e-01
9.999881e-01
9.999881e-01
9.999882e-01
9.999882e-01
9.999883e-01
9.999883e-01
9.999884e-01
9.999884e-01
9.999885e-01
9.999885e-01
9.999886e-01
9.999886e-01
9.999887e-01
9.999887e-01
9.999888e-01
9.999888e-01
9.999889e-01
9.999890e-01
9.999890e-01
9.999891e-01
9.999891e-01
9.999892e-01
9.999892e-01
9.999893e-01
9.999893e-01
9.999894e-01
9.999895e-01
9.999895e-01
9.999896e-01
9.999896e-01
9.999897e-01
9.999898e-01
9.999898e-01
9.999899e-01
9.999899e-01
9.999900e-01
9.999901e-01
9.999901e-01
9.999902e-01
9.999902e-01
9.999903e-01
9.999904e-01
9.999904e-01
9.999905e-01
9.999906e-01
9.999906e-01
9.999907e-01
9.999907e-01
9.999908e-01
9.999909e-01
9.999909e-01
9.999910e-01
9.999911e-01
9.999911e-01
9.999912e-01
9.999913e-01
9.999913e-01
9.999914e-01
9.999915e-01
9.999915e-01
9.999916e-01
9.999917e-01
9.999917e-01
9.999918e-01
9.999919e-01
9.999919e-01
9.999920e-01
9.999921e-01
9.999922e-01
9.999922e-01
9.999923e-01
9.999924e-01
9.999924e-01
9.999925e-01
9.999926e-01
9.999926e-01
9.999927e-01
9.999928e-01
9.999929e-01
9.999929e-01
9.999930e-01
9.999931e-01
9.999932e-01
9.999932e-01
9.999933e-01
9.999934e-01
9.999934e-01
9.999935e-01
9.999936e-01
9.999937e-01
9.999937e-01
9.999938e-01
9.999939e-01
9.999940e-01
9.999940e-01
9.999941e-01
9.999942e-01
9.999943e-01
9.999943e-01
9.999944e-01
9.999945e-01
9.999946e-01
9.999946e-01
9.999947e-01
9.999948e-01
9.999949e-01
9.999950e-01
9.999950e-01
9.999951e-01
9.999952e-01
9.999953e-01
9.999953e-01
9.999954e-01
9.999955e-01
9.999956e-01
9.999957e-01
9.999957e-01
9.999958e-01
9.999959e-01
9.999960e-01
9.999961e-01
9.999961e-01
9.999962e-01
9.999963e-01
9.999964e-01
9.999965e-01
9.999965e-01
9.999966e-01
9.999967e-01
9.999968e-01
9.999968e-01
9.999969e-01
9.999970e-01
9.999970e-01
9.999971e-01
9.999971e-01
9.999970e-01
9.999969e-01
9.999967e-01
9.999962e-01
9.999955e-01
9.999941e-01
9.999918e-01
9.999880e-01
9.999817e-01
9.999712e-01
9.999538e-01
9.999252e-01
9.998779e-01
9.997999e-01
9.996712e-01
9.994591e-01
9.991095e-01
9.985336e-01
9.975856e-01
9.960264e-01
9.934663e-01
9.892740e-01
9.824387e-01
9.713730e-01
9.536632e-01
9.258335e-01
8.833339e-01
8.211841e-01
7.358274e-01
6.281747e-01
5.060987e-01
3.832910e-01
2.737656e-01
1.860932e-01
1.217893e-01
7.758739e-02
4.854152e-02
3.001577e-02
1.842369e-02
1.125683e-02
6.858747e-03
4.172128e-03
2.535584e-03
1.540415e-03
9.359162e-04
5.689831e-04
3.463663e-04
2.113653e-04
1.295365e-04
7.996986e-05
4.997511e-05
3.185299e-05
2.093237e-05
1.437995e-05
1.047690e-05
8.180796e-06
6.859221e-06
6.128712e-06
5.756552e-06
5.601706e-06
5.578518e-06
5.635131e-06
5.739996e-06
5.874062e-06
6.025688e-06
6.187885e-06
6.356343e-06
6.528507e-06
6.702766e-06
6.878193e-06
7.054172e-06
7.230375e-06
7.406553e-06
7.582595e-06
7.758390e-06
7.933906e-06
8.109085e-06
8.283919e-06
8.458373e-06
8.632449e-06
8.806118e-06
8.979385e-06
9.152226e-06
9.324647e-06
9.496623e-06
9.668162e-06
9.839240e-06
1.000986e-05
1.018001e-05
1.034969e-05
1.051887e-05
1.068757e-05
1.085576e-05
1.102344e-05
1.119060e-05
1.135724e-05
1.152335e-05
1.168891e-05
1.185392e-05
1.201838e-05
1.218227e-05
1.234560e-05
1.250833e-05
1.267049e-05
1.283204e-05
1.299300e-05
1.315334e-05
1.331307e-05
1.347217e-05
1.363063e-05
1.378846e-05
1.394563e-05
1.410215e-05
1.425801e-05
1.441320e-05
1.456771e-05
1.472153e-05
1.487466e-05
1.502709e-05
1.517882e-05
1.532983e-05
1.548012e-05
1.562968e-05
1.577851e-05
1.592659e-05
1.607392e-05
1.622050e-05
1.636632e-05
1.651136e-05
1.665563e-05
1.679911e-05
1.694181e-05
1.708370e-05
1.722479e-05
1.736507e-05
1.750454e-05
1.764318e-05
1.778098e-05
1.791796e-05
1.805409e-05
1.818936e-05
1.832379e-05
1.845734e-05
1.859004e-05
1.872185e-05
1.885278e-05
1.898283e-05
1.911198e-05
1.924023e-05
1.936758e-05
1.949401e-05
1.961953e-05
1.974412e-05
1.986778e-05
1.999051e-05
2.011230e-05
2.023313e-05
2.035302e-05
2.047194e-05
2.058991e-05
2.070690e-05
2.082291e-05
2.093795e-05
2.105200e-05
2.116506e-05
2.127712e-05
2.138818e-05
2.149823e-05
2.160727e-05
2.171529e-05
2.182228e-05
2.192825e-05
2.203319e-05
2.213709e-05
2.223994e-05
2.234175e-05
2.244250e-05
2.254220e-05
2.264084e-05
2.273840e-05
2.283490e-05
2.293032e-05
2.302466e-05
2.311792e-05
2.321008e-05
2.330116e-05
2.339113e-05
2.348000e-05
2.356777e-05
2.365442e-05
2.373996e-05
2.382439e-05
2.390768e-05
2.398986e-05
2.407090e-05
2.415080e-05
2.422957e-05
2.430720e-05
2.438368e-05
2.445901e-05
2.453319e-05
2.460622e-05
2.467808e-05
2.474878e-05
2.481831e-05
2.488668e-05
2.495387e-05
2.501988e-05
2.508472e-05
2.514837e-05
2.521084e-05
2.527212e-05
2.533221e-05
2.539110e-05
2.544880e-05
2.550530e-05
2.556059e-05
2.561468e-05
2.566757e-05
2.571924e-05
2.576970e-05
2.581895e-05
2.586698e-05
2.591379e-05
2.595937e-05
2.600374e-05
2.604688e-05
2.608879e-05
2.612947e-05
2.616892e-05
2.620713e-05
2.624411e-05
2.627986e-05
2.631436e-05
2.634762e-05
2.637965e-05
2.641042e-05
2.643996e-05
2.646824e-05
2.649528e-05
2.652107e-05
2.654561e-05
2.656890e-05
2.659093e-05
2.661172e-05
2.663124e-05
2.664952e-05
2.666653e-05
2.668229e-05
2.669679e-05
2.671003e-05
2.672201e-05
2.673274e-05
2.674220e-05
2.675040e-05
2.675734e-05
2.676302e-05
2.676744e-05
2.677059e-05
2.677249e-05
