1.836435e-05
1.836392e-05
1.836262e-05
1.836046e-05
1.835743e-05
1.835354e-05
1.834879e-05
1.834317e-05
1.833668e-05
1.832934e-05
1.832113e-05
1.831205e-05
1.830212e-05
1.829132e-05
1.827966e-05
1.826714e-05
1.825376e-05
1.823952e-05
1.822442e-05
1.820847e-05
1.819165e-05
1.817398e-05
1.815546e-05
1.813607e-05
1.811584e-05
1.809475e-05
1.807281e-05
1.805002e-05
1.802637e-05
1.800188e-05
1.797655e-05
1.795036e-05
1.792333e-05
1.789546e-05
1.786674e-05
1.783718e-05
1.780678e-05
1.777554e-05
1.774347e-05
1.771056e-05
1.767682e-05
1.764224e-05
1.760683e-05
1.757060e-05
1.753354e-05
1.749565e-05
1.745694e-05
1.741740e-05
1.737705e-05
1.733587e-05
1.729388e-05
1.725108e-05
1.720747e-05
1.716304e-05
1.711781e-05
1.707177e-05
1.702492e-05
1.697728e-05
1.692883e-05
1.687959e-05
1.682956e-05
1.677873e-05
1.672711e-05
1.667471e-05
1.662151e-05
1.656754e-05
1.651279e-05
1.645726e-05
1.640095e-05
1.634387e-05
1.628603e-05
1.622741e-05
1.616804e-05
1.610790e-05
1.604700e-05
1.598535e-05
1.592294e-05
1.585979e-05
1.579589e-05
1.573125e-05
1.566586e-05
1.559974e-05
1.553288e-05
1.546530e-05
1.539698e-05
1.532794e-05
1.525818e-05
1.518770e-05
1.511651e-05
1.504460e-05
1.497199e-05
1.489867e-05
1.482465e-05
1.474994e-05
1.467452e-05
1.459842e-05
1.452164e-05
1.444416e-05
1.436601e-05
1.428719e-05
1.420769e-05
1.412752e-05
1.404669e-05
1.396519e-05
1.388304e-05
1.380024e-05
1.371679e-05
1.363269e-05
1.354795e-05
1.346257e-05
1.337656e-05
1.328992e-05
1.320266e-05
1.311477e-05
1.302627e-05
1.293716e-05
1.284743e-05
1.275711e-05
1.266618e-05
1.257466e-05
1.248254e-05
1.238984e-05
1.229656e-05
1.220269e-05
1.210826e-05
1.201325e-05
1.191768e-05
1.182155e-05
1.172487e-05
1.162763e-05
1.152984e-05
1.143152e-05
1.133266e-05
1.123326e-05
1.113334e-05
1.103289e-05
1.093192e-05
1.083044e-05
1.072845e-05
1.062596e-05
1.052297e-05
1.041948e-05
1.031551e-05
1.021105e-05
1.010611e-05
1.000069e-05
9.894807e-06
9.788458e-06
9.681648e-06
9.574385e-06
9.466670e-06
9.358513e-06
9.249914e-06
9.140883e-06
9.031421e-06
8.921537e-06
8.811231e-06
8.700515e-06
8.589388e-06
8.477860e-06
8.365931e-06
8.253614e-06
8.140905e-06
8.027818e-06
7.914350e-06
7.800516e-06
7.686311e-06
7.571750e-06
7.456830e-06
7.341564e-06
7.225949e-06
7.110001e-06
6.993714e-06
6.877105e-06
6.760168e-06
6.642921e-06
6.525356e-06
6.407493e-06
6.289323e-06
6.170868e-06
6.052118e-06
5.933096e-06
5.813794e-06
5.694239e-06
5.574425e-06
5.454386e-06
5.334126e-06
5.213700e-06
5.093140e-06
4.972552e-06
4.852046e-06
4.731867e-06
4.612341e-06
4.494082e-06
4.378013e-06
4.265745e-06
4.159829e-06
4.064575e-06
3.986972e-06
3.938659e-06
3.938693e-06
4.018628e-06
4.230332e-06
4.659487e-06
5.447165e-06
6.826152e-06
9.180018e-06
1.314139e-05
1.975298e-05
3.073415e-05
4.891909e-05
7.898036e-05
1.286196e-04
2.105310e-04
3.456312e-04
5.683746e-04
9.354795e-04
1.540224e-03
2.535761e-03
4.172874e-03
6.860389e-03
1.125989e-02
1.842902e-02
3.002464e-02
4.855587e-02
7.760988e-02
1.218231e-01
1.861413e-01
2.738288e-01
3.833663e-01
5.061784e-01
6.282493e-01
7.358895e-01
8.212312e-01
8.833670e-01
9.258557e-01
9.536776e-01
9.713821e-01
9.824444e-01
9.892776e-01
9.934686e-01
9.960280e-01
9.975867e-01
9.985344e-01
9.991101e-01
9.994596e-01
9.996717e-01
9.998003e-01
9.998783e-01
9.999256e-01
9.999543e-01
9.999717e-01
9.999822e-01
9.999885e-01
9.999923e-01
9.999946e-01
9.999960e-01
9.999968e-01
9.999973e-01
9.999975e-01
9.999976e-01
9.999977e-01
9.999977e-01
9.999977e-01
9.999977e-01
9.999976e-01
9.999975e-01
9.999975e-01
9.999974e-01
9.999974e-01
9.999973e-01
9.999972e-01
9.999972e-01
9.999971e-01
9.999971e-01
9.999970e-01
9.999969e-01
9.999969e-01
9.999968e-01
9.999968e-01
9.999967e-01
9.999966e-01
9.999966e-01
9.999965e-01
9.999964e-01
9.999964e-01
9.999963e-01
9.999963e-01
9.999962e-01
9.999961e-01
9.999961e-01
9.999960e-01
9.999960e-01
9.999959e-01
9.999958e-01
9.999958e-01
9.999957e-01
9.999957e-01
9.999956e-01
9.999955e-01
9.999955e-01
9.999954e-01
9.999954e-01
9.999953e-01
9.999952e-01
9.999952e-01
9.999951e-01
9.999951e-01
9.999950e-01
9.999949e-01
9.999949e-01
9.999948e-01
9.999948e-01
9.999947e-01
9.999947e-01
9.999946e-01
9.999945e-01
9.999945e-01
9.999944e-01
9.999944e-01
9.999943e-01
9.999943e-01
9.999942e-01
9.999941e-01
9.999941e-01
9.999940e-01
9.999940e-01
9.999939e-01
9.999939e-01
9.999938e-01
9.999938e-01
9.999937e-01
9.999937e-01
9.999936e-01
9.999935e-01
9.999935e-01
9.999934e-01
9.999934e-01
9.999933e-01
9.999933e-01
9.999932e-01
9.999932e-01
9.999931e-01
9.999931e-01
9.999930e-01
9.999930e-01
9.999929e-01
9.999929e-01
9.999928e-01
9.999928e-01
9.999927e-01
9.999927e-01
9.999926e-01
9.999926e-01
9.999925e-01
9.999925e-01
9.999924e-01
9.999924e-01
9.999923e-01
9.999923e-01
9.999922e-01
9.999922e-01
9.999921e-01
9.999921e-01
9.999920e-01
9.999920e-01
9.999919e-01
9.999919e-01
9.999918e-01
9.999918e-01
9.999918e-01
9.999917e-01
9.999917e-01
9.999916e-01
9.999916e-01
9.999915e-01
9.999915e-01
9.999914e-01
9.999914e-01
9.999914e-01
9.999913e-01
9.999913e-01
9.999912e-01
9.999912e-01
9.999911e-01
9.999911e-01
9.999911e-01
9.999910e-01
9.999910e-01
9.999909e-01
9.999909e-01
9.999909e-01
9.999908e-01
9.999908e-01
9.999907e-01
9.999907e-01
9.999907e-01
9.999906e-01
9.999906e-01
9.999905e-01
9.999905e-01
9.999905e-01
9.999904e-01
9.999904e-01
9.999904e-01
9.999903e-01
9.999903e-01
9.999903e-01
9.999902e-01
9.999902e-01
9.999902e-01
9.999901e-01
9.999901e-01
9.999900e-01
9.999900e-01
9.999900e-01
9.999899e-01
9.999899e-01
9.999899e-01
9.999899e-01
9.999898e-01
9.999898e-01
9.999898e-01
9.999897e-01
9.999897e-01
9.999897e-01
9.999896e-01
9.999896e-01
9.999896e-01
9.999896e-01
9.999895e-01
9.999895e-01
9.999895e-01
9.999894e-01
9.999894e-01
9.999894e-01
9.999894e-01
9.999893e-01
9.999893e-01
9.999893e-01
9.999893e-01
9.999892e-01
9.999892e-01
9.999892e-01
9.999892e-01
9.999891e-01
9.999891e-01
9.999891e-01
9.999891e-01
9.999890e-01
9.999890e-01
9.999890e-01
9.999890e-01
9.999890e-01
9.999889e-01
9.999889e-01
9.999889e-01
9.999889e-01
9.999889e-01
9.999888e-01
9.999888e-01
9.999888e-01
9.999888e-01
9.999888e-01
9.999888e-01
9.999887e-01
9.999887e-01
9.999887e-01
9.999887e-01
9.999887e-01
9.999887e-01
9.999886e-01
9.999886e-01
9.999886e-01
9.999886e-01
9.999886e-01
9.999886e-01
9.999886e-01
9.999886e-01
9.999885e-01
9.999885e-01
9.999885e-01
9.999885e-01
9.999885e-01
9.999885e-01
9.999885e-01
9.999885e-01
9.999885e-01
9.999885e-01
9.999884e-01
9.999884e-01
9.999884e-01
9.999884e-01
9.999884e-01
9.999884e-01
9.999884e-01
9.999884e-01
9.999884e-01
9.999884e-01
9.999884e-01
9.999884e-01
9.999884e-01
9.999884e-01
9.999884e-01
9.999884e-01
9.999884e-01
9.999884e-01
9.999884e-01
9.999884e-01
9.999884e-01
9.999884e-01
9.999884e-01
9.999884e-01
9.999884e-01
9.999884e-01
9.999884e-01
9.999884e-01
9.999884e-01
9.999884e-01
9.999884e-01
9.999884e-01
9.999884e-01
9.999884e-01
9.999884e-01
9.999884e-01
9.999884e-01
9.999884e-01
9.999884e-01
9.999884e-01
9.999884e-01
9.999884e-01
9.999884e-01
9.999884e-01
9.999884e-01
9.999884e-01
9.999884e-01
9.999885e-01
9.999885e-01
9.999885e-01
9.999885e-01
9.999885e-01
9.999885e-01
9.999885e-01
9.999885e-01
9.999885e-01
9.999885e-01
9.999886e-01
9.999886e-01
9.999886e-01
9.999886e-01
9.999886e-01
9.999886e-01
9.999886e-01
9.999886e-01
9.999887e-01
9.999887e-01
9.999887e-01
9.999887e-01
9.999887e-01
9.999887e-01
9.999888e-01
9.999888e-01
9.999888e-01
9.999888e-01
9.999888e-01
9.999888e-01
9.999889e-01
9.999889e-01
9.999889e-01
9.999889e-01
9.999889e-01
9.999890e-01
9.999890e-01
9.999890e-01
9.999890e-01
9.999890e-01
9.999891e-01
9.999891e-01
9.999891e-01
9.999891e-01
9.999892e-01
9.999892e-01
9.999892e-01
9.999892e-01
9.999893e-01
9.999893e-01
9.999893e-01
9.999893e-01
9.999894e-01
9.999894e-01
9.999894e-01
9.999894e-01
9.999895e-01
9.999895e-01
9.999895e-01
9.999896e-01
9.999896e-01
9.999896e-01
9.999896e-01
9.999897e-01
9.999897e-01
9.999897e-01
9.999898e-01
9.999898e-01
9.999898e-01
9.999899e-01
9.999899e-01
9.999899e-01
9.999899e-01
9.999900e-01
9.999900e-01
9.999900e-01
9.999901e-01
9.999901e-01
9.999902e-01
9.999902e-01
9.999902e-01
9.999903e-01
9.999903e-01
9.999903e-01
9.999904e-01
9.999904e-01
9.999904e-01
9.999905e-01
9.999905e-01
9.999905e-01
9.999906e-01
9.999906e-01
9.999907e-01
9.999907e-01
9.999907e-01
9.999908e-01
9.999908e-01
9.999909e-01
9.999909e-01
9.999909e-01
9.999910e-01
9.999910e-01
9.999911e-01
9.999911e-01
9.999911e-01
9.999912e-01
9.999912e-01
9.999913e-01
9.999913e-01
9.999914e-01
9.999914e-01
9.999914e-01
9.999915e-01
9.999915e-01
9.999916e-01
9.999916e-01
9.999917e-01
9.999917e-01
9.999918e-01
9.999918e-01
9.999918e-01
9.999919e-01
9.999919e-01
9.999920e-01
9.999920e-01
9.999921e-01
9.999921e-01
9.999922e-01
9.999922e-01
9.999923e-01
9.999923e-01
9.999924e-01
9.999924e-01
9.999925e-01
9.999925e-01
9.999926e-01
9.999926e-01
9.999927e-01
9.999927e-01
9.999928e-01
9.999928e-01
9.999929e-01
9.999929e-01
9.999930e-01
9.999930e-01
9.999931e-01
9.999931e-01
9.999932e-01
9.999932e-01
9.999933e-01
9.999933e-01
9.999934e-01
9.999934e-01
9.999935e-01
9.999935e-01
9.999936e-01
9.999937e-01
9.999937e-01
9.999938e-01
9.999938e-01
9.999939e-01
9.999939e-01
9.999940e-01
9.999940e-01
9.999941e-01
9.999941e-01
9.999942e-01
9.999943e-01
9.999943e-01
9.999944e-01
9.999944e-01
9.999945e-01
9.999945e-01
9.999946e-01
9.999947e-01
9.999947e-01
9.999948e-01
9.999948e-01
9.999949e-01
9.999949e-01
9.999950e-01
9.999951e-01
9.999951e-01
9.999952e-01
9.999952e-01
9.999953e-01
9.999954e-01
9.999954e-01
9.999955e-01
9.999955e-01
9.999956e-01
9.999957e-01
9.999957e-01
9.999958e-01
9.999958e-01
9.999959e-01
9.999960e-01
9.999960e-01
9.999961e-01
9.999961e-01
9.999962e-01
9.999963e-01
9.999963e-01
9.999964e-01
9.999964e-01
9.999965e-01
9.999966e-01
9.999966e-01
9.999967e-01
9.999968e-01
9.999968e-01
9.999969e-01
9.999969e-01
9.999970e-01
9.999971e-01
9.999971e-01
9.999972e-01
9.999972e-01
9.999973e-01
9.999974e-01
9.999974e-01
9.999975e-01
9.999975e-01
9.999976e-01
9.999977e-01
9.999977e-01
9.999977e-01
9.999977e-01
9.999976e-01
9.999975e-01
9.999973e-01
9.999968e-01
9.999960e-01
9.999946e-01
9.999923e-01
9.999885e-01
9.999822e-01
9.999717e-01
9.999543e-01
9.999256e-01
9.998783e-01
9.998003e-01
9.996717e-01
9.994596e-01
9.991101e-01
9.985344e-01
9.975867e-01
9.960280e-01
9.934686e-01
9.892776e-01
9.824444e-01
9.713821e-01
9.536776e-01
9.258557e-01
8.833670e-01
8.212312e-01
7.358895e-01
6.282493e-01
5.061784e-01
3.833663e-01
2.738288e-01
1.861413e-01
1.218231e-01
7.760988e-02
4.855587e-02
3.002464e-02
1.842902e-02
1.125989e-02
6.860389e-03
4.172874e-03
2.535761e-03
1.540224e-03
9.354795e-04
5.683746e-04
3.456312e-04
2.105310e-04
1.286196e-04
7.898036e-05
4.891909e-05
3.073415e-05
1.975298e-05
1.314139e-05
9.180018e-06
6.826152e-06
5.447165e-06
4.659487e-06
4.230333e-06
4.018628e-06
3.938693e-06
3.938659e-06
3.986972e-06
4.064575e-06
4.159829e-06
4.265745e-06
4.378013e-06
4.494082e-06
4.612341e-06
4.731867e-06
4.852046e-06
4.972552e-06
5.093140e-06
5.213700e-06
5.334126e-06
5.454386e-06
5.574425e-06
5.694239e-06
5.813794e-06
5.933096e-06
6.052118e-06
6.170868e-06
6.289323e-06
6.407493e-06
6.525356e-06
6.642921e-06
6.760169e-06
6.877105e-06
6.993714e-06
7.110001e-06
7.225950e-06
7.341564e-06
7.456830e-06
7.571750e-06
7.686311e-06
7.800516e-06
7.914351e-06
8.027818e-06
8.140905e-06
8.253614e-06
8.365932e-06
8.477860e-06
8.589388e-06
8.700515e-06
8.811232e-06
8.921537e-06
9.031421e-06
9.140883e-06
9.249914e-06
9.358513e-06
9.466670e-06
9.574385e-06
9.681648e-06
9.788458e-06
9.894807e-06
1.000069e-05
1.010611e-05
1.021105e-05
1.031551e-05
1.041948e-05
1.052297e-05
1.062596e-05
1.072845e-05
1.083044e-05
1.093192e-05
1.103289e-05
1.113334e-05
1.123326e-05
1.133266e-05
1.143152e-05
1.152984e-05
1.162763e-05
1.172487e-05
1.182155e-05
1.191768e-05
1.201325e-05
1.210826e-05
1.220269e-05
1.229656e-05
1.238984e-05
1.248254e-05
1.257466e-05
1.266618e-05
1.275711e-05
1.284743e-05
1.293716e-05
1.302627e-05
1.311477e-05
1.320266e-05
1.328992e-05
1.337656e-05
1.346257e-05
1.354795e-05
1.363269e-05
1.371679e-05
1.380024e-05
1.388304e-05
1.396519e-05
1.404669e-05
1.412752e-05
1.420769e-05
1.428719e-05
1.436601e-05
1.444416e-05
1.452164e-05
1.459842e-05
1.467452e-05
1.474994e-05
1.482465e-05
1.489867e-05
1.497199e-05
1.504460e-05
1.511651e-05
1.518770e-05
1.525818e-05
1.532794e-05
1.539698e-05
1.546530e-05
1.553288e-05
1.559974e-05
1.566586e-05
1.573125e-05
1.579589e-05
1.585979e-05
1.592294e-05
1.598535e-05
1.604700e-05
1.610790e-05
1.616804e-05
1.622741e-05
1.628603e-05
1.634387e-05
1.640095e-05
1.645726e-05
1.651279e-05
1.656754e-05
1.662151e-05
1.667471e-05
1.672711e-05
1.677873e-05
1.682956e-05
1.687959e-05
1.692883e-05
1.697728e-05
1.702492e-05
1.707177e-05
1.711781e-05
1.716304e-05
1.720747e-05
1.725108e-05
1.729388e-05
1.733587e-05
1.737705e-05
1.741740e-05
1.745694e-05
1.749565e-05
1.753354e-05
1.757060e-05
1.760683e-05
1.764224e-05
1.767682e-05
1.771056e-05
1.774347e-05
1.777554e-05
1.780678e-05
1.783718e-05
1.786674e-05
1.789546e-05
1.792333e-05
1.795036e-05
1.797655e-05
1.800188e-05
1.802637e-05
1.805002e-05
1.807281e-05
1.809475e-05
1.811584e-05
1.813607e-05
1.815546e-05
1.817398e-05
1.819165e-05
1.820847e-05
1.822442e-05
1.823952e-05
1.825376e-05
1.826714e-05
1.827966e-05
1.829132e-05
1.830212e-05
1.831205e-05
1.832113e-05
1.832934e-05
1.833668e-05
1.834317e-05
1.834879e-05
1.835354e-05
1.835743e-05
1.836046e-05
1.836262e-05
1.836392e-05
