1.521176e-05
1.521140e-05
1.521033e-05
1.520854e-05
1.520603e-05
1.520281e-05
1.519887e-05
1.519422e-05
1.518886e-05
1.518277e-05
1.517598e-05
1.516847e-05
1.516024e-05
1.515130e-05
1.514165e-05
1.513129e-05
1.512021e-05
1.510842e-05
1.509592e-05
1.508271e-05
1.506879e-05
1.505416e-05
1.503883e-05
1.502278e-05
1.500603e-05
1.498857e-05
1.497041e-05
1.495154e-05
1.493197e-05
1.491169e-05
1.489071e-05
1.486904e-05
1.484666e-05
1.482358e-05
1.479981e-05
1.477534e-05
1.475017e-05
1.472432e-05
1.469776e-05
1.467052e-05
1.464258e-05
1.461396e-05
1.458465e-05
1.455465e-05
1.452397e-05
1.449260e-05
1.446055e-05
1.442783e-05
1.439442e-05
1.436033e-05
1.432557e-05
1.429014e-05
1.425403e-05
1.421725e-05
1.417980e-05
1.414169e-05
1.410291e-05
1.406347e-05
1.402336e-05
1.398260e-05
1.394117e-05
1.389910e-05
1.385636e-05
1.381298e-05
1.376894e-05
1.372426e-05
1.367893e-05
1.363296e-05
1.358635e-05
1.353910e-05
1.349121e-05
1.344268e-05
1.339353e-05
1.334374e-05
1.329333e-05
1.324229e-05
1.319062e-05
1.313834e-05
1.308544e-05
1.303192e-05
1.297779e-05
1.292305e-05
1.286771e-05
1.281175e-05
1.275520e-05
1.269804e-05
1.264029e-05
1.258194e-05
1.252300e-05
1.246347e-05
1.240336e-05
1.234266e-05
1.228138e-05
1.221952e-05
1.215709e-05
1.209409e-05
1.203052e-05
1.196638e-05
1.190168e-05
1.183642e-05
1.177061e-05
1.170424e-05
1.163732e-05
1.156985e-05
1.150184e-05
1.143329e-05
1.136420e-05
1.129458e-05
1.122442e-05
1.115374e-05
1.108254e-05
1.101081e-05
1.093856e-05
1.086580e-05
1.079253e-05
1.071876e-05
1.064448e-05
1.056970e-05
1.049442e-05
1.041865e-05
1.034238e-05
1.026564e-05
1.018841e-05
1.011070e-05
1.003252e-05
9.953864e-06
9.874741e-06
9.795155e-06
9.715108e-06
9.634606e-06
9.553650e-06
9.472247e-06
9.390397e-06
9.308107e-06
9.225379e-06
9.142219e-06
9.058628e-06
8.974613e-06
8.890175e-06
8.805322e-06
8.720053e-06
8.634376e-06
8.548292e-06
8.461809e-06
8.374927e-06
8.287653e-06
8.199988e-06
8.111941e-06
8.023510e-06
7.934706e-06
7.845526e-06
7.755981e-06
7.666069e-06
7.575801e-06
7.485174e-06
7.394198e-06
7.302873e-06
7.211209e-06
7.119203e-06
7.026866e-06
6.934197e-06
6.841206e-06
6.747890e-06
6.654262e-06
6.560318e-06
6.466071e-06
6.371516e-06
6.276667e-06
6.181519e-06
6.086087e-06
5.990364e-06
5.894366e-06
5.798087e-06
5.701542e-06
5.604724e-06
5.507649e-06
5.410311e-06
5.312727e-06
5.214888e-06
5.116814e-06
5.018495e-06
4.919952e-06
4.821178e-06
4.722196e-06
4.623001e-06
4.523626e-06
4.424074e-06
4.324399e-06
4.224631e-06
4.124876e-06
4.025243e-06
3.925975e-06
3.827399e-06
3.730126e-06
3.635081e-06
3.543870e-06
3.459047e-06
3.384919e-06
3.328476e-06
3.301356e-06
3.322618e-06
3.423817e-06
3.656827e-06
4.107334e-06
4.916427e-06
6.316912e-06
8.692398e-06
1.267557e-05
1.930926e-05
3.031300e-05
4.852126e-05
7.860709e-05
1.282730e-04
2.102144e-04
3.453501e-04
5.681383e-04
9.353032e-04
1.540133e-03
2.535796e-03
4.173103e-03
6.860921e-03
1.126090e-02
1.843079e-02
3.002762e-02
4.856070e-02
7.761745e-02
1.218345e-01
1.861575e-01
2.738501e-01
3.833917e-01
5.062053e-01
6.282745e-01
7.359105e-01
8.212470e-01
8.833782e-01
9.258632e-01
9.536824e-01
9.713852e-01
9.824464e-01
9.892789e-01
9.934695e-01
9.960285e-01
9.975870e-01
9.985347e-01
9.991104e-01
9.994598e-01
9.996719e-01
9.998005e-01
9.998785e-01
9.999258e-01
9.999545e-01
9.999718e-01
9.999824e-01
9.999887e-01
9.999925e-01
9.999948e-01
9.999962e-01
9.999970e-01
9.999975e-01
9.999978e-01
9.999979e-01
9.999980e-01
9.999980e-01
9.999980e-01
9.999979e-01
9.999979e-01
9.999978e-01
9.999978e-01
9.999977e-01
9.999977e-01
9.999976e-01
9.999976e-01
9.999975e-01
9.999975e-01
9.999974e-01
9.999974e-01
9.999973e-01
9.999972e-01
9.999972e-01
9.999971e-01
9.999971e-01
9.999970e-01
9.999970e-01
9.999969e-01
9.999969e-01
9.999968e-01
9.999968e-01
9.999967e-01
9.999966e-01
9.999966e-01
9.999965e-01
9.999965e-01
9.999964e-01
9.999964e-01
9.999963e-01
9.999963e-01
9.999962e-01
9.999962e-01
9.999961e-01
9.999961e-01
9.999960e-01
9.999960e-01
9.999959e-01
9.999958e-01
9.999958e-01
9.999957e-01
9.999957e-01
9.999956e-01
9.999956e-01
9.999955e-01
9.999955e-01
9.999954e-01
9.999954e-01
9.999953e-01
9.999953e-01
9.999952e-01
9.999952e-01
9.999951e-01
9.999951e-01
9.999950e-01
9.999950e-01
9.999949e-01
9.999949e-01
9.999948e-01
9.999948e-01
9.999947e-01
9.999947e-01
9.999946e-01
9.999946e-01
9.999945e-01
9.999945e-01
9.999944e-01
9.999944e-01
9.999943e-01
9.999943e-01
9.999942e-01
9.999942e-01
9.999942e-01
9.999941e-01
9.999941e-01
9.999940e-01
9.999940e-01
9.999939e-01
9.999939e-01
9.999938e-01
9.999938e-01
9.999937e-01
9.999937e-01
9.999936e-01
9.999936e-01
9.999936e-01
9.999935e-01
9.999935e-01
9.999934e-01
9.999934e-01
9.999933e-01
9.999933e-01
9.999933e-01
9.999932e-01
9.999932e-01
9.999931e-01
9.999931e-01
9.999930e-01
9.999930e-01
9.999930e-01
9.999929e-01
9.999929e-01
9.999928e-01
9.999928e-01
9.999927e-01
9.999927e-01
9.999927e-01
9.999926e-01
9.999926e-01
9.999925e-01
9.999925e-01
9.999925e-01
9.999924e-01
9.999924e-01
9.999924e-01
9.999923e-01
9.999923e-01
9.999922e-01
9.999922e-01
9.999922e-01
9.999921e-01
9.999921e-01
9.999921e-01
9.999920e-01
9.999920e-01
9.999919e-01
9.999919e-01
9.999919e-01
9.999918e-01
9.999918e-01
9.999918e-01
9.999917e-01
9.999917e-01
9.999917e-01
9.999916e-01
9.999916e-01
9.999916e-01
9.999915e-01
9.999915e-01
9.999915e-01
9.999914e-01
9.999914e-01
9.999914e-01
9.999913e-01
9.999913e-01
9.999913e-01
9.999913e-01
9.999912e-01
9.999912e-01
9.999912e-01
9.999911e-01
9.999911e-01
9.999911e-01
9.999911e-01
9.999910e-01
9.999910e-01
9.999910e-01
9.999909e-01
9.999909e-01
9.999909e-01
9.999909e-01
9.999908e-01
9.999908e-01
9.999908e-01
9.999908e-01
9.999907e-01
9.999907e-01
9.999907e-01
9.999907e-01
9.999906e-01
9.999906e-01
9.999906e-01
9.999906e-01
9.999905e-01
9.999905e-01
9.999905e-01
9.999905e-01
9.999905e-01
9.999904e-01
9.999904e-01
9.999904e-01
9.999904e-01
9.999903e-01
9.999903e-01
9.999903e-01
9.999903e-01
9.999903e-01
9.999903e-01
9.999902e-01
9.999902e-01
9.999902e-01
9.999902e-01
9.999902e-01
9.999901e-01
9.999901e-01
9.999901e-01
9.999901e-01
9.999901e-01
9.999901e-01
9.999901e-01
9.999900e-01
9.999900e-01
9.999900e-01
9.999900e-01
9.999900e-01
9.999900e-01
9.999900e-01
9.999899e-01
9.999899e-01
9.999899e-01
9.999899e-01
9.999899e-01
9.999899e-01
9.999899e-01
9.999899e-01
9.999899e-01
9.999898e-01
9.999898e-01
9.999898e-01
9.999898e-01
9.999898e-01
9.999898e-01
9.999898e-01
9.999898e-01
9.999898e-01
9.999898e-01
9.999898e-01
9.999898e-01
9.999897e-01
9.999897e-01
9.999897e-01
9.999897e-01
9.999897e-01
9.999897e-01
9.999897e-01
9.999897e-01
9.999897e-01
9.999897e-01
9.999897e-01
9.999897e-01
9.999897e-01
9.999897e-01
9.999897e-01
9.999897e-01
9.999897e-01
9.999897e-01
9.999897e-01
9.999897e-01
9.999897e-01
9.999897e-01
9.999897e-01
9.999897e-01
9.999897e-01
9.999897e-01
9.999897e-01
9.999897e-01
9.999897e-01
9.999897e-01
9.999897e-01
9.999897e-01
9.999897e-01
9.999897e-01
9.999897e-01
9.999897e-01
9.999897e-01
9.999897e-01
9.999897e-01
9.999898e-01
9.999898e-01
9.999898e-01
9.999898e-01
9.999898e-01
9.999898e-01
9.999898e-01
9.999898e-01
9.999898e-01
9.999898e-01
9.999898e-01
9.999898e-01
9.999899e-01
9.999899e-01
9.999899e-01
9.999899e-01
9.999899e-01
9.999899e-01
9.999899e-01
9.999899e-01
9.999899e-01
9.999900e-01
9.999900e-01
9.999900e-01
9.999900e-01
9.999900e-01
9.999900e-01
9.999900e-01
9.999901e-01
9.999901e-01
9.999901e-01
9.999901e-01
9.999901e-01
9.999901e-01
9.999901e-01
9.999902e-01
9.999902e-01
9.999902e-01
9.999902e-01
9.999902e-01
9.999903e-01
9.999903e-01
9.999903e-01
9.999903e-01
9.999903e-01
9.999903e-01
9.999904e-01
9.999904e-01
9.999904e-01
9.999904e-01
9.999905e-01
9.999905e-01
9.999905e-01
9.999905e-01
9.999905e-01
9.999906e-01
9.999906e-01
9.999906e-01
9.999906e-01
9.999907e-01
9.999907e-01
9.999907e-01
9.999907e-01
9.999908e-01
9.999908e-01
9.999908e-01
9.999908e-01
9.999909e-01
9.999909e-01
9.999909e-01
9.999909e-01
9.999910e-01
9.999910e-01
9.999910e-01
9.999911e-01
9.999911e-01
9.999911e-01
9.999911e-01
9.999912e-01
9.999912e-01
9.999912e-01
9.999913e-01
9.999913e-01
9.999913e-01
9.999913e-01
9.999914e-01
9.999914e-01
9.999914e-01
9.999915e-01
9.999915e-01
9.999915e-01
9.999916e-01
9.999916e-01
9.999916e-01
9.999917e-01
9.999917e-01
9.999917e-01
9.999918e-01
9.999918e-01
9.999918e-01
9.999919e-01
9.999919e-01
9.999919e-01
9.999920e-01
9.999920e-01
9.999921e-01
9.999921e-01
9.999921e-01
9.999922e-01
9.999922e-01
9.999922e-01
9.999923e-01
9.999923e-01
9.999924e-01
9.999924e-01
9.999924e-01
9.999925e-01
9.999925e-01
9.999925e-01
9.999926e-01
9.999926e-01
9.999927e-01
9.999927e-01
9.999927e-01
9.999928e-01
9.999928e-01
9.999929e-01
9.999929e-01
9.999930e-01
9.999930e-01
9.999930e-01
9.999931e-01
9.999931e-01
9.999932e-01
9.999932e-01
9.999933e-01
9.999933e-01
9.999933e-01
9.999934e-01
9.999934e-01
9.999935e-01
9.999935e-01
9.999936e-01
9.999936e-01
9.999936e-01
9.999937e-01
9.999937e-01
9.999938e-01
9.999938e-01
9.999939e-01
9.999939e-01
9.999940e-01
9.999940e-01
9.999941e-01
9.999941e-01
9.999942e-01
9.999942e-01
9.999942e-01
9.999943e-01
9.999943e-01
9.999944e-01
9.999944e-01
9.999945e-01
9.999945e-01
9.999946e-01
9.999946e-01
9.999947e-01
9.999947e-01
9.999948e-01
9.999948e-01
9.999949e-01
9.999949e-01
9.999950e-01
9.999950e-01
9.999951e-01
9.999951e-01
9.999952e-01
9.999952e-01
9.999953e-01
9.999953e-01
9.999954e-01
9.999954e-01
9.999955e-01
9.999955e-01
9.999956e-01
9.999956e-01
9.999957e-01
9.999957e-01
9.999958e-01
9.999958e-01
9.999959e-01
9.999960e-01
9.999960e-01
9.999961e-01
9.999961e-01
9.999962e-01
9.999962e-01
9.999963e-01
9.999963e-01
9.999964e-01
9.999964e-01
9.999965e-01
9.999965e-01
9.999966e-01
9.999966e-01
9.999967e-01
9.999968e-01
9.999968e-01
9.999969e-01
9.999969e-01
9.999970e-01
9.999970e-01
9.999971e-01
9.999971e-01
9.999972e-01
9.999972e-01
9.999973e-01
9.999974e-01
9.999974e-01
9.999975e-01
9.999975e-01
9.999976e-01
9.999976e-01
9.999977e-01
9.999977e-01
9.999978e-01
9.999978e-01
9.999979e-01
9.999979e-01
9.999980e-01
9.999980e-01
9.999980e-01
9.999979e-01
9.999978e-01
9.999975e-01
9.999970e-01
9.999962e-01
9.999948e-01
9.999925e-01
9.999887e-01
9.999824e-01
9.999718e-01
9.999545e-01
9.999258e-01
9.998785e-01
9.998005e-01
9.996719e-01
9.994598e-01
9.991104e-01
9.985347e-01
9.975870e-01
9.960285e-01
9.934695e-01
9.892789e-01
9.824464e-01
9.713852e-01
9.536824e-01
9.258632e-01
8.833782e-01
8.212470e-01
7.359105e-01
6.282745e-01
5.062053e-01
3.833917e-01
2.738501e-01
1.861575e-01
1.218345e-01
7.761745e-02
4.856070e-02
3.002762e-02
1.843079e-02
1.126090e-02
6.860921e-03
4.173103e-03
2.535796e-03
1.540133e-03
9.353032e-04
5.681383e-04
3.453501e-04
2.102144e-04
1.282730e-04
7.860709e-05
4.852126e-05
3.031300e-05
1.930926e-05
1.267557e-05
8.692398e-06
6.316912e-06
4.916427e-06
4.107334e-06
3.656827e-06
3.423817e-06
3.322618e-06
3.301356e-06
3.328476e-06
3.384919e-06
3.459047e-06
3.543870e-06
3.635081e-06
3.730126e-06
3.827399e-06
3.925975e-06
4.025243e-06
4.124876e-06
4.224631e-06
4.324399e-06
4.424074e-06
4.523626e-06
4.623001e-06
4.722196e-06
4.821178e-06
4.919952e-06
5.018495e-06
5.116814e-06
5.214888e-06
5.312727e-06
5.410311e-06
5.507649e-06
5.604724e-06
5.701542e-06
5.798087e-06
5.894366e-06
5.990364e-06
6.086087e-06
6.181519e-06
6.276667e-06
6.371516e-06
6.466071e-06
6.560318e-06
6.654262e-06
6.747890e-06
6.841206e-06
6.934197e-06
7.026866e-06
7.119203e-06
7.211209e-06
7.302874e-06
7.394199e-06
7.485174e-06
7.575801e-06
7.666069e-06
7.755981e-06
7.845526e-06
7.934706e-06
8.023510e-06
8.111941e-06
8.199988e-06
8.287653e-06
8.374927e-06
8.461809e-06
8.548292e-06
8.634376e-06
8.720053e-06
8.805322e-06
8.890175e-06
8.974613e-06
9.058628e-06
9.142219e-06
9.225379e-06
9.308107e-06
9.390397e-06
9.472247e-06
9.553650e-06
9.634606e-06
9.715108e-06
9.795155e-06
9.874741e-06
9.953864e-06
1.003252e-05
1.011070e-05
1.018841e-05
1.026564e-05
1.034239e-05
1.041865e-05
1.049442e-05
1.056970e-05
1.064448e-05
1.071876e-05
1.079253e-05
1.086580e-05
1.093856e-05
1.101081e-05
1.108254e-05
1.115374e-05
1.122442e-05
1.129458e-05
1.136420e-05
1.143329e-05
1.150184e-05
1.156985e-05
1.163732e-05
1.170424e-05
1.177061e-05
1.183642e-05
1.190168e-05
1.196638e-05
1.203052e-05
1.209409e-05
1.215709e-05
1.221952e-05
1.228138e-05
1.234266e-05
1.240336e-05
1.246347e-05
1.252300e-05
1.258194e-05
1.264029e-05
1.269804e-05
1.275520e-05
1.281175e-05
1.286771e-05
1.292305e-05
1.297779e-05
1.303192e-05
1.308544e-05
1.313834e-05
1.319062e-05
1.324229e-05
1.329333e-05
1.334374e-05
1.339353e-05
1.344268e-05
1.349121e-05
1.353910e-05
1.358635e-05
1.363296e-05
1.367893e-05
1.372426e-05
1.376894e-05
1.381298e-05
1.385636e-05
1.389910e-05
1.394117e-05
1.398260e-05
1.402336e-05
1.406347e-05
1.410291e-05
1.414169e-05
1.417980e-05
1.421725e-05
1.425403e-05
1.429014e-05
1.432557e-05
1.436033e-05
1.439442e-05
1.442783e-05
1.446055e-05
1.449260e-05
1.452397e-05
1.455465e-05
1.458465e-05
1.461396e-05
1.464258e-05
1.467052e-05
1.469776e-05
1.472432e-05
1.475017e-05
1.477534e-05
1.479981e-05
1.482358e-05
1.484666e-05
1.486904e-05
1.489071e-05
1.491169e-05
1.493197e-05
1.495154e-05
1.497041e-05
1.498857e-05
1.500603e-05
1.502278e-05
1.503883e-05
1.505416e-05
1.506879e-05
1.508271e-05
1.509592e-05
1.510842e-05
1.512021e-05
1.513129e-05
1.514165e-05
1.515130e-05
1.516024e-05
1.516847e-05
1.517598e-05
1.518277e-05
1.518886e-05
1.519422e-05
1.519887e-05
1.520281e-05
1.520603e-05
1.520854e-05
1.521033e-05
1.521140e-05
