1.260175e-05
1.260146e-05
1.260057e-05
1.259909e-05
1.259701e-05
1.259435e-05
1.259109e-05
1.258723e-05
1.258279e-05
1.257775e-05
1.257213e-05
1.256591e-05
1.255910e-05
1.255170e-05
1.254371e-05
1.253513e-05
1.252596e-05
1.251620e-05
1.250585e-05
1.249491e-05
1.248339e-05
1.247128e-05
1.245858e-05
1.244530e-05
1.243143e-05
1.241697e-05
1.240193e-05
1.238631e-05
1.237011e-05
1.235332e-05
1.233596e-05
1.231801e-05
1.229948e-05
1.228038e-05
1.226070e-05
1.224044e-05
1.221960e-05
1.219819e-05
1.217621e-05
1.215365e-05
1.213052e-05
1.210683e-05
1.208256e-05
1.205772e-05
1.203232e-05
1.200635e-05
1.197982e-05
1.195272e-05
1.192506e-05
1.189684e-05
1.186807e-05
1.183873e-05
1.180883e-05
1.177839e-05
1.174738e-05
1.171583e-05
1.168372e-05
1.165106e-05
1.161786e-05
1.158411e-05
1.154982e-05
1.151498e-05
1.147960e-05
1.144368e-05
1.140722e-05
1.137023e-05
1.133270e-05
1.129464e-05
1.125605e-05
1.121693e-05
1.117728e-05
1.113710e-05
1.109640e-05
1.105518e-05
1.101345e-05
1.097119e-05
1.092842e-05
1.088513e-05
1.084133e-05
1.079702e-05
1.075221e-05
1.070689e-05
1.066106e-05
1.061474e-05
1.056791e-05
1.052059e-05
1.047277e-05
1.042447e-05
1.037567e-05
1.032638e-05
1.027661e-05
1.022636e-05
1.017562e-05
1.012441e-05
1.007272e-05
1.002056e-05
9.967926e-06
9.914825e-06
9.861257e-06
9.807227e-06
9.752734e-06
9.697785e-06
9.642379e-06
9.586521e-06
9.530211e-06
9.473455e-06
9.416252e-06
9.358608e-06
9.300524e-06
9.242003e-06
9.183047e-06
9.123661e-06
9.063846e-06
9.003605e-06
8.942941e-06
8.881857e-06
8.820356e-06
8.758441e-06
8.696114e-06
8.633379e-06
8.570238e-06
8.506695e-06
8.442752e-06
8.378414e-06
8.313680e-06
8.248558e-06
8.183047e-06
8.117154e-06
8.050878e-06
7.984225e-06
7.917196e-06
7.849797e-06
7.782028e-06
7.713895e-06
7.645398e-06
7.576545e-06
7.507334e-06
7.437772e-06
7.367860e-06
7.297603e-06
7.227003e-06
7.156065e-06
7.084789e-06
7.013183e-06
6.941246e-06
6.868986e-06
6.796401e-06
6.723500e-06
6.650281e-06
6.576752e-06
6.502913e-06
6.428771e-06
6.354325e-06
6.279584e-06
6.204546e-06
6.129219e-06
6.053603e-06
5.977706e-06
5.901525e-06
5.825071e-06
5.748341e-06
5.671345e-06
5.594080e-06
5.516556e-06
5.438770e-06
5.360734e-06
5.282442e-06
5.203907e-06
5.125124e-06
5.046106e-06
4.966847e-06
4.887360e-06
4.807639e-06
4.727699e-06
4.647532e-06
4.567154e-06
4.486556e-06
4.405756e-06
4.324743e-06
4.243537e-06
4.162127e-06
4.080534e-06
3.998749e-06
3.916795e-06
3.834665e-06
3.752392e-06
3.669979e-06
3.587478e-06
3.504918e-06
3.422406e-06
3.340048e-06
3.258088e-06
3.176851e-06
3.096948e-06
3.019301e-06
2.945519e-06
2.878153e-06
2.821511e-06
2.782580e-06
2.773001e-06
2.811830e-06
2.930628e-06
3.181269e-06
3.649446e-06
4.476256e-06
5.894525e-06
8.287887e-06
1.228908e-05
1.894101e-05
2.996334e-05
4.819078e-05
7.829674e-05
1.279843e-04
2.099500e-04
3.451142e-04
5.679379e-04
9.351499e-04
1.540046e-03
2.535807e-03
4.173262e-03
6.861314e-03
1.126166e-02
1.843214e-02
3.002988e-02
4.856437e-02
7.762321e-02
1.218432e-01
1.861698e-01
2.738664e-01
3.834111e-01
5.062258e-01
6.282937e-01
7.359265e-01
8.212592e-01
8.833867e-01
9.258689e-01
9.536861e-01
9.713876e-01
9.824479e-01
9.892798e-01
9.934701e-01
9.960289e-01
9.975873e-01
9.985349e-01
9.991105e-01
9.994600e-01
9.996720e-01
9.998006e-01
9.998787e-01
9.999260e-01
9.999546e-01
9.999720e-01
9.999825e-01
9.999889e-01
9.999927e-01
9.999950e-01
9.999964e-01
9.999972e-01
9.999977e-01
9.999980e-01
9.999981e-01
9.999982e-01
9.999982e-01
9.999982e-01
9.999982e-01
9.999981e-01
9.999981e-01
9.999981e-01
9.999980e-01
9.999980e-01
9.999979e-01
9.999979e-01
9.999978e-01
9.999978e-01
9.999977e-01
9.999977e-01
9.999976e-01
9.999976e-01
9.999975e-01
9.999975e-01
9.999974e-01
9.999974e-01
9.999973e-01
9.999973e-01
9.999972e-01
9.999972e-01
9.999971e-01
9.999971e-01
9.999970e-01
9.999970e-01
9.999969e-01
9.999969e-01
9.999968e-01
9.999968e-01
9.999968e-01
9.999967e-01
9.999967e-01
9.999966e-01
9.999966e-01
9.999965e-01
9.999965e-01
9.999964e-01
9.999964e-01
9.999963e-01
9.999963e-01
9.999962e-01
9.999962e-01
9.999961e-01
9.999961e-01
9.999961e-01
9.999960e-01
9.999960e-01
9.999959e-01
9.999959e-01
9.999958e-01
9.999958e-01
9.999957e-01
9.999957e-01
9.999957e-01
9.999956e-01
9.999956e-01
9.999955e-01
9.999955e-01
9.999954e-01
9.999954e-01
9.999953e-01
9.999953e-01
9.999953e-01
9.999952e-01
9.999952e-01
9.999951e-01
9.999951e-01
9.999950e-01
9.999950e-01
9.999950e-01
9.999949e-01
9.999949e-01
9.999948e-01
9.999948e-01
9.999947e-01
9.999947e-01
9.999947e-01
9.999946e-01
9.999946e-01
9.999945e-01
9.999945e-01
9.999945e-01
9.999944e-01
9.999944e-01
9.999943e-01
9.999943e-01
9.999943e-01
9.999942e-01
9.999942e-01
9.999941e-01
9.999941e-01
9.999941e-01
9.999940e-01
9.999940e-01
9.999940e-01
9.999939e-01
9.999939e-01
9.999938e-01
9.999938e-01
9.999938e-01
9.999937e-01
9.999937e-01
9.999937e-01
9.999936e-01
9.999936e-01
9.999936e-01
9.999935e-01
9.999935e-01
9.999934e-01
9.999934e-01
9.999934e-01
9.999933e-01
9.999933e-01
9.999933e-01
9.999932e-01
9.999932e-01
9.999932e-01
9.999931e-01
9.999931e-01
9.999931e-01
9.999930e-01
9.999930e-01
9.999930e-01
9.999929e-01
9.999929e-01
9.999929e-01
9.999928e-01
9.999928e-01
9.999928e-01
9.999928e-01
9.999927e-01
9.999927e-01
9.999927e-01
9.999926e-01
9.999926e-01
9.999926e-01
9.999925e-01
9.999925e-01
9.999925e-01
9.999925e-01
9.999924e-01
9.999924e-01
9.999924e-01
9.999923e-01
9.999923e-01
9.999923e-01
9.999923e-01
9.999922e-01
9.999922e-01
9.999922e-01
9.999922e-01
9.999921e-01
9.999921e-01
9.999921e-01
9.999921e-01
9.999920e-01
9.999920e-01
9.999920e-01
9.999920e-01
9.999919e-01
9.999919e-01
9.999919e-01
9.999919e-01
9.999918e-01
9.999918e-01
9.999918e-01
9.999918e-01
9.999918e-01
9.999917e-01
9.999917e-01
9.999917e-01
9.999917e-01
9.999917e-01
9.999916e-01
9.999916e-01
9.999916e-01
9.999916e-01
9.999916e-01
9.999915e-01
9.999915e-01
9.999915e-01
9.999915e-01
9.999915e-01
9.999914e-01
9.999914e-01
9.999914e-01
9.999914e-01
9.999914e-01
9.999914e-01
9.999913e-01
9.999913e-01
9.999913e-01
9.999913e-01
9.999913e-01
9.999913e-01
9.999913e-01
9.999912e-01
9.999912e-01
9.999912e-01
9.999912e-01
9.999912e-01
9.999912e-01
9.999912e-01
9.999911e-01
9.999911e-01
9.999911e-01
9.999911e-01
9.999911e-01
9.999911e-01
9.999911e-01
9.999911e-01
9.999911e-01
9.999910e-01
9.999910e-01
9.999910e-01
9.999910e-01
9.999910e-01
9.999910e-01
9.999910e-01
9.999910e-01
9.999910e-01
9.999910e-01
9.999910e-01
9.999910e-01
9.999910e-01
9.999909e-01
9.999909e-01
9.999909e-01
9.999909e-01
9.999909e-01
9.999909e-01
9.999909e-01
9.999909e-01
9.999909e-01
9.999909e-01
9.999909e-01
9.999909e-01
9.999909e-01
9.999909e-01
9.999909e-01
9.999909e-01
9.999909e-01
9.999909e-01
9.999909e-01
9.999909e-01
9.999909e-01
9.999909e-01
9.999909e-01
9.999909e-01
9.999909e-01
9.999909e-01
9.999909e-01
9.999909e-01
9.999909e-01
9.999909e-01
9.999909e-01
9.999909e-01
9.999909e-01
9.999909e-01
9.999909e-01
9.999909e-01
9.999909e-01
9.999909e-01
9.999909e-01
9.999909e-01
9.999909e-01
9.999909e-01
9.999909e-01
9.999909e-01
9.999909e-01
9.999910e-01
9.999910e-01
9.999910e-01
9.999910e-01
9.999910e-01
9.999910e-01
9.999910e-01
9.999910e-01
9.999910e-01
9.999910e-01
9.999910e-01
9.999910e-01
9.999910e-01
9.999911e-01
9.999911e-01
9.999911e-01
9.999911e-01
9.999911e-01
9.999911e-01
9.999911e-01
9.999911e-01
9.999911e-01
9.999912e-01
9.999912e-01
9.999912e-01
9.999912e-01
9.999912e-01
9.999912e-01
9.999912e-01
9.999913e-01
9.999913e-01
9.999913e-01
9.999913e-01
9.999913e-01
9.999913e-01
9.999913e-01
9.999914e-01
9.999914e-01
9.999914e-01
9.999914e-01
9.999914e-01
9.999914e-01
9.999915e-01
9.999915e-01
9.999915e-01
9.999915e-01
9.999915e-01
9.999916e-01
9.999916e-01
9.999916e-01
9.999916e-01
9.999916e-01
9.999917e-01
9.999917e-01
9.999917e-01
9.999917e-01
9.999917e-01
9.999918e-01
9.999918e-01
9.999918e-01
9.999918e-01
9.999918e-01
9.999919e-01
9.999919e-01
9.999919e-01
9.999919e-01
9.999920e-01
9.999920e-01
9.999920e-01
9.999920e-01
9.999921e-01
9.999921e-01
9.999921e-01
9.999921e-01
9.999922e-01
9.999922e-01
9.999922e-01
9.999922e-01
9.999923e-01
9.999923e-01
9.999923e-01
9.999923e-01
9.999924e-01
9.999924e-01
9.999924e-01
9.999925e-01
9.999925e-01
9.999925e-01
9.999925e-01
9.999926e-01
9.999926e-01
9.999926e-01
9.999927e-01
9.999927e-01
9.999927e-01
9.999928e-01
9.999928e-01
9.999928e-01
9.999928e-01
9.999929e-01
9.999929e-01
9.999929e-01
9.999930e-01
9.999930e-01
9.999930e-01
9.999931e-01
9.999931e-01
9.999931e-01
9.999932e-01
9.999932e-01
9.999932e-01
9.999933e-01
9.999933e-01
9.999933e-01
9.999934e-01
9.999934e-01
9.999934e-01
9.999935e-01
9.999935e-01
9.999936e-01
9.999936e-01
9.999936e-01
9.999937e-01
9.999937e-01
9.999937e-01
9.999938e-01
9.999938e-01
9.999938e-01
9.999939e-01
9.999939e-01
9.999940e-01
9.999940e-01
9.999940e-01
9.999941e-01
9.999941e-01
9.999941e-01
9.999942e-01
9.999942e-01
9.999943e-01
9.999943e-01
9.999943e-01
9.999944e-01
9.999944e-01
9.999945e-01
9.999945e-01
9.999945e-01
9.999946e-01
9.999946e-01
9.999947e-01
9.999947e-01
9.999947e-01
9.999948e-01
9.999948e-01
9.999949e-01
9.999949e-01
9.999950e-01
9.999950e-01
9.999950e-01
9.999951e-01
9.999951e-01
9.999952e-01
9.999952e-01
9.999953e-01
9.999953e-01
9.999953e-01
9.999954e-01
9.999954e-01
9.999955e-01
9.999955e-01
9.999956e-01
9.999956e-01
9.999957e-01
9.999957e-01
9.999957e-01
9.999958e-01
9.999958e-01
9.999959e-01
9.999959e-01
9.999960e-01
9.999960e-01
9.999961e-01
9.999961e-01
9.999961e-01
9.999962e-01
9.999962e-01
9.999963e-01
9.999963e-01
9.999964e-01
9.999964e-01
9.999965e-01
9.999965e-01
9.999966e-01
9.999966e-01
9.999967e-01
9.999967e-01
9.999968e-01
9.999968e-01
9.999968e-01
9.999969e-01
9.999969e-01
9.999970e-01
9.999970e-01
9.999971e-01
9.999971e-01
9.999972e-01
9.999972e-01
9.999973e-01
9.999973e-01
9.999974e-01
9.999974e-01
9.999975e-01
9.999975e-01
9.999976e-01
9.999976e-01
9.999977e-01
9.999977e-01
9.999978e-01
9.999978e-01
9.999979e-01
9.999979e-01
9.999980e-01
9.999980e-01
9.999981e-01
9.999981e-01
9.999981e-01
9.999982e-01
9.999982e-01
9.999982e-01
9.999982e-01
9.999981e-01
9.999980e-01
9.999977e-01
9.999972e-01
9.999964e-01
9.999950e-01
9.999927e-01
9.999889e-01
9.999825e-01
9.999720e-01
9.999546e-01
9.999260e-01
9.998787e-01
9.998006e-01
9.996720e-01
9.994600e-01
9.991105e-01
9.985349e-01
9.975873e-01
9.960289e-01
9.934701e-01
9.892798e-01
9.824479e-01
9.713876e-01
9.536861e-01
9.258689e-01
8.833867e-01
8.212592e-01
7.359265e-01
6.282937e-01
5.062258e-01
3.834111e-01
2.738664e-01
1.861698e-01
1.218432e-01
7.762321e-02
4.856437e-02
3.002988e-02
1.843214e-02
1.126166e-02
6.861314e-03
4.173262e-03
2.535807e-03
1.540046e-03
9.351499e-04
5.679379e-04
3.451142e-04
2.099500e-04
1.279843e-04
7.829674e-05
4.819078e-05
2.996334e-05
1.894101e-05
1.228908e-05
8.287887e-06
5.894525e-06
4.476256e-06
3.649446e-06
3.181269e-06
2.930628e-06
2.811830e-06
2.773001e-06
2.782580e-06
2.821511e-06
2.878153e-06
2.945519e-06
3.019302e-06
3.096948e-06
3.176851e-06
3.258088e-06
3.340048e-06
3.422406e-06
3.504918e-06
3.587478e-06
3.669979e-06
3.752392e-06
3.834665e-06
3.916795e-06
3.998749e-06
4.080534e-06
4.162127e-06
4.243537e-06
4.324743e-06
4.405756e-06
4.486556e-06
4.567154e-06
4.647532e-06
4.727699e-06
4.807639e-06
4.887360e-06
4.966847e-06
5.046106e-06
5.125124e-06
5.203907e-06
5.282442e-06
5.360734e-06
5.438771e-06
5.516556e-06
5.594080e-06
5.671345e-06
5.748341e-06
5.825072e-06
5.901525e-06
5.977706e-06
6.053603e-06
6.129220e-06
6.204546e-06
6.279584e-06
6.354325e-06
6.428771e-06
6.502913e-06
6.576752e-06
6.650281e-06
6.723500e-06
6.796401e-06
6.868986e-06
6.941246e-06
7.013183e-06
7.084789e-06
7.156065e-06
7.227003e-06
7.297603e-06
7.367860e-06
7.437772e-06
7.507334e-06
7.576545e-06
7.645398e-06
7.713895e-06
7.782028e-06
7.849797e-06
7.917196e-06
7.984225e-06
8.050878e-06
8.117154e-06
8.183048e-06
8.248558e-06
8.313680e-06
8.378414e-06
8.442752e-06
8.506695e-06
8.570238e-06
8.633379e-06
8.696114e-06
8.758441e-06
8.820356e-06
8.881857e-06
8.942941e-06
9.003605e-06
9.063846e-06
9.123661e-06
9.183047e-06
9.242003e-06
9.300524e-06
9.358608e-06
9.416252e-06
9.473455e-06
9.530211e-06
9.586521e-06
9.642379e-06
9.697785e-06
9.752734e-06
9.807227e-06
9.861257e-06
9.914825e-06
9.967926e-06
1.002056e-05
1.007272e-05
1.012441e-05
1.017562e-05
1.022636e-05
1.027661e-05
1.032638e-05
1.037567e-05
1.042447e-05
1.047277e-05
1.052059e-05
1.056791e-05
1.061474e-05
1.066106e-05
1.070689e-05
1.075221e-05
1.079702e-05
1.084133e-05
1.088513e-05
1.092842e-05
1.097119e-05
1.101345e-05
1.105518e-05
1.109640e-05
1.113710e-05
1.117728e-05
1.121693e-05
1.125605e-05
1.129464e-05
1.133270e-05
1.137023e-05
1.140722e-05
1.144368e-05
1.147960e-05
1.151498e-05
1.154982e-05
1.158411e-05
1.161786e-05
1.165106e-05
1.168372e-05
1.171583e-05
1.174738e-05
1.177839e-05
1.180883e-05
1.183873e-05
1.186807e-05
1.189684e-05
1.192506e-05
1.195272e-05
1.197982e-05
1.200635e-05
1.203232e-05
1.205772e-05
1.208256e-05
1.210683e-05
1.213052e-05
1.215365e-05
1.217621e-05
1.219819e-05
1.221960e-05
1.224044e-05
1.226070e-05
1.228038e-05
1.229948e-05
1.231801e-05
1.233596e-05
1.235332e-05
1.237011e-05
1.238631e-05
1.240193e-05
1.241697e-05
1.243143e-05
1.244530e-05
1.245858e-05
1.247128e-05
1.248339e-05
1.249491e-05
1.250585e-05
1.251620e-05
1.252596e-05
1.253513e-05
1.254371e-05
1.255170e-05
1.255910e-05
1.256591e-05
1.257213e-05
1.257775e-05
1.258279e-05
1.258723e-05
1.259109e-05
1.259435e-05
1.259701e-05
1.259909e-05
1.260057e-05
1.260146e-05
