1.044079e-05
1.044054e-05
1.043981e-05
1.043858e-05
1.043686e-05
1.043465e-05
1.043196e-05
1.042877e-05
1.042509e-05
1.042092e-05
1.041626e-05
1.041111e-05
1.040547e-05
1.039934e-05
1.039273e-05
1.038562e-05
1.037803e-05
1.036995e-05
1.036138e-05
1.035233e-05
1.034278e-05
1.033276e-05
1.032224e-05
1.031124e-05
1.029976e-05
1.028779e-05
1.027534e-05
1.026241e-05
1.024899e-05
1.023509e-05
1.022071e-05
1.020585e-05
1.019051e-05
1.017470e-05
1.015840e-05
1.014163e-05
1.012437e-05
1.010665e-05
1.008845e-05
1.006977e-05
1.005062e-05
1.003100e-05
1.001091e-05
9.990343e-06
9.969310e-06
9.947808e-06
9.925839e-06
9.903404e-06
9.880502e-06
9.857137e-06
9.833308e-06
9.809018e-06
9.784266e-06
9.759055e-06
9.733384e-06
9.707257e-06
9.680673e-06
9.653634e-06
9.626142e-06
9.598197e-06
9.569802e-06
9.540956e-06
9.511662e-06
9.481922e-06
9.451736e-06
9.421105e-06
9.390032e-06
9.358518e-06
9.326564e-06
9.294172e-06
9.261343e-06
9.228079e-06
9.194381e-06
9.160252e-06
9.125692e-06
9.090704e-06
9.055287e-06
9.019447e-06
8.983181e-06
8.946495e-06
8.909387e-06
8.871862e-06
8.833919e-06
8.795562e-06
8.756791e-06
8.717609e-06
8.678017e-06
8.638019e-06
8.597614e-06
8.556805e-06
8.515594e-06
8.473984e-06
8.431975e-06
8.389571e-06
8.346772e-06
8.303582e-06
8.260001e-06
8.216033e-06
8.171679e-06
8.126941e-06
8.081821e-06
8.036322e-06
7.990445e-06
7.944194e-06
7.897569e-06
7.850574e-06
7.803210e-06
7.755480e-06
7.707385e-06
7.658929e-06
7.610113e-06
7.560940e-06
7.511412e-06
7.461532e-06
7.411300e-06
7.360722e-06
7.309797e-06
7.258530e-06
7.206922e-06
7.154976e-06
7.102694e-06
7.050079e-06
6.997132e-06
6.943859e-06
6.890258e-06
6.836335e-06
6.782090e-06
6.727528e-06
6.672649e-06
6.617459e-06
6.561956e-06
6.506148e-06
6.450032e-06
6.393616e-06
6.336898e-06
6.279885e-06
6.222576e-06
6.164976e-06
6.107085e-06
6.048910e-06
5.990450e-06
5.931711e-06
5.872691e-06
5.813398e-06
5.753831e-06
5.693996e-06
5.633892e-06
5.573526e-06
5.512897e-06
5.452012e-06
5.390869e-06
5.329476e-06
5.267830e-06
5.205940e-06
5.143804e-06
5.081430e-06
5.018815e-06
4.955967e-06
4.892885e-06
4.829577e-06
4.766039e-06
4.702281e-06
4.638300e-06
4.574106e-06
4.509693e-06
4.445074e-06
4.380242e-06
4.315210e-06
4.249971e-06
4.184539e-06
4.118906e-06
4.053085e-06
3.987069e-06
3.920873e-06
3.854488e-06
3.787929e-06
3.721186e-06
3.654277e-06
3.587192e-06
3.519947e-06
3.452532e-06
3.384968e-06
3.317244e-06
3.249383e-06
3.181378e-06
3.113261e-06
3.045033e-06
2.976747e-06
2.908430e-06
2.840190e-06
2.772130e-06
2.704496e-06
2.637610e-06
2.572084e-06
2.508839e-06
2.449482e-06
2.396565e-06
2.354394e-06
2.329959e-06
2.334897e-06
2.388268e-06
2.521630e-06
2.786862e-06
3.269661e-06
4.111131e-06
5.544109e-06
7.952253e-06
1.196834e-05
1.863532e-05
2.967298e-05
4.791618e-05
7.803861e-05
1.277438e-04
2.097291e-04
3.449161e-04
5.677678e-04
9.350164e-04
1.539964e-03
2.535799e-03
4.173368e-03
6.861596e-03
1.126222e-02
1.843314e-02
3.003157e-02
4.856713e-02
7.762754e-02
1.218497e-01
1.861791e-01
2.738786e-01
3.834257e-01
5.062413e-01
6.283082e-01
7.359386e-01
8.212683e-01
8.833932e-01
9.258732e-01
9.536889e-01
9.713894e-01
9.824490e-01
9.892806e-01
9.934706e-01
9.960292e-01
9.975876e-01
9.985351e-01
9.991107e-01
9.994601e-01
9.996721e-01
9.998008e-01
9.998788e-01
9.999261e-01
9.999548e-01
9.999721e-01
9.999827e-01
9.999890e-01
9.999929e-01
9.999952e-01
9.999966e-01
9.999974e-01
9.999979e-01
9.999982e-01
9.999983e-01
9.999984e-01
9.999984e-01
9.999984e-01
9.999984e-01
9.999984e-01
9.999983e-01
9.999983e-01
9.999982e-01
9.999982e-01
9.999982e-01
9.999981e-01
9.999981e-01
9.999980e-01
9.999980e-01
9.999979e-01
9.999979e-01
9.999979e-01
9.999978e-01
9.999978e-01
9.999977e-01
9.999977e-01
9.999976e-01
9.999976e-01
9.999976e-01
9.999975e-01
9.999975e-01
9.999974e-01
9.999974e-01
9.999973e-01
9.999973e-01
9.999973e-01
9.999972e-01
9.999972e-01
9.999971e-01
9.999971e-01
9.999971e-01
9.999970e-01
9.999970e-01
9.999969e-01
9.999969e-01
9.999968e-01
9.999968e-01
9.999968e-01
9.999967e-01
9.999967e-01
9.999966e-01
9.999966e-01
9.999966e-01
9.999965e-01
9.999965e-01
9.999964e-01
9.999964e-01
9.999964e-01
9.999963e-01
9.999963e-01
9.999962e-01
9.999962e-01
9.999962e-01
9.999961e-01
9.999961e-01
9.999960e-01
9.999960e-01
9.999960e-01
9.999959e-01
9.999959e-01
9.999958e-01
9.999958e-01
9.999958e-01
9.999957e-01
9.999957e-01
9.999957e-01
9.999956e-01
9.999956e-01
9.999955e-01
9.999955e-01
9.999955e-01
9.999954e-01
9.999954e-01
9.999954e-01
9.999953e-01
9.999953e-01
9.999953e-01
9.999952e-01
9.999952e-01
9.999951e-01
9.999951e-01
9.999951e-01
9.999950e-01
9.999950e-01
9.999950e-01
9.999949e-01
9.999949e-01
9.999949e-01
9.999948e-01
9.999948e-01
9.999948e-01
9.999947e-01
9.999947e-01
9.999947e-01
9.999946e-01
9.999946e-01
9.999946e-01
9.999945e-01
9.999945e-01
9.999945e-01
9.999944e-01
9.999944e-01
9.999944e-01
9.999943e-01
9.999943e-01
9.999943e-01
9.999942e-01
9.999942e-01
9.999942e-01
9.999941e-01
9.999941e-01
9.999941e-01
9.999941e-01
9.999940e-01
9.999940e-01
9.999940e-01
9.999939e-01
9.999939e-01
9.999939e-01
9.999938e-01
9.999938e-01
9.999938e-01
9.999938e-01
9.999937e-01
9.999937e-01
9.999937e-01
9.999936e-01
9.999936e-01
9.999936e-01
9.999936e-01
9.999935e-01
9.999935e-01
9.999935e-01
9.999935e-01
9.999934e-01
9.999934e-01
9.999934e-01
9.999934e-01
9.999933e-01
9.999933e-01
9.999933e-01
9.999933e-01
9.999932e-01
9.999932e-01
9.999932e-01
9.999932e-01
9.999931e-01
9.999931e-01
9.999931e-01
9.999931e-01
9.999930e-01
9.999930e-01
9.999930e-01
9.999930e-01
9.999930e-01
9.999929e-01
9.999929e-01
9.999929e-01
9.999929e-01
9.999928e-01
9.999928e-01
9.999928e-01
9.999928e-01
9.999928e-01
9.999927e-01
9.999927e-01
9.999927e-01
9.999927e-01
9.999927e-01
9.999927e-01
9.999926e-01
9.999926e-01
9.999926e-01
9.999926e-01
9.999926e-01
9.999925e-01
9.999925e-01
9.999925e-01
9.999925e-01
9.999925e-01
9.999925e-01
9.999924e-01
9.999924e-01
9.999924e-01
9.999924e-01
9.999924e-01
9.999924e-01
9.999924e-01
9.999923e-01
9.999923e-01
9.999923e-01
9.999923e-01
9.999923e-01
9.999923e-01
9.999923e-01
9.999922e-01
9.999922e-01
9.999922e-01
9.999922e-01
9.999922e-01
9.999922e-01
9.999922e-01
9.999922e-01
9.999922e-01
9.999921e-01
9.999921e-01
9.999921e-01
9.999921e-01
9.999921e-01
9.999921e-01
9.999921e-01
9.999921e-01
9.999921e-01
9.999921e-01
9.999921e-01
9.999920e-01
9.999920e-01
9.999920e-01
9.999920e-01
9.999920e-01
9.999920e-01
9.999920e-01
9.999920e-01
9.999920e-01
9.999920e-01
9.999920e-01
9.999920e-01
9.999920e-01
9.999920e-01
9.999920e-01
9.999920e-01
9.999920e-01
9.999920e-01
9.999919e-01
9.999919e-01
9.999919e-01
9.999919e-01
9.999919e-01
9.999919e-01
9.999919e-01
9.999919e-01
9.999919e-01
9.999919e-01
9.999919e-01
9.999919e-01
9.999919e-01
9.999919e-01
9.999919e-01
9.999919e-01
9.999919e-01
9.999919e-01
9.999919e-01
9.999919e-01
9.999919e-01
9.999919e-01
9.999919e-01
9.999919e-01
9.999919e-01
9.999919e-01
9.999919e-01
9.999920e-01
9.999920e-01
9.999920e-01
9.999920e-01
9.999920e-01
9.999920e-01
9.999920e-01
9.999920e-01
9.999920e-01
9.999920e-01
9.999920e-01
9.999920e-01
9.999920e-01
9.999920e-01
9.999920e-01
9.999920e-01
9.999920e-01
9.999920e-01
9.999921e-01
9.999921e-01
9.999921e-01
9.999921e-01
9.999921e-01
9.999921e-01
9.999921e-01
9.999921e-01
9.999921e-01
9.999921e-01
9.999921e-01
9.999922e-01
9.999922e-01
9.999922e-01
9.999922e-01
9.999922e-01
9.999922e-01
9.999922e-01
9.999922e-01
9.999922e-01
9.999923e-01
9.999923e-01
9.999923e-01
9.999923e-01
9.999923e-01
9.999923e-01
9.999923e-01
9.999924e-01
9.999924e-01
9.999924e-01
9.999924e-01
9.999924e-01
9.999924e-01
9.999924e-01
9.999925e-01
9.999925e-01
9.999925e-01
9.999925e-01
9.999925e-01
9.999925e-01
9.999926e-01
9.999926e-01
9.999926e-01
9.999926e-01
9.999926e-01
9.999927e-01
9.999927e-01
9.999927e-01
9.999927e-01
9.999927e-01
9.999927e-01
9.999928e-01
9.999928e-01
9.999928e-01
9.999928e-01
9.999928e-01
9.999929e-01
9.999929e-01
9.999929e-01
9.999929e-01
9.999930e-01
9.999930e-01
9.999930e-01
9.999930e-01
9.999930e-01
9.999931e-01
9.999931e-01
9.999931e-01
9.999931e-01
9.999932e-01
9.999932e-01
9.999932e-01
9.999932e-01
9.999933e-01
9.999933e-01
9.999933e-01
9.999933e-01
9.999934e-01
9.999934e-01
9.999934e-01
9.999934e-01
9.999935e-01
9.999935e-01
9.999935e-01
9.999935e-01
9.999936e-01
9.999936e-01
9.999936e-01
9.999936e-01
9.999937e-01
9.999937e-01
9.999937e-01
9.999938e-01
9.999938e-01
9.999938e-01
9.999938e-01
9.999939e-01
9.999939e-01
9.999939e-01
9.999940e-01
9.999940e-01
9.999940e-01
9.999941e-01
9.999941e-01
9.999941e-01
9.999941e-01
9.999942e-01
9.999942e-01
9.999942e-01
9.999943e-01
9.999943e-01
9.999943e-01
9.999944e-01
9.999944e-01
9.999944e-01
9.999945e-01
9.999945e-01
9.999945e-01
9.999946e-01
9.999946e-01
9.999946e-01
9.999947e-01
9.999947e-01
9.999947e-01
9.999948e-01
9.999948e-01
9.999948e-01
9.999949e-01
9.999949e-01
9.999949e-01
9.999950e-01
9.999950e-01
9.999950e-01
9.999951e-01
9.999951e-01
9.999951e-01
9.999952e-01
9.999952e-01
9.999953e-01
9.999953e-01
9.999953e-01
9.999954e-01
9.999954e-01
9.999954e-01
9.999955e-01
9.999955e-01
9.999955e-01
9.999956e-01
9.999956e-01
9.999957e-01
9.999957e-01
9.999957e-01
9.999958e-01
9.999958e-01
9.999958e-01
9.999959e-01
9.999959e-01
9.999960e-01
9.999960e-01
9.999960e-01
9.999961e-01
9.999961e-01
9.999962e-01
9.999962e-01
9.999962e-01
9.999963e-01
9.999963e-01
9.999964e-01
9.999964e-01
9.999964e-01
9.999965e-01
9.999965e-01
9.999966e-01
9.999966e-01
9.999966e-01
9.999967e-01
9.999967e-01
9.999968e-01
9.999968e-01
9.999968e-01
9.999969e-01
9.999969e-01
9.999970e-01
9.999970e-01
9.999971e-01
9.999971e-01
9.999971e-01
9.999972e-01
9.999972e-01
9.999973e-01
9.999973e-01
9.999973e-01
9.999974e-01
9.999974e-01
9.999975e-01
9.999975e-01
9.999976e-01
9.999976e-01
9.999976e-01
9.999977e-01
9.999977e-01
9.999978e-01
9.999978e-01
9.999979e-01
9.999979e-01
9.999979e-01
9.999980e-01
9.999980e-01
9.999981e-01
9.999981e-01
9.999982e-01
9.999982e-01
9.999982e-01
9.999983e-01
9.999983e-01
9.999984e-01
9.999984e-01
9.999984e-01
9.999984e-01
9.999984e-01
9.999983e-01
9.999982e-01
9.999979e-01
9.999974e-01
9.999966e-01
9.999952e-01
9.999929e-01
9.999890e-01
9.999827e-01
9.999721e-01
9.999548e-01
9.999261e-01
9.998788e-01
9.998008e-01
9.996721e-01
9.994601e-01
9.991107e-01
9.985351e-01
9.975876e-01
9.960292e-01
9.934706e-01
9.892806e-01
9.824490e-01
9.713894e-01
9.536889e-01
9.258732e-01
8.833932e-01
8.212683e-01
7.359386e-01
6.283082e-01
5.062413e-01
3.834257e-01
2.738786e-01
1.861791e-01
1.218497e-01
7.762754e-02
4.856713e-02
3.003157e-02
1.843314e-02
1.126222e-02
6.861596e-03
4.173368e-03
2.535799e-03
1.539964e-03
9.350164e-04
5.677678e-04
3.449161e-04
2.097291e-04
1.277438e-04
7.803861e-05
4.791618e-05
2.967298e-05
1.863532e-05
1.196834e-05
7.952253e-06
5.544109e-06
4.111131e-06
3.269661e-06
2.786863e-06
2.521630e-06
2.388268e-06
2.334897e-06
2.329959e-06
2.354394e-06
2.396565e-06
2.449482e-06
2.508839e-06
2.572084e-06
2.637610e-06
2.704496e-06
2.772130e-06
2.840190e-06
2.908431e-06
2.976747e-06
3.045033e-06
3.113261e-06
3.181378e-06
3.249383e-06
3.317244e-06
3.384968e-06
3.452532e-06
3.519947e-06
3.587192e-06
3.654277e-06
3.721186e-06
3.787929e-06
3.854488e-06
3.920873e-06
3.987069e-06
4.053085e-06
4.118906e-06
4.184539e-06
4.249972e-06
4.315210e-06
4.380242e-06
4.445074e-06
4.509693e-06
4.574106e-06
4.638300e-06
4.702282e-06
4.766039e-06
4.829577e-06
4.892885e-06
4.955968e-06
5.018815e-06
5.081430e-06
5.143804e-06
5.205941e-06
5.267830e-06
5.329476e-06
5.390869e-06
5.452012e-06
5.512897e-06
5.573526e-06
5.633892e-06
5.693996e-06
5.753831e-06
5.813398e-06
5.872691e-06
5.931711e-06
5.990450e-06
6.048911e-06
6.107086e-06
6.164976e-06
6.222576e-06
6.279885e-06
6.336898e-06
6.393616e-06
6.450032e-06
6.506148e-06
6.561956e-06
6.617459e-06
6.672649e-06
6.727528e-06
6.782090e-06
6.836335e-06
6.890258e-06
6.943859e-06
6.997132e-06
7.050079e-06
7.102694e-06
7.154976e-06
7.206922e-06
7.258530e-06
7.309797e-06
7.360722e-06
7.411300e-06
7.461532e-06
7.511412e-06
7.560940e-06
7.610113e-06
7.658929e-06
7.707385e-06
7.755480e-06
7.803210e-06
7.850574e-06
7.897569e-06
7.944194e-06
7.990445e-06
8.036322e-06
8.081821e-06
8.126941e-06
8.171679e-06
8.216033e-06
8.260001e-06
8.303582e-06
8.346772e-06
8.389571e-06
8.431975e-06
8.473984e-06
8.515594e-06
8.556805e-06
8.597614e-06
8.638019e-06
8.678017e-06
8.717609e-06
8.756791e-06
8.795562e-06
8.833919e-06
8.871862e-06
8.909387e-06
8.946495e-06
8.983181e-06
9.019447e-06
9.055287e-06
9.090704e-06
9.125692e-06
9.160252e-06
9.194381e-06
9.228079e-06
9.261343e-06
9.294172e-06
9.326564e-06
9.358518e-06
9.390032e-06
9.421105e-06
9.451736e-06
9.481922e-06
9.511662e-06
9.540956e-06
9.569802e-06
9.598197e-06
9.626142e-06
9.653634e-06
9.680673e-06
9.707257e-06
9.733384e-06
9.759055e-06
9.784266e-06
9.809018e-06
9.833308e-06
9.857137e-06
9.880502e-06
9.903404e-06
9.925839e-06
9.947808e-06
9.969310e-06
9.990343e-06
1.001091e-05
1.003100e-05
1.005062e-05
1.006977e-05
1.008845e-05
1.010665e-05
1.012437e-05
1.014163e-05
1.015840e-05
1.017470e-05
1.019051e-05
1.020585e-05
1.022071e-05
1.023509e-05
1.024899e-05
1.026241e-05
1.027534e-05
1.028779e-05
1.029976e-05
1.031124e-05
1.032224e-05
1.033276e-05
1.034278e-05
1.035233e-05
1.036138e-05
1.036995e-05
1.037803e-05
1.038562e-05
1.039273e-05
1.039934e-05
1.040547e-05
1.041111e-05
1.041626e-05
1.042092e-05
1.042509e-05
1.042877e-05
1.043196e-05
1.043465e-05
1.043686e-05
1.043858e-05
1.043981e-05
1.044054e-05
