7.169743e-06
7.169575e-06
7.169070e-06
7.168229e-06
7.167051e-06
7.165537e-06
7.163686e-06
7.161499e-06
7.158976e-06
7.156117e-06
7.152922e-06
7.149392e-06
7.145525e-06
7.141324e-06
7.136787e-06
7.131915e-06
7.126708e-06
7.121167e-06
7.115292e-06
7.109083e-06
7.102539e-06
7.095663e-06
7.088454e-06
7.080912e-06
7.073037e-06
7.064831e-06
7.056292e-06
7.047423e-06
7.038223e-06
7.028693e-06
7.018832e-06
7.008642e-06
6.998123e-06
6.987276e-06
6.976101e-06
6.964599e-06
6.952769e-06
6.940614e-06
6.928132e-06
6.915325e-06
6.902194e-06
6.888739e-06
6.874960e-06
6.860860e-06
6.846436e-06
6.831692e-06
6.816627e-06
6.801242e-06
6.785538e-06
6.769516e-06
6.753175e-06
6.736518e-06
6.719545e-06
6.702257e-06
6.684653e-06
6.666737e-06
6.648507e-06
6.629966e-06
6.611113e-06
6.591950e-06
6.572478e-06
6.552698e-06
6.532609e-06
6.512215e-06
6.491515e-06
6.470510e-06
6.449202e-06
6.427591e-06
6.405678e-06
6.383466e-06
6.360953e-06
6.338143e-06
6.315034e-06
6.291630e-06
6.267930e-06
6.243937e-06
6.219650e-06
6.195072e-06
6.170202e-06
6.145044e-06
6.119597e-06
6.093864e-06
6.067844e-06
6.041540e-06
6.014953e-06
5.988083e-06
5.960932e-06
5.933503e-06
5.905794e-06
5.877809e-06
5.849548e-06
5.821013e-06
5.792204e-06
5.763125e-06
5.733774e-06
5.704156e-06
5.674269e-06
5.644117e-06
5.613699e-06
5.583019e-06
5.552076e-06
5.520874e-06
5.489413e-06
5.457695e-06
5.425720e-06
5.393491e-06
5.361009e-06
5.328276e-06
5.295293e-06
5.262063e-06
5.228585e-06
5.194863e-06
5.160896e-06
5.126688e-06
5.092240e-06
5.057553e-06
5.022629e-06
4.987470e-06
4.952076e-06
4.916452e-06
4.880596e-06
4.844513e-06
4.808201e-06
4.771665e-06
4.734905e-06
4.697924e-06
4.660722e-06
4.623303e-06
4.585665e-06
4.547815e-06
4.509750e-06
4.471475e-06
4.432989e-06
4.394298e-06
4.355399e-06
4.316298e-06
4.276993e-06
4.237489e-06
4.197785e-06
4.157887e-06
4.117792e-06
4.077507e-06
4.037028e-06
3.996363e-06
3.955508e-06
3.914471e-06
3.873248e-06
3.831847e-06
3.790263e-06
3.748505e-06
3.706569e-06
3.664462e-06
3.622182e-06
3.579734e-06
3.537117e-06
3.494337e-06
3.451390e-06
3.408285e-06
3.365018e-06
3.321597e-06
3.278017e-06
3.234288e-06
3.190404e-06
3.146374e-06
3.102194e-06
3.057873e-06
3.013404e-06
2.968800e-06
2.924052e-06
2.879173e-06
2.834154e-06
2.789008e-06
2.743727e-06
2.698323e-06
2.652788e-06
2.607135e-06
2.561355e-06
2.515462e-06
2.469446e-06
2.423324e-06
2.377083e-06
2.330743e-06
2.284292e-06
2.237754e-06
2.191118e-06
2.144417e-06
2.097650e-06
2.050870e-06
2.004103e-06
1.957453e-06
1.911027e-06
1.865065e-06
1.819892e-06
1.776117e-06
1.734660e-06
1.697128e-06
1.666072e-06
1.645797e-06
1.643290e-06
1.670192e-06
1.745561e-06
1.900956e-06
2.188260e-06
2.693173e-06
3.556808e-06
5.012020e-06
7.442492e-06
1.148104e-05
1.817071e-05
2.923139e-05
4.749817e-05
7.764507e-05
1.273763e-04
2.093899e-04
3.446093e-04
5.675002e-04
9.347990e-04
1.539815e-03
2.535748e-03
4.173465e-03
6.861921e-03
1.126291e-02
1.843438e-02
3.003370e-02
4.857062e-02
7.763305e-02
1.218580e-01
1.861910e-01
2.738942e-01
3.834443e-01
5.062610e-01
6.283266e-01
7.359540e-01
8.212800e-01
8.834014e-01
9.258787e-01
9.536925e-01
9.713917e-01
9.824505e-01
9.892815e-01
9.934712e-01
9.960297e-01
9.975879e-01
9.985354e-01
9.991109e-01
9.994603e-01
9.996723e-01
9.998010e-01
9.998790e-01
9.999263e-01
9.999550e-01
9.999724e-01
9.999829e-01
9.999893e-01
9.999931e-01
9.999955e-01
9.999969e-01
9.999977e-01
9.999982e-01
9.999985e-01
9.999986e-01
9.999987e-01
9.999987e-01
9.999988e-01
9.999987e-01
9.999987e-01
9.999987e-01
9.999987e-01
9.999986e-01
9.999986e-01
9.999986e-01
9.999985e-01
9.999985e-01
9.999985e-01
9.999984e-01
9.999984e-01
9.999984e-01
9.999983e-01
9.999983e-01
9.999983e-01
9.999982e-01
9.999982e-01
9.999982e-01
9.999981e-01
9.999981e-01
9.999981e-01
9.999980e-01
9.999980e-01
9.999980e-01
9.999979e-01
9.999979e-01
9.999979e-01
9.999978e-01
9.999978e-01
9.999978e-01
9.999977e-01
9.999977e-01
9.999977e-01
9.999976e-01
9.999976e-01
9.999976e-01
9.999975e-01
9.999975e-01
9.999975e-01
9.999974e-01
9.999974e-01
9.999974e-01
9.999974e-01
9.999973e-01
9.999973e-01
9.999973e-01
9.999972e-01
9.999972e-01
9.999972e-01
9.999971e-01
9.999971e-01
9.999971e-01
9.999970e-01
9.999970e-01
9.999970e-01
9.999969e-01
9.999969e-01
9.999969e-01
9.999969e-01
9.999968e-01
9.999968e-01
9.999968e-01
9.999967e-01
9.999967e-01
9.999967e-01
9.999966e-01
9.999966e-01
9.999966e-01
9.999966e-01
9.999965e-01
9.999965e-01
9.999965e-01
9.999964e-01
9.999964e-01
9.999964e-01
9.999963e-01
9.999963e-01
9.999963e-01
9.999963e-01
9.999962e-01
9.999962e-01
9.999962e-01
9.999962e-01
9.999961e-01
9.999961e-01
9.999961e-01
9.999960e-01
9.999960e-01
9.999960e-01
9.999960e-01
9.999959e-01
9.999959e-01
9.999959e-01
9.999959e-01
9.999958e-01
9.999958e-01
9.999958e-01
9.999957e-01
9.999957e-01
9.999957e-01
9.999957e-01
9.999956e-01
9.999956e-01
9.999956e-01
9.999956e-01
9.999955e-01
9.999955e-01
9.999955e-01
9.999955e-01
9.999954e-01
9.999954e-01
9.999954e-01
9.999954e-01
9.999954e-01
9.999953e-01
9.999953e-01
9.999953e-01
9.999953e-01
9.999952e-01
9.999952e-01
9.999952e-01
9.999952e-01
9.999951e-01
9.999951e-01
9.999951e-01
9.999951e-01
9.999951e-01
9.999950e-01
9.999950e-01
9.999950e-01
9.999950e-01
9.999949e-01
9.999949e-01
9.999949e-01
9.999949e-01
9.999949e-01
9.999948e-01
9.999948e-01
9.999948e-01
9.999948e-01
9.999948e-01
9.999947e-01
9.999947e-01
9.999947e-01
9.999947e-01
9.999947e-01
9.999947e-01
9.999946e-01
9.999946e-01
9.999946e-01
9.999946e-01
9.999946e-01
9.999945e-01
9.999945e-01
9.999945e-01
9.999945e-01
9.999945e-01
9.999945e-01
9.999944e-01
9.999944e-01
9.999944e-01
9.999944e-01
9.999944e-01
9.999944e-01
9.999943e-01
9.999943e-01
9.999943e-01
9.999943e-01
9.999943e-01
9.999943e-01
9.999943e-01
9.999942e-01
9.999942e-01
9.999942e-01
9.999942e-01
9.999942e-01
9.999942e-01
9.999942e-01
9.999941e-01
9.999941e-01
9.999941e-01
9.999941e-01
9.999941e-01
9.999941e-01
9.999941e-01
9.999941e-01
9.999940e-01
9.999940e-01
9.999940e-01
9.999940e-01
9.999940e-01
9.999940e-01
9.999940e-01
9.999940e-01
9.999940e-01
9.999939e-01
9.999939e-01
9.999939e-01
9.999939e-01
9.999939e-01
9.999939e-01
9.999939e-01
9.999939e-01
9.999939e-01
9.999939e-01
9.999939e-01
9.999938e-01
9.999938e-01
9.999938e-01
9.999938e-01
9.999938e-01
9.999938e-01
9.999938e-01
9.999938e-01
9.999938e-01
9.999938e-01
9.999938e-01
9.999938e-01
9.999938e-01
9.999938e-01
9.999938e-01
9.999938e-01
9.999937e-01
9.999937e-01
9.999937e-01
9.999937e-01
9.999937e-01
9.999937e-01
9.999937e-01
9.999937e-01
9.999937e-01
9.999937e-01
9.999937e-01
9.999937e-01
9.999937e-01
9.999937e-01
9.999937e-01
9.999937e-01
9.999937e-01
9.999937e-01
9.999937e-01
9.999937e-01
9.999937e-01
9.999937e-01
9.999937e-01
9.999937e-01
9.999937e-01
9.999937e-01
9.999937e-01
9.999937e-01
9.999937e-01
9.999937e-01
9.999937e-01
9.999937e-01
9.999937e-01
9.999937e-01
9.999937e-01
9.999937e-01
9.999937e-01
9.999937e-01
9.999937e-01
9.999937e-01
9.999937e-01
9.999937e-01
9.999937e-01
9.999937e-01
9.999937e-01
9.999937e-01
9.999937e-01
9.999937e-01
9.999937e-01
9.999937e-01
9.999937e-01
9.999938e-01
9.999938e-01
9.999938e-01
9.999938e-01
9.999938e-01
9.999938e-01
9.999938e-01
9.999938e-01
9.999938e-01
9.999938e-01
9.999938e-01
9.999938e-01
9.999938e-01
9.999938e-01
9.999938e-01
9.999938e-01
9.999939e-01
9.999939e-01
9.999939e-01
9.999939e-01
9.999939e-01
9.999939e-01
9.999939e-01
9.999939e-01
9.999939e-01
9.999939e-01
9.999939e-01
9.999940e-01
9.999940e-01
9.999940e-01
9.999940e-01
9.999940e-01
9.999940e-01
9.999940e-01
9.999940e-01
9.999940e-01
9.999941e-01
9.999941e-01
9.999941e-01
9.999941e-01
9.999941e-01
9.999941e-01
9.999941e-01
9.999941e-01
9.999942e-01
9.999942e-01
9.999942e-01
9.999942e-01
9.999942e-01
9.999942e-01
9.999942e-01
9.999943e-01
9.999943e-01
9.999943e-01
9.999943e-01
9.999943e-01
9.999943e-01
9.999943e-01
9.999944e-01
9.999944e-01
9.999944e-01
9.999944e-01
9.999944e-01
9.999944e-01
9.999945e-01
9.999945e-01
9.999945e-01
9.999945e-01
9.999945e-01
9.999945e-01
9.999946e-01
9.999946e-01
9.999946e-01
9.999946e-01
9.999946e-01
9.999947e-01
9.999947e-01
9.999947e-01
9.999947e-01
9.999947e-01
9.999947e-01
9.999948e-01
9.999948e-01
9.999948e-01
9.999948e-01
9.999948e-01
9.999949e-01
9.999949e-01
9.999949e-01
9.999949e-01
9.999949e-01
9.999950e-01
9.999950e-01
9.999950e-01
9.999950e-01
9.999951e-01
9.999951e-01
9.999951e-01
9.999951e-01
9.999951e-01
9.999952e-01
9.999952e-01
9.999952e-01
9.999952e-01
9.999953e-01
9.999953e-01
9.999953e-01
9.999953e-01
9.999954e-01
9.999954e-01
9.999954e-01
9.999954e-01
9.999954e-01
9.999955e-01
9.999955e-01
9.999955e-01
9.999955e-01
9.999956e-01
9.999956e-01
9.999956e-01
9.999956e-01
9.999957e-01
9.999957e-01
9.999957e-01
9.999957e-01
9.999958e-01
9.999958e-01
9.999958e-01
9.999959e-01
9.999959e-01
9.999959e-01
9.999959e-01
9.999960e-01
9.999960e-01
9.999960e-01
9.999960e-01
9.999961e-01
9.999961e-01
9.999961e-01
9.999962e-01
9.999962e-01
9.999962e-01
9.999962e-01
9.999963e-01
9.999963e-01
9.999963e-01
9.999963e-01
9.999964e-01
9.999964e-01
9.999964e-01
9.999965e-01
9.999965e-01
9.999965e-01
9.999966e-01
9.999966e-01
9.999966e-01
9.999966e-01
9.999967e-01
9.999967e-01
9.999967e-01
9.999968e-01
9.999968e-01
9.999968e-01
9.999969e-01
9.999969e-01
9.999969e-01
9.999969e-01
9.999970e-01
9.999970e-01
9.999970e-01
9.999971e-01
9.999971e-01
9.999971e-01
9.999972e-01
9.999972e-01
9.999972e-01
9.999973e-01
9.999973e-01
9.999973e-01
9.999974e-01
9.999974e-01
9.999974e-01
9.999974e-01
9.999975e-01
9.999975e-01
9.999975e-01
9.999976e-01
9.999976e-01
9.999976e-01
9.999977e-01
9.999977e-01
9.999977e-01
9.999978e-01
9.999978e-01
9.999978e-01
9.999979e-01
9.999979e-01
9.999979e-01
9.999980e-01
9.999980e-01
9.999980e-01
9.999981e-01
9.999981e-01
9.999981e-01
9.999982e-01
9.999982e-01
9.999982e-01
9.999983e-01
9.999983e-01
9.999983e-01
9.999984e-01
9.999984e-01
9.999984e-01
9.999985e-01
9.999985e-01
9.999985e-01
9.999986e-01
9.999986e-01
9.999986e-01
9.999987e-01
9.999987e-01
9.999987e-01
9.999987e-01
9.999988e-01
9.999987e-01
9.999987e-01
9.999986e-01
9.999985e-01
9.999982e-01
9.999977e-01
9.999969e-01
9.999955e-01
9.999931e-01
9.999893e-01
9.999829e-01
9.999724e-01
9.999550e-01
9.999263e-01
9.998790e-01
9.998010e-01
9.996723e-01
9.994603e-01
9.991109e-01
9.985354e-01
9.975879e-01
9.960297e-01
9.934712e-01
9.892815e-01
9.824505e-01
9.713917e-01
9.536925e-01
9.258787e-01
8.834014e-01
8.212800e-01
7.359540e-01
6.283266e-01
5.062610e-01
3.834443e-01
2.738942e-01
1.861910e-01
1.218580e-01
7.763305e-02
4.857062e-02
3.003370e-02
1.843438e-02
1.126291e-02
6.861921e-03
4.173465e-03
2.535748e-03
1.539815e-03
9.347990e-04
5.675002e-04
3.446093e-04
2.093899e-04
1.273763e-04
7.764507e-05
4.749817e-05
2.923139e-05
1.817071e-05
1.148104e-05
7.442492e-06
5.012020e-06
3.556808e-06
2.693173e-06
2.188260e-06
1.900956e-06
1.745561e-06
1.670192e-06
1.643290e-06
1.645797e-06
1.666072e-06
1.697129e-06
1.734660e-06
1.776117e-06
1.819892e-06
1.865065e-06
1.911027e-06
1.957453e-06
2.004103e-06
2.050870e-06
2.097650e-06
2.144417e-06
2.191118e-06
2.237754e-06
2.284292e-06
2.330743e-06
2.377083e-06
2.423324e-06
2.469446e-06
2.515462e-06
2.561355e-06
2.607135e-06
2.652788e-06
2.698323e-06
2.743727e-06
2.789008e-06
2.834154e-06
2.879173e-06
2.924052e-06
2.968800e-06
3.013404e-06
3.057873e-06
3.102194e-06
3.146374e-06
3.190404e-06
3.234288e-06
3.278017e-06
3.321597e-06
3.365018e-06
3.408285e-06
3.451390e-06
3.494337e-06
3.537117e-06
3.579734e-06
3.622182e-06
3.664463e-06
3.706569e-06
3.748505e-06
3.790263e-06
3.831847e-06
3.873248e-06
3.914471e-06
3.955508e-06
3.996363e-06
4.037028e-06
4.077507e-06
4.117792e-06
4.157887e-06
4.197785e-06
4.237489e-06
4.276993e-06
4.316298e-06
4.355399e-06
4.394298e-06
4.432989e-06
4.471475e-06
4.509750e-06
4.547815e-06
4.585665e-06
4.623303e-06
4.660722e-06
4.697924e-06
4.734905e-06
4.771665e-06
4.808201e-06
4.844513e-06
4.880596e-06
4.916452e-06
4.952076e-06
4.987470e-06
5.022629e-06
5.057553e-06
5.092240e-06
5.126688e-06
5.160896e-06
5.194863e-06
5.228585e-06
5.262063e-06
5.295293e-06
5.328277e-06
5.361009e-06
5.393491e-06
5.425720e-06
5.457695e-06
5.489413e-06
5.520874e-06
5.552076e-06
5.583019e-06
5.613699e-06
5.644117e-06
5.674269e-06
5.704156e-06
5.733774e-06
5.763125e-06
5.792204e-06
5.821013e-06
5.849548e-06
5.877809e-06
5.905794e-06
5.933503e-06
5.960932e-06
5.988083e-06
6.014953e-06
6.041540e-06
6.067844e-06
6.093864e-06
6.119597e-06
6.145044e-06
6.170202e-06
6.195072e-06
6.219650e-06
6.243937e-06
6.267930e-06
6.291630e-06
6.315034e-06
6.338143e-06
6.360953e-06
6.383466e-06
6.405678e-06
6.427591e-06
6.449202e-06
6.470510e-06
6.491515e-06
6.512215e-06
6.532609e-06
6.552698e-06
6.572478e-06
6.591950e-06
6.611113e-06
6.629966e-06
6.648507e-06
6.666737e-06
6.684653e-06
6.702257e-06
6.719545e-06
6.736518e-06
6.753175e-06
6.769516e-06
6.785538e-06
6.801242e-06
6.816627e-06
6.831692e-06
6.846436e-06
6.860860e-06
6.874960e-06
6.888739e-06
6.902194e-06
6.915325e-06
6.928132e-06
6.940614e-06
6.952769e-06
6.964599e-06
6.976101e-06
6.987276e-06
6.998123e-06
7.008642e-06
7.018832e-06
7.028693e-06
7.038223e-06
7.047423e-06
7.056292e-06
7.064831e-06
7.073037e-06
7.080912e-06
7.088454e-06
7.095663e-06
7.102539e-06
7.109083e-06
7.115292e-06
7.121167e-06
7.126708e-06
7.131915e-06
7.136787e-06
7.141324e-06
7.145525e-06
7.149392e-06
7.152922e-06
7.156117e-06
7.158976e-06
7.161499e-06
7.163686e-06
7.165537e-06
7.167051e-06
7.168229e-06
7.169070e-06
7.169575e-06
