4.926277e-06
4.926162e-06
4.925815e-06
4.925238e-06
4.924430e-06
4.923392e-06
4.922122e-06
4.920622e-06
4.918891e-06
4.916930e-06
4.914738e-06
4.912316e-06
4.909664e-06
4.906782e-06
4.903669e-06
4.900328e-06
4.896756e-06
4.892955e-06
4.888924e-06
4.884665e-06
4.880176e-06
4.875459e-06
4.870513e-06
4.865340e-06
4.859938e-06
4.854308e-06
4.848451e-06
4.842367e-06
4.836055e-06
4.829518e-06
4.822753e-06
4.815764e-06
4.808548e-06
4.801107e-06
4.793440e-06
4.785550e-06
4.777435e-06
4.769096e-06
4.760534e-06
4.751749e-06
4.742740e-06
4.733510e-06
4.724058e-06
4.714385e-06
4.704491e-06
4.694376e-06
4.684041e-06
4.673488e-06
4.662714e-06
4.651723e-06
4.640513e-06
4.629087e-06
4.617443e-06
4.605583e-06
4.593507e-06
4.581216e-06
4.568711e-06
4.555991e-06
4.543058e-06
4.529912e-06
4.516554e-06
4.502984e-06
4.489204e-06
4.475213e-06
4.461012e-06
4.446603e-06
4.431985e-06
4.417160e-06
4.402127e-06
4.386889e-06
4.371445e-06
4.355796e-06
4.339943e-06
4.323888e-06
4.307629e-06
4.291169e-06
4.274508e-06
4.257647e-06
4.240586e-06
4.223327e-06
4.205869e-06
4.188216e-06
4.170365e-06
4.152320e-06
4.134080e-06
4.115647e-06
4.097020e-06
4.078203e-06
4.059193e-06
4.039995e-06
4.020606e-06
4.001030e-06
3.981266e-06
3.961317e-06
3.941181e-06
3.920861e-06
3.900357e-06
3.879672e-06
3.858804e-06
3.837756e-06
3.816528e-06
3.795122e-06
3.773537e-06
3.751777e-06
3.729840e-06
3.707730e-06
3.685445e-06
3.662988e-06
3.640360e-06
3.617562e-06
3.594593e-06
3.571458e-06
3.548154e-06
3.524686e-06
3.501051e-06
3.477254e-06
3.453293e-06
3.429172e-06
3.404889e-06
3.380448e-06
3.355848e-06
3.331092e-06
3.306179e-06
3.281113e-06
3.255892e-06
3.230520e-06
3.204995e-06
3.179322e-06
3.153500e-06
3.127531e-06
3.101414e-06
3.075154e-06
3.048749e-06
3.022203e-06
2.995514e-06
2.968686e-06
2.941719e-06
2.914615e-06
2.887374e-06
2.859999e-06
2.832489e-06
2.804849e-06
2.777075e-06
2.749174e-06
2.721143e-06
2.692986e-06
2.664702e-06
2.636295e-06
2.607763e-06
2.579112e-06
2.550338e-06
2.521447e-06
2.492436e-06
2.463312e-06
2.434069e-06
2.404716e-06
2.375248e-06
2.345672e-06
2.315984e-06
2.286191e-06
2.256287e-06
2.226283e-06
2.196170e-06
2.165959e-06
2.135643e-06
2.105232e-06
2.074719e-06
2.044113e-06
2.013407e-06
1.982612e-06
1.951721e-06
1.920743e-06
1.889671e-06
1.858516e-06
1.827269e-06
1.795943e-06
1.764528e-06
1.733038e-06
1.701461e-06
1.669814e-06
1.638083e-06
1.606288e-06
1.574416e-06
1.542490e-06
1.510499e-06
1.478475e-06
1.446415e-06
1.414373e-06
1.382374e-06
1.350522e-06
1.318921e-06
1.287813e-06
1.257520e-06
1.228651e-06
1.202126e-06
1.179552e-06
1.163477e-06
1.158207e-06
1.170729e-06
1.212682e-06
1.303125e-06
1.473618e-06
1.776043e-06
2.296103e-06
3.174916e-06
4.645343e-06
7.091079e-06
1.114496e-05
1.785007e-05
2.892637e-05
4.720902e-05
7.737223e-05
1.271205e-04
2.091523e-04
3.443919e-04
5.673062e-04
9.346338e-04
1.539687e-03
2.535673e-03
4.173466e-03
6.862037e-03
1.126320e-02
1.843496e-02
3.003472e-02
4.857230e-02
7.763572e-02
1.218621e-01
1.861968e-01
2.739019e-01
3.834534e-01
5.062707e-01
6.283357e-01
7.359616e-01
8.212857e-01
8.834055e-01
9.258815e-01
9.536943e-01
9.713929e-01
9.824513e-01
9.892820e-01
9.934716e-01
9.960300e-01
9.975881e-01
9.985356e-01
9.991111e-01
9.994605e-01
9.996725e-01
9.998011e-01
9.998792e-01
9.999265e-01
9.999552e-01
9.999726e-01
9.999831e-01
9.999895e-01
9.999933e-01
9.999957e-01
9.999971e-01
9.999979e-01
9.999984e-01
9.999987e-01
9.999989e-01
9.999990e-01
9.999990e-01
9.999990e-01
9.999990e-01
9.999990e-01
9.999990e-01
9.999990e-01
9.999989e-01
9.999989e-01
9.999989e-01
9.999989e-01
9.999988e-01
9.999988e-01
9.999988e-01
9.999988e-01
9.999987e-01
9.999987e-01
9.999987e-01
9.999987e-01
9.999986e-01
9.999986e-01
9.999986e-01
9.999986e-01
9.999985e-01
9.999985e-01
9.999985e-01
9.999984e-01
9.999984e-01
9.999984e-01
9.999984e-01
9.999983e-01
9.999983e-01
9.999983e-01
9.999983e-01
9.999982e-01
9.999982e-01
9.999982e-01
9.999982e-01
9.999981e-01
9.999981e-01
9.999981e-01
9.999981e-01
9.999980e-01
9.999980e-01
9.999980e-01
9.999980e-01
9.999979e-01
9.999979e-01
9.999979e-01
9.999979e-01
9.999978e-01
9.999978e-01
9.999978e-01
9.999978e-01
9.999977e-01
9.999977e-01
9.999977e-01
9.999977e-01
9.999976e-01
9.999976e-01
9.999976e-01
9.999976e-01
9.999975e-01
9.999975e-01
9.999975e-01
9.999975e-01
9.999975e-01
9.999974e-01
9.999974e-01
9.999974e-01
9.999974e-01
9.999973e-01
9.999973e-01
9.999973e-01
9.999973e-01
9.999972e-01
9.999972e-01
9.999972e-01
9.999972e-01
9.999972e-01
9.999971e-01
9.999971e-01
9.999971e-01
9.999971e-01
9.999970e-01
9.999970e-01
9.999970e-01
9.999970e-01
9.999970e-01
9.999969e-01
9.999969e-01
9.999969e-01
9.999969e-01
9.999968e-01
9.999968e-01
9.999968e-01
9.999968e-01
9.999968e-01
9.999967e-01
9.999967e-01
9.999967e-01
9.999967e-01
9.999967e-01
9.999966e-01
9.999966e-01
9.999966e-01
9.999966e-01
9.999966e-01
9.999965e-01
9.999965e-01
9.999965e-01
9.999965e-01
9.999965e-01
9.999964e-01
9.999964e-01
9.999964e-01
9.999964e-01
9.999964e-01
9.999964e-01
9.999963e-01
9.999963e-01
9.999963e-01
9.999963e-01
9.999963e-01
9.999962e-01
9.999962e-01
9.999962e-01
9.999962e-01
9.999962e-01
9.999962e-01
9.999961e-01
9.999961e-01
9.999961e-01
9.999961e-01
9.999961e-01
9.999961e-01
9.999960e-01
9.999960e-01
9.999960e-01
9.999960e-01
9.999960e-01
9.999960e-01
9.999959e-01
9.999959e-01
9.999959e-01
9.999959e-01
9.999959e-01
9.999959e-01
9.999959e-01
9.999958e-01
9.999958e-01
9.999958e-01
9.999958e-01
9.999958e-01
9.999958e-01
9.999958e-01
9.999957e-01
9.999957e-01
9.999957e-01
9.999957e-01
9.999957e-01
9.999957e-01
9.999957e-01
9.999956e-01
9.999956e-01
9.999956e-01
9.999956e-01
9.999956e-01
9.999956e-01
9.999956e-01
9.999956e-01
9.999955e-01
9.999955e-01
9.999955e-01
9.999955e-01
9.999955e-01
9.999955e-01
9.999955e-01
9.999955e-01
9.999955e-01
9.999954e-01
9.999954e-01
9.999954e-01
9.999954e-01
9.999954e-01
9.999954e-01
9.999954e-01
9.999954e-01
9.999954e-01
9.999954e-01
9.999953e-01
9.999953e-01
9.999953e-01
9.999953e-01
9.999953e-01
9.999953e-01
9.999953e-01
9.999953e-01
9.999953e-01
9.999953e-01
9.999953e-01
9.999953e-01
9.999952e-01
9.999952e-01
9.999952e-01
9.999952e-01
9.999952e-01
9.999952e-01
9.999952e-01
9.999952e-01
9.999952e-01
9.999952e-01
9.999952e-01
9.999952e-01
9.999952e-01
9.999952e-01
9.999952e-01
9.999952e-01
9.999951e-01
9.999951e-01
9.999951e-01
9.999951e-01
9.999951e-01
9.999951e-01
9.999951e-01
9.999951e-01
9.999951e-01
9.999951e-01
9.999951e-01
9.999951e-01
9.999951e-01
9.999951e-01
9.999951e-01
9.999951e-01
9.999951e-01
9.999951e-01
9.999951e-01
9.999951e-01
9.999951e-01
9.999951e-01
9.999951e-01
9.999951e-01
9.999951e-01
9.999951e-01
9.999951e-01
9.999951e-01
9.999951e-01
9.999951e-01
9.999951e-01
9.999951e-01
9.999951e-01
9.999951e-01
9.999951e-01
9.999951e-01
9.999951e-01
9.999951e-01
9.999951e-01
9.999951e-01
9.999951e-01
9.999951e-01
9.999951e-01
9.999951e-01
9.999951e-01
9.999951e-01
9.999951e-01
9.999951e-01
9.999951e-01
9.999951e-01
9.999951e-01
9.999951e-01
9.999951e-01
9.999951e-01
9.999951e-01
9.999951e-01
9.999951e-01
9.999951e-01
9.999951e-01
9.999951e-01
9.999951e-01
9.999951e-01
9.999951e-01
9.999951e-01
9.999951e-01
9.999951e-01
9.999951e-01
9.999952e-01
9.999952e-01
9.999952e-01
9.999952e-01
9.999952e-01
9.999952e-01
9.999952e-01
9.999952e-01
9.999952e-01
9.999952e-01
9.999952e-01
9.999952e-01
9.999952e-01
9.999952e-01
9.999952e-01
9.999952e-01
9.999953e-01
9.999953e-01
9.999953e-01
9.999953e-01
9.999953e-01
9.999953e-01
9.999953e-01
9.999953e-01
9.999953e-01
9.999953e-01
9.999953e-01
9.999953e-01
9.999954e-01
9.999954e-01
9.999954e-01
9.999954e-01
9.999954e-01
9.999954e-01
9.999954e-01
9.999954e-01
9.999954e-01
9.999954e-01
9.999955e-01
9.999955e-01
9.999955e-01
9.999955e-01
9.999955e-01
9.999955e-01
9.999955e-01
9.999955e-01
9.999955e-01
9.999956e-01
9.999956e-01
9.999956e-01
9.999956e-01
9.999956e-01
9.999956e-01
9.999956e-01
9.999956e-01
9.999957e-01
9.999957e-01
9.999957e-01
9.999957e-01
9.999957e-01
9.999957e-01
9.999957e-01
9.999958e-01
9.999958e-01
9.999958e-01
9.999958e-01
9.999958e-01
9.999958e-01
9.999958e-01
9.999959e-01
9.999959e-01
9.999959e-01
9.999959e-01
9.999959e-01
9.999959e-01
9.999959e-01
9.999960e-01
9.999960e-01
9.999960e-01
9.999960e-01
9.999960e-01
9.999960e-01
9.999961e-01
9.999961e-01
9.999961e-01
9.999961e-01
9.999961e-01
9.999961e-01
9.999962e-01
9.999962e-01
9.999962e-01
9.999962e-01
9.999962e-01
9.999962e-01
9.999963e-01
9.999963e-01
9.999963e-01
9.999963e-01
9.999963e-01
9.999964e-01
9.999964e-01
9.999964e-01
9.999964e-01
9.999964e-01
9.999964e-01
9.999965e-01
9.999965e-01
9.999965e-01
9.999965e-01
9.999965e-01
9.999966e-01
9.999966e-01
9.999966e-01
9.999966e-01
9.999966e-01
9.999967e-01
9.999967e-01
9.999967e-01
9.999967e-01
9.999967e-01
9.999968e-01
9.999968e-01
9.999968e-01
9.999968e-01
9.999968e-01
9.999969e-01
9.999969e-01
9.999969e-01
9.999969e-01
9.999970e-01
9.999970e-01
9.999970e-01
9.999970e-01
9.999970e-01
9.999971e-01
9.999971e-01
9.999971e-01
9.999971e-01
9.999972e-01
9.999972e-01
9.999972e-01
9.999972e-01
9.999972e-01
9.999973e-01
9.999973e-01
9.999973e-01
9.999973e-01
9.999974e-01
9.999974e-01
9.999974e-01
9.999974e-01
9.999975e-01
9.999975e-01
9.999975e-01
9.999975e-01
9.999975e-01
9.999976e-01
9.999976e-01
9.999976e-01
9.999976e-01
9.999977e-01
9.999977e-01
9.999977e-01
9.999977e-01
9.999978e-01
9.999978e-01
9.999978e-01
9.999978e-01
9.999979e-01
9.999979e-01
9.999979e-01
9.999979e-01
9.999980e-01
9.999980e-01
9.999980e-01
9.999980e-01
9.999981e-01
9.999981e-01
9.999981e-01
9.999981e-01
9.999982e-01
9.999982e-01
9.999982e-01
9.999982e-01
9.999983e-01
9.999983e-01
9.999983e-01
9.999983e-01
9.999984e-01
9.999984e-01
9.999984e-01
9.999984e-01
9.999985e-01
9.999985e-01
9.999985e-01
9.999986e-01
9.999986e-01
9.999986e-01
9.999986e-01
9.999987e-01
9.999987e-01
9.999987e-01
9.999987e-01
9.999988e-01
9.999988e-01
9.999988e-01
9.999988e-01
9.999989e-01
9.999989e-01
9.999989e-01
9.999989e-01
9.999990e-01
9.999990e-01
9.999990e-01
9.999990e-01
9.999990e-01
9.999990e-01
9.999990e-01
9.999989e-01
9.999987e-01
9.999984e-01
9.999979e-01
9.999971e-01
9.999957e-01
9.999933e-01
9.999895e-01
9.999831e-01
9.999726e-01
9.999552e-01
9.999265e-01
9.998792e-01
9.998011e-01
9.996725e-01
9.994605e-01
9.991111e-01
9.985356e-01
9.975881e-01
9.960300e-01
9.934716e-01
9.892820e-01
9.824513e-01
9.713929e-01
9.536943e-01
9.258815e-01
8.834055e-01
8.212857e-01
7.359616e-01
6.283357e-01
5.062707e-01
3.834534e-01
2.739019e-01
1.861968e-01
1.218621e-01
7.763572e-02
4.857230e-02
3.003472e-02
1.843496e-02
1.126320e-02
6.862037e-03
4.173466e-03
2.535673e-03
1.539687e-03
9.346338e-04
5.673062e-04
3.443919e-04
2.091523e-04
1.271205e-04
7.737223e-05
4.720902e-05
2.892637e-05
1.785007e-05
1.114496e-05
7.091079e-06
4.645343e-06
3.174916e-06
2.296103e-06
1.776043e-06
1.473618e-06
1.303125e-06
1.212682e-06
1.170729e-06
1.158207e-06
1.163477e-06
1.179552e-06
1.202126e-06
1.228651e-06
1.257520e-06
1.287813e-06
1.318921e-06
1.350522e-06
1.382374e-06
1.414373e-06
1.446416e-06
1.478475e-06
1.510499e-06
1.542490e-06
1.574416e-06
1.606288e-06
1.638083e-06
1.669814e-06
1.701461e-06
1.733038e-06
1.764528e-06
1.795943e-06
1.827269e-06
1.858516e-06
1.889671e-06
1.920743e-06
1.951721e-06
1.982612e-06
2.013407e-06
2.044113e-06
2.074719e-06
2.105232e-06
2.135644e-06
2.165959e-06
2.196170e-06
2.226283e-06
2.256287e-06
2.286191e-06
2.315984e-06
2.345672e-06
2.375248e-06
2.404716e-06
2.434069e-06
2.463312e-06
2.492436e-06
2.521447e-06
2.550338e-06
2.579112e-06
2.607764e-06
2.636296e-06
2.664702e-06
2.692987e-06
2.721143e-06
2.749174e-06
2.777076e-06
2.804849e-06
2.832489e-06
2.859999e-06
2.887374e-06
2.914615e-06
2.941719e-06
2.968686e-06
2.995514e-06
3.022203e-06
3.048749e-06
3.075154e-06
3.101414e-06
3.127531e-06
3.153500e-06
3.179322e-06
3.204995e-06
3.230520e-06
3.255892e-06
3.281113e-06
3.306179e-06
3.331092e-06
3.355848e-06
3.380448e-06
3.404889e-06
3.429172e-06
3.453293e-06
3.477254e-06
3.501051e-06
3.524686e-06
3.548154e-06
3.571458e-06
3.594593e-06
3.617562e-06
3.640360e-06
3.662988e-06
3.685445e-06
3.707730e-06
3.729840e-06
3.751777e-06
3.773537e-06
3.795122e-06
3.816528e-06
3.837756e-06
3.858804e-06
3.879672e-06
3.900357e-06
3.920861e-06
3.941181e-06
3.961317e-06
3.981266e-06
4.001030e-06
4.020606e-06
4.039995e-06
4.059193e-06
4.078203e-06
4.097020e-06
4.115647e-06
4.134080e-06
4.152320e-06
4.170365e-06
4.188216e-06
4.205869e-06
4.223327e-06
4.240586e-06
4.257647e-06
4.274508e-06
4.291169e-06
4.307629e-06
4.323888e-06
4.339943e-06
4.355796e-06
4.371445e-06
4.386889e-06
4.402127e-06
4.417160e-06
4.431985e-06
4.446603e-06
4.461012e-06
4.475213e-06
4.489204e-06
4.502984e-06
4.516554e-06
4.529912e-06
4.543058e-06
4.555991e-06
4.568711e-06
4.581216e-06
4.593507e-06
4.605583e-06
4.617443e-06
4.629087e-06
4.640513e-06
4.651723e-06
4.662714e-06
4.673488e-06
4.684041e-06
4.694376e-06
4.704491e-06
4.714385e-06
4.724058e-06
4.733510e-06
4.742740e-06
4.751749e-06
4.760534e-06
4.769096e-06
4.777435e-06
4.785550e-06
4.793440e-06
4.801107e-06
4.808548e-06
4.815764e-06
4.822753e-06
4.829518e-06
4.836055e-06
4.842367e-06
4.848451e-06
4.854308e-06
4.859938e-06
4.865340e-06
4.870513e-06
4.875459e-06
4.880176e-06
4.884665e-06
4.888924e-06
4.892955e-06
4.896756e-06
4.900328e-06
4.903669e-06
4.906782e-06
4.909664e-06
4.912316e-06
4.914738e-06
4.916930e-06
4.918891e-06
4.920622e-06
4.922122e-06
4.923392e-06
4.924430e-06
4.925238e-06
4.925815e-06
4.926162e-06
