3.386963e-06
3.386884e-06
3.386646e-06
3.386250e-06
3.385696e-06
3.384983e-06
3.384112e-06
3.383082e-06
3.381894e-06
3.380549e-06
3.379044e-06
3.377382e-06
3.375562e-06
3.373584e-06
3.371448e-06
3.369154e-06
3.366703e-06
3.364095e-06
3.361328e-06
3.358405e-06
3.355325e-06
3.352088e-06
3.348693e-06
3.345143e-06
3.341435e-06
3.337572e-06
3.333552e-06
3.329377e-06
3.325045e-06
3.320558e-06
3.315916e-06
3.311119e-06
3.306167e-06
3.301060e-06
3.295799e-06
3.290384e-06
3.284814e-06
3.279091e-06
3.273215e-06
3.267186e-06
3.261003e-06
3.254669e-06
3.248182e-06
3.241543e-06
3.234753e-06
3.227811e-06
3.220718e-06
3.213476e-06
3.206082e-06
3.198539e-06
3.190845e-06
3.183003e-06
3.175012e-06
3.166873e-06
3.158585e-06
3.150149e-06
3.141566e-06
3.132837e-06
3.123961e-06
3.114939e-06
3.105771e-06
3.096458e-06
3.087000e-06
3.077398e-06
3.067652e-06
3.057763e-06
3.047730e-06
3.037555e-06
3.027238e-06
3.016780e-06
3.006180e-06
2.995441e-06
2.984560e-06
2.973541e-06
2.962382e-06
2.951085e-06
2.939650e-06
2.928078e-06
2.916369e-06
2.904523e-06
2.892542e-06
2.880425e-06
2.868174e-06
2.855789e-06
2.843270e-06
2.830619e-06
2.817835e-06
2.804920e-06
2.791873e-06
2.778696e-06
2.765389e-06
2.751953e-06
2.738388e-06
2.724696e-06
2.710876e-06
2.696929e-06
2.682856e-06
2.668659e-06
2.654336e-06
2.639890e-06
2.625320e-06
2.610628e-06
2.595813e-06
2.580877e-06
2.565821e-06
2.550645e-06
2.535349e-06
2.519936e-06
2.504405e-06
2.488757e-06
2.472992e-06
2.457113e-06
2.441117e-06
2.425009e-06
2.408787e-06
2.392453e-06
2.376007e-06
2.359450e-06
2.342783e-06
2.326007e-06
2.309122e-06
2.292130e-06
2.275029e-06
2.257824e-06
2.240512e-06
2.223097e-06
2.205577e-06
2.187955e-06
2.170230e-06
2.152405e-06
2.134479e-06
2.116454e-06
2.098329e-06
2.080107e-06
2.061787e-06
2.043373e-06
2.024861e-06
2.006257e-06
1.987558e-06
1.968767e-06
1.949883e-06
1.930911e-06
1.911846e-06
1.892694e-06
1.873452e-06
1.854124e-06
1.834708e-06
1.815209e-06
1.795623e-06
1.775956e-06
1.756203e-06
1.736372e-06
1.716456e-06
1.696464e-06
1.676390e-06
1.656240e-06
1.636011e-06
1.615709e-06
1.595328e-06
1.574876e-06
1.554348e-06
1.533751e-06
1.513078e-06
1.492340e-06
1.471528e-06
1.450651e-06
1.429703e-06
1.408693e-06
1.387613e-06
1.366473e-06
1.345265e-06
1.323999e-06
1.302667e-06
1.281280e-06
1.259828e-06
1.238323e-06
1.216755e-06
1.195138e-06
1.173459e-06
1.151734e-06
1.129951e-06
1.108126e-06
1.086248e-06
1.064339e-06
1.042387e-06
1.020423e-06
9.984467e-07
9.765078e-07
9.546325e-07
9.329240e-07
9.114864e-07
8.905604e-07
8.704679e-07
8.518180e-07
8.355301e-07
8.232090e-07
8.174038e-07
8.224202e-07
8.452447e-07
8.975156e-07
9.982908e-07
1.179131e-06
1.491919e-06
2.022357e-06
2.911564e-06
4.392403e-06
6.848575e-06
1.091292e-05
1.762854e-05
2.871540e-05
4.700872e-05
7.718276e-05
1.269421e-04
2.089854e-04
3.442373e-04
5.671649e-04
9.345079e-04
1.539580e-03
2.535590e-03
4.173415e-03
6.862034e-03
1.126327e-02
1.843514e-02
3.003506e-02
4.857290e-02
7.763671e-02
1.218636e-01
1.861989e-01
2.739048e-01
3.834569e-01
5.062743e-01
6.283392e-01
7.359645e-01
8.212879e-01
8.834070e-01
9.258825e-01
9.536950e-01
9.713933e-01
9.824516e-01
9.892822e-01
9.934717e-01
9.960301e-01
9.975882e-01
9.985357e-01
9.991112e-01
9.994606e-01
9.996726e-01
9.998012e-01
9.998793e-01
9.999266e-01
9.999553e-01
9.999727e-01
9.999832e-01
9.999896e-01
9.999935e-01
9.999958e-01
9.999972e-01
9.999981e-01
9.999986e-01
9.999989e-01
9.999991e-01
9.999992e-01
9.999992e-01
9.999992e-01
9.999992e-01
9.999992e-01
9.999992e-01
9.999992e-01
9.999992e-01
9.999992e-01
9.999991e-01
9.999991e-01
9.999991e-01
9.999991e-01
9.999991e-01
9.999990e-01
9.999990e-01
9.999990e-01
9.999990e-01
9.999990e-01
9.999989e-01
9.999989e-01
9.999989e-01
9.999989e-01
9.999989e-01
9.999988e-01
9.999988e-01
9.999988e-01
9.999988e-01
9.999988e-01
9.999987e-01
9.999987e-01
9.999987e-01
9.999987e-01
9.999986e-01
9.999986e-01
9.999986e-01
9.999986e-01
9.999986e-01
9.999985e-01
9.999985e-01
9.999985e-01
9.999985e-01
9.999985e-01
9.999985e-01
9.999984e-01
9.999984e-01
9.999984e-01
9.999984e-01
9.999984e-01
9.999983e-01
9.999983e-01
9.999983e-01
9.999983e-01
9.999983e-01
9.999982e-01
9.999982e-01
9.999982e-01
9.999982e-01
9.999982e-01
9.999981e-01
9.999981e-01
9.999981e-01
9.999981e-01
9.999981e-01
9.999980e-01
9.999980e-01
9.999980e-01
9.999980e-01
9.999980e-01
9.999980e-01
9.999979e-01
9.999979e-01
9.999979e-01
9.999979e-01
9.999979e-01
9.999978e-01
9.999978e-01
9.999978e-01
9.999978e-01
9.999978e-01
9.999978e-01
9.999977e-01
9.999977e-01
9.999977e-01
9.999977e-01
9.999977e-01
9.999977e-01
9.999976e-01
9.999976e-01
9.999976e-01
9.999976e-01
9.999976e-01
9.999976e-01
9.999975e-01
9.999975e-01
9.999975e-01
9.999975e-01
9.999975e-01
9.999975e-01
9.999974e-01
9.999974e-01
9.999974e-01
9.999974e-01
9.999974e-01
9.999974e-01
9.999973e-01
9.999973e-01
9.999973e-01
9.999973e-01
9.999973e-01
9.999973e-01
9.999973e-01
9.999972e-01
9.999972e-01
9.999972e-01
9.999972e-01
9.999972e-01
9.999972e-01
9.999972e-01
9.999971e-01
9.999971e-01
9.999971e-01
9.999971e-01
9.999971e-01
9.999971e-01
9.999971e-01
9.999970e-01
9.999970e-01
9.999970e-01
9.999970e-01
9.999970e-01
9.999970e-01
9.999970e-01
9.999969e-01
9.999969e-01
9.999969e-01
9.999969e-01
9.999969e-01
9.999969e-01
9.999969e-01
9.999969e-01
9.999968e-01
9.999968e-01
9.999968e-01
9.999968e-01
9.999968e-01
9.999968e-01
9.999968e-01
9.999968e-01
9.999967e-01
9.999967e-01
9.999967e-01
9.999967e-01
9.999967e-01
9.999967e-01
9.999967e-01
9.999967e-01
9.999967e-01
9.999966e-01
9.999966e-01
9.999966e-01
9.999966e-01
9.999966e-01
9.999966e-01
9.999966e-01
9.999966e-01
9.999966e-01
9.999966e-01
9.999965e-01
9.999965e-01
9.999965e-01
9.999965e-01
9.999965e-01
9.999965e-01
9.999965e-01
9.999965e-01
9.999965e-01
9.999965e-01
9.999965e-01
9.999965e-01
9.999964e-01
9.999964e-01
9.999964e-01
9.999964e-01
9.999964e-01
9.999964e-01
9.999964e-01
9.999964e-01
9.999964e-01
9.999964e-01
9.999964e-01
9.999964e-01
9.999964e-01
9.999963e-01
9.999963e-01
9.999963e-01
9.999963e-01
9.999963e-01
9.999963e-01
9.999963e-01
9.999963e-01
9.999963e-01
9.999963e-01
9.999963e-01
9.999963e-01
9.999963e-01
9.999963e-01
9.999963e-01
9.999963e-01
9.999963e-01
9.999962e-01
9.999962e-01
9.999962e-01
9.999962e-01
9.999962e-01
9.999962e-01
9.999962e-01
9.999962e-01
9.999962e-01
9.999962e-01
9.999962e-01
9.999962e-01
9.999962e-01
9.999962e-01
9.999962e-01
9.999962e-01
9.999962e-01
9.999962e-01
9.999962e-01
9.999962e-01
9.999962e-01
9.999962e-01
9.999962e-01
9.999962e-01
9.999962e-01
9.999962e-01
9.999962e-01
9.999962e-01
9.999962e-01
9.999962e-01
9.999962e-01
9.999962e-01
9.999962e-01
9.999961e-01
9.999961e-01
9.999961e-01
9.999961e-01
9.999961e-01
9.999961e-01
9.999961e-01
9.999961e-01
9.999961e-01
9.999961e-01
9.999961e-01
9.999961e-01
9.999961e-01
9.999961e-01
9.999961e-01
9.999961e-01
9.999961e-01
9.999962e-01
9.999962e-01
9.999962e-01
9.999962e-01
9.999962e-01
9.999962e-01
9.999962e-01
9.999962e-01
9.999962e-01
9.999962e-01
9.999962e-01
9.999962e-01
9.999962e-01
9.999962e-01
9.999962e-01
9.999962e-01
9.999962e-01
9.999962e-01
9.999962e-01
9.999962e-01
9.999962e-01
9.999962e-01
9.999962e-01
9.999962e-01
9.999962e-01
9.999962e-01
9.999962e-01
9.999962e-01
9.999962e-01
9.999962e-01
9.999962e-01
9.999962e-01
9.999962e-01
9.999963e-01
9.999963e-01
9.999963e-01
9.999963e-01
9.999963e-01
9.999963e-01
9.999963e-01
9.999963e-01
9.999963e-01
9.999963e-01
9.999963e-01
9.999963e-01
9.999963e-01
9.999963e-01
9.999963e-01
9.999963e-01
9.999963e-01
9.999964e-01
9.999964e-01
9.999964e-01
9.999964e-01
9.999964e-01
9.999964e-01
9.999964e-01
9.999964e-01
9.999964e-01
9.999964e-01
9.999964e-01
9.999964e-01
9.999964e-01
9.999965e-01
9.999965e-01
9.999965e-01
9.999965e-01
9.999965e-01
9.999965e-01
9.999965e-01
9.999965e-01
9.999965e-01
9.999965e-01
9.999965e-01
9.999965e-01
9.999966e-01
9.999966e-01
9.999966e-01
9.999966e-01
9.999966e-01
9.999966e-01
9.999966e-01
9.999966e-01
9.999966e-01
9.999966e-01
9.999967e-01
9.999967e-01
9.999967e-01
9.999967e-01
9.999967e-01
9.999967e-01
9.999967e-01
9.999967e-01
9.999967e-01
9.999968e-01
9.999968e-01
9.999968e-01
9.999968e-01
9.999968e-01
9.999968e-01
9.999968e-01
9.999968e-01
9.999969e-01
9.999969e-01
9.999969e-01
9.999969e-01
9.999969e-01
9.999969e-01
9.999969e-01
9.999969e-01
9.999970e-01
9.999970e-01
9.999970e-01
9.999970e-01
9.999970e-01
9.999970e-01
9.999970e-01
9.999971e-01
9.999971e-01
9.999971e-01
9.999971e-01
9.999971e-01
9.999971e-01
9.999971e-01
9.999972e-01
9.999972e-01
9.999972e-01
9.999972e-01
9.999972e-01
9.999972e-01
9.999972e-01
9.999973e-01
9.999973e-01
9.999973e-01
9.999973e-01
9.999973e-01
9.999973e-01
9.999973e-01
9.999974e-01
9.999974e-01
9.999974e-01
9.999974e-01
9.999974e-01
9.999974e-01
9.999975e-01
9.999975e-01
9.999975e-01
9.999975e-01
9.999975e-01
9.999975e-01
9.999976e-01
9.999976e-01
9.999976e-01
9.999976e-01
9.999976e-01
9.999976e-01
9.999977e-01
9.999977e-01
9.999977e-01
9.999977e-01
9.999977e-01
9.999977e-01
9.999978e-01
9.999978e-01
9.999978e-01
9.999978e-01
9.999978e-01
9.999978e-01
9.999979e-01
9.999979e-01
9.999979e-01
9.999979e-01
9.999979e-01
9.999980e-01
9.999980e-01
9.999980e-01
9.999980e-01
9.999980e-01
9.999980e-01
9.999981e-01
9.999981e-01
9.999981e-01
9.999981e-01
9.999981e-01
9.999982e-01
9.999982e-01
9.999982e-01
9.999982e-01
9.999982e-01
9.999983e-01
9.999983e-01
9.999983e-01
9.999983e-01
9.999983e-01
9.999984e-01
9.999984e-01
9.999984e-01
9.999984e-01
9.999984e-01
9.999985e-01
9.999985e-01
9.999985e-01
9.999985e-01
9.999985e-01
9.999985e-01
9.999986e-01
9.999986e-01
9.999986e-01
9.999986e-01
9.999986e-01
9.999987e-01
9.999987e-01
9.999987e-01
9.999987e-01
9.999988e-01
9.999988e-01
9.999988e-01
9.999988e-01
9.999988e-01
9.999989e-01
9.999989e-01
9.999989e-01
9.999989e-01
9.999989e-01
9.999990e-01
9.999990e-01
9.999990e-01
9.999990e-01
9.999990e-01
9.999991e-01
9.999991e-01
9.999991e-01
9.999991e-01
9.999991e-01
9.999992e-01
9.999992e-01
9.999992e-01
9.999992e-01
9.999992e-01
9.999992e-01
9.999992e-01
9.999992e-01
9.999992e-01
9.999991e-01
9.999989e-01
9.999986e-01
9.999981e-01
9.999972e-01
9.999958e-01
9.999935e-01
9.999896e-01
9.999832e-01
9.999727e-01
9.999553e-01
9.999266e-01
9.998793e-01
9.998012e-01
9.996726e-01
9.994606e-01
9.991112e-01
9.985357e-01
9.975882e-01
9.960301e-01
9.934717e-01
9.892822e-01
9.824516e-01
9.713933e-01
9.536950e-01
9.258825e-01
8.834070e-01
8.212879e-01
7.359645e-01
6.283392e-01
5.062743e-01
3.834569e-01
2.739048e-01
1.861989e-01
1.218636e-01
7.763671e-02
4.857290e-02
3.003506e-02
1.843514e-02
1.126327e-02
6.862034e-03
4.173415e-03
2.535590e-03
1.539580e-03
9.345079e-04
5.671649e-04
3.442373e-04
2.089854e-04
1.269421e-04
7.718276e-05
4.700872e-05
2.871540e-05
1.762854e-05
1.091292e-05
6.848575e-06
4.392403e-06
2.911564e-06
2.022357e-06
1.491919e-06
1.179131e-06
9.982908e-07
8.975157e-07
8.452447e-07
8.224202e-07
8.174039e-07
8.232090e-07
8.355301e-07
8.518181e-07
8.704680e-07
8.905604e-07
9.114865e-07
9.329240e-07
9.546326e-07
9.765079e-07
9.984468e-07
1.020424e-06
1.042387e-06
1.064339e-06
1.086248e-06
1.108126e-06
1.129951e-06
1.151734e-06
1.173459e-06
1.195138e-06
1.216755e-06
1.238323e-06
1.259828e-06
1.281280e-06
1.302667e-06
1.323999e-06
1.345265e-06
1.366473e-06
1.387613e-06
1.408693e-06
1.429703e-06
1.450651e-06
1.471528e-06
1.492340e-06
1.513078e-06
1.533751e-06
1.554348e-06
1.574876e-06
1.595328e-06
1.615709e-06
1.636011e-06
1.656241e-06
1.676390e-06
1.696464e-06
1.716456e-06
1.736372e-06
1.756203e-06
1.775956e-06
1.795623e-06
1.815209e-06
1.834708e-06
1.854124e-06
1.873452e-06
1.892694e-06
1.911846e-06
1.930911e-06
1.949884e-06
1.968767e-06
1.987558e-06
2.006257e-06
2.024861e-06
2.043373e-06
2.061787e-06
2.080107e-06
2.098329e-06
2.116454e-06
2.134479e-06
2.152405e-06
2.170230e-06
2.187956e-06
2.205577e-06
2.223097e-06
2.240512e-06
2.257824e-06
2.275029e-06
2.292130e-06
2.309122e-06
2.326007e-06
2.342783e-06
2.359450e-06
2.376007e-06
2.392453e-06
2.408787e-06
2.425009e-06
2.441117e-06
2.457113e-06
2.472992e-06
2.488757e-06
2.504405e-06
2.519936e-06
2.535349e-06
2.550645e-06
2.565821e-06
2.580877e-06
2.595813e-06
2.610628e-06
2.625320e-06
2.639890e-06
2.654336e-06
2.668659e-06
2.682856e-06
2.696929e-06
2.710876e-06
2.724696e-06
2.738388e-06
2.751953e-06
2.765389e-06
2.778696e-06
2.791873e-06
2.804920e-06
2.817835e-06
2.830619e-06
2.843270e-06
2.855789e-06
2.868174e-06
2.880425e-06
2.892542e-06
2.904523e-06
2.916369e-06
2.928078e-06
2.939650e-06
2.951085e-06
2.962382e-06
2.973541e-06
2.984560e-06
2.995441e-06
3.006180e-06
3.016780e-06
3.027238e-06
3.037555e-06
3.047730e-06
3.057763e-06
3.067652e-06
3.077398e-06
3.087000e-06
3.096458e-06
3.105771e-06
3.114939e-06
3.123961e-06
3.132837e-06
3.141566e-06
3.150149e-06
3.158585e-06
3.166872e-06
3.175012e-06
3.183003e-06
3.190845e-06
3.198539e-06
3.206082e-06
3.213476e-06
3.220718e-06
3.227811e-06
3.234753e-06
3.241543e-06
3.248182e-06
3.254669e-06
3.261003e-06
3.267186e-06
3.273215e-06
3.279091e-06
3.284814e-06
3.290384e-06
3.295799e-06
3.301060e-06
3.306167e-06
3.311119e-06
3.315916e-06
3.320558e-06
3.325045e-06
3.329377e-06
3.333552e-06
3.337572e-06
3.341435e-06
3.345143e-06
3.348693e-06
3.352088e-06
3.355325e-06
3.358405e-06
3.361328e-06
3.364095e-06
3.366703e-06
3.369154e-06
3.371448e-06
3.373584e-06
3.375562e-06
3.377382e-06
3.379044e-06
3.380549e-06
3.381894e-06
3.383082e-06
3.384112e-06
3.384983e-06
3.385696e-06
3.386250e-06
3.386646e-06
3.386884e-06
