4.084398e-06
4.084302e-06
4.084015e-06
4.083537e-06
4.082868e-06
4.082007e-06
4.080956e-06
4.079713e-06
4.078279e-06
4.076655e-06
4.074839e-06
4.072833e-06
4.070636e-06
4.068248e-06
4.065670e-06
4.062902e-06
4.059943e-06
4.056794e-06
4.053455e-06
4.049927e-06
4.046209e-06
4.042301e-06
4.038204e-06
4.033918e-06
4.029443e-06
4.024780e-06
4.019928e-06
4.014888e-06
4.009660e-06
4.004244e-06
3.998641e-06
3.992851e-06
3.986873e-06
3.980709e-06
3.974359e-06
3.967822e-06
3.961100e-06
3.954192e-06
3.947099e-06
3.939822e-06
3.932360e-06
3.924714e-06
3.916884e-06
3.908871e-06
3.900674e-06
3.892296e-06
3.883734e-06
3.874992e-06
3.866067e-06
3.856962e-06
3.847676e-06
3.838211e-06
3.828565e-06
3.818741e-06
3.808737e-06
3.798556e-06
3.788196e-06
3.777659e-06
3.766945e-06
3.756056e-06
3.744990e-06
3.733749e-06
3.722333e-06
3.710743e-06
3.698979e-06
3.687043e-06
3.674933e-06
3.662653e-06
3.650200e-06
3.637576e-06
3.624782e-06
3.611819e-06
3.598687e-06
3.585386e-06
3.571918e-06
3.558282e-06
3.544480e-06
3.530512e-06
3.516379e-06
3.502082e-06
3.487620e-06
3.472995e-06
3.458208e-06
3.443259e-06
3.428149e-06
3.412879e-06
3.397449e-06
3.381860e-06
3.366113e-06
3.350209e-06
3.334147e-06
3.317930e-06
3.301557e-06
3.285031e-06
3.268350e-06
3.251517e-06
3.234531e-06
3.217395e-06
3.200108e-06
3.182671e-06
3.165085e-06
3.147352e-06
3.129471e-06
3.111445e-06
3.093272e-06
3.074955e-06
3.056494e-06
3.037890e-06
3.019144e-06
3.000258e-06
2.981230e-06
2.962064e-06
2.942759e-06
2.923317e-06
2.903737e-06
2.884023e-06
2.864173e-06
2.844190e-06
2.824073e-06
2.803826e-06
2.783446e-06
2.762937e-06
2.742298e-06
2.721532e-06
2.700638e-06
2.679619e-06
2.658474e-06
2.637205e-06
2.615812e-06
2.594299e-06
2.572662e-06
2.550907e-06
2.529032e-06
2.507040e-06
2.484929e-06
2.462704e-06
2.440362e-06
2.417908e-06
2.395340e-06
2.372661e-06
2.349870e-06
2.326972e-06
2.303962e-06
2.280847e-06
2.257624e-06
2.234298e-06
2.210865e-06
2.187331e-06
2.163693e-06
2.139956e-06
2.116117e-06
2.092182e-06
2.068147e-06
2.044018e-06
2.019791e-06
1.995473e-06
1.971059e-06
1.946556e-06
1.921960e-06
1.897277e-06
1.872502e-06
1.847643e-06
1.822695e-06
1.797666e-06
1.772549e-06
1.747354e-06
1.722073e-06
1.696717e-06
1.671277e-06
1.645764e-06
1.620169e-06
1.594504e-06
1.568760e-06
1.542949e-06
1.517060e-06
1.491107e-06
1.465079e-06
1.438989e-06
1.412827e-06
1.386608e-06
1.360319e-06
1.333978e-06
1.307573e-06
1.281126e-06
1.254627e-06
1.228106e-06
1.201563e-06
1.175047e-06
1.148586e-06
1.122283e-06
1.096242e-06
1.070704e-06
1.045991e-06
1.022712e-06
1.001787e-06
9.848218e-07
9.743646e-07
9.747216e-07
9.928796e-07
1.040477e-06
1.136572e-06
1.312726e-06
1.620820e-06
2.146558e-06
3.031059e-06
4.507183e-06
6.958632e-06
1.101825e-05
1.772912e-05
2.881121e-05
4.709972e-05
7.726891e-05
1.270233e-04
2.090615e-04
3.443081e-04
5.672300e-04
9.345666e-04
1.539631e-03
2.535632e-03
4.173445e-03
6.862046e-03
1.126326e-02
1.843509e-02
3.003495e-02
4.857270e-02
7.763637e-02
1.218631e-01
1.861982e-01
2.739038e-01
3.834557e-01
5.062731e-01
6.283380e-01
7.359635e-01
8.212871e-01
8.834065e-01
9.258822e-01
9.536948e-01
9.713932e-01
9.824515e-01
9.892822e-01
9.934717e-01
9.960300e-01
9.975882e-01
9.985356e-01
9.991112e-01
9.994605e-01
9.996726e-01
9.998012e-01
9.998792e-01
9.999265e-01
9.999552e-01
9.999726e-01
9.999832e-01
9.999896e-01
9.999934e-01
9.999958e-01
9.999972e-01
9.999980e-01
9.999985e-01
9.999988e-01
9.999990e-01
9.999991e-01
9.999991e-01
9.999991e-01
9.999991e-01
9.999991e-01
9.999991e-01
9.999991e-01
9.999991e-01
9.999990e-01
9.999990e-01
9.999990e-01
9.999990e-01
9.999990e-01
9.999989e-01
9.999989e-01
9.999989e-01
9.999989e-01
9.999988e-01
9.999988e-01
9.999988e-01
9.999988e-01
9.999987e-01
9.999987e-01
9.999987e-01
9.999987e-01
9.999987e-01
9.999986e-01
9.999986e-01
9.999986e-01
9.999986e-01
9.999985e-01
9.999985e-01
9.999985e-01
9.999985e-01
9.999984e-01
9.999984e-01
9.999984e-01
9.999984e-01
9.999984e-01
9.999983e-01
9.999983e-01
9.999983e-01
9.999983e-01
9.999982e-01
9.999982e-01
9.999982e-01
9.999982e-01
9.999982e-01
9.999981e-01
9.999981e-01
9.999981e-01
9.999981e-01
9.999980e-01
9.999980e-01
9.999980e-01
9.999980e-01
9.999980e-01
9.999979e-01
9.999979e-01
9.999979e-01
9.999979e-01
9.999979e-01
9.999978e-01
9.999978e-01
9.999978e-01
9.999978e-01
9.999977e-01
9.999977e-01
9.999977e-01
9.999977e-01
9.999977e-01
9.999976e-01
9.999976e-01
9.999976e-01
9.999976e-01
9.999976e-01
9.999975e-01
9.999975e-01
9.999975e-01
9.999975e-01
9.999975e-01
9.999974e-01
9.999974e-01
9.999974e-01
9.999974e-01
9.999974e-01
9.999973e-01
9.999973e-01
9.999973e-01
9.999973e-01
9.999973e-01
9.999973e-01
9.999972e-01
9.999972e-01
9.999972e-01
9.999972e-01
9.999972e-01
9.999971e-01
9.999971e-01
9.999971e-01
9.999971e-01
9.999971e-01
9.999971e-01
9.999970e-01
9.999970e-01
9.999970e-01
9.999970e-01
9.999970e-01
9.999969e-01
9.999969e-01
9.999969e-01
9.999969e-01
9.999969e-01
9.999969e-01
9.999968e-01
9.999968e-01
9.999968e-01
9.999968e-01
9.999968e-01
9.999968e-01
9.999967e-01
9.999967e-01
9.999967e-01
9.999967e-01
9.999967e-01
9.999967e-01
9.999966e-01
9.999966e-01
9.999966e-01
9.999966e-01
9.999966e-01
9.999966e-01
9.999966e-01
9.999965e-01
9.999965e-01
9.999965e-01
9.999965e-01
9.999965e-01
9.999965e-01
9.999965e-01
9.999964e-01
9.999964e-01
9.999964e-01
9.999964e-01
9.999964e-01
9.999964e-01
9.999964e-01
9.999963e-01
9.999963e-01
9.999963e-01
9.999963e-01
9.999963e-01
9.999963e-01
9.999963e-01
9.999963e-01
9.999962e-01
9.999962e-01
9.999962e-01
9.999962e-01
9.999962e-01
9.999962e-01
9.999962e-01
9.999962e-01
9.999961e-01
9.999961e-01
9.999961e-01
9.999961e-01
9.999961e-01
9.999961e-01
9.999961e-01
9.999961e-01
9.999961e-01
9.999961e-01
9.999960e-01
9.999960e-01
9.999960e-01
9.999960e-01
9.999960e-01
9.999960e-01
9.999960e-01
9.999960e-01
9.999960e-01
9.999960e-01
9.999959e-01
9.999959e-01
9.999959e-01
9.999959e-01
9.999959e-01
9.999959e-01
9.999959e-01
9.999959e-01
9.999959e-01
9.999959e-01
9.999959e-01
9.999959e-01
9.999958e-01
9.999958e-01
9.999958e-01
9.999958e-01
9.999958e-01
9.999958e-01
9.999958e-01
9.999958e-01
9.999958e-01
9.999958e-01
9.999958e-01
9.999958e-01
9.999958e-01
9.999958e-01
9.999958e-01
9.999958e-01
9.999957e-01
9.999957e-01
9.999957e-01
9.999957e-01
9.999957e-01
9.999957e-01
9.999957e-01
9.999957e-01
9.999957e-01
9.999957e-01
9.999957e-01
9.999957e-01
9.999957e-01
9.999957e-01
9.999957e-01
9.999957e-01
9.999957e-01
9.999957e-01
9.999957e-01
9.999957e-01
9.999957e-01
9.999957e-01
9.999957e-01
9.999957e-01
9.999957e-01
9.999957e-01
9.999957e-01
9.999957e-01
9.999956e-01
9.999956e-01
9.999956e-01
9.999956e-01
9.999956e-01
9.999956e-01
9.999956e-01
9.999956e-01
9.999956e-01
9.999956e-01
9.999956e-01
9.999956e-01
9.999956e-01
9.999956e-01
9.999956e-01
9.999956e-01
9.999956e-01
9.999956e-01
9.999956e-01
9.999956e-01
9.999956e-01
9.999956e-01
9.999956e-01
9.999956e-01
9.999956e-01
9.999957e-01
9.999957e-01
9.999957e-01
9.999957e-01
9.999957e-01
9.999957e-01
9.999957e-01
9.999957e-01
9.999957e-01
9.999957e-01
9.999957e-01
9.999957e-01
9.999957e-01
9.999957e-01
9.999957e-01
9.999957e-01
9.999957e-01
9.999957e-01
9.999957e-01
9.999957e-01
9.999957e-01
9.999957e-01
9.999957e-01
9.999957e-01
9.999957e-01
9.999957e-01
9.999957e-01
9.999957e-01
9.999958e-01
9.999958e-01
9.999958e-01
9.999958e-01
9.999958e-01
9.999958e-01
9.999958e-01
9.999958e-01
9.999958e-01
9.999958e-01
9.999958e-01
9.999958e-01
9.999958e-01
9.999958e-01
9.999958e-01
9.999958e-01
9.999959e-01
9.999959e-01
9.999959e-01
9.999959e-01
9.999959e-01
9.999959e-01
9.999959e-01
9.999959e-01
9.999959e-01
9.999959e-01
9.999959e-01
9.999959e-01
9.999960e-01
9.999960e-01
9.999960e-01
9.999960e-01
9.999960e-01
9.999960e-01
9.999960e-01
9.999960e-01
9.999960e-01
9.999960e-01
9.999961e-01
9.999961e-01
9.999961e-01
9.999961e-01
9.999961e-01
9.999961e-01
9.999961e-01
9.999961e-01
9.999961e-01
9.999961e-01
9.999962e-01
9.999962e-01
9.999962e-01
9.999962e-01
9.999962e-01
9.999962e-01
9.999962e-01
9.999962e-01
9.999963e-01
9.999963e-01
9.999963e-01
9.999963e-01
9.999963e-01
9.999963e-01
9.999963e-01
9.999963e-01
9.999964e-01
9.999964e-01
9.999964e-01
9.999964e-01
9.999964e-01
9.999964e-01
9.999964e-01
9.999965e-01
9.999965e-01
9.999965e-01
9.999965e-01
9.999965e-01
9.999965e-01
9.999965e-01
9.999966e-01
9.999966e-01
9.999966e-01
9.999966e-01
9.999966e-01
9.999966e-01
9.999966e-01
9.999967e-01
9.999967e-01
9.999967e-01
9.999967e-01
9.999967e-01
9.999967e-01
9.999968e-01
9.999968e-01
9.999968e-01
9.999968e-01
9.999968e-01
9.999968e-01
9.999969e-01
9.999969e-01
9.999969e-01
9.999969e-01
9.999969e-01
9.999969e-01
9.999970e-01
9.999970e-01
9.999970e-01
9.999970e-01
9.999970e-01
9.999971e-01
9.999971e-01
9.999971e-01
9.999971e-01
9.999971e-01
9.999971e-01
9.999972e-01
9.999972e-01
9.999972e-01
9.999972e-01
9.999972e-01
9.999973e-01
9.999973e-01
9.999973e-01
9.999973e-01
9.999973e-01
9.999973e-01
9.999974e-01
9.999974e-01
9.999974e-01
9.999974e-01
9.999974e-01
9.999975e-01
9.999975e-01
9.999975e-01
9.999975e-01
9.999975e-01
9.999976e-01
9.999976e-01
9.999976e-01
9.999976e-01
9.999976e-01
9.999977e-01
9.999977e-01
9.999977e-01
9.999977e-01
9.999977e-01
9.999978e-01
9.999978e-01
9.999978e-01
9.999978e-01
9.999979e-01
9.999979e-01
9.999979e-01
9.999979e-01
9.999979e-01
9.999980e-01
9.999980e-01
9.999980e-01
9.999980e-01
9.999980e-01
9.999981e-01
9.999981e-01
9.999981e-01
9.999981e-01
9.999982e-01
9.999982e-01
9.999982e-01
9.999982e-01
9.999982e-01
9.999983e-01
9.999983e-01
9.999983e-01
9.999983e-01
9.999984e-01
9.999984e-01
9.999984e-01
9.999984e-01
9.999984e-01
9.999985e-01
9.999985e-01
9.999985e-01
9.999985e-01
9.999986e-01
9.999986e-01
9.999986e-01
9.999986e-01
9.999987e-01
9.999987e-01
9.999987e-01
9.999987e-01
9.999987e-01
9.999988e-01
9.999988e-01
9.999988e-01
9.999988e-01
9.999989e-01
9.999989e-01
9.999989e-01
9.999989e-01
9.999990e-01
9.999990e-01
9.999990e-01
9.999990e-01
9.999990e-01
9.999991e-01
9.999991e-01
9.999991e-01
9.999991e-01
9.999991e-01
9.999991e-01
9.999991e-01
9.999991e-01
9.999990e-01
9.999988e-01
9.999985e-01
9.999980e-01
9.999972e-01
9.999958e-01
9.999934e-01
9.999896e-01
9.999832e-01
9.999726e-01
9.999552e-01
9.999265e-01
9.998792e-01
9.998012e-01
9.996726e-01
9.994605e-01
9.991112e-01
9.985356e-01
9.975882e-01
9.960300e-01
9.934717e-01
9.892822e-01
9.824515e-01
9.713932e-01
9.536948e-01
9.258822e-01
8.834065e-01
8.212871e-01
7.359635e-01
6.283380e-01
5.062731e-01
3.834557e-01
2.739038e-01
1.861982e-01
1.218631e-01
7.763637e-02
4.857270e-02
3.003495e-02
1.843509e-02
1.126326e-02
6.862046e-03
4.173445e-03
2.535632e-03
1.539631e-03
9.345666e-04
5.672300e-04
3.443081e-04
2.090615e-04
1.270233e-04
7.726891e-05
4.709972e-05
2.881121e-05
1.772912e-05
1.101825e-05
6.958632e-06
4.507184e-06
3.031059e-06
2.146558e-06
1.620820e-06
1.312726e-06
1.136572e-06
1.040477e-06
9.928797e-07
9.747217e-07
9.743646e-07
9.848218e-07
1.001787e-06
1.022712e-06
1.045991e-06
1.070704e-06
1.096242e-06
1.122283e-06
1.148586e-06
1.175047e-06
1.201563e-06
1.228107e-06
1.254627e-06
1.281126e-06
1.307573e-06
1.333978e-06
1.360319e-06
1.386608e-06
1.412827e-06
1.438989e-06
1.465079e-06
1.491107e-06
1.517060e-06
1.542949e-06
1.568760e-06
1.594504e-06
1.620169e-06
1.645764e-06
1.671277e-06
1.696717e-06
1.722073e-06
1.747354e-06
1.772549e-06
1.797666e-06
1.822695e-06
1.847644e-06
1.872502e-06
1.897277e-06
1.921960e-06
1.946556e-06
1.971059e-06
1.995473e-06
2.019792e-06
2.044018e-06
2.068147e-06
2.092182e-06
2.116117e-06
2.139956e-06
2.163693e-06
2.187331e-06
2.210865e-06
2.234298e-06
2.257624e-06
2.280847e-06
2.303962e-06
2.326972e-06
2.349870e-06
2.372661e-06
2.395340e-06
2.417908e-06
2.440362e-06
2.462704e-06
2.484929e-06
2.507040e-06
2.529032e-06
2.550907e-06
2.572662e-06
2.594299e-06
2.615812e-06
2.637205e-06
2.658474e-06
2.679619e-06
2.700638e-06
2.721532e-06
2.742298e-06
2.762937e-06
2.783446e-06
2.803826e-06
2.824073e-06
2.844190e-06
2.864173e-06
2.884023e-06
2.903737e-06
2.923317e-06
2.942759e-06
2.962064e-06
2.981230e-06
3.000258e-06
3.019144e-06
3.037890e-06
3.056494e-06
3.074955e-06
3.093272e-06
3.111445e-06
3.129471e-06
3.147352e-06
3.165085e-06
3.182671e-06
3.200108e-06
3.217395e-06
3.234531e-06
3.251517e-06
3.268350e-06
3.285031e-06
3.301557e-06
3.317930e-06
3.334147e-06
3.350209e-06
3.366113e-06
3.381860e-06
3.397449e-06
3.412879e-06
3.428149e-06
3.443259e-06
3.458208e-06
3.472995e-06
3.487620e-06
3.502082e-06
3.516379e-06
3.530512e-06
3.544480e-06
3.558282e-06
3.571918e-06
3.585386e-06
3.598687e-06
3.611819e-06
3.624782e-06
3.637576e-06
3.650200e-06
3.662653e-06
3.674933e-06
3.687043e-06
3.698979e-06
3.710743e-06
3.722333e-06
3.733749e-06
3.744990e-06
3.756056e-06
3.766945e-06
3.777659e-06
3.788196e-06
3.798556e-06
3.808737e-06
3.818741e-06
3.828565e-06
3.838211e-06
3.847676e-06
3.856962e-06
3.866067e-06
3.874992e-06
3.883734e-06
3.892296e-06
3.900674e-06
3.908871e-06
3.916884e-06
3.924714e-06
3.932360e-06
3.939822e-06
3.947099e-06
3.954192e-06
3.961100e-06
3.967822e-06
3.974359e-06
3.980709e-06
3.986873e-06
3.992851e-06
3.998641e-06
4.004244e-06
4.009660e-06
4.014888e-06
4.019928e-06
4.024780e-06
4.029443e-06
4.033919e-06
4.038204e-06
4.042301e-06
4.046209e-06
4.049927e-06
4.053455e-06
4.056794e-06
4.059943e-06
4.062902e-06
4.065670e-06
4.068248e-06
4.070636e-06
4.072833e-06
4.074839e-06
4.076655e-06
4.078279e-06
4.079713e-06
4.080956e-06
4.082007e-06
4.082868e-06
4.083537e-06
4.084015e-06
4.084302e-06
