2.330308e-06
2.330254e-06
2.330090e-06
2.329819e-06
2.329438e-06
2.328949e-06
2.328350e-06
2.327643e-06
2.326828e-06
2.325904e-06
2.324871e-06
2.323730e-06
2.322480e-06
2.321122e-06
2.319655e-06
2.318080e-06
2.316397e-06
2.314606e-06
2.312707e-06
2.310700e-06
2.308584e-06
2.306362e-06
2.304031e-06
2.301593e-06
2.299047e-06
2.296395e-06
2.293635e-06
2.290768e-06
2.287793e-06
2.284713e-06
2.281525e-06
2.278232e-06
2.274831e-06
2.271325e-06
2.267712e-06
2.263994e-06
2.260170e-06
2.256240e-06
2.252205e-06
2.248066e-06
2.243821e-06
2.239471e-06
2.235017e-06
2.230459e-06
2.225796e-06
2.221030e-06
2.216159e-06
2.211186e-06
2.206109e-06
2.200930e-06
2.195647e-06
2.190263e-06
2.184775e-06
2.179187e-06
2.173496e-06
2.167704e-06
2.161810e-06
2.155816e-06
2.149721e-06
2.143527e-06
2.137231e-06
2.130837e-06
2.124342e-06
2.117749e-06
2.111057e-06
2.104266e-06
2.097377e-06
2.090391e-06
2.083306e-06
2.076125e-06
2.068847e-06
2.061472e-06
2.054001e-06
2.046435e-06
2.038772e-06
2.031015e-06
2.023163e-06
2.015217e-06
2.007176e-06
1.999043e-06
1.990815e-06
1.982495e-06
1.974082e-06
1.965578e-06
1.956981e-06
1.948294e-06
1.939516e-06
1.930647e-06
1.921688e-06
1.912640e-06
1.903502e-06
1.894276e-06
1.884961e-06
1.875559e-06
1.866068e-06
1.856492e-06
1.846828e-06
1.837078e-06
1.827243e-06
1.817323e-06
1.807317e-06
1.797228e-06
1.787055e-06
1.776799e-06
1.766459e-06
1.756038e-06
1.745534e-06
1.734950e-06
1.724284e-06
1.713538e-06
1.702712e-06
1.691808e-06
1.680823e-06
1.669762e-06
1.658621e-06
1.647405e-06
1.636110e-06
1.624741e-06
1.613294e-06
1.601774e-06
1.590178e-06
1.578509e-06
1.566765e-06
1.554950e-06
1.543061e-06
1.531101e-06
1.519069e-06
1.506968e-06
1.494795e-06
1.482554e-06
1.470242e-06
1.457863e-06
1.445416e-06
1.432902e-06
1.420320e-06
1.407674e-06
1.394960e-06
1.382184e-06
1.369341e-06
1.356437e-06
1.343467e-06
1.330437e-06
1.317344e-06
1.304191e-06
1.290975e-06
1.277701e-06
1.264366e-06
1.250974e-06
1.237522e-06
1.224015e-06
1.210448e-06
1.196828e-06
1.183150e-06
1.169419e-06
1.155631e-06
1.141793e-06
1.127898e-06
1.113955e-06
1.099956e-06
1.085910e-06
1.071809e-06
1.057663e-06
1.043464e-06
1.029220e-06
1.014925e-06
1.000587e-06
9.861976e-07
9.717673e-07
9.572875e-07
9.427681e-07
9.282001e-07
9.135943e-07
8.989409e-07
8.842515e-07
8.695155e-07
8.547454e-07
8.399299e-07
8.250826e-07
8.101910e-07
7.952706e-07
7.803080e-07
7.653210e-07
7.502962e-07
7.352556e-07
7.201880e-07
7.051238e-07
6.900611e-07
6.750505e-07
6.601176e-07
6.453651e-07
6.308971e-07
6.169536e-07
6.038564e-07
5.922142e-07
5.829460e-07
5.776564e-07
5.788941e-07
5.909643e-07
6.208534e-07
6.801992e-07
7.880591e-07
9.759939e-07
1.295885e-06
1.833435e-06
2.729762e-06
4.217728e-06
6.681033e-06
1.075252e-05
1.747528e-05
2.856929e-05
4.686975e-05
7.705094e-05
1.268174e-04
2.088679e-04
3.441268e-04
5.670616e-04
9.344118e-04
1.539491e-03
2.535508e-03
4.173341e-03
6.861969e-03
1.126321e-02
1.843509e-02
3.003503e-02
4.857289e-02
7.763672e-02
1.218636e-01
1.861990e-01
2.739049e-01
3.834571e-01
5.062746e-01
6.283394e-01
7.359647e-01
8.212881e-01
8.834072e-01
9.258826e-01
9.536951e-01
9.713934e-01
9.824516e-01
9.892823e-01
9.934718e-01
9.960302e-01
9.975883e-01
9.985358e-01
9.991113e-01
9.994607e-01
9.996727e-01
9.998013e-01
9.998794e-01
9.999267e-01
9.999554e-01
9.999728e-01
9.999833e-01
9.999897e-01
9.999936e-01
9.999959e-01
9.999974e-01
9.999982e-01
9.999987e-01
9.999990e-01
9.999992e-01
9.999993e-01
9.999994e-01
9.999994e-01
9.999994e-01
9.999994e-01
9.999994e-01
9.999994e-01
9.999994e-01
9.999993e-01
9.999993e-01
9.999993e-01
9.999993e-01
9.999993e-01
9.999993e-01
9.999993e-01
9.999992e-01
9.999992e-01
9.999992e-01
9.999992e-01
9.999992e-01
9.999992e-01
9.999991e-01
9.999991e-01
9.999991e-01
9.999991e-01
9.999991e-01
9.999991e-01
9.999990e-01
9.999990e-01
9.999990e-01
9.999990e-01
9.999990e-01
9.999990e-01
9.999989e-01
9.999989e-01
9.999989e-01
9.999989e-01
9.999989e-01
9.999989e-01
9.999989e-01
9.999988e-01
9.999988e-01
9.999988e-01
9.999988e-01
9.999988e-01
9.999988e-01
9.999987e-01
9.999987e-01
9.999987e-01
9.999987e-01
9.999987e-01
9.999987e-01
9.999987e-01
9.999986e-01
9.999986e-01
9.999986e-01
9.999986e-01
9.999986e-01
9.999986e-01
9.999986e-01
9.999985e-01
9.999985e-01
9.999985e-01
9.999985e-01
9.999985e-01
9.999985e-01
9.999985e-01
9.999984e-01
9.999984e-01
9.999984e-01
9.999984e-01
9.999984e-01
9.999984e-01
9.999984e-01
9.999983e-01
9.999983e-01
9.999983e-01
9.999983e-01
9.999983e-01
9.999983e-01
9.999983e-01
9.999982e-01
9.999982e-01
9.999982e-01
9.999982e-01
9.999982e-01
9.999982e-01
9.999982e-01
9.999981e-01
9.999981e-01
9.999981e-01
9.999981e-01
9.999981e-01
9.999981e-01
9.999981e-01
9.999981e-01
9.999980e-01
9.999980e-01
9.999980e-01
9.999980e-01
9.999980e-01
9.999980e-01
9.999980e-01
9.999980e-01
9.999979e-01
9.999979e-01
9.999979e-01
9.999979e-01
9.999979e-01
9.999979e-01
9.999979e-01
9.999979e-01
9.999978e-01
9.999978e-01
9.999978e-01
9.999978e-01
9.999978e-01
9.999978e-01
9.999978e-01
9.999978e-01
9.999978e-01
9.999977e-01
9.999977e-01
9.999977e-01
9.999977e-01
9.999977e-01
9.999977e-01
9.999977e-01
9.999977e-01
9.999977e-01
9.999976e-01
9.999976e-01
9.999976e-01
9.999976e-01
9.999976e-01
9.999976e-01
9.999976e-01
9.999976e-01
9.999976e-01
9.999976e-01
9.999975e-01
9.999975e-01
9.999975e-01
9.999975e-01
9.999975e-01
9.999975e-01
9.999975e-01
9.999975e-01
9.999975e-01
9.999975e-01
9.999975e-01
9.999974e-01
9.999974e-01
9.999974e-01
9.999974e-01
9.999974e-01
9.999974e-01
9.999974e-01
9.999974e-01
9.999974e-01
9.999974e-01
9.999974e-01
9.999974e-01
9.999973e-01
9.999973e-01
9.999973e-01
9.999973e-01
9.999973e-01
9.999973e-01
9.999973e-01
9.999973e-01
9.999973e-01
9.999973e-01
9.999973e-01
9.999973e-01
9.999973e-01
9.999972e-01
9.999972e-01
9.999972e-01
9.999972e-01
9.999972e-01
9.999972e-01
9.999972e-01
9.999972e-01
9.999972e-01
9.999972e-01
9.999972e-01
9.999972e-01
9.999972e-01
9.999972e-01
9.999972e-01
9.999972e-01
9.999972e-01
9.999971e-01
9.999971e-01
9.999971e-01
9.999971e-01
9.999971e-01
9.999971e-01
9.999971e-01
9.999971e-01
9.999971e-01
9.999971e-01
9.999971e-01
9.999971e-01
9.999971e-01
9.999971e-01
9.999971e-01
9.999971e-01
9.999971e-01
9.999971e-01
9.999971e-01
9.999971e-01
9.999971e-01
9.999971e-01
9.999971e-01
9.999970e-01
9.999970e-01
9.999970e-01
9.999970e-01
9.999970e-01
9.999970e-01
9.999970e-01
9.999970e-01
9.999970e-01
9.999970e-01
9.999970e-01
9.999970e-01
9.999970e-01
9.999970e-01
9.999970e-01
9.999970e-01
9.999970e-01
9.999970e-01
9.999970e-01
9.999970e-01
9.999970e-01
9.999970e-01
9.999970e-01
9.999970e-01
9.999970e-01
9.999970e-01
9.999970e-01
9.999970e-01
9.999970e-01
9.999970e-01
9.999970e-01
9.999970e-01
9.999970e-01
9.999970e-01
9.999970e-01
9.999970e-01
9.999970e-01
9.999970e-01
9.999970e-01
9.999970e-01
9.999970e-01
9.999970e-01
9.999970e-01
9.999970e-01
9.999970e-01
9.999970e-01
9.999970e-01
9.999970e-01
9.999970e-01
9.999970e-01
9.999970e-01
9.999970e-01
9.999970e-01
9.999970e-01
9.999970e-01
9.999970e-01
9.999970e-01
9.999970e-01
9.999970e-01
9.999970e-01
9.999970e-01
9.999970e-01
9.999970e-01
9.999970e-01
9.999970e-01
9.999970e-01
9.999970e-01
9.999970e-01
9.999970e-01
9.999970e-01
9.999970e-01
9.999971e-01
9.999971e-01
9.999971e-01
9.999971e-01
9.999971e-01
9.999971e-01
9.999971e-01
9.999971e-01
9.999971e-01
9.999971e-01
9.999971e-01
9.999971e-01
9.999971e-01
9.999971e-01
9.999971e-01
9.999971e-01
9.999971e-01
9.999971e-01
9.999971e-01
9.999971e-01
9.999971e-01
9.999971e-01
9.999971e-01
9.999972e-01
9.999972e-01
9.999972e-01
9.999972e-01
9.999972e-01
9.999972e-01
9.999972e-01
9.999972e-01
9.999972e-01
9.999972e-01
9.999972e-01
9.999972e-01
9.999972e-01
9.999972e-01
9.999972e-01
9.999972e-01
9.999972e-01
9.999973e-01
9.999973e-01
9.999973e-01
9.999973e-01
9.999973e-01
9.999973e-01
9.999973e-01
9.999973e-01
9.999973e-01
9.999973e-01
9.999973e-01
9.999973e-01
9.999973e-01
9.999974e-01
9.999974e-01
9.999974e-01
9.999974e-01
9.999974e-01
9.999974e-01
9.999974e-01
9.999974e-01
9.999974e-01
9.999974e-01
9.999974e-01
9.999974e-01
9.999975e-01
9.999975e-01
9.999975e-01
9.999975e-01
9.999975e-01
9.999975e-01
9.999975e-01
9.999975e-01
9.999975e-01
9.999975e-01
9.999975e-01
9.999976e-01
9.999976e-01
9.999976e-01
9.999976e-01
9.999976e-01
9.999976e-01
9.999976e-01
9.999976e-01
9.999976e-01
9.999976e-01
9.999977e-01
9.999977e-01
9.999977e-01
9.999977e-01
9.999977e-01
9.999977e-01
9.999977e-01
9.999977e-01
9.999977e-01
9.999978e-01
9.999978e-01
9.999978e-01
9.999978e-01
9.999978e-01
9.999978e-01
9.999978e-01
9.999978e-01
9.999978e-01
9.999979e-01
9.999979e-01
9.999979e-01
9.999979e-01
9.999979e-01
9.999979e-01
9.999979e-01
9.999979e-01
9.999980e-01
9.999980e-01
9.999980e-01
9.999980e-01
9.999980e-01
9.999980e-01
9.999980e-01
9.999980e-01
9.999981e-01
9.999981e-01
9.999981e-01
9.999981e-01
9.999981e-01
9.999981e-01
9.999981e-01
9.999981e-01
9.999982e-01
9.999982e-01
9.999982e-01
9.999982e-01
9.999982e-01
9.999982e-01
9.999982e-01
9.999983e-01
9.999983e-01
9.999983e-01
9.999983e-01
9.999983e-01
9.999983e-01
9.999983e-01
9.999984e-01
9.999984e-01
9.999984e-01
9.999984e-01
9.999984e-01
9.999984e-01
9.999984e-01
9.999985e-01
9.999985e-01
9.999985e-01
9.999985e-01
9.999985e-01
9.999985e-01
9.999985e-01
9.999986e-01
9.999986e-01
9.999986e-01
9.999986e-01
9.999986e-01
9.999986e-01
9.999986e-01
9.999987e-01
9.999987e-01
9.999987e-01
9.999987e-01
9.999987e-01
9.999987e-01
9.999987e-01
9.999988e-01
9.999988e-01
9.999988e-01
9.999988e-01
9.999988e-01
9.999988e-01
9.999989e-01
9.999989e-01
9.999989e-01
9.999989e-01
9.999989e-01
9.999989e-01
9.999989e-01
9.999990e-01
9.999990e-01
9.999990e-01
9.999990e-01
9.999990e-01
9.999990e-01
9.999991e-01
9.999991e-01
9.999991e-01
9.999991e-01
9.999991e-01
9.999991e-01
9.999992e-01
9.999992e-01
9.999992e-01
9.999992e-01
9.999992e-01
9.999992e-01
9.999993e-01
9.999993e-01
9.999993e-01
9.999993e-01
9.999993e-01
9.999993e-01
9.999993e-01
9.999994e-01
9.999994e-01
9.999994e-01
9.999994e-01
9.999994e-01
9.999994e-01
9.999994e-01
9.999993e-01
9.999992e-01
9.999990e-01
9.999987e-01
9.999982e-01
9.999974e-01
9.999959e-01
9.999936e-01
9.999897e-01
9.999833e-01
9.999728e-01
9.999554e-01
9.999267e-01
9.998794e-01
9.998013e-01
9.996727e-01
9.994607e-01
9.991113e-01
9.985358e-01
9.975883e-01
9.960302e-01
9.934718e-01
9.892823e-01
9.824516e-01
9.713934e-01
9.536951e-01
9.258826e-01
8.834072e-01
8.212881e-01
7.359647e-01
6.283394e-01
5.062746e-01
3.834571e-01
2.739049e-01
1.861990e-01
1.218636e-01
7.763672e-02
4.857289e-02
3.003503e-02
1.843509e-02
1.126321e-02
6.861969e-03
4.173341e-03
2.535508e-03
1.539491e-03
9.344118e-04
5.670616e-04
3.441268e-04
2.088679e-04
1.268174e-04
7.705094e-05
4.686975e-05
2.856929e-05
1.747528e-05
1.075252e-05
6.681033e-06
4.217728e-06
2.729762e-06
1.833435e-06
1.295885e-06
9.759939e-07
7.880592e-07
6.801992e-07
6.208534e-07
5.909644e-07
5.788941e-07
5.776564e-07
5.829460e-07
5.922143e-07
6.038565e-07
6.169536e-07
6.308971e-07
6.453652e-07
6.601176e-07
6.750506e-07
6.900611e-07
7.051239e-07
7.201880e-07
7.352556e-07
7.502963e-07
7.653210e-07
7.803080e-07
7.952706e-07
8.101910e-07
8.250826e-07
8.399299e-07
8.547455e-07
8.695155e-07
8.842515e-07
8.989409e-07
9.135944e-07
9.282002e-07
9.427682e-07
9.572876e-07
9.717674e-07
9.861977e-07
1.000587e-06
1.014925e-06
1.029220e-06
1.043464e-06
1.057663e-06
1.071809e-06
1.085910e-06
1.099956e-06
1.113955e-06
1.127898e-06
1.141793e-06
1.155631e-06
1.169419e-06
1.183150e-06
1.196828e-06
1.210449e-06
1.224015e-06
1.237522e-06
1.250974e-06
1.264366e-06
1.277701e-06
1.290975e-06
1.304191e-06
1.317344e-06
1.330437e-06
1.343467e-06
1.356437e-06
1.369341e-06
1.382184e-06
1.394961e-06
1.407674e-06
1.420320e-06
1.432902e-06
1.445416e-06
1.457864e-06
1.470242e-06
1.482554e-06
1.494795e-06
1.506968e-06
1.519069e-06
1.531101e-06
1.543061e-06
1.554950e-06
1.566765e-06
1.578509e-06
1.590178e-06
1.601774e-06
1.613294e-06
1.624741e-06
1.636110e-06
1.647405e-06
1.658621e-06
1.669762e-06
1.680823e-06
1.691808e-06
1.702712e-06
1.713538e-06
1.724284e-06
1.734950e-06
1.745534e-06
1.756038e-06
1.766459e-06
1.776799e-06
1.787055e-06
1.797228e-06
1.807317e-06
1.817323e-06
1.827243e-06
1.837078e-06
1.846828e-06
1.856492e-06
1.866068e-06
1.875559e-06
1.884961e-06
1.894276e-06
1.903502e-06
1.912640e-06
1.921688e-06
1.930647e-06
1.939516e-06
1.948294e-06
1.956981e-06
1.965578e-06
1.974082e-06
1.982495e-06
1.990815e-06
1.999043e-06
2.007176e-06
2.015217e-06
2.023163e-06
2.031015e-06
2.038772e-06
2.046435e-06
2.054001e-06
2.061472e-06
2.068847e-06
2.076125e-06
2.083306e-06
2.090391e-06
2.097377e-06
2.104266e-06
2.111057e-06
2.117749e-06
2.124342e-06
2.130837e-06
2.137231e-06
2.143527e-06
2.149721e-06
2.155816e-06
2.161810e-06
2.167704e-06
2.173496e-06
2.179187e-06
2.184775e-06
2.190263e-06
2.195647e-06
2.200930e-06
2.206109e-06
2.211186e-06
2.216159e-06
2.221030e-06
2.225796e-06
2.230459e-06
2.235017e-06
2.239471e-06
2.243821e-06
2.248066e-06
2.252205e-06
2.256240e-06
2.260170e-06
2.263994e-06
2.267712e-06
2.271325e-06
2.274831e-06
2.278232e-06
2.281525e-06
2.284713e-06
2.287794e-06
2.290768e-06
2.293635e-06
2.296395e-06
2.299047e-06
2.301593e-06
2.304031e-06
2.306362e-06
2.308584e-06
2.310700e-06
2.312707e-06
2.314606e-06
2.316397e-06
2.318080e-06
2.319655e-06
2.321122e-06
2.322480e-06
2.323730e-06
2.324871e-06
2.325904e-06
2.326828e-06
2.327643e-06
2.328350e-06
2.328949e-06
2.329438e-06
2.329819e-06
2.330090e-06
2.330254e-06
