2.809122e-06
2.809057e-06
2.808860e-06
2.808532e-06
2.808072e-06
2.807482e-06
2.806760e-06
2.805907e-06
2.804923e-06
2.803808e-06
2.802561e-06
2.801184e-06
2.799676e-06
2.798037e-06
2.796267e-06
2.794367e-06
2.792336e-06
2.790174e-06
2.787882e-06
2.785460e-06
2.782908e-06
2.780226e-06
2.777413e-06
2.774471e-06
2.771399e-06
2.768198e-06
2.764867e-06
2.761408e-06
2.757819e-06
2.754101e-06
2.750255e-06
2.746280e-06
2.742177e-06
2.737945e-06
2.733586e-06
2.729099e-06
2.724484e-06
2.719743e-06
2.714873e-06
2.709878e-06
2.704755e-06
2.699507e-06
2.694132e-06
2.688631e-06
2.683004e-06
2.677253e-06
2.671376e-06
2.665375e-06
2.659248e-06
2.652998e-06
2.646623e-06
2.640126e-06
2.633504e-06
2.626760e-06
2.619893e-06
2.612904e-06
2.605792e-06
2.598559e-06
2.591204e-06
2.583729e-06
2.576132e-06
2.568416e-06
2.560579e-06
2.552623e-06
2.544547e-06
2.536353e-06
2.528040e-06
2.519609e-06
2.511060e-06
2.502395e-06
2.493612e-06
2.484713e-06
2.475698e-06
2.466567e-06
2.457321e-06
2.447961e-06
2.438485e-06
2.428897e-06
2.419194e-06
2.409379e-06
2.399451e-06
2.389412e-06
2.379260e-06
2.368998e-06
2.358625e-06
2.348142e-06
2.337549e-06
2.326847e-06
2.316036e-06
2.305118e-06
2.294092e-06
2.282959e-06
2.271718e-06
2.260373e-06
2.248921e-06
2.237365e-06
2.225704e-06
2.213940e-06
2.202072e-06
2.190101e-06
2.178028e-06
2.165854e-06
2.153578e-06
2.141202e-06
2.128726e-06
2.116151e-06
2.103477e-06
2.090705e-06
2.077835e-06
2.064869e-06
2.051806e-06
2.038648e-06
2.025393e-06
2.012046e-06
1.998603e-06
1.985069e-06
1.971441e-06
1.957722e-06
1.943910e-06
1.930009e-06
1.916017e-06
1.901937e-06
1.887767e-06
1.873510e-06
1.859164e-06
1.844734e-06
1.830215e-06
1.815613e-06
1.800925e-06
1.786155e-06
1.771300e-06
1.756363e-06
1.741344e-06
1.726245e-06
1.711063e-06
1.695804e-06
1.680464e-06
1.665048e-06
1.649552e-06
1.633982e-06
1.618333e-06
1.602611e-06
1.586812e-06
1.570942e-06
1.554996e-06
1.538980e-06
1.522890e-06
1.506732e-06
1.490501e-06
1.474204e-06
1.457835e-06
1.441401e-06
1.424897e-06
1.408330e-06
1.391695e-06
1.374997e-06
1.358233e-06
1.341409e-06
1.324519e-06
1.307571e-06
1.290559e-06
1.273491e-06
1.256359e-06
1.239173e-06
1.221926e-06
1.204626e-06
1.187266e-06
1.169855e-06
1.152385e-06
1.134867e-06
1.117291e-06
1.099668e-06
1.081989e-06
1.064265e-06
1.046487e-06
1.028666e-06
1.010792e-06
9.928775e-07
9.749112e-07
9.569084e-07
9.388559e-07
9.207717e-07
9.026423e-07
8.844900e-07
8.663038e-07
8.481142e-07
8.299194e-07
8.117703e-07
7.936924e-07
7.757887e-07
7.581635e-07
7.410568e-07
7.247907e-07
7.099740e-07
6.975257e-07
6.890507e-07
6.870980e-07
6.959728e-07
7.226615e-07
7.788024e-07
8.834530e-07
1.068174e-06
1.384847e-06
1.919176e-06
2.812279e-06
4.297019e-06
6.757095e-06
1.082536e-05
1.754489e-05
2.863567e-05
4.693292e-05
7.711090e-05
1.268742e-04
2.089215e-04
3.441774e-04
5.671093e-04
9.344566e-04
1.539533e-03
2.535548e-03
4.173380e-03
6.862007e-03
1.126325e-02
1.843513e-02
3.003508e-02
4.857295e-02
7.763680e-02
1.218637e-01
1.861992e-01
2.739051e-01
3.834573e-01
5.062748e-01
6.283396e-01
7.359648e-01
8.212882e-01
8.834072e-01
9.258827e-01
9.536951e-01
9.713934e-01
9.824516e-01
9.892823e-01
9.934718e-01
9.960301e-01
9.975883e-01
9.985357e-01
9.991112e-01
9.994606e-01
9.996727e-01
9.998013e-01
9.998793e-01
9.999266e-01
9.999553e-01
9.999727e-01
9.999833e-01
9.999897e-01
9.999936e-01
9.999959e-01
9.999973e-01
9.999982e-01
9.999987e-01
9.999990e-01
9.999991e-01
9.999992e-01
9.999993e-01
9.999993e-01
9.999993e-01
9.999993e-01
9.999993e-01
9.999993e-01
9.999993e-01
9.999993e-01
9.999992e-01
9.999992e-01
9.999992e-01
9.999992e-01
9.999992e-01
9.999992e-01
9.999991e-01
9.999991e-01
9.999991e-01
9.999991e-01
9.999991e-01
9.999990e-01
9.999990e-01
9.999990e-01
9.999990e-01
9.999990e-01
9.999990e-01
9.999989e-01
9.999989e-01
9.999989e-01
9.999989e-01
9.999989e-01
9.999988e-01
9.999988e-01
9.999988e-01
9.999988e-01
9.999988e-01
9.999988e-01
9.999987e-01
9.999987e-01
9.999987e-01
9.999987e-01
9.999987e-01
9.999987e-01
9.999986e-01
9.999986e-01
9.999986e-01
9.999986e-01
9.999986e-01
9.999985e-01
9.999985e-01
9.999985e-01
9.999985e-01
9.999985e-01
9.999985e-01
9.999984e-01
9.999984e-01
9.999984e-01
9.999984e-01
9.999984e-01
9.999984e-01
9.999983e-01
9.999983e-01
9.999983e-01
9.999983e-01
9.999983e-01
9.999983e-01
9.999982e-01
9.999982e-01
9.999982e-01
9.999982e-01
9.999982e-01
9.999982e-01
9.999981e-01
9.999981e-01
9.999981e-01
9.999981e-01
9.999981e-01
9.999981e-01
9.999981e-01
9.999980e-01
9.999980e-01
9.999980e-01
9.999980e-01
9.999980e-01
9.999980e-01
9.999979e-01
9.999979e-01
9.999979e-01
9.999979e-01
9.999979e-01
9.999979e-01
9.999979e-01
9.999978e-01
9.999978e-01
9.999978e-01
9.999978e-01
9.999978e-01
9.999978e-01
9.999978e-01
9.999977e-01
9.999977e-01
9.999977e-01
9.999977e-01
9.999977e-01
9.999977e-01
9.999977e-01
9.999976e-01
9.999976e-01
9.999976e-01
9.999976e-01
9.999976e-01
9.999976e-01
9.999976e-01
9.999976e-01
9.999975e-01
9.999975e-01
9.999975e-01
9.999975e-01
9.999975e-01
9.999975e-01
9.999975e-01
9.999974e-01
9.999974e-01
9.999974e-01
9.999974e-01
9.999974e-01
9.999974e-01
9.999974e-01
9.999974e-01
9.999973e-01
9.999973e-01
9.999973e-01
9.999973e-01
9.999973e-01
9.999973e-01
9.999973e-01
9.999973e-01
9.999973e-01
9.999972e-01
9.999972e-01
9.999972e-01
9.999972e-01
9.999972e-01
9.999972e-01
9.999972e-01
9.999972e-01
9.999972e-01
9.999971e-01
9.999971e-01
9.999971e-01
9.999971e-01
9.999971e-01
9.999971e-01
9.999971e-01
9.999971e-01
9.999971e-01
9.999971e-01
9.999970e-01
9.999970e-01
9.999970e-01
9.999970e-01
9.999970e-01
9.999970e-01
9.999970e-01
9.999970e-01
9.999970e-01
9.999970e-01
9.999970e-01
9.999970e-01
9.999969e-01
9.999969e-01
9.999969e-01
9.999969e-01
9.999969e-01
9.999969e-01
9.999969e-01
9.999969e-01
9.999969e-01
9.999969e-01
9.999969e-01
9.999969e-01
9.999968e-01
9.999968e-01
9.999968e-01
9.999968e-01
9.999968e-01
9.999968e-01
9.999968e-01
9.999968e-01
9.999968e-01
9.999968e-01
9.999968e-01
9.999968e-01
9.999968e-01
9.999968e-01
9.999968e-01
9.999968e-01
9.999967e-01
9.999967e-01
9.999967e-01
9.999967e-01
9.999967e-01
9.999967e-01
9.999967e-01
9.999967e-01
9.999967e-01
9.999967e-01
9.999967e-01
9.999967e-01
9.999967e-01
9.999967e-01
9.999967e-01
9.999967e-01
9.999967e-01
9.999967e-01
9.999967e-01
9.999967e-01
9.999967e-01
9.999967e-01
9.999966e-01
9.999966e-01
9.999966e-01
9.999966e-01
9.999966e-01
9.999966e-01
9.999966e-01
9.999966e-01
9.999966e-01
9.999966e-01
9.999966e-01
9.999966e-01
9.999966e-01
9.999966e-01
9.999966e-01
9.999966e-01
9.999966e-01
9.999966e-01
9.999966e-01
9.999966e-01
9.999966e-01
9.999966e-01
9.999966e-01
9.999966e-01
9.999966e-01
9.999966e-01
9.999966e-01
9.999966e-01
9.999966e-01
9.999966e-01
9.999966e-01
9.999966e-01
9.999966e-01
9.999966e-01
9.999966e-01
9.999966e-01
9.999966e-01
9.999966e-01
9.999966e-01
9.999966e-01
9.999966e-01
9.999966e-01
9.999966e-01
9.999966e-01
9.999966e-01
9.999966e-01
9.999966e-01
9.999966e-01
9.999966e-01
9.999966e-01
9.999966e-01
9.999966e-01
9.999966e-01
9.999966e-01
9.999966e-01
9.999966e-01
9.999966e-01
9.999966e-01
9.999966e-01
9.999966e-01
9.999966e-01
9.999966e-01
9.999966e-01
9.999966e-01
9.999966e-01
9.999967e-01
9.999967e-01
9.999967e-01
9.999967e-01
9.999967e-01
9.999967e-01
9.999967e-01
9.999967e-01
9.999967e-01
9.999967e-01
9.999967e-01
9.999967e-01
9.999967e-01
9.999967e-01
9.999967e-01
9.999967e-01
9.999967e-01
9.999967e-01
9.999967e-01
9.999967e-01
9.999967e-01
9.999967e-01
9.999968e-01
9.999968e-01
9.999968e-01
9.999968e-01
9.999968e-01
9.999968e-01
9.999968e-01
9.999968e-01
9.999968e-01
9.999968e-01
9.999968e-01
9.999968e-01
9.999968e-01
9.999968e-01
9.999968e-01
9.999968e-01
9.999969e-01
9.999969e-01
9.999969e-01
9.999969e-01
9.999969e-01
9.999969e-01
9.999969e-01
9.999969e-01
9.999969e-01
9.999969e-01
9.999969e-01
9.999969e-01
9.999970e-01
9.999970e-01
9.999970e-01
9.999970e-01
9.999970e-01
9.999970e-01
9.999970e-01
9.999970e-01
9.999970e-01
9.999970e-01
9.999970e-01
9.999970e-01
9.999971e-01
9.999971e-01
9.999971e-01
9.999971e-01
9.999971e-01
9.999971e-01
9.999971e-01
9.999971e-01
9.999971e-01
9.999971e-01
9.999972e-01
9.999972e-01
9.999972e-01
9.999972e-01
9.999972e-01
9.999972e-01
9.999972e-01
9.999972e-01
9.999972e-01
9.999973e-01
9.999973e-01
9.999973e-01
9.999973e-01
9.999973e-01
9.999973e-01
9.999973e-01
9.999973e-01
9.999973e-01
9.999974e-01
9.999974e-01
9.999974e-01
9.999974e-01
9.999974e-01
9.999974e-01
9.999974e-01
9.999974e-01
9.999975e-01
9.999975e-01
9.999975e-01
9.999975e-01
9.999975e-01
9.999975e-01
9.999975e-01
9.999976e-01
9.999976e-01
9.999976e-01
9.999976e-01
9.999976e-01
9.999976e-01
9.999976e-01
9.999976e-01
9.999977e-01
9.999977e-01
9.999977e-01
9.999977e-01
9.999977e-01
9.999977e-01
9.999977e-01
9.999978e-01
9.999978e-01
9.999978e-01
9.999978e-01
9.999978e-01
9.999978e-01
9.999978e-01
9.999979e-01
9.999979e-01
9.999979e-01
9.999979e-01
9.999979e-01
9.999979e-01
9.999979e-01
9.999980e-01
9.999980e-01
9.999980e-01
9.999980e-01
9.999980e-01
9.999980e-01
9.999981e-01
9.999981e-01
9.999981e-01
9.999981e-01
9.999981e-01
9.999981e-01
9.999981e-01
9.999982e-01
9.999982e-01
9.999982e-01
9.999982e-01
9.999982e-01
9.999982e-01
9.999983e-01
9.999983e-01
9.999983e-01
9.999983e-01
9.999983e-01
9.999983e-01
9.999984e-01
9.999984e-01
9.999984e-01
9.999984e-01
9.999984e-01
9.999984e-01
9.999985e-01
9.999985e-01
9.999985e-01
9.999985e-01
9.999985e-01
9.999985e-01
9.999986e-01
9.999986e-01
9.999986e-01
9.999986e-01
9.999986e-01
9.999987e-01
9.999987e-01
9.999987e-01
9.999987e-01
9.999987e-01
9.999987e-01
9.999988e-01
9.999988e-01
9.999988e-01
9.999988e-01
9.999988e-01
9.999988e-01
9.999989e-01
9.999989e-01
9.999989e-01
9.999989e-01
9.999989e-01
9.999990e-01
9.999990e-01
9.999990e-01
9.999990e-01
9.999990e-01
9.999990e-01
9.999991e-01
9.999991e-01
9.999991e-01
9.999991e-01
9.999991e-01
9.999992e-01
9.999992e-01
9.999992e-01
9.999992e-01
9.999992e-01
9.999992e-01
9.999993e-01
9.999993e-01
9.999993e-01
9.999993e-01
9.999993e-01
9.999993e-01
9.999993e-01
9.999993e-01
9.999992e-01
9.999991e-01
9.999990e-01
9.999987e-01
9.999982e-01
9.999973e-01
9.999959e-01
9.999936e-01
9.999897e-01
9.999833e-01
9.999727e-01
9.999553e-01
9.999266e-01
9.998793e-01
9.998013e-01
9.996727e-01
9.994606e-01
9.991112e-01
9.985357e-01
9.975883e-01
9.960301e-01
9.934718e-01
9.892823e-01
9.824516e-01
9.713934e-01
9.536951e-01
9.258827e-01
8.834072e-01
8.212882e-01
7.359648e-01
6.283396e-01
5.062748e-01
3.834573e-01
2.739051e-01
1.861992e-01
1.218637e-01
7.763680e-02
4.857295e-02
3.003508e-02
1.843513e-02
1.126325e-02
6.862007e-03
4.173380e-03
2.535548e-03
1.539533e-03
9.344566e-04
5.671093e-04
3.441774e-04
2.089215e-04
1.268742e-04
7.711090e-05
4.693292e-05
2.863567e-05
1.754489e-05
1.082536e-05
6.757095e-06
4.297019e-06
2.812279e-06
1.919176e-06
1.384847e-06
1.068174e-06
8.834530e-07
7.788025e-07
7.226616e-07
6.959728e-07
6.870980e-07
6.890508e-07
6.975257e-07
7.099740e-07
7.247907e-07
7.410569e-07
7.581635e-07
7.757888e-07
7.936924e-07
8.117703e-07
8.299194e-07
8.481143e-07
8.663039e-07
8.844901e-07
9.026424e-07
9.207717e-07
9.388560e-07
9.569085e-07
9.749113e-07
9.928775e-07
1.010792e-06
1.028666e-06
1.046487e-06
1.064265e-06
1.081989e-06
1.099668e-06
1.117291e-06
1.134867e-06
1.152385e-06
1.169855e-06
1.187266e-06
1.204626e-06
1.221926e-06
1.239173e-06
1.256359e-06
1.273491e-06
1.290559e-06
1.307571e-06
1.324519e-06
1.341409e-06
1.358233e-06
1.374998e-06
1.391695e-06
1.408330e-06
1.424897e-06
1.441401e-06
1.457835e-06
1.474204e-06
1.490501e-06
1.506732e-06
1.522891e-06
1.538980e-06
1.554996e-06
1.570942e-06
1.586812e-06
1.602611e-06
1.618333e-06
1.633982e-06
1.649552e-06
1.665048e-06
1.680464e-06
1.695804e-06
1.711064e-06
1.726245e-06
1.741344e-06
1.756363e-06
1.771300e-06
1.786155e-06
1.800925e-06
1.815613e-06
1.830215e-06
1.844734e-06
1.859164e-06
1.873510e-06
1.887767e-06
1.901937e-06
1.916017e-06
1.930009e-06
1.943910e-06
1.957722e-06
1.971441e-06
1.985069e-06
1.998603e-06
2.012046e-06
2.025393e-06
2.038648e-06
2.051806e-06
2.064869e-06
2.077835e-06
2.090705e-06
2.103477e-06
2.116151e-06
2.128726e-06
2.141202e-06
2.153578e-06
2.165854e-06
2.178028e-06
2.190101e-06
2.202072e-06
2.213940e-06
2.225704e-06
2.237365e-06
2.248921e-06
2.260373e-06
2.271718e-06
2.282959e-06
2.294092e-06
2.305118e-06
2.316036e-06
2.326847e-06
2.337549e-06
2.348142e-06
2.358625e-06
2.368998e-06
2.379260e-06
2.389412e-06
2.399451e-06
2.409379e-06
2.419194e-06
2.428897e-06
2.438485e-06
2.447961e-06
2.457321e-06
2.466567e-06
2.475698e-06
2.484713e-06
2.493612e-06
2.502395e-06
2.511060e-06
2.519609e-06
2.528040e-06
2.536353e-06
2.544547e-06
2.552623e-06
2.560579e-06
2.568416e-06
2.576132e-06
2.583729e-06
2.591204e-06
2.598559e-06
2.605792e-06
2.612904e-06
2.619893e-06
2.626760e-06
2.633504e-06
2.640126e-06
2.646623e-06
2.652998e-06
2.659248e-06
2.665375e-06
2.671376e-06
2.677253e-06
2.683004e-06
2.688631e-06
2.694132e-06
2.699507e-06
2.704755e-06
2.709878e-06
2.714873e-06
2.719743e-06
2.724484e-06
2.729099e-06
2.733586e-06
2.737945e-06
2.742177e-06
2.746280e-06
2.750255e-06
2.754101e-06
2.757819e-06
2.761408e-06
2.764867e-06
2.768198e-06
2.771399e-06
2.774471e-06
2.777413e-06
2.780226e-06
2.782908e-06
2.785460e-06
2.787882e-06
2.790174e-06
2.792336e-06
2.794367e-06
2.796267e-06
2.798037e-06
2.799676e-06
2.801184e-06
2.802561e-06
2.803808e-06
2.804923e-06
2.805907e-06
2.806760e-06
2.807482e-06
2.808072e-06
2.808532e-06
2.808860e-06
2.809057e-06
