8.065830e-04
8.065639e-04
8.065064e-04
8.064107e-04
8.062767e-04
8.061044e-04
8.058938e-04
8.056450e-04
8.053579e-04
8.050326e-04
8.046691e-04
8.042674e-04
8.038275e-04
8.033494e-04
8.028332e-04
8.022789e-04
8.016865e-04
8.010561e-04
8.003876e-04
7.996811e-04
7.989367e-04
7.981543e-04
7.973341e-04
7.964760e-04
7.955801e-04
7.946464e-04
7.936751e-04
7.926660e-04
7.916194e-04
7.905351e-04
7.894134e-04
7.882541e-04
7.870575e-04
7.858235e-04
7.845523e-04
7.832438e-04
7.818981e-04
7.805154e-04
7.790956e-04
7.776388e-04
7.761451e-04
7.746147e-04
7.730474e-04
7.714435e-04
7.698030e-04
7.681260e-04
7.664125e-04
7.646627e-04
7.628766e-04
7.610544e-04
7.591960e-04
7.573016e-04
7.553714e-04
7.534053e-04
7.514034e-04
7.493660e-04
7.472930e-04
7.451846e-04
7.430408e-04
7.408618e-04
7.386477e-04
7.363986e-04
7.341146e-04
7.317958e-04
7.294422e-04
7.270542e-04
7.246316e-04
7.221748e-04
7.196837e-04
7.171585e-04
7.145993e-04
7.120063e-04
7.093795e-04
7.067191e-04
7.040253e-04
7.012981e-04
6.985377e-04
6.957442e-04
6.929177e-04
6.900585e-04
6.871665e-04
6.842421e-04
6.812852e-04
6.782961e-04
6.752749e-04
6.722217e-04
6.691367e-04
6.660200e-04
6.628718e-04
6.596922e-04
6.564815e-04
6.532396e-04
6.499669e-04
6.466634e-04
6.433293e-04
6.399648e-04
6.365701e-04
6.331452e-04
6.296904e-04
6.262058e-04
6.226916e-04
6.191480e-04
6.155751e-04
6.119731e-04
6.083422e-04
6.046826e-04
6.009943e-04
5.972777e-04
5.935329e-04
5.897600e-04
5.859593e-04
5.821309e-04
5.782750e-04
5.743918e-04
5.704814e-04
5.665442e-04
5.625802e-04
5.585896e-04
5.545727e-04
5.505297e-04
5.464606e-04
5.423658e-04
5.382454e-04
5.340996e-04
5.299286e-04
5.257326e-04
5.215118e-04
5.172665e-04
5.129968e-04
5.087028e-04
5.043850e-04
5.000433e-04
4.956781e-04
4.912895e-04
4.868779e-04
4.824432e-04
4.779859e-04
4.735060e-04
4.690039e-04
4.644797e-04
4.599336e-04
4.553659e-04
4.507768e-04
4.461665e-04
4.415352e-04
4.368831e-04
4.322105e-04
4.275176e-04
4.228045e-04
4.180716e-04
4.133191e-04
4.085472e-04
4.037560e-04
3.989459e-04
3.941171e-04
3.892698e-04
3.844042e-04
3.795206e-04
3.746192e-04
3.697002e-04
3.647638e-04
3.598104e-04
3.548401e-04
3.498532e-04
3.448499e-04
3.398304e-04
3.347950e-04
3.297440e-04
3.246775e-04
3.195958e-04
3.144992e-04
3.093879e-04
3.042621e-04
2.991221e-04
2.939681e-04
2.888004e-04
2.836192e-04
2.784247e-04
2.732173e-04
2.679971e-04
2.627644e-04
2.575195e-04
2.522626e-04
2.469939e-04
2.417138e-04
2.364224e-04
2.311201e-04
2.258071e-04
2.204837e-04
2.151503e-04
2.098072e-04
2.044549e-04
1.990940e-04
1.937252e-04
1.883498e-04
1.829695e-04
1.775870e-04
1.722066e-04
1.668354e-04
1.614848e-04
1.561731e-04
1.509308e-04
1.458078e-04
1.408861e-04
1.363010e-04
1.322751e-04
1.291751e-04
1.276056e-04
1.285629e-04
1.336891e-04
1.456911e-04
1.690303e-04
2.110599e-04
2.838981e-04
4.075112e-04
6.147864e-04
9.598614e-04
1.531774e-03
2.476733e-03
4.034211e-03
6.594780e-03
1.079100e-02
1.763550e-02
2.871841e-02
4.645726e-02
7.433201e-02
1.168959e-01
1.791275e-01
2.645719e-01
3.722939e-01
4.943938e-01
6.171670e-01
7.266132e-01
8.141895e-01
8.784048e-01
9.225371e-01
9.515334e-01
9.700260e-01
9.815966e-01
9.887499e-01
9.931395e-01
9.958208e-01
9.974539e-01
9.984468e-01
9.990497e-01
9.994156e-01
9.996374e-01
9.997717e-01
9.998529e-01
9.999020e-01
9.999315e-01
9.999491e-01
9.999596e-01
9.999657e-01
9.999691e-01
9.999710e-01
9.999719e-01
9.999721e-01
9.999721e-01
9.999718e-01
9.999714e-01
9.999709e-01
9.999703e-01
9.999698e-01
9.999692e-01
9.999686e-01
9.999680e-01
9.999674e-01
9.999668e-01
9.999662e-01
9.999656e-01
9.999650e-01
9.999644e-01
9.999638e-01
9.999632e-01
9.999626e-01
9.999620e-01
9.999614e-01
9.999608e-01
9.999602e-01
9.999596e-01
9.999590e-01
9.999584e-01
9.999578e-01
9.999572e-01
9.999566e-01
9.999560e-01
9.999554e-01
9.999549e-01
9.999543e-01
9.999537e-01
9.999531e-01
9.999525e-01
9.999520e-01
9.999514e-01
9.999508e-01
9.999502e-01
9.999497e-01
9.999491e-01
9.999485e-01
9.999480e-01
9.999474e-01
9.999468e-01
9.999463e-01
9.999457e-01
9.999452e-01
9.999446e-01
9.999440e-01
9.999435e-01
9.999429e-01
9.999424e-01
9.999418e-01
9.999413e-01
9.999407e-01
9.999402e-01
9.999397e-01
9.999391e-01
9.999386e-01
9.999380e-01
9.999375e-01
9.999370e-01
9.999365e-01
9.999359e-01
9.999354e-01
9.999349e-01
9.999343e-01
9.999338e-01
9.999333e-01
9.999328e-01
9.999323e-01
9.999318e-01
9.999313e-01
9.999307e-01
9.999302e-01
9.999297e-01
9.999292e-01
9.999287e-01
9.999282e-01
9.999277e-01
9.999272e-01
9.999267e-01
9.999263e-01
9.999258e-01
9.999253e-01
9.999248e-01
9.999243e-01
9.999238e-01
9.999234e-01
9.999229e-01
9.999224e-01
9.999219e-01
9.999215e-01
9.999210e-01
9.999205e-01
9.999201e-01
9.999196e-01
9.999192e-01
9.999187e-01
9.999183e-01
9.999178e-01
9.999174e-01
9.999169e-01
9.999165e-01
9.999160e-01
9.999156e-01
9.999151e-01
9.999147e-01
9.999143e-01
9.999139e-01
9.999134e-01
9.999130e-01
9.999126e-01
9.999122e-01
9.999117e-01
9.999113e-01
9.999109e-01
9.999105e-01
9.999101e-01
9.999097e-01
9.999093e-01
9.999089e-01
9.999085e-01
9.999081e-01
9.999077e-01
9.999073e-01
9.999069e-01
9.999066e-01
9.999062e-01
9.999058e-01
9.999054e-01
9.999051e-01
9.999047e-01
9.999043e-01
9.999040e-01
9.999036e-01
9.999032e-01
9.999029e-01
9.999025e-01
9.999022e-01
9.999018e-01
9.999015e-01
9.999011e-01
9.999008e-01
9.999005e-01
9.999001e-01
9.998998e-01
9.998995e-01
9.998991e-01
9.998988e-01
9.998985e-01
9.998982e-01
9.998979e-01
9.998975e-01
9.998972e-01
9.998969e-01
9.998966e-01
9.998963e-01
9.998960e-01
9.998957e-01
9.998954e-01
9.998951e-01
9.998949e-01
9.998946e-01
9.998943e-01
9.998940e-01
9.998937e-01
9.998935e-01
9.998932e-01
9.998929e-01
9.998927e-01
9.998924e-01
9.998922e-01
9.998919e-01
9.998917e-01
9.998914e-01
9.998912e-01
9.998909e-01
9.998907e-01
9.998904e-01
9.998902e-01
9.998900e-01
9.998898e-01
9.998895e-01
9.998893e-01
9.998891e-01
9.998889e-01
9.998887e-01
9.998885e-01
9.998883e-01
9.998881e-01
9.998879e-01
9.998877e-01
9.998875e-01
9.998873e-01
9.998871e-01
9.998869e-01
9.998867e-01
9.998865e-01
9.998864e-01
9.998862e-01
9.998860e-01
9.998859e-01
9.998857e-01
9.998855e-01
9.998854e-01
9.998852e-01
9.998851e-01
9.998849e-01
9.998848e-01
9.998847e-01
9.998845e-01
9.998844e-01
9.998843e-01
9.998841e-01
9.998840e-01
9.998839e-01
9.998838e-01
9.998837e-01
9.998835e-01
9.998834e-01
9.998833e-01
9.998832e-01
9.998831e-01
9.998830e-01
9.998829e-01
9.998829e-01
9.998828e-01
9.998827e-01
9.998826e-01
9.998825e-01
9.998825e-01
9.998824e-01
9.998823e-01
9.998823e-01
9.998822e-01
9.998821e-01
9.998821e-01
9.998820e-01
9.998820e-01
9.998820e-01
9.998819e-01
9.998819e-01
9.998818e-01
9.998818e-01
9.998818e-01
9.998818e-01
9.998817e-01
9.998817e-01
9.998817e-01
9.998817e-01
9.998817e-01
9.998817e-01
9.998817e-01
9.998817e-01
9.998817e-01
9.998817e-01
9.998817e-01
9.998817e-01
9.998817e-01
9.998818e-01
9.998818e-01
9.998818e-01
9.998818e-01
9.998819e-01
9.998819e-01
9.998820e-01
9.998820e-01
9.998820e-01
9.998821e-01
9.998821e-01
9.998822e-01
9.998823e-01
9.998823e-01
9.998824e-01
9.998825e-01
9.998825e-01
9.998826e-01
9.998827e-01
9.998828e-01
9.998829e-01
9.998829e-01
9.998830e-01
9.998831e-01
9.998832e-01
9.998833e-01
9.998834e-01
9.998835e-01
9.998837e-01
9.998838e-01
9.998839e-01
9.998840e-01
9.998841e-01
9.998843e-01
9.998844e-01
9.998845e-01
9.998847e-01
9.998848e-01
9.998849e-01
9.998851e-01
9.998852e-01
9.998854e-01
9.998855e-01
9.998857e-01
9.998859e-01
9.998860e-01
9.998862e-01
9.998864e-01
9.998865e-01
9.998867e-01
9.998869e-01
9.998871e-01
9.998873e-01
9.998875e-01
9.998877e-01
9.998879e-01
9.998881e-01
9.998883e-01
9.998885e-01
9.998887e-01
9.998889e-01
9.998891e-01
9.998893e-01
9.998895e-01
9.998898e-01
9.998900e-01
9.998902e-01
9.998904e-01
9.998907e-01
9.998909e-01
9.998912e-01
9.998914e-01
9.998917e-01
9.998919e-01
9.998922e-01
9.998924e-01
9.998927e-01
9.998929e-01
9.998932e-01
9.998935e-01
9.998937e-01
9.998940e-01
9.998943e-01
9.998946e-01
9.998949e-01
9.998951e-01
9.998954e-01
9.998957e-01
9.998960e-01
9.998963e-01
9.998966e-01
9.998969e-01
9.998972e-01
9.998975e-01
9.998979e-01
9.998982e-01
9.998985e-01
9.998988e-01
9.998991e-01
9.998995e-01
9.998998e-01
9.999001e-01
9.999005e-01
9.999008e-01
9.999011e-01
9.999015e-01
9.999018e-01
9.999022e-01
9.999025e-01
9.999029e-01
9.999032e-01
9.999036e-01
9.999040e-01
9.999043e-01
9.999047e-01
9.999051e-01
9.999054e-01
9.999058e-01
9.999062e-01
9.999066e-01
9.999069e-01
9.999073e-01
9.999077e-01
9.999081e-01
9.999085e-01
9.999089e-01
9.999093e-01
9.999097e-01
9.999101e-01
9.999105e-01
9.999109e-01
9.999113e-01
9.999117e-01
9.999122e-01
9.999126e-01
9.999130e-01
9.999134e-01
9.999139e-01
9.999143e-01
9.999147e-01
9.999151e-01
9.999156e-01
9.999160e-01
9.999165e-01
9.999169e-01
9.999174e-01
9.999178e-01
9.999183e-01
9.999187e-01
9.999192e-01
9.999196e-01
9.999201e-01
9.999205e-01
9.999210e-01
9.999215e-01
9.999219e-01
9.999224e-01
9.999229e-01
9.999234e-01
9.999238e-01
9.999243e-01
9.999248e-01
9.999253e-01
9.999258e-01
9.999263e-01
9.999267e-01
9.999272e-01
9.999277e-01
9.999282e-01
9.999287e-01
9.999292e-01
9.999297e-01
9.999302e-01
9.999307e-01
9.999313e-01
9.999318e-01
9.999323e-01
9.999328e-01
9.999333e-01
9.999338e-01
9.999343e-01
9.999349e-01
9.999354e-01
9.999359e-01
9.999365e-01
9.999370e-01
9.999375e-01
9.999380e-01
9.999386e-01
9.999391e-01
9.999397e-01
9.999402e-01
9.999407e-01
9.999413e-01
9.999418e-01
9.999424e-01
9.999429e-01
9.999435e-01
9.999440e-01
9.999446e-01
9.999452e-01
9.999457e-01
9.999463e-01
9.999468e-01
9.999474e-01
9.999480e-01
9.999485e-01
9.999491e-01
9.999497e-01
9.999502e-01
9.999508e-01
9.999514e-01
9.999520e-01
9.999525e-01
9.999531e-01
9.999537e-01
9.999543e-01
9.999549e-01
9.999554e-01
9.999560e-01
9.999566e-01
9.999572e-01
9.999578e-01
9.999584e-01
9.999590e-01
9.999596e-01
9.999602e-01
9.999608e-01
9.999614e-01
9.999620e-01
9.999626e-01
9.999632e-01
9.999638e-01
9.999644e-01
9.999650e-01
9.999656e-01
9.999662e-01
9.999668e-01
9.999674e-01
9.999680e-01
9.999686e-01
9.999692e-01
9.999698e-01
9.999703e-01
9.999709e-01
9.999714e-01
9.999718e-01
9.999721e-01
9.999721e-01
9.999719e-01
9.999710e-01
9.999691e-01
9.999657e-01
9.999596e-01
9.999491e-01
9.999315e-01
9.999020e-01
9.998529e-01
9.997717e-01
9.996374e-01
9.994156e-01
9.990497e-01
9.984468e-01
9.974539e-01
9.958208e-01
9.931395e-01
9.887499e-01
9.815966e-01
9.700260e-01
9.515334e-01
9.225371e-01
8.784048e-01
8.141895e-01
7.266132e-01
6.171670e-01
4.943938e-01
3.722939e-01
2.645719e-01
1.791275e-01
1.168959e-01
7.433201e-02
4.645726e-02
2.871841e-02
1.763550e-02
1.079100e-02
6.594780e-03
4.034211e-03
2.476733e-03
1.531774e-03
9.598614e-04
6.147864e-04
4.075112e-04
2.838981e-04
2.110599e-04
1.690303e-04
1.456911e-04
1.336891e-04
1.285629e-04
1.276056e-04
1.291751e-04
1.322751e-04
1.363010e-04
1.408861e-04
1.458078e-04
1.509308e-04
1.561731e-04
1.614848e-04
1.668354e-04
1.722066e-04
1.775870e-04
1.829695e-04
1.883498e-04
1.937252e-04
1.990940e-04
2.044549e-04
2.098072e-04
2.151503e-04
2.204837e-04
2.258071e-04
2.311201e-04
2.364224e-04
2.417138e-04
2.469939e-04
2.522626e-04
2.575195e-04
2.627644e-04
2.679971e-04
2.732173e-04
2.784247e-04
2.836192e-04
2.888004e-04
2.939681e-04
2.991221e-04
3.042621e-04
3.093879e-04
3.144992e-04
3.195958e-04
3.246775e-04
3.297440e-04
3.347950e-04
3.398304e-04
3.448499e-04
3.498532e-04
3.548401e-04
3.598104e-04
3.647638e-04
3.697002e-04
3.746192e-04
3.795206e-04
3.844042e-04
3.892698e-04
3.941171e-04
3.989459e-04
4.037560e-04
4.085472e-04
4.133191e-04
4.180716e-04
4.228045e-04
4.275176e-04
4.322105e-04
4.368831e-04
4.415352e-04
4.461665e-04
4.507768e-04
4.553659e-04
4.599336e-04
4.644797e-04
4.690039e-04
4.735060e-04
4.779859e-04
4.824432e-04
4.868779e-04
4.912895e-04
4.956781e-04
5.000433e-04
5.043850e-04
5.087028e-04
5.129968e-04
5.172665e-04
5.215118e-04
5.257326e-04
5.299286e-04
5.340996e-04
5.382454e-04
5.423658e-04
5.464606e-04
5.505297e-04
5.545727e-04
5.585896e-04
5.625802e-04
5.665442e-04
5.704814e-04
5.743918e-04
5.782750e-04
5.821309e-04
5.859593e-04
5.897600e-04
5.935329e-04
5.972777e-04
6.009943e-04
6.046826e-04
6.083422e-04
6.119731e-04
6.155751e-04
6.191480e-04
6.226916e-04
6.262058e-04
6.296904e-04
6.331452e-04
6.365701e-04
6.399648e-04
6.433293e-04
6.466634e-04
6.499669e-04
6.532396e-04
6.564815e-04
6.596922e-04
6.628718e-04
6.660200e-04
6.691367e-04
6.722217e-04
6.752749e-04
6.782961e-04
6.812852e-04
6.842421e-04
6.871665e-04
6.900585e-04
6.929177e-04
6.957442e-04
6.985377e-04
7.012981e-04
7.040253e-04
7.067191e-04
7.093795e-04
7.120063e-04
7.145993e-04
7.171585e-04
7.196837e-04
7.221748e-04
7.246316e-04
7.270542e-04
7.294422e-04
7.317958e-04
7.341146e-04
7.363986e-04
7.386477e-04
7.408618e-04
7.430408e-04
7.451846e-04
7.472930e-04
7.493660e-04
7.514034e-04
7.534053e-04
7.553714e-04
7.573016e-04
7.591960e-04
7.610544e-04
7.628766e-04
7.646627e-04
7.664125e-04
7.681260e-04
7.698030e-04
7.714435e-04
7.730474e-04
7.746147e-04
7.761451e-04
7.776388e-04
7.790956e-04
7.805154e-04
7.818981e-04
7.832438e-04
7.845523e-04
7.858235e-04
7.870575e-04
7.882541e-04
7.894134e-04
7.905351e-04
7.916194e-04
7.926660e-04
7.936751e-04
7.946464e-04
7.955801e-04
7.964760e-04
7.973341e-04
7.981543e-04
7.989367e-04
7.996811e-04
8.003876e-04
8.010561e-04
8.016865e-04
8.022789e-04
8.028332e-04
8.033494e-04
8.038275e-04
8.042674e-04
8.046691e-04
8.050326e-04
8.053579e-04
8.056450e-04
8.058938e-04
8.061044e-04
8.062767e-04
8.064107e-04
8.065064e-04
8.065639e-04
