1.604597e-06
1.604560e-06
1.604448e-06
1.604261e-06
1.603999e-06
1.603663e-06
1.603252e-06
1.602767e-06
1.602206e-06
1.601571e-06
1.600862e-06
1.600078e-06
1.599219e-06
1.598286e-06
1.597278e-06
1.596197e-06
1.595040e-06
1.593810e-06
1.592505e-06
1.591126e-06
1.589673e-06
1.588146e-06
1.586545e-06
1.584870e-06
1.583121e-06
1.581299e-06
1.579402e-06
1.577433e-06
1.575389e-06
1.573273e-06
1.571083e-06
1.568820e-06
1.566484e-06
1.564075e-06
1.561593e-06
1.559039e-06
1.556411e-06
1.553712e-06
1.550940e-06
1.548096e-06
1.545179e-06
1.542191e-06
1.539131e-06
1.536000e-06
1.532796e-06
1.529522e-06
1.526176e-06
1.522759e-06
1.519271e-06
1.515713e-06
1.512083e-06
1.508384e-06
1.504614e-06
1.500775e-06
1.496865e-06
1.492886e-06
1.488836e-06
1.484719e-06
1.480531e-06
1.476275e-06
1.471950e-06
1.467557e-06
1.463095e-06
1.458565e-06
1.453967e-06
1.449302e-06
1.444569e-06
1.439769e-06
1.434901e-06
1.429968e-06
1.424967e-06
1.419901e-06
1.414767e-06
1.409569e-06
1.404304e-06
1.398975e-06
1.393580e-06
1.388121e-06
1.382596e-06
1.377008e-06
1.371355e-06
1.365639e-06
1.359859e-06
1.354016e-06
1.348110e-06
1.342141e-06
1.336109e-06
1.330016e-06
1.323860e-06
1.317644e-06
1.311365e-06
1.305027e-06
1.298626e-06
1.292166e-06
1.285646e-06
1.279066e-06
1.272426e-06
1.265727e-06
1.258969e-06
1.252153e-06
1.245279e-06
1.238347e-06
1.231356e-06
1.224310e-06
1.217205e-06
1.210045e-06
1.202828e-06
1.195555e-06
1.188226e-06
1.180843e-06
1.173404e-06
1.165912e-06
1.158364e-06
1.150764e-06
1.143109e-06
1.135402e-06
1.127641e-06
1.119829e-06
1.111964e-06
1.104048e-06
1.096080e-06
1.088062e-06
1.079992e-06
1.071874e-06
1.063704e-06
1.055486e-06
1.047218e-06
1.038903e-06
1.030538e-06
1.022127e-06
1.013667e-06
1.005161e-06
9.966069e-07
9.880083e-07
9.793622e-07
9.706724e-07
9.619358e-07
9.531564e-07
9.443309e-07
9.354636e-07
9.265509e-07
9.175972e-07
9.085990e-07
8.995607e-07
8.904787e-07
8.813575e-07
8.721932e-07
8.629908e-07
8.537461e-07
8.444642e-07
8.351408e-07
8.257812e-07
8.163807e-07
8.069452e-07
7.974695e-07
7.879598e-07
7.784106e-07
7.688285e-07
7.592076e-07
7.495549e-07
7.398641e-07
7.301426e-07
7.203838e-07
7.105953e-07
7.007702e-07
6.909167e-07
6.810271e-07
6.711103e-07
6.611581e-07
6.511800e-07
6.411670e-07
6.311296e-07
6.210577e-07
6.109628e-07
6.008340e-07
5.906838e-07
5.805003e-07
5.702971e-07
5.600616e-07
5.498088e-07
5.395254e-07
5.292287e-07
5.189052e-07
5.085767e-07
4.982317e-07
4.879005e-07
4.775808e-07
4.673231e-07
4.571528e-07
4.471724e-07
4.374855e-07
4.283322e-07
4.200340e-07
4.131992e-07
4.087467e-07
4.082808e-07
4.143501e-07
4.312594e-07
4.659947e-07
5.301937e-07
6.429133e-07
8.357137e-07
1.160475e-06
1.702901e-06
2.604106e-06
4.096951e-06
6.565133e-06
1.064149e-05
1.736910e-05
2.846793e-05
4.677317e-05
7.695904e-05
1.267300e-04
2.087848e-04
3.440477e-04
5.669858e-04
9.343382e-04
1.539418e-03
2.535433e-03
4.173260e-03
6.861874e-03
1.126310e-02
1.843493e-02
3.003480e-02
4.857255e-02
7.763621e-02
1.218629e-01
1.861980e-01
2.739036e-01
3.834555e-01
5.062729e-01
6.283379e-01
7.359634e-01
8.212872e-01
8.834065e-01
9.258822e-01
9.536949e-01
9.713933e-01
9.824516e-01
9.892823e-01
9.934718e-01
9.960302e-01
9.975883e-01
9.985358e-01
9.991113e-01
9.994607e-01
9.996728e-01
9.998014e-01
9.998794e-01
9.999268e-01
9.999555e-01
9.999729e-01
9.999834e-01
9.999898e-01
9.999937e-01
9.999960e-01
9.999975e-01
9.999983e-01
9.999988e-01
9.999991e-01
9.999993e-01
9.999994e-01
9.999995e-01
9.999995e-01
9.999995e-01
9.999995e-01
9.999995e-01
9.999995e-01
9.999995e-01
9.999995e-01
9.999995e-01
9.999995e-01
9.999995e-01
9.999994e-01
9.999994e-01
9.999994e-01
9.999994e-01
9.999994e-01
9.999994e-01
9.999994e-01
9.999994e-01
9.999993e-01
9.999993e-01
9.999993e-01
9.999993e-01
9.999993e-01
9.999993e-01
9.999993e-01
9.999993e-01
9.999992e-01
9.999992e-01
9.999992e-01
9.999992e-01
9.999992e-01
9.999992e-01
9.999992e-01
9.999992e-01
9.999991e-01
9.999991e-01
9.999991e-01
9.999991e-01
9.999991e-01
9.999991e-01
9.999991e-01
9.999991e-01
9.999990e-01
9.999990e-01
9.999990e-01
9.999990e-01
9.999990e-01
9.999990e-01
9.999990e-01
9.999990e-01
9.999990e-01
9.999989e-01
9.999989e-01
9.999989e-01
9.999989e-01
9.999989e-01
9.999989e-01
9.999989e-01
9.999989e-01
9.999988e-01
9.999988e-01
9.999988e-01
9.999988e-01
9.999988e-01
9.999988e-01
9.999988e-01
9.999988e-01
9.999988e-01
9.999987e-01
9.999987e-01
9.999987e-01
9.999987e-01
9.999987e-01
9.999987e-01
9.999987e-01
9.999987e-01
9.999987e-01
9.999987e-01
9.999986e-01
9.999986e-01
9.999986e-01
9.999986e-01
9.999986e-01
9.999986e-01
9.999986e-01
9.999986e-01
9.999986e-01
9.999985e-01
9.999985e-01
9.999985e-01
9.999985e-01
9.999985e-01
9.999985e-01
9.999985e-01
9.999985e-01
9.999985e-01
9.999985e-01
9.999984e-01
9.999984e-01
9.999984e-01
9.999984e-01
9.999984e-01
9.999984e-01
9.999984e-01
9.999984e-01
9.999984e-01
9.999984e-01
9.999983e-01
9.999983e-01
9.999983e-01
9.999983e-01
9.999983e-01
9.999983e-01
9.999983e-01
9.999983e-01
9.999983e-01
9.999983e-01
9.999983e-01
9.999983e-01
9.999982e-01
9.999982e-01
9.999982e-01
9.999982e-01
9.999982e-01
9.999982e-01
9.999982e-01
9.999982e-01
9.999982e-01
9.999982e-01
9.999982e-01
9.999981e-01
9.999981e-01
9.999981e-01
9.999981e-01
9.999981e-01
9.999981e-01
9.999981e-01
9.999981e-01
9.999981e-01
9.999981e-01
9.999981e-01
9.999981e-01
9.999981e-01
9.999981e-01
9.999980e-01
9.999980e-01
9.999980e-01
9.999980e-01
9.999980e-01
9.999980e-01
9.999980e-01
9.999980e-01
9.999980e-01
9.999980e-01
9.999980e-01
9.999980e-01
9.999980e-01
9.999980e-01
9.999979e-01
9.999979e-01
9.999979e-01
9.999979e-01
9.999979e-01
9.999979e-01
9.999979e-01
9.999979e-01
9.999979e-01
9.999979e-01
9.999979e-01
9.999979e-01
9.999979e-01
9.999979e-01
9.999979e-01
9.999979e-01
9.999979e-01
9.999978e-01
9.999978e-01
9.999978e-01
9.999978e-01
9.999978e-01
9.999978e-01
9.999978e-01
9.999978e-01
9.999978e-01
9.999978e-01
9.999978e-01
9.999978e-01
9.999978e-01
9.999978e-01
9.999978e-01
9.999978e-01
9.999978e-01
9.999978e-01
9.999978e-01
9.999978e-01
9.999978e-01
9.999978e-01
9.999978e-01
9.999977e-01
9.999977e-01
9.999977e-01
9.999977e-01
9.999977e-01
9.999977e-01
9.999977e-01
9.999977e-01
9.999977e-01
9.999977e-01
9.999977e-01
9.999977e-01
9.999977e-01
9.999977e-01
9.999977e-01
9.999977e-01
9.999977e-01
9.999977e-01
9.999977e-01
9.999977e-01
9.999977e-01
9.999977e-01
9.999977e-01
9.999977e-01
9.999977e-01
9.999977e-01
9.999977e-01
9.999977e-01
9.999977e-01
9.999977e-01
9.999977e-01
9.999977e-01
9.999977e-01
9.999977e-01
9.999977e-01
9.999977e-01
9.999977e-01
9.999977e-01
9.999977e-01
9.999977e-01
9.999977e-01
9.999977e-01
9.999977e-01
9.999977e-01
9.999977e-01
9.999977e-01
9.999977e-01
9.999977e-01
9.999977e-01
9.999977e-01
9.999977e-01
9.999977e-01
9.999977e-01
9.999977e-01
9.999977e-01
9.999977e-01
9.999977e-01
9.999977e-01
9.999977e-01
9.999977e-01
9.999977e-01
9.999977e-01
9.999977e-01
9.999977e-01
9.999977e-01
9.999977e-01
9.999977e-01
9.999977e-01
9.999977e-01
9.999977e-01
9.999977e-01
9.999977e-01
9.999977e-01
9.999977e-01
9.999977e-01
9.999977e-01
9.999977e-01
9.999977e-01
9.999977e-01
9.999977e-01
9.999977e-01
9.999977e-01
9.999977e-01
9.999977e-01
9.999977e-01
9.999977e-01
9.999977e-01
9.999977e-01
9.999977e-01
9.999977e-01
9.999977e-01
9.999977e-01
9.999977e-01
9.999977e-01
9.999977e-01
9.999977e-01
9.999977e-01
9.999977e-01
9.999977e-01
9.999977e-01
9.999977e-01
9.999977e-01
9.999977e-01
9.999978e-01
9.999978e-01
9.999978e-01
9.999978e-01
9.999978e-01
9.999978e-01
9.999978e-01
9.999978e-01
9.999978e-01
9.999978e-01
9.999978e-01
9.999978e-01
9.999978e-01
9.999978e-01
9.999978e-01
9.999978e-01
9.999978e-01
9.999978e-01
9.999978e-01
9.999978e-01
9.999978e-01
9.999978e-01
9.999978e-01
9.999979e-01
9.999979e-01
9.999979e-01
9.999979e-01
9.999979e-01
9.999979e-01
9.999979e-01
9.999979e-01
9.999979e-01
9.999979e-01
9.999979e-01
9.999979e-01
9.999979e-01
9.999979e-01
9.999979e-01
9.999979e-01
9.999979e-01
9.999980e-01
9.999980e-01
9.999980e-01
9.999980e-01
9.999980e-01
9.999980e-01
9.999980e-01
9.999980e-01
9.999980e-01
9.999980e-01
9.999980e-01
9.999980e-01
9.999980e-01
9.999980e-01
9.999981e-01
9.999981e-01
9.999981e-01
9.999981e-01
9.999981e-01
9.999981e-01
9.999981e-01
9.999981e-01
9.999981e-01
9.999981e-01
9.999981e-01
9.999981e-01
9.999981e-01
9.999981e-01
9.999982e-01
9.999982e-01
9.999982e-01
9.999982e-01
9.999982e-01
9.999982e-01
9.999982e-01
9.999982e-01
9.999982e-01
9.999982e-01
9.999982e-01
9.999983e-01
9.999983e-01
9.999983e-01
9.999983e-01
9.999983e-01
9.999983e-01
9.999983e-01
9.999983e-01
9.999983e-01
9.999983e-01
9.999983e-01
9.999983e-01
9.999984e-01
9.999984e-01
9.999984e-01
9.999984e-01
9.999984e-01
9.999984e-01
9.999984e-01
9.999984e-01
9.999984e-01
9.999984e-01
9.999985e-01
9.999985e-01
9.999985e-01
9.999985e-01
9.999985e-01
9.999985e-01
9.999985e-01
9.999985e-01
9.999985e-01
9.999985e-01
9.999986e-01
9.999986e-01
9.999986e-01
9.999986e-01
9.999986e-01
9.999986e-01
9.999986e-01
9.999986e-01
9.999986e-01
9.999987e-01
9.999987e-01
9.999987e-01
9.999987e-01
9.999987e-01
9.999987e-01
9.999987e-01
9.999987e-01
9.999987e-01
9.999987e-01
9.999988e-01
9.999988e-01
9.999988e-01
9.999988e-01
9.999988e-01
9.999988e-01
9.999988e-01
9.999988e-01
9.999988e-01
9.999989e-01
9.999989e-01
9.999989e-01
9.999989e-01
9.999989e-01
9.999989e-01
9.999989e-01
9.999989e-01
9.999990e-01
9.999990e-01
9.999990e-01
9.999990e-01
9.999990e-01
9.999990e-01
9.999990e-01
9.999990e-01
9.999990e-01
9.999991e-01
9.999991e-01
9.999991e-01
9.999991e-01
9.999991e-01
9.999991e-01
9.999991e-01
9.999991e-01
9.999992e-01
9.999992e-01
9.999992e-01
9.999992e-01
9.999992e-01
9.999992e-01
9.999992e-01
9.999992e-01
9.999993e-01
9.999993e-01
9.999993e-01
9.999993e-01
9.999993e-01
9.999993e-01
9.999993e-01
9.999993e-01
9.999994e-01
9.999994e-01
9.999994e-01
9.999994e-01
9.999994e-01
9.999994e-01
9.999994e-01
9.999994e-01
9.999995e-01
9.999995e-01
9.999995e-01
9.999995e-01
9.999995e-01
9.999995e-01
9.999995e-01
9.999995e-01
9.999995e-01
9.999995e-01
9.999995e-01
9.999994e-01
9.999993e-01
9.999991e-01
9.999988e-01
9.999983e-01
9.999975e-01
9.999960e-01
9.999937e-01
9.999898e-01
9.999834e-01
9.999729e-01
9.999555e-01
9.999268e-01
9.998794e-01
9.998014e-01
9.996728e-01
9.994607e-01
9.991113e-01
9.985358e-01
9.975883e-01
9.960302e-01
9.934718e-01
9.892823e-01
9.824516e-01
9.713933e-01
9.536949e-01
9.258822e-01
8.834065e-01
8.212872e-01
7.359634e-01
6.283379e-01
5.062729e-01
3.834555e-01
2.739036e-01
1.861980e-01
1.218629e-01
7.763621e-02
4.857255e-02
3.003480e-02
1.843493e-02
1.126310e-02
6.861874e-03
4.173260e-03
2.535433e-03
1.539418e-03
9.343382e-04
5.669858e-04
3.440477e-04
2.087848e-04
1.267300e-04
7.695904e-05
4.677317e-05
2.846793e-05
1.736910e-05
1.064149e-05
6.565133e-06
4.096951e-06
2.604106e-06
1.702901e-06
1.160475e-06
8.357137e-07
6.429133e-07
5.301937e-07
4.659947e-07
4.312594e-07
4.143501e-07
4.082809e-07
4.087468e-07
4.131993e-07
4.200340e-07
4.283323e-07
4.374856e-07
4.471724e-07
4.571528e-07
4.673232e-07
4.775808e-07
4.879005e-07
4.982317e-07
5.085767e-07
5.189053e-07
5.292287e-07
5.395254e-07
5.498089e-07
5.600616e-07
5.702972e-07
5.805003e-07
5.906838e-07
6.008341e-07
6.109628e-07
6.210578e-07
6.311296e-07
6.411671e-07
6.511801e-07
6.611582e-07
6.711104e-07
6.810271e-07
6.909167e-07
7.007702e-07
7.105954e-07
7.203838e-07
7.301427e-07
7.398642e-07
7.495550e-07
7.592077e-07
7.688285e-07
7.784107e-07
7.879598e-07
7.974696e-07
8.069453e-07
8.163808e-07
8.257813e-07
8.351408e-07
8.444643e-07
8.537462e-07
8.629909e-07
8.721933e-07
8.813575e-07
8.904787e-07
8.995608e-07
9.085991e-07
9.175973e-07
9.265510e-07
9.354636e-07
9.443310e-07
9.531565e-07
9.619359e-07
9.706725e-07
9.793623e-07
9.880083e-07
9.966069e-07
1.005161e-06
1.013667e-06
1.022127e-06
1.030538e-06
1.038903e-06
1.047218e-06
1.055486e-06
1.063704e-06
1.071874e-06
1.079992e-06
1.088062e-06
1.096080e-06
1.104048e-06
1.111964e-06
1.119829e-06
1.127641e-06
1.135402e-06
1.143109e-06
1.150764e-06
1.158364e-06
1.165912e-06
1.173404e-06
1.180843e-06
1.188226e-06
1.195555e-06
1.202828e-06
1.210045e-06
1.217205e-06
1.224310e-06
1.231356e-06
1.238347e-06
1.245279e-06
1.252153e-06
1.258969e-06
1.265727e-06
1.272426e-06
1.279066e-06
1.285646e-06
1.292166e-06
1.298626e-06
1.305027e-06
1.311365e-06
1.317644e-06
1.323860e-06
1.330016e-06
1.336109e-06
1.342141e-06
1.348110e-06
1.354016e-06
1.359859e-06
1.365639e-06
1.371355e-06
1.377008e-06
1.382596e-06
1.388121e-06
1.393580e-06
1.398975e-06
1.404304e-06
1.409569e-06
1.414767e-06
1.419901e-06
1.424967e-06
1.429968e-06
1.434901e-06
1.439769e-06
1.444569e-06
1.449302e-06
1.453967e-06
1.458565e-06
1.463095e-06
1.467557e-06
1.471950e-06
1.476275e-06
1.480531e-06
1.484719e-06
1.488836e-06
1.492886e-06
1.496865e-06
1.500775e-06
1.504614e-06
1.508384e-06
1.512083e-06
1.515713e-06
1.519271e-06
1.522759e-06
1.526176e-06
1.529522e-06
1.532796e-06
1.536000e-06
1.539131e-06
1.542191e-06
1.545179e-06
1.548096e-06
1.550940e-06
1.553712e-06
1.556411e-06
1.559039e-06
1.561593e-06
1.564075e-06
1.566484e-06
1.568820e-06
1.571083e-06
1.573273e-06
1.575389e-06
1.577433e-06
1.579402e-06
1.581299e-06
1.583121e-06
1.584870e-06
1.586545e-06
1.588146e-06
1.589673e-06
1.591126e-06
1.592505e-06
1.593810e-06
1.595040e-06
1.596197e-06
1.597278e-06
1.598286e-06
1.599219e-06
1.600078e-06
1.600862e-06
1.601571e-06
1.602206e-06
1.602767e-06
1.603252e-06
1.603663e-06
1.603999e-06
1.604261e-06
1.604448e-06
1.604560e-06
