1.933496e-06
1.933452e-06
1.933316e-06
1.933091e-06
1.932775e-06
1.932370e-06
1.931874e-06
1.931288e-06
1.930612e-06
1.929846e-06
1.928990e-06
1.928044e-06
1.927008e-06
1.925883e-06
1.924667e-06
1.923362e-06
1.921967e-06
1.920483e-06
1.918908e-06
1.917245e-06
1.915492e-06
1.913650e-06
1.911718e-06
1.909698e-06
1.907588e-06
1.905389e-06
1.903102e-06
1.900726e-06
1.898260e-06
1.895707e-06
1.893065e-06
1.890336e-06
1.887517e-06
1.884611e-06
1.881617e-06
1.878535e-06
1.875366e-06
1.872109e-06
1.868765e-06
1.865334e-06
1.861816e-06
1.858211e-06
1.854519e-06
1.850741e-06
1.846877e-06
1.842927e-06
1.838890e-06
1.834768e-06
1.830560e-06
1.826268e-06
1.821889e-06
1.817427e-06
1.812879e-06
1.808247e-06
1.803530e-06
1.798730e-06
1.793845e-06
1.788877e-06
1.783825e-06
1.778691e-06
1.773474e-06
1.768174e-06
1.762791e-06
1.757327e-06
1.751780e-06
1.746152e-06
1.740442e-06
1.734652e-06
1.728780e-06
1.722828e-06
1.716795e-06
1.710683e-06
1.704491e-06
1.698220e-06
1.691869e-06
1.685440e-06
1.678932e-06
1.672346e-06
1.665681e-06
1.658940e-06
1.652121e-06
1.645225e-06
1.638252e-06
1.631204e-06
1.624079e-06
1.616878e-06
1.609602e-06
1.602252e-06
1.594826e-06
1.587327e-06
1.579753e-06
1.572106e-06
1.564385e-06
1.556592e-06
1.548726e-06
1.540789e-06
1.532779e-06
1.524698e-06
1.516546e-06
1.508324e-06
1.500031e-06
1.491669e-06
1.483236e-06
1.474736e-06
1.466166e-06
1.457528e-06
1.448822e-06
1.440049e-06
1.431208e-06
1.422302e-06
1.413329e-06
1.404291e-06
1.395186e-06
1.386017e-06
1.376783e-06
1.367486e-06
1.358125e-06
1.348701e-06
1.339213e-06
1.329665e-06
1.320053e-06
1.310381e-06
1.300647e-06
1.290854e-06
1.280999e-06
1.271086e-06
1.261113e-06
1.251082e-06
1.240992e-06
1.230846e-06
1.220641e-06
1.210381e-06
1.200062e-06
1.189690e-06
1.179261e-06
1.168779e-06
1.158241e-06
1.147650e-06
1.137005e-06
1.126309e-06
1.115558e-06
1.104758e-06
1.093904e-06
1.083002e-06
1.072047e-06
1.061044e-06
1.049991e-06
1.038890e-06
1.027739e-06
1.016543e-06
1.005298e-06
9.940078e-07
9.826692e-07
9.712878e-07
9.598585e-07
9.483877e-07
9.368699e-07
9.253117e-07
9.137075e-07
9.020643e-07
8.903758e-07
8.786497e-07
8.668792e-07
8.550723e-07
8.432219e-07
8.313366e-07
8.194086e-07
8.074470e-07
7.954435e-07
7.834080e-07
7.713314e-07
7.592242e-07
7.470767e-07
7.349002e-07
7.226841e-07
7.104409e-07
6.981588e-07
6.858516e-07
6.735066e-07
6.611392e-07
6.487358e-07
6.363142e-07
6.238608e-07
6.113973e-07
5.989127e-07
5.864372e-07
5.739686e-07
5.615577e-07
5.492296e-07
5.370872e-07
5.252341e-07
5.139106e-07
5.034382e-07
4.944253e-07
4.877910e-07
4.851397e-07
4.890200e-07
5.037369e-07
5.362766e-07
5.982768e-07
7.087948e-07
8.993909e-07
1.221946e-06
1.762163e-06
2.661159e-06
4.151795e-06
6.617770e-06
1.069193e-05
1.741735e-05
2.851400e-05
4.681709e-05
7.700087e-05
1.267698e-04
2.088228e-04
3.440840e-04
5.670208e-04
9.343726e-04
1.539452e-03
2.535470e-03
4.173301e-03
6.861923e-03
1.126316e-02
1.843502e-02
3.003493e-02
4.857275e-02
7.763651e-02
1.218633e-01
1.861986e-01
2.739044e-01
3.834564e-01
5.062739e-01
6.283388e-01
7.359642e-01
8.212877e-01
8.834069e-01
9.258825e-01
9.536950e-01
9.713934e-01
9.824516e-01
9.892823e-01
9.934718e-01
9.960302e-01
9.975883e-01
9.985358e-01
9.991113e-01
9.994607e-01
9.996727e-01
9.998014e-01
9.998794e-01
9.999267e-01
9.999554e-01
9.999728e-01
9.999834e-01
9.999898e-01
9.999937e-01
9.999960e-01
9.999974e-01
9.999983e-01
9.999988e-01
9.999991e-01
9.999993e-01
9.999994e-01
9.999994e-01
9.999994e-01
9.999995e-01
9.999995e-01
9.999995e-01
9.999994e-01
9.999994e-01
9.999994e-01
9.999994e-01
9.999994e-01
9.999994e-01
9.999994e-01
9.999994e-01
9.999993e-01
9.999993e-01
9.999993e-01
9.999993e-01
9.999993e-01
9.999993e-01
9.999993e-01
9.999992e-01
9.999992e-01
9.999992e-01
9.999992e-01
9.999992e-01
9.999992e-01
9.999992e-01
9.999991e-01
9.999991e-01
9.999991e-01
9.999991e-01
9.999991e-01
9.999991e-01
9.999991e-01
9.999990e-01
9.999990e-01
9.999990e-01
9.999990e-01
9.999990e-01
9.999990e-01
9.999990e-01
9.999989e-01
9.999989e-01
9.999989e-01
9.999989e-01
9.999989e-01
9.999989e-01
9.999989e-01
9.999989e-01
9.999988e-01
9.999988e-01
9.999988e-01
9.999988e-01
9.999988e-01
9.999988e-01
9.999988e-01
9.999987e-01
9.999987e-01
9.999987e-01
9.999987e-01
9.999987e-01
9.999987e-01
9.999987e-01
9.999987e-01
9.999986e-01
9.999986e-01
9.999986e-01
9.999986e-01
9.999986e-01
9.999986e-01
9.999986e-01
9.999986e-01
9.999985e-01
9.999985e-01
9.999985e-01
9.999985e-01
9.999985e-01
9.999985e-01
9.999985e-01
9.999985e-01
9.999984e-01
9.999984e-01
9.999984e-01
9.999984e-01
9.999984e-01
9.999984e-01
9.999984e-01
9.999984e-01
9.999984e-01
9.999983e-01
9.999983e-01
9.999983e-01
9.999983e-01
9.999983e-01
9.999983e-01
9.999983e-01
9.999983e-01
9.999983e-01
9.999982e-01
9.999982e-01
9.999982e-01
9.999982e-01
9.999982e-01
9.999982e-01
9.999982e-01
9.999982e-01
9.999982e-01
9.999981e-01
9.999981e-01
9.999981e-01
9.999981e-01
9.999981e-01
9.999981e-01
9.999981e-01
9.999981e-01
9.999981e-01
9.999980e-01
9.999980e-01
9.999980e-01
9.999980e-01
9.999980e-01
9.999980e-01
9.999980e-01
9.999980e-01
9.999980e-01
9.999980e-01
9.999980e-01
9.999979e-01
9.999979e-01
9.999979e-01
9.999979e-01
9.999979e-01
9.999979e-01
9.999979e-01
9.999979e-01
9.999979e-01
9.999979e-01
9.999979e-01
9.999978e-01
9.999978e-01
9.999978e-01
9.999978e-01
9.999978e-01
9.999978e-01
9.999978e-01
9.999978e-01
9.999978e-01
9.999978e-01
9.999978e-01
9.999978e-01
9.999977e-01
9.999977e-01
9.999977e-01
9.999977e-01
9.999977e-01
9.999977e-01
9.999977e-01
9.999977e-01
9.999977e-01
9.999977e-01
9.999977e-01
9.999977e-01
9.999977e-01
9.999976e-01
9.999976e-01
9.999976e-01
9.999976e-01
9.999976e-01
9.999976e-01
9.999976e-01
9.999976e-01
9.999976e-01
9.999976e-01
9.999976e-01
9.999976e-01
9.999976e-01
9.999976e-01
9.999976e-01
9.999976e-01
9.999975e-01
9.999975e-01
9.999975e-01
9.999975e-01
9.999975e-01
9.999975e-01
9.999975e-01
9.999975e-01
9.999975e-01
9.999975e-01
9.999975e-01
9.999975e-01
9.999975e-01
9.999975e-01
9.999975e-01
9.999975e-01
9.999975e-01
9.999975e-01
9.999975e-01
9.999975e-01
9.999974e-01
9.999974e-01
9.999974e-01
9.999974e-01
9.999974e-01
9.999974e-01
9.999974e-01
9.999974e-01
9.999974e-01
9.999974e-01
9.999974e-01
9.999974e-01
9.999974e-01
9.999974e-01
9.999974e-01
9.999974e-01
9.999974e-01
9.999974e-01
9.999974e-01
9.999974e-01
9.999974e-01
9.999974e-01
9.999974e-01
9.999974e-01
9.999974e-01
9.999974e-01
9.999974e-01
9.999974e-01
9.999974e-01
9.999974e-01
9.999974e-01
9.999974e-01
9.999974e-01
9.999974e-01
9.999974e-01
9.999974e-01
9.999974e-01
9.999974e-01
9.999973e-01
9.999973e-01
9.999973e-01
9.999973e-01
9.999973e-01
9.999973e-01
9.999973e-01
9.999973e-01
9.999973e-01
9.999973e-01
9.999973e-01
9.999973e-01
9.999973e-01
9.999973e-01
9.999973e-01
9.999973e-01
9.999973e-01
9.999973e-01
9.999973e-01
9.999973e-01
9.999973e-01
9.999973e-01
9.999973e-01
9.999973e-01
9.999973e-01
9.999973e-01
9.999973e-01
9.999974e-01
9.999974e-01
9.999974e-01
9.999974e-01
9.999974e-01
9.999974e-01
9.999974e-01
9.999974e-01
9.999974e-01
9.999974e-01
9.999974e-01
9.999974e-01
9.999974e-01
9.999974e-01
9.999974e-01
9.999974e-01
9.999974e-01
9.999974e-01
9.999974e-01
9.999974e-01
9.999974e-01
9.999974e-01
9.999974e-01
9.999974e-01
9.999974e-01
9.999974e-01
9.999974e-01
9.999974e-01
9.999974e-01
9.999974e-01
9.999974e-01
9.999974e-01
9.999974e-01
9.999974e-01
9.999974e-01
9.999974e-01
9.999974e-01
9.999974e-01
9.999975e-01
9.999975e-01
9.999975e-01
9.999975e-01
9.999975e-01
9.999975e-01
9.999975e-01
9.999975e-01
9.999975e-01
9.999975e-01
9.999975e-01
9.999975e-01
9.999975e-01
9.999975e-01
9.999975e-01
9.999975e-01
9.999975e-01
9.999975e-01
9.999975e-01
9.999975e-01
9.999976e-01
9.999976e-01
9.999976e-01
9.999976e-01
9.999976e-01
9.999976e-01
9.999976e-01
9.999976e-01
9.999976e-01
9.999976e-01
9.999976e-01
9.999976e-01
9.999976e-01
9.999976e-01
9.999976e-01
9.999976e-01
9.999977e-01
9.999977e-01
9.999977e-01
9.999977e-01
9.999977e-01
9.999977e-01
9.999977e-01
9.999977e-01
9.999977e-01
9.999977e-01
9.999977e-01
9.999977e-01
9.999977e-01
9.999978e-01
9.999978e-01
9.999978e-01
9.999978e-01
9.999978e-01
9.999978e-01
9.999978e-01
9.999978e-01
9.999978e-01
9.999978e-01
9.999978e-01
9.999978e-01
9.999979e-01
9.999979e-01
9.999979e-01
9.999979e-01
9.999979e-01
9.999979e-01
9.999979e-01
9.999979e-01
9.999979e-01
9.999979e-01
9.999979e-01
9.999980e-01
9.999980e-01
9.999980e-01
9.999980e-01
9.999980e-01
9.999980e-01
9.999980e-01
9.999980e-01
9.999980e-01
9.999980e-01
9.999980e-01
9.999981e-01
9.999981e-01
9.999981e-01
9.999981e-01
9.999981e-01
9.999981e-01
9.999981e-01
9.999981e-01
9.999981e-01
9.999982e-01
9.999982e-01
9.999982e-01
9.999982e-01
9.999982e-01
9.999982e-01
9.999982e-01
9.999982e-01
9.999982e-01
9.999983e-01
9.999983e-01
9.999983e-01
9.999983e-01
9.999983e-01
9.999983e-01
9.999983e-01
9.999983e-01
9.999983e-01
9.999984e-01
9.999984e-01
9.999984e-01
9.999984e-01
9.999984e-01
9.999984e-01
9.999984e-01
9.999984e-01
9.999984e-01
9.999985e-01
9.999985e-01
9.999985e-01
9.999985e-01
9.999985e-01
9.999985e-01
9.999985e-01
9.999985e-01
9.999986e-01
9.999986e-01
9.999986e-01
9.999986e-01
9.999986e-01
9.999986e-01
9.999986e-01
9.999986e-01
9.999987e-01
9.999987e-01
9.999987e-01
9.999987e-01
9.999987e-01
9.999987e-01
9.999987e-01
9.999987e-01
9.999988e-01
9.999988e-01
9.999988e-01
9.999988e-01
9.999988e-01
9.999988e-01
9.999988e-01
9.999989e-01
9.999989e-01
9.999989e-01
9.999989e-01
9.999989e-01
9.999989e-01
9.999989e-01
9.999989e-01
9.999990e-01
9.999990e-01
9.999990e-01
9.999990e-01
9.999990e-01
9.999990e-01
9.999990e-01
9.999991e-01
9.999991e-01
9.999991e-01
9.999991e-01
9.999991e-01
9.999991e-01
9.999991e-01
9.999992e-01
9.999992e-01
9.999992e-01
9.999992e-01
9.999992e-01
9.999992e-01
9.999992e-01
9.999993e-01
9.999993e-01
9.999993e-01
9.999993e-01
9.999993e-01
9.999993e-01
9.999993e-01
9.999994e-01
9.999994e-01
9.999994e-01
9.999994e-01
9.999994e-01
9.999994e-01
9.999994e-01
9.999994e-01
9.999995e-01
9.999995e-01
9.999995e-01
9.999994e-01
9.999994e-01
9.999994e-01
9.999993e-01
9.999991e-01
9.999988e-01
9.999983e-01
9.999974e-01
9.999960e-01
9.999937e-01
9.999898e-01
9.999834e-01
9.999728e-01
9.999554e-01
9.999267e-01
9.998794e-01
9.998014e-01
9.996727e-01
9.994607e-01
9.991113e-01
9.985358e-01
9.975883e-01
9.960302e-01
9.934718e-01
9.892823e-01
9.824516e-01
9.713934e-01
9.536950e-01
9.258825e-01
8.834069e-01
8.212877e-01
7.359642e-01
6.283388e-01
5.062739e-01
3.834564e-01
2.739044e-01
1.861986e-01
1.218633e-01
7.763651e-02
4.857275e-02
3.003493e-02
1.843502e-02
1.126316e-02
6.861923e-03
4.173301e-03
2.535470e-03
1.539452e-03
9.343726e-04
5.670208e-04
3.440840e-04
2.088228e-04
1.267698e-04
7.700087e-05
4.681709e-05
2.851400e-05
1.741735e-05
1.069193e-05
6.617770e-06
4.151795e-06
2.661159e-06
1.762163e-06
1.221946e-06
8.993909e-07
7.087948e-07
5.982768e-07
5.362766e-07
5.037369e-07
4.890200e-07
4.851397e-07
4.877910e-07
4.944254e-07
5.034382e-07
5.139107e-07
5.252342e-07
5.370872e-07
5.492296e-07
5.615577e-07
5.739687e-07
5.864373e-07
5.989128e-07
6.113974e-07
6.238608e-07
6.363142e-07
6.487359e-07
6.611392e-07
6.735067e-07
6.858516e-07
6.981589e-07
7.104409e-07
7.226842e-07
7.349003e-07
7.470767e-07
7.592243e-07
7.713314e-07
7.834081e-07
7.954436e-07
8.074470e-07
8.194086e-07
8.313366e-07
8.432220e-07
8.550723e-07
8.668792e-07
8.786497e-07
8.903759e-07
9.020643e-07
9.137076e-07
9.253118e-07
9.368699e-07
9.483877e-07
9.598586e-07
9.712879e-07
9.826693e-07
9.940078e-07
1.005298e-06
1.016543e-06
1.027740e-06
1.038890e-06
1.049991e-06
1.061045e-06
1.072047e-06
1.083002e-06
1.093904e-06
1.104758e-06
1.115558e-06
1.126309e-06
1.137005e-06
1.147650e-06
1.158241e-06
1.168779e-06
1.179261e-06
1.189690e-06
1.200063e-06
1.210381e-06
1.220641e-06
1.230846e-06
1.240992e-06
1.251082e-06
1.261113e-06
1.271086e-06
1.280999e-06
1.290854e-06
1.300647e-06
1.310381e-06
1.320053e-06
1.329665e-06
1.339213e-06
1.348701e-06
1.358125e-06
1.367487e-06
1.376783e-06
1.386017e-06
1.395186e-06
1.404291e-06
1.413329e-06
1.422302e-06
1.431209e-06
1.440049e-06
1.448822e-06
1.457528e-06
1.466166e-06
1.474736e-06
1.483236e-06
1.491669e-06
1.500031e-06
1.508324e-06
1.516546e-06
1.524698e-06
1.532779e-06
1.540789e-06
1.548726e-06
1.556592e-06
1.564385e-06
1.572106e-06
1.579753e-06
1.587327e-06
1.594826e-06
1.602252e-06
1.609602e-06
1.616878e-06
1.624079e-06
1.631204e-06
1.638252e-06
1.645225e-06
1.652121e-06
1.658940e-06
1.665681e-06
1.672346e-06
1.678932e-06
1.685440e-06
1.691869e-06
1.698220e-06
1.704491e-06
1.710683e-06
1.716795e-06
1.722828e-06
1.728780e-06
1.734652e-06
1.740442e-06
1.746152e-06
1.751780e-06
1.757327e-06
1.762791e-06
1.768174e-06
1.773474e-06
1.778691e-06
1.783825e-06
1.788877e-06
1.793845e-06
1.798730e-06
1.803530e-06
1.808247e-06
1.812879e-06
1.817427e-06
1.821889e-06
1.826268e-06
1.830560e-06
1.834768e-06
1.838890e-06
1.842927e-06
1.846877e-06
1.850741e-06
1.854519e-06
1.858211e-06
1.861816e-06
1.865334e-06
1.868765e-06
1.872109e-06
1.875366e-06
1.878535e-06
1.881617e-06
1.884611e-06
1.887517e-06
1.890336e-06
1.893065e-06
1.895707e-06
1.898260e-06
1.900726e-06
1.903102e-06
1.905389e-06
1.907588e-06
1.909698e-06
1.911718e-06
1.913650e-06
1.915492e-06
1.917245e-06
1.918908e-06
1.920483e-06
1.921967e-06
1.923362e-06
1.924667e-06
1.925883e-06
1.927008e-06
1.928044e-06
1.928990e-06
1.929846e-06
1.930612e-06
1.931288e-06
1.931874e-06
1.932370e-06
1.932775e-06
1.933091e-06
1.933316e-06
1.933452e-06
