1.105888e-06
1.105862e-06
1.105785e-06
1.105657e-06
1.105477e-06
1.105246e-06
1.104963e-06
1.104629e-06
1.104244e-06
1.103808e-06
1.103320e-06
1.102781e-06
1.102191e-06
1.101549e-06
1.100856e-06
1.100113e-06
1.099318e-06
1.098472e-06
1.097575e-06
1.096627e-06
1.095628e-06
1.094579e-06
1.093478e-06
1.092327e-06
1.091124e-06
1.089872e-06
1.088568e-06
1.087214e-06
1.085809e-06
1.084354e-06
1.082849e-06
1.081293e-06
1.079687e-06
1.078032e-06
1.076325e-06
1.074569e-06
1.072763e-06
1.070907e-06
1.069002e-06
1.067047e-06
1.065042e-06
1.062988e-06
1.060884e-06
1.058731e-06
1.056529e-06
1.054278e-06
1.051978e-06
1.049629e-06
1.047231e-06
1.044785e-06
1.042290e-06
1.039747e-06
1.037155e-06
1.034516e-06
1.031828e-06
1.029092e-06
1.026308e-06
1.023478e-06
1.020599e-06
1.017673e-06
1.014700e-06
1.011680e-06
1.008612e-06
1.005498e-06
1.002337e-06
9.991300e-07
9.958759e-07
9.925763e-07
9.892300e-07
9.858383e-07
9.824003e-07
9.789173e-07
9.753883e-07
9.718146e-07
9.681951e-07
9.645314e-07
9.608223e-07
9.570692e-07
9.532711e-07
9.494294e-07
9.455429e-07
9.416133e-07
9.376393e-07
9.336224e-07
9.295616e-07
9.254583e-07
9.213114e-07
9.171225e-07
9.128903e-07
9.086165e-07
9.042998e-07
8.999419e-07
8.955415e-07
8.911003e-07
8.866171e-07
8.820935e-07
8.775282e-07
8.729230e-07
8.682765e-07
8.635906e-07
8.588638e-07
8.540981e-07
8.492918e-07
8.444471e-07
8.395624e-07
8.346396e-07
8.296772e-07
8.246774e-07
8.196383e-07
8.145623e-07
8.094474e-07
8.042962e-07
7.991066e-07
7.938810e-07
7.886176e-07
7.833187e-07
7.779824e-07
7.726113e-07
7.672032e-07
7.617608e-07
7.562818e-07
7.507691e-07
7.452203e-07
7.396384e-07
7.340208e-07
7.283707e-07
7.226854e-07
7.169682e-07
7.112162e-07
7.054329e-07
6.996154e-07
6.937671e-07
6.878851e-07
6.819729e-07
6.760275e-07
6.700525e-07
6.640448e-07
6.580081e-07
6.519393e-07
6.458421e-07
6.397132e-07
6.335566e-07
6.273688e-07
6.211541e-07
6.149085e-07
6.086367e-07
6.023345e-07
5.960068e-07
5.896493e-07
5.832669e-07
5.768551e-07
5.704192e-07
5.639544e-07
5.574663e-07
5.509496e-07
5.444104e-07
5.378431e-07
5.312541e-07
5.246374e-07
5.179998e-07
5.113349e-07
5.046500e-07
4.979382e-07
4.912072e-07
4.844496e-07
4.776739e-07
4.708719e-07
4.640526e-07
4.572074e-07
4.503459e-07
4.434588e-07
4.365565e-07
4.296288e-07
4.226869e-07
4.157200e-07
4.087402e-07
4.017355e-07
3.947196e-07
3.876794e-07
3.806300e-07
3.735578e-07
3.664801e-07
3.593831e-07
3.522884e-07
3.451846e-07
3.381016e-07
3.310371e-07
3.240415e-07
3.171397e-07
3.104344e-07
3.040290e-07
2.981633e-07
2.931587e-07
2.896234e-07
2.884761e-07
2.913209e-07
3.007061e-07
3.209365e-07
3.589978e-07
4.265273e-07
5.425816e-07
7.387204e-07
1.066823e-06
1.612592e-06
2.517140e-06
4.013326e-06
6.484841e-06
1.056452e-05
1.729542e-05
2.839750e-05
4.670591e-05
7.689483e-05
1.266687e-04
2.087260e-04
3.439908e-04
5.669299e-04
9.342819e-04
1.539359e-03
2.535367e-03
4.173181e-03
6.861770e-03
1.126295e-02
1.843472e-02
3.003448e-02
4.857206e-02
7.763547e-02
1.218618e-01
1.861965e-01
2.739016e-01
3.834531e-01
5.062704e-01
6.283355e-01
7.359615e-01
8.212857e-01
8.834055e-01
9.258816e-01
9.536944e-01
9.713930e-01
9.824514e-01
9.892822e-01
9.934718e-01
9.960302e-01
9.975884e-01
9.985358e-01
9.991114e-01
9.994608e-01
9.996728e-01
9.998014e-01
9.998795e-01
9.999268e-01
9.999555e-01
9.999729e-01
9.999835e-01
9.999899e-01
9.999938e-01
9.999961e-01
9.999975e-01
9.999984e-01
9.999989e-01
9.999992e-01
9.999994e-01
9.999995e-01
9.999996e-01
9.999996e-01
9.999996e-01
9.999996e-01
9.999996e-01
9.999996e-01
9.999996e-01
9.999996e-01
9.999996e-01
9.999996e-01
9.999996e-01
9.999996e-01
9.999996e-01
9.999995e-01
9.999995e-01
9.999995e-01
9.999995e-01
9.999995e-01
9.999995e-01
9.999995e-01
9.999995e-01
9.999995e-01
9.999995e-01
9.999995e-01
9.999994e-01
9.999994e-01
9.999994e-01
9.999994e-01
9.999994e-01
9.999994e-01
9.999994e-01
9.999994e-01
9.999994e-01
9.999994e-01
9.999993e-01
9.999993e-01
9.999993e-01
9.999993e-01
9.999993e-01
9.999993e-01
9.999993e-01
9.999993e-01
9.999993e-01
9.999993e-01
9.999993e-01
9.999992e-01
9.999992e-01
9.999992e-01
9.999992e-01
9.999992e-01
9.999992e-01
9.999992e-01
9.999992e-01
9.999992e-01
9.999992e-01
9.999991e-01
9.999991e-01
9.999991e-01
9.999991e-01
9.999991e-01
9.999991e-01
9.999991e-01
9.999991e-01
9.999991e-01
9.999991e-01
9.999991e-01
9.999991e-01
9.999990e-01
9.999990e-01
9.999990e-01
9.999990e-01
9.999990e-01
9.999990e-01
9.999990e-01
9.999990e-01
9.999990e-01
9.999990e-01
9.999990e-01
9.999989e-01
9.999989e-01
9.999989e-01
9.999989e-01
9.999989e-01
9.999989e-01
9.999989e-01
9.999989e-01
9.999989e-01
9.999989e-01
9.999989e-01
9.999989e-01
9.999989e-01
9.999988e-01
9.999988e-01
9.999988e-01
9.999988e-01
9.999988e-01
9.999988e-01
9.999988e-01
9.999988e-01
9.999988e-01
9.999988e-01
9.999988e-01
9.999988e-01
9.999988e-01
9.999987e-01
9.999987e-01
9.999987e-01
9.999987e-01
9.999987e-01
9.999987e-01
9.999987e-01
9.999987e-01
9.999987e-01
9.999987e-01
9.999987e-01
9.999987e-01
9.999987e-01
9.999986e-01
9.999986e-01
9.999986e-01
9.999986e-01
9.999986e-01
9.999986e-01
9.999986e-01
9.999986e-01
9.999986e-01
9.999986e-01
9.999986e-01
9.999986e-01
9.999986e-01
9.999986e-01
9.999986e-01
9.999986e-01
9.999985e-01
9.999985e-01
9.999985e-01
9.999985e-01
9.999985e-01
9.999985e-01
9.999985e-01
9.999985e-01
9.999985e-01
9.999985e-01
9.999985e-01
9.999985e-01
9.999985e-01
9.999985e-01
9.999985e-01
9.999985e-01
9.999985e-01
9.999984e-01
9.999984e-01
9.999984e-01
9.999984e-01
9.999984e-01
9.999984e-01
9.999984e-01
9.999984e-01
9.999984e-01
9.999984e-01
9.999984e-01
9.999984e-01
9.999984e-01
9.999984e-01
9.999984e-01
9.999984e-01
9.999984e-01
9.999984e-01
9.999984e-01
9.999984e-01
9.999983e-01
9.999983e-01
9.999983e-01
9.999983e-01
9.999983e-01
9.999983e-01
9.999983e-01
9.999983e-01
9.999983e-01
9.999983e-01
9.999983e-01
9.999983e-01
9.999983e-01
9.999983e-01
9.999983e-01
9.999983e-01
9.999983e-01
9.999983e-01
9.999983e-01
9.999983e-01
9.999983e-01
9.999983e-01
9.999983e-01
9.999983e-01
9.999983e-01
9.999983e-01
9.999983e-01
9.999982e-01
9.999982e-01
9.999982e-01
9.999982e-01
9.999982e-01
9.999982e-01
9.999982e-01
9.999982e-01
9.999982e-01
9.999982e-01
9.999982e-01
9.999982e-01
9.999982e-01
9.999982e-01
9.999982e-01
9.999982e-01
9.999982e-01
9.999982e-01
9.999982e-01
9.999982e-01
9.999982e-01
9.999982e-01
9.999982e-01
9.999982e-01
9.999982e-01
9.999982e-01
9.999982e-01
9.999982e-01
9.999982e-01
9.999982e-01
9.999982e-01
9.999982e-01
9.999982e-01
9.999982e-01
9.999982e-01
9.999982e-01
9.999982e-01
9.999982e-01
9.999982e-01
9.999982e-01
9.999982e-01
9.999982e-01
9.999982e-01
9.999982e-01
9.999982e-01
9.999982e-01
9.999982e-01
9.999982e-01
9.999982e-01
9.999982e-01
9.999982e-01
9.999982e-01
9.999982e-01
9.999982e-01
9.999982e-01
9.999982e-01
9.999982e-01
9.999982e-01
9.999982e-01
9.999982e-01
9.999982e-01
9.999982e-01
9.999982e-01
9.999982e-01
9.999982e-01
9.999982e-01
9.999982e-01
9.999982e-01
9.999982e-01
9.999982e-01
9.999982e-01
9.999982e-01
9.999982e-01
9.999982e-01
9.999982e-01
9.999982e-01
9.999982e-01
9.999982e-01
9.999982e-01
9.999982e-01
9.999982e-01
9.999982e-01
9.999982e-01
9.999982e-01
9.999982e-01
9.999982e-01
9.999982e-01
9.999982e-01
9.999982e-01
9.999982e-01
9.999982e-01
9.999982e-01
9.999982e-01
9.999982e-01
9.999982e-01
9.999982e-01
9.999982e-01
9.999982e-01
9.999982e-01
9.999982e-01
9.999982e-01
9.999982e-01
9.999982e-01
9.999982e-01
9.999982e-01
9.999982e-01
9.999982e-01
9.999983e-01
9.999983e-01
9.999983e-01
9.999983e-01
9.999983e-01
9.999983e-01
9.999983e-01
9.999983e-01
9.999983e-01
9.999983e-01
9.999983e-01
9.999983e-01
9.999983e-01
9.999983e-01
9.999983e-01
9.999983e-01
9.999983e-01
9.999983e-01
9.999983e-01
9.999983e-01
9.999983e-01
9.999983e-01
9.999983e-01
9.999983e-01
9.999983e-01
9.999983e-01
9.999983e-01
9.999984e-01
9.999984e-01
9.999984e-01
9.999984e-01
9.999984e-01
9.999984e-01
9.999984e-01
9.999984e-01
9.999984e-01
9.999984e-01
9.999984e-01
9.999984e-01
9.999984e-01
9.999984e-01
9.999984e-01
9.999984e-01
9.999984e-01
9.999984e-01
9.999984e-01
9.999984e-01
9.999985e-01
9.999985e-01
9.999985e-01
9.999985e-01
9.999985e-01
9.999985e-01
9.999985e-01
9.999985e-01
9.999985e-01
9.999985e-01
9.999985e-01
9.999985e-01
9.999985e-01
9.999985e-01
9.999985e-01
9.999985e-01
9.999985e-01
9.999986e-01
9.999986e-01
9.999986e-01
9.999986e-01
9.999986e-01
9.999986e-01
9.999986e-01
9.999986e-01
9.999986e-01
9.999986e-01
9.999986e-01
9.999986e-01
9.999986e-01
9.999986e-01
9.999986e-01
9.999986e-01
9.999987e-01
9.999987e-01
9.999987e-01
9.999987e-01
9.999987e-01
9.999987e-01
9.999987e-01
9.999987e-01
9.999987e-01
9.999987e-01
9.999987e-01
9.999987e-01
9.999987e-01
9.999988e-01
9.999988e-01
9.999988e-01
9.999988e-01
9.999988e-01
9.999988e-01
9.999988e-01
9.999988e-01
9.999988e-01
9.999988e-01
9.999988e-01
9.999988e-01
9.999988e-01
9.999989e-01
9.999989e-01
9.999989e-01
9.999989e-01
9.999989e-01
9.999989e-01
9.999989e-01
9.999989e-01
9.999989e-01
9.999989e-01
9.999989e-01
9.999989e-01
9.999989e-01
9.999990e-01
9.999990e-01
9.999990e-01
9.999990e-01
9.999990e-01
9.999990e-01
9.999990e-01
9.999990e-01
9.999990e-01
9.999990e-01
9.999990e-01
9.999991e-01
9.999991e-01
9.999991e-01
9.999991e-01
9.999991e-01
9.999991e-01
9.999991e-01
9.999991e-01
9.999991e-01
9.999991e-01
9.999991e-01
9.999991e-01
9.999992e-01
9.999992e-01
9.999992e-01
9.999992e-01
9.999992e-01
9.999992e-01
9.999992e-01
9.999992e-01
9.999992e-01
9.999992e-01
9.999993e-01
9.999993e-01
9.999993e-01
9.999993e-01
9.999993e-01
9.999993e-01
9.999993e-01
9.999993e-01
9.999993e-01
9.999993e-01
9.999993e-01
9.999994e-01
9.999994e-01
9.999994e-01
9.999994e-01
9.999994e-01
9.999994e-01
9.999994e-01
9.999994e-01
9.999994e-01
9.999994e-01
9.999995e-01
9.999995e-01
9.999995e-01
9.999995e-01
9.999995e-01
9.999995e-01
9.999995e-01
9.999995e-01
9.999995e-01
9.999995e-01
9.999995e-01
9.999996e-01
9.999996e-01
9.999996e-01
9.999996e-01
9.999996e-01
9.999996e-01
9.999996e-01
9.999996e-01
9.999996e-01
9.999996e-01
9.999996e-01
9.999996e-01
9.999996e-01
9.999995e-01
9.999994e-01
9.999992e-01
9.999989e-01
9.999984e-01
9.999975e-01
9.999961e-01
9.999938e-01
9.999899e-01
9.999835e-01
9.999729e-01
9.999555e-01
9.999268e-01
9.998795e-01
9.998014e-01
9.996728e-01
9.994608e-01
9.991114e-01
9.985358e-01
9.975884e-01
9.960302e-01
9.934718e-01
9.892822e-01
9.824514e-01
9.713930e-01
9.536944e-01
9.258816e-01
8.834055e-01
8.212857e-01
7.359615e-01
6.283355e-01
5.062704e-01
3.834531e-01
2.739016e-01
1.861965e-01
1.218618e-01
7.763547e-02
4.857206e-02
3.003448e-02
1.843472e-02
1.126295e-02
6.861770e-03
4.173181e-03
2.535367e-03
1.539359e-03
9.342819e-04
5.669299e-04
3.439908e-04
2.087260e-04
1.266687e-04
7.689483e-05
4.670591e-05
2.839750e-05
1.729542e-05
1.056452e-05
6.484841e-06
4.013326e-06
2.517140e-06
1.612592e-06
1.066823e-06
7.387205e-07
5.425817e-07
4.265273e-07
3.589978e-07
3.209366e-07
3.007061e-07
2.913209e-07
2.884761e-07
2.896235e-07
2.931588e-07
2.981634e-07
3.040291e-07
3.104345e-07
3.171398e-07
3.240415e-07
3.310371e-07
3.381017e-07
3.451846e-07
3.522885e-07
3.593832e-07
3.664801e-07
3.735578e-07
3.806301e-07
3.876795e-07
3.947196e-07
4.017356e-07
4.087402e-07
4.157200e-07
4.226870e-07
4.296288e-07
4.365565e-07
4.434589e-07
4.503460e-07
4.572075e-07
4.640527e-07
4.708719e-07
4.776739e-07
4.844497e-07
4.912072e-07
4.979382e-07
5.046500e-07
5.113350e-07
5.179999e-07
5.246375e-07
5.312542e-07
5.378432e-07
5.444105e-07
5.509497e-07
5.574663e-07
5.639545e-07
5.704193e-07
5.768552e-07
5.832670e-07
5.896493e-07
5.960069e-07
6.023346e-07
6.086367e-07
6.149085e-07
6.211541e-07
6.273689e-07
6.335567e-07
6.397132e-07
6.458422e-07
6.519393e-07
6.580082e-07
6.640448e-07
6.700525e-07
6.760275e-07
6.819729e-07
6.878851e-07
6.937671e-07
6.996155e-07
7.054330e-07
7.112163e-07
7.169682e-07
7.226855e-07
7.283707e-07
7.340209e-07
7.396384e-07
7.452204e-07
7.507691e-07
7.562818e-07
7.617608e-07
7.672032e-07
7.726113e-07
7.779825e-07
7.833188e-07
7.886176e-07
7.938810e-07
7.991066e-07
8.042962e-07
8.094475e-07
8.145623e-07
8.196383e-07
8.246774e-07
8.296773e-07
8.346397e-07
8.395624e-07
8.444472e-07
8.492918e-07
8.540981e-07
8.588638e-07
8.635906e-07
8.682765e-07
8.729230e-07
8.775282e-07
8.820935e-07
8.866171e-07
8.911003e-07
8.955415e-07
8.999419e-07
9.042998e-07
9.086165e-07
9.128903e-07
9.171225e-07
9.213114e-07
9.254583e-07
9.295616e-07
9.336224e-07
9.376392e-07
9.416133e-07
9.455429e-07
9.494294e-07
9.532711e-07
9.570692e-07
9.608223e-07
9.645314e-07
9.681951e-07
9.718146e-07
9.753883e-07
9.789173e-07
9.824003e-07
9.858383e-07
9.892300e-07
9.925763e-07
9.958759e-07
9.991300e-07
1.002337e-06
1.005498e-06
1.008612e-06
1.011680e-06
1.014700e-06
1.017673e-06
1.020599e-06
1.023478e-06
1.026308e-06
1.029092e-06
1.031828e-06
1.034516e-06
1.037155e-06
1.039747e-06
1.042290e-06
1.044785e-06
1.047231e-06
1.049629e-06
1.051978e-06
1.054278e-06
1.056529e-06
1.058731e-06
1.060884e-06
1.062988e-06
1.065042e-06
1.067047e-06
1.069002e-06
1.070907e-06
1.072763e-06
1.074569e-06
1.076325e-06
1.078032e-06
1.079687e-06
1.081293e-06
1.082849e-06
1.084354e-06
1.085809e-06
1.087214e-06
1.088568e-06
1.089872e-06
1.091124e-06
1.092327e-06
1.093478e-06
1.094579e-06
1.095628e-06
1.096627e-06
1.097575e-06
1.098472e-06
1.099318e-06
1.100113e-06
1.100856e-06
1.101549e-06
1.102191e-06
1.102781e-06
1.103320e-06
1.103808e-06
1.104244e-06
1.104629e-06
1.104963e-06
1.105246e-06
1.105477e-06
1.105657e-06
1.105785e-06
1.105862e-06
