1.331946e-06
1.331915e-06
1.331822e-06
1.331667e-06
1.331450e-06
1.331172e-06
1.330831e-06
1.330428e-06
1.329964e-06
1.329438e-06
1.328849e-06
1.328199e-06
1.327487e-06
1.326714e-06
1.325878e-06
1.324982e-06
1.324023e-06
1.323003e-06
1.321921e-06
1.320778e-06
1.319573e-06
1.318307e-06
1.316980e-06
1.315591e-06
1.314141e-06
1.312631e-06
1.311058e-06
1.309426e-06
1.307731e-06
1.305977e-06
1.304161e-06
1.302285e-06
1.300348e-06
1.298351e-06
1.296294e-06
1.294176e-06
1.291998e-06
1.289760e-06
1.287461e-06
1.285104e-06
1.282686e-06
1.280209e-06
1.277671e-06
1.275075e-06
1.272419e-06
1.269705e-06
1.266931e-06
1.264098e-06
1.261206e-06
1.258256e-06
1.255247e-06
1.252180e-06
1.249055e-06
1.245872e-06
1.242630e-06
1.239331e-06
1.235974e-06
1.232560e-06
1.229088e-06
1.225560e-06
1.221974e-06
1.218332e-06
1.214632e-06
1.210877e-06
1.207065e-06
1.203197e-06
1.199273e-06
1.195294e-06
1.191258e-06
1.187168e-06
1.183022e-06
1.178822e-06
1.174566e-06
1.170256e-06
1.165891e-06
1.161473e-06
1.157000e-06
1.152474e-06
1.147893e-06
1.143260e-06
1.138574e-06
1.133835e-06
1.129042e-06
1.124198e-06
1.119301e-06
1.114353e-06
1.109352e-06
1.104300e-06
1.099196e-06
1.094042e-06
1.088837e-06
1.083581e-06
1.078275e-06
1.072919e-06
1.067513e-06
1.062057e-06
1.056552e-06
1.050999e-06
1.045395e-06
1.039744e-06
1.034044e-06
1.028297e-06
1.022501e-06
1.016659e-06
1.010768e-06
1.004832e-06
9.988479e-07
9.928185e-07
9.867419e-07
9.806206e-07
9.744528e-07
9.682408e-07
9.619827e-07
9.556812e-07
9.493342e-07
9.429442e-07
9.365094e-07
9.300323e-07
9.235109e-07
9.169478e-07
9.103410e-07
9.036932e-07
8.970023e-07
8.902710e-07
8.834972e-07
8.766837e-07
8.698282e-07
8.629338e-07
8.559980e-07
8.490240e-07
8.420091e-07
8.349567e-07
8.278641e-07
8.207347e-07
8.135656e-07
8.063606e-07
7.991164e-07
7.918371e-07
7.845192e-07
7.771669e-07
7.697767e-07
7.623528e-07
7.548916e-07
7.473975e-07
7.398667e-07
7.323039e-07
7.247049e-07
7.170747e-07
7.094090e-07
7.017129e-07
6.939818e-07
6.862212e-07
6.784262e-07
6.706026e-07
6.627452e-07
6.548601e-07
6.469417e-07
6.389965e-07
6.310186e-07
6.230149e-07
6.149790e-07
6.069182e-07
5.988257e-07
5.907094e-07
5.825619e-07
5.743916e-07
5.661906e-07
5.579678e-07
5.497148e-07
5.414412e-07
5.331378e-07
5.248149e-07
5.164625e-07
5.080920e-07
4.996924e-07
4.912760e-07
4.828310e-07
4.743709e-07
4.658829e-07
4.573820e-07
4.488547e-07
4.403184e-07
4.317595e-07
4.231995e-07
4.146271e-07
4.060723e-07
3.975328e-07
3.890591e-07
3.806763e-07
3.724870e-07
3.645947e-07
3.572394e-07
3.507423e-07
3.457120e-07
3.430670e-07
3.444117e-07
3.522944e-07
3.710200e-07
4.075742e-07
4.735946e-07
5.881380e-07
7.827642e-07
1.109353e-06
1.653607e-06
2.556642e-06
4.051315e-06
6.521321e-06
1.059950e-05
1.732891e-05
2.842953e-05
4.673651e-05
7.692408e-05
1.266967e-04
2.087529e-04
3.440169e-04
5.669558e-04
9.343082e-04
1.539387e-03
2.535399e-03
4.173220e-03
6.861822e-03
1.126302e-02
1.843483e-02
3.003465e-02
4.857231e-02
7.763586e-02
1.218624e-01
1.861973e-01
2.739026e-01
3.834544e-01
5.062717e-01
6.283368e-01
7.359625e-01
8.212865e-01
8.834060e-01
9.258819e-01
9.536947e-01
9.713931e-01
9.824515e-01
9.892822e-01
9.934718e-01
9.960302e-01
9.975884e-01
9.985358e-01
9.991113e-01
9.994607e-01
9.996728e-01
9.998014e-01
9.998795e-01
9.999268e-01
9.999555e-01
9.999729e-01
9.999835e-01
9.999899e-01
9.999937e-01
9.999961e-01
9.999975e-01
9.999984e-01
9.999989e-01
9.999992e-01
9.999994e-01
9.999995e-01
9.999995e-01
9.999996e-01
9.999996e-01
9.999996e-01
9.999996e-01
9.999996e-01
9.999996e-01
9.999996e-01
9.999995e-01
9.999995e-01
9.999995e-01
9.999995e-01
9.999995e-01
9.999995e-01
9.999995e-01
9.999995e-01
9.999995e-01
9.999994e-01
9.999994e-01
9.999994e-01
9.999994e-01
9.999994e-01
9.999994e-01
9.999994e-01
9.999994e-01
9.999994e-01
9.999993e-01
9.999993e-01
9.999993e-01
9.999993e-01
9.999993e-01
9.999993e-01
9.999993e-01
9.999993e-01
9.999993e-01
9.999992e-01
9.999992e-01
9.999992e-01
9.999992e-01
9.999992e-01
9.999992e-01
9.999992e-01
9.999992e-01
9.999992e-01
9.999992e-01
9.999991e-01
9.999991e-01
9.999991e-01
9.999991e-01
9.999991e-01
9.999991e-01
9.999991e-01
9.999991e-01
9.999991e-01
9.999990e-01
9.999990e-01
9.999990e-01
9.999990e-01
9.999990e-01
9.999990e-01
9.999990e-01
9.999990e-01
9.999990e-01
9.999990e-01
9.999989e-01
9.999989e-01
9.999989e-01
9.999989e-01
9.999989e-01
9.999989e-01
9.999989e-01
9.999989e-01
9.999989e-01
9.999989e-01
9.999988e-01
9.999988e-01
9.999988e-01
9.999988e-01
9.999988e-01
9.999988e-01
9.999988e-01
9.999988e-01
9.999988e-01
9.999988e-01
9.999988e-01
9.999987e-01
9.999987e-01
9.999987e-01
9.999987e-01
9.999987e-01
9.999987e-01
9.999987e-01
9.999987e-01
9.999987e-01
9.999987e-01
9.999987e-01
9.999986e-01
9.999986e-01
9.999986e-01
9.999986e-01
9.999986e-01
9.999986e-01
9.999986e-01
9.999986e-01
9.999986e-01
9.999986e-01
9.999986e-01
9.999986e-01
9.999985e-01
9.999985e-01
9.999985e-01
9.999985e-01
9.999985e-01
9.999985e-01
9.999985e-01
9.999985e-01
9.999985e-01
9.999985e-01
9.999985e-01
9.999985e-01
9.999984e-01
9.999984e-01
9.999984e-01
9.999984e-01
9.999984e-01
9.999984e-01
9.999984e-01
9.999984e-01
9.999984e-01
9.999984e-01
9.999984e-01
9.999984e-01
9.999984e-01
9.999984e-01
9.999983e-01
9.999983e-01
9.999983e-01
9.999983e-01
9.999983e-01
9.999983e-01
9.999983e-01
9.999983e-01
9.999983e-01
9.999983e-01
9.999983e-01
9.999983e-01
9.999983e-01
9.999983e-01
9.999983e-01
9.999982e-01
9.999982e-01
9.999982e-01
9.999982e-01
9.999982e-01
9.999982e-01
9.999982e-01
9.999982e-01
9.999982e-01
9.999982e-01
9.999982e-01
9.999982e-01
9.999982e-01
9.999982e-01
9.999982e-01
9.999982e-01
9.999982e-01
9.999981e-01
9.999981e-01
9.999981e-01
9.999981e-01
9.999981e-01
9.999981e-01
9.999981e-01
9.999981e-01
9.999981e-01
9.999981e-01
9.999981e-01
9.999981e-01
9.999981e-01
9.999981e-01
9.999981e-01
9.999981e-01
9.999981e-01
9.999981e-01
9.999981e-01
9.999981e-01
9.999981e-01
9.999981e-01
9.999980e-01
9.999980e-01
9.999980e-01
9.999980e-01
9.999980e-01
9.999980e-01
9.999980e-01
9.999980e-01
9.999980e-01
9.999980e-01
9.999980e-01
9.999980e-01
9.999980e-01
9.999980e-01
9.999980e-01
9.999980e-01
9.999980e-01
9.999980e-01
9.999980e-01
9.999980e-01
9.999980e-01
9.999980e-01
9.999980e-01
9.999980e-01
9.999980e-01
9.999980e-01
9.999980e-01
9.999980e-01
9.999980e-01
9.999980e-01
9.999980e-01
9.999980e-01
9.999980e-01
9.999980e-01
9.999980e-01
9.999979e-01
9.999979e-01
9.999979e-01
9.999979e-01
9.999979e-01
9.999979e-01
9.999979e-01
9.999979e-01
9.999979e-01
9.999979e-01
9.999979e-01
9.999979e-01
9.999979e-01
9.999979e-01
9.999979e-01
9.999979e-01
9.999979e-01
9.999979e-01
9.999979e-01
9.999979e-01
9.999979e-01
9.999979e-01
9.999979e-01
9.999979e-01
9.999979e-01
9.999979e-01
9.999979e-01
9.999979e-01
9.999979e-01
9.999979e-01
9.999979e-01
9.999979e-01
9.999979e-01
9.999979e-01
9.999979e-01
9.999979e-01
9.999979e-01
9.999979e-01
9.999979e-01
9.999979e-01
9.999979e-01
9.999979e-01
9.999979e-01
9.999979e-01
9.999979e-01
9.999979e-01
9.999979e-01
9.999979e-01
9.999979e-01
9.999979e-01
9.999979e-01
9.999979e-01
9.999979e-01
9.999979e-01
9.999979e-01
9.999980e-01
9.999980e-01
9.999980e-01
9.999980e-01
9.999980e-01
9.999980e-01
9.999980e-01
9.999980e-01
9.999980e-01
9.999980e-01
9.999980e-01
9.999980e-01
9.999980e-01
9.999980e-01
9.999980e-01
9.999980e-01
9.999980e-01
9.999980e-01
9.999980e-01
9.999980e-01
9.999980e-01
9.999980e-01
9.999980e-01
9.999980e-01
9.999980e-01
9.999980e-01
9.999980e-01
9.999980e-01
9.999980e-01
9.999980e-01
9.999980e-01
9.999980e-01
9.999980e-01
9.999980e-01
9.999980e-01
9.999981e-01
9.999981e-01
9.999981e-01
9.999981e-01
9.999981e-01
9.999981e-01
9.999981e-01
9.999981e-01
9.999981e-01
9.999981e-01
9.999981e-01
9.999981e-01
9.999981e-01
9.999981e-01
9.999981e-01
9.999981e-01
9.999981e-01
9.999981e-01
9.999981e-01
9.999981e-01
9.999981e-01
9.999981e-01
9.999982e-01
9.999982e-01
9.999982e-01
9.999982e-01
9.999982e-01
9.999982e-01
9.999982e-01
9.999982e-01
9.999982e-01
9.999982e-01
9.999982e-01
9.999982e-01
9.999982e-01
9.999982e-01
9.999982e-01
9.999982e-01
9.999982e-01
9.999983e-01
9.999983e-01
9.999983e-01
9.999983e-01
9.999983e-01
9.999983e-01
9.999983e-01
9.999983e-01
9.999983e-01
9.999983e-01
9.999983e-01
9.999983e-01
9.999983e-01
9.999983e-01
9.999983e-01
9.999984e-01
9.999984e-01
9.999984e-01
9.999984e-01
9.999984e-01
9.999984e-01
9.999984e-01
9.999984e-01
9.999984e-01
9.999984e-01
9.999984e-01
9.999984e-01
9.999984e-01
9.999984e-01
9.999985e-01
9.999985e-01
9.999985e-01
9.999985e-01
9.999985e-01
9.999985e-01
9.999985e-01
9.999985e-01
9.999985e-01
9.999985e-01
9.999985e-01
9.999985e-01
9.999986e-01
9.999986e-01
9.999986e-01
9.999986e-01
9.999986e-01
9.999986e-01
9.999986e-01
9.999986e-01
9.999986e-01
9.999986e-01
9.999986e-01
9.999986e-01
9.999987e-01
9.999987e-01
9.999987e-01
9.999987e-01
9.999987e-01
9.999987e-01
9.999987e-01
9.999987e-01
9.999987e-01
9.999987e-01
9.999987e-01
9.999988e-01
9.999988e-01
9.999988e-01
9.999988e-01
9.999988e-01
9.999988e-01
9.999988e-01
9.999988e-01
9.999988e-01
9.999988e-01
9.999988e-01
9.999989e-01
9.999989e-01
9.999989e-01
9.999989e-01
9.999989e-01
9.999989e-01
9.999989e-01
9.999989e-01
9.999989e-01
9.999989e-01
9.999990e-01
9.999990e-01
9.999990e-01
9.999990e-01
9.999990e-01
9.999990e-01
9.999990e-01
9.999990e-01
9.999990e-01
9.999990e-01
9.999991e-01
9.999991e-01
9.999991e-01
9.999991e-01
9.999991e-01
9.999991e-01
9.999991e-01
9.999991e-01
9.999991e-01
9.999992e-01
9.999992e-01
9.999992e-01
9.999992e-01
9.999992e-01
9.999992e-01
9.999992e-01
9.999992e-01
9.999992e-01
9.999992e-01
9.999993e-01
9.999993e-01
9.999993e-01
9.999993e-01
9.999993e-01
9.999993e-01
9.999993e-01
9.999993e-01
9.999993e-01
9.999994e-01
9.999994e-01
9.999994e-01
9.999994e-01
9.999994e-01
9.999994e-01
9.999994e-01
9.999994e-01
9.999994e-01
9.999995e-01
9.999995e-01
9.999995e-01
9.999995e-01
9.999995e-01
9.999995e-01
9.999995e-01
9.999995e-01
9.999995e-01
9.999996e-01
9.999996e-01
9.999996e-01
9.999996e-01
9.999996e-01
9.999996e-01
9.999996e-01
9.999995e-01
9.999995e-01
9.999994e-01
9.999992e-01
9.999989e-01
9.999984e-01
9.999975e-01
9.999961e-01
9.999937e-01
9.999899e-01
9.999835e-01
9.999729e-01
9.999555e-01
9.999268e-01
9.998795e-01
9.998014e-01
9.996728e-01
9.994607e-01
9.991113e-01
9.985358e-01
9.975884e-01
9.960302e-01
9.934718e-01
9.892822e-01
9.824515e-01
9.713931e-01
9.536947e-01
9.258819e-01
8.834060e-01
8.212865e-01
7.359625e-01
6.283368e-01
5.062717e-01
3.834544e-01
2.739026e-01
1.861973e-01
1.218624e-01
7.763586e-02
4.857231e-02
3.003465e-02
1.843483e-02
1.126302e-02
6.861822e-03
4.173220e-03
2.535399e-03
1.539387e-03
9.343082e-04
5.669558e-04
3.440169e-04
2.087529e-04
1.266967e-04
7.692408e-05
4.673651e-05
2.842953e-05
1.732891e-05
1.059950e-05
6.521321e-06
4.051315e-06
2.556642e-06
1.653607e-06
1.109353e-06
7.827642e-07
5.881380e-07
4.735946e-07
4.075742e-07
3.710200e-07
3.522944e-07
3.444117e-07
3.430670e-07
3.457120e-07
3.507424e-07
3.572394e-07
3.645948e-07
3.724870e-07
3.806764e-07
3.890591e-07
3.975328e-07
4.060723e-07
4.146271e-07
4.231996e-07
4.317596e-07
4.403185e-07
4.488548e-07
4.573821e-07
4.658829e-07
4.743710e-07
4.828311e-07
4.912761e-07
4.996924e-07
5.080920e-07
5.164626e-07
5.248149e-07
5.331378e-07
5.414413e-07
5.497149e-07
5.579679e-07
5.661907e-07
5.743917e-07
5.825620e-07
5.907095e-07
5.988258e-07
6.069182e-07
6.149790e-07
6.230149e-07
6.310187e-07
6.389966e-07
6.469418e-07
6.548602e-07
6.627453e-07
6.706027e-07
6.784263e-07
6.862213e-07
6.939819e-07
7.017129e-07
7.094090e-07
7.170748e-07
7.247050e-07
7.323039e-07
7.398668e-07
7.473976e-07
7.548916e-07
7.623528e-07
7.697767e-07
7.771670e-07
7.845193e-07
7.918371e-07
7.991165e-07
8.063606e-07
8.135657e-07
8.207347e-07
8.278641e-07
8.349568e-07
8.420091e-07
8.490240e-07
8.559980e-07
8.629339e-07
8.698283e-07
8.766838e-07
8.834972e-07
8.902711e-07
8.970023e-07
9.036933e-07
9.103410e-07
9.169479e-07
9.235109e-07
9.300323e-07
9.365094e-07
9.429443e-07
9.493342e-07
9.556812e-07
9.619828e-07
9.682408e-07
9.744528e-07
9.806207e-07
9.867420e-07
9.928185e-07
9.988479e-07
1.004832e-06
1.010768e-06
1.016659e-06
1.022501e-06
1.028297e-06
1.034044e-06
1.039744e-06
1.045395e-06
1.050999e-06
1.056552e-06
1.062057e-06
1.067513e-06
1.072919e-06
1.078275e-06
1.083581e-06
1.088837e-06
1.094042e-06
1.099196e-06
1.104300e-06
1.109352e-06
1.114353e-06
1.119301e-06
1.124198e-06
1.129042e-06
1.133835e-06
1.138574e-06
1.143260e-06
1.147893e-06
1.152474e-06
1.157000e-06
1.161473e-06
1.165891e-06
1.170256e-06
1.174566e-06
1.178822e-06
1.183022e-06
1.187168e-06
1.191258e-06
1.195294e-06
1.199273e-06
1.203197e-06
1.207065e-06
1.210877e-06
1.214632e-06
1.218332e-06
1.221974e-06
1.225560e-06
1.229088e-06
1.232560e-06
1.235974e-06
1.239331e-06
1.242630e-06
1.245872e-06
1.249055e-06
1.252180e-06
1.255247e-06
1.258256e-06
1.261206e-06
1.264098e-06
1.266931e-06
1.269705e-06
1.272419e-06
1.275075e-06
1.277671e-06
1.280209e-06
1.282686e-06
1.285104e-06
1.287461e-06
1.289760e-06
1.291998e-06
1.294176e-06
1.296294e-06
1.298351e-06
1.300348e-06
1.302285e-06
1.304161e-06
1.305977e-06
1.307731e-06
1.309426e-06
1.311058e-06
1.312631e-06
1.314141e-06
1.315591e-06
1.316980e-06
1.318307e-06
1.319573e-06
1.320778e-06
1.321921e-06
1.323003e-06
1.324023e-06
1.324982e-06
1.325878e-06
1.326714e-06
1.327487e-06
1.328199e-06
1.328849e-06
1.329438e-06
1.329964e-06
1.330428e-06
1.330831e-06
1.331172e-06
1.331450e-06
1.331667e-06
1.331822e-06
1.331915e-06
