9.184280e-07
9.184069e-07
9.183428e-07
9.182365e-07
9.180871e-07
9.178957e-07
9.176611e-07
9.173845e-07
9.170649e-07
9.167031e-07
9.162984e-07
9.158516e-07
9.153619e-07
9.148302e-07
9.142555e-07
9.136390e-07
9.129795e-07
9.122782e-07
9.115341e-07
9.107482e-07
9.099195e-07
9.090492e-07
9.081361e-07
9.071815e-07
9.061842e-07
9.051454e-07
9.040642e-07
9.029415e-07
9.017764e-07
9.005699e-07
8.993213e-07
8.980313e-07
8.966993e-07
8.953261e-07
8.939109e-07
8.924548e-07
8.909568e-07
8.894179e-07
8.878373e-07
8.862160e-07
8.845531e-07
8.828497e-07
8.811048e-07
8.793196e-07
8.774930e-07
8.756263e-07
8.737185e-07
8.717707e-07
8.697819e-07
8.677534e-07
8.656840e-07
8.635750e-07
8.614255e-07
8.592366e-07
8.570072e-07
8.547387e-07
8.524300e-07
8.500824e-07
8.476947e-07
8.452683e-07
8.428022e-07
8.402976e-07
8.377534e-07
8.351710e-07
8.325493e-07
8.298895e-07
8.271907e-07
8.244542e-07
8.216789e-07
8.188660e-07
8.160146e-07
8.131260e-07
8.101991e-07
8.072353e-07
8.042334e-07
8.011949e-07
7.981186e-07
7.950060e-07
7.918559e-07
7.886698e-07
7.854464e-07
7.821874e-07
7.788914e-07
7.755600e-07
7.721920e-07
7.687889e-07
7.653495e-07
7.618754e-07
7.583652e-07
7.548207e-07
7.512404e-07
7.476262e-07
7.439765e-07
7.402931e-07
7.365747e-07
7.328230e-07
7.290365e-07
7.252171e-07
7.213632e-07
7.174769e-07
7.135564e-07
7.096039e-07
7.056175e-07
7.015994e-07
6.975479e-07
6.934651e-07
6.893492e-07
6.852024e-07
6.810229e-07
6.768129e-07
6.725705e-07
6.682981e-07
6.639937e-07
6.596597e-07
6.552940e-07
6.508992e-07
6.464731e-07
6.420182e-07
6.375325e-07
6.330186e-07
6.284741e-07
6.239018e-07
6.192995e-07
6.146697e-07
6.100103e-07
6.053240e-07
6.006083e-07
5.958664e-07
5.910954e-07
5.862986e-07
5.814732e-07
5.766225e-07
5.717435e-07
5.668398e-07
5.619083e-07
5.569525e-07
5.519692e-07
5.469623e-07
5.419283e-07
5.368711e-07
5.317872e-07
5.266808e-07
5.215480e-07
5.163933e-07
5.112126e-07
5.060105e-07
5.007829e-07
4.955344e-07
4.902608e-07
4.849669e-07
4.796482e-07
4.743100e-07
4.689473e-07
4.635657e-07
4.581600e-07
4.527360e-07
4.472882e-07
4.418229e-07
4.363341e-07
4.308285e-07
4.252996e-07
4.197548e-07
4.141869e-07
4.086038e-07
4.029980e-07
3.973777e-07
3.917350e-07
3.860786e-07
3.804000e-07
3.747086e-07
3.689952e-07
3.632699e-07
3.575227e-07
3.517646e-07
3.459848e-07
3.401953e-07
3.343843e-07
3.285650e-07
3.227245e-07
3.168779e-07
3.110114e-07
3.051422e-07
2.992567e-07
2.933762e-07
2.874893e-07
2.816260e-07
2.757837e-07
2.700129e-07
2.643384e-07
2.588628e-07
2.536895e-07
2.490583e-07
2.452904e-07
2.429939e-07
2.430876e-07
2.471755e-07
2.578058e-07
2.792832e-07
3.185933e-07
3.873732e-07
5.046795e-07
7.020715e-07
1.031428e-06
1.578451e-06
2.484254e-06
3.981691e-06
6.454453e-06
1.053537e-05
1.726750e-05
2.837078e-05
4.668035e-05
7.687036e-05
1.266452e-04
2.087033e-04
3.439686e-04
5.669077e-04
9.342589e-04
1.539333e-03
2.535337e-03
4.173143e-03
6.861719e-03
1.126288e-02
1.843461e-02
3.003431e-02
4.857179e-02
7.763507e-02
1.218612e-01
1.861956e-01
2.739005e-01
3.834518e-01
5.062690e-01
6.283343e-01
7.359604e-01
8.212849e-01
8.834050e-01
9.258812e-01
9.536942e-01
9.713929e-01
9.824513e-01
9.892822e-01
9.934717e-01
9.960302e-01
9.975884e-01
9.985358e-01
9.991114e-01
9.994608e-01
9.996728e-01
9.998015e-01
9.998795e-01
9.999268e-01
9.999556e-01
9.999730e-01
9.999835e-01
9.999899e-01
9.999938e-01
9.999961e-01
9.999976e-01
9.999984e-01
9.999989e-01
9.999993e-01
9.999994e-01
9.999995e-01
9.999996e-01
9.999996e-01
9.999997e-01
9.999997e-01
9.999997e-01
9.999997e-01
9.999997e-01
9.999997e-01
9.999996e-01
9.999996e-01
9.999996e-01
9.999996e-01
9.999996e-01
9.999996e-01
9.999996e-01
9.999996e-01
9.999996e-01
9.999996e-01
9.999996e-01
9.999996e-01
9.999995e-01
9.999995e-01
9.999995e-01
9.999995e-01
9.999995e-01
9.999995e-01
9.999995e-01
9.999995e-01
9.999995e-01
9.999995e-01
9.999995e-01
9.999994e-01
9.999994e-01
9.999994e-01
9.999994e-01
9.999994e-01
9.999994e-01
9.999994e-01
9.999994e-01
9.999994e-01
9.999994e-01
9.999994e-01
9.999994e-01
9.999993e-01
9.999993e-01
9.999993e-01
9.999993e-01
9.999993e-01
9.999993e-01
9.999993e-01
9.999993e-01
9.999993e-01
9.999993e-01
9.999993e-01
9.999993e-01
9.999992e-01
9.999992e-01
9.999992e-01
9.999992e-01
9.999992e-01
9.999992e-01
9.999992e-01
9.999992e-01
9.999992e-01
9.999992e-01
9.999992e-01
9.999992e-01
9.999992e-01
9.999991e-01
9.999991e-01
9.999991e-01
9.999991e-01
9.999991e-01
9.999991e-01
9.999991e-01
9.999991e-01
9.999991e-01
9.999991e-01
9.999991e-01
9.999991e-01
9.999991e-01
9.999991e-01
9.999990e-01
9.999990e-01
9.999990e-01
9.999990e-01
9.999990e-01
9.999990e-01
9.999990e-01
9.999990e-01
9.999990e-01
9.999990e-01
9.999990e-01
9.999990e-01
9.999990e-01
9.999990e-01
9.999989e-01
9.999989e-01
9.999989e-01
9.999989e-01
9.999989e-01
9.999989e-01
9.999989e-01
9.999989e-01
9.999989e-01
9.999989e-01
9.999989e-01
9.999989e-01
9.999989e-01
9.999989e-01
9.999989e-01
9.999988e-01
9.999988e-01
9.999988e-01
9.999988e-01
9.999988e-01
9.999988e-01
9.999988e-01
9.999988e-01
9.999988e-01
9.999988e-01
9.999988e-01
9.999988e-01
9.999988e-01
9.999988e-01
9.999988e-01
9.999988e-01
9.999987e-01
9.999987e-01
9.999987e-01
9.999987e-01
9.999987e-01
9.999987e-01
9.999987e-01
9.999987e-01
9.999987e-01
9.999987e-01
9.999987e-01
9.999987e-01
9.999987e-01
9.999987e-01
9.999987e-01
9.999987e-01
9.999987e-01
9.999987e-01
9.999987e-01
9.999986e-01
9.999986e-01
9.999986e-01
9.999986e-01
9.999986e-01
9.999986e-01
9.999986e-01
9.999986e-01
9.999986e-01
9.999986e-01
9.999986e-01
9.999986e-01
9.999986e-01
9.999986e-01
9.999986e-01
9.999986e-01
9.999986e-01
9.999986e-01
9.999986e-01
9.999986e-01
9.999986e-01
9.999986e-01
9.999985e-01
9.999985e-01
9.999985e-01
9.999985e-01
9.999985e-01
9.999985e-01
9.999985e-01
9.999985e-01
9.999985e-01
9.999985e-01
9.999985e-01
9.999985e-01
9.999985e-01
9.999985e-01
9.999985e-01
9.999985e-01
9.999985e-01
9.999985e-01
9.999985e-01
9.999985e-01
9.999985e-01
9.999985e-01
9.999985e-01
9.999985e-01
9.999985e-01
9.999985e-01
9.999985e-01
9.999985e-01
9.999985e-01
9.999985e-01
9.999985e-01
9.999984e-01
9.999984e-01
9.999984e-01
9.999984e-01
9.999984e-01
9.999984e-01
9.999984e-01
9.999984e-01
9.999984e-01
9.999984e-01
9.999984e-01
9.999984e-01
9.999984e-01
9.999984e-01
9.999984e-01
9.999984e-01
9.999984e-01
9.999984e-01
9.999984e-01
9.999984e-01
9.999984e-01
9.999984e-01
9.999984e-01
9.999984e-01
9.999984e-01
9.999984e-01
9.999984e-01
9.999984e-01
9.999984e-01
9.999984e-01
9.999984e-01
9.999984e-01
9.999984e-01
9.999984e-01
9.999984e-01
9.999984e-01
9.999984e-01
9.999984e-01
9.999984e-01
9.999984e-01
9.999984e-01
9.999984e-01
9.999984e-01
9.999984e-01
9.999984e-01
9.999984e-01
9.999984e-01
9.999984e-01
9.999984e-01
9.999984e-01
9.999984e-01
9.999984e-01
9.999984e-01
9.999984e-01
9.999984e-01
9.999984e-01
9.999984e-01
9.999984e-01
9.999984e-01
9.999984e-01
9.999984e-01
9.999984e-01
9.999984e-01
9.999984e-01
9.999984e-01
9.999984e-01
9.999984e-01
9.999984e-01
9.999984e-01
9.999984e-01
9.999984e-01
9.999984e-01
9.999984e-01
9.999984e-01
9.999984e-01
9.999984e-01
9.999984e-01
9.999984e-01
9.999984e-01
9.999984e-01
9.999984e-01
9.999984e-01
9.999984e-01
9.999984e-01
9.999984e-01
9.999984e-01
9.999984e-01
9.999984e-01
9.999984e-01
9.999984e-01
9.999984e-01
9.999984e-01
9.999984e-01
9.999984e-01
9.999984e-01
9.999984e-01
9.999984e-01
9.999984e-01
9.999984e-01
9.999984e-01
9.999984e-01
9.999984e-01
9.999984e-01
9.999985e-01
9.999985e-01
9.999985e-01
9.999985e-01
9.999985e-01
9.999985e-01
9.999985e-01
9.999985e-01
9.999985e-01
9.999985e-01
9.999985e-01
9.999985e-01
9.999985e-01
9.999985e-01
9.999985e-01
9.999985e-01
9.999985e-01
9.999985e-01
9.999985e-01
9.999985e-01
9.999985e-01
9.999985e-01
9.999985e-01
9.999985e-01
9.999985e-01
9.999985e-01
9.999985e-01
9.999985e-01
9.999985e-01
9.999985e-01
9.999985e-01
9.999986e-01
9.999986e-01
9.999986e-01
9.999986e-01
9.999986e-01
9.999986e-01
9.999986e-01
9.999986e-01
9.999986e-01
9.999986e-01
9.999986e-01
9.999986e-01
9.999986e-01
9.999986e-01
9.999986e-01
9.999986e-01
9.999986e-01
9.999986e-01
9.999986e-01
9.999986e-01
9.999986e-01
9.999986e-01
9.999987e-01
9.999987e-01
9.999987e-01
9.999987e-01
9.999987e-01
9.999987e-01
9.999987e-01
9.999987e-01
9.999987e-01
9.999987e-01
9.999987e-01
9.999987e-01
9.999987e-01
9.999987e-01
9.999987e-01
9.999987e-01
9.999987e-01
9.999987e-01
9.999987e-01
9.999988e-01
9.999988e-01
9.999988e-01
9.999988e-01
9.999988e-01
9.999988e-01
9.999988e-01
9.999988e-01
9.999988e-01
9.999988e-01
9.999988e-01
9.999988e-01
9.999988e-01
9.999988e-01
9.999988e-01
9.999988e-01
9.999989e-01
9.999989e-01
9.999989e-01
9.999989e-01
9.999989e-01
9.999989e-01
9.999989e-01
9.999989e-01
9.999989e-01
9.999989e-01
9.999989e-01
9.999989e-01
9.999989e-01
9.999989e-01
9.999989e-01
9.999990e-01
9.999990e-01
9.999990e-01
9.999990e-01
9.999990e-01
9.999990e-01
9.999990e-01
9.999990e-01
9.999990e-01
9.999990e-01
9.999990e-01
9.999990e-01
9.999990e-01
9.999990e-01
9.999991e-01
9.999991e-01
9.999991e-01
9.999991e-01
9.999991e-01
9.999991e-01
9.999991e-01
9.999991e-01
9.999991e-01
9.999991e-01
9.999991e-01
9.999991e-01
9.999991e-01
9.999991e-01
9.999992e-01
9.999992e-01
9.999992e-01
9.999992e-01
9.999992e-01
9.999992e-01
9.999992e-01
9.999992e-01
9.999992e-01
9.999992e-01
9.999992e-01
9.999992e-01
9.999992e-01
9.999993e-01
9.999993e-01
9.999993e-01
9.999993e-01
9.999993e-01
9.999993e-01
9.999993e-01
9.999993e-01
9.999993e-01
9.999993e-01
9.999993e-01
9.999993e-01
9.999994e-01
9.999994e-01
9.999994e-01
9.999994e-01
9.999994e-01
9.999994e-01
9.999994e-01
9.999994e-01
9.999994e-01
9.999994e-01
9.999994e-01
9.999994e-01
9.999995e-01
9.999995e-01
9.999995e-01
9.999995e-01
9.999995e-01
9.999995e-01
9.999995e-01
9.999995e-01
9.999995e-01
9.999995e-01
9.999995e-01
9.999996e-01
9.999996e-01
9.999996e-01
9.999996e-01
9.999996e-01
9.999996e-01
9.999996e-01
9.999996e-01
9.999996e-01
9.999996e-01
9.999996e-01
9.999996e-01
9.999997e-01
9.999997e-01
9.999997e-01
9.999997e-01
9.999997e-01
9.999997e-01
9.999996e-01
9.999996e-01
9.999995e-01
9.999994e-01
9.999993e-01
9.999989e-01
9.999984e-01
9.999976e-01
9.999961e-01
9.999938e-01
9.999899e-01
9.999835e-01
9.999730e-01
9.999556e-01
9.999268e-01
9.998795e-01
9.998015e-01
9.996728e-01
9.994608e-01
9.991114e-01
9.985358e-01
9.975884e-01
9.960302e-01
9.934717e-01
9.892822e-01
9.824513e-01
9.713929e-01
9.536942e-01
9.258812e-01
8.834050e-01
8.212849e-01
7.359604e-01
6.283343e-01
5.062690e-01
3.834518e-01
2.739005e-01
1.861956e-01
1.218612e-01
7.763507e-02
4.857179e-02
3.003431e-02
1.843461e-02
1.126288e-02
6.861719e-03
4.173143e-03
2.535337e-03
1.539333e-03
9.342589e-04
5.669077e-04
3.439686e-04
2.087033e-04
1.266452e-04
7.687036e-05
4.668035e-05
2.837078e-05
1.726750e-05
1.053537e-05
6.454453e-06
3.981691e-06
2.484254e-06
1.578451e-06
1.031428e-06
7.020715e-07
5.046795e-07
3.873732e-07
3.185933e-07
2.792832e-07
2.578058e-07
2.471755e-07
2.430876e-07
2.429940e-07
2.452904e-07
2.490583e-07
2.536896e-07
2.588629e-07
2.643385e-07
2.700129e-07
2.757838e-07
2.816261e-07
2.874894e-07
2.933763e-07
2.992567e-07
3.051423e-07
3.110114e-07
3.168780e-07
3.227246e-07
3.285650e-07
3.343843e-07
3.401954e-07
3.459849e-07
3.517647e-07
3.575227e-07
3.632699e-07
3.689952e-07
3.747087e-07
3.804001e-07
3.860787e-07
3.917351e-07
3.973778e-07
4.029981e-07
4.086039e-07
4.141870e-07
4.197548e-07
4.252997e-07
4.308286e-07
4.363342e-07
4.418230e-07
4.472883e-07
4.527361e-07
4.581600e-07
4.635658e-07
4.689474e-07
4.743101e-07
4.796483e-07
4.849670e-07
4.902608e-07
4.955345e-07
5.007829e-07
5.060106e-07
5.112127e-07
5.163934e-07
5.215481e-07
5.266809e-07
5.317873e-07
5.368712e-07
5.419283e-07
5.469623e-07
5.519693e-07
5.569525e-07
5.619083e-07
5.668399e-07
5.717436e-07
5.766225e-07
5.814732e-07
5.862986e-07
5.910954e-07
5.958664e-07
6.006084e-07
6.053240e-07
6.100103e-07
6.146698e-07
6.192995e-07
6.239019e-07
6.284741e-07
6.330186e-07
6.375326e-07
6.420183e-07
6.464731e-07
6.508992e-07
6.552940e-07
6.596597e-07
6.639937e-07
6.682981e-07
6.725705e-07
6.768129e-07
6.810229e-07
6.852024e-07
6.893492e-07
6.934651e-07
6.975479e-07
7.015994e-07
7.056175e-07
7.096039e-07
7.135564e-07
7.174769e-07
7.213633e-07
7.252171e-07
7.290365e-07
7.328230e-07
7.365747e-07
7.402931e-07
7.439765e-07
7.476262e-07
7.512404e-07
7.548207e-07
7.583652e-07
7.618754e-07
7.653495e-07
7.687889e-07
7.721920e-07
7.755600e-07
7.788914e-07
7.821874e-07
7.854464e-07
7.886698e-07
7.918559e-07
7.950060e-07
7.981186e-07
8.011949e-07
8.042334e-07
8.072353e-07
8.101991e-07
8.131260e-07
8.160146e-07
8.188660e-07
8.216789e-07
8.244542e-07
8.271907e-07
8.298895e-07
8.325493e-07
8.351710e-07
8.377534e-07
8.402976e-07
8.428022e-07
8.452683e-07
8.476947e-07
8.500824e-07
8.524300e-07
8.547387e-07
8.570072e-07
8.592366e-07
8.614255e-07
8.635750e-07
8.656840e-07
8.677534e-07
8.697819e-07
8.717707e-07
8.737185e-07
8.756263e-07
8.774930e-07
8.793196e-07
8.811048e-07
8.828497e-07
8.845531e-07
8.862160e-07
8.878373e-07
8.894179e-07
8.909568e-07
8.924548e-07
8.939109e-07
8.953261e-07
8.966993e-07
8.980314e-07
8.993213e-07
9.005700e-07
9.017764e-07
9.029415e-07
9.040642e-07
9.051454e-07
9.061842e-07
9.071815e-07
9.081361e-07
9.090492e-07
9.099195e-07
9.107482e-07
9.115341e-07
9.122782e-07
9.129795e-07
9.136390e-07
9.142555e-07
9.148302e-07
9.153619e-07
9.158516e-07
9.162984e-07
9.167031e-07
9.170649e-07
9.173845e-07
9.176611e-07
9.178957e-07
9.180871e-07
9.182365e-07
9.183428e-07
9.184069e-07
