7.629486e-07
7.629311e-07
7.628779e-07
7.627898e-07
7.626658e-07
7.625070e-07
7.623125e-07
7.620831e-07
7.618179e-07
7.615179e-07
7.611821e-07
7.608115e-07
7.604053e-07
7.599643e-07
7.594876e-07
7.589762e-07
7.584292e-07
7.578475e-07
7.572302e-07
7.565783e-07
7.558909e-07
7.551690e-07
7.544116e-07
7.536198e-07
7.527926e-07
7.519309e-07
7.510340e-07
7.501028e-07
7.491363e-07
7.481356e-07
7.470998e-07
7.460299e-07
7.449249e-07
7.437859e-07
7.426120e-07
7.414042e-07
7.401616e-07
7.388851e-07
7.375740e-07
7.362292e-07
7.348498e-07
7.334368e-07
7.319894e-07
7.305086e-07
7.289935e-07
7.274451e-07
7.258626e-07
7.242469e-07
7.225972e-07
7.209145e-07
7.191979e-07
7.174486e-07
7.156655e-07
7.138499e-07
7.120006e-07
7.101189e-07
7.082038e-07
7.062564e-07
7.042758e-07
7.022632e-07
7.002175e-07
6.981399e-07
6.960294e-07
6.938874e-07
6.917126e-07
6.895063e-07
6.872676e-07
6.849977e-07
6.826954e-07
6.803622e-07
6.779969e-07
6.756008e-07
6.731728e-07
6.707143e-07
6.682242e-07
6.657037e-07
6.631518e-07
6.605699e-07
6.579568e-07
6.553139e-07
6.526399e-07
6.499365e-07
6.472024e-07
6.444390e-07
6.416450e-07
6.388221e-07
6.359690e-07
6.330871e-07
6.301753e-07
6.272350e-07
6.242650e-07
6.212669e-07
6.182393e-07
6.151839e-07
6.120992e-07
6.089870e-07
6.058459e-07
6.026776e-07
5.994806e-07
5.962568e-07
5.930045e-07
5.897257e-07
5.864187e-07
5.830856e-07
5.797245e-07
5.763377e-07
5.729232e-07
5.694833e-07
5.660160e-07
5.625237e-07
5.590043e-07
5.554601e-07
5.518892e-07
5.482939e-07
5.446722e-07
5.410265e-07
5.373546e-07
5.336591e-07
5.299377e-07
5.261931e-07
5.224230e-07
5.186301e-07
5.148119e-07
5.109712e-07
5.071057e-07
5.032181e-07
4.993059e-07
4.953721e-07
4.914140e-07
4.874347e-07
4.834314e-07
4.794074e-07
4.753597e-07
4.712917e-07
4.672003e-07
4.630890e-07
4.589547e-07
4.548010e-07
4.506246e-07
4.464292e-07
4.422114e-07
4.379751e-07
4.337167e-07
4.294403e-07
4.251421e-07
4.208265e-07
4.164892e-07
4.121351e-07
4.077597e-07
4.033679e-07
3.989551e-07
3.945265e-07
3.900771e-07
3.856125e-07
3.811273e-07
3.766276e-07
3.721075e-07
3.675734e-07
3.630193e-07
3.584517e-07
3.538643e-07
3.492642e-07
3.446444e-07
3.400126e-07
3.353612e-07
3.306985e-07
3.260165e-07
3.213238e-07
3.166119e-07
3.118902e-07
3.071494e-07
3.023996e-07
2.976307e-07
2.928537e-07
2.880577e-07
2.832547e-07
2.784328e-07
2.736052e-07
2.687590e-07
2.639092e-07
2.590418e-07
2.541743e-07
2.492928e-07
2.444186e-07
2.395402e-07
2.346877e-07
2.298583e-07
2.251025e-07
2.204452e-07
2.159887e-07
2.118366e-07
2.082284e-07
2.054854e-07
2.042157e-07
2.053379e-07
2.104560e-07
2.221182e-07
2.446290e-07
2.849740e-07
3.547902e-07
4.731340e-07
6.715644e-07
1.001960e-06
1.550022e-06
2.456863e-06
3.955336e-06
6.429129e-06
1.051107e-05
1.724420e-05
2.834847e-05
4.665898e-05
7.684986e-05
1.266254e-04
2.086841e-04
3.439497e-04
5.668886e-04
9.342387e-04
1.539311e-03
2.535310e-03
4.173108e-03
6.861669e-03
1.126280e-02
1.843449e-02
3.003413e-02
4.857152e-02
7.763465e-02
1.218606e-01
1.861948e-01
2.738993e-01
3.834505e-01
5.062676e-01
6.283329e-01
7.359593e-01
8.212841e-01
8.834044e-01
9.258808e-01
9.536940e-01
9.713927e-01
9.824512e-01
9.892821e-01
9.934717e-01
9.960302e-01
9.975884e-01
9.985358e-01
9.991114e-01
9.994608e-01
9.996728e-01
9.998015e-01
9.998795e-01
9.999269e-01
9.999556e-01
9.999730e-01
9.999835e-01
9.999899e-01
9.999938e-01
9.999962e-01
9.999976e-01
9.999985e-01
9.999990e-01
9.999993e-01
9.999995e-01
9.999996e-01
9.999996e-01
9.999997e-01
9.999997e-01
9.999997e-01
9.999997e-01
9.999997e-01
9.999997e-01
9.999997e-01
9.999997e-01
9.999997e-01
9.999997e-01
9.999997e-01
9.999997e-01
9.999996e-01
9.999996e-01
9.999996e-01
9.999996e-01
9.999996e-01
9.999996e-01
9.999996e-01
9.999996e-01
9.999996e-01
9.999996e-01
9.999996e-01
9.999996e-01
9.999996e-01
9.999996e-01
9.999995e-01
9.999995e-01
9.999995e-01
9.999995e-01
9.999995e-01
9.999995e-01
9.999995e-01
9.999995e-01
9.999995e-01
9.999995e-01
9.999995e-01
9.999995e-01
9.999995e-01
9.999994e-01
9.999994e-01
9.999994e-01
9.999994e-01
9.999994e-01
9.999994e-01
9.999994e-01
9.999994e-01
9.999994e-01
9.999994e-01
9.999994e-01
9.999994e-01
9.999994e-01
9.999994e-01
9.999993e-01
9.999993e-01
9.999993e-01
9.999993e-01
9.999993e-01
9.999993e-01
9.999993e-01
9.999993e-01
9.999993e-01
9.999993e-01
9.999993e-01
9.999993e-01
9.999993e-01
9.999993e-01
9.999992e-01
9.999992e-01
9.999992e-01
9.999992e-01
9.999992e-01
9.999992e-01
9.999992e-01
9.999992e-01
9.999992e-01
9.999992e-01
9.999992e-01
9.999992e-01
9.999992e-01
9.999992e-01
9.999992e-01
9.999991e-01
9.999991e-01
9.999991e-01
9.999991e-01
9.999991e-01
9.999991e-01
9.999991e-01
9.999991e-01
9.999991e-01
9.999991e-01
9.999991e-01
9.999991e-01
9.999991e-01
9.999991e-01
9.999991e-01
9.999991e-01
9.999990e-01
9.999990e-01
9.999990e-01
9.999990e-01
9.999990e-01
9.999990e-01
9.999990e-01
9.999990e-01
9.999990e-01
9.999990e-01
9.999990e-01
9.999990e-01
9.999990e-01
9.999990e-01
9.999990e-01
9.999990e-01
9.999990e-01
9.999990e-01
9.999989e-01
9.999989e-01
9.999989e-01
9.999989e-01
9.999989e-01
9.999989e-01
9.999989e-01
9.999989e-01
9.999989e-01
9.999989e-01
9.999989e-01
9.999989e-01
9.999989e-01
9.999989e-01
9.999989e-01
9.999989e-01
9.999989e-01
9.999989e-01
9.999989e-01
9.999989e-01
9.999988e-01
9.999988e-01
9.999988e-01
9.999988e-01
9.999988e-01
9.999988e-01
9.999988e-01
9.999988e-01
9.999988e-01
9.999988e-01
9.999988e-01
9.999988e-01
9.999988e-01
9.999988e-01
9.999988e-01
9.999988e-01
9.999988e-01
9.999988e-01
9.999988e-01
9.999988e-01
9.999988e-01
9.999988e-01
9.999988e-01
9.999987e-01
9.999987e-01
9.999987e-01
9.999987e-01
9.999987e-01
9.999987e-01
9.999987e-01
9.999987e-01
9.999987e-01
9.999987e-01
9.999987e-01
9.999987e-01
9.999987e-01
9.999987e-01
9.999987e-01
9.999987e-01
9.999987e-01
9.999987e-01
9.999987e-01
9.999987e-01
9.999987e-01
9.999987e-01
9.999987e-01
9.999987e-01
9.999987e-01
9.999987e-01
9.999987e-01
9.999987e-01
9.999987e-01
9.999987e-01
9.999987e-01
9.999986e-01
9.999986e-01
9.999986e-01
9.999986e-01
9.999986e-01
9.999986e-01
9.999986e-01
9.999986e-01
9.999986e-01
9.999986e-01
9.999986e-01
9.999986e-01
9.999986e-01
9.999986e-01
9.999986e-01
9.999986e-01
9.999986e-01
9.999986e-01
9.999986e-01
9.999986e-01
9.999986e-01
9.999986e-01
9.999986e-01
9.999986e-01
9.999986e-01
9.999986e-01
9.999986e-01
9.999986e-01
9.999986e-01
9.999986e-01
9.999986e-01
9.999986e-01
9.999986e-01
9.999986e-01
9.999986e-01
9.999986e-01
9.999986e-01
9.999986e-01
9.999986e-01
9.999986e-01
9.999986e-01
9.999986e-01
9.999986e-01
9.999986e-01
9.999986e-01
9.999986e-01
9.999986e-01
9.999986e-01
9.999986e-01
9.999986e-01
9.999986e-01
9.999986e-01
9.999986e-01
9.999986e-01
9.999986e-01
9.999986e-01
9.999986e-01
9.999986e-01
9.999986e-01
9.999986e-01
9.999986e-01
9.999986e-01
9.999986e-01
9.999986e-01
9.999986e-01
9.999986e-01
9.999986e-01
9.999986e-01
9.999986e-01
9.999986e-01
9.999986e-01
9.999986e-01
9.999986e-01
9.999986e-01
9.999986e-01
9.999986e-01
9.999986e-01
9.999986e-01
9.999986e-01
9.999986e-01
9.999986e-01
9.999986e-01
9.999986e-01
9.999986e-01
9.999986e-01
9.999986e-01
9.999986e-01
9.999986e-01
9.999986e-01
9.999986e-01
9.999986e-01
9.999986e-01
9.999986e-01
9.999986e-01
9.999986e-01
9.999986e-01
9.999986e-01
9.999986e-01
9.999986e-01
9.999986e-01
9.999986e-01
9.999986e-01
9.999986e-01
9.999986e-01
9.999986e-01
9.999986e-01
9.999986e-01
9.999986e-01
9.999986e-01
9.999986e-01
9.999986e-01
9.999986e-01
9.999986e-01
9.999986e-01
9.999986e-01
9.999986e-01
9.999986e-01
9.999986e-01
9.999986e-01
9.999987e-01
9.999987e-01
9.999987e-01
9.999987e-01
9.999987e-01
9.999987e-01
9.999987e-01
9.999987e-01
9.999987e-01
9.999987e-01
9.999987e-01
9.999987e-01
9.999987e-01
9.999987e-01
9.999987e-01
9.999987e-01
9.999987e-01
9.999987e-01
9.999987e-01
9.999987e-01
9.999987e-01
9.999987e-01
9.999987e-01
9.999987e-01
9.999987e-01
9.999987e-01
9.999987e-01
9.999987e-01
9.999987e-01
9.999987e-01
9.999987e-01
9.999988e-01
9.999988e-01
9.999988e-01
9.999988e-01
9.999988e-01
9.999988e-01
9.999988e-01
9.999988e-01
9.999988e-01
9.999988e-01
9.999988e-01
9.999988e-01
9.999988e-01
9.999988e-01
9.999988e-01
9.999988e-01
9.999988e-01
9.999988e-01
9.999988e-01
9.999988e-01
9.999988e-01
9.999988e-01
9.999988e-01
9.999989e-01
9.999989e-01
9.999989e-01
9.999989e-01
9.999989e-01
9.999989e-01
9.999989e-01
9.999989e-01
9.999989e-01
9.999989e-01
9.999989e-01
9.999989e-01
9.999989e-01
9.999989e-01
9.999989e-01
9.999989e-01
9.999989e-01
9.999989e-01
9.999989e-01
9.999989e-01
9.999990e-01
9.999990e-01
9.999990e-01
9.999990e-01
9.999990e-01
9.999990e-01
9.999990e-01
9.999990e-01
9.999990e-01
9.999990e-01
9.999990e-01
9.999990e-01
9.999990e-01
9.999990e-01
9.999990e-01
9.999990e-01
9.999990e-01
9.999990e-01
9.999991e-01
9.999991e-01
9.999991e-01
9.999991e-01
9.999991e-01
9.999991e-01
9.999991e-01
9.999991e-01
9.999991e-01
9.999991e-01
9.999991e-01
9.999991e-01
9.999991e-01
9.999991e-01
9.999991e-01
9.999991e-01
9.999992e-01
9.999992e-01
9.999992e-01
9.999992e-01
9.999992e-01
9.999992e-01
9.999992e-01
9.999992e-01
9.999992e-01
9.999992e-01
9.999992e-01
9.999992e-01
9.999992e-01
9.999992e-01
9.999992e-01
9.999993e-01
9.999993e-01
9.999993e-01
9.999993e-01
9.999993e-01
9.999993e-01
9.999993e-01
9.999993e-01
9.999993e-01
9.999993e-01
9.999993e-01
9.999993e-01
9.999993e-01
9.999993e-01
9.999994e-01
9.999994e-01
9.999994e-01
9.999994e-01
9.999994e-01
9.999994e-01
9.999994e-01
9.999994e-01
9.999994e-01
9.999994e-01
9.999994e-01
9.999994e-01
9.999994e-01
9.999994e-01
9.999995e-01
9.999995e-01
9.999995e-01
9.999995e-01
9.999995e-01
9.999995e-01
9.999995e-01
9.999995e-01
9.999995e-01
9.999995e-01
9.999995e-01
9.999995e-01
9.999995e-01
9.999996e-01
9.999996e-01
9.999996e-01
9.999996e-01
9.999996e-01
9.999996e-01
9.999996e-01
9.999996e-01
9.999996e-01
9.999996e-01
9.999996e-01
9.999996e-01
9.999996e-01
9.999996e-01
9.999997e-01
9.999997e-01
9.999997e-01
9.999997e-01
9.999997e-01
9.999997e-01
9.999997e-01
9.999997e-01
9.999997e-01
9.999997e-01
9.999997e-01
9.999997e-01
9.999996e-01
9.999996e-01
9.999995e-01
9.999993e-01
9.999990e-01
9.999985e-01
9.999976e-01
9.999962e-01
9.999938e-01
9.999899e-01
9.999835e-01
9.999730e-01
9.999556e-01
9.999269e-01
9.998795e-01
9.998015e-01
9.996728e-01
9.994608e-01
9.991114e-01
9.985358e-01
9.975884e-01
9.960302e-01
9.934717e-01
9.892821e-01
9.824512e-01
9.713927e-01
9.536940e-01
9.258808e-01
8.834044e-01
8.212841e-01
7.359593e-01
6.283329e-01
5.062676e-01
3.834505e-01
2.738993e-01
1.861948e-01
1.218606e-01
7.763465e-02
4.857152e-02
3.003413e-02
1.843449e-02
1.126280e-02
6.861669e-03
4.173108e-03
2.535310e-03
1.539311e-03
9.342387e-04
5.668886e-04
3.439497e-04
2.086841e-04
1.266254e-04
7.684986e-05
4.665898e-05
2.834847e-05
1.724420e-05
1.051107e-05
6.429129e-06
3.955336e-06
2.456863e-06
1.550022e-06
1.001960e-06
6.715644e-07
4.731340e-07
3.547903e-07
2.849740e-07
2.446290e-07
2.221182e-07
2.104560e-07
2.053379e-07
2.042157e-07
2.054854e-07
2.082284e-07
2.118366e-07
2.159888e-07
2.204452e-07
2.251025e-07
2.298583e-07
2.346877e-07
2.395403e-07
2.444186e-07
2.492928e-07
2.541743e-07
2.590419e-07
2.639092e-07
2.687591e-07
2.736053e-07
2.784328e-07
2.832548e-07
2.880578e-07
2.928538e-07
2.976307e-07
3.023996e-07
3.071495e-07
3.118903e-07
3.166120e-07
3.213239e-07
3.260165e-07
3.306986e-07
3.353613e-07
3.400126e-07
3.446445e-07
3.492643e-07
3.538644e-07
3.584518e-07
3.630193e-07
3.675735e-07
3.721076e-07
3.766276e-07
3.811274e-07
3.856126e-07
3.900772e-07
3.945266e-07
3.989552e-07
4.033680e-07
4.077598e-07
4.121352e-07
4.164893e-07
4.208265e-07
4.251422e-07
4.294404e-07
4.337167e-07
4.379752e-07
4.422114e-07
4.464293e-07
4.506246e-07
4.548011e-07
4.589548e-07
4.630891e-07
4.672003e-07
4.712917e-07
4.753597e-07
4.794074e-07
4.834315e-07
4.874348e-07
4.914140e-07
4.953721e-07
4.993059e-07
5.032181e-07
5.071057e-07
5.109713e-07
5.148119e-07
5.186301e-07
5.224231e-07
5.261932e-07
5.299378e-07
5.336591e-07
5.373546e-07
5.410265e-07
5.446722e-07
5.482939e-07
5.518892e-07
5.554601e-07
5.590043e-07
5.625237e-07
5.660161e-07
5.694833e-07
5.729232e-07
5.763377e-07
5.797246e-07
5.830856e-07
5.864187e-07
5.897257e-07
5.930045e-07
5.962568e-07
5.994806e-07
6.026776e-07
6.058459e-07
6.089870e-07
6.120992e-07
6.151839e-07
6.182393e-07
6.212669e-07
6.242650e-07
6.272350e-07
6.301753e-07
6.330871e-07
6.359690e-07
6.388221e-07
6.416450e-07
6.444390e-07
6.472023e-07
6.499365e-07
6.526399e-07
6.553139e-07
6.579568e-07
6.605699e-07
6.631518e-07
6.657037e-07
6.682242e-07
6.707143e-07
6.731728e-07
6.756008e-07
6.779969e-07
6.803622e-07
6.826954e-07
6.849977e-07
6.872676e-07
6.895063e-07
6.917126e-07
6.938874e-07
6.960294e-07
6.981399e-07
7.002174e-07
7.022632e-07
7.042758e-07
7.062564e-07
7.082038e-07
7.101189e-07
7.120006e-07
7.138499e-07
7.156655e-07
7.174486e-07
7.191979e-07
7.209145e-07
7.225972e-07
7.242469e-07
7.258626e-07
7.274451e-07
7.289935e-07
7.305086e-07
7.319894e-07
7.334368e-07
7.348498e-07
7.362292e-07
7.375740e-07
7.388851e-07
7.401616e-07
7.414042e-07
7.426120e-07
7.437860e-07
7.449249e-07
7.460299e-07
7.470998e-07
7.481356e-07
7.491363e-07
7.501028e-07
7.510340e-07
7.519309e-07
7.527926e-07
7.536198e-07
7.544116e-07
7.551690e-07
7.558910e-07
7.565783e-07
7.572302e-07
7.578475e-07
7.584292e-07
7.589762e-07
7.594876e-07
7.599643e-07
7.604053e-07
7.608116e-07
7.611821e-07
7.615179e-07
7.618179e-07
7.620831e-07
7.623125e-07
7.625071e-07
7.626658e-07
7.627898e-07
7.628779e-07
7.629311e-07
