6.339690e-07
6.339545e-07
6.339103e-07
6.338373e-07
6.337344e-07
6.336027e-07
6.334412e-07
6.332509e-07
6.330309e-07
6.327820e-07
6.325034e-07
6.321960e-07
6.318590e-07
6.314931e-07
6.310976e-07
6.306733e-07
6.302195e-07
6.297369e-07
6.292248e-07
6.286840e-07
6.281136e-07
6.275147e-07
6.268863e-07
6.262294e-07
6.255431e-07
6.248283e-07
6.240841e-07
6.233115e-07
6.225097e-07
6.216795e-07
6.208201e-07
6.199325e-07
6.190157e-07
6.180708e-07
6.170968e-07
6.160948e-07
6.150637e-07
6.140048e-07
6.129169e-07
6.118013e-07
6.106568e-07
6.094846e-07
6.082837e-07
6.070552e-07
6.057981e-07
6.045135e-07
6.032005e-07
6.018601e-07
6.004913e-07
5.990953e-07
5.976711e-07
5.962198e-07
5.947404e-07
5.932340e-07
5.916997e-07
5.901386e-07
5.885496e-07
5.869340e-07
5.852907e-07
5.836210e-07
5.819236e-07
5.802000e-07
5.784490e-07
5.766718e-07
5.748674e-07
5.730370e-07
5.711795e-07
5.692962e-07
5.673861e-07
5.654503e-07
5.634878e-07
5.614999e-07
5.594853e-07
5.574456e-07
5.553795e-07
5.532884e-07
5.511711e-07
5.490290e-07
5.468608e-07
5.446681e-07
5.424495e-07
5.402066e-07
5.379380e-07
5.356453e-07
5.333271e-07
5.309850e-07
5.286177e-07
5.262267e-07
5.238106e-07
5.213712e-07
5.189069e-07
5.164194e-07
5.139073e-07
5.113723e-07
5.088128e-07
5.062307e-07
5.036244e-07
5.009957e-07
4.983430e-07
4.956683e-07
4.929697e-07
4.902493e-07
4.875054e-07
4.847399e-07
4.819511e-07
4.791410e-07
4.763078e-07
4.734537e-07
4.705767e-07
4.676791e-07
4.647588e-07
4.618182e-07
4.588552e-07
4.558722e-07
4.528670e-07
4.498421e-07
4.467952e-07
4.437290e-07
4.406411e-07
4.375342e-07
4.344058e-07
4.312587e-07
4.280904e-07
4.249037e-07
4.216962e-07
4.184705e-07
4.152242e-07
4.119602e-07
4.086758e-07
4.053740e-07
4.020521e-07
3.987132e-07
3.953543e-07
3.919789e-07
3.885838e-07
3.851726e-07
3.817418e-07
3.782953e-07
3.748296e-07
3.713485e-07
3.678484e-07
3.643333e-07
3.607995e-07
3.572512e-07
3.536843e-07
3.501034e-07
3.465041e-07
3.428912e-07
3.392603e-07
3.356161e-07
3.319541e-07
3.282793e-07
3.245869e-07
3.208823e-07
3.171602e-07
3.134264e-07
3.096752e-07
3.059130e-07
3.021335e-07
2.983435e-07
2.945363e-07
2.907193e-07
2.868852e-07
2.830418e-07
2.791815e-07
2.753125e-07
2.714267e-07
2.675328e-07
2.636222e-07
2.597042e-07
2.557695e-07
2.518282e-07
2.478701e-07
2.439064e-07
2.399258e-07
2.359405e-07
2.319384e-07
2.279328e-07
2.239107e-07
2.198870e-07
2.158479e-07
2.118105e-07
2.077612e-07
2.037211e-07
1.996787e-07
1.956639e-07
1.916741e-07
1.877597e-07
1.839454e-07
1.803337e-07
1.770280e-07
1.742677e-07
1.723743e-07
1.719557e-07
1.739304e-07
1.799024e-07
1.924199e-07
2.157874e-07
2.569902e-07
3.276653e-07
4.468689e-07
6.461599e-07
9.774168e-07
1.526339e-06
2.434040e-06
3.933370e-06
6.408016e-06
1.049080e-05
1.722476e-05
2.832983e-05
4.664111e-05
7.683269e-05
1.266088e-04
2.086679e-04
3.439336e-04
5.668721e-04
9.342209e-04
1.539290e-03
2.535285e-03
4.173074e-03
6.861622e-03
1.126273e-02
1.843439e-02
3.003396e-02
4.857126e-02
7.763425e-02
1.218600e-01
1.861939e-01
2.738982e-01
3.834492e-01
5.062662e-01
6.283316e-01
7.359582e-01
8.212833e-01
8.834038e-01
9.258804e-01
9.536937e-01
9.713926e-01
9.824512e-01
9.892821e-01
9.934717e-01
9.960301e-01
9.975884e-01
9.985358e-01
9.991114e-01
9.994608e-01
9.996728e-01
9.998015e-01
9.998795e-01
9.999269e-01
9.999556e-01
9.999730e-01
9.999836e-01
9.999900e-01
9.999938e-01
9.999962e-01
9.999976e-01
9.999985e-01
9.999990e-01
9.999993e-01
9.999995e-01
9.999996e-01
9.999997e-01
9.999997e-01
9.999997e-01
9.999997e-01
9.999997e-01
9.999997e-01
9.999997e-01
9.999997e-01
9.999997e-01
9.999997e-01
9.999997e-01
9.999997e-01
9.999997e-01
9.999997e-01
9.999997e-01
9.999997e-01
9.999997e-01
9.999997e-01
9.999997e-01
9.999997e-01
9.999996e-01
9.999996e-01
9.999996e-01
9.999996e-01
9.999996e-01
9.999996e-01
9.999996e-01
9.999996e-01
9.999996e-01
9.999996e-01
9.999996e-01
9.999996e-01
9.999996e-01
9.999996e-01
9.999996e-01
9.999995e-01
9.999995e-01
9.999995e-01
9.999995e-01
9.999995e-01
9.999995e-01
9.999995e-01
9.999995e-01
9.999995e-01
9.999995e-01
9.999995e-01
9.999995e-01
9.999995e-01
9.999995e-01
9.999995e-01
9.999994e-01
9.999994e-01
9.999994e-01
9.999994e-01
9.999994e-01
9.999994e-01
9.999994e-01
9.999994e-01
9.999994e-01
9.999994e-01
9.999994e-01
9.999994e-01
9.999994e-01
9.999994e-01
9.999994e-01
9.999994e-01
9.999993e-01
9.999993e-01
9.999993e-01
9.999993e-01
9.999993e-01
9.999993e-01
9.999993e-01
9.999993e-01
9.999993e-01
9.999993e-01
9.999993e-01
9.999993e-01
9.999993e-01
9.999993e-01
9.999993e-01
9.999993e-01
9.999993e-01
9.999992e-01
9.999992e-01
9.999992e-01
9.999992e-01
9.999992e-01
9.999992e-01
9.999992e-01
9.999992e-01
9.999992e-01
9.999992e-01
9.999992e-01
9.999992e-01
9.999992e-01
9.999992e-01
9.999992e-01
9.999992e-01
9.999992e-01
9.999992e-01
9.999992e-01
9.999991e-01
9.999991e-01
9.999991e-01
9.999991e-01
9.999991e-01
9.999991e-01
9.999991e-01
9.999991e-01
9.999991e-01
9.999991e-01
9.999991e-01
9.999991e-01
9.999991e-01
9.999991e-01
9.999991e-01
9.999991e-01
9.999991e-01
9.999991e-01
9.999991e-01
9.999991e-01
9.999990e-01
9.999990e-01
9.999990e-01
9.999990e-01
9.999990e-01
9.999990e-01
9.999990e-01
9.999990e-01
9.999990e-01
9.999990e-01
9.999990e-01
9.999990e-01
9.999990e-01
9.999990e-01
9.999990e-01
9.999990e-01
9.999990e-01
9.999990e-01
9.999990e-01
9.999990e-01
9.999990e-01
9.999990e-01
9.999990e-01
9.999989e-01
9.999989e-01
9.999989e-01
9.999989e-01
9.999989e-01
9.999989e-01
9.999989e-01
9.999989e-01
9.999989e-01
9.999989e-01
9.999989e-01
9.999989e-01
9.999989e-01
9.999989e-01
9.999989e-01
9.999989e-01
9.999989e-01
9.999989e-01
9.999989e-01
9.999989e-01
9.999989e-01
9.999989e-01
9.999989e-01
9.999989e-01
9.999989e-01
9.999989e-01
9.999989e-01
9.999989e-01
9.999989e-01
9.999989e-01
9.999988e-01
9.999988e-01
9.999988e-01
9.999988e-01
9.999988e-01
9.999988e-01
9.999988e-01
9.999988e-01
9.999988e-01
9.999988e-01
9.999988e-01
9.999988e-01
9.999988e-01
9.999988e-01
9.999988e-01
9.999988e-01
9.999988e-01
9.999988e-01
9.999988e-01
9.999988e-01
9.999988e-01
9.999988e-01
9.999988e-01
9.999988e-01
9.999988e-01
9.999988e-01
9.999988e-01
9.999988e-01
9.999988e-01
9.999988e-01
9.999988e-01
9.999988e-01
9.999988e-01
9.999988e-01
9.999988e-01
9.999988e-01
9.999988e-01
9.999988e-01
9.999988e-01
9.999988e-01
9.999988e-01
9.999988e-01
9.999988e-01
9.999988e-01
9.999988e-01
9.999988e-01
9.999988e-01
9.999988e-01
9.999988e-01
9.999988e-01
9.999988e-01
9.999988e-01
9.999988e-01
9.999987e-01
9.999987e-01
9.999987e-01
9.999987e-01
9.999987e-01
9.999987e-01
9.999987e-01
9.999987e-01
9.999987e-01
9.999987e-01
9.999987e-01
9.999987e-01
9.999987e-01
9.999987e-01
9.999987e-01
9.999987e-01
9.999987e-01
9.999987e-01
9.999987e-01
9.999987e-01
9.999987e-01
9.999987e-01
9.999987e-01
9.999987e-01
9.999987e-01
9.999987e-01
9.999987e-01
9.999987e-01
9.999987e-01
9.999987e-01
9.999987e-01
9.999987e-01
9.999987e-01
9.999987e-01
9.999987e-01
9.999987e-01
9.999987e-01
9.999987e-01
9.999987e-01
9.999987e-01
9.999987e-01
9.999987e-01
9.999987e-01
9.999987e-01
9.999987e-01
9.999988e-01
9.999988e-01
9.999988e-01
9.999988e-01
9.999988e-01
9.999988e-01
9.999988e-01
9.999988e-01
9.999988e-01
9.999988e-01
9.999988e-01
9.999988e-01
9.999988e-01
9.999988e-01
9.999988e-01
9.999988e-01
9.999988e-01
9.999988e-01
9.999988e-01
9.999988e-01
9.999988e-01
9.999988e-01
9.999988e-01
9.999988e-01
9.999988e-01
9.999988e-01
9.999988e-01
9.999988e-01
9.999988e-01
9.999988e-01
9.999988e-01
9.999988e-01
9.999988e-01
9.999988e-01
9.999988e-01
9.999988e-01
9.999988e-01
9.999988e-01
9.999988e-01
9.999988e-01
9.999988e-01
9.999988e-01
9.999988e-01
9.999988e-01
9.999988e-01
9.999988e-01
9.999988e-01
9.999988e-01
9.999988e-01
9.999988e-01
9.999988e-01
9.999988e-01
9.999988e-01
9.999989e-01
9.999989e-01
9.999989e-01
9.999989e-01
9.999989e-01
9.999989e-01
9.999989e-01
9.999989e-01
9.999989e-01
9.999989e-01
9.999989e-01
9.999989e-01
9.999989e-01
9.999989e-01
9.999989e-01
9.999989e-01
9.999989e-01
9.999989e-01
9.999989e-01
9.999989e-01
9.999989e-01
9.999989e-01
9.999989e-01
9.999989e-01
9.999989e-01
9.999989e-01
9.999989e-01
9.999989e-01
9.999989e-01
9.999989e-01
9.999990e-01
9.999990e-01
9.999990e-01
9.999990e-01
9.999990e-01
9.999990e-01
9.999990e-01
9.999990e-01
9.999990e-01
9.999990e-01
9.999990e-01
9.999990e-01
9.999990e-01
9.999990e-01
9.999990e-01
9.999990e-01
9.999990e-01
9.999990e-01
9.999990e-01
9.999990e-01
9.999990e-01
9.999990e-01
9.999990e-01
9.999991e-01
9.999991e-01
9.999991e-01
9.999991e-01
9.999991e-01
9.999991e-01
9.999991e-01
9.999991e-01
9.999991e-01
9.999991e-01
9.999991e-01
9.999991e-01
9.999991e-01
9.999991e-01
9.999991e-01
9.999991e-01
9.999991e-01
9.999991e-01
9.999991e-01
9.999991e-01
9.999992e-01
9.999992e-01
9.999992e-01
9.999992e-01
9.999992e-01
9.999992e-01
9.999992e-01
9.999992e-01
9.999992e-01
9.999992e-01
9.999992e-01
9.999992e-01
9.999992e-01
9.999992e-01
9.999992e-01
9.999992e-01
9.999992e-01
9.999992e-01
9.999992e-01
9.999993e-01
9.999993e-01
9.999993e-01
9.999993e-01
9.999993e-01
9.999993e-01
9.999993e-01
9.999993e-01
9.999993e-01
9.999993e-01
9.999993e-01
9.999993e-01
9.999993e-01
9.999993e-01
9.999993e-01
9.999993e-01
9.999993e-01
9.999994e-01
9.999994e-01
9.999994e-01
9.999994e-01
9.999994e-01
9.999994e-01
9.999994e-01
9.999994e-01
9.999994e-01
9.999994e-01
9.999994e-01
9.999994e-01
9.999994e-01
9.999994e-01
9.999994e-01
9.999994e-01
9.999995e-01
9.999995e-01
9.999995e-01
9.999995e-01
9.999995e-01
9.999995e-01
9.999995e-01
9.999995e-01
9.999995e-01
9.999995e-01
9.999995e-01
9.999995e-01
9.999995e-01
9.999995e-01
9.999995e-01
9.999996e-01
9.999996e-01
9.999996e-01
9.999996e-01
9.999996e-01
9.999996e-01
9.999996e-01
9.999996e-01
9.999996e-01
9.999996e-01
9.999996e-01
9.999996e-01
9.999996e-01
9.999996e-01
9.999996e-01
9.999997e-01
9.999997e-01
9.999997e-01
9.999997e-01
9.999997e-01
9.999997e-01
9.999997e-01
9.999997e-01
9.999997e-01
9.999997e-01
9.999997e-01
9.999997e-01
9.999997e-01
9.999997e-01
9.999997e-01
9.999997e-01
9.999997e-01
9.999997e-01
9.999997e-01
9.999997e-01
9.999996e-01
9.999995e-01
9.999993e-01
9.999990e-01
9.999985e-01
9.999976e-01
9.999962e-01
9.999938e-01
9.999900e-01
9.999836e-01
9.999730e-01
9.999556e-01
9.999269e-01
9.998795e-01
9.998015e-01
9.996728e-01
9.994608e-01
9.991114e-01
9.985358e-01
9.975884e-01
9.960301e-01
9.934717e-01
9.892821e-01
9.824512e-01
9.713926e-01
9.536937e-01
9.258804e-01
8.834038e-01
8.212833e-01
7.359582e-01
6.283316e-01
5.062662e-01
3.834492e-01
2.738982e-01
1.861939e-01
1.218600e-01
7.763425e-02
4.857126e-02
3.003396e-02
1.843439e-02
1.126273e-02
6.861622e-03
4.173074e-03
2.535285e-03
1.539290e-03
9.342209e-04
5.668721e-04
3.439336e-04
2.086679e-04
1.266088e-04
7.683269e-05
4.664111e-05
2.832983e-05
1.722476e-05
1.049080e-05
6.408016e-06
3.933370e-06
2.434040e-06
1.526339e-06
9.774168e-07
6.461600e-07
4.468690e-07
3.276654e-07
2.569902e-07
2.157874e-07
1.924200e-07
1.799025e-07
1.739304e-07
1.719557e-07
1.723743e-07
1.742678e-07
1.770280e-07
1.803338e-07
1.839455e-07
1.877597e-07
1.916742e-07
1.956639e-07
1.996787e-07
2.037211e-07
2.077612e-07
2.118106e-07
2.158479e-07
2.198870e-07
2.239107e-07
2.279328e-07
2.319384e-07
2.359405e-07
2.399258e-07
2.439064e-07
2.478702e-07
2.518283e-07
2.557696e-07
2.597043e-07
2.636223e-07
2.675329e-07
2.714267e-07
2.753126e-07
2.791816e-07
2.830419e-07
2.868853e-07
2.907193e-07
2.945364e-07
2.983435e-07
3.021336e-07
3.059130e-07
3.096753e-07
3.134265e-07
3.171603e-07
3.208824e-07
3.245870e-07
3.282794e-07
3.319541e-07
3.356162e-07
3.392603e-07
3.428913e-07
3.465042e-07
3.501035e-07
3.536844e-07
3.572513e-07
3.607996e-07
3.643334e-07
3.678484e-07
3.713485e-07
3.748296e-07
3.782954e-07
3.817419e-07
3.851726e-07
3.885839e-07
3.919790e-07
3.953544e-07
3.987132e-07
4.020521e-07
4.053741e-07
4.086758e-07
4.119602e-07
4.152242e-07
4.184706e-07
4.216962e-07
4.249038e-07
4.280905e-07
4.312587e-07
4.344058e-07
4.375342e-07
4.406412e-07
4.437290e-07
4.467953e-07
4.498421e-07
4.528670e-07
4.558722e-07
4.588552e-07
4.618182e-07
4.647589e-07
4.676791e-07
4.705768e-07
4.734537e-07
4.763078e-07
4.791410e-07
4.819511e-07
4.847399e-07
4.875054e-07
4.902493e-07
4.929697e-07
4.956683e-07
4.983431e-07
5.009957e-07
5.036244e-07
5.062307e-07
5.088128e-07
5.113723e-07
5.139073e-07
5.164194e-07
5.189069e-07
5.213712e-07
5.238106e-07
5.262267e-07
5.286177e-07
5.309850e-07
5.333271e-07
5.356453e-07
5.379380e-07
5.402066e-07
5.424495e-07
5.446681e-07
5.468608e-07
5.490290e-07
5.511711e-07
5.532884e-07
5.553795e-07
5.574456e-07
5.594853e-07
5.614998e-07
5.634878e-07
5.654503e-07
5.673861e-07
5.692962e-07
5.711795e-07
5.730370e-07
5.748674e-07
5.766718e-07
5.784490e-07
5.802000e-07
5.819236e-07
5.836210e-07
5.852907e-07
5.869340e-07
5.885496e-07
5.901386e-07
5.916997e-07
5.932340e-07
5.947404e-07
5.962198e-07
5.976711e-07
5.990953e-07
6.004913e-07
6.018601e-07
6.032005e-07
6.045135e-07
6.057981e-07
6.070552e-07
6.082837e-07
6.094846e-07
6.106568e-07
6.118013e-07
6.129169e-07
6.140048e-07
6.150637e-07
6.160948e-07
6.170968e-07
6.180708e-07
6.190157e-07
6.199325e-07
6.208201e-07
6.216795e-07
6.225097e-07
6.233115e-07
6.240841e-07
6.248283e-07
6.255431e-07
6.262294e-07
6.268864e-07
6.275148e-07
6.281137e-07
6.286840e-07
6.292248e-07
6.297369e-07
6.302195e-07
6.306734e-07
6.310976e-07
6.314931e-07
6.318590e-07
6.321961e-07
6.325034e-07
6.327820e-07
6.330309e-07
6.332510e-07
6.334413e-07
6.336027e-07
6.337344e-07
6.338373e-07
6.339103e-07
6.339545e-07
