3.644115e-07
3.644033e-07
3.643780e-07
3.643363e-07
3.642774e-07
3.642022e-07
3.641097e-07
3.640010e-07
3.638751e-07
3.637329e-07
3.635735e-07
3.633978e-07
3.632050e-07
3.629959e-07
3.627696e-07
3.625272e-07
3.622675e-07
3.619917e-07
3.616988e-07
3.613896e-07
3.610634e-07
3.607211e-07
3.603616e-07
3.599861e-07
3.595936e-07
3.591849e-07
3.587593e-07
3.583177e-07
3.578590e-07
3.573844e-07
3.568929e-07
3.563855e-07
3.558611e-07
3.553209e-07
3.547639e-07
3.541910e-07
3.536014e-07
3.529959e-07
3.523738e-07
3.517359e-07
3.510814e-07
3.504112e-07
3.497244e-07
3.490220e-07
3.483031e-07
3.475686e-07
3.468177e-07
3.460513e-07
3.452685e-07
3.444703e-07
3.436558e-07
3.428260e-07
3.419799e-07
3.411186e-07
3.402411e-07
3.393485e-07
3.384397e-07
3.375160e-07
3.365761e-07
3.356214e-07
3.346507e-07
3.336651e-07
3.326636e-07
3.316475e-07
3.306155e-07
3.295689e-07
3.285065e-07
3.274297e-07
3.263372e-07
3.252303e-07
3.241078e-07
3.229711e-07
3.218189e-07
3.206526e-07
3.194709e-07
3.182751e-07
3.170641e-07
3.158392e-07
3.145991e-07
3.133452e-07
3.120762e-07
3.107936e-07
3.094961e-07
3.081850e-07
3.068591e-07
3.055197e-07
3.041657e-07
3.027984e-07
3.014164e-07
3.000214e-07
2.986118e-07
2.971893e-07
2.957524e-07
2.943027e-07
2.928386e-07
2.913620e-07
2.898711e-07
2.883678e-07
2.868504e-07
2.853207e-07
2.837771e-07
2.822213e-07
2.806516e-07
2.790701e-07
2.774747e-07
2.758676e-07
2.742469e-07
2.726146e-07
2.709688e-07
2.693115e-07
2.676409e-07
2.659591e-07
2.642640e-07
2.625579e-07
2.608387e-07
2.591086e-07
2.573655e-07
2.556118e-07
2.538451e-07
2.520681e-07
2.502783e-07
2.484783e-07
2.466656e-07
2.448429e-07
2.430077e-07
2.411627e-07
2.393053e-07
2.374384e-07
2.355591e-07
2.336705e-07
2.317698e-07
2.298600e-07
2.279380e-07
2.260073e-07
2.240646e-07
2.221133e-07
2.201502e-07
2.181787e-07
2.161955e-07
2.142043e-07
2.122013e-07
2.101906e-07
2.081683e-07
2.061386e-07
2.040973e-07
2.020489e-07
1.999890e-07
1.979223e-07
1.958442e-07
1.937596e-07
1.916637e-07
1.895616e-07
1.874482e-07
1.853289e-07
1.831985e-07
1.810625e-07
1.789154e-07
1.767631e-07
1.745997e-07
1.724315e-07
1.702522e-07
1.680686e-07
1.658737e-07
1.636750e-07
1.614650e-07
1.592517e-07
1.570270e-07
1.547995e-07
1.525604e-07
1.503191e-07
1.480662e-07
1.458116e-07
1.435451e-07
1.412778e-07
1.389983e-07
1.367188e-07
1.344271e-07
1.321364e-07
1.298336e-07
1.275335e-07
1.252223e-07
1.229170e-07
1.206038e-07
1.183039e-07
1.160055e-07
1.137387e-07
1.115006e-07
1.093415e-07
1.072863e-07
1.054371e-07
1.038972e-07
1.029062e-07
1.027853e-07
1.041424e-07
1.078958e-07
1.156496e-07
1.299516e-07
1.551062e-07
1.980987e-07
2.705657e-07
3.915629e-07
5.926488e-07
9.257007e-07
1.476417e-06
2.385908e-06
3.887021e-06
6.363436e-06
1.044796e-05
1.718363e-05
2.829034e-05
4.660313e-05
7.679605e-05
1.265732e-04
2.086328e-04
3.438982e-04
5.668349e-04
9.341798e-04
1.539242e-03
2.535223e-03
4.172988e-03
6.861496e-03
1.126254e-02
1.843409e-02
3.003349e-02
4.857052e-02
7.763312e-02
1.218583e-01
1.861915e-01
2.738951e-01
3.834455e-01
5.062624e-01
6.283280e-01
7.359552e-01
8.212810e-01
8.834022e-01
9.258794e-01
9.536931e-01
9.713922e-01
9.824509e-01
9.892819e-01
9.934716e-01
9.960301e-01
9.975883e-01
9.985358e-01
9.991114e-01
9.994608e-01
9.996729e-01
9.998015e-01
9.998796e-01
9.999269e-01
9.999556e-01
9.999730e-01
9.999836e-01
9.999900e-01
9.999939e-01
9.999962e-01
9.999977e-01
9.999985e-01
9.999991e-01
9.999994e-01
9.999996e-01
9.999997e-01
9.999997e-01
9.999998e-01
9.999998e-01
9.999998e-01
9.999998e-01
9.999998e-01
9.999998e-01
9.999998e-01
9.999998e-01
9.999998e-01
9.999998e-01
9.999998e-01
9.999998e-01
9.999998e-01
9.999998e-01
9.999998e-01
9.999998e-01
9.999998e-01
9.999998e-01
9.999998e-01
9.999998e-01
9.999998e-01
9.999997e-01
9.999997e-01
9.999997e-01
9.999997e-01
9.999997e-01
9.999997e-01
9.999997e-01
9.999997e-01
9.999997e-01
9.999997e-01
9.999997e-01
9.999997e-01
9.999997e-01
9.999997e-01
9.999997e-01
9.999997e-01
9.999997e-01
9.999997e-01
9.999997e-01
9.999997e-01
9.999997e-01
9.999997e-01
9.999996e-01
9.999996e-01
9.999996e-01
9.999996e-01
9.999996e-01
9.999996e-01
9.999996e-01
9.999996e-01
9.999996e-01
9.999996e-01
9.999996e-01
9.999996e-01
9.999996e-01
9.999996e-01
9.999996e-01
9.999996e-01
9.999996e-01
9.999996e-01
9.999996e-01
9.999996e-01
9.999996e-01
9.999996e-01
9.999996e-01
9.999995e-01
9.999995e-01
9.999995e-01
9.999995e-01
9.999995e-01
9.999995e-01
9.999995e-01
9.999995e-01
9.999995e-01
9.999995e-01
9.999995e-01
9.999995e-01
9.999995e-01
9.999995e-01
9.999995e-01
9.999995e-01
9.999995e-01
9.999995e-01
9.999995e-01
9.999995e-01
9.999995e-01
9.999995e-01
9.999995e-01
9.999995e-01
9.999995e-01
9.999994e-01
9.999994e-01
9.999994e-01
9.999994e-01
9.999994e-01
9.999994e-01
9.999994e-01
9.999994e-01
9.999994e-01
9.999994e-01
9.999994e-01
9.999994e-01
9.999994e-01
9.999994e-01
9.999994e-01
9.999994e-01
9.999994e-01
9.999994e-01
9.999994e-01
9.999994e-01
9.999994e-01
9.999994e-01
9.999994e-01
9.999994e-01
9.999994e-01
9.999994e-01
9.999994e-01
9.999994e-01
9.999994e-01
9.999993e-01
9.999993e-01
9.999993e-01
9.999993e-01
9.999993e-01
9.999993e-01
9.999993e-01
9.999993e-01
9.999993e-01
9.999993e-01
9.999993e-01
9.999993e-01
9.999993e-01
9.999993e-01
9.999993e-01
9.999993e-01
9.999993e-01
9.999993e-01
9.999993e-01
9.999993e-01
9.999993e-01
9.999993e-01
9.999993e-01
9.999993e-01
9.999993e-01
9.999993e-01
9.999993e-01
9.999993e-01
9.999993e-01
9.999993e-01
9.999993e-01
9.999993e-01
9.999993e-01
9.999993e-01
9.999993e-01
9.999992e-01
9.999992e-01
9.999992e-01
9.999992e-01
9.999992e-01
9.999992e-01
9.999992e-01
9.999992e-01
9.999992e-01
9.999992e-01
9.999992e-01
9.999992e-01
9.999992e-01
9.999992e-01
9.999992e-01
9.999992e-01
9.999992e-01
9.999992e-01
9.999992e-01
9.999992e-01
9.999992e-01
9.999992e-01
9.999992e-01
9.999992e-01
9.999992e-01
9.999992e-01
9.999992e-01
9.999992e-01
9.999992e-01
9.999992e-01
9.999992e-01
9.999992e-01
9.999992e-01
9.999992e-01
9.999992e-01
9.999992e-01
9.999992e-01
9.999992e-01
9.999992e-01
9.999992e-01
9.999992e-01
9.999992e-01
9.999992e-01
9.999992e-01
9.999992e-01
9.999992e-01
9.999992e-01
9.999992e-01
9.999992e-01
9.999992e-01
9.999992e-01
9.999992e-01
9.999992e-01
9.999992e-01
9.999992e-01
9.999992e-01
9.999992e-01
9.999992e-01
9.999992e-01
9.999991e-01
9.999991e-01
9.999991e-01
9.999991e-01
9.999991e-01
9.999991e-01
9.999991e-01
9.999991e-01
9.999991e-01
9.999991e-01
9.999991e-01
9.999991e-01
9.999991e-01
9.999991e-01
9.999991e-01
9.999991e-01
9.999991e-01
9.999991e-01
9.999991e-01
9.999991e-01
9.999991e-01
9.999991e-01
9.999991e-01
9.999991e-01
9.999991e-01
9.999991e-01
9.999991e-01
9.999991e-01
9.999991e-01
9.999991e-01
9.999991e-01
9.999991e-01
9.999991e-01
9.999991e-01
9.999991e-01
9.999991e-01
9.999991e-01
9.999991e-01
9.999991e-01
9.999991e-01
9.999991e-01
9.999991e-01
9.999991e-01
9.999991e-01
9.999991e-01
9.999991e-01
9.999991e-01
9.999991e-01
9.999991e-01
9.999991e-01
9.999991e-01
9.999991e-01
9.999991e-01
9.999991e-01
9.999991e-01
9.999991e-01
9.999991e-01
9.999991e-01
9.999991e-01
9.999991e-01
9.999991e-01
9.999991e-01
9.999991e-01
9.999991e-01
9.999991e-01
9.999991e-01
9.999991e-01
9.999991e-01
9.999991e-01
9.999991e-01
9.999991e-01
9.999992e-01
9.999992e-01
9.999992e-01
9.999992e-01
9.999992e-01
9.999992e-01
9.999992e-01
9.999992e-01
9.999992e-01
9.999992e-01
9.999992e-01
9.999992e-01
9.999992e-01
9.999992e-01
9.999992e-01
9.999992e-01
9.999992e-01
9.999992e-01
9.999992e-01
9.999992e-01
9.999992e-01
9.999992e-01
9.999992e-01
9.999992e-01
9.999992e-01
9.999992e-01
9.999992e-01
9.999992e-01
9.999992e-01
9.999992e-01
9.999992e-01
9.999992e-01
9.999992e-01
9.999992e-01
9.999992e-01
9.999992e-01
9.999992e-01
9.999992e-01
9.999992e-01
9.999992e-01
9.999992e-01
9.999992e-01
9.999992e-01
9.999992e-01
9.999992e-01
9.999992e-01
9.999992e-01
9.999992e-01
9.999992e-01
9.999992e-01
9.999992e-01
9.999992e-01
9.999992e-01
9.999992e-01
9.999992e-01
9.999992e-01
9.999992e-01
9.999992e-01
9.999992e-01
9.999993e-01
9.999993e-01
9.999993e-01
9.999993e-01
9.999993e-01
9.999993e-01
9.999993e-01
9.999993e-01
9.999993e-01
9.999993e-01
9.999993e-01
9.999993e-01
9.999993e-01
9.999993e-01
9.999993e-01
9.999993e-01
9.999993e-01
9.999993e-01
9.999993e-01
9.999993e-01
9.999993e-01
9.999993e-01
9.999993e-01
9.999993e-01
9.999993e-01
9.999993e-01
9.999993e-01
9.999993e-01
9.999993e-01
9.999993e-01
9.999993e-01
9.999993e-01
9.999993e-01
9.999993e-01
9.999993e-01
9.999994e-01
9.999994e-01
9.999994e-01
9.999994e-01
9.999994e-01
9.999994e-01
9.999994e-01
9.999994e-01
9.999994e-01
9.999994e-01
9.999994e-01
9.999994e-01
9.999994e-01
9.999994e-01
9.999994e-01
9.999994e-01
9.999994e-01
9.999994e-01
9.999994e-01
9.999994e-01
9.999994e-01
9.999994e-01
9.999994e-01
9.999994e-01
9.999994e-01
9.999994e-01
9.999994e-01
9.999994e-01
9.999994e-01
9.999995e-01
9.999995e-01
9.999995e-01
9.999995e-01
9.999995e-01
9.999995e-01
9.999995e-01
9.999995e-01
9.999995e-01
9.999995e-01
9.999995e-01
9.999995e-01
9.999995e-01
9.999995e-01
9.999995e-01
9.999995e-01
9.999995e-01
9.999995e-01
9.999995e-01
9.999995e-01
9.999995e-01
9.999995e-01
9.999995e-01
9.999995e-01
9.999995e-01
9.999996e-01
9.999996e-01
9.999996e-01
9.999996e-01
9.999996e-01
9.999996e-01
9.999996e-01
9.999996e-01
9.999996e-01
9.999996e-01
9.999996e-01
9.999996e-01
9.999996e-01
9.999996e-01
9.999996e-01
9.999996e-01
9.999996e-01
9.999996e-01
9.999996e-01
9.999996e-01
9.999996e-01
9.999996e-01
9.999996e-01
9.999997e-01
9.999997e-01
9.999997e-01
9.999997e-01
9.999997e-01
9.999997e-01
9.999997e-01
9.999997e-01
9.999997e-01
9.999997e-01
9.999997e-01
9.999997e-01
9.999997e-01
9.999997e-01
9.999997e-01
9.999997e-01
9.999997e-01
9.999997e-01
9.999997e-01
9.999997e-01
9.999997e-01
9.999997e-01
9.999998e-01
9.999998e-01
9.999998e-01
9.999998e-01
9.999998e-01
9.999998e-01
9.999998e-01
9.999998e-01
9.999998e-01
9.999998e-01
9.999998e-01
9.999998e-01
9.999998e-01
9.999998e-01
9.999998e-01
9.999998e-01
9.999998e-01
9.999998e-01
9.999998e-01
9.999998e-01
9.999998e-01
9.999997e-01
9.999997e-01
9.999996e-01
9.999994e-01
9.999991e-01
9.999985e-01
9.999977e-01
9.999962e-01
9.999939e-01
9.999900e-01
9.999836e-01
9.999730e-01
9.999556e-01
9.999269e-01
9.998796e-01
9.998015e-01
9.996729e-01
9.994608e-01
9.991114e-01
9.985358e-01
9.975883e-01
9.960301e-01
9.934716e-01
9.892819e-01
9.824509e-01
9.713922e-01
9.536931e-01
9.258794e-01
8.834022e-01
8.212810e-01
7.359552e-01
6.283280e-01
5.062624e-01
3.834455e-01
2.738951e-01
1.861915e-01
1.218583e-01
7.763312e-02
4.857052e-02
3.003349e-02
1.843409e-02
1.126254e-02
6.861496e-03
4.172988e-03
2.535223e-03
1.539242e-03
9.341798e-04
5.668349e-04
3.438982e-04
2.086328e-04
1.265732e-04
7.679605e-05
4.660313e-05
2.829034e-05
1.718363e-05
1.044796e-05
6.363436e-06
3.887021e-06
2.385908e-06
1.476417e-06
9.257008e-07
5.926488e-07
3.915630e-07
2.705657e-07
1.980987e-07
1.551062e-07
1.299516e-07
1.156496e-07
1.078959e-07
1.041424e-07
1.027853e-07
1.029063e-07
1.038972e-07
1.054371e-07
1.072863e-07
1.093416e-07
1.115007e-07
1.137387e-07
1.160056e-07
1.183039e-07
1.206038e-07
1.229171e-07
1.252224e-07
1.275336e-07
1.298337e-07
1.321365e-07
1.344272e-07
1.367189e-07
1.389984e-07
1.412778e-07
1.435452e-07
1.458116e-07
1.480662e-07
1.503192e-07
1.525605e-07
1.547995e-07
1.570270e-07
1.592518e-07
1.614651e-07
1.636751e-07
1.658737e-07
1.680686e-07
1.702522e-07
1.724316e-07
1.745997e-07
1.767632e-07
1.789154e-07
1.810626e-07
1.831985e-07
1.853290e-07
1.874482e-07
1.895616e-07
1.916637e-07
1.937597e-07
1.958443e-07
1.979224e-07
1.999891e-07
2.020490e-07
2.040974e-07
2.061386e-07
2.081684e-07
2.101907e-07
2.122014e-07
2.142043e-07
2.161956e-07
2.181788e-07
2.201502e-07
2.221134e-07
2.240647e-07
2.260074e-07
2.279381e-07
2.298600e-07
2.317698e-07
2.336706e-07
2.355591e-07
2.374384e-07
2.393053e-07
2.411628e-07
2.430077e-07
2.448430e-07
2.466656e-07
2.484783e-07
2.502783e-07
2.520681e-07
2.538452e-07
2.556118e-07
2.573655e-07
2.591086e-07
2.608387e-07
2.625579e-07
2.642640e-07
2.659591e-07
2.676409e-07
2.693116e-07
2.709688e-07
2.726146e-07
2.742469e-07
2.758676e-07
2.774747e-07
2.790701e-07
2.806517e-07
2.822213e-07
2.837771e-07
2.853208e-07
2.868504e-07
2.883678e-07
2.898711e-07
2.913620e-07
2.928386e-07
2.943027e-07
2.957524e-07
2.971893e-07
2.986118e-07
3.000214e-07
3.014164e-07
3.027984e-07
3.041657e-07
3.055197e-07
3.068591e-07
3.081850e-07
3.094961e-07
3.107936e-07
3.120762e-07
3.133452e-07
3.145991e-07
3.158392e-07
3.170641e-07
3.182751e-07
3.194709e-07
3.206526e-07
3.218189e-07
3.229711e-07
3.241078e-07
3.252303e-07
3.263371e-07
3.274297e-07
3.285065e-07
3.295689e-07
3.306155e-07
3.316475e-07
3.326636e-07
3.336651e-07
3.346507e-07
3.356214e-07
3.365761e-07
3.375160e-07
3.384397e-07
3.393485e-07
3.402411e-07
3.411186e-07
3.419799e-07
3.428260e-07
3.436558e-07
3.444703e-07
3.452685e-07
3.460513e-07
3.468177e-07
3.475686e-07
3.483031e-07
3.490220e-07
3.497244e-07
3.504112e-07
3.510814e-07
3.517359e-07
3.523738e-07
3.529960e-07
3.536014e-07
3.541910e-07
3.547639e-07
3.553209e-07
3.558611e-07
3.563855e-07
3.568929e-07
3.573845e-07
3.578590e-07
3.583177e-07
3.587593e-07
3.591849e-07
3.595936e-07
3.599861e-07
3.603617e-07
3.607211e-07
3.610634e-07
3.613897e-07
3.616988e-07
3.619917e-07
3.622675e-07
3.625272e-07
3.627696e-07
3.629959e-07
3.632050e-07
3.633978e-07
3.635735e-07
3.637329e-07
3.638751e-07
3.640010e-07
3.641097e-07
3.642022e-07
3.642774e-07
3.643363e-07
3.643780e-07
3.644033e-07
