4.381361e-07
4.381263e-07
4.380957e-07
4.380455e-07
4.379746e-07
4.378839e-07
4.377727e-07
4.376417e-07
4.374900e-07
4.373187e-07
4.371267e-07
4.369151e-07
4.366829e-07
4.364310e-07
4.361585e-07
4.358663e-07
4.355537e-07
4.352214e-07
4.348686e-07
4.344962e-07
4.341033e-07
4.336908e-07
4.332580e-07
4.328056e-07
4.323328e-07
4.318405e-07
4.313279e-07
4.307959e-07
4.302435e-07
4.296718e-07
4.290798e-07
4.284685e-07
4.278370e-07
4.271862e-07
4.265153e-07
4.258252e-07
4.251150e-07
4.243857e-07
4.236364e-07
4.228680e-07
4.220797e-07
4.212724e-07
4.204451e-07
4.195991e-07
4.187331e-07
4.178484e-07
4.169440e-07
4.160208e-07
4.150779e-07
4.141165e-07
4.131354e-07
4.121359e-07
4.111168e-07
4.100793e-07
4.090224e-07
4.079472e-07
4.068527e-07
4.057400e-07
4.046080e-07
4.034580e-07
4.022888e-07
4.011016e-07
3.998954e-07
3.986714e-07
3.974284e-07
3.961677e-07
3.948882e-07
3.935911e-07
3.922753e-07
3.909420e-07
3.895901e-07
3.882209e-07
3.868331e-07
3.854283e-07
3.840050e-07
3.825647e-07
3.811061e-07
3.796307e-07
3.781371e-07
3.766268e-07
3.750984e-07
3.735535e-07
3.719907e-07
3.704115e-07
3.688146e-07
3.672014e-07
3.655705e-07
3.639236e-07
3.622592e-07
3.605789e-07
3.588812e-07
3.571678e-07
3.554372e-07
3.536911e-07
3.519278e-07
3.501493e-07
3.483537e-07
3.465430e-07
3.447155e-07
3.428730e-07
3.410139e-07
3.391400e-07
3.372496e-07
3.353447e-07
3.334233e-07
3.314876e-07
3.295357e-07
3.275697e-07
3.255876e-07
3.235915e-07
3.215796e-07
3.195539e-07
3.175125e-07
3.154576e-07
3.133871e-07
3.113033e-07
3.092041e-07
3.070919e-07
3.049643e-07
3.028240e-07
3.006686e-07
2.985006e-07
2.963176e-07
2.941224e-07
2.919123e-07
2.896901e-07
2.874533e-07
2.852048e-07
2.829417e-07
2.806671e-07
2.783781e-07
2.760779e-07
2.737635e-07
2.714381e-07
2.690987e-07
2.667486e-07
2.643846e-07
2.620102e-07
2.596220e-07
2.572237e-07
2.548118e-07
2.523902e-07
2.499550e-07
2.475104e-07
2.450524e-07
2.425853e-07
2.401049e-07
2.376159e-07
2.351136e-07
2.326029e-07
2.300792e-07
2.275475e-07
2.250027e-07
2.224504e-07
2.198851e-07
2.173127e-07
2.147273e-07
2.121353e-07
2.095303e-07
2.069191e-07
2.042951e-07
2.016653e-07
1.990226e-07
1.963746e-07
1.937137e-07
1.910481e-07
1.883696e-07
1.856869e-07
1.829912e-07
1.802918e-07
1.775794e-07
1.748640e-07
1.721355e-07
1.694046e-07
1.666605e-07
1.639149e-07
1.611559e-07
1.583967e-07
1.556242e-07
1.528533e-07
1.500700e-07
1.472915e-07
1.445040e-07
1.417286e-07
1.389538e-07
1.362094e-07
1.334928e-07
1.308541e-07
1.283183e-07
1.259875e-07
1.239652e-07
1.224909e-07
1.218857e-07
1.227576e-07
1.260251e-07
1.332920e-07
1.471065e-07
1.717729e-07
2.142764e-07
2.862539e-07
4.067612e-07
6.073567e-07
9.399185e-07
1.490145e-06
2.399147e-06
3.899774e-06
6.375707e-06
1.045976e-05
1.719497e-05
2.830123e-05
4.661363e-05
7.680620e-05
1.265831e-04
2.086426e-04
3.439082e-04
5.668456e-04
9.341918e-04
1.539256e-03
2.535242e-03
4.173014e-03
6.861535e-03
1.126260e-02
1.843418e-02
3.003364e-02
4.857076e-02
7.763348e-02
1.218588e-01
1.861923e-01
2.738961e-01
3.834467e-01
5.062636e-01
6.283292e-01
7.359562e-01
8.212817e-01
8.834027e-01
9.258797e-01
9.536933e-01
9.713923e-01
9.824510e-01
9.892820e-01
9.934716e-01
9.960301e-01
9.975883e-01
9.985358e-01
9.991114e-01
9.994608e-01
9.996729e-01
9.998015e-01
9.998796e-01
9.999269e-01
9.999556e-01
9.999730e-01
9.999836e-01
9.999900e-01
9.999939e-01
9.999962e-01
9.999977e-01
9.999985e-01
9.999990e-01
9.999994e-01
9.999995e-01
9.999997e-01
9.999997e-01
9.999998e-01
9.999998e-01
9.999998e-01
9.999998e-01
9.999998e-01
9.999998e-01
9.999998e-01
9.999998e-01
9.999998e-01
9.999998e-01
9.999998e-01
9.999998e-01
9.999998e-01
9.999998e-01
9.999997e-01
9.999997e-01
9.999997e-01
9.999997e-01
9.999997e-01
9.999997e-01
9.999997e-01
9.999997e-01
9.999997e-01
9.999997e-01
9.999997e-01
9.999997e-01
9.999997e-01
9.999997e-01
9.999997e-01
9.999997e-01
9.999997e-01
9.999997e-01
9.999997e-01
9.999997e-01
9.999996e-01
9.999996e-01
9.999996e-01
9.999996e-01
9.999996e-01
9.999996e-01
9.999996e-01
9.999996e-01
9.999996e-01
9.999996e-01
9.999996e-01
9.999996e-01
9.999996e-01
9.999996e-01
9.999996e-01
9.999996e-01
9.999996e-01
9.999996e-01
9.999996e-01
9.999995e-01
9.999995e-01
9.999995e-01
9.999995e-01
9.999995e-01
9.999995e-01
9.999995e-01
9.999995e-01
9.999995e-01
9.999995e-01
9.999995e-01
9.999995e-01
9.999995e-01
9.999995e-01
9.999995e-01
9.999995e-01
9.999995e-01
9.999995e-01
9.999995e-01
9.999995e-01
9.999995e-01
9.999995e-01
9.999994e-01
9.999994e-01
9.999994e-01
9.999994e-01
9.999994e-01
9.999994e-01
9.999994e-01
9.999994e-01
9.999994e-01
9.999994e-01
9.999994e-01
9.999994e-01
9.999994e-01
9.999994e-01
9.999994e-01
9.999994e-01
9.999994e-01
9.999994e-01
9.999994e-01
9.999994e-01
9.999994e-01
9.999994e-01
9.999994e-01
9.999993e-01
9.999993e-01
9.999993e-01
9.999993e-01
9.999993e-01
9.999993e-01
9.999993e-01
9.999993e-01
9.999993e-01
9.999993e-01
9.999993e-01
9.999993e-01
9.999993e-01
9.999993e-01
9.999993e-01
9.999993e-01
9.999993e-01
9.999993e-01
9.999993e-01
9.999993e-01
9.999993e-01
9.999993e-01
9.999993e-01
9.999993e-01
9.999993e-01
9.999993e-01
9.999992e-01
9.999992e-01
9.999992e-01
9.999992e-01
9.999992e-01
9.999992e-01
9.999992e-01
9.999992e-01
9.999992e-01
9.999992e-01
9.999992e-01
9.999992e-01
9.999992e-01
9.999992e-01
9.999992e-01
9.999992e-01
9.999992e-01
9.999992e-01
9.999992e-01
9.999992e-01
9.999992e-01
9.999992e-01
9.999992e-01
9.999992e-01
9.999992e-01
9.999992e-01
9.999992e-01
9.999992e-01
9.999992e-01
9.999992e-01
9.999992e-01
9.999992e-01
9.999991e-01
9.999991e-01
9.999991e-01
9.999991e-01
9.999991e-01
9.999991e-01
9.999991e-01
9.999991e-01
9.999991e-01
9.999991e-01
9.999991e-01
9.999991e-01
9.999991e-01
9.999991e-01
9.999991e-01
9.999991e-01
9.999991e-01
9.999991e-01
9.999991e-01
9.999991e-01
9.999991e-01
9.999991e-01
9.999991e-01
9.999991e-01
9.999991e-01
9.999991e-01
9.999991e-01
9.999991e-01
9.999991e-01
9.999991e-01
9.999991e-01
9.999991e-01
9.999991e-01
9.999991e-01
9.999991e-01
9.999991e-01
9.999991e-01
9.999991e-01
9.999991e-01
9.999991e-01
9.999991e-01
9.999991e-01
9.999991e-01
9.999991e-01
9.999991e-01
9.999991e-01
9.999991e-01
9.999991e-01
9.999990e-01
9.999990e-01
9.999990e-01
9.999990e-01
9.999990e-01
9.999990e-01
9.999990e-01
9.999990e-01
9.999990e-01
9.999990e-01
9.999990e-01
9.999990e-01
9.999990e-01
9.999990e-01
9.999990e-01
9.999990e-01
9.999990e-01
9.999990e-01
9.999990e-01
9.999990e-01
9.999990e-01
9.999990e-01
9.999990e-01
9.999990e-01
9.999990e-01
9.999990e-01
9.999990e-01
9.999990e-01
9.999990e-01
9.999990e-01
9.999990e-01
9.999990e-01
9.999990e-01
9.999990e-01
9.999990e-01
9.999990e-01
9.999990e-01
9.999990e-01
9.999990e-01
9.999990e-01
9.999990e-01
9.999990e-01
9.999990e-01
9.999990e-01
9.999990e-01
9.999990e-01
9.999990e-01
9.999990e-01
9.999990e-01
9.999990e-01
9.999990e-01
9.999990e-01
9.999990e-01
9.999990e-01
9.999990e-01
9.999990e-01
9.999990e-01
9.999990e-01
9.999990e-01
9.999990e-01
9.999990e-01
9.999990e-01
9.999990e-01
9.999990e-01
9.999990e-01
9.999990e-01
9.999990e-01
9.999990e-01
9.999990e-01
9.999990e-01
9.999990e-01
9.999990e-01
9.999990e-01
9.999990e-01
9.999990e-01
9.999990e-01
9.999990e-01
9.999990e-01
9.999990e-01
9.999990e-01
9.999990e-01
9.999990e-01
9.999990e-01
9.999990e-01
9.999990e-01
9.999990e-01
9.999990e-01
9.999990e-01
9.999990e-01
9.999990e-01
9.999990e-01
9.999991e-01
9.999991e-01
9.999991e-01
9.999991e-01
9.999991e-01
9.999991e-01
9.999991e-01
9.999991e-01
9.999991e-01
9.999991e-01
9.999991e-01
9.999991e-01
9.999991e-01
9.999991e-01
9.999991e-01
9.999991e-01
9.999991e-01
9.999991e-01
9.999991e-01
9.999991e-01
9.999991e-01
9.999991e-01
9.999991e-01
9.999991e-01
9.999991e-01
9.999991e-01
9.999991e-01
9.999991e-01
9.999991e-01
9.999991e-01
9.999991e-01
9.999991e-01
9.999991e-01
9.999991e-01
9.999991e-01
9.999991e-01
9.999991e-01
9.999991e-01
9.999991e-01
9.999991e-01
9.999991e-01
9.999991e-01
9.999991e-01
9.999991e-01
9.999991e-01
9.999991e-01
9.999991e-01
9.999991e-01
9.999992e-01
9.999992e-01
9.999992e-01
9.999992e-01
9.999992e-01
9.999992e-01
9.999992e-01
9.999992e-01
9.999992e-01
9.999992e-01
9.999992e-01
9.999992e-01
9.999992e-01
9.999992e-01
9.999992e-01
9.999992e-01
9.999992e-01
9.999992e-01
9.999992e-01
9.999992e-01
9.999992e-01
9.999992e-01
9.999992e-01
9.999992e-01
9.999992e-01
9.999992e-01
9.999992e-01
9.999992e-01
9.999992e-01
9.999992e-01
9.999992e-01
9.999992e-01
9.999993e-01
9.999993e-01
9.999993e-01
9.999993e-01
9.999993e-01
9.999993e-01
9.999993e-01
9.999993e-01
9.999993e-01
9.999993e-01
9.999993e-01
9.999993e-01
9.999993e-01
9.999993e-01
9.999993e-01
9.999993e-01
9.999993e-01
9.999993e-01
9.999993e-01
9.999993e-01
9.999993e-01
9.999993e-01
9.999993e-01
9.999993e-01
9.999993e-01
9.999993e-01
9.999994e-01
9.999994e-01
9.999994e-01
9.999994e-01
9.999994e-01
9.999994e-01
9.999994e-01
9.999994e-01
9.999994e-01
9.999994e-01
9.999994e-01
9.999994e-01
9.999994e-01
9.999994e-01
9.999994e-01
9.999994e-01
9.999994e-01
9.999994e-01
9.999994e-01
9.999994e-01
9.999994e-01
9.999994e-01
9.999994e-01
9.999995e-01
9.999995e-01
9.999995e-01
9.999995e-01
9.999995e-01
9.999995e-01
9.999995e-01
9.999995e-01
9.999995e-01
9.999995e-01
9.999995e-01
9.999995e-01
9.999995e-01
9.999995e-01
9.999995e-01
9.999995e-01
9.999995e-01
9.999995e-01
9.999995e-01
9.999995e-01
9.999995e-01
9.999995e-01
9.999996e-01
9.999996e-01
9.999996e-01
9.999996e-01
9.999996e-01
9.999996e-01
9.999996e-01
9.999996e-01
9.999996e-01
9.999996e-01
9.999996e-01
9.999996e-01
9.999996e-01
9.999996e-01
9.999996e-01
9.999996e-01
9.999996e-01
9.999996e-01
9.999996e-01
9.999997e-01
9.999997e-01
9.999997e-01
9.999997e-01
9.999997e-01
9.999997e-01
9.999997e-01
9.999997e-01
9.999997e-01
9.999997e-01
9.999997e-01
9.999997e-01
9.999997e-01
9.999997e-01
9.999997e-01
9.999997e-01
9.999997e-01
9.999997e-01
9.999997e-01
9.999997e-01
9.999998e-01
9.999998e-01
9.999998e-01
9.999998e-01
9.999998e-01
9.999998e-01
9.999998e-01
9.999998e-01
9.999998e-01
9.999998e-01
9.999998e-01
9.999998e-01
9.999998e-01
9.999998e-01
9.999997e-01
9.999997e-01
9.999995e-01
9.999994e-01
9.999990e-01
9.999985e-01
9.999977e-01
9.999962e-01
9.999939e-01
9.999900e-01
9.999836e-01
9.999730e-01
9.999556e-01
9.999269e-01
9.998796e-01
9.998015e-01
9.996729e-01
9.994608e-01
9.991114e-01
9.985358e-01
9.975883e-01
9.960301e-01
9.934716e-01
9.892820e-01
9.824510e-01
9.713923e-01
9.536933e-01
9.258797e-01
8.834027e-01
8.212817e-01
7.359562e-01
6.283292e-01
5.062636e-01
3.834467e-01
2.738961e-01
1.861923e-01
1.218588e-01
7.763348e-02
4.857076e-02
3.003364e-02
1.843418e-02
1.126260e-02
6.861535e-03
4.173014e-03
2.535242e-03
1.539256e-03
9.341918e-04
5.668456e-04
3.439082e-04
2.086426e-04
1.265831e-04
7.680620e-05
4.661363e-05
2.830123e-05
1.719497e-05
1.045976e-05
6.375707e-06
3.899774e-06
2.399147e-06
1.490145e-06
9.399185e-07
6.073568e-07
4.067612e-07
2.862539e-07
2.142764e-07
1.717729e-07
1.471065e-07
1.332921e-07
1.260251e-07
1.227576e-07
1.218857e-07
1.224909e-07
1.239652e-07
1.259876e-07
1.283183e-07
1.308541e-07
1.334928e-07
1.362095e-07
1.389538e-07
1.417286e-07
1.445040e-07
1.472916e-07
1.500700e-07
1.528533e-07
1.556243e-07
1.583968e-07
1.611560e-07
1.639150e-07
1.666605e-07
1.694047e-07
1.721355e-07
1.748641e-07
1.775795e-07
1.802919e-07
1.829912e-07
1.856869e-07
1.883697e-07
1.910482e-07
1.937138e-07
1.963746e-07
1.990226e-07
2.016653e-07
2.042952e-07
2.069192e-07
2.095304e-07
2.121353e-07
2.147274e-07
2.173127e-07
2.198852e-07
2.224505e-07
2.250028e-07
2.275475e-07
2.300792e-07
2.326030e-07
2.351136e-07
2.376159e-07
2.401050e-07
2.425854e-07
2.450525e-07
2.475105e-07
2.499551e-07
2.523902e-07
2.548119e-07
2.572238e-07
2.596220e-07
2.620102e-07
2.643846e-07
2.667487e-07
2.690987e-07
2.714382e-07
2.737636e-07
2.760780e-07
2.783782e-07
2.806671e-07
2.829417e-07
2.852048e-07
2.874534e-07
2.896902e-07
2.919123e-07
2.941224e-07
2.963177e-07
2.985006e-07
3.006686e-07
3.028241e-07
3.049644e-07
3.070919e-07
3.092041e-07
3.113034e-07
3.133871e-07
3.154576e-07
3.175125e-07
3.195539e-07
3.215796e-07
3.235916e-07
3.255876e-07
3.275697e-07
3.295358e-07
3.314877e-07
3.334233e-07
3.353447e-07
3.372496e-07
3.391400e-07
3.410139e-07
3.428731e-07
3.447155e-07
3.465430e-07
3.483537e-07
3.501493e-07
3.519278e-07
3.536911e-07
3.554372e-07
3.571679e-07
3.588812e-07
3.605789e-07
3.622592e-07
3.639236e-07
3.655705e-07
3.672014e-07
3.688146e-07
3.704115e-07
3.719907e-07
3.735535e-07
3.750984e-07
3.766268e-07
3.781371e-07
3.796307e-07
3.811061e-07
3.825647e-07
3.840050e-07
3.854282e-07
3.868331e-07
3.882209e-07
3.895901e-07
3.909420e-07
3.922752e-07
3.935911e-07
3.948882e-07
3.961677e-07
3.974284e-07
3.986714e-07
3.998954e-07
4.011016e-07
4.022888e-07
4.034580e-07
4.046080e-07
4.057400e-07
4.068527e-07
4.079472e-07
4.090224e-07
4.100793e-07
4.111168e-07
4.121359e-07
4.131354e-07
4.141165e-07
4.150779e-07
4.160208e-07
4.169440e-07
4.178484e-07
4.187331e-07
4.195991e-07
4.204451e-07
4.212724e-07
4.220797e-07
4.228680e-07
4.236364e-07
4.243857e-07
4.251150e-07
4.258252e-07
4.265153e-07
4.271862e-07
4.278370e-07
4.284685e-07
4.290798e-07
4.296718e-07
4.302435e-07
4.307959e-07
4.313279e-07
4.318405e-07
4.323328e-07
4.328056e-07
4.332580e-07
4.336909e-07
4.341033e-07
4.344962e-07
4.348686e-07
4.352214e-07
4.355537e-07
4.358664e-07
4.361585e-07
4.364310e-07
4.366829e-07
4.369151e-07
4.371268e-07
4.373187e-07
4.374900e-07
4.376417e-07
4.377727e-07
4.378840e-07
4.379746e-07
4.380455e-07
4.380957e-07
4.381263e-07
