3.031985e-07
3.031917e-07
3.031706e-07
3.031360e-07
3.030871e-07
3.030247e-07
3.029479e-07
3.028577e-07
3.027530e-07
3.026350e-07
3.025026e-07
3.023568e-07
3.021966e-07
3.020230e-07
3.018351e-07
3.016338e-07
3.014181e-07
3.011891e-07
3.009458e-07
3.006892e-07
3.004182e-07
3.001340e-07
2.998355e-07
2.995237e-07
2.991976e-07
2.988584e-07
2.985049e-07
2.981382e-07
2.977573e-07
2.973632e-07
2.969550e-07
2.965337e-07
2.960982e-07
2.956497e-07
2.951870e-07
2.947114e-07
2.942217e-07
2.937190e-07
2.932023e-07
2.926726e-07
2.921290e-07
2.915726e-07
2.910022e-07
2.904190e-07
2.898219e-07
2.892120e-07
2.885884e-07
2.879520e-07
2.873019e-07
2.866392e-07
2.859627e-07
2.852737e-07
2.845710e-07
2.838558e-07
2.831271e-07
2.823859e-07
2.816312e-07
2.808641e-07
2.800836e-07
2.792908e-07
2.784846e-07
2.776662e-07
2.768345e-07
2.759907e-07
2.751336e-07
2.742646e-07
2.733823e-07
2.724881e-07
2.715808e-07
2.706616e-07
2.697294e-07
2.687855e-07
2.678286e-07
2.668601e-07
2.658787e-07
2.648857e-07
2.638800e-07
2.628628e-07
2.618329e-07
2.607917e-07
2.597378e-07
2.586727e-07
2.575951e-07
2.565064e-07
2.554051e-07
2.542930e-07
2.531684e-07
2.520329e-07
2.508852e-07
2.497268e-07
2.485561e-07
2.473748e-07
2.461814e-07
2.449775e-07
2.437616e-07
2.425353e-07
2.412971e-07
2.400487e-07
2.387885e-07
2.375182e-07
2.362361e-07
2.349441e-07
2.336404e-07
2.323270e-07
2.310020e-07
2.296674e-07
2.283213e-07
2.269657e-07
2.255988e-07
2.242225e-07
2.228350e-07
2.214383e-07
2.200304e-07
2.186136e-07
2.171856e-07
2.157488e-07
2.143011e-07
2.128446e-07
2.113773e-07
2.099015e-07
2.084149e-07
2.069201e-07
2.054144e-07
2.039008e-07
2.023764e-07
2.008442e-07
1.993014e-07
1.977509e-07
1.961900e-07
1.946216e-07
1.930428e-07
1.914567e-07
1.898603e-07
1.882568e-07
1.866431e-07
1.850226e-07
1.833919e-07
1.817546e-07
1.801072e-07
1.784535e-07
1.767897e-07
1.751198e-07
1.734400e-07
1.717542e-07
1.700586e-07
1.683574e-07
1.666462e-07
1.649298e-07
1.632035e-07
1.614723e-07
1.597311e-07
1.579853e-07
1.562296e-07
1.544696e-07
1.526997e-07
1.509258e-07
1.491420e-07
1.473546e-07
1.455572e-07
1.437566e-07
1.419460e-07
1.401325e-07
1.383090e-07
1.364830e-07
1.346469e-07
1.328087e-07
1.309603e-07
1.291104e-07
1.272500e-07
1.253887e-07
1.235168e-07
1.216444e-07
1.197612e-07
1.178782e-07
1.159843e-07
1.140913e-07
1.121871e-07
1.102850e-07
1.083718e-07
1.064622e-07
1.045425e-07
1.026297e-07
1.007099e-07
9.880429e-08
9.690118e-08
9.503042e-08
9.318929e-08
9.142799e-08
8.977132e-08
8.832150e-08
8.718182e-08
8.659179e-08
8.687253e-08
8.863199e-08
9.278853e-08
1.009460e-07
1.156524e-07
1.412120e-07
1.846100e-07
2.574830e-07
3.788867e-07
5.803790e-07
9.138375e-07
1.464960e-06
2.374855e-06
3.876371e-06
6.353183e-06
1.043810e-05
1.717415e-05
2.828121e-05
4.659434e-05
7.678752e-05
1.265649e-04
2.086245e-04
3.438896e-04
5.668258e-04
9.341693e-04
1.539229e-03
2.535205e-03
4.172964e-03
6.861459e-03
1.126248e-02
1.843400e-02
3.003335e-02
4.857031e-02
7.763279e-02
1.218578e-01
1.861908e-01
2.738942e-01
3.834444e-01
5.062612e-01
6.283269e-01
7.359543e-01
8.212803e-01
8.834018e-01
9.258791e-01
9.536929e-01
9.713920e-01
9.824508e-01
9.892819e-01
9.934716e-01
9.960301e-01
9.975883e-01
9.985358e-01
9.991114e-01
9.994608e-01
9.996729e-01
9.998015e-01
9.998796e-01
9.999269e-01
9.999556e-01
9.999731e-01
9.999836e-01
9.999900e-01
9.999939e-01
9.999963e-01
9.999977e-01
9.999986e-01
9.999991e-01
9.999994e-01
9.999996e-01
9.999997e-01
9.999998e-01
9.999998e-01
9.999998e-01
9.999998e-01
9.999998e-01
9.999998e-01
9.999998e-01
9.999998e-01
9.999998e-01
9.999998e-01
9.999998e-01
9.999998e-01
9.999998e-01
9.999998e-01
9.999998e-01
9.999998e-01
9.999998e-01
9.999998e-01
9.999998e-01
9.999998e-01
9.999998e-01
9.999998e-01
9.999998e-01
9.999998e-01
9.999998e-01
9.999998e-01
9.999998e-01
9.999998e-01
9.999998e-01
9.999997e-01
9.999997e-01
9.999997e-01
9.999997e-01
9.999997e-01
9.999997e-01
9.999997e-01
9.999997e-01
9.999997e-01
9.999997e-01
9.999997e-01
9.999997e-01
9.999997e-01
9.999997e-01
9.999997e-01
9.999997e-01
9.999997e-01
9.999997e-01
9.999997e-01
9.999997e-01
9.999997e-01
9.999997e-01
9.999997e-01
9.999997e-01
9.999997e-01
9.999996e-01
9.999996e-01
9.999996e-01
9.999996e-01
9.999996e-01
9.999996e-01
9.999996e-01
9.999996e-01
9.999996e-01
9.999996e-01
9.999996e-01
9.999996e-01
9.999996e-01
9.999996e-01
9.999996e-01
9.999996e-01
9.999996e-01
9.999996e-01
9.999996e-01
9.999996e-01
9.999996e-01
9.999996e-01
9.999996e-01
9.999996e-01
9.999996e-01
9.999996e-01
9.999996e-01
9.999996e-01
9.999995e-01
9.999995e-01
9.999995e-01
9.999995e-01
9.999995e-01
9.999995e-01
9.999995e-01
9.999995e-01
9.999995e-01
9.999995e-01
9.999995e-01
9.999995e-01
9.999995e-01
9.999995e-01
9.999995e-01
9.999995e-01
9.999995e-01
9.999995e-01
9.999995e-01
9.999995e-01
9.999995e-01
9.999995e-01
9.999995e-01
9.999995e-01
9.999995e-01
9.999995e-01
9.999995e-01
9.999995e-01
9.999995e-01
9.999995e-01
9.999995e-01
9.999994e-01
9.999994e-01
9.999994e-01
9.999994e-01
9.999994e-01
9.999994e-01
9.999994e-01
9.999994e-01
9.999994e-01
9.999994e-01
9.999994e-01
9.999994e-01
9.999994e-01
9.999994e-01
9.999994e-01
9.999994e-01
9.999994e-01
9.999994e-01
9.999994e-01
9.999994e-01
9.999994e-01
9.999994e-01
9.999994e-01
9.999994e-01
9.999994e-01
9.999994e-01
9.999994e-01
9.999994e-01
9.999994e-01
9.999994e-01
9.999994e-01
9.999994e-01
9.999994e-01
9.999994e-01
9.999994e-01
9.999994e-01
9.999994e-01
9.999994e-01
9.999993e-01
9.999993e-01
9.999993e-01
9.999993e-01
9.999993e-01
9.999993e-01
9.999993e-01
9.999993e-01
9.999993e-01
9.999993e-01
9.999993e-01
9.999993e-01
9.999993e-01
9.999993e-01
9.999993e-01
9.999993e-01
9.999993e-01
9.999993e-01
9.999993e-01
9.999993e-01
9.999993e-01
9.999993e-01
9.999993e-01
9.999993e-01
9.999993e-01
9.999993e-01
9.999993e-01
9.999993e-01
9.999993e-01
9.999993e-01
9.999993e-01
9.999993e-01
9.999993e-01
9.999993e-01
9.999993e-01
9.999993e-01
9.999993e-01
9.999993e-01
9.999993e-01
9.999993e-01
9.999993e-01
9.999993e-01
9.999993e-01
9.999993e-01
9.999993e-01
9.999993e-01
9.999993e-01
9.999993e-01
9.999993e-01
9.999993e-01
9.999993e-01
9.999993e-01
9.999993e-01
9.999993e-01
9.999993e-01
9.999993e-01
9.999993e-01
9.999993e-01
9.999993e-01
9.999993e-01
9.999993e-01
9.999993e-01
9.999993e-01
9.999993e-01
9.999992e-01
9.999992e-01
9.999992e-01
9.999992e-01
9.999992e-01
9.999992e-01
9.999992e-01
9.999992e-01
9.999992e-01
9.999992e-01
9.999992e-01
9.999992e-01
9.999992e-01
9.999992e-01
9.999992e-01
9.999992e-01
9.999992e-01
9.999992e-01
9.999992e-01
9.999992e-01
9.999992e-01
9.999992e-01
9.999992e-01
9.999992e-01
9.999992e-01
9.999992e-01
9.999992e-01
9.999992e-01
9.999992e-01
9.999992e-01
9.999992e-01
9.999992e-01
9.999992e-01
9.999992e-01
9.999992e-01
9.999992e-01
9.999992e-01
9.999992e-01
9.999992e-01
9.999992e-01
9.999992e-01
9.999992e-01
9.999992e-01
9.999992e-01
9.999992e-01
9.999992e-01
9.999992e-01
9.999992e-01
9.999992e-01
9.999992e-01
9.999992e-01
9.999992e-01
9.999992e-01
9.999992e-01
9.999992e-01
9.999992e-01
9.999992e-01
9.999992e-01
9.999992e-01
9.999992e-01
9.999992e-01
9.999992e-01
9.999992e-01
9.999992e-01
9.999992e-01
9.999992e-01
9.999992e-01
9.999992e-01
9.999992e-01
9.999992e-01
9.999992e-01
9.999993e-01
9.999993e-01
9.999993e-01
9.999993e-01
9.999993e-01
9.999993e-01
9.999993e-01
9.999993e-01
9.999993e-01
9.999993e-01
9.999993e-01
9.999993e-01
9.999993e-01
9.999993e-01
9.999993e-01
9.999993e-01
9.999993e-01
9.999993e-01
9.999993e-01
9.999993e-01
9.999993e-01
9.999993e-01
9.999993e-01
9.999993e-01
9.999993e-01
9.999993e-01
9.999993e-01
9.999993e-01
9.999993e-01
9.999993e-01
9.999993e-01
9.999993e-01
9.999993e-01
9.999993e-01
9.999993e-01
9.999993e-01
9.999993e-01
9.999993e-01
9.999993e-01
9.999993e-01
9.999993e-01
9.999993e-01
9.999993e-01
9.999993e-01
9.999993e-01
9.999993e-01
9.999993e-01
9.999993e-01
9.999993e-01
9.999993e-01
9.999993e-01
9.999993e-01
9.999993e-01
9.999993e-01
9.999993e-01
9.999993e-01
9.999993e-01
9.999993e-01
9.999993e-01
9.999993e-01
9.999993e-01
9.999993e-01
9.999993e-01
9.999993e-01
9.999994e-01
9.999994e-01
9.999994e-01
9.999994e-01
9.999994e-01
9.999994e-01
9.999994e-01
9.999994e-01
9.999994e-01
9.999994e-01
9.999994e-01
9.999994e-01
9.999994e-01
9.999994e-01
9.999994e-01
9.999994e-01
9.999994e-01
9.999994e-01
9.999994e-01
9.999994e-01
9.999994e-01
9.999994e-01
9.999994e-01
9.999994e-01
9.999994e-01
9.999994e-01
9.999994e-01
9.999994e-01
9.999994e-01
9.999994e-01
9.999994e-01
9.999994e-01
9.999994e-01
9.999994e-01
9.999994e-01
9.999994e-01
9.999994e-01
9.999994e-01
9.999995e-01
9.999995e-01
9.999995e-01
9.999995e-01
9.999995e-01
9.999995e-01
9.999995e-01
9.999995e-01
9.999995e-01
9.999995e-01
9.999995e-01
9.999995e-01
9.999995e-01
9.999995e-01
9.999995e-01
9.999995e-01
9.999995e-01
9.999995e-01
9.999995e-01
9.999995e-01
9.999995e-01
9.999995e-01
9.999995e-01
9.999995e-01
9.999995e-01
9.999995e-01
9.999995e-01
9.999995e-01
9.999995e-01
9.999995e-01
9.999995e-01
9.999996e-01
9.999996e-01
9.999996e-01
9.999996e-01
9.999996e-01
9.999996e-01
9.999996e-01
9.999996e-01
9.999996e-01
9.999996e-01
9.999996e-01
9.999996e-01
9.999996e-01
9.999996e-01
9.999996e-01
9.999996e-01
9.999996e-01
9.999996e-01
9.999996e-01
9.999996e-01
9.999996e-01
9.999996e-01
9.999996e-01
9.999996e-01
9.999996e-01
9.999996e-01
9.999996e-01
9.999996e-01
9.999997e-01
9.999997e-01
9.999997e-01
9.999997e-01
9.999997e-01
9.999997e-01
9.999997e-01
9.999997e-01
9.999997e-01
9.999997e-01
9.999997e-01
9.999997e-01
9.999997e-01
9.999997e-01
9.999997e-01
9.999997e-01
9.999997e-01
9.999997e-01
9.999997e-01
9.999997e-01
9.999997e-01
9.999997e-01
9.999997e-01
9.999997e-01
9.999997e-01
9.999998e-01
9.999998e-01
9.999998e-01
9.999998e-01
9.999998e-01
9.999998e-01
9.999998e-01
9.999998e-01
9.999998e-01
9.999998e-01
9.999998e-01
9.999998e-01
9.999998e-01
9.999998e-01
9.999998e-01
9.999998e-01
9.999998e-01
9.999998e-01
9.999998e-01
9.999998e-01
9.999998e-01
9.999998e-01
9.999998e-01
9.999998e-01
9.999998e-01
9.999998e-01
9.999998e-01
9.999998e-01
9.999998e-01
9.999997e-01
9.999996e-01
9.999994e-01
9.999991e-01
9.999986e-01
9.999977e-01
9.999963e-01
9.999939e-01
9.999900e-01
9.999836e-01
9.999731e-01
9.999556e-01
9.999269e-01
9.998796e-01
9.998015e-01
9.996729e-01
9.994608e-01
9.991114e-01
9.985358e-01
9.975883e-01
9.960301e-01
9.934716e-01
9.892819e-01
9.824508e-01
9.713920e-01
9.536929e-01
9.258791e-01
8.834018e-01
8.212803e-01
7.359543e-01
6.283269e-01
5.062612e-01
3.834444e-01
2.738942e-01
1.861908e-01
1.218578e-01
7.763279e-02
4.857031e-02
3.003335e-02
1.843400e-02
1.126248e-02
6.861459e-03
4.172964e-03
2.535205e-03
1.539229e-03
9.341693e-04
5.668258e-04
3.438896e-04
2.086245e-04
1.265649e-04
7.678752e-05
4.659434e-05
2.828121e-05
1.717415e-05
1.043810e-05
6.353183e-06
3.876371e-06
2.374855e-06
1.464960e-06
9.138375e-07
5.803791e-07
3.788867e-07
2.574831e-07
1.846101e-07
1.412121e-07
1.156525e-07
1.009460e-07
9.278856e-08
8.863202e-08
8.687256e-08
8.659183e-08
8.718185e-08
8.832154e-08
8.977137e-08
9.142804e-08
9.318933e-08
9.503047e-08
9.690123e-08
9.880433e-08
1.007100e-07
1.026298e-07
1.045426e-07
1.064623e-07
1.083718e-07
1.102850e-07
1.121871e-07
1.140913e-07
1.159843e-07
1.178783e-07
1.197613e-07
1.216444e-07
1.235168e-07
1.253887e-07
1.272501e-07
1.291104e-07
1.309604e-07
1.328088e-07
1.346469e-07
1.364830e-07
1.383090e-07
1.401326e-07
1.419461e-07
1.437566e-07
1.455573e-07
1.473546e-07
1.491421e-07
1.509259e-07
1.526998e-07
1.544697e-07
1.562297e-07
1.579854e-07
1.597312e-07
1.614723e-07
1.632036e-07
1.649299e-07
1.666463e-07
1.683574e-07
1.700587e-07
1.717543e-07
1.734400e-07
1.751199e-07
1.767898e-07
1.784536e-07
1.801073e-07
1.817547e-07
1.833920e-07
1.850227e-07
1.866432e-07
1.882569e-07
1.898603e-07
1.914567e-07
1.930428e-07
1.946216e-07
1.961900e-07
1.977510e-07
1.993015e-07
2.008442e-07
2.023765e-07
2.039008e-07
2.054145e-07
2.069201e-07
2.084150e-07
2.099016e-07
2.113773e-07
2.128447e-07
2.143011e-07
2.157489e-07
2.171856e-07
2.186136e-07
2.200304e-07
2.214383e-07
2.228350e-07
2.242226e-07
2.255988e-07
2.269658e-07
2.283213e-07
2.296674e-07
2.310020e-07
2.323270e-07
2.336404e-07
2.349441e-07
2.362361e-07
2.375182e-07
2.387885e-07
2.400487e-07
2.412971e-07
2.425353e-07
2.437616e-07
2.449775e-07
2.461814e-07
2.473748e-07
2.485561e-07
2.497268e-07
2.508852e-07
2.520330e-07
2.531684e-07
2.542930e-07
2.554051e-07
2.565064e-07
2.575951e-07
2.586727e-07
2.597378e-07
2.607917e-07
2.618329e-07
2.628628e-07
2.638800e-07
2.648857e-07
2.658787e-07
2.668601e-07
2.678286e-07
2.687855e-07
2.697294e-07
2.706616e-07
2.715808e-07
2.724881e-07
2.733823e-07
2.742646e-07
2.751336e-07
2.759907e-07
2.768345e-07
2.776662e-07
2.784846e-07
2.792908e-07
2.800836e-07
2.808641e-07
2.816312e-07
2.823859e-07
2.831271e-07
2.838558e-07
2.845710e-07
2.852737e-07
2.859627e-07
2.866392e-07
2.873019e-07
2.879520e-07
2.885884e-07
2.892121e-07
2.898219e-07
2.904190e-07
2.910022e-07
2.915726e-07
2.921291e-07
2.926726e-07
2.932023e-07
2.937190e-07
2.942217e-07
2.947114e-07
2.951871e-07
2.956497e-07
2.960982e-07
2.965337e-07
2.969550e-07
2.973632e-07
2.977573e-07
2.981382e-07
2.985049e-07
2.988584e-07
2.991977e-07
2.995237e-07
2.998355e-07
3.001340e-07
3.004182e-07
3.006892e-07
3.009458e-07
3.011891e-07
3.014181e-07
3.016338e-07
3.018351e-07
3.020230e-07
3.021966e-07
3.023568e-07
3.025026e-07
3.026350e-07
3.027531e-07
3.028577e-07
3.029479e-07
3.030247e-07
3.030871e-07
3.031361e-07
3.031706e-07
3.031917e-07
