2.523608e-07
2.523553e-07
2.523377e-07
2.523090e-07
2.522683e-07
2.522165e-07
2.521527e-07
2.520778e-07
2.519908e-07
2.518928e-07
2.517828e-07
2.516617e-07
2.515286e-07
2.513845e-07
2.512284e-07
2.510612e-07
2.508820e-07
2.506919e-07
2.504897e-07
2.502766e-07
2.500515e-07
2.498154e-07
2.495674e-07
2.493085e-07
2.490377e-07
2.487559e-07
2.484622e-07
2.481577e-07
2.478413e-07
2.475140e-07
2.471749e-07
2.468249e-07
2.464632e-07
2.460907e-07
2.457064e-07
2.453113e-07
2.449045e-07
2.444870e-07
2.440578e-07
2.436179e-07
2.431663e-07
2.427041e-07
2.422303e-07
2.417459e-07
2.412499e-07
2.407434e-07
2.402253e-07
2.396968e-07
2.391567e-07
2.386063e-07
2.380443e-07
2.374720e-07
2.368883e-07
2.362943e-07
2.356889e-07
2.350733e-07
2.344464e-07
2.338093e-07
2.331609e-07
2.325024e-07
2.318327e-07
2.311529e-07
2.304620e-07
2.297612e-07
2.290492e-07
2.283273e-07
2.275944e-07
2.268517e-07
2.260980e-07
2.253345e-07
2.245601e-07
2.237761e-07
2.229812e-07
2.221767e-07
2.213614e-07
2.205367e-07
2.197012e-07
2.188563e-07
2.180007e-07
2.171359e-07
2.162604e-07
2.153757e-07
2.144805e-07
2.135761e-07
2.126613e-07
2.117375e-07
2.108033e-07
2.098601e-07
2.089067e-07
2.079444e-07
2.069719e-07
2.059907e-07
2.049992e-07
2.039992e-07
2.029891e-07
2.019705e-07
2.009419e-07
1.999049e-07
1.988579e-07
1.978027e-07
1.967376e-07
1.956644e-07
1.945814e-07
1.934904e-07
1.923896e-07
1.912810e-07
1.901626e-07
1.890366e-07
1.879010e-07
1.867578e-07
1.856050e-07
1.844448e-07
1.832751e-07
1.820982e-07
1.809118e-07
1.797183e-07
1.785155e-07
1.773057e-07
1.760866e-07
1.748607e-07
1.736256e-07
1.723838e-07
1.711329e-07
1.698755e-07
1.686090e-07
1.673362e-07
1.660544e-07
1.647664e-07
1.634695e-07
1.621666e-07
1.608548e-07
1.595373e-07
1.582108e-07
1.568788e-07
1.555381e-07
1.541919e-07
1.528370e-07
1.514768e-07
1.501080e-07
1.487343e-07
1.473518e-07
1.459646e-07
1.445688e-07
1.431684e-07
1.417595e-07
1.403462e-07
1.389244e-07
1.374985e-07
1.360640e-07
1.346258e-07
1.331790e-07
1.317287e-07
1.302698e-07
1.288077e-07
1.273369e-07
1.258633e-07
1.243810e-07
1.228961e-07
1.214025e-07
1.199066e-07
1.184020e-07
1.168955e-07
1.153800e-07
1.138631e-07
1.123372e-07
1.108102e-07
1.092740e-07
1.077373e-07
1.061911e-07
1.046449e-07
1.030891e-07
1.015337e-07
9.996853e-08
9.840441e-08
9.683020e-08
9.525784e-08
9.367518e-08
9.209539e-08
9.050537e-08
8.891985e-08
8.732494e-08
8.573773e-08
8.414427e-08
8.256576e-08
8.099051e-08
7.944834e-08
7.793650e-08
7.650520e-08
7.517921e-08
7.406072e-08
7.325302e-08
7.299561e-08
7.360958e-08
7.570287e-08
8.019381e-08
8.868625e-08
1.037281e-07
1.296237e-07
1.733582e-07
2.465680e-07
3.683086e-07
5.701382e-07
9.039337e-07
1.455393e-06
2.365623e-06
3.867472e-06
6.344614e-06
1.042985e-05
1.716622e-05
2.827357e-05
4.658695e-05
7.678034e-05
1.265578e-04
2.086174e-04
3.438823e-04
5.668178e-04
9.341601e-04
1.539217e-03
2.535190e-03
4.172941e-03
6.861426e-03
1.126243e-02
1.843392e-02
3.003323e-02
4.857010e-02
7.763247e-02
1.218573e-01
1.861902e-01
2.738933e-01
3.834434e-01
5.062601e-01
6.283259e-01
7.359535e-01
8.212797e-01
8.834013e-01
9.258788e-01
9.536927e-01
9.713919e-01
9.824508e-01
9.892818e-01
9.934716e-01
9.960301e-01
9.975883e-01
9.985358e-01
9.991114e-01
9.994608e-01
9.996729e-01
9.998015e-01
9.998796e-01
9.999269e-01
9.999557e-01
9.999731e-01
9.999836e-01
9.999900e-01
9.999939e-01
9.999963e-01
9.999977e-01
9.999986e-01
9.999991e-01
9.999994e-01
9.999996e-01
9.999997e-01
9.999998e-01
9.999998e-01
9.999998e-01
9.999998e-01
9.999999e-01
9.999999e-01
9.999999e-01
9.999999e-01
9.999999e-01
9.999998e-01
9.999998e-01
9.999998e-01
9.999998e-01
9.999998e-01
9.999998e-01
9.999998e-01
9.999998e-01
9.999998e-01
9.999998e-01
9.999998e-01
9.999998e-01
9.999998e-01
9.999998e-01
9.999998e-01
9.999998e-01
9.999998e-01
9.999998e-01
9.999998e-01
9.999998e-01
9.999998e-01
9.999998e-01
9.999998e-01
9.999998e-01
9.999998e-01
9.999998e-01
9.999998e-01
9.999998e-01
9.999997e-01
9.999997e-01
9.999997e-01
9.999997e-01
9.999997e-01
9.999997e-01
9.999997e-01
9.999997e-01
9.999997e-01
9.999997e-01
9.999997e-01
9.999997e-01
9.999997e-01
9.999997e-01
9.999997e-01
9.999997e-01
9.999997e-01
9.999997e-01
9.999997e-01
9.999997e-01
9.999997e-01
9.999997e-01
9.999997e-01
9.999997e-01
9.999997e-01
9.999997e-01
9.999997e-01
9.999997e-01
9.999997e-01
9.999997e-01
9.999996e-01
9.999996e-01
9.999996e-01
9.999996e-01
9.999996e-01
9.999996e-01
9.999996e-01
9.999996e-01
9.999996e-01
9.999996e-01
9.999996e-01
9.999996e-01
9.999996e-01
9.999996e-01
9.999996e-01
9.999996e-01
9.999996e-01
9.999996e-01
9.999996e-01
9.999996e-01
9.999996e-01
9.999996e-01
9.999996e-01
9.999996e-01
9.999996e-01
9.999996e-01
9.999996e-01
9.999996e-01
9.999996e-01
9.999996e-01
9.999996e-01
9.999996e-01
9.999996e-01
9.999995e-01
9.999995e-01
9.999995e-01
9.999995e-01
9.999995e-01
9.999995e-01
9.999995e-01
9.999995e-01
9.999995e-01
9.999995e-01
9.999995e-01
9.999995e-01
9.999995e-01
9.999995e-01
9.999995e-01
9.999995e-01
9.999995e-01
9.999995e-01
9.999995e-01
9.999995e-01
9.999995e-01
9.999995e-01
9.999995e-01
9.999995e-01
9.999995e-01
9.999995e-01
9.999995e-01
9.999995e-01
9.999995e-01
9.999995e-01
9.999995e-01
9.999995e-01
9.999995e-01
9.999995e-01
9.999995e-01
9.999995e-01
9.999995e-01
9.999995e-01
9.999995e-01
9.999995e-01
9.999994e-01
9.999994e-01
9.999994e-01
9.999994e-01
9.999994e-01
9.999994e-01
9.999994e-01
9.999994e-01
9.999994e-01
9.999994e-01
9.999994e-01
9.999994e-01
9.999994e-01
9.999994e-01
9.999994e-01
9.999994e-01
9.999994e-01
9.999994e-01
9.999994e-01
9.999994e-01
9.999994e-01
9.999994e-01
9.999994e-01
9.999994e-01
9.999994e-01
9.999994e-01
9.999994e-01
9.999994e-01
9.999994e-01
9.999994e-01
9.999994e-01
9.999994e-01
9.999994e-01
9.999994e-01
9.999994e-01
9.999994e-01
9.999994e-01
9.999994e-01
9.999994e-01
9.999994e-01
9.999994e-01
9.999994e-01
9.999994e-01
9.999994e-01
9.999994e-01
9.999994e-01
9.999994e-01
9.999994e-01
9.999994e-01
9.999994e-01
9.999994e-01
9.999994e-01
9.999994e-01
9.999994e-01
9.999994e-01
9.999994e-01
9.999994e-01
9.999994e-01
9.999994e-01
9.999994e-01
9.999994e-01
9.999993e-01
9.999993e-01
9.999993e-01
9.999993e-01
9.999993e-01
9.999993e-01
9.999993e-01
9.999993e-01
9.999993e-01
9.999993e-01
9.999993e-01
9.999993e-01
9.999993e-01
9.999993e-01
9.999993e-01
9.999993e-01
9.999993e-01
9.999993e-01
9.999993e-01
9.999993e-01
9.999993e-01
9.999993e-01
9.999993e-01
9.999993e-01
9.999993e-01
9.999993e-01
9.999993e-01
9.999993e-01
9.999993e-01
9.999993e-01
9.999993e-01
9.999993e-01
9.999993e-01
9.999993e-01
9.999993e-01
9.999993e-01
9.999993e-01
9.999993e-01
9.999993e-01
9.999993e-01
9.999993e-01
9.999993e-01
9.999993e-01
9.999993e-01
9.999993e-01
9.999993e-01
9.999993e-01
9.999993e-01
9.999993e-01
9.999993e-01
9.999993e-01
9.999993e-01
9.999993e-01
9.999993e-01
9.999993e-01
9.999993e-01
9.999993e-01
9.999993e-01
9.999993e-01
9.999993e-01
9.999993e-01
9.999993e-01
9.999993e-01
9.999993e-01
9.999993e-01
9.999993e-01
9.999993e-01
9.999993e-01
9.999993e-01
9.999993e-01
9.999993e-01
9.999993e-01
9.999993e-01
9.999993e-01
9.999993e-01
9.999993e-01
9.999993e-01
9.999993e-01
9.999993e-01
9.999993e-01
9.999993e-01
9.999993e-01
9.999993e-01
9.999993e-01
9.999993e-01
9.999993e-01
9.999993e-01
9.999993e-01
9.999993e-01
9.999993e-01
9.999993e-01
9.999993e-01
9.999993e-01
9.999993e-01
9.999993e-01
9.999993e-01
9.999993e-01
9.999993e-01
9.999993e-01
9.999994e-01
9.999994e-01
9.999994e-01
9.999994e-01
9.999994e-01
9.999994e-01
9.999994e-01
9.999994e-01
9.999994e-01
9.999994e-01
9.999994e-01
9.999994e-01
9.999994e-01
9.999994e-01
9.999994e-01
9.999994e-01
9.999994e-01
9.999994e-01
9.999994e-01
9.999994e-01
9.999994e-01
9.999994e-01
9.999994e-01
9.999994e-01
9.999994e-01
9.999994e-01
9.999994e-01
9.999994e-01
9.999994e-01
9.999994e-01
9.999994e-01
9.999994e-01
9.999994e-01
9.999994e-01
9.999994e-01
9.999994e-01
9.999994e-01
9.999994e-01
9.999994e-01
9.999994e-01
9.999994e-01
9.999994e-01
9.999994e-01
9.999994e-01
9.999994e-01
9.999994e-01
9.999994e-01
9.999994e-01
9.999994e-01
9.999994e-01
9.999994e-01
9.999994e-01
9.999994e-01
9.999994e-01
9.999994e-01
9.999994e-01
9.999994e-01
9.999994e-01
9.999994e-01
9.999994e-01
9.999994e-01
9.999995e-01
9.999995e-01
9.999995e-01
9.999995e-01
9.999995e-01
9.999995e-01
9.999995e-01
9.999995e-01
9.999995e-01
9.999995e-01
9.999995e-01
9.999995e-01
9.999995e-01
9.999995e-01
9.999995e-01
9.999995e-01
9.999995e-01
9.999995e-01
9.999995e-01
9.999995e-01
9.999995e-01
9.999995e-01
9.999995e-01
9.999995e-01
9.999995e-01
9.999995e-01
9.999995e-01
9.999995e-01
9.999995e-01
9.999995e-01
9.999995e-01
9.999995e-01
9.999995e-01
9.999995e-01
9.999995e-01
9.999995e-01
9.999995e-01
9.999995e-01
9.999995e-01
9.999995e-01
9.999996e-01
9.999996e-01
9.999996e-01
9.999996e-01
9.999996e-01
9.999996e-01
9.999996e-01
9.999996e-01
9.999996e-01
9.999996e-01
9.999996e-01
9.999996e-01
9.999996e-01
9.999996e-01
9.999996e-01
9.999996e-01
9.999996e-01
9.999996e-01
9.999996e-01
9.999996e-01
9.999996e-01
9.999996e-01
9.999996e-01
9.999996e-01
9.999996e-01
9.999996e-01
9.999996e-01
9.999996e-01
9.999996e-01
9.999996e-01
9.999996e-01
9.999996e-01
9.999996e-01
9.999997e-01
9.999997e-01
9.999997e-01
9.999997e-01
9.999997e-01
9.999997e-01
9.999997e-01
9.999997e-01
9.999997e-01
9.999997e-01
9.999997e-01
9.999997e-01
9.999997e-01
9.999997e-01
9.999997e-01
9.999997e-01
9.999997e-01
9.999997e-01
9.999997e-01
9.999997e-01
9.999997e-01
9.999997e-01
9.999997e-01
9.999997e-01
9.999997e-01
9.999997e-01
9.999997e-01
9.999997e-01
9.999997e-01
9.999997e-01
9.999998e-01
9.999998e-01
9.999998e-01
9.999998e-01
9.999998e-01
9.999998e-01
9.999998e-01
9.999998e-01
9.999998e-01
9.999998e-01
9.999998e-01
9.999998e-01
9.999998e-01
9.999998e-01
9.999998e-01
9.999998e-01
9.999998e-01
9.999998e-01
9.999998e-01
9.999998e-01
9.999998e-01
9.999998e-01
9.999998e-01
9.999998e-01
9.999998e-01
9.999998e-01
9.999998e-01
9.999998e-01
9.999999e-01
9.999999e-01
9.999999e-01
9.999999e-01
9.999999e-01
9.999998e-01
9.999998e-01
9.999998e-01
9.999998e-01
9.999997e-01
9.999996e-01
9.999994e-01
9.999991e-01
9.999986e-01
9.999977e-01
9.999963e-01
9.999939e-01
9.999900e-01
9.999836e-01
9.999731e-01
9.999557e-01
9.999269e-01
9.998796e-01
9.998015e-01
9.996729e-01
9.994608e-01
9.991114e-01
9.985358e-01
9.975883e-01
9.960301e-01
9.934716e-01
9.892818e-01
9.824508e-01
9.713919e-01
9.536927e-01
9.258788e-01
8.834013e-01
8.212797e-01
7.359535e-01
6.283259e-01
5.062601e-01
3.834434e-01
2.738933e-01
1.861902e-01
1.218573e-01
7.763247e-02
4.857010e-02
3.003323e-02
1.843392e-02
1.126243e-02
6.861426e-03
4.172941e-03
2.535190e-03
1.539217e-03
9.341601e-04
5.668178e-04
3.438823e-04
2.086174e-04
1.265578e-04
7.678034e-05
4.658695e-05
2.827357e-05
1.716622e-05
1.042985e-05
6.344614e-06
3.867472e-06
2.365623e-06
1.455393e-06
9.039337e-07
5.701382e-07
3.683087e-07
2.465680e-07
1.733582e-07
1.296238e-07
1.037282e-07
8.868628e-08
8.019384e-08
7.570290e-08
7.360961e-08
7.299564e-08
7.325306e-08
7.406076e-08
7.517925e-08
7.650524e-08
7.793655e-08
7.944839e-08
8.099056e-08
8.256581e-08
8.414432e-08
8.573778e-08
8.732499e-08
8.891990e-08
9.050542e-08
9.209545e-08
9.367523e-08
9.525789e-08
9.683026e-08
9.840447e-08
9.996859e-08
1.015338e-07
1.030892e-07
1.046450e-07
1.061912e-07
1.077373e-07
1.092741e-07
1.108103e-07
1.123373e-07
1.138632e-07
1.153801e-07
1.168955e-07
1.184020e-07
1.199067e-07
1.214026e-07
1.228962e-07
1.243811e-07
1.258634e-07
1.273370e-07
1.288078e-07
1.302699e-07
1.317288e-07
1.331791e-07
1.346259e-07
1.360641e-07
1.374986e-07
1.389244e-07
1.403463e-07
1.417595e-07
1.431685e-07
1.445688e-07
1.459647e-07
1.473519e-07
1.487343e-07
1.501081e-07
1.514769e-07
1.528370e-07
1.541919e-07
1.555381e-07
1.568789e-07
1.582109e-07
1.595373e-07
1.608549e-07
1.621667e-07
1.634695e-07
1.647665e-07
1.660544e-07
1.673363e-07
1.686090e-07
1.698755e-07
1.711329e-07
1.723839e-07
1.736256e-07
1.748607e-07
1.760866e-07
1.773057e-07
1.785155e-07
1.797184e-07
1.809119e-07
1.820982e-07
1.832752e-07
1.844448e-07
1.856050e-07
1.867578e-07
1.879010e-07
1.890366e-07
1.901626e-07
1.912810e-07
1.923896e-07
1.934904e-07
1.945814e-07
1.956644e-07
1.967376e-07
1.978027e-07
1.988579e-07
1.999049e-07
2.009419e-07
2.019705e-07
2.029891e-07
2.039992e-07
2.049992e-07
2.059907e-07
2.069719e-07
2.079444e-07
2.089067e-07
2.098601e-07
2.108033e-07
2.117375e-07
2.126613e-07
2.135761e-07
2.144805e-07
2.153757e-07
2.162604e-07
2.171359e-07
2.180007e-07
2.188563e-07
2.197012e-07
2.205367e-07
2.213614e-07
2.221767e-07
2.229812e-07
2.237761e-07
2.245601e-07
2.253345e-07
2.260980e-07
2.268517e-07
2.275944e-07
2.283273e-07
2.290492e-07
2.297612e-07
2.304620e-07
2.311529e-07
2.318327e-07
2.325024e-07
2.331609e-07
2.338092e-07
2.344464e-07
2.350733e-07
2.356889e-07
2.362943e-07
2.368883e-07
2.374720e-07
2.380443e-07
2.386063e-07
2.391567e-07
2.396968e-07
2.402253e-07
2.407434e-07
2.412499e-07
2.417459e-07
2.422303e-07
2.427041e-07
2.431663e-07
2.436179e-07
2.440578e-07
2.444870e-07
2.449045e-07
2.453113e-07
2.457064e-07
2.460907e-07
2.464632e-07
2.468250e-07
2.471749e-07
2.475140e-07
2.478413e-07
2.481577e-07
2.484622e-07
2.487559e-07
2.490377e-07
2.493085e-07
2.495675e-07
2.498154e-07
2.500515e-07
2.502766e-07
2.504897e-07
2.506919e-07
2.508820e-07
2.510612e-07
2.512284e-07
2.513845e-07
2.515286e-07
2.516617e-07
2.517828e-07
2.518928e-07
2.519909e-07
2.520778e-07
2.521527e-07
2.522165e-07
2.522683e-07
2.523090e-07
2.523377e-07
2.523553e-07
