2.101287e-07
2.101241e-07
2.101094e-07
2.100857e-07
2.100518e-07
2.100088e-07
2.099557e-07
2.098935e-07
2.098213e-07
2.097399e-07
2.096484e-07
2.095479e-07
2.094372e-07
2.093175e-07
2.091878e-07
2.090489e-07
2.089000e-07
2.087420e-07
2.085741e-07
2.083970e-07
2.082100e-07
2.080139e-07
2.078078e-07
2.075927e-07
2.073676e-07
2.071335e-07
2.068895e-07
2.066365e-07
2.063736e-07
2.061017e-07
2.058199e-07
2.055292e-07
2.052286e-07
2.049191e-07
2.045998e-07
2.042716e-07
2.039336e-07
2.035867e-07
2.032300e-07
2.028646e-07
2.024894e-07
2.021054e-07
2.017117e-07
2.013092e-07
2.008971e-07
2.004763e-07
2.000458e-07
1.996067e-07
1.991579e-07
1.987006e-07
1.982337e-07
1.977582e-07
1.972732e-07
1.967797e-07
1.962766e-07
1.957652e-07
1.952442e-07
1.947149e-07
1.941761e-07
1.936291e-07
1.930726e-07
1.925078e-07
1.919337e-07
1.913514e-07
1.907598e-07
1.901601e-07
1.895511e-07
1.889340e-07
1.883077e-07
1.876734e-07
1.870299e-07
1.863785e-07
1.857180e-07
1.850496e-07
1.843721e-07
1.836869e-07
1.829926e-07
1.822906e-07
1.815797e-07
1.808611e-07
1.801336e-07
1.793986e-07
1.786547e-07
1.779033e-07
1.771431e-07
1.763756e-07
1.755992e-07
1.748156e-07
1.740233e-07
1.732238e-07
1.724156e-07
1.716004e-07
1.707765e-07
1.699456e-07
1.691062e-07
1.682599e-07
1.674051e-07
1.665435e-07
1.656734e-07
1.647967e-07
1.639116e-07
1.630199e-07
1.621198e-07
1.612134e-07
1.602986e-07
1.593774e-07
1.584481e-07
1.575125e-07
1.565687e-07
1.556188e-07
1.546608e-07
1.536968e-07
1.527248e-07
1.517469e-07
1.507609e-07
1.497693e-07
1.487696e-07
1.477644e-07
1.467512e-07
1.457326e-07
1.447061e-07
1.436743e-07
1.426347e-07
1.415899e-07
1.405374e-07
1.394798e-07
1.384144e-07
1.373442e-07
1.362664e-07
1.351838e-07
1.340935e-07
1.329987e-07
1.318963e-07
1.307895e-07
1.296751e-07
1.285565e-07
1.274304e-07
1.263002e-07
1.251625e-07
1.240210e-07
1.228720e-07
1.217193e-07
1.205591e-07
1.193955e-07
1.182244e-07
1.170501e-07
1.158682e-07
1.146834e-07
1.134911e-07
1.122960e-07
1.110934e-07
1.098883e-07
1.086755e-07
1.074606e-07
1.062380e-07
1.050135e-07
1.037813e-07
1.025475e-07
1.013058e-07
1.000629e-07
9.881206e-08
9.756026e-08
9.630043e-08
9.504001e-08
9.377141e-08
9.250262e-08
9.122547e-08
8.994857e-08
8.866310e-08
8.737835e-08
8.608480e-08
8.479248e-08
8.349109e-08
8.219154e-08
8.088264e-08
7.957631e-08
7.826041e-08
7.694808e-08
7.562621e-08
7.430953e-08
7.298412e-08
7.166706e-08
7.034439e-08
6.903730e-08
6.773410e-08
6.646457e-08
6.522597e-08
6.406848e-08
6.301687e-08
6.217331e-08
6.164108e-08
6.165967e-08
6.255014e-08
6.492043e-08
6.968886e-08
7.845924e-08
9.377951e-08
1.199539e-07
1.639674e-07
2.374567e-07
3.594770e-07
5.615863e-07
8.956613e-07
1.447399e-06
2.357908e-06
3.860032e-06
6.337446e-06
1.042295e-05
1.715957e-05
2.826716e-05
4.658075e-05
7.677430e-05
1.265519e-04
2.086114e-04
3.438760e-04
5.668109e-04
9.341520e-04
1.539207e-03
2.535176e-03
4.172921e-03
6.861395e-03
1.126239e-02
1.843384e-02
3.003311e-02
4.856992e-02
7.763218e-02
1.218569e-01
1.861896e-01
2.738925e-01
3.834424e-01
5.062591e-01
6.283250e-01
7.359527e-01
8.212791e-01
8.834009e-01
9.258785e-01
9.536925e-01
9.713918e-01
9.824507e-01
9.892818e-01
9.934715e-01
9.960301e-01
9.975883e-01
9.985358e-01
9.991114e-01
9.994608e-01
9.996729e-01
9.998015e-01
9.998796e-01
9.999269e-01
9.999557e-01
9.999731e-01
9.999836e-01
9.999900e-01
9.999939e-01
9.999963e-01
9.999977e-01
9.999986e-01
9.999991e-01
9.999994e-01
9.999996e-01
9.999997e-01
9.999998e-01
9.999998e-01
9.999999e-01
9.999999e-01
9.999999e-01
9.999999e-01
9.999999e-01
9.999999e-01
9.999999e-01
9.999999e-01
9.999999e-01
9.999999e-01
9.999999e-01
9.999999e-01
9.999999e-01
9.999998e-01
9.999998e-01
9.999998e-01
9.999998e-01
9.999998e-01
9.999998e-01
9.999998e-01
9.999998e-01
9.999998e-01
9.999998e-01
9.999998e-01
9.999998e-01
9.999998e-01
9.999998e-01
9.999998e-01
9.999998e-01
9.999998e-01
9.999998e-01
9.999998e-01
9.999998e-01
9.999998e-01
9.999998e-01
9.999998e-01
9.999998e-01
9.999998e-01
9.999998e-01
9.999998e-01
9.999998e-01
9.999998e-01
9.999998e-01
9.999998e-01
9.999998e-01
9.999997e-01
9.999997e-01
9.999997e-01
9.999997e-01
9.999997e-01
9.999997e-01
9.999997e-01
9.999997e-01
9.999997e-01
9.999997e-01
9.999997e-01
9.999997e-01
9.999997e-01
9.999997e-01
9.999997e-01
9.999997e-01
9.999997e-01
9.999997e-01
9.999997e-01
9.999997e-01
9.999997e-01
9.999997e-01
9.999997e-01
9.999997e-01
9.999997e-01
9.999997e-01
9.999997e-01
9.999997e-01
9.999997e-01
9.999997e-01
9.999997e-01
9.999997e-01
9.999997e-01
9.999997e-01
9.999997e-01
9.999996e-01
9.999996e-01
9.999996e-01
9.999996e-01
9.999996e-01
9.999996e-01
9.999996e-01
9.999996e-01
9.999996e-01
9.999996e-01
9.999996e-01
9.999996e-01
9.999996e-01
9.999996e-01
9.999996e-01
9.999996e-01
9.999996e-01
9.999996e-01
9.999996e-01
9.999996e-01
9.999996e-01
9.999996e-01
9.999996e-01
9.999996e-01
9.999996e-01
9.999996e-01
9.999996e-01
9.999996e-01
9.999996e-01
9.999996e-01
9.999996e-01
9.999996e-01
9.999996e-01
9.999996e-01
9.999996e-01
9.999996e-01
9.999996e-01
9.999996e-01
9.999996e-01
9.999996e-01
9.999996e-01
9.999995e-01
9.999995e-01
9.999995e-01
9.999995e-01
9.999995e-01
9.999995e-01
9.999995e-01
9.999995e-01
9.999995e-01
9.999995e-01
9.999995e-01
9.999995e-01
9.999995e-01
9.999995e-01
9.999995e-01
9.999995e-01
9.999995e-01
9.999995e-01
9.999995e-01
9.999995e-01
9.999995e-01
9.999995e-01
9.999995e-01
9.999995e-01
9.999995e-01
9.999995e-01
9.999995e-01
9.999995e-01
9.999995e-01
9.999995e-01
9.999995e-01
9.999995e-01
9.999995e-01
9.999995e-01
9.999995e-01
9.999995e-01
9.999995e-01
9.999995e-01
9.999995e-01
9.999995e-01
9.999995e-01
9.999995e-01
9.999995e-01
9.999995e-01
9.999995e-01
9.999995e-01
9.999995e-01
9.999995e-01
9.999995e-01
9.999995e-01
9.999995e-01
9.999995e-01
9.999995e-01
9.999995e-01
9.999995e-01
9.999995e-01
9.999995e-01
9.999994e-01
9.999994e-01
9.999994e-01
9.999994e-01
9.999994e-01
9.999994e-01
9.999994e-01
9.999994e-01
9.999994e-01
9.999994e-01
9.999994e-01
9.999994e-01
9.999994e-01
9.999994e-01
9.999994e-01
9.999994e-01
9.999994e-01
9.999994e-01
9.999994e-01
9.999994e-01
9.999994e-01
9.999994e-01
9.999994e-01
9.999994e-01
9.999994e-01
9.999994e-01
9.999994e-01
9.999994e-01
9.999994e-01
9.999994e-01
9.999994e-01
9.999994e-01
9.999994e-01
9.999994e-01
9.999994e-01
9.999994e-01
9.999994e-01
9.999994e-01
9.999994e-01
9.999994e-01
9.999994e-01
9.999994e-01
9.999994e-01
9.999994e-01
9.999994e-01
9.999994e-01
9.999994e-01
9.999994e-01
9.999994e-01
9.999994e-01
9.999994e-01
9.999994e-01
9.999994e-01
9.999994e-01
9.999994e-01
9.999994e-01
9.999994e-01
9.999994e-01
9.999994e-01
9.999994e-01
9.999994e-01
9.999994e-01
9.999994e-01
9.999994e-01
9.999994e-01
9.999994e-01
9.999994e-01
9.999994e-01
9.999994e-01
9.999994e-01
9.999994e-01
9.999994e-01
9.999994e-01
9.999994e-01
9.999994e-01
9.999994e-01
9.999994e-01
9.999994e-01
9.999994e-01
9.999994e-01
9.999994e-01
9.999994e-01
9.999994e-01
9.999994e-01
9.999994e-01
9.999994e-01
9.999994e-01
9.999994e-01
9.999994e-01
9.999994e-01
9.999994e-01
9.999994e-01
9.999994e-01
9.999994e-01
9.999994e-01
9.999994e-01
9.999994e-01
9.999994e-01
9.999994e-01
9.999994e-01
9.999994e-01
9.999994e-01
9.999994e-01
9.999994e-01
9.999994e-01
9.999994e-01
9.999994e-01
9.999994e-01
9.999994e-01
9.999994e-01
9.999994e-01
9.999994e-01
9.999994e-01
9.999994e-01
9.999994e-01
9.999994e-01
9.999994e-01
9.999994e-01
9.999994e-01
9.999994e-01
9.999994e-01
9.999994e-01
9.999994e-01
9.999994e-01
9.999994e-01
9.999994e-01
9.999994e-01
9.999994e-01
9.999994e-01
9.999994e-01
9.999994e-01
9.999994e-01
9.999994e-01
9.999994e-01
9.999994e-01
9.999994e-01
9.999994e-01
9.999994e-01
9.999994e-01
9.999994e-01
9.999994e-01
9.999995e-01
9.999995e-01
9.999995e-01
9.999995e-01
9.999995e-01
9.999995e-01
9.999995e-01
9.999995e-01
9.999995e-01
9.999995e-01
9.999995e-01
9.999995e-01
9.999995e-01
9.999995e-01
9.999995e-01
9.999995e-01
9.999995e-01
9.999995e-01
9.999995e-01
9.999995e-01
9.999995e-01
9.999995e-01
9.999995e-01
9.999995e-01
9.999995e-01
9.999995e-01
9.999995e-01
9.999995e-01
9.999995e-01
9.999995e-01
9.999995e-01
9.999995e-01
9.999995e-01
9.999995e-01
9.999995e-01
9.999995e-01
9.999995e-01
9.999995e-01
9.999995e-01
9.999995e-01
9.999995e-01
9.999995e-01
9.999995e-01
9.999995e-01
9.999995e-01
9.999995e-01
9.999995e-01
9.999995e-01
9.999995e-01
9.999995e-01
9.999995e-01
9.999995e-01
9.999995e-01
9.999995e-01
9.999995e-01
9.999995e-01
9.999995e-01
9.999996e-01
9.999996e-01
9.999996e-01
9.999996e-01
9.999996e-01
9.999996e-01
9.999996e-01
9.999996e-01
9.999996e-01
9.999996e-01
9.999996e-01
9.999996e-01
9.999996e-01
9.999996e-01
9.999996e-01
9.999996e-01
9.999996e-01
9.999996e-01
9.999996e-01
9.999996e-01
9.999996e-01
9.999996e-01
9.999996e-01
9.999996e-01
9.999996e-01
9.999996e-01
9.999996e-01
9.999996e-01
9.999996e-01
9.999996e-01
9.999996e-01
9.999996e-01
9.999996e-01
9.999996e-01
9.999996e-01
9.999996e-01
9.999996e-01
9.999996e-01
9.999996e-01
9.999996e-01
9.999996e-01
9.999997e-01
9.999997e-01
9.999997e-01
9.999997e-01
9.999997e-01
9.999997e-01
9.999997e-01
9.999997e-01
9.999997e-01
9.999997e-01
9.999997e-01
9.999997e-01
9.999997e-01
9.999997e-01
9.999997e-01
9.999997e-01
9.999997e-01
9.999997e-01
9.999997e-01
9.999997e-01
9.999997e-01
9.999997e-01
9.999997e-01
9.999997e-01
9.999997e-01
9.999997e-01
9.999997e-01
9.999997e-01
9.999997e-01
9.999997e-01
9.999997e-01
9.999997e-01
9.999997e-01
9.999997e-01
9.999997e-01
9.999998e-01
9.999998e-01
9.999998e-01
9.999998e-01
9.999998e-01
9.999998e-01
9.999998e-01
9.999998e-01
9.999998e-01
9.999998e-01
9.999998e-01
9.999998e-01
9.999998e-01
9.999998e-01
9.999998e-01
9.999998e-01
9.999998e-01
9.999998e-01
9.999998e-01
9.999998e-01
9.999998e-01
9.999998e-01
9.999998e-01
9.999998e-01
9.999998e-01
9.999998e-01
9.999998e-01
9.999998e-01
9.999998e-01
9.999998e-01
9.999998e-01
9.999998e-01
9.999999e-01
9.999999e-01
9.999999e-01
9.999999e-01
9.999999e-01
9.999999e-01
9.999999e-01
9.999999e-01
9.999999e-01
9.999999e-01
9.999999e-01
9.999999e-01
9.999999e-01
9.999998e-01
9.999998e-01
9.999997e-01
9.999996e-01
9.999994e-01
9.999991e-01
9.999986e-01
9.999977e-01
9.999963e-01
9.999939e-01
9.999900e-01
9.999836e-01
9.999731e-01
9.999557e-01
9.999269e-01
9.998796e-01
9.998015e-01
9.996729e-01
9.994608e-01
9.991114e-01
9.985358e-01
9.975883e-01
9.960301e-01
9.934715e-01
9.892818e-01
9.824507e-01
9.713918e-01
9.536925e-01
9.258785e-01
8.834009e-01
8.212791e-01
7.359527e-01
6.283250e-01
5.062591e-01
3.834424e-01
2.738925e-01
1.861896e-01
1.218569e-01
7.763218e-02
4.856992e-02
3.003311e-02
1.843384e-02
1.126239e-02
6.861395e-03
4.172921e-03
2.535176e-03
1.539207e-03
9.341520e-04
5.668109e-04
3.438760e-04
2.086114e-04
1.265519e-04
7.677431e-05
4.658075e-05
2.826716e-05
1.715957e-05
1.042295e-05
6.337446e-06
3.860032e-06
2.357908e-06
1.447399e-06
8.956613e-07
5.615863e-07
3.594770e-07
2.374567e-07
1.639675e-07
1.199539e-07
9.377954e-08
7.845927e-08
6.968889e-08
6.492047e-08
6.255018e-08
6.165970e-08
6.164112e-08
6.217335e-08
6.301691e-08
6.406853e-08
6.522601e-08
6.646462e-08
6.773415e-08
6.903735e-08
7.034444e-08
7.166711e-08
7.298417e-08
7.430958e-08
7.562626e-08
7.694814e-08
7.826046e-08
7.957637e-08
8.088269e-08
8.219160e-08
8.349115e-08
8.479254e-08
8.608486e-08
8.737842e-08
8.866317e-08
8.994864e-08
9.122554e-08
9.250268e-08
9.377147e-08
9.504007e-08
9.630049e-08
9.756033e-08
9.881213e-08
1.000630e-07
1.013059e-07
1.025476e-07
1.037814e-07
1.050136e-07
1.062381e-07
1.074607e-07
1.086756e-07
1.098883e-07
1.110934e-07
1.122961e-07
1.134911e-07
1.146835e-07
1.158683e-07
1.170501e-07
1.182245e-07
1.193956e-07
1.205592e-07
1.217194e-07
1.228720e-07
1.240211e-07
1.251626e-07
1.263003e-07
1.274305e-07
1.285566e-07
1.296752e-07
1.307896e-07
1.318963e-07
1.329988e-07
1.340936e-07
1.351838e-07
1.362664e-07
1.373443e-07
1.384145e-07
1.394798e-07
1.405374e-07
1.415900e-07
1.426348e-07
1.436744e-07
1.447062e-07
1.457327e-07
1.467513e-07
1.477644e-07
1.487696e-07
1.497693e-07
1.507609e-07
1.517469e-07
1.527248e-07
1.536969e-07
1.546609e-07
1.556189e-07
1.565687e-07
1.575125e-07
1.584481e-07
1.593775e-07
1.602986e-07
1.612134e-07
1.621199e-07
1.630199e-07
1.639116e-07
1.647967e-07
1.656734e-07
1.665435e-07
1.674051e-07
1.682599e-07
1.691062e-07
1.699456e-07
1.707765e-07
1.716004e-07
1.724156e-07
1.732238e-07
1.740233e-07
1.748156e-07
1.755992e-07
1.763756e-07
1.771431e-07
1.779033e-07
1.786547e-07
1.793986e-07
1.801336e-07
1.808611e-07
1.815797e-07
1.822906e-07
1.829926e-07
1.836869e-07
1.843721e-07
1.850496e-07
1.857180e-07
1.863785e-07
1.870299e-07
1.876734e-07
1.883077e-07
1.889340e-07
1.895511e-07
1.901601e-07
1.907598e-07
1.913514e-07
1.919337e-07
1.925078e-07
1.930726e-07
1.936291e-07
1.941761e-07
1.947149e-07
1.952442e-07
1.957652e-07
1.962766e-07
1.967797e-07
1.972732e-07
1.977582e-07
1.982337e-07
1.987006e-07
1.991579e-07
1.996067e-07
2.000458e-07
2.004763e-07
2.008971e-07
2.013092e-07
2.017117e-07
2.021054e-07
2.024894e-07
2.028646e-07
2.032300e-07
2.035867e-07
2.039336e-07
2.042716e-07
2.045998e-07
2.049191e-07
2.052286e-07
2.055292e-07
2.058199e-07
2.061017e-07
2.063736e-07
2.066365e-07
2.068895e-07
2.071336e-07
2.073676e-07
2.075927e-07
2.078078e-07
2.080139e-07
2.082100e-07
2.083970e-07
2.085741e-07
2.087421e-07
2.089000e-07
2.090489e-07
2.091878e-07
2.093175e-07
2.094372e-07
2.095479e-07
2.096484e-07
2.097399e-07
2.098213e-07
2.098935e-07
2.099557e-07
2.100088e-07
2.100518e-07
2.100857e-07
2.101094e-07
2.101241e-07
