1.750353e-07
1.750316e-07
1.750194e-07
1.749996e-07
1.749714e-07
1.749358e-07
1.748916e-07
1.748400e-07
1.747799e-07
1.747123e-07
1.746362e-07
1.745527e-07
1.744607e-07
1.743612e-07
1.742534e-07
1.741380e-07
1.740142e-07
1.738830e-07
1.737433e-07
1.735962e-07
1.734407e-07
1.732778e-07
1.731065e-07
1.729277e-07
1.727406e-07
1.725462e-07
1.723433e-07
1.721331e-07
1.719145e-07
1.716886e-07
1.714544e-07
1.712128e-07
1.709629e-07
1.707058e-07
1.704403e-07
1.701676e-07
1.698866e-07
1.695984e-07
1.693019e-07
1.689982e-07
1.686863e-07
1.683673e-07
1.680400e-07
1.677056e-07
1.673630e-07
1.670133e-07
1.666555e-07
1.662906e-07
1.659176e-07
1.655375e-07
1.651494e-07
1.647543e-07
1.643511e-07
1.639410e-07
1.635229e-07
1.630978e-07
1.626648e-07
1.622249e-07
1.617771e-07
1.613225e-07
1.608599e-07
1.603906e-07
1.599134e-07
1.594295e-07
1.589377e-07
1.584393e-07
1.579331e-07
1.574203e-07
1.568996e-07
1.563725e-07
1.558376e-07
1.552963e-07
1.547472e-07
1.541918e-07
1.536286e-07
1.530592e-07
1.524821e-07
1.518987e-07
1.513077e-07
1.507105e-07
1.501058e-07
1.494949e-07
1.488766e-07
1.482521e-07
1.476202e-07
1.469823e-07
1.463370e-07
1.456858e-07
1.450271e-07
1.443627e-07
1.436909e-07
1.430133e-07
1.423285e-07
1.416379e-07
1.409402e-07
1.402368e-07
1.395262e-07
1.388101e-07
1.380869e-07
1.373582e-07
1.366224e-07
1.358813e-07
1.351332e-07
1.343798e-07
1.336193e-07
1.328537e-07
1.320812e-07
1.313036e-07
1.305190e-07
1.297295e-07
1.289331e-07
1.281320e-07
1.273239e-07
1.265111e-07
1.256914e-07
1.248672e-07
1.240362e-07
1.232007e-07
1.223584e-07
1.215118e-07
1.206585e-07
1.198009e-07
1.189366e-07
1.180682e-07
1.171932e-07
1.163142e-07
1.154285e-07
1.145390e-07
1.136428e-07
1.127430e-07
1.118366e-07
1.109267e-07
1.100101e-07
1.090902e-07
1.081637e-07
1.072340e-07
1.062977e-07
1.053583e-07
1.044124e-07
1.034636e-07
1.025082e-07
1.015502e-07
1.005855e-07
9.961838e-08
9.864462e-08
9.766857e-08
9.668589e-08
9.570112e-08
9.470968e-08
9.371638e-08
9.271636e-08
9.171472e-08
9.070630e-08
8.969651e-08
8.867987e-08
8.766213e-08
8.663745e-08
8.561194e-08
8.457940e-08
8.354633e-08
8.250611e-08
8.146569e-08
8.041797e-08
7.937039e-08
7.831534e-08
7.726082e-08
7.619864e-08
7.513739e-08
7.406824e-08
7.300049e-08
7.192458e-08
7.085056e-08
6.976811e-08
6.868812e-08
6.759940e-08
6.651386e-08
6.541933e-08
6.432897e-08
6.322964e-08
6.213606e-08
6.103432e-08
5.994147e-08
5.884354e-08
5.776171e-08
5.668428e-08
5.564103e-08
5.462920e-08
5.369896e-08
5.287506e-08
5.225968e-08
5.195608e-08
5.220373e-08
5.332369e-08
5.592388e-08
6.092260e-08
6.992366e-08
8.547497e-08
1.118807e-07
1.561259e-07
2.298471e-07
3.520995e-07
5.544408e-07
8.887477e-07
1.440717e-06
2.351456e-06
3.853809e-06
6.331448e-06
1.041717e-05
1.715400e-05
2.826178e-05
4.657554e-05
7.676922e-05
1.265468e-04
2.086063e-04
3.438707e-04
5.668049e-04
9.341449e-04
1.539198e-03
2.535163e-03
4.172903e-03
6.861367e-03
1.126234e-02
1.843377e-02
3.003300e-02
4.856974e-02
7.763192e-02
1.218565e-01
1.861890e-01
2.738918e-01
3.834416e-01
5.062582e-01
6.283241e-01
7.359520e-01
8.212786e-01
8.834005e-01
9.258783e-01
9.536923e-01
9.713917e-01
9.824506e-01
9.892818e-01
9.934715e-01
9.960301e-01
9.975883e-01
9.985358e-01
9.991114e-01
9.994608e-01
9.996729e-01
9.998016e-01
9.998796e-01
9.999270e-01
9.999557e-01
9.999731e-01
9.999837e-01
9.999901e-01
9.999939e-01
9.999963e-01
9.999977e-01
9.999986e-01
9.999991e-01
9.999994e-01
9.999996e-01
9.999997e-01
9.999998e-01
9.999998e-01
9.999999e-01
9.999999e-01
9.999999e-01
9.999999e-01
9.999999e-01
9.999999e-01
9.999999e-01
9.999999e-01
9.999999e-01
9.999999e-01
9.999999e-01
9.999999e-01
9.999999e-01
9.999999e-01
9.999999e-01
9.999999e-01
9.999999e-01
9.999999e-01
9.999999e-01
9.999998e-01
9.999998e-01
9.999998e-01
9.999998e-01
9.999998e-01
9.999998e-01
9.999998e-01
9.999998e-01
9.999998e-01
9.999998e-01
9.999998e-01
9.999998e-01
9.999998e-01
9.999998e-01
9.999998e-01
9.999998e-01
9.999998e-01
9.999998e-01
9.999998e-01
9.999998e-01
9.999998e-01
9.999998e-01
9.999998e-01
9.999998e-01
9.999998e-01
9.999998e-01
9.999998e-01
9.999998e-01
9.999998e-01
9.999998e-01
9.999998e-01
9.999998e-01
9.999998e-01
9.999998e-01
9.999998e-01
9.999998e-01
9.999998e-01
9.999997e-01
9.999997e-01
9.999997e-01
9.999997e-01
9.999997e-01
9.999997e-01
9.999997e-01
9.999997e-01
9.999997e-01
9.999997e-01
9.999997e-01
9.999997e-01
9.999997e-01
9.999997e-01
9.999997e-01
9.999997e-01
9.999997e-01
9.999997e-01
9.999997e-01
9.999997e-01
9.999997e-01
9.999997e-01
9.999997e-01
9.999997e-01
9.999997e-01
9.999997e-01
9.999997e-01
9.999997e-01
9.999997e-01
9.999997e-01
9.999997e-01
9.999997e-01
9.999997e-01
9.999997e-01
9.999997e-01
9.999997e-01
9.999997e-01
9.999997e-01
9.999997e-01
9.999997e-01
9.999997e-01
9.999997e-01
9.999996e-01
9.999996e-01
9.999996e-01
9.999996e-01
9.999996e-01
9.999996e-01
9.999996e-01
9.999996e-01
9.999996e-01
9.999996e-01
9.999996e-01
9.999996e-01
9.999996e-01
9.999996e-01
9.999996e-01
9.999996e-01
9.999996e-01
9.999996e-01
9.999996e-01
9.999996e-01
9.999996e-01
9.999996e-01
9.999996e-01
9.999996e-01
9.999996e-01
9.999996e-01
9.999996e-01
9.999996e-01
9.999996e-01
9.999996e-01
9.999996e-01
9.999996e-01
9.999996e-01
9.999996e-01
9.999996e-01
9.999996e-01
9.999996e-01
9.999996e-01
9.999996e-01
9.999996e-01
9.999996e-01
9.999996e-01
9.999996e-01
9.999996e-01
9.999996e-01
9.999996e-01
9.999996e-01
9.999996e-01
9.999996e-01
9.999996e-01
9.999996e-01
9.999996e-01
9.999996e-01
9.999995e-01
9.999995e-01
9.999995e-01
9.999995e-01
9.999995e-01
9.999995e-01
9.999995e-01
9.999995e-01
9.999995e-01
9.999995e-01
9.999995e-01
9.999995e-01
9.999995e-01
9.999995e-01
9.999995e-01
9.999995e-01
9.999995e-01
9.999995e-01
9.999995e-01
9.999995e-01
9.999995e-01
9.999995e-01
9.999995e-01
9.999995e-01
9.999995e-01
9.999995e-01
9.999995e-01
9.999995e-01
9.999995e-01
9.999995e-01
9.999995e-01
9.999995e-01
9.999995e-01
9.999995e-01
9.999995e-01
9.999995e-01
9.999995e-01
9.999995e-01
9.999995e-01
9.999995e-01
9.999995e-01
9.999995e-01
9.999995e-01
9.999995e-01
9.999995e-01
9.999995e-01
9.999995e-01
9.999995e-01
9.999995e-01
9.999995e-01
9.999995e-01
9.999995e-01
9.999995e-01
9.999995e-01
9.999995e-01
9.999995e-01
9.999995e-01
9.999995e-01
9.999995e-01
9.999995e-01
9.999995e-01
9.999995e-01
9.999995e-01
9.999995e-01
9.999995e-01
9.999995e-01
9.999995e-01
9.999995e-01
9.999995e-01
9.999995e-01
9.999995e-01
9.999995e-01
9.999995e-01
9.999995e-01
9.999995e-01
9.999995e-01
9.999995e-01
9.999995e-01
9.999995e-01
9.999995e-01
9.999995e-01
9.999995e-01
9.999995e-01
9.999995e-01
9.999995e-01
9.999995e-01
9.999995e-01
9.999995e-01
9.999995e-01
9.999995e-01
9.999995e-01
9.999995e-01
9.999995e-01
9.999995e-01
9.999995e-01
9.999995e-01
9.999995e-01
9.999995e-01
9.999995e-01
9.999995e-01
9.999995e-01
9.999995e-01
9.999995e-01
9.999995e-01
9.999995e-01
9.999995e-01
9.999995e-01
9.999995e-01
9.999995e-01
9.999995e-01
9.999995e-01
9.999995e-01
9.999995e-01
9.999995e-01
9.999995e-01
9.999995e-01
9.999995e-01
9.999995e-01
9.999995e-01
9.999995e-01
9.999995e-01
9.999995e-01
9.999995e-01
9.999995e-01
9.999995e-01
9.999995e-01
9.999995e-01
9.999995e-01
9.999995e-01
9.999995e-01
9.999995e-01
9.999995e-01
9.999995e-01
9.999995e-01
9.999995e-01
9.999995e-01
9.999995e-01
9.999995e-01
9.999995e-01
9.999995e-01
9.999995e-01
9.999995e-01
9.999995e-01
9.999995e-01
9.999995e-01
9.999995e-01
9.999995e-01
9.999995e-01
9.999995e-01
9.999995e-01
9.999995e-01
9.999995e-01
9.999995e-01
9.999995e-01
9.999995e-01
9.999995e-01
9.999995e-01
9.999995e-01
9.999995e-01
9.999995e-01
9.999995e-01
9.999995e-01
9.999995e-01
9.999995e-01
9.999995e-01
9.999995e-01
9.999995e-01
9.999995e-01
9.999995e-01
9.999995e-01
9.999995e-01
9.999995e-01
9.999995e-01
9.999995e-01
9.999995e-01
9.999995e-01
9.999995e-01
9.999995e-01
9.999995e-01
9.999995e-01
9.999995e-01
9.999995e-01
9.999995e-01
9.999995e-01
9.999995e-01
9.999995e-01
9.999995e-01
9.999995e-01
9.999995e-01
9.999995e-01
9.999995e-01
9.999995e-01
9.999995e-01
9.999995e-01
9.999995e-01
9.999996e-01
9.999996e-01
9.999996e-01
9.999996e-01
9.999996e-01
9.999996e-01
9.999996e-01
9.999996e-01
9.999996e-01
9.999996e-01
9.999996e-01
9.999996e-01
9.999996e-01
9.999996e-01
9.999996e-01
9.999996e-01
9.999996e-01
9.999996e-01
9.999996e-01
9.999996e-01
9.999996e-01
9.999996e-01
9.999996e-01
9.999996e-01
9.999996e-01
9.999996e-01
9.999996e-01
9.999996e-01
9.999996e-01
9.999996e-01
9.999996e-01
9.999996e-01
9.999996e-01
9.999996e-01
9.999996e-01
9.999996e-01
9.999996e-01
9.999996e-01
9.999996e-01
9.999996e-01
9.999996e-01
9.999996e-01
9.999996e-01
9.999996e-01
9.999996e-01
9.999996e-01
9.999996e-01
9.999996e-01
9.999996e-01
9.999996e-01
9.999996e-01
9.999996e-01
9.999996e-01
9.999997e-01
9.999997e-01
9.999997e-01
9.999997e-01
9.999997e-01
9.999997e-01
9.999997e-01
9.999997e-01
9.999997e-01
9.999997e-01
9.999997e-01
9.999997e-01
9.999997e-01
9.999997e-01
9.999997e-01
9.999997e-01
9.999997e-01
9.999997e-01
9.999997e-01
9.999997e-01
9.999997e-01
9.999997e-01
9.999997e-01
9.999997e-01
9.999997e-01
9.999997e-01
9.999997e-01
9.999997e-01
9.999997e-01
9.999997e-01
9.999997e-01
9.999997e-01
9.999997e-01
9.999997e-01
9.999997e-01
9.999997e-01
9.999997e-01
9.999997e-01
9.999997e-01
9.999997e-01
9.999997e-01
9.999997e-01
9.999998e-01
9.999998e-01
9.999998e-01
9.999998e-01
9.999998e-01
9.999998e-01
9.999998e-01
9.999998e-01
9.999998e-01
9.999998e-01
9.999998e-01
9.999998e-01
9.999998e-01
9.999998e-01
9.999998e-01
9.999998e-01
9.999998e-01
9.999998e-01
9.999998e-01
9.999998e-01
9.999998e-01
9.999998e-01
9.999998e-01
9.999998e-01
9.999998e-01
9.999998e-01
9.999998e-01
9.999998e-01
9.999998e-01
9.999998e-01
9.999998e-01
9.999998e-01
9.999998e-01
9.999998e-01
9.999998e-01
9.999998e-01
9.999998e-01
9.999999e-01
9.999999e-01
9.999999e-01
9.999999e-01
9.999999e-01
9.999999e-01
9.999999e-01
9.999999e-01
9.999999e-01
9.999999e-01
9.999999e-01
9.999999e-01
9.999999e-01
9.999999e-01
9.999999e-01
9.999999e-01
9.999999e-01
9.999999e-01
9.999999e-01
9.999998e-01
9.999998e-01
9.999997e-01
9.999996e-01
9.999994e-01
9.999991e-01
9.999986e-01
9.999977e-01
9.999963e-01
9.999939e-01
9.999901e-01
9.999837e-01
9.999731e-01
9.999557e-01
9.999270e-01
9.998796e-01
9.998016e-01
9.996729e-01
9.994608e-01
9.991114e-01
9.985358e-01
9.975883e-01
9.960301e-01
9.934715e-01
9.892818e-01
9.824506e-01
9.713917e-01
9.536923e-01
9.258783e-01
8.834005e-01
8.212786e-01
7.359520e-01
6.283241e-01
5.062582e-01
3.834416e-01
2.738918e-01
1.861890e-01
1.218565e-01
7.763192e-02
4.856974e-02
3.003300e-02
1.843377e-02
1.126234e-02
6.861367e-03
4.172903e-03
2.535163e-03
1.539198e-03
9.341449e-04
5.668049e-04
3.438707e-04
2.086063e-04
1.265468e-04
7.676922e-05
4.657554e-05
2.826178e-05
1.715400e-05
1.041717e-05
6.331448e-06
3.853809e-06
2.351456e-06
1.440717e-06
8.887477e-07
5.544408e-07
3.520995e-07
2.298471e-07
1.561259e-07
1.118807e-07
8.547499e-08
6.992369e-08
6.092264e-08
5.592392e-08
5.332373e-08
5.220377e-08
5.195612e-08
5.225972e-08
5.287510e-08
5.369900e-08
5.462924e-08
5.564108e-08
5.668433e-08
5.776176e-08
5.884358e-08
5.994151e-08
6.103437e-08
6.213611e-08
6.322969e-08
6.432903e-08
6.541939e-08
6.651391e-08
6.759945e-08
6.868818e-08
6.976816e-08
7.085062e-08
7.192464e-08
7.300055e-08
7.406830e-08
7.513745e-08
7.619870e-08
7.726088e-08
7.831541e-08
7.937045e-08
8.041803e-08
8.146575e-08
8.250618e-08
8.354640e-08
8.457947e-08
8.561201e-08
8.663752e-08
8.766220e-08
8.867994e-08
8.969658e-08
9.070637e-08
9.171479e-08
9.271643e-08
9.371645e-08
9.470975e-08
9.570119e-08
9.668595e-08
9.766864e-08
9.864469e-08
9.961845e-08
1.005856e-07
1.015502e-07
1.025083e-07
1.034637e-07
1.044125e-07
1.053584e-07
1.062977e-07
1.072340e-07
1.081637e-07
1.090902e-07
1.100102e-07
1.109267e-07
1.118367e-07
1.127431e-07
1.136429e-07
1.145390e-07
1.154285e-07
1.163142e-07
1.171932e-07
1.180683e-07
1.189367e-07
1.198009e-07
1.206585e-07
1.215119e-07
1.223585e-07
1.232008e-07
1.240362e-07
1.248673e-07
1.256915e-07
1.265111e-07
1.273239e-07
1.281320e-07
1.289332e-07
1.297296e-07
1.305190e-07
1.313036e-07
1.320812e-07
1.328538e-07
1.336193e-07
1.343798e-07
1.351332e-07
1.358814e-07
1.366224e-07
1.373582e-07
1.380869e-07
1.388101e-07
1.395262e-07
1.402368e-07
1.409402e-07
1.416379e-07
1.423285e-07
1.430133e-07
1.436909e-07
1.443627e-07
1.450271e-07
1.456858e-07
1.463370e-07
1.469823e-07
1.476202e-07
1.482521e-07
1.488766e-07
1.494949e-07
1.501058e-07
1.507105e-07
1.513077e-07
1.518987e-07
1.524821e-07
1.530592e-07
1.536286e-07
1.541918e-07
1.547472e-07
1.552963e-07
1.558376e-07
1.563725e-07
1.568996e-07
1.574202e-07
1.579331e-07
1.584393e-07
1.589377e-07
1.594295e-07
1.599134e-07
1.603906e-07
1.608599e-07
1.613225e-07
1.617771e-07
1.622249e-07
1.626648e-07
1.630978e-07
1.635229e-07
1.639410e-07
1.643511e-07
1.647543e-07
1.651494e-07
1.655375e-07
1.659176e-07
1.662906e-07
1.666555e-07
1.670133e-07
1.673630e-07
1.677056e-07
1.680400e-07
1.683673e-07
1.686863e-07
1.689982e-07
1.693019e-07
1.695984e-07
1.698866e-07
1.701676e-07
1.704403e-07
1.707058e-07
1.709629e-07
1.712128e-07
1.714544e-07
1.716886e-07
1.719145e-07
1.721331e-07
1.723433e-07
1.725462e-07
1.727407e-07
1.729278e-07
1.731065e-07
1.732778e-07
1.734407e-07
1.735962e-07
1.737433e-07
1.738830e-07
1.740142e-07
1.741380e-07
1.742534e-07
1.743612e-07
1.744607e-07
1.745527e-07
1.746362e-07
1.747123e-07
1.747799e-07
1.748400e-07
1.748916e-07
1.749358e-07
1.749715e-07
1.749996e-07
1.750194e-07
1.750316e-07
