1.216114e-07
1.216089e-07
1.216004e-07
1.215868e-07
1.215672e-07
1.215426e-07
1.215120e-07
1.214764e-07
1.214348e-07
1.213881e-07
1.213355e-07
1.212778e-07
1.212141e-07
1.211454e-07
1.210708e-07
1.209911e-07
1.209054e-07
1.208148e-07
1.207182e-07
1.206165e-07
1.205090e-07
1.203964e-07
1.202779e-07
1.201544e-07
1.200250e-07
1.198906e-07
1.197502e-07
1.196050e-07
1.194538e-07
1.192977e-07
1.191357e-07
1.189687e-07
1.187959e-07
1.186182e-07
1.184346e-07
1.182461e-07
1.180517e-07
1.178526e-07
1.176475e-07
1.174376e-07
1.172219e-07
1.170014e-07
1.167750e-07
1.165439e-07
1.163069e-07
1.160653e-07
1.158178e-07
1.155656e-07
1.153076e-07
1.150449e-07
1.147765e-07
1.145034e-07
1.142245e-07
1.139411e-07
1.136519e-07
1.133581e-07
1.130586e-07
1.127546e-07
1.124448e-07
1.121306e-07
1.118107e-07
1.114862e-07
1.111562e-07
1.108217e-07
1.104816e-07
1.101371e-07
1.097869e-07
1.094325e-07
1.090724e-07
1.087080e-07
1.083381e-07
1.079639e-07
1.075841e-07
1.072001e-07
1.068106e-07
1.064170e-07
1.060178e-07
1.056145e-07
1.052058e-07
1.047930e-07
1.043747e-07
1.039524e-07
1.035247e-07
1.030930e-07
1.026560e-07
1.022150e-07
1.017686e-07
1.013184e-07
1.008628e-07
1.004035e-07
9.993880e-08
9.947039e-08
9.899667e-08
9.851929e-08
9.803662e-08
9.755036e-08
9.705883e-08
9.656377e-08
9.606348e-08
9.555972e-08
9.505075e-08
9.453838e-08
9.402082e-08
9.349995e-08
9.297389e-08
9.244460e-08
9.191015e-08
9.137255e-08
9.082980e-08
9.028398e-08
8.973303e-08
8.917910e-08
8.862005e-08
8.805810e-08
8.749106e-08
8.692120e-08
8.634626e-08
8.576861e-08
8.518588e-08
8.460053e-08
8.401012e-08
8.341718e-08
8.281919e-08
8.221878e-08
8.161332e-08
8.100556e-08
8.039274e-08
7.977772e-08
7.915765e-08
7.853550e-08
7.790830e-08
7.727914e-08
7.664490e-08
7.600885e-08
7.536770e-08
7.472487e-08
7.407693e-08
7.342744e-08
7.277282e-08
7.211680e-08
7.145562e-08
7.079319e-08
7.012556e-08
6.945685e-08
6.878289e-08
6.810802e-08
6.742786e-08
6.674697e-08
6.606072e-08
6.537393e-08
6.468172e-08
6.398916e-08
6.329110e-08
6.259292e-08
6.188913e-08
6.118546e-08
6.047606e-08
5.976704e-08
5.905216e-08
5.833792e-08
5.761768e-08
5.689837e-08
5.617288e-08
5.544865e-08
5.471804e-08
5.398903e-08
5.325342e-08
5.251979e-08
5.177930e-08
5.104121e-08
5.029597e-08
4.955360e-08
4.880377e-08
4.805736e-08
4.730315e-08
4.655304e-08
4.579487e-08
4.504174e-08
4.428052e-08
4.352592e-08
4.276399e-08
4.201178e-08
4.125531e-08
4.051574e-08
3.978135e-08
3.908191e-08
3.841462e-08
3.782967e-08
3.735177e-08
3.708310e-08
3.712688e-08
3.772258e-08
3.919123e-08
4.214074e-08
4.748939e-08
5.684095e-08
7.274330e-08
9.950059e-08
1.440978e-07
2.181712e-07
3.407761e-07
5.434700e-07
8.781290e-07
1.430449e-06
2.341537e-06
3.844236e-06
6.322215e-06
1.040827e-05
1.714541e-05
2.825348e-05
4.656747e-05
7.676130e-05
1.265389e-04
2.085982e-04
3.438621e-04
5.667952e-04
9.341332e-04
1.539183e-03
2.535142e-03
4.172871e-03
6.861319e-03
1.126226e-02
1.843365e-02
3.003280e-02
4.856944e-02
7.763145e-02
1.218558e-01
1.861880e-01
2.738905e-01
3.834400e-01
5.062566e-01
6.283226e-01
7.359507e-01
8.212776e-01
8.833999e-01
9.258778e-01
9.536921e-01
9.713915e-01
9.824505e-01
9.892817e-01
9.934715e-01
9.960300e-01
9.975883e-01
9.985358e-01
9.991114e-01
9.994608e-01
9.996729e-01
9.998016e-01
9.998796e-01
9.999270e-01
9.999557e-01
9.999731e-01
9.999837e-01
9.999901e-01
9.999940e-01
9.999963e-01
9.999977e-01
9.999986e-01
9.999991e-01
9.999994e-01
9.999996e-01
9.999998e-01
9.999998e-01
9.999999e-01
9.999999e-01
9.999999e-01
9.999999e-01
9.999999e-01
9.999999e-01
9.999999e-01
9.999999e-01
9.999999e-01
9.999999e-01
9.999999e-01
9.999999e-01
9.999999e-01
9.999999e-01
9.999999e-01
9.999999e-01
9.999999e-01
9.999999e-01
9.999999e-01
9.999999e-01
9.999999e-01
9.999999e-01
9.999999e-01
9.999999e-01
9.999999e-01
9.999999e-01
9.999999e-01
9.999999e-01
9.999999e-01
9.999999e-01
9.999999e-01
9.999999e-01
9.999999e-01
9.999999e-01
9.999999e-01
9.999999e-01
9.999998e-01
9.999998e-01
9.999998e-01
9.999998e-01
9.999998e-01
9.999998e-01
9.999998e-01
9.999998e-01
9.999998e-01
9.999998e-01
9.999998e-01
9.999998e-01
9.999998e-01
9.999998e-01
9.999998e-01
9.999998e-01
9.999998e-01
9.999998e-01
9.999998e-01
9.999998e-01
9.999998e-01
9.999998e-01
9.999998e-01
9.999998e-01
9.999998e-01
9.999998e-01
9.999998e-01
9.999998e-01
9.999998e-01
9.999998e-01
9.999998e-01
9.999998e-01
9.999998e-01
9.999998e-01
9.999998e-01
9.999998e-01
9.999998e-01
9.999998e-01
9.999998e-01
9.999998e-01
9.999998e-01
9.999998e-01
9.999998e-01
9.999998e-01
9.999998e-01
9.999998e-01
9.999998e-01
9.999998e-01
9.999998e-01
9.999998e-01
9.999997e-01
9.999997e-01
9.999997e-01
9.999997e-01
9.999997e-01
9.999997e-01
9.999997e-01
9.999997e-01
9.999997e-01
9.999997e-01
9.999997e-01
9.999997e-01
9.999997e-01
9.999997e-01
9.999997e-01
9.999997e-01
9.999997e-01
9.999997e-01
9.999997e-01
9.999997e-01
9.999997e-01
9.999997e-01
9.999997e-01
9.999997e-01
9.999997e-01
9.999997e-01
9.999997e-01
9.999997e-01
9.999997e-01
9.999997e-01
9.999997e-01
9.999997e-01
9.999997e-01
9.999997e-01
9.999997e-01
9.999997e-01
9.999997e-01
9.999997e-01
9.999997e-01
9.999997e-01
9.999997e-01
9.999997e-01
9.999997e-01
9.999997e-01
9.999997e-01
9.999997e-01
9.999997e-01
9.999997e-01
9.999997e-01
9.999997e-01
9.999997e-01
9.999997e-01
9.999997e-01
9.999997e-01
9.999997e-01
9.999997e-01
9.999997e-01
9.999997e-01
9.999997e-01
9.999997e-01
9.999997e-01
9.999997e-01
9.999997e-01
9.999997e-01
9.999997e-01
9.999997e-01
9.999996e-01
9.999996e-01
9.999996e-01
9.999996e-01
9.999996e-01
9.999996e-01
9.999996e-01
9.999996e-01
9.999996e-01
9.999996e-01
9.999996e-01
9.999996e-01
9.999996e-01
9.999996e-01
9.999996e-01
9.999996e-01
9.999996e-01
9.999996e-01
9.999996e-01
9.999996e-01
9.999996e-01
9.999996e-01
9.999996e-01
9.999996e-01
9.999996e-01
9.999996e-01
9.999996e-01
9.999996e-01
9.999996e-01
9.999996e-01
9.999996e-01
9.999996e-01
9.999996e-01
9.999996e-01
9.999996e-01
9.999996e-01
9.999996e-01
9.999996e-01
9.999996e-01
9.999996e-01
9.999996e-01
9.999996e-01
9.999996e-01
9.999996e-01
9.999996e-01
9.999996e-01
9.999996e-01
9.999996e-01
9.999996e-01
9.999996e-01
9.999996e-01
9.999996e-01
9.999996e-01
9.999996e-01
9.999996e-01
9.999996e-01
9.999996e-01
9.999996e-01
9.999996e-01
9.999996e-01
9.999996e-01
9.999996e-01
9.999996e-01
9.999996e-01
9.999996e-01
9.999996e-01
9.999996e-01
9.999996e-01
9.999996e-01
9.999996e-01
9.999996e-01
9.999996e-01
9.999996e-01
9.999996e-01
9.999996e-01
9.999996e-01
9.999996e-01
9.999996e-01
9.999996e-01
9.999996e-01
9.999996e-01
9.999996e-01
9.999996e-01
9.999996e-01
9.999996e-01
9.999996e-01
9.999996e-01
9.999996e-01
9.999996e-01
9.999996e-01
9.999996e-01
9.999996e-01
9.999996e-01
9.999996e-01
9.999996e-01
9.999996e-01
9.999996e-01
9.999996e-01
9.999996e-01
9.999996e-01
9.999996e-01
9.999996e-01
9.999996e-01
9.999996e-01
9.999996e-01
9.999996e-01
9.999996e-01
9.999996e-01
9.999996e-01
9.999996e-01
9.999996e-01
9.999996e-01
9.999996e-01
9.999996e-01
9.999996e-01
9.999996e-01
9.999996e-01
9.999996e-01
9.999996e-01
9.999996e-01
9.999996e-01
9.999996e-01
9.999996e-01
9.999996e-01
9.999996e-01
9.999996e-01
9.999996e-01
9.999996e-01
9.999996e-01
9.999996e-01
9.999996e-01
9.999996e-01
9.999996e-01
9.999996e-01
9.999996e-01
9.999996e-01
9.999996e-01
9.999996e-01
9.999996e-01
9.999996e-01
9.999996e-01
9.999996e-01
9.999996e-01
9.999996e-01
9.999996e-01
9.999996e-01
9.999996e-01
9.999996e-01
9.999996e-01
9.999996e-01
9.999996e-01
9.999996e-01
9.999996e-01
9.999996e-01
9.999996e-01
9.999996e-01
9.999996e-01
9.999996e-01
9.999996e-01
9.999996e-01
9.999996e-01
9.999996e-01
9.999996e-01
9.999996e-01
9.999996e-01
9.999996e-01
9.999996e-01
9.999996e-01
9.999996e-01
9.999996e-01
9.999996e-01
9.999996e-01
9.999996e-01
9.999996e-01
9.999996e-01
9.999996e-01
9.999996e-01
9.999996e-01
9.999996e-01
9.999996e-01
9.999996e-01
9.999996e-01
9.999996e-01
9.999996e-01
9.999996e-01
9.999996e-01
9.999996e-01
9.999996e-01
9.999996e-01
9.999996e-01
9.999996e-01
9.999996e-01
9.999996e-01
9.999996e-01
9.999996e-01
9.999997e-01
9.999997e-01
9.999997e-01
9.999997e-01
9.999997e-01
9.999997e-01
9.999997e-01
9.999997e-01
9.999997e-01
9.999997e-01
9.999997e-01
9.999997e-01
9.999997e-01
9.999997e-01
9.999997e-01
9.999997e-01
9.999997e-01
9.999997e-01
9.999997e-01
9.999997e-01
9.999997e-01
9.999997e-01
9.999997e-01
9.999997e-01
9.999997e-01
9.999997e-01
9.999997e-01
9.999997e-01
9.999997e-01
9.999997e-01
9.999997e-01
9.999997e-01
9.999997e-01
9.999997e-01
9.999997e-01
9.999997e-01
9.999997e-01
9.999997e-01
9.999997e-01
9.999997e-01
9.999997e-01
9.999997e-01
9.999997e-01
9.999997e-01
9.999997e-01
9.999997e-01
9.999997e-01
9.999997e-01
9.999997e-01
9.999997e-01
9.999997e-01
9.999997e-01
9.999997e-01
9.999997e-01
9.999997e-01
9.999997e-01
9.999997e-01
9.999997e-01
9.999997e-01
9.999997e-01
9.999997e-01
9.999997e-01
9.999997e-01
9.999997e-01
9.999997e-01
9.999997e-01
9.999998e-01
9.999998e-01
9.999998e-01
9.999998e-01
9.999998e-01
9.999998e-01
9.999998e-01
9.999998e-01
9.999998e-01
9.999998e-01
9.999998e-01
9.999998e-01
9.999998e-01
9.999998e-01
9.999998e-01
9.999998e-01
9.999998e-01
9.999998e-01
9.999998e-01
9.999998e-01
9.999998e-01
9.999998e-01
9.999998e-01
9.999998e-01
9.999998e-01
9.999998e-01
9.999998e-01
9.999998e-01
9.999998e-01
9.999998e-01
9.999998e-01
9.999998e-01
9.999998e-01
9.999998e-01
9.999998e-01
9.999998e-01
9.999998e-01
9.999998e-01
9.999998e-01
9.999998e-01
9.999998e-01
9.999998e-01
9.999998e-01
9.999998e-01
9.999998e-01
9.999998e-01
9.999998e-01
9.999998e-01
9.999998e-01
9.999998e-01
9.999999e-01
9.999999e-01
9.999999e-01
9.999999e-01
9.999999e-01
9.999999e-01
9.999999e-01
9.999999e-01
9.999999e-01
9.999999e-01
9.999999e-01
9.999999e-01
9.999999e-01
9.999999e-01
9.999999e-01
9.999999e-01
9.999999e-01
9.999999e-01
9.999999e-01
9.999999e-01
9.999999e-01
9.999999e-01
9.999999e-01
9.999999e-01
9.999999e-01
9.999999e-01
9.999999e-01
9.999999e-01
9.999999e-01
9.999999e-01
9.999999e-01
9.999999e-01
9.999999e-01
9.999999e-01
9.999999e-01
9.999999e-01
9.999998e-01
9.999998e-01
9.999996e-01
9.999994e-01
9.999991e-01
9.999986e-01
9.999977e-01
9.999963e-01
9.999940e-01
9.999901e-01
9.999837e-01
9.999731e-01
9.999557e-01
9.999270e-01
9.998796e-01
9.998016e-01
9.996729e-01
9.994608e-01
9.991114e-01
9.985358e-01
9.975883e-01
9.960300e-01
9.934715e-01
9.892817e-01
9.824505e-01
9.713915e-01
9.536921e-01
9.258778e-01
8.833999e-01
8.212776e-01
7.359507e-01
6.283226e-01
5.062566e-01
3.834400e-01
2.738905e-01
1.861880e-01
1.218558e-01
7.763145e-02
4.856944e-02
3.003280e-02
1.843365e-02
1.126226e-02
6.861319e-03
4.172871e-03
2.535142e-03
1.539183e-03
9.341332e-04
5.667952e-04
3.438621e-04
2.085982e-04
1.265389e-04
7.676130e-05
4.656747e-05
2.825348e-05
1.714541e-05
1.040827e-05
6.322215e-06
3.844236e-06
2.341537e-06
1.430449e-06
8.781290e-07
5.434700e-07
3.407762e-07
2.181713e-07
1.440978e-07
9.950061e-08
7.274333e-08
5.684098e-08
4.748942e-08
4.214078e-08
3.919127e-08
3.772261e-08
3.712692e-08
3.708314e-08
3.735182e-08
3.782971e-08
3.841467e-08
3.908195e-08
3.978140e-08
4.051579e-08
4.125536e-08
4.201183e-08
4.276404e-08
4.352597e-08
4.428058e-08
4.504180e-08
4.579492e-08
4.655310e-08
4.730320e-08
4.805742e-08
4.880383e-08
4.955366e-08
5.029603e-08
5.104127e-08
5.177936e-08
5.251985e-08
5.325349e-08
5.398910e-08
5.471811e-08
5.544872e-08
5.617295e-08
5.689844e-08
5.761775e-08
5.833799e-08
5.905223e-08
5.976711e-08
6.047614e-08
6.118553e-08
6.188920e-08
6.259299e-08
6.329117e-08
6.398924e-08
6.468179e-08
6.537400e-08
6.606079e-08
6.674704e-08
6.742794e-08
6.810809e-08
6.878296e-08
6.945691e-08
7.012563e-08
7.079325e-08
7.145568e-08
7.211686e-08
7.277289e-08
7.342750e-08
7.407699e-08
7.472493e-08
7.536776e-08
7.600890e-08
7.664496e-08
7.727919e-08
7.790835e-08
7.853556e-08
7.915770e-08
7.977777e-08
8.039278e-08
8.100560e-08
8.161337e-08
8.221882e-08
8.281923e-08
8.341722e-08
8.401015e-08
8.460056e-08
8.518591e-08
8.576864e-08
8.634629e-08
8.692123e-08
8.749109e-08
8.805813e-08
8.862008e-08
8.917912e-08
8.973306e-08
9.028400e-08
9.082982e-08
9.137257e-08
9.191017e-08
9.244462e-08
9.297391e-08
9.349996e-08
9.402083e-08
9.453839e-08
9.505076e-08
9.555973e-08
9.606349e-08
9.656378e-08
9.705884e-08
9.755036e-08
9.803663e-08
9.851929e-08
9.899667e-08
9.947039e-08
9.993880e-08
1.004035e-07
1.008628e-07
1.013184e-07
1.017686e-07
1.022150e-07
1.026560e-07
1.030930e-07
1.035247e-07
1.039524e-07
1.043747e-07
1.047930e-07
1.052058e-07
1.056145e-07
1.060178e-07
1.064170e-07
1.068106e-07
1.072001e-07
1.075841e-07
1.079639e-07
1.083381e-07
1.087080e-07
1.090724e-07
1.094325e-07
1.097869e-07
1.101371e-07
1.104816e-07
1.108217e-07
1.111562e-07
1.114862e-07
1.118106e-07
1.121306e-07
1.124448e-07
1.127546e-07
1.130586e-07
1.133581e-07
1.136519e-07
1.139411e-07
1.142245e-07
1.145034e-07
1.147765e-07
1.150449e-07
1.153076e-07
1.155656e-07
1.158178e-07
1.160653e-07
1.163070e-07
1.165439e-07
1.167750e-07
1.170014e-07
1.172219e-07
1.174376e-07
1.176475e-07
1.178526e-07
1.180518e-07
1.182461e-07
1.184346e-07
1.186182e-07
1.187959e-07
1.189687e-07
1.191357e-07
1.192977e-07
1.194538e-07
1.196050e-07
1.197503e-07
1.198906e-07
1.200250e-07
1.201544e-07
1.202779e-07
1.203964e-07
1.205090e-07
1.206165e-07
1.207182e-07
1.208148e-07
1.209055e-07
1.209911e-07
1.210708e-07
1.211455e-07
1.212141e-07
1.212778e-07
1.213355e-07
1.213881e-07
1.214348e-07
1.214764e-07
1.215121e-07
1.215426e-07
1.215672e-07
1.215868e-07
1.216004e-07
1.216089e-07
