1.458654e-07
1.458623e-07
1.458521e-07
1.458358e-07
1.458123e-07
1.457826e-07
1.457459e-07
1.457030e-07
1.456530e-07
1.455968e-07
1.455336e-07
1.454642e-07
1.453877e-07
1.453050e-07
1.452153e-07
1.451194e-07
1.450165e-07
1.449074e-07
1.447913e-07
1.446690e-07
1.445397e-07
1.444043e-07
1.442618e-07
1.441133e-07
1.439577e-07
1.437961e-07
1.436274e-07
1.434527e-07
1.432709e-07
1.430831e-07
1.428884e-07
1.426876e-07
1.424798e-07
1.422661e-07
1.420453e-07
1.418186e-07
1.415850e-07
1.413454e-07
1.410989e-07
1.408465e-07
1.405871e-07
1.403219e-07
1.400498e-07
1.397718e-07
1.394870e-07
1.391963e-07
1.388988e-07
1.385954e-07
1.382853e-07
1.379694e-07
1.376467e-07
1.373182e-07
1.369830e-07
1.366421e-07
1.362944e-07
1.359411e-07
1.355810e-07
1.352154e-07
1.348430e-07
1.344651e-07
1.340805e-07
1.336903e-07
1.332935e-07
1.328913e-07
1.324824e-07
1.320681e-07
1.316471e-07
1.312208e-07
1.307879e-07
1.303497e-07
1.299050e-07
1.294550e-07
1.289984e-07
1.285367e-07
1.280684e-07
1.275950e-07
1.271152e-07
1.266302e-07
1.261388e-07
1.256424e-07
1.251395e-07
1.246317e-07
1.241175e-07
1.235984e-07
1.230729e-07
1.225426e-07
1.220060e-07
1.214646e-07
1.209170e-07
1.203646e-07
1.198060e-07
1.192427e-07
1.186732e-07
1.180992e-07
1.175189e-07
1.169342e-07
1.163433e-07
1.157480e-07
1.151466e-07
1.145408e-07
1.139289e-07
1.133128e-07
1.126907e-07
1.120643e-07
1.114319e-07
1.107955e-07
1.101530e-07
1.095066e-07
1.088541e-07
1.081978e-07
1.075355e-07
1.068694e-07
1.061974e-07
1.055217e-07
1.048401e-07
1.041549e-07
1.034638e-07
1.027692e-07
1.020687e-07
1.013648e-07
1.006552e-07
9.994219e-08
9.922341e-08
9.850145e-08
9.777370e-08
9.704289e-08
9.630630e-08
9.556679e-08
9.482150e-08
9.407340e-08
9.331954e-08
9.256302e-08
9.180073e-08
9.103591e-08
9.026532e-08
8.949236e-08
8.871362e-08
8.793265e-08
8.714589e-08
8.635707e-08
8.556244e-08
8.476591e-08
8.396355e-08
8.315947e-08
8.234952e-08
8.153804e-08
8.072065e-08
7.990191e-08
7.907722e-08
7.825140e-08
7.741956e-08
7.658680e-08
7.574796e-08
7.490843e-08
7.406272e-08
7.321658e-08
7.236417e-08
7.151158e-08
7.065260e-08
6.979374e-08
6.892835e-08
6.806337e-08
6.719171e-08
6.632080e-08
6.544302e-08
6.456635e-08
6.368260e-08
6.280035e-08
6.191077e-08
6.102313e-08
6.012789e-08
5.923508e-08
5.833436e-08
5.743662e-08
5.653067e-08
5.562840e-08
5.471764e-08
5.381153e-08
5.289693e-08
5.198855e-08
5.107247e-08
5.016573e-08
4.925436e-08
4.835953e-08
4.746952e-08
4.661411e-08
4.579052e-08
4.504893e-08
4.441407e-08
4.398811e-08
4.387430e-08
4.431210e-08
4.562257e-08
4.841361e-08
5.360351e-08
6.279606e-08
7.853916e-08
1.051370e-07
1.495745e-07
2.234881e-07
3.459331e-07
5.484671e-07
8.829664e-07
1.435128e-06
2.346057e-06
3.848599e-06
6.326424e-06
1.041233e-05
1.714933e-05
2.825727e-05
4.657116e-05
7.676493e-05
1.265426e-04
2.086019e-04
3.438660e-04
5.667997e-04
9.341387e-04
1.539190e-03
2.535152e-03
4.172886e-03
6.861342e-03
1.126230e-02
1.843371e-02
3.003290e-02
4.856958e-02
7.763167e-02
1.218561e-01
1.861885e-01
2.738911e-01
3.834408e-01
5.062573e-01
6.283233e-01
7.359513e-01
8.212781e-01
8.834002e-01
9.258780e-01
9.536922e-01
9.713916e-01
9.824506e-01
9.892817e-01
9.934715e-01
9.960301e-01
9.975883e-01
9.985358e-01
9.991114e-01
9.994608e-01
9.996729e-01
9.998016e-01
9.998796e-01
9.999270e-01
9.999557e-01
9.999731e-01
9.999837e-01
9.999901e-01
9.999939e-01
9.999963e-01
9.999977e-01
9.999986e-01
9.999991e-01
9.999994e-01
9.999996e-01
9.999997e-01
9.999998e-01
9.999999e-01
9.999999e-01
9.999999e-01
9.999999e-01
9.999999e-01
9.999999e-01
9.999999e-01
9.999999e-01
9.999999e-01
9.999999e-01
9.999999e-01
9.999999e-01
9.999999e-01
9.999999e-01
9.999999e-01
9.999999e-01
9.999999e-01
9.999999e-01
9.999999e-01
9.999999e-01
9.999999e-01
9.999999e-01
9.999999e-01
9.999999e-01
9.999999e-01
9.999999e-01
9.999999e-01
9.999998e-01
9.999998e-01
9.999998e-01
9.999998e-01
9.999998e-01
9.999998e-01
9.999998e-01
9.999998e-01
9.999998e-01
9.999998e-01
9.999998e-01
9.999998e-01
9.999998e-01
9.999998e-01
9.999998e-01
9.999998e-01
9.999998e-01
9.999998e-01
9.999998e-01
9.999998e-01
9.999998e-01
9.999998e-01
9.999998e-01
9.999998e-01
9.999998e-01
9.999998e-01
9.999998e-01
9.999998e-01
9.999998e-01
9.999998e-01
9.999998e-01
9.999998e-01
9.999998e-01
9.999998e-01
9.999998e-01
9.999998e-01
9.999998e-01
9.999998e-01
9.999998e-01
9.999998e-01
9.999998e-01
9.999998e-01
9.999998e-01
9.999997e-01
9.999997e-01
9.999997e-01
9.999997e-01
9.999997e-01
9.999997e-01
9.999997e-01
9.999997e-01
9.999997e-01
9.999997e-01
9.999997e-01
9.999997e-01
9.999997e-01
9.999997e-01
9.999997e-01
9.999997e-01
9.999997e-01
9.999997e-01
9.999997e-01
9.999997e-01
9.999997e-01
9.999997e-01
9.999997e-01
9.999997e-01
9.999997e-01
9.999997e-01
9.999997e-01
9.999997e-01
9.999997e-01
9.999997e-01
9.999997e-01
9.999997e-01
9.999997e-01
9.999997e-01
9.999997e-01
9.999997e-01
9.999997e-01
9.999997e-01
9.999997e-01
9.999997e-01
9.999997e-01
9.999997e-01
9.999997e-01
9.999997e-01
9.999997e-01
9.999997e-01
9.999997e-01
9.999997e-01
9.999997e-01
9.999997e-01
9.999997e-01
9.999996e-01
9.999996e-01
9.999996e-01
9.999996e-01
9.999996e-01
9.999996e-01
9.999996e-01
9.999996e-01
9.999996e-01
9.999996e-01
9.999996e-01
9.999996e-01
9.999996e-01
9.999996e-01
9.999996e-01
9.999996e-01
9.999996e-01
9.999996e-01
9.999996e-01
9.999996e-01
9.999996e-01
9.999996e-01
9.999996e-01
9.999996e-01
9.999996e-01
9.999996e-01
9.999996e-01
9.999996e-01
9.999996e-01
9.999996e-01
9.999996e-01
9.999996e-01
9.999996e-01
9.999996e-01
9.999996e-01
9.999996e-01
9.999996e-01
9.999996e-01
9.999996e-01
9.999996e-01
9.999996e-01
9.999996e-01
9.999996e-01
9.999996e-01
9.999996e-01
9.999996e-01
9.999996e-01
9.999996e-01
9.999996e-01
9.999996e-01
9.999996e-01
9.999996e-01
9.999996e-01
9.999996e-01
9.999996e-01
9.999996e-01
9.999996e-01
9.999996e-01
9.999996e-01
9.999996e-01
9.999996e-01
9.999996e-01
9.999996e-01
9.999996e-01
9.999996e-01
9.999996e-01
9.999996e-01
9.999996e-01
9.999996e-01
9.999996e-01
9.999996e-01
9.999996e-01
9.999996e-01
9.999996e-01
9.999996e-01
9.999996e-01
9.999996e-01
9.999996e-01
9.999996e-01
9.999996e-01
9.999996e-01
9.999996e-01
9.999996e-01
9.999996e-01
9.999995e-01
9.999995e-01
9.999995e-01
9.999995e-01
9.999995e-01
9.999995e-01
9.999995e-01
9.999995e-01
9.999995e-01
9.999995e-01
9.999995e-01
9.999995e-01
9.999995e-01
9.999995e-01
9.999995e-01
9.999995e-01
9.999995e-01
9.999995e-01
9.999995e-01
9.999995e-01
9.999995e-01
9.999995e-01
9.999995e-01
9.999995e-01
9.999995e-01
9.999995e-01
9.999995e-01
9.999995e-01
9.999995e-01
9.999995e-01
9.999995e-01
9.999995e-01
9.999995e-01
9.999995e-01
9.999995e-01
9.999995e-01
9.999995e-01
9.999995e-01
9.999995e-01
9.999995e-01
9.999995e-01
9.999995e-01
9.999995e-01
9.999995e-01
9.999995e-01
9.999995e-01
9.999995e-01
9.999995e-01
9.999995e-01
9.999995e-01
9.999995e-01
9.999995e-01
9.999995e-01
9.999995e-01
9.999995e-01
9.999995e-01
9.999995e-01
9.999995e-01
9.999995e-01
9.999995e-01
9.999995e-01
9.999995e-01
9.999995e-01
9.999995e-01
9.999995e-01
9.999995e-01
9.999995e-01
9.999995e-01
9.999995e-01
9.999995e-01
9.999995e-01
9.999995e-01
9.999995e-01
9.999995e-01
9.999995e-01
9.999995e-01
9.999995e-01
9.999995e-01
9.999995e-01
9.999995e-01
9.999995e-01
9.999995e-01
9.999995e-01
9.999995e-01
9.999995e-01
9.999995e-01
9.999995e-01
9.999995e-01
9.999995e-01
9.999996e-01
9.999996e-01
9.999996e-01
9.999996e-01
9.999996e-01
9.999996e-01
9.999996e-01
9.999996e-01
9.999996e-01
9.999996e-01
9.999996e-01
9.999996e-01
9.999996e-01
9.999996e-01
9.999996e-01
9.999996e-01
9.999996e-01
9.999996e-01
9.999996e-01
9.999996e-01
9.999996e-01
9.999996e-01
9.999996e-01
9.999996e-01
9.999996e-01
9.999996e-01
9.999996e-01
9.999996e-01
9.999996e-01
9.999996e-01
9.999996e-01
9.999996e-01
9.999996e-01
9.999996e-01
9.999996e-01
9.999996e-01
9.999996e-01
9.999996e-01
9.999996e-01
9.999996e-01
9.999996e-01
9.999996e-01
9.999996e-01
9.999996e-01
9.999996e-01
9.999996e-01
9.999996e-01
9.999996e-01
9.999996e-01
9.999996e-01
9.999996e-01
9.999996e-01
9.999996e-01
9.999996e-01
9.999996e-01
9.999996e-01
9.999996e-01
9.999996e-01
9.999996e-01
9.999996e-01
9.999996e-01
9.999996e-01
9.999996e-01
9.999996e-01
9.999996e-01
9.999996e-01
9.999996e-01
9.999996e-01
9.999996e-01
9.999996e-01
9.999996e-01
9.999996e-01
9.999996e-01
9.999996e-01
9.999996e-01
9.999996e-01
9.999996e-01
9.999996e-01
9.999996e-01
9.999996e-01
9.999996e-01
9.999996e-01
9.999996e-01
9.999996e-01
9.999997e-01
9.999997e-01
9.999997e-01
9.999997e-01
9.999997e-01
9.999997e-01
9.999997e-01
9.999997e-01
9.999997e-01
9.999997e-01
9.999997e-01
9.999997e-01
9.999997e-01
9.999997e-01
9.999997e-01
9.999997e-01
9.999997e-01
9.999997e-01
9.999997e-01
9.999997e-01
9.999997e-01
9.999997e-01
9.999997e-01
9.999997e-01
9.999997e-01
9.999997e-01
9.999997e-01
9.999997e-01
9.999997e-01
9.999997e-01
9.999997e-01
9.999997e-01
9.999997e-01
9.999997e-01
9.999997e-01
9.999997e-01
9.999997e-01
9.999997e-01
9.999997e-01
9.999997e-01
9.999997e-01
9.999997e-01
9.999997e-01
9.999997e-01
9.999997e-01
9.999997e-01
9.999997e-01
9.999997e-01
9.999997e-01
9.999997e-01
9.999997e-01
9.999998e-01
9.999998e-01
9.999998e-01
9.999998e-01
9.999998e-01
9.999998e-01
9.999998e-01
9.999998e-01
9.999998e-01
9.999998e-01
9.999998e-01
9.999998e-01
9.999998e-01
9.999998e-01
9.999998e-01
9.999998e-01
9.999998e-01
9.999998e-01
9.999998e-01
9.999998e-01
9.999998e-01
9.999998e-01
9.999998e-01
9.999998e-01
9.999998e-01
9.999998e-01
9.999998e-01
9.999998e-01
9.999998e-01
9.999998e-01
9.999998e-01
9.999998e-01
9.999998e-01
9.999998e-01
9.999998e-01
9.999998e-01
9.999998e-01
9.999998e-01
9.999998e-01
9.999998e-01
9.999998e-01
9.999998e-01
9.999998e-01
9.999999e-01
9.999999e-01
9.999999e-01
9.999999e-01
9.999999e-01
9.999999e-01
9.999999e-01
9.999999e-01
9.999999e-01
9.999999e-01
9.999999e-01
9.999999e-01
9.999999e-01
9.999999e-01
9.999999e-01
9.999999e-01
9.999999e-01
9.999999e-01
9.999999e-01
9.999999e-01
9.999999e-01
9.999999e-01
9.999999e-01
9.999999e-01
9.999999e-01
9.999999e-01
9.999999e-01
9.999998e-01
9.999997e-01
9.999996e-01
9.999994e-01
9.999991e-01
9.999986e-01
9.999977e-01
9.999963e-01
9.999939e-01
9.999901e-01
9.999837e-01
9.999731e-01
9.999557e-01
9.999270e-01
9.998796e-01
9.998016e-01
9.996729e-01
9.994608e-01
9.991114e-01
9.985358e-01
9.975883e-01
9.960301e-01
9.934715e-01
9.892817e-01
9.824506e-01
9.713916e-01
9.536922e-01
9.258780e-01
8.834002e-01
8.212781e-01
7.359513e-01
6.283233e-01
5.062573e-01
3.834408e-01
2.738911e-01
1.861885e-01
1.218561e-01
7.763167e-02
4.856958e-02
3.003290e-02
1.843371e-02
1.126230e-02
6.861342e-03
4.172886e-03
2.535152e-03
1.539190e-03
9.341387e-04
5.667997e-04
3.438660e-04
2.086019e-04
1.265426e-04
7.676493e-05
4.657116e-05
2.825727e-05
1.714933e-05
1.041233e-05
6.326424e-06
3.848599e-06
2.346057e-06
1.435128e-06
8.829664e-07
5.484671e-07
3.459331e-07
2.234881e-07
1.495745e-07
1.051370e-07
7.853919e-08
6.279610e-08
5.360354e-08
4.841365e-08
4.562261e-08
4.431214e-08
4.387434e-08
4.398815e-08
4.441411e-08
4.504897e-08
4.579056e-08
4.661415e-08
4.746957e-08
4.835958e-08
4.925441e-08
5.016578e-08
5.107252e-08
5.198861e-08
5.289698e-08
5.381159e-08
5.471769e-08
5.562845e-08
5.653072e-08
5.743668e-08
5.833441e-08
5.923514e-08
6.012795e-08
6.102319e-08
6.191083e-08
6.280041e-08
6.368266e-08
6.456641e-08
6.544309e-08
6.632087e-08
6.719178e-08
6.806344e-08
6.892841e-08
6.979381e-08
7.065267e-08
7.151165e-08
7.236424e-08
7.321665e-08
7.406279e-08
7.490850e-08
7.574803e-08
7.658687e-08
7.741963e-08
7.825147e-08
7.907730e-08
7.990198e-08
8.072072e-08
8.153811e-08
8.234959e-08
8.315954e-08
8.396362e-08
8.476598e-08
8.556251e-08
8.635714e-08
8.714596e-08
8.793271e-08
8.871368e-08
8.949242e-08
9.026538e-08
9.103597e-08
9.180078e-08
9.256307e-08
9.331960e-08
9.407346e-08
9.482154e-08
9.556684e-08
9.630635e-08
9.704294e-08
9.777374e-08
9.850149e-08
9.922345e-08
9.994223e-08
1.006552e-07
1.013649e-07
1.020687e-07
1.027692e-07
1.034638e-07
1.041549e-07
1.048401e-07
1.055217e-07
1.061974e-07
1.068695e-07
1.075355e-07
1.081978e-07
1.088542e-07
1.095066e-07
1.101530e-07
1.107955e-07
1.114320e-07
1.120643e-07
1.126907e-07
1.133128e-07
1.139290e-07
1.145408e-07
1.151466e-07
1.157480e-07
1.163433e-07
1.169342e-07
1.175189e-07
1.180992e-07
1.186732e-07
1.192427e-07
1.198060e-07
1.203646e-07
1.209170e-07
1.214646e-07
1.220060e-07
1.225426e-07
1.230729e-07
1.235984e-07
1.241175e-07
1.246317e-07
1.251395e-07
1.256424e-07
1.261388e-07
1.266302e-07
1.271152e-07
1.275950e-07
1.280684e-07
1.285367e-07
1.289984e-07
1.294550e-07
1.299050e-07
1.303497e-07
1.307879e-07
1.312208e-07
1.316471e-07
1.320680e-07
1.324824e-07
1.328913e-07
1.332935e-07
1.336903e-07
1.340805e-07
1.344651e-07
1.348430e-07
1.352154e-07
1.355810e-07
1.359411e-07
1.362944e-07
1.366421e-07
1.369830e-07
1.373182e-07
1.376467e-07
1.379694e-07
1.382853e-07
1.385954e-07
1.388988e-07
1.391963e-07
1.394870e-07
1.397718e-07
1.400498e-07
1.403219e-07
1.405871e-07
1.408465e-07
1.410989e-07
1.413454e-07
1.415850e-07
1.418187e-07
1.420453e-07
1.422661e-07
1.424798e-07
1.426876e-07
1.428884e-07
1.430831e-07
1.432709e-07
1.434527e-07
1.436274e-07
1.437961e-07
1.439577e-07
1.441133e-07
1.442619e-07
1.444043e-07
1.445397e-07
1.446690e-07
1.447913e-07
1.449074e-07
1.450165e-07
1.451194e-07
1.452153e-07
1.453050e-07
1.453877e-07
1.454642e-07
1.455336e-07
1.455969e-07
1.456530e-07
1.457030e-07
1.457459e-07
1.457827e-07
1.458123e-07
1.458358e-07
1.458521e-07
1.458623e-07
