1.014381e-07
1.014361e-07
1.014290e-07
1.014177e-07
1.014014e-07
1.013810e-07
1.013555e-07
1.013259e-07
1.012912e-07
1.012524e-07
1.012086e-07
1.011606e-07
1.011076e-07
1.010505e-07
1.009884e-07
1.009221e-07
1.008509e-07
1.007755e-07
1.006950e-07
1.006105e-07
1.005210e-07
1.004274e-07
1.003288e-07
1.002261e-07
1.001184e-07
1.000066e-07
9.988983e-08
9.976903e-08
9.964322e-08
9.951338e-08
9.937856e-08
9.923972e-08
9.909590e-08
9.894810e-08
9.879531e-08
9.863856e-08
9.847684e-08
9.831117e-08
9.814054e-08
9.796598e-08
9.778647e-08
9.760306e-08
9.741471e-08
9.722247e-08
9.702531e-08
9.682429e-08
9.661836e-08
9.640859e-08
9.619392e-08
9.597544e-08
9.575207e-08
9.552492e-08
9.529290e-08
9.505712e-08
9.481649e-08
9.457212e-08
9.432292e-08
9.407002e-08
9.381229e-08
9.355090e-08
9.328469e-08
9.301486e-08
9.274023e-08
9.246200e-08
9.217898e-08
9.189241e-08
9.160107e-08
9.130621e-08
9.100660e-08
9.070351e-08
9.039568e-08
9.008440e-08
8.976841e-08
8.944901e-08
8.912492e-08
8.879746e-08
8.846532e-08
8.812986e-08
8.778973e-08
8.744633e-08
8.709828e-08
8.674701e-08
8.639110e-08
8.603201e-08
8.566831e-08
8.530148e-08
8.493005e-08
8.455554e-08
8.417645e-08
8.379433e-08
8.340765e-08
8.301800e-08
8.262380e-08
8.222668e-08
8.182503e-08
8.142052e-08
8.101149e-08
8.059967e-08
8.018334e-08
7.976428e-08
7.934073e-08
7.891450e-08
7.848380e-08
7.805050e-08
7.761272e-08
7.717241e-08
7.672765e-08
7.628042e-08
7.582875e-08
7.537468e-08
7.491618e-08
7.445536e-08
7.399011e-08
7.352263e-08
7.305072e-08
7.257666e-08
7.209818e-08
7.161762e-08
7.113265e-08
7.064569e-08
7.015432e-08
6.966105e-08
6.916336e-08
6.866388e-08
6.815997e-08
6.765436e-08
6.714431e-08
6.663268e-08
6.611659e-08
6.559902e-08
6.507698e-08
6.455358e-08
6.402568e-08
6.349654e-08
6.296289e-08
6.242810e-08
6.188878e-08
6.134847e-08
6.080357e-08
6.025782e-08
5.970746e-08
5.915638e-08
5.860063e-08
5.804433e-08
5.748331e-08
5.692188e-08
5.635568e-08
5.578924e-08
5.521796e-08
5.464662e-08
5.407035e-08
5.349423e-08
5.291308e-08
5.233228e-08
5.174634e-08
5.116097e-08
5.057035e-08
4.998054e-08
4.938533e-08
4.879119e-08
4.819149e-08
4.759314e-08
4.698905e-08
4.638662e-08
4.577824e-08
4.517185e-08
4.455927e-08
4.394906e-08
4.333238e-08
4.271849e-08
4.209782e-08
4.148040e-08
4.085587e-08
4.023513e-08
3.960695e-08
3.898322e-08
3.835176e-08
3.772569e-08
3.709185e-08
3.646496e-08
3.583105e-08
3.520719e-08
3.457937e-08
3.396875e-08
3.336361e-08
3.279369e-08
3.225623e-08
3.180137e-08
3.145384e-08
3.131579e-08
3.149047e-08
3.221730e-08
3.381734e-08
3.689847e-08
4.237897e-08
5.186259e-08
6.789721e-08
9.478695e-08
1.395168e-07
2.137229e-07
3.364606e-07
5.392872e-07
8.740788e-07
1.426531e-06
2.337750e-06
3.840579e-06
6.318684e-06
1.040486e-05
1.714212e-05
2.825029e-05
4.656436e-05
7.675825e-05
1.265359e-04
2.085951e-04
3.438587e-04
5.667913e-04
9.341284e-04
1.539176e-03
2.535133e-03
4.172857e-03
6.861298e-03
1.126223e-02
1.843360e-02
3.003272e-02
4.856931e-02
7.763124e-02
1.218555e-01
1.861876e-01
2.738899e-01
3.834394e-01
5.062559e-01
6.283220e-01
7.359502e-01
8.212772e-01
8.833996e-01
9.258776e-01
9.536919e-01
9.713915e-01
9.824505e-01
9.892817e-01
9.934715e-01
9.960300e-01
9.975883e-01
9.985358e-01
9.991114e-01
9.994608e-01
9.996729e-01
9.998016e-01
9.998796e-01
9.999270e-01
9.999557e-01
9.999731e-01
9.999837e-01
9.999901e-01
9.999940e-01
9.999963e-01
9.999977e-01
9.999986e-01
9.999991e-01
9.999995e-01
9.999996e-01
9.999998e-01
9.999998e-01
9.999999e-01
9.999999e-01
9.999999e-01
9.999999e-01
9.999999e-01
9.999999e-01
9.999999e-01
9.999999e-01
9.999999e-01
9.999999e-01
9.999999e-01
9.999999e-01
9.999999e-01
9.999999e-01
9.999999e-01
9.999999e-01
9.999999e-01
9.999999e-01
9.999999e-01
9.999999e-01
9.999999e-01
9.999999e-01
9.999999e-01
9.999999e-01
9.999999e-01
9.999999e-01
9.999999e-01
9.999999e-01
9.999999e-01
9.999999e-01
9.999999e-01
9.999999e-01
9.999999e-01
9.999999e-01
9.999999e-01
9.999999e-01
9.999999e-01
9.999999e-01
9.999999e-01
9.999999e-01
9.999999e-01
9.999999e-01
9.999999e-01
9.999999e-01
9.999999e-01
9.999998e-01
9.999998e-01
9.999998e-01
9.999998e-01
9.999998e-01
9.999998e-01
9.999998e-01
9.999998e-01
9.999998e-01
9.999998e-01
9.999998e-01
9.999998e-01
9.999998e-01
9.999998e-01
9.999998e-01
9.999998e-01
9.999998e-01
9.999998e-01
9.999998e-01
9.999998e-01
9.999998e-01
9.999998e-01
9.999998e-01
9.999998e-01
9.999998e-01
9.999998e-01
9.999998e-01
9.999998e-01
9.999998e-01
9.999998e-01
9.999998e-01
9.999998e-01
9.999998e-01
9.999998e-01
9.999998e-01
9.999998e-01
9.999998e-01
9.999998e-01
9.999998e-01
9.999998e-01
9.999998e-01
9.999998e-01
9.999998e-01
9.999998e-01
9.999998e-01
9.999998e-01
9.999998e-01
9.999998e-01
9.999998e-01
9.999998e-01
9.999998e-01
9.999998e-01
9.999998e-01
9.999998e-01
9.999998e-01
9.999998e-01
9.999998e-01
9.999998e-01
9.999998e-01
9.999998e-01
9.999997e-01
9.999997e-01
9.999997e-01
9.999997e-01
9.999997e-01
9.999997e-01
9.999997e-01
9.999997e-01
9.999997e-01
9.999997e-01
9.999997e-01
9.999997e-01
9.999997e-01
9.999997e-01
9.999997e-01
9.999997e-01
9.999997e-01
9.999997e-01
9.999997e-01
9.999997e-01
9.999997e-01
9.999997e-01
9.999997e-01
9.999997e-01
9.999997e-01
9.999997e-01
9.999997e-01
9.999997e-01
9.999997e-01
9.999997e-01
9.999997e-01
9.999997e-01
9.999997e-01
9.999997e-01
9.999997e-01
9.999997e-01
9.999997e-01
9.999997e-01
9.999997e-01
9.999997e-01
9.999997e-01
9.999997e-01
9.999997e-01
9.999997e-01
9.999997e-01
9.999997e-01
9.999997e-01
9.999997e-01
9.999997e-01
9.999997e-01
9.999997e-01
9.999997e-01
9.999997e-01
9.999997e-01
9.999997e-01
9.999997e-01
9.999997e-01
9.999997e-01
9.999997e-01
9.999997e-01
9.999997e-01
9.999997e-01
9.999997e-01
9.999997e-01
9.999997e-01
9.999997e-01
9.999997e-01
9.999997e-01
9.999997e-01
9.999997e-01
9.999997e-01
9.999997e-01
9.999997e-01
9.999997e-01
9.999997e-01
9.999997e-01
9.999997e-01
9.999997e-01
9.999997e-01
9.999997e-01
9.999997e-01
9.999997e-01
9.999997e-01
9.999997e-01
9.999997e-01
9.999997e-01
9.999997e-01
9.999997e-01
9.999997e-01
9.999997e-01
9.999997e-01
9.999997e-01
9.999997e-01
9.999997e-01
9.999997e-01
9.999997e-01
9.999997e-01
9.999997e-01
9.999997e-01
9.999997e-01
9.999996e-01
9.999996e-01
9.999996e-01
9.999996e-01
9.999996e-01
9.999996e-01
9.999996e-01
9.999996e-01
9.999996e-01
9.999996e-01
9.999996e-01
9.999996e-01
9.999996e-01
9.999996e-01
9.999996e-01
9.999996e-01
9.999996e-01
9.999996e-01
9.999996e-01
9.999996e-01
9.999996e-01
9.999996e-01
9.999996e-01
9.999996e-01
9.999996e-01
9.999996e-01
9.999996e-01
9.999996e-01
9.999996e-01
9.999996e-01
9.999996e-01
9.999996e-01
9.999996e-01
9.999996e-01
9.999996e-01
9.999996e-01
9.999996e-01
9.999996e-01
9.999996e-01
9.999996e-01
9.999996e-01
9.999996e-01
9.999996e-01
9.999996e-01
9.999996e-01
9.999996e-01
9.999996e-01
9.999996e-01
9.999996e-01
9.999996e-01
9.999996e-01
9.999996e-01
9.999996e-01
9.999996e-01
9.999996e-01
9.999996e-01
9.999996e-01
9.999996e-01
9.999996e-01
9.999996e-01
9.999996e-01
9.999996e-01
9.999996e-01
9.999996e-01
9.999996e-01
9.999996e-01
9.999996e-01
9.999996e-01
9.999996e-01
9.999996e-01
9.999996e-01
9.999996e-01
9.999996e-01
9.999996e-01
9.999996e-01
9.999996e-01
9.999996e-01
9.999996e-01
9.999996e-01
9.999996e-01
9.999996e-01
9.999996e-01
9.999996e-01
9.999996e-01
9.999996e-01
9.999996e-01
9.999996e-01
9.999996e-01
9.999996e-01
9.999997e-01
9.999997e-01
9.999997e-01
9.999997e-01
9.999997e-01
9.999997e-01
9.999997e-01
9.999997e-01
9.999997e-01
9.999997e-01
9.999997e-01
9.999997e-01
9.999997e-01
9.999997e-01
9.999997e-01
9.999997e-01
9.999997e-01
9.999997e-01
9.999997e-01
9.999997e-01
9.999997e-01
9.999997e-01
9.999997e-01
9.999997e-01
9.999997e-01
9.999997e-01
9.999997e-01
9.999997e-01
9.999997e-01
9.999997e-01
9.999997e-01
9.999997e-01
9.999997e-01
9.999997e-01
9.999997e-01
9.999997e-01
9.999997e-01
9.999997e-01
9.999997e-01
9.999997e-01
9.999997e-01
9.999997e-01
9.999997e-01
9.999997e-01
9.999997e-01
9.999997e-01
9.999997e-01
9.999997e-01
9.999997e-01
9.999997e-01
9.999997e-01
9.999997e-01
9.999997e-01
9.999997e-01
9.999997e-01
9.999997e-01
9.999997e-01
9.999997e-01
9.999997e-01
9.999997e-01
9.999997e-01
9.999997e-01
9.999997e-01
9.999997e-01
9.999997e-01
9.999997e-01
9.999997e-01
9.999997e-01
9.999997e-01
9.999997e-01
9.999997e-01
9.999997e-01
9.999997e-01
9.999997e-01
9.999997e-01
9.999997e-01
9.999997e-01
9.999997e-01
9.999997e-01
9.999997e-01
9.999997e-01
9.999997e-01
9.999997e-01
9.999997e-01
9.999997e-01
9.999997e-01
9.999997e-01
9.999997e-01
9.999997e-01
9.999997e-01
9.999997e-01
9.999997e-01
9.999997e-01
9.999997e-01
9.999997e-01
9.999997e-01
9.999997e-01
9.999997e-01
9.999997e-01
9.999997e-01
9.999998e-01
9.999998e-01
9.999998e-01
9.999998e-01
9.999998e-01
9.999998e-01
9.999998e-01
9.999998e-01
9.999998e-01
9.999998e-01
9.999998e-01
9.999998e-01
9.999998e-01
9.999998e-01
9.999998e-01
9.999998e-01
9.999998e-01
9.999998e-01
9.999998e-01
9.999998e-01
9.999998e-01
9.999998e-01
9.999998e-01
9.999998e-01
9.999998e-01
9.999998e-01
9.999998e-01
9.999998e-01
9.999998e-01
9.999998e-01
9.999998e-01
9.999998e-01
9.999998e-01
9.999998e-01
9.999998e-01
9.999998e-01
9.999998e-01
9.999998e-01
9.999998e-01
9.999998e-01
9.999998e-01
9.999998e-01
9.999998e-01
9.999998e-01
9.999998e-01
9.999998e-01
9.999998e-01
9.999998e-01
9.999998e-01
9.999998e-01
9.999998e-01
9.999998e-01
9.999998e-01
9.999998e-01
9.999998e-01
9.999998e-01
9.999998e-01
9.999998e-01
9.999998e-01
9.999998e-01
9.999999e-01
9.999999e-01
9.999999e-01
9.999999e-01
9.999999e-01
9.999999e-01
9.999999e-01
9.999999e-01
9.999999e-01
9.999999e-01
9.999999e-01
9.999999e-01
9.999999e-01
9.999999e-01
9.999999e-01
9.999999e-01
9.999999e-01
9.999999e-01
9.999999e-01
9.999999e-01
9.999999e-01
9.999999e-01
9.999999e-01
9.999999e-01
9.999999e-01
9.999999e-01
9.999999e-01
9.999999e-01
9.999999e-01
9.999999e-01
9.999999e-01
9.999999e-01
9.999999e-01
9.999999e-01
9.999999e-01
9.999999e-01
9.999999e-01
9.999999e-01
9.999999e-01
9.999999e-01
9.999999e-01
9.999999e-01
9.999999e-01
9.999999e-01
9.999999e-01
9.999998e-01
9.999998e-01
9.999996e-01
9.999995e-01
9.999991e-01
9.999986e-01
9.999977e-01
9.999963e-01
9.999940e-01
9.999901e-01
9.999837e-01
9.999731e-01
9.999557e-01
9.999270e-01
9.998796e-01
9.998016e-01
9.996729e-01
9.994608e-01
9.991114e-01
9.985358e-01
9.975883e-01
9.960300e-01
9.934715e-01
9.892817e-01
9.824505e-01
9.713915e-01
9.536919e-01
9.258776e-01
8.833996e-01
8.212772e-01
7.359502e-01
6.283220e-01
5.062559e-01
3.834394e-01
2.738899e-01
1.861876e-01
1.218555e-01
7.763124e-02
4.856931e-02
3.003272e-02
1.843360e-02
1.126223e-02
6.861298e-03
4.172857e-03
2.535133e-03
1.539176e-03
9.341284e-04
5.667913e-04
3.438587e-04
2.085951e-04
1.265359e-04
7.675825e-05
4.656436e-05
2.825029e-05
1.714212e-05
1.040486e-05
6.318684e-06
3.840579e-06
2.337750e-06
1.426531e-06
8.740788e-07
5.392872e-07
3.364607e-07
2.137230e-07
1.395168e-07
9.478698e-08
6.789724e-08
5.186263e-08
4.237900e-08
3.689851e-08
3.381738e-08
3.221734e-08
3.149050e-08
3.131583e-08
3.145388e-08
3.180141e-08
3.225627e-08
3.279374e-08
3.336365e-08
3.396880e-08
3.457942e-08
3.520724e-08
3.583110e-08
3.646501e-08
3.709190e-08
3.772574e-08
3.835181e-08
3.898327e-08
3.960700e-08
4.023519e-08
4.085593e-08
4.148046e-08
4.209788e-08
4.271855e-08
4.333244e-08
4.394912e-08
4.455933e-08
4.517192e-08
4.577830e-08
4.638669e-08
4.698912e-08
4.759321e-08
4.819155e-08
4.879126e-08
4.938539e-08
4.998061e-08
5.057042e-08
5.116104e-08
5.174641e-08
5.233235e-08
5.291315e-08
5.349430e-08
5.407042e-08
5.464669e-08
5.521803e-08
5.578931e-08
5.635575e-08
5.692195e-08
5.748337e-08
5.804439e-08
5.860070e-08
5.915644e-08
5.970752e-08
6.025789e-08
6.080364e-08
6.134853e-08
6.188884e-08
6.242816e-08
6.296294e-08
6.349659e-08
6.402574e-08
6.455363e-08
6.507703e-08
6.559907e-08
6.611664e-08
6.663272e-08
6.714436e-08
6.765440e-08
6.816001e-08
6.866392e-08
6.916340e-08
6.966109e-08
7.015435e-08
7.064573e-08
7.113268e-08
7.161765e-08
7.209821e-08
7.257669e-08
7.305075e-08
7.352266e-08
7.399014e-08
7.445539e-08
7.491620e-08
7.537470e-08
7.582877e-08
7.628044e-08
7.672767e-08
7.717243e-08
7.761273e-08
7.805051e-08
7.848381e-08
7.891451e-08
7.934074e-08
7.976429e-08
8.018335e-08
8.059968e-08
8.101150e-08
8.142053e-08
8.182503e-08
8.222668e-08
8.262380e-08
8.301800e-08
8.340765e-08
8.379433e-08
8.417645e-08
8.455554e-08
8.493005e-08
8.530148e-08
8.566831e-08
8.603201e-08
8.639110e-08
8.674700e-08
8.709828e-08
8.744633e-08
8.778973e-08
8.812985e-08
8.846531e-08
8.879746e-08
8.912491e-08
8.944901e-08
8.976841e-08
9.008440e-08
9.039567e-08
9.070350e-08
9.100660e-08
9.130621e-08
9.160107e-08
9.189241e-08
9.217898e-08
9.246199e-08
9.274022e-08
9.301486e-08
9.328469e-08
9.355090e-08
9.381229e-08
9.407002e-08
9.432292e-08
9.457212e-08
9.481648e-08
9.505712e-08
9.529290e-08
9.552492e-08
9.575207e-08
9.597544e-08
9.619392e-08
9.640859e-08
9.661836e-08
9.682429e-08
9.702531e-08
9.722247e-08
9.741471e-08
9.760306e-08
9.778647e-08
9.796598e-08
9.814054e-08
9.831117e-08
9.847684e-08
9.863857e-08
9.879532e-08
9.894811e-08
9.909591e-08
9.923973e-08
9.937856e-08
9.951339e-08
9.964322e-08
9.976904e-08
9.988984e-08
1.000066e-07
1.001184e-07
1.002261e-07
1.003288e-07
1.004274e-07
1.005210e-07
1.006106e-07
1.006951e-07
1.007755e-07
1.008509e-07
1.009222e-07
1.009884e-07
1.010506e-07
1.011077e-07
1.011607e-07
1.012086e-07
1.012524e-07
1.012912e-07
1.013259e-07
1.013555e-07
1.013810e-07
1.014014e-07
1.014177e-07
1.014290e-07
1.014361e-07
