8.465315e-08
8.465147e-08
8.464551e-08
8.463619e-08
8.462257e-08
8.460561e-08
8.458436e-08
8.455976e-08
8.453087e-08
8.449864e-08
8.446212e-08
8.442226e-08
8.437811e-08
8.433063e-08
8.427887e-08
8.422378e-08
8.416441e-08
8.410171e-08
8.403475e-08
8.396446e-08
8.388991e-08
8.381205e-08
8.372993e-08
8.364451e-08
8.355483e-08
8.346186e-08
8.336464e-08
8.326415e-08
8.315940e-08
8.305140e-08
8.293915e-08
8.282366e-08
8.270393e-08
8.258096e-08
8.245377e-08
8.232336e-08
8.218873e-08
8.205090e-08
8.190886e-08
8.176363e-08
8.161420e-08
8.146160e-08
8.130481e-08
8.114487e-08
8.098074e-08
8.081349e-08
8.064206e-08
8.046753e-08
8.028884e-08
8.010706e-08
7.992112e-08
7.973212e-08
7.953898e-08
7.934280e-08
7.914249e-08
7.893917e-08
7.873173e-08
7.852130e-08
7.830676e-08
7.808927e-08
7.786767e-08
7.764315e-08
7.741454e-08
7.718304e-08
7.694745e-08
7.670900e-08
7.646648e-08
7.622113e-08
7.597173e-08
7.571952e-08
7.546328e-08
7.520427e-08
7.494122e-08
7.467546e-08
7.440567e-08
7.413319e-08
7.385670e-08
7.357756e-08
7.329442e-08
7.300868e-08
7.271894e-08
7.242664e-08
7.213036e-08
7.183156e-08
7.152879e-08
7.122355e-08
7.091434e-08
7.060271e-08
7.028712e-08
6.996915e-08
6.964725e-08
6.932301e-08
6.899484e-08
6.866439e-08
6.833002e-08
6.799341e-08
6.765290e-08
6.731020e-08
6.696360e-08
6.661488e-08
6.626227e-08
6.590759e-08
6.554902e-08
6.518844e-08
6.482398e-08
6.445758e-08
6.408730e-08
6.371513e-08
6.333909e-08
6.296124e-08
6.257951e-08
6.219603e-08
6.180869e-08
6.141966e-08
6.102676e-08
6.063226e-08
6.023388e-08
5.983398e-08
5.943019e-08
5.902496e-08
5.861584e-08
5.820535e-08
5.779097e-08
5.737531e-08
5.695574e-08
5.653498e-08
5.611029e-08
5.568452e-08
5.525479e-08
5.482408e-08
5.438940e-08
5.395383e-08
5.351426e-08
5.307391e-08
5.262954e-08
5.218450e-08
5.173540e-08
5.128576e-08
5.083201e-08
5.037785e-08
4.991952e-08
4.946093e-08
4.899812e-08
4.853518e-08
4.806796e-08
4.760076e-08
4.712922e-08
4.665786e-08
4.618206e-08
4.570663e-08
4.522666e-08
4.474725e-08
4.426320e-08
4.377990e-08
4.329185e-08
4.280477e-08
4.231279e-08
4.182201e-08
4.132620e-08
4.083183e-08
4.033225e-08
3.983439e-08
3.933114e-08
3.882989e-08
3.832303e-08
3.781851e-08
3.730812e-08
3.680044e-08
3.628661e-08
3.577588e-08
3.525870e-08
3.474507e-08
3.422464e-08
3.370829e-08
3.318480e-08
3.266605e-08
3.213986e-08
3.161933e-08
3.109132e-08
3.057051e-08
3.004297e-08
2.952573e-08
2.900478e-08
2.850129e-08
2.800351e-08
2.754121e-08
2.711160e-08
2.676481e-08
2.652559e-08
2.649607e-08
2.677948e-08
2.761526e-08
2.932446e-08
3.251494e-08
3.810497e-08
4.769832e-08
6.384282e-08
9.084260e-08
1.356826e-07
2.099990e-07
3.328470e-07
5.357838e-07
8.706854e-07
1.423248e-06
2.334575e-06
3.837511e-06
6.315722e-06
1.040200e-05
1.713935e-05
2.824760e-05
4.656174e-05
7.675566e-05
1.265333e-04
2.085924e-04
3.438557e-04
5.667879e-04
9.341241e-04
1.539170e-03
2.535125e-03
4.172845e-03
6.861279e-03
1.126220e-02
1.843355e-02
3.003264e-02
4.856919e-02
7.763106e-02
1.218552e-01
1.861872e-01
2.738894e-01
3.834387e-01
5.062552e-01
6.283214e-01
7.359497e-01
8.212768e-01
8.833993e-01
9.258774e-01
9.536918e-01
9.713914e-01
9.824504e-01
9.892816e-01
9.934714e-01
9.960300e-01
9.975883e-01
9.985358e-01
9.991114e-01
9.994608e-01
9.996729e-01
9.998016e-01
9.998796e-01
9.999270e-01
9.999557e-01
9.999731e-01
9.999837e-01
9.999901e-01
9.999940e-01
9.999963e-01
9.999978e-01
9.999986e-01
9.999991e-01
9.999995e-01
9.999997e-01
9.999998e-01
9.999998e-01
9.999999e-01
9.999999e-01
9.999999e-01
9.999999e-01
9.999999e-01
9.999999e-01
9.999999e-01
9.999999e-01
9.999999e-01
9.999999e-01
9.999999e-01
9.999999e-01
9.999999e-01
9.999999e-01
9.999999e-01
9.999999e-01
9.999999e-01
9.999999e-01
9.999999e-01
9.999999e-01
9.999999e-01
9.999999e-01
9.999999e-01
9.999999e-01
9.999999e-01
9.999999e-01
9.999999e-01
9.999999e-01
9.999999e-01
9.999999e-01
9.999999e-01
9.999999e-01
9.999999e-01
9.999999e-01
9.999999e-01
9.999999e-01
9.999999e-01
9.999999e-01
9.999999e-01
9.999999e-01
9.999999e-01
9.999999e-01
9.999999e-01
9.999999e-01
9.999999e-01
9.999999e-01
9.999999e-01
9.999999e-01
9.999999e-01
9.999999e-01
9.999999e-01
9.999999e-01
9.999999e-01
9.999999e-01
9.999999e-01
9.999999e-01
9.999998e-01
9.999998e-01
9.999998e-01
9.999998e-01
9.999998e-01
9.999998e-01
9.999998e-01
9.999998e-01
9.999998e-01
9.999998e-01
9.999998e-01
9.999998e-01
9.999998e-01
9.999998e-01
9.999998e-01
9.999998e-01
9.999998e-01
9.999998e-01
9.999998e-01
9.999998e-01
9.999998e-01
9.999998e-01
9.999998e-01
9.999998e-01
9.999998e-01
9.999998e-01
9.999998e-01
9.999998e-01
9.999998e-01
9.999998e-01
9.999998e-01
9.999998e-01
9.999998e-01
9.999998e-01
9.999998e-01
9.999998e-01
9.999998e-01
9.999998e-01
9.999998e-01
9.999998e-01
9.999998e-01
9.999998e-01
9.999998e-01
9.999998e-01
9.999998e-01
9.999998e-01
9.999998e-01
9.999998e-01
9.999998e-01
9.999998e-01
9.999998e-01
9.999998e-01
9.999998e-01
9.999998e-01
9.999998e-01
9.999998e-01
9.999998e-01
9.999998e-01
9.999998e-01
9.999998e-01
9.999998e-01
9.999998e-01
9.999998e-01
9.999998e-01
9.999998e-01
9.999998e-01
9.999998e-01
9.999998e-01
9.999998e-01
9.999998e-01
9.999998e-01
9.999998e-01
9.999998e-01
9.999998e-01
9.999997e-01
9.999997e-01
9.999997e-01
9.999997e-01
9.999997e-01
9.999997e-01
9.999997e-01
9.999997e-01
9.999997e-01
9.999997e-01
9.999997e-01
9.999997e-01
9.999997e-01
9.999997e-01
9.999997e-01
9.999997e-01
9.999997e-01
9.999997e-01
9.999997e-01
9.999997e-01
9.999997e-01
9.999997e-01
9.999997e-01
9.999997e-01
9.999997e-01
9.999997e-01
9.999997e-01
9.999997e-01
9.999997e-01
9.999997e-01
9.999997e-01
9.999997e-01
9.999997e-01
9.999997e-01
9.999997e-01
9.999997e-01
9.999997e-01
9.999997e-01
9.999997e-01
9.999997e-01
9.999997e-01
9.999997e-01
9.999997e-01
9.999997e-01
9.999997e-01
9.999997e-01
9.999997e-01
9.999997e-01
9.999997e-01
9.999997e-01
9.999997e-01
9.999997e-01
9.999997e-01
9.999997e-01
9.999997e-01
9.999997e-01
9.999997e-01
9.999997e-01
9.999997e-01
9.999997e-01
9.999997e-01
9.999997e-01
9.999997e-01
9.999997e-01
9.999997e-01
9.999997e-01
9.999997e-01
9.999997e-01
9.999997e-01
9.999997e-01
9.999997e-01
9.999997e-01
9.999997e-01
9.999997e-01
9.999997e-01
9.999997e-01
9.999997e-01
9.999997e-01
9.999997e-01
9.999997e-01
9.999997e-01
9.999997e-01
9.999997e-01
9.999997e-01
9.999997e-01
9.999997e-01
9.999997e-01
9.999997e-01
9.999997e-01
9.999997e-01
9.999997e-01
9.999997e-01
9.999997e-01
9.999997e-01
9.999997e-01
9.999997e-01
9.999997e-01
9.999997e-01
9.999997e-01
9.999997e-01
9.999997e-01
9.999997e-01
9.999997e-01
9.999997e-01
9.999997e-01
9.999997e-01
9.999997e-01
9.999997e-01
9.999997e-01
9.999997e-01
9.999997e-01
9.999997e-01
9.999997e-01
9.999997e-01
9.999997e-01
9.999997e-01
9.999997e-01
9.999997e-01
9.999997e-01
9.999997e-01
9.999997e-01
9.999997e-01
9.999997e-01
9.999997e-01
9.999997e-01
9.999997e-01
9.999997e-01
9.999997e-01
9.999997e-01
9.999997e-01
9.999997e-01
9.999997e-01
9.999997e-01
9.999997e-01
9.999997e-01
9.999997e-01
9.999997e-01
9.999997e-01
9.999997e-01
9.999997e-01
9.999997e-01
9.999997e-01
9.999997e-01
9.999997e-01
9.999997e-01
9.999997e-01
9.999997e-01
9.999997e-01
9.999997e-01
9.999997e-01
9.999997e-01
9.999997e-01
9.999997e-01
9.999997e-01
9.999997e-01
9.999997e-01
9.999997e-01
9.999997e-01
9.999997e-01
9.999997e-01
9.999997e-01
9.999997e-01
9.999997e-01
9.999997e-01
9.999997e-01
9.999997e-01
9.999997e-01
9.999997e-01
9.999997e-01
9.999997e-01
9.999997e-01
9.999997e-01
9.999997e-01
9.999997e-01
9.999997e-01
9.999997e-01
9.999997e-01
9.999997e-01
9.999997e-01
9.999997e-01
9.999997e-01
9.999997e-01
9.999997e-01
9.999997e-01
9.999997e-01
9.999997e-01
9.999997e-01
9.999997e-01
9.999997e-01
9.999997e-01
9.999997e-01
9.999997e-01
9.999997e-01
9.999997e-01
9.999997e-01
9.999997e-01
9.999997e-01
9.999997e-01
9.999997e-01
9.999997e-01
9.999997e-01
9.999997e-01
9.999997e-01
9.999997e-01
9.999997e-01
9.999997e-01
9.999997e-01
9.999997e-01
9.999997e-01
9.999997e-01
9.999997e-01
9.999997e-01
9.999997e-01
9.999997e-01
9.999997e-01
9.999997e-01
9.999997e-01
9.999997e-01
9.999997e-01
9.999997e-01
9.999997e-01
9.999997e-01
9.999997e-01
9.999997e-01
9.999997e-01
9.999997e-01
9.999997e-01
9.999997e-01
9.999997e-01
9.999997e-01
9.999997e-01
9.999997e-01
9.999997e-01
9.999997e-01
9.999997e-01
9.999997e-01
9.999997e-01
9.999997e-01
9.999997e-01
9.999998e-01
9.999998e-01
9.999998e-01
9.999998e-01
9.999998e-01
9.999998e-01
9.999998e-01
9.999998e-01
9.999998e-01
9.999998e-01
9.999998e-01
9.999998e-01
9.999998e-01
9.999998e-01
9.999998e-01
9.999998e-01
9.999998e-01
9.999998e-01
9.999998e-01
9.999998e-01
9.999998e-01
9.999998e-01
9.999998e-01
9.999998e-01
9.999998e-01
9.999998e-01
9.999998e-01
9.999998e-01
9.999998e-01
9.999998e-01
9.999998e-01
9.999998e-01
9.999998e-01
9.999998e-01
9.999998e-01
9.999998e-01
9.999998e-01
9.999998e-01
9.999998e-01
9.999998e-01
9.999998e-01
9.999998e-01
9.999998e-01
9.999998e-01
9.999998e-01
9.999998e-01
9.999998e-01
9.999998e-01
9.999998e-01
9.999998e-01
9.999998e-01
9.999998e-01
9.999998e-01
9.999998e-01
9.999998e-01
9.999998e-01
9.999998e-01
9.999998e-01
9.999998e-01
9.999998e-01
9.999998e-01
9.999998e-01
9.999998e-01
9.999998e-01
9.999998e-01
9.999998e-01
9.999998e-01
9.999998e-01
9.999998e-01
9.999998e-01
9.999998e-01
9.999998e-01
9.999998e-01
9.999998e-01
9.999999e-01
9.999999e-01
9.999999e-01
9.999999e-01
9.999999e-01
9.999999e-01
9.999999e-01
9.999999e-01
9.999999e-01
9.999999e-01
9.999999e-01
9.999999e-01
9.999999e-01
9.999999e-01
9.999999e-01
9.999999e-01
9.999999e-01
9.999999e-01
9.999999e-01
9.999999e-01
9.999999e-01
9.999999e-01
9.999999e-01
9.999999e-01
9.999999e-01
9.999999e-01
9.999999e-01
9.999999e-01
9.999999e-01
9.999999e-01
9.999999e-01
9.999999e-01
9.999999e-01
9.999999e-01
9.999999e-01
9.999999e-01
9.999999e-01
9.999999e-01
9.999999e-01
9.999999e-01
9.999999e-01
9.999999e-01
9.999999e-01
9.999999e-01
9.999999e-01
9.999999e-01
9.999999e-01
9.999999e-01
9.999999e-01
9.999999e-01
9.999999e-01
9.999999e-01
9.999999e-01
9.999999e-01
9.999999e-01
9.999999e-01
9.999998e-01
9.999998e-01
9.999997e-01
9.999995e-01
9.999991e-01
9.999986e-01
9.999978e-01
9.999963e-01
9.999940e-01
9.999901e-01
9.999837e-01
9.999731e-01
9.999557e-01
9.999270e-01
9.998796e-01
9.998016e-01
9.996729e-01
9.994608e-01
9.991114e-01
9.985358e-01
9.975883e-01
9.960300e-01
9.934714e-01
9.892816e-01
9.824504e-01
9.713914e-01
9.536918e-01
9.258774e-01
8.833993e-01
8.212768e-01
7.359497e-01
6.283214e-01
5.062552e-01
3.834387e-01
2.738894e-01
1.861872e-01
1.218552e-01
7.763106e-02
4.856919e-02
3.003264e-02
1.843355e-02
1.126220e-02
6.861279e-03
4.172845e-03
2.535125e-03
1.539170e-03
9.341241e-04
5.667879e-04
3.438557e-04
2.085924e-04
1.265333e-04
7.675566e-05
4.656174e-05
2.824760e-05
1.713935e-05
1.040200e-05
6.315722e-06
3.837511e-06
2.334575e-06
1.423248e-06
8.706854e-07
5.357838e-07
3.328470e-07
2.099990e-07
1.356826e-07
9.084263e-08
6.384285e-08
4.769835e-08
3.810500e-08
3.251497e-08
2.932449e-08
2.761530e-08
2.677952e-08
2.649610e-08
2.652563e-08
2.676486e-08
2.711164e-08
2.754126e-08
2.800356e-08
2.850133e-08
2.900483e-08
2.952578e-08
3.004302e-08
3.057057e-08
3.109137e-08
3.161938e-08
3.213991e-08
3.266610e-08
3.318486e-08
3.370835e-08
3.422470e-08
3.474512e-08
3.525876e-08
3.577594e-08
3.628667e-08
3.680050e-08
3.730819e-08
3.781857e-08
3.832309e-08
3.882996e-08
3.933120e-08
3.983446e-08
4.033232e-08
4.083190e-08
4.132627e-08
4.182208e-08
4.231286e-08
4.280484e-08
4.329192e-08
4.377997e-08
4.426327e-08
4.474732e-08
4.522673e-08
4.570670e-08
4.618213e-08
4.665792e-08
4.712928e-08
4.760083e-08
4.806803e-08
4.853525e-08
4.899819e-08
4.946100e-08
4.991959e-08
5.037791e-08
5.083207e-08
5.128582e-08
5.173546e-08
5.218456e-08
5.262960e-08
5.307397e-08
5.351431e-08
5.395388e-08
5.438945e-08
5.482413e-08
5.525484e-08
5.568457e-08
5.611034e-08
5.653502e-08
5.695578e-08
5.737535e-08
5.779101e-08
5.820539e-08
5.861587e-08
5.902500e-08
5.943023e-08
5.983401e-08
6.023391e-08
6.063229e-08
6.102679e-08
6.141969e-08
6.180871e-08
6.219606e-08
6.257953e-08
6.296126e-08
6.333911e-08
6.371515e-08
6.408731e-08
6.445759e-08
6.482400e-08
6.518846e-08
6.554903e-08
6.590760e-08
6.626228e-08
6.661489e-08
6.696361e-08
6.731021e-08
6.765290e-08
6.799342e-08
6.833002e-08
6.866439e-08
6.899484e-08
6.932301e-08
6.964725e-08
6.996916e-08
7.028712e-08
7.060271e-08
7.091434e-08
7.122355e-08
7.152879e-08
7.183156e-08
7.213036e-08
7.242664e-08
7.271894e-08
7.300868e-08
7.329442e-08
7.357756e-08
7.385669e-08
7.413318e-08
7.440566e-08
7.467545e-08
7.494122e-08
7.520426e-08
7.546327e-08
7.571952e-08
7.597172e-08
7.622113e-08
7.646648e-08
7.670900e-08
7.694744e-08
7.718303e-08
7.741454e-08
7.764315e-08
7.786767e-08
7.808927e-08
7.830676e-08
7.852130e-08
7.873173e-08
7.893917e-08
7.914249e-08
7.934280e-08
7.953898e-08
7.973212e-08
7.992112e-08
8.010706e-08
8.028884e-08
8.046754e-08
8.064207e-08
8.081349e-08
8.098074e-08
8.114487e-08
8.130481e-08
8.146160e-08
8.161420e-08
8.176363e-08
8.190886e-08
8.205091e-08
8.218874e-08
8.232337e-08
8.245378e-08
8.258097e-08
8.270393e-08
8.282366e-08
8.293916e-08
8.305141e-08
8.315941e-08
8.326416e-08
8.336465e-08
8.346187e-08
8.355484e-08
8.364452e-08
8.372994e-08
8.381206e-08
8.388992e-08
8.396447e-08
8.403476e-08
8.410172e-08
8.416442e-08
8.422379e-08
8.427888e-08
8.433064e-08
8.437812e-08
8.442227e-08
8.446213e-08
8.449865e-08
8.453088e-08
8.455977e-08
8.458437e-08
8.460562e-08
8.462258e-08
8.463619e-08
8.464551e-08
8.465147e-08
