7.068215e-08
7.068079e-08
7.067578e-08
7.066806e-08
7.065669e-08
7.064261e-08
7.062488e-08
7.060444e-08
7.058035e-08
7.055355e-08
7.052311e-08
7.048996e-08
7.045317e-08
7.041368e-08
7.037055e-08
7.032472e-08
7.027526e-08
7.022310e-08
7.016731e-08
7.010884e-08
7.004674e-08
6.998196e-08
6.991355e-08
6.984247e-08
6.976777e-08
6.969042e-08
6.960944e-08
6.952581e-08
6.943857e-08
6.934870e-08
6.925521e-08
6.915910e-08
6.905938e-08
6.895705e-08
6.885111e-08
6.874259e-08
6.863046e-08
6.851575e-08
6.839745e-08
6.827659e-08
6.815214e-08
6.802514e-08
6.789456e-08
6.776145e-08
6.762477e-08
6.748557e-08
6.734280e-08
6.719754e-08
6.704872e-08
6.689743e-08
6.674258e-08
6.658528e-08
6.642443e-08
6.626115e-08
6.609434e-08
6.592511e-08
6.575235e-08
6.557721e-08
6.539854e-08
6.521752e-08
6.503297e-08
6.484610e-08
6.465571e-08
6.446302e-08
6.426682e-08
6.406835e-08
6.386638e-08
6.366216e-08
6.345446e-08
6.324454e-08
6.303114e-08
6.281554e-08
6.259648e-08
6.237526e-08
6.215058e-08
6.192378e-08
6.169352e-08
6.146117e-08
6.122537e-08
6.098752e-08
6.074622e-08
6.050291e-08
6.025617e-08
6.000745e-08
5.975530e-08
5.950121e-08
5.924369e-08
5.898428e-08
5.872146e-08
5.845678e-08
5.818868e-08
5.791878e-08
5.764547e-08
5.737039e-08
5.709191e-08
5.681171e-08
5.652811e-08
5.624284e-08
5.595418e-08
5.566389e-08
5.537021e-08
5.507496e-08
5.477631e-08
5.447615e-08
5.417260e-08
5.386759e-08
5.355918e-08
5.324938e-08
5.293617e-08
5.262163e-08
5.230368e-08
5.198445e-08
5.166182e-08
5.133798e-08
5.101072e-08
5.068231e-08
5.035048e-08
5.001758e-08
4.968124e-08
4.934390e-08
4.900311e-08
4.866140e-08
4.831622e-08
4.797020e-08
4.762070e-08
4.727044e-08
4.691666e-08
4.656222e-08
4.620425e-08
4.584570e-08
4.548358e-08
4.512099e-08
4.475480e-08
4.438823e-08
4.401803e-08
4.364756e-08
4.327341e-08
4.289911e-08
4.252107e-08
4.214301e-08
4.176116e-08
4.137940e-08
4.099380e-08
4.060844e-08
4.021915e-08
3.983024e-08
3.943734e-08
3.904497e-08
3.864851e-08
3.825276e-08
3.785282e-08
3.745375e-08
3.705039e-08
3.664810e-08
3.624139e-08
3.583595e-08
3.542595e-08
3.501745e-08
3.460423e-08
3.419275e-08
3.377637e-08
3.336200e-08
3.294253e-08
3.252536e-08
3.210285e-08
3.168297e-08
3.125750e-08
3.083501e-08
3.040664e-08
2.998164e-08
2.955044e-08
2.912305e-08
2.868912e-08
2.825953e-08
2.782302e-08
2.739151e-08
2.695279e-08
2.651997e-08
2.607989e-08
2.564724e-08
2.520808e-08
2.477944e-08
2.434730e-08
2.393283e-08
2.352428e-08
2.315140e-08
2.281141e-08
2.255444e-08
2.240522e-08
2.246588e-08
2.283966e-08
2.376598e-08
2.556588e-08
2.884724e-08
3.452830e-08
4.421282e-08
6.044865e-08
8.753987e-08
1.324714e-07
2.068794e-07
3.298191e-07
5.328475e-07
8.678405e-07
1.420494e-06
2.331912e-06
3.834936e-06
6.313234e-06
1.039960e-05
1.713702e-05
2.824534e-05
4.655953e-05
7.675347e-05
1.265311e-04
2.085900e-04
3.438532e-04
5.667850e-04
9.341204e-04
1.539165e-03
2.535117e-03
4.172834e-03
6.861261e-03
1.126217e-02
1.843351e-02
3.003257e-02
4.856908e-02
7.763089e-02
1.218550e-01
1.861868e-01
2.738890e-01
3.834382e-01
5.062546e-01
6.283208e-01
7.359493e-01
8.212765e-01
8.833991e-01
9.258773e-01
9.536917e-01
9.713913e-01
9.824504e-01
9.892816e-01
9.934714e-01
9.960300e-01
9.975883e-01
9.985358e-01
9.991114e-01
9.994609e-01
9.996729e-01
9.998016e-01
9.998796e-01
9.999270e-01
9.999557e-01
9.999731e-01
9.999837e-01
9.999901e-01
9.999940e-01
9.999963e-01
9.999978e-01
9.999986e-01
9.999991e-01
9.999995e-01
9.999997e-01
9.999998e-01
9.999998e-01
9.999999e-01
9.999999e-01
9.999999e-01
9.999999e-01
9.999999e-01
9.999999e-01
9.999999e-01
9.999999e-01
9.999999e-01
9.999999e-01
9.999999e-01
9.999999e-01
9.999999e-01
9.999999e-01
9.999999e-01
9.999999e-01
9.999999e-01
9.999999e-01
9.999999e-01
9.999999e-01
9.999999e-01
9.999999e-01
9.999999e-01
9.999999e-01
9.999999e-01
9.999999e-01
9.999999e-01
9.999999e-01
9.999999e-01
9.999999e-01
9.999999e-01
9.999999e-01
9.999999e-01
9.999999e-01
9.999999e-01
9.999999e-01
9.999999e-01
9.999999e-01
9.999999e-01
9.999999e-01
9.999999e-01
9.999999e-01
9.999999e-01
9.999999e-01
9.999999e-01
9.999999e-01
9.999999e-01
9.999999e-01
9.999999e-01
9.999999e-01
9.999999e-01
9.999999e-01
9.999999e-01
9.999999e-01
9.999999e-01
9.999999e-01
9.999999e-01
9.999999e-01
9.999999e-01
9.999999e-01
9.999999e-01
9.999999e-01
9.999999e-01
9.999999e-01
9.999999e-01
9.999999e-01
9.999999e-01
9.999999e-01
9.999999e-01
9.999998e-01
9.999998e-01
9.999998e-01
9.999998e-01
9.999998e-01
9.999998e-01
9.999998e-01
9.999998e-01
9.999998e-01
9.999998e-01
9.999998e-01
9.999998e-01
9.999998e-01
9.999998e-01
9.999998e-01
9.999998e-01
9.999998e-01
9.999998e-01
9.999998e-01
9.999998e-01
9.999998e-01
9.999998e-01
9.999998e-01
9.999998e-01
9.999998e-01
9.999998e-01
9.999998e-01
9.999998e-01
9.999998e-01
9.999998e-01
9.999998e-01
9.999998e-01
9.999998e-01
9.999998e-01
9.999998e-01
9.999998e-01
9.999998e-01
9.999998e-01
9.999998e-01
9.999998e-01
9.999998e-01
9.999998e-01
9.999998e-01
9.999998e-01
9.999998e-01
9.999998e-01
9.999998e-01
9.999998e-01
9.999998e-01
9.999998e-01
9.999998e-01
9.999998e-01
9.999998e-01
9.999998e-01
9.999998e-01
9.999998e-01
9.999998e-01
9.999998e-01
9.999998e-01
9.999998e-01
9.999998e-01
9.999998e-01
9.999998e-01
9.999998e-01
9.999998e-01
9.999998e-01
9.999998e-01
9.999998e-01
9.999998e-01
9.999998e-01
9.999998e-01
9.999998e-01
9.999998e-01
9.999998e-01
9.999998e-01
9.999998e-01
9.999998e-01
9.999998e-01
9.999998e-01
9.999998e-01
9.999998e-01
9.999998e-01
9.999998e-01
9.999998e-01
9.999998e-01
9.999998e-01
9.999998e-01
9.999998e-01
9.999998e-01
9.999998e-01
9.999998e-01
9.999998e-01
9.999998e-01
9.999998e-01
9.999998e-01
9.999997e-01
9.999997e-01
9.999997e-01
9.999997e-01
9.999997e-01
9.999997e-01
9.999997e-01
9.999997e-01
9.999997e-01
9.999997e-01
9.999997e-01
9.999997e-01
9.999997e-01
9.999997e-01
9.999997e-01
9.999997e-01
9.999997e-01
9.999997e-01
9.999997e-01
9.999997e-01
9.999997e-01
9.999997e-01
9.999997e-01
9.999997e-01
9.999997e-01
9.999997e-01
9.999997e-01
9.999997e-01
9.999997e-01
9.999997e-01
9.999997e-01
9.999997e-01
9.999997e-01
9.999997e-01
9.999997e-01
9.999997e-01
9.999997e-01
9.999997e-01
9.999997e-01
9.999997e-01
9.999997e-01
9.999997e-01
9.999997e-01
9.999997e-01
9.999997e-01
9.999997e-01
9.999997e-01
9.999997e-01
9.999997e-01
9.999997e-01
9.999997e-01
9.999997e-01
9.999997e-01
9.999997e-01
9.999997e-01
9.999997e-01
9.999997e-01
9.999997e-01
9.999997e-01
9.999997e-01
9.999997e-01
9.999997e-01
9.999997e-01
9.999997e-01
9.999997e-01
9.999997e-01
9.999997e-01
9.999997e-01
9.999997e-01
9.999997e-01
9.999997e-01
9.999997e-01
9.999997e-01
9.999997e-01
9.999997e-01
9.999997e-01
9.999997e-01
9.999997e-01
9.999997e-01
9.999997e-01
9.999997e-01
9.999997e-01
9.999997e-01
9.999997e-01
9.999997e-01
9.999997e-01
9.999997e-01
9.999997e-01
9.999997e-01
9.999997e-01
9.999997e-01
9.999997e-01
9.999997e-01
9.999997e-01
9.999997e-01
9.999997e-01
9.999997e-01
9.999997e-01
9.999997e-01
9.999997e-01
9.999997e-01
9.999997e-01
9.999997e-01
9.999997e-01
9.999997e-01
9.999997e-01
9.999997e-01
9.999997e-01
9.999997e-01
9.999997e-01
9.999997e-01
9.999997e-01
9.999997e-01
9.999997e-01
9.999997e-01
9.999997e-01
9.999997e-01
9.999997e-01
9.999997e-01
9.999997e-01
9.999997e-01
9.999997e-01
9.999997e-01
9.999997e-01
9.999997e-01
9.999997e-01
9.999997e-01
9.999997e-01
9.999997e-01
9.999997e-01
9.999997e-01
9.999997e-01
9.999997e-01
9.999997e-01
9.999997e-01
9.999997e-01
9.999997e-01
9.999997e-01
9.999997e-01
9.999997e-01
9.999997e-01
9.999997e-01
9.999997e-01
9.999997e-01
9.999997e-01
9.999997e-01
9.999997e-01
9.999997e-01
9.999997e-01
9.999997e-01
9.999997e-01
9.999997e-01
9.999997e-01
9.999997e-01
9.999997e-01
9.999997e-01
9.999997e-01
9.999997e-01
9.999997e-01
9.999997e-01
9.999997e-01
9.999997e-01
9.999997e-01
9.999997e-01
9.999997e-01
9.999997e-01
9.999997e-01
9.999997e-01
9.999997e-01
9.999997e-01
9.999997e-01
9.999998e-01
9.999998e-01
9.999998e-01
9.999998e-01
9.999998e-01
9.999998e-01
9.999998e-01
9.999998e-01
9.999998e-01
9.999998e-01
9.999998e-01
9.999998e-01
9.999998e-01
9.999998e-01
9.999998e-01
9.999998e-01
9.999998e-01
9.999998e-01
9.999998e-01
9.999998e-01
9.999998e-01
9.999998e-01
9.999998e-01
9.999998e-01
9.999998e-01
9.999998e-01
9.999998e-01
9.999998e-01
9.999998e-01
9.999998e-01
9.999998e-01
9.999998e-01
9.999998e-01
9.999998e-01
9.999998e-01
9.999998e-01
9.999998e-01
9.999998e-01
9.999998e-01
9.999998e-01
9.999998e-01
9.999998e-01
9.999998e-01
9.999998e-01
9.999998e-01
9.999998e-01
9.999998e-01
9.999998e-01
9.999998e-01
9.999998e-01
9.999998e-01
9.999998e-01
9.999998e-01
9.999998e-01
9.999998e-01
9.999998e-01
9.999998e-01
9.999998e-01
9.999998e-01
9.999998e-01
9.999998e-01
9.999998e-01
9.999998e-01
9.999998e-01
9.999998e-01
9.999998e-01
9.999998e-01
9.999998e-01
9.999998e-01
9.999998e-01
9.999998e-01
9.999998e-01
9.999998e-01
9.999998e-01
9.999998e-01
9.999998e-01
9.999998e-01
9.999998e-01
9.999998e-01
9.999998e-01
9.999998e-01
9.999998e-01
9.999998e-01
9.999998e-01
9.999998e-01
9.999998e-01
9.999998e-01
9.999998e-01
9.999998e-01
9.999998e-01
9.999998e-01
9.999998e-01
9.999998e-01
9.999998e-01
9.999998e-01
9.999999e-01
9.999999e-01
9.999999e-01
9.999999e-01
9.999999e-01
9.999999e-01
9.999999e-01
9.999999e-01
9.999999e-01
9.999999e-01
9.999999e-01
9.999999e-01
9.999999e-01
9.999999e-01
9.999999e-01
9.999999e-01
9.999999e-01
9.999999e-01
9.999999e-01
9.999999e-01
9.999999e-01
9.999999e-01
9.999999e-01
9.999999e-01
9.999999e-01
9.999999e-01
9.999999e-01
9.999999e-01
9.999999e-01
9.999999e-01
9.999999e-01
9.999999e-01
9.999999e-01
9.999999e-01
9.999999e-01
9.999999e-01
9.999999e-01
9.999999e-01
9.999999e-01
9.999999e-01
9.999999e-01
9.999999e-01
9.999999e-01
9.999999e-01
9.999999e-01
9.999999e-01
9.999999e-01
9.999999e-01
9.999999e-01
9.999999e-01
9.999999e-01
9.999999e-01
9.999999e-01
9.999999e-01
9.999999e-01
9.999999e-01
9.999999e-01
9.999999e-01
9.999999e-01
9.999999e-01
9.999999e-01
9.999999e-01
9.999999e-01
9.999999e-01
9.999999e-01
9.999999e-01
9.999999e-01
9.999999e-01
9.999999e-01
9.999998e-01
9.999998e-01
9.999997e-01
9.999995e-01
9.999991e-01
9.999986e-01
9.999978e-01
9.999963e-01
9.999940e-01
9.999901e-01
9.999837e-01
9.999731e-01
9.999557e-01
9.999270e-01
9.998796e-01
9.998016e-01
9.996729e-01
9.994609e-01
9.991114e-01
9.985358e-01
9.975883e-01
9.960300e-01
9.934714e-01
9.892816e-01
9.824504e-01
9.713913e-01
9.536917e-01
9.258773e-01
8.833991e-01
8.212765e-01
7.359493e-01
6.283208e-01
5.062546e-01
3.834382e-01
2.738890e-01
1.861868e-01
1.218550e-01
7.763089e-02
4.856908e-02
3.003257e-02
1.843351e-02
1.126217e-02
6.861261e-03
4.172834e-03
2.535117e-03
1.539165e-03
9.341204e-04
5.667850e-04
3.438532e-04
2.085900e-04
1.265311e-04
7.675347e-05
4.655953e-05
2.824534e-05
1.713702e-05
1.039960e-05
6.313234e-06
3.834936e-06
2.331912e-06
1.420494e-06
8.678405e-07
5.328475e-07
3.298191e-07
2.068795e-07
1.324714e-07
8.753989e-08
6.044868e-08
4.421285e-08
3.452833e-08
2.884727e-08
2.556592e-08
2.376602e-08
2.283969e-08
2.246592e-08
2.240526e-08
2.255448e-08
2.281145e-08
2.315145e-08
2.352432e-08
2.393287e-08
2.434735e-08
2.477948e-08
2.520813e-08
2.564730e-08
2.607994e-08
2.652002e-08
2.695284e-08
2.739156e-08
2.782308e-08
2.825958e-08
2.868918e-08
2.912311e-08
2.955050e-08
2.998170e-08
3.040670e-08
3.083507e-08
3.125757e-08
3.168304e-08
3.210292e-08
3.252542e-08
3.294259e-08
3.336207e-08
3.377644e-08
3.419282e-08
3.460429e-08
3.501752e-08
3.542602e-08
3.583602e-08
3.624146e-08
3.664817e-08
3.705046e-08
3.745382e-08
3.785288e-08
3.825283e-08
3.864858e-08
3.904504e-08
3.943741e-08
3.983031e-08
4.021922e-08
4.060850e-08
4.099387e-08
4.137947e-08
4.176122e-08
4.214307e-08
4.252113e-08
4.289917e-08
4.327347e-08
4.364762e-08
4.401809e-08
4.438829e-08
4.475485e-08
4.512104e-08
4.548363e-08
4.584575e-08
4.620430e-08
4.656227e-08
4.691671e-08
4.727048e-08
4.762074e-08
4.797024e-08
4.831626e-08
4.866144e-08
4.900315e-08
4.934394e-08
4.968127e-08
5.001761e-08
5.035051e-08
5.068234e-08
5.101074e-08
5.133800e-08
5.166185e-08
5.198448e-08
5.230370e-08
5.262165e-08
5.293619e-08
5.324939e-08
5.355920e-08
5.386760e-08
5.417262e-08
5.447617e-08
5.477632e-08
5.507497e-08
5.537022e-08
5.566390e-08
5.595418e-08
5.624285e-08
5.652812e-08
5.681171e-08
5.709191e-08
5.737039e-08
5.764547e-08
5.791878e-08
5.818869e-08
5.845678e-08
5.872146e-08
5.898428e-08
5.924369e-08
5.950120e-08
5.975530e-08
6.000744e-08
6.025617e-08
6.050291e-08
6.074622e-08
6.098751e-08
6.122537e-08
6.146116e-08
6.169351e-08
6.192377e-08
6.215058e-08
6.237526e-08
6.259648e-08
6.281554e-08
6.303113e-08
6.324453e-08
6.345446e-08
6.366216e-08
6.386638e-08
6.406834e-08
6.426682e-08
6.446301e-08
6.465571e-08
6.484609e-08
6.503297e-08
6.521751e-08
6.539854e-08
6.557721e-08
6.575235e-08
6.592511e-08
6.609433e-08
6.626115e-08
6.642443e-08
6.658528e-08
6.674258e-08
6.689743e-08
6.704872e-08
6.719754e-08
6.734280e-08
6.748557e-08
6.762477e-08
6.776145e-08
6.789456e-08
6.802514e-08
6.815214e-08
6.827659e-08
6.839746e-08
6.851576e-08
6.863046e-08
6.874259e-08
6.885112e-08
6.895705e-08
6.905938e-08
6.915910e-08
6.925521e-08
6.934870e-08
6.943858e-08
6.952582e-08
6.960945e-08
6.969043e-08
6.976778e-08
6.984248e-08
6.991356e-08
6.998197e-08
7.004675e-08
7.010885e-08
7.016732e-08
7.022311e-08
7.027527e-08
7.032473e-08
7.037056e-08
7.041369e-08
7.045318e-08
7.048997e-08
7.052312e-08
7.055356e-08
7.058035e-08
7.060444e-08
7.062488e-08
7.064261e-08
7.065669e-08
7.066806e-08
7.067578e-08
7.068079e-08
