1.216702e-04
1.216673e-04
1.216587e-04
1.216443e-04
1.216241e-04
1.215982e-04
1.215666e-04
1.215292e-04
1.214861e-04
1.214372e-04
1.213826e-04
1.213222e-04
1.212561e-04
1.211843e-04
1.211067e-04
1.210234e-04
1.209344e-04
1.208397e-04
1.207392e-04
1.206330e-04
1.205212e-04
1.204036e-04
1.202804e-04
1.201514e-04
1.200168e-04
1.198765e-04
1.197305e-04
1.195789e-04
1.194216e-04
1.192586e-04
1.190901e-04
1.189159e-04
1.187360e-04
1.185506e-04
1.183595e-04
1.181629e-04
1.179606e-04
1.177528e-04
1.175394e-04
1.173205e-04
1.170960e-04
1.168660e-04
1.166304e-04
1.163894e-04
1.161428e-04
1.158907e-04
1.156332e-04
1.153702e-04
1.151017e-04
1.148278e-04
1.145485e-04
1.142638e-04
1.139736e-04
1.136781e-04
1.133771e-04
1.130709e-04
1.127593e-04
1.124423e-04
1.121200e-04
1.117925e-04
1.114596e-04
1.111215e-04
1.107781e-04
1.104295e-04
1.100757e-04
1.097166e-04
1.093524e-04
1.089830e-04
1.086085e-04
1.082288e-04
1.078440e-04
1.074541e-04
1.070591e-04
1.066591e-04
1.062540e-04
1.058439e-04
1.054288e-04
1.050088e-04
1.045837e-04
1.041537e-04
1.037188e-04
1.032790e-04
1.028343e-04
1.023848e-04
1.019304e-04
1.014712e-04
1.010072e-04
1.005384e-04
1.000649e-04
9.958661e-05
9.910365e-05
9.861600e-05
9.812370e-05
9.762676e-05
9.712520e-05
9.661906e-05
9.610835e-05
9.559311e-05
9.507334e-05
9.454908e-05
9.402036e-05
9.348720e-05
9.294961e-05
9.240764e-05
9.186130e-05
9.131063e-05
9.075564e-05
9.019636e-05
8.963282e-05
8.906505e-05
8.849307e-05
8.791691e-05
8.733660e-05
8.675217e-05
8.616364e-05
8.557104e-05
8.497439e-05
8.437374e-05
8.376910e-05
8.316051e-05
8.254798e-05
8.193157e-05
8.131128e-05
8.068715e-05
8.005922e-05
7.942750e-05
7.879203e-05
7.815285e-05
7.750998e-05
7.686344e-05
7.621328e-05
7.555952e-05
7.490220e-05
7.424134e-05
7.357698e-05
7.290914e-05
7.223786e-05
7.156318e-05
7.088511e-05
7.020371e-05
6.951899e-05
6.883099e-05
6.813974e-05
6.744528e-05
6.674763e-05
6.604684e-05
6.534293e-05
6.463595e-05
6.392591e-05
6.321285e-05
6.249682e-05
6.177784e-05
6.105594e-05
6.033117e-05
5.960355e-05
5.887312e-05
5.813992e-05
5.740397e-05
5.666532e-05
5.592400e-05
5.518004e-05
5.443349e-05
5.368436e-05
5.293271e-05
5.217856e-05
5.142196e-05
5.066293e-05
4.990151e-05
4.913775e-05
4.837167e-05
4.760331e-05
4.683271e-05
4.605991e-05
4.528494e-05
4.450783e-05
4.372863e-05
4.294737e-05
4.216410e-05
4.137883e-05
4.059163e-05
3.980251e-05
3.901153e-05
3.821871e-05
3.742412e-05
3.662777e-05
3.582974e-05
3.503005e-05
3.422881e-05
3.342606e-05
3.262195e-05
3.181663e-05
3.101036e-05
3.020350e-05
2.939670e-05
2.859092e-05
2.778777e-05
2.698985e-05
2.620146e-05
2.542961e-05
2.468590e-05
2.398933e-05
2.337135e-05
2.288360e-05
2.261139e-05
2.269513e-05
2.336652e-05
2.500728e-05
2.824696e-05
3.412319e-05
4.434683e-05
6.173807e-05
9.094622e-05
1.396346e-04
2.204338e-04
3.541558e-04
5.750819e-04
9.396459e-04
1.540658e-03
2.530504e-03
4.158717e-03
6.832111e-03
1.120907e-02
1.834226e-02
2.988123e-02
4.832505e-02
7.724926e-02
1.212815e-01
1.853720e-01
2.728169e-01
3.821611e-01
5.049020e-01
6.270549e-01
7.348940e-01
8.204779e-01
8.828374e-01
9.255018e-01
9.534489e-01
9.712373e-01
9.823536e-01
9.892207e-01
9.934327e-01
9.960049e-01
9.975715e-01
9.985239e-01
9.991025e-01
9.994536e-01
9.996666e-01
9.997958e-01
9.998740e-01
9.999214e-01
9.999501e-01
9.999674e-01
9.999779e-01
9.999841e-01
9.999878e-01
9.999900e-01
9.999912e-01
9.999919e-01
9.999922e-01
9.999923e-01
9.999923e-01
9.999922e-01
9.999921e-01
9.999919e-01
9.999917e-01
9.999916e-01
9.999914e-01
9.999912e-01
9.999910e-01
9.999908e-01
9.999906e-01
9.999904e-01
9.999902e-01
9.999900e-01
9.999898e-01
9.999896e-01
9.999894e-01
9.999892e-01
9.999890e-01
9.999888e-01
9.999886e-01
9.999884e-01
9.999882e-01
9.999880e-01
9.999878e-01
9.999876e-01
9.999874e-01
9.999872e-01
9.999870e-01
9.999868e-01
9.999866e-01
9.999864e-01
9.999863e-01
9.999861e-01
9.999859e-01
9.999857e-01
9.999855e-01
9.999853e-01
9.999851e-01
9.999849e-01
9.999847e-01
9.999845e-01
9.999844e-01
9.999842e-01
9.999840e-01
9.999838e-01
9.999836e-01
9.999834e-01
9.999832e-01
9.999831e-01
9.999829e-01
9.999827e-01
9.999825e-01
9.999823e-01
9.999821e-01
9.999820e-01
9.999818e-01
9.999816e-01
9.999814e-01
9.999812e-01
9.999811e-01
9.999809e-01
9.999807e-01
9.999805e-01
9.999804e-01
9.999802e-01
9.999800e-01
9.999798e-01
9.999797e-01
9.999795e-01
9.999793e-01
9.999791e-01
9.999790e-01
9.999788e-01
9.999786e-01
9.999785e-01
9.999783e-01
9.999781e-01
9.999779e-01
9.999778e-01
9.999776e-01
9.999775e-01
9.999773e-01
9.999771e-01
9.999770e-01
9.999768e-01
9.999766e-01
9.999765e-01
9.999763e-01
9.999762e-01
9.999760e-01
9.999758e-01
9.999757e-01
9.999755e-01
9.999754e-01
9.999752e-01
9.999751e-01
9.999749e-01
9.999747e-01
9.999746e-01
9.999744e-01
9.999743e-01
9.999741e-01
9.999740e-01
9.999738e-01
9.999737e-01
9.999736e-01
9.999734e-01
9.999733e-01
9.999731e-01
9.999730e-01
9.999728e-01
9.999727e-01
9.999725e-01
9.999724e-01
9.999723e-01
9.999721e-01
9.999720e-01
9.999718e-01
9.999717e-01
9.999716e-01
9.999714e-01
9.999713e-01
9.999712e-01
9.999710e-01
9.999709e-01
9.999708e-01
9.999707e-01
9.999705e-01
9.999704e-01
9.999703e-01
9.999701e-01
9.999700e-01
9.999699e-01
9.999698e-01
9.999696e-01
9.999695e-01
9.999694e-01
9.999693e-01
9.999692e-01
9.999691e-01
9.999689e-01
9.999688e-01
9.999687e-01
9.999686e-01
9.999685e-01
9.999684e-01
9.999683e-01
9.999681e-01
9.999680e-01
9.999679e-01
9.999678e-01
9.999677e-01
9.999676e-01
9.999675e-01
9.999674e-01
9.999673e-01
9.999672e-01
9.999671e-01
9.999670e-01
9.999669e-01
9.999668e-01
9.999667e-01
9.999666e-01
9.999665e-01
9.999664e-01
9.999663e-01
9.999662e-01
9.999661e-01
9.999660e-01
9.999660e-01
9.999659e-01
9.999658e-01
9.999657e-01
9.999656e-01
9.999655e-01
9.999654e-01
9.999654e-01
9.999653e-01
9.999652e-01
9.999651e-01
9.999650e-01
9.999650e-01
9.999649e-01
9.999648e-01
9.999647e-01
9.999647e-01
9.999646e-01
9.999645e-01
9.999645e-01
9.999644e-01
9.999643e-01
9.999643e-01
9.999642e-01
9.999641e-01
9.999641e-01
9.999640e-01
9.999639e-01
9.999639e-01
9.999638e-01
9.999638e-01
9.999637e-01
9.999637e-01
9.999636e-01
9.999635e-01
9.999635e-01
9.999634e-01
9.999634e-01
9.999633e-01
9.999633e-01
9.999633e-01
9.999632e-01
9.999632e-01
9.999631e-01
9.999631e-01
9.999630e-01
9.999630e-01
9.999630e-01
9.999629e-01
9.999629e-01
9.999628e-01
9.999628e-01
9.999628e-01
9.999627e-01
9.999627e-01
9.999627e-01
9.999627e-01
9.999626e-01
9.999626e-01
9.999626e-01
9.999625e-01
9.999625e-01
9.999625e-01
9.999625e-01
9.999625e-01
9.999624e-01
9.999624e-01
9.999624e-01
9.999624e-01
9.999624e-01
9.999624e-01
9.999623e-01
9.999623e-01
9.999623e-01
9.999623e-01
9.999623e-01
9.999623e-01
9.999623e-01
9.999623e-01
9.999623e-01
9.999623e-01
9.999623e-01
9.999623e-01
9.999623e-01
9.999623e-01
9.999623e-01
9.999623e-01
9.999623e-01
9.999623e-01
9.999623e-01
9.999623e-01
9.999623e-01
9.999623e-01
9.999623e-01
9.999624e-01
9.999624e-01
9.999624e-01
9.999624e-01
9.999624e-01
9.999624e-01
9.999625e-01
9.999625e-01
9.999625e-01
9.999625e-01
9.999625e-01
9.999626e-01
9.999626e-01
9.999626e-01
9.999627e-01
9.999627e-01
9.999627e-01
9.999627e-01
9.999628e-01
9.999628e-01
9.999628e-01
9.999629e-01
9.999629e-01
9.999630e-01
9.999630e-01
9.999630e-01
9.999631e-01
9.999631e-01
9.999632e-01
9.999632e-01
9.999633e-01
9.999633e-01
9.999633e-01
9.999634e-01
9.999634e-01
9.999635e-01
9.999635e-01
9.999636e-01
9.999637e-01
9.999637e-01
9.999638e-01
9.999638e-01
9.999639e-01
9.999639e-01
9.999640e-01
9.999641e-01
9.999641e-01
9.999642e-01
9.999643e-01
9.999643e-01
9.999644e-01
9.999645e-01
9.999645e-01
9.999646e-01
9.999647e-01
9.999647e-01
9.999648e-01
9.999649e-01
9.999650e-01
9.999650e-01
9.999651e-01
9.999652e-01
9.999653e-01
9.999654e-01
9.999654e-01
9.999655e-01
9.999656e-01
9.999657e-01
9.999658e-01
9.999659e-01
9.999660e-01
9.999660e-01
9.999661e-01
9.999662e-01
9.999663e-01
9.999664e-01
9.999665e-01
9.999666e-01
9.999667e-01
9.999668e-01
9.999669e-01
9.999670e-01
9.999671e-01
9.999672e-01
9.999673e-01
9.999674e-01
9.999675e-01
9.999676e-01
9.999677e-01
9.999678e-01
9.999679e-01
9.999680e-01
9.999681e-01
9.999683e-01
9.999684e-01
9.999685e-01
9.999686e-01
9.999687e-01
9.999688e-01
9.999689e-01
9.999691e-01
9.999692e-01
9.999693e-01
9.999694e-01
9.999695e-01
9.999696e-01
9.999698e-01
9.999699e-01
9.999700e-01
9.999701e-01
9.999703e-01
9.999704e-01
9.999705e-01
9.999707e-01
9.999708e-01
9.999709e-01
9.999710e-01
9.999712e-01
9.999713e-01
9.999714e-01
9.999716e-01
9.999717e-01
9.999718e-01
9.999720e-01
9.999721e-01
9.999723e-01
9.999724e-01
9.999725e-01
9.999727e-01
9.999728e-01
9.999730e-01
9.999731e-01
9.999733e-01
9.999734e-01
9.999736e-01
9.999737e-01
9.999738e-01
9.999740e-01
9.999741e-01
9.999743e-01
9.999744e-01
9.999746e-01
9.999747e-01
9.999749e-01
9.999751e-01
9.999752e-01
9.999754e-01
9.999755e-01
9.999757e-01
9.999758e-01
9.999760e-01
9.999762e-01
9.999763e-01
9.999765e-01
9.999766e-01
9.999768e-01
9.999770e-01
9.999771e-01
9.999773e-01
9.999775e-01
9.999776e-01
9.999778e-01
9.999779e-01
9.999781e-01
9.999783e-01
9.999785e-01
9.999786e-01
9.999788e-01
9.999790e-01
9.999791e-01
9.999793e-01
9.999795e-01
9.999797e-01
9.999798e-01
9.999800e-01
9.999802e-01
9.999804e-01
9.999805e-01
9.999807e-01
9.999809e-01
9.999811e-01
9.999812e-01
9.999814e-01
9.999816e-01
9.999818e-01
9.999820e-01
9.999821e-01
9.999823e-01
9.999825e-01
9.999827e-01
9.999829e-01
9.999831e-01
9.999832e-01
9.999834e-01
9.999836e-01
9.999838e-01
9.999840e-01
9.999842e-01
9.999844e-01
9.999845e-01
9.999847e-01
9.999849e-01
9.999851e-01
9.999853e-01
9.999855e-01
9.999857e-01
9.999859e-01
9.999861e-01
9.999863e-01
9.999864e-01
9.999866e-01
9.999868e-01
9.999870e-01
9.999872e-01
9.999874e-01
9.999876e-01
9.999878e-01
9.999880e-01
9.999882e-01
9.999884e-01
9.999886e-01
9.999888e-01
9.999890e-01
9.999892e-01
9.999894e-01
9.999896e-01
9.999898e-01
9.999900e-01
9.999902e-01
9.999904e-01
9.999906e-01
9.999908e-01
9.999910e-01
9.999912e-01
9.999914e-01
9.999916e-01
9.999917e-01
9.999919e-01
9.999921e-01
9.999922e-01
9.999923e-01
9.999923e-01
9.999922e-01
9.999919e-01
9.999912e-01
9.999900e-01
9.999878e-01
9.999841e-01
9.999779e-01
9.999674e-01
9.999501e-01
9.999214e-01
9.998740e-01
9.997958e-01
9.996666e-01
9.994536e-01
9.991025e-01
9.985239e-01
9.975715e-01
9.960049e-01
9.934327e-01
9.892207e-01
9.823536e-01
9.712373e-01
9.534489e-01
9.255018e-01
8.828374e-01
8.204779e-01
7.348940e-01
6.270549e-01
5.049020e-01
3.821611e-01
2.728169e-01
1.853720e-01
1.212815e-01
7.724926e-02
4.832505e-02
2.988123e-02
1.834226e-02
1.120907e-02
6.832111e-03
4.158717e-03
2.530504e-03
1.540658e-03
9.396459e-04
5.750819e-04
3.541558e-04
2.204338e-04
1.396346e-04
9.094622e-05
6.173807e-05
4.434683e-05
3.412319e-05
2.824696e-05
2.500728e-05
2.336652e-05
2.269513e-05
2.261139e-05
2.288360e-05
2.337135e-05
2.398933e-05
2.468590e-05
2.542961e-05
2.620146e-05
2.698985e-05
2.778777e-05
2.859092e-05
2.939670e-05
3.020350e-05
3.101036e-05
3.181663e-05
3.262195e-05
3.342606e-05
3.422881e-05
3.503005e-05
3.582974e-05
3.662777e-05
3.742412e-05
3.821871e-05
3.901153e-05
3.980251e-05
4.059163e-05
4.137883e-05
4.216410e-05
4.294737e-05
4.372863e-05
4.450783e-05
4.528494e-05
4.605991e-05
4.683271e-05
4.760331e-05
4.837167e-05
4.913775e-05
4.990151e-05
5.066293e-05
5.142196e-05
5.217856e-05
5.293271e-05
5.368436e-05
5.443349e-05
5.518004e-05
5.592400e-05
5.666532e-05
5.740397e-05
5.813992e-05
5.887312e-05
5.960355e-05
6.033117e-05
6.105594e-05
6.177784e-05
6.249682e-05
6.321285e-05
6.392591e-05
6.463595e-05
6.534293e-05
6.604684e-05
6.674763e-05
6.744528e-05
6.813974e-05
6.883099e-05
6.951899e-05
7.020371e-05
7.088511e-05
7.156318e-05
7.223786e-05
7.290914e-05
7.357698e-05
7.424134e-05
7.490220e-05
7.555952e-05
7.621328e-05
7.686344e-05
7.750998e-05
7.815285e-05
7.879203e-05
7.942750e-05
8.005922e-05
8.068715e-05
8.131128e-05
8.193157e-05
8.254798e-05
8.316051e-05
8.376910e-05
8.437374e-05
8.497439e-05
8.557104e-05
8.616364e-05
8.675217e-05
8.733660e-05
8.791691e-05
8.849307e-05
8.906505e-05
8.963282e-05
9.019636e-05
9.075564e-05
9.131063e-05
9.186130e-05
9.240764e-05
9.294961e-05
9.348720e-05
9.402036e-05
9.454908e-05
9.507334e-05
9.559311e-05
9.610835e-05
9.661906e-05
9.712520e-05
9.762676e-05
9.812370e-05
9.861600e-05
9.910365e-05
9.958661e-05
1.000649e-04
1.005384e-04
1.010072e-04
1.014712e-04
1.019304e-04
1.023848e-04
1.028343e-04
1.032790e-04
1.037188e-04
1.041537e-04
1.045837e-04
1.050088e-04
1.054288e-04
1.058439e-04
1.062540e-04
1.066591e-04
1.070591e-04
1.074541e-04
1.078440e-04
1.082288e-04
1.086085e-04
1.089830e-04
1.093524e-04
1.097166e-04
1.100757e-04
1.104295e-04
1.107781e-04
1.111215e-04
1.114596e-04
1.117925e-04
1.121200e-04
1.124423e-04
1.127593e-04
1.130709e-04
1.133771e-04
1.136781e-04
1.139736e-04
1.142638e-04
1.145485e-04
1.148278e-04
1.151017e-04
1.153702e-04
1.156332e-04
1.158907e-04
1.161428e-04
1.163894e-04
1.166304e-04
1.168660e-04
1.170960e-04
1.173205e-04
1.175394e-04
1.177528e-04
1.179606e-04
1.181629e-04
1.183595e-04
1.185506e-04
1.187360e-04
1.189159e-04
1.190901e-04
1.192586e-04
1.194216e-04
1.195789e-04
1.197305e-04
1.198765e-04
1.200168e-04
1.201514e-04
1.202804e-04
1.204036e-04
1.205212e-04
1.206330e-04
1.207392e-04
1.208397e-04
1.209344e-04
1.210234e-04
1.211067e-04
1.211843e-04
1.212561e-04
1.213222e-04
1.213826e-04
1.214372e-04
1.214861e-04
1.215292e-04
1.215666e-04
1.215982e-04
1.216241e-04
1.216443e-04
1.216587e-04
1.216673e-04
