5.904886e-08
5.904777e-08
5.904356e-08
5.903717e-08
5.902766e-08
5.901597e-08
5.900117e-08
5.898418e-08
5.896408e-08
5.894180e-08
5.891641e-08
5.888884e-08
5.885816e-08
5.882531e-08
5.878935e-08
5.875122e-08
5.870999e-08
5.866659e-08
5.862008e-08
5.857143e-08
5.851966e-08
5.846575e-08
5.840874e-08
5.834958e-08
5.828733e-08
5.822294e-08
5.815546e-08
5.808585e-08
5.801315e-08
5.793834e-08
5.786043e-08
5.778043e-08
5.769733e-08
5.761215e-08
5.752388e-08
5.743353e-08
5.734010e-08
5.724461e-08
5.714604e-08
5.704542e-08
5.694173e-08
5.683600e-08
5.672720e-08
5.661638e-08
5.650249e-08
5.638660e-08
5.626765e-08
5.614671e-08
5.602272e-08
5.589675e-08
5.576774e-08
5.563677e-08
5.550276e-08
5.536681e-08
5.522782e-08
5.508692e-08
5.494299e-08
5.479716e-08
5.464830e-08
5.449758e-08
5.434382e-08
5.418822e-08
5.402960e-08
5.386915e-08
5.370569e-08
5.354043e-08
5.337216e-08
5.320212e-08
5.302907e-08
5.285427e-08
5.267647e-08
5.249696e-08
5.231444e-08
5.213024e-08
5.194304e-08
5.175419e-08
5.156234e-08
5.136886e-08
5.117240e-08
5.097434e-08
5.077330e-08
5.057070e-08
5.036512e-08
5.015800e-08
4.994791e-08
4.973633e-08
4.952177e-08
4.930576e-08
4.908677e-08
4.886637e-08
4.864299e-08
4.841823e-08
4.819051e-08
4.796144e-08
4.772941e-08
4.749608e-08
4.725977e-08
4.702222e-08
4.678169e-08
4.653996e-08
4.629525e-08
4.604938e-08
4.580054e-08
4.555058e-08
4.529764e-08
4.504365e-08
4.478666e-08
4.452867e-08
4.426768e-08
4.400574e-08
4.374079e-08
4.347496e-08
4.320611e-08
4.293642e-08
4.266371e-08
4.239023e-08
4.211370e-08
4.183648e-08
4.155619e-08
4.127527e-08
4.099127e-08
4.070671e-08
4.041904e-08
4.013089e-08
3.983962e-08
3.954794e-08
3.925310e-08
3.895794e-08
3.865959e-08
3.836101e-08
3.805920e-08
3.775725e-08
3.745204e-08
3.714679e-08
3.683822e-08
3.652972e-08
3.621786e-08
3.590617e-08
3.559106e-08
3.527624e-08
3.495794e-08
3.464005e-08
3.431861e-08
3.399772e-08
3.367320e-08
3.334936e-08
3.302181e-08
3.269510e-08
3.236458e-08
3.203504e-08
3.170160e-08
3.136932e-08
3.103302e-08
3.069806e-08
3.035894e-08
3.002137e-08
2.967949e-08
2.933938e-08
2.899480e-08
2.865222e-08
2.830499e-08
2.796001e-08
2.761017e-08
2.726288e-08
2.691049e-08
2.656096e-08
2.620607e-08
2.585438e-08
2.549705e-08
2.514330e-08
2.478357e-08
2.442787e-08
2.406583e-08
2.370834e-08
2.334414e-08
2.298514e-08
2.261912e-08
2.225921e-08
2.189222e-08
2.153286e-08
2.116716e-08
2.081216e-08
2.045385e-08
2.011337e-08
1.977899e-08
1.948045e-08
1.921495e-08
1.903264e-08
1.895823e-08
1.909386e-08
1.954276e-08
2.054434e-08
2.241965e-08
2.577654e-08
3.153328e-08
4.129360e-08
5.760533e-08
8.477256e-08
1.297802e-07
2.042644e-07
3.272802e-07
5.303847e-07
8.654536e-07
1.418182e-06
2.329675e-06
3.832774e-06
6.311143e-06
1.039757e-05
1.713506e-05
2.824343e-05
4.655766e-05
7.675161e-05
1.265292e-04
2.085881e-04
3.438510e-04
5.667824e-04
9.341171e-04
1.539161e-03
2.535111e-03
4.172824e-03
6.861246e-03
1.126215e-02
1.843347e-02
3.003251e-02
4.856898e-02
7.763074e-02
1.218548e-01
1.861865e-01
2.738886e-01
3.834377e-01
5.062541e-01
6.283203e-01
7.359488e-01
8.212762e-01
8.833989e-01
9.258771e-01
9.536916e-01
9.713913e-01
9.824504e-01
9.892816e-01
9.934714e-01
9.960300e-01
9.975883e-01
9.985358e-01
9.991114e-01
9.994609e-01
9.996729e-01
9.998016e-01
9.998796e-01
9.999270e-01
9.999557e-01
9.999731e-01
9.999837e-01
9.999901e-01
9.999940e-01
9.999963e-01
9.999978e-01
9.999986e-01
9.999992e-01
9.999995e-01
9.999997e-01
9.999998e-01
9.999998e-01
9.999999e-01
9.999999e-01
9.999999e-01
9.999999e-01
9.999999e-01
9.999999e-01
9.999999e-01
9.999999e-01
9.999999e-01
9.999999e-01
9.999999e-01
9.999999e-01
9.999999e-01
9.999999e-01
9.999999e-01
9.999999e-01
9.999999e-01
9.999999e-01
9.999999e-01
9.999999e-01
9.999999e-01
9.999999e-01
9.999999e-01
9.999999e-01
9.999999e-01
9.999999e-01
9.999999e-01
9.999999e-01
9.999999e-01
9.999999e-01
9.999999e-01
9.999999e-01
9.999999e-01
9.999999e-01
9.999999e-01
9.999999e-01
9.999999e-01
9.999999e-01
9.999999e-01
9.999999e-01
9.999999e-01
9.999999e-01
9.999999e-01
9.999999e-01
9.999999e-01
9.999999e-01
9.999999e-01
9.999999e-01
9.999999e-01
9.999999e-01
9.999999e-01
9.999999e-01
9.999999e-01
9.999999e-01
9.999999e-01
9.999999e-01
9.999999e-01
9.999999e-01
9.999999e-01
9.999999e-01
9.999999e-01
9.999999e-01
9.999999e-01
9.999999e-01
9.999999e-01
9.999999e-01
9.999999e-01
9.999999e-01
9.999999e-01
9.999999e-01
9.999999e-01
9.999999e-01
9.999999e-01
9.999999e-01
9.999999e-01
9.999999e-01
9.999999e-01
9.999999e-01
9.999999e-01
9.999999e-01
9.999999e-01
9.999999e-01
9.999999e-01
9.999999e-01
9.999999e-01
9.999998e-01
9.999998e-01
9.999998e-01
9.999998e-01
9.999998e-01
9.999998e-01
9.999998e-01
9.999998e-01
9.999998e-01
9.999998e-01
9.999998e-01
9.999998e-01
9.999998e-01
9.999998e-01
9.999998e-01
9.999998e-01
9.999998e-01
9.999998e-01
9.999998e-01
9.999998e-01
9.999998e-01
9.999998e-01
9.999998e-01
9.999998e-01
9.999998e-01
9.999998e-01
9.999998e-01
9.999998e-01
9.999998e-01
9.999998e-01
9.999998e-01
9.999998e-01
9.999998e-01
9.999998e-01
9.999998e-01
9.999998e-01
9.999998e-01
9.999998e-01
9.999998e-01
9.999998e-01
9.999998e-01
9.999998e-01
9.999998e-01
9.999998e-01
9.999998e-01
9.999998e-01
9.999998e-01
9.999998e-01
9.999998e-01
9.999998e-01
9.999998e-01
9.999998e-01
9.999998e-01
9.999998e-01
9.999998e-01
9.999998e-01
9.999998e-01
9.999998e-01
9.999998e-01
9.999998e-01
9.999998e-01
9.999998e-01
9.999998e-01
9.999998e-01
9.999998e-01
9.999998e-01
9.999998e-01
9.999998e-01
9.999998e-01
9.999998e-01
9.999998e-01
9.999998e-01
9.999998e-01
9.999998e-01
9.999998e-01
9.999998e-01
9.999998e-01
9.999998e-01
9.999998e-01
9.999998e-01
9.999998e-01
9.999998e-01
9.999998e-01
9.999998e-01
9.999998e-01
9.999998e-01
9.999998e-01
9.999998e-01
9.999998e-01
9.999998e-01
9.999998e-01
9.999998e-01
9.999998e-01
9.999998e-01
9.999998e-01
9.999998e-01
9.999998e-01
9.999998e-01
9.999998e-01
9.999998e-01
9.999998e-01
9.999998e-01
9.999998e-01
9.999998e-01
9.999998e-01
9.999998e-01
9.999998e-01
9.999998e-01
9.999998e-01
9.999998e-01
9.999998e-01
9.999998e-01
9.999998e-01
9.999998e-01
9.999998e-01
9.999998e-01
9.999998e-01
9.999998e-01
9.999998e-01
9.999998e-01
9.999998e-01
9.999998e-01
9.999998e-01
9.999998e-01
9.999998e-01
9.999998e-01
9.999998e-01
9.999998e-01
9.999998e-01
9.999998e-01
9.999998e-01
9.999998e-01
9.999998e-01
9.999998e-01
9.999998e-01
9.999998e-01
9.999998e-01
9.999998e-01
9.999998e-01
9.999998e-01
9.999998e-01
9.999998e-01
9.999998e-01
9.999998e-01
9.999998e-01
9.999998e-01
9.999998e-01
9.999998e-01
9.999998e-01
9.999998e-01
9.999998e-01
9.999998e-01
9.999998e-01
9.999998e-01
9.999998e-01
9.999998e-01
9.999998e-01
9.999998e-01
9.999998e-01
9.999998e-01
9.999998e-01
9.999998e-01
9.999998e-01
9.999998e-01
9.999998e-01
9.999998e-01
9.999998e-01
9.999998e-01
9.999998e-01
9.999998e-01
9.999998e-01
9.999998e-01
9.999998e-01
9.999998e-01
9.999998e-01
9.999998e-01
9.999998e-01
9.999998e-01
9.999998e-01
9.999998e-01
9.999998e-01
9.999998e-01
9.999998e-01
9.999998e-01
9.999998e-01
9.999998e-01
9.999998e-01
9.999998e-01
9.999998e-01
9.999998e-01
9.999998e-01
9.999998e-01
9.999998e-01
9.999998e-01
9.999998e-01
9.999998e-01
9.999998e-01
9.999998e-01
9.999998e-01
9.999998e-01
9.999998e-01
9.999998e-01
9.999998e-01
9.999998e-01
9.999998e-01
9.999998e-01
9.999998e-01
9.999998e-01
9.999998e-01
9.999998e-01
9.999998e-01
9.999998e-01
9.999998e-01
9.999998e-01
9.999998e-01
9.999998e-01
9.999998e-01
9.999998e-01
9.999998e-01
9.999998e-01
9.999998e-01
9.999998e-01
9.999998e-01
9.999998e-01
9.999998e-01
9.999998e-01
9.999998e-01
9.999998e-01
9.999998e-01
9.999998e-01
9.999998e-01
9.999998e-01
9.999998e-01
9.999998e-01
9.999998e-01
9.999998e-01
9.999998e-01
9.999998e-01
9.999998e-01
9.999998e-01
9.999998e-01
9.999998e-01
9.999998e-01
9.999998e-01
9.999998e-01
9.999998e-01
9.999998e-01
9.999998e-01
9.999998e-01
9.999998e-01
9.999998e-01
9.999998e-01
9.999998e-01
9.999998e-01
9.999998e-01
9.999998e-01
9.999998e-01
9.999998e-01
9.999998e-01
9.999998e-01
9.999998e-01
9.999998e-01
9.999998e-01
9.999998e-01
9.999998e-01
9.999998e-01
9.999998e-01
9.999998e-01
9.999998e-01
9.999998e-01
9.999998e-01
9.999998e-01
9.999998e-01
9.999998e-01
9.999998e-01
9.999998e-01
9.999998e-01
9.999998e-01
9.999998e-01
9.999998e-01
9.999998e-01
9.999998e-01
9.999998e-01
9.999998e-01
9.999998e-01
9.999998e-01
9.999998e-01
9.999998e-01
9.999998e-01
9.999998e-01
9.999998e-01
9.999998e-01
9.999998e-01
9.999998e-01
9.999998e-01
9.999998e-01
9.999998e-01
9.999998e-01
9.999998e-01
9.999998e-01
9.999998e-01
9.999998e-01
9.999998e-01
9.999998e-01
9.999998e-01
9.999998e-01
9.999998e-01
9.999998e-01
9.999998e-01
9.999998e-01
9.999998e-01
9.999998e-01
9.999998e-01
9.999998e-01
9.999998e-01
9.999998e-01
9.999998e-01
9.999998e-01
9.999998e-01
9.999998e-01
9.999998e-01
9.999998e-01
9.999998e-01
9.999998e-01
9.999998e-01
9.999998e-01
9.999998e-01
9.999998e-01
9.999998e-01
9.999999e-01
9.999999e-01
9.999999e-01
9.999999e-01
9.999999e-01
9.999999e-01
9.999999e-01
9.999999e-01
9.999999e-01
9.999999e-01
9.999999e-01
9.999999e-01
9.999999e-01
9.999999e-01
9.999999e-01
9.999999e-01
9.999999e-01
9.999999e-01
9.999999e-01
9.999999e-01
9.999999e-01
9.999999e-01
9.999999e-01
9.999999e-01
9.999999e-01
9.999999e-01
9.999999e-01
9.999999e-01
9.999999e-01
9.999999e-01
9.999999e-01
9.999999e-01
9.999999e-01
9.999999e-01
9.999999e-01
9.999999e-01
9.999999e-01
9.999999e-01
9.999999e-01
9.999999e-01
9.999999e-01
9.999999e-01
9.999999e-01
9.999999e-01
9.999999e-01
9.999999e-01
9.999999e-01
9.999999e-01
9.999999e-01
9.999999e-01
9.999999e-01
9.999999e-01
9.999999e-01
9.999999e-01
9.999999e-01
9.999999e-01
9.999999e-01
9.999999e-01
9.999999e-01
9.999999e-01
9.999999e-01
9.999999e-01
9.999999e-01
9.999999e-01
9.999999e-01
9.999999e-01
9.999999e-01
9.999999e-01
9.999999e-01
9.999999e-01
9.999999e-01
9.999999e-01
9.999999e-01
9.999999e-01
9.999999e-01
9.999999e-01
9.999999e-01
9.999999e-01
9.999999e-01
9.999999e-01
9.999999e-01
9.999999e-01
9.999999e-01
9.999999e-01
9.999999e-01
9.999998e-01
9.999998e-01
9.999997e-01
9.999995e-01
9.999992e-01
9.999986e-01
9.999978e-01
9.999963e-01
9.999940e-01
9.999901e-01
9.999837e-01
9.999731e-01
9.999557e-01
9.999270e-01
9.998796e-01
9.998016e-01
9.996729e-01
9.994609e-01
9.991114e-01
9.985358e-01
9.975883e-01
9.960300e-01
9.934714e-01
9.892816e-01
9.824504e-01
9.713913e-01
9.536916e-01
9.258771e-01
8.833989e-01
8.212762e-01
7.359488e-01
6.283203e-01
5.062541e-01
3.834377e-01
2.738886e-01
1.861865e-01
1.218548e-01
7.763074e-02
4.856898e-02
3.003251e-02
1.843347e-02
1.126215e-02
6.861246e-03
4.172824e-03
2.535111e-03
1.539161e-03
9.341171e-04
5.667824e-04
3.438510e-04
2.085881e-04
1.265292e-04
7.675161e-05
4.655766e-05
2.824343e-05
1.713506e-05
1.039757e-05
6.311143e-06
3.832774e-06
2.329675e-06
1.418182e-06
8.654536e-07
5.303847e-07
3.272802e-07
2.042644e-07
1.297802e-07
8.477259e-08
5.760536e-08
4.129363e-08
3.153331e-08
2.577658e-08
2.241968e-08
2.054438e-08
1.954279e-08
1.909390e-08
1.895827e-08
1.903268e-08
1.921499e-08
1.948049e-08
1.977903e-08
2.011341e-08
2.045389e-08
2.081220e-08
2.116721e-08
2.153291e-08
2.189227e-08
2.225926e-08
2.261918e-08
2.298519e-08
2.334420e-08
2.370839e-08
2.406589e-08
2.442792e-08
2.478363e-08
2.514335e-08
2.549710e-08
2.585444e-08
2.620613e-08
2.656102e-08
2.691056e-08
2.726294e-08
2.761024e-08
2.796008e-08
2.830505e-08
2.865229e-08
2.899487e-08
2.933945e-08
2.967956e-08
3.002144e-08
3.035901e-08
3.069813e-08
3.103309e-08
3.136939e-08
3.170167e-08
3.203511e-08
3.236464e-08
3.269516e-08
3.302188e-08
3.334943e-08
3.367327e-08
3.399778e-08
3.431868e-08
3.464011e-08
3.495800e-08
3.527630e-08
3.559112e-08
3.590623e-08
3.621792e-08
3.652978e-08
3.683828e-08
3.714684e-08
3.745209e-08
3.775730e-08
3.805925e-08
3.836105e-08
3.865963e-08
3.895798e-08
3.925314e-08
3.954798e-08
3.983966e-08
4.013093e-08
4.041908e-08
4.070674e-08
4.099130e-08
4.127530e-08
4.155622e-08
4.183651e-08
4.211373e-08
4.239026e-08
4.266374e-08
4.293645e-08
4.320613e-08
4.347498e-08
4.374081e-08
4.400576e-08
4.426769e-08
4.452868e-08
4.478667e-08
4.504366e-08
4.529765e-08
4.555059e-08
4.580055e-08
4.604939e-08
4.629526e-08
4.653997e-08
4.678170e-08
4.702223e-08
4.725978e-08
4.749608e-08
4.772941e-08
4.796144e-08
4.819051e-08
4.841823e-08
4.864299e-08
4.886637e-08
4.908677e-08
4.930576e-08
4.952177e-08
4.973633e-08
4.994791e-08
5.015800e-08
5.036511e-08
5.057070e-08
5.077330e-08
5.097434e-08
5.117240e-08
5.136886e-08
5.156233e-08
5.175418e-08
5.194304e-08
5.213023e-08
5.231444e-08
5.249695e-08
5.267647e-08
5.285427e-08
5.302906e-08
5.320211e-08
5.337216e-08
5.354043e-08
5.370569e-08
5.386915e-08
5.402959e-08
5.418822e-08
5.434382e-08
5.449757e-08
5.464830e-08
5.479716e-08
5.494299e-08
5.508692e-08
5.522782e-08
5.536681e-08
5.550275e-08
5.563677e-08
5.576774e-08
5.589675e-08
5.602272e-08
5.614671e-08
5.626765e-08
5.638660e-08
5.650249e-08
5.661638e-08
5.672720e-08
5.683600e-08
5.694173e-08
5.704542e-08
5.714604e-08
5.724461e-08
5.734011e-08
5.743354e-08
5.752388e-08
5.761215e-08
5.769734e-08
5.778043e-08
5.786044e-08
5.793834e-08
5.801316e-08
5.808586e-08
5.815546e-08
5.822295e-08
5.828733e-08
5.834959e-08
5.840874e-08
5.846576e-08
5.851967e-08
5.857144e-08
5.862009e-08
5.866660e-08
5.871000e-08
5.875123e-08
5.878936e-08
5.882532e-08
5.885817e-08
5.888885e-08
5.891642e-08
5.894181e-08
5.896409e-08
5.898419e-08
5.900117e-08
5.901598e-08
5.902767e-08
5.903717e-08
5.904356e-08
5.904777e-08
