4.935819e-08
4.935732e-08
4.935378e-08
4.934849e-08
4.934053e-08
4.933083e-08
4.931845e-08
4.930434e-08
4.928755e-08
4.926903e-08
4.924783e-08
4.922490e-08
4.919930e-08
4.917197e-08
4.914197e-08
4.911024e-08
4.907584e-08
4.903972e-08
4.900093e-08
4.896043e-08
4.891726e-08
4.887238e-08
4.882484e-08
4.877559e-08
4.872368e-08
4.867007e-08
4.861380e-08
4.855585e-08
4.849523e-08
4.843294e-08
4.836799e-08
4.830137e-08
4.823209e-08
4.816115e-08
4.808757e-08
4.801233e-08
4.793444e-08
4.785492e-08
4.777275e-08
4.768895e-08
4.760251e-08
4.751445e-08
4.742376e-08
4.733146e-08
4.723652e-08
4.714001e-08
4.704085e-08
4.694012e-08
4.683676e-08
4.673185e-08
4.662431e-08
4.651523e-08
4.640351e-08
4.629029e-08
4.617443e-08
4.605707e-08
4.593709e-08
4.581563e-08
4.569155e-08
4.556600e-08
4.543784e-08
4.530823e-08
4.517601e-08
4.504237e-08
4.490611e-08
4.476846e-08
4.462819e-08
4.448655e-08
4.434231e-08
4.419671e-08
4.404850e-08
4.389897e-08
4.374683e-08
4.359339e-08
4.343735e-08
4.328003e-08
4.312011e-08
4.295895e-08
4.279518e-08
4.263020e-08
4.246262e-08
4.229385e-08
4.212247e-08
4.194995e-08
4.177482e-08
4.159857e-08
4.141971e-08
4.123977e-08
4.105722e-08
4.087362e-08
4.068741e-08
4.050018e-08
4.031034e-08
4.011952e-08
3.992609e-08
3.973172e-08
3.953473e-08
3.933684e-08
3.913632e-08
3.893495e-08
3.873094e-08
3.852613e-08
3.831867e-08
3.811045e-08
3.789958e-08
3.768799e-08
3.747374e-08
3.725882e-08
3.704123e-08
3.682302e-08
3.660213e-08
3.638068e-08
3.615653e-08
3.593187e-08
3.570450e-08
3.547667e-08
3.524612e-08
3.501518e-08
3.478148e-08
3.454746e-08
3.431066e-08
3.407361e-08
3.383375e-08
3.359371e-08
3.335083e-08
3.310785e-08
3.286200e-08
3.261612e-08
3.236734e-08
3.211861e-08
3.186693e-08
3.161540e-08
3.136088e-08
3.110660e-08
3.084928e-08
3.059229e-08
3.033221e-08
3.007256e-08
2.980977e-08
2.954752e-08
2.928205e-08
2.901725e-08
2.874916e-08
2.848186e-08
2.821119e-08
2.794144e-08
2.766823e-08
2.739609e-08
2.712038e-08
2.684591e-08
2.656775e-08
2.629099e-08
2.601044e-08
2.573145e-08
2.544853e-08
2.516738e-08
2.488215e-08
2.459889e-08
2.431138e-08
2.402608e-08
2.373633e-08
2.344905e-08
2.315711e-08
2.286791e-08
2.257382e-08
2.228278e-08
2.198657e-08
2.169375e-08
2.139547e-08
2.110096e-08
2.080066e-08
2.050456e-08
2.020230e-08
1.990476e-08
1.960069e-08
1.930197e-08
1.899641e-08
1.869710e-08
1.839089e-08
1.809246e-08
1.778785e-08
1.749408e-08
1.719715e-08
1.691820e-08
1.664549e-08
1.640876e-08
1.620521e-08
1.608498e-08
1.607279e-08
1.627075e-08
1.678211e-08
1.784628e-08
1.978429e-08
2.320400e-08
2.902366e-08
3.884700e-08
5.522186e-08
8.245230e-08
1.275232e-07
2.020707e-07
3.251498e-07
5.283176e-07
8.634496e-07
1.416241e-06
2.327796e-06
3.830956e-06
6.309384e-06
1.039587e-05
1.713341e-05
2.824183e-05
4.655608e-05
7.675004e-05
1.265276e-04
2.085864e-04
3.438491e-04
5.667801e-04
9.341142e-04
1.539157e-03
2.535105e-03
4.172815e-03
6.861232e-03
1.126213e-02
1.843343e-02
3.003246e-02
4.856889e-02
7.763060e-02
1.218546e-01
1.861862e-01
2.738882e-01
3.834373e-01
5.062536e-01
6.283199e-01
7.359485e-01
8.212759e-01
8.833987e-01
9.258770e-01
9.536915e-01
9.713912e-01
9.824503e-01
9.892816e-01
9.934714e-01
9.960300e-01
9.975883e-01
9.985358e-01
9.991114e-01
9.994609e-01
9.996729e-01
9.998016e-01
9.998796e-01
9.999270e-01
9.999557e-01
9.999731e-01
9.999837e-01
9.999901e-01
9.999940e-01
9.999963e-01
9.999978e-01
9.999986e-01
9.999992e-01
9.999995e-01
9.999997e-01
9.999998e-01
9.999999e-01
9.999999e-01
9.999999e-01
9.999999e-01
9.999999e-01
9.999999e-01
9.999999e-01
1.000000e+00
1.000000e+00
1.000000e+00
9.999999e-01
9.999999e-01
9.999999e-01
9.999999e-01
9.999999e-01
9.999999e-01
9.999999e-01
9.999999e-01
9.999999e-01
9.999999e-01
9.999999e-01
9.999999e-01
9.999999e-01
9.999999e-01
9.999999e-01
9.999999e-01
9.999999e-01
9.999999e-01
9.999999e-01
9.999999e-01
9.999999e-01
9.999999e-01
9.999999e-01
9.999999e-01
9.999999e-01
9.999999e-01
9.999999e-01
9.999999e-01
9.999999e-01
9.999999e-01
9.999999e-01
9.999999e-01
9.999999e-01
9.999999e-01
9.999999e-01
9.999999e-01
9.999999e-01
9.999999e-01
9.999999e-01
9.999999e-01
9.999999e-01
9.999999e-01
9.999999e-01
9.999999e-01
9.999999e-01
9.999999e-01
9.999999e-01
9.999999e-01
9.999999e-01
9.999999e-01
9.999999e-01
9.999999e-01
9.999999e-01
9.999999e-01
9.999999e-01
9.999999e-01
9.999999e-01
9.999999e-01
9.999999e-01
9.999999e-01
9.999999e-01
9.999999e-01
9.999999e-01
9.999999e-01
9.999999e-01
9.999999e-01
9.999999e-01
9.999999e-01
9.999999e-01
9.999999e-01
9.999999e-01
9.999999e-01
9.999999e-01
9.999999e-01
9.999999e-01
9.999999e-01
9.999999e-01
9.999999e-01
9.999999e-01
9.999999e-01
9.999999e-01
9.999999e-01
9.999999e-01
9.999999e-01
9.999999e-01
9.999999e-01
9.999999e-01
9.999999e-01
9.999999e-01
9.999999e-01
9.999999e-01
9.999999e-01
9.999999e-01
9.999999e-01
9.999999e-01
9.999998e-01
9.999998e-01
9.999998e-01
9.999998e-01
9.999998e-01
9.999998e-01
9.999998e-01
9.999998e-01
9.999998e-01
9.999998e-01
9.999998e-01
9.999998e-01
9.999998e-01
9.999998e-01
9.999998e-01
9.999998e-01
9.999998e-01
9.999998e-01
9.999998e-01
9.999998e-01
9.999998e-01
9.999998e-01
9.999998e-01
9.999998e-01
9.999998e-01
9.999998e-01
9.999998e-01
9.999998e-01
9.999998e-01
9.999998e-01
9.999998e-01
9.999998e-01
9.999998e-01
9.999998e-01
9.999998e-01
9.999998e-01
9.999998e-01
9.999998e-01
9.999998e-01
9.999998e-01
9.999998e-01
9.999998e-01
9.999998e-01
9.999998e-01
9.999998e-01
9.999998e-01
9.999998e-01
9.999998e-01
9.999998e-01
9.999998e-01
9.999998e-01
9.999998e-01
9.999998e-01
9.999998e-01
9.999998e-01
9.999998e-01
9.999998e-01
9.999998e-01
9.999998e-01
9.999998e-01
9.999998e-01
9.999998e-01
9.999998e-01
9.999998e-01
9.999998e-01
9.999998e-01
9.999998e-01
9.999998e-01
9.999998e-01
9.999998e-01
9.999998e-01
9.999998e-01
9.999998e-01
9.999998e-01
9.999998e-01
9.999998e-01
9.999998e-01
9.999998e-01
9.999998e-01
9.999998e-01
9.999998e-01
9.999998e-01
9.999998e-01
9.999998e-01
9.999998e-01
9.999998e-01
9.999998e-01
9.999998e-01
9.999998e-01
9.999998e-01
9.999998e-01
9.999998e-01
9.999998e-01
9.999998e-01
9.999998e-01
9.999998e-01
9.999998e-01
9.999998e-01
9.999998e-01
9.999998e-01
9.999998e-01
9.999998e-01
9.999998e-01
9.999998e-01
9.999998e-01
9.999998e-01
9.999998e-01
9.999998e-01
9.999998e-01
9.999998e-01
9.999998e-01
9.999998e-01
9.999998e-01
9.999998e-01
9.999998e-01
9.999998e-01
9.999998e-01
9.999998e-01
9.999998e-01
9.999998e-01
9.999998e-01
9.999998e-01
9.999998e-01
9.999998e-01
9.999998e-01
9.999998e-01
9.999998e-01
9.999998e-01
9.999998e-01
9.999998e-01
9.999998e-01
9.999998e-01
9.999998e-01
9.999998e-01
9.999998e-01
9.999998e-01
9.999998e-01
9.999998e-01
9.999998e-01
9.999998e-01
9.999998e-01
9.999998e-01
9.999998e-01
9.999998e-01
9.999998e-01
9.999998e-01
9.999998e-01
9.999998e-01
9.999998e-01
9.999998e-01
9.999998e-01
9.999998e-01
9.999998e-01
9.999998e-01
9.999998e-01
9.999998e-01
9.999998e-01
9.999998e-01
9.999998e-01
9.999998e-01
9.999998e-01
9.999998e-01
9.999998e-01
9.999998e-01
9.999998e-01
9.999998e-01
9.999998e-01
9.999998e-01
9.999998e-01
9.999998e-01
9.999998e-01
9.999998e-01
9.999998e-01
9.999998e-01
9.999998e-01
9.999998e-01
9.999998e-01
9.999998e-01
9.999998e-01
9.999998e-01
9.999998e-01
9.999998e-01
9.999998e-01
9.999998e-01
9.999998e-01
9.999998e-01
9.999998e-01
9.999998e-01
9.999998e-01
9.999998e-01
9.999998e-01
9.999998e-01
9.999998e-01
9.999998e-01
9.999998e-01
9.999998e-01
9.999998e-01
9.999998e-01
9.999998e-01
9.999998e-01
9.999998e-01
9.999998e-01
9.999998e-01
9.999998e-01
9.999998e-01
9.999998e-01
9.999998e-01
9.999998e-01
9.999998e-01
9.999998e-01
9.999998e-01
9.999998e-01
9.999998e-01
9.999998e-01
9.999998e-01
9.999998e-01
9.999998e-01
9.999998e-01
9.999998e-01
9.999998e-01
9.999998e-01
9.999998e-01
9.999998e-01
9.999998e-01
9.999998e-01
9.999998e-01
9.999998e-01
9.999998e-01
9.999998e-01
9.999998e-01
9.999998e-01
9.999998e-01
9.999998e-01
9.999998e-01
9.999998e-01
9.999998e-01
9.999998e-01
9.999998e-01
9.999998e-01
9.999998e-01
9.999998e-01
9.999998e-01
9.999998e-01
9.999998e-01
9.999998e-01
9.999998e-01
9.999998e-01
9.999998e-01
9.999998e-01
9.999998e-01
9.999998e-01
9.999998e-01
9.999998e-01
9.999998e-01
9.999998e-01
9.999998e-01
9.999998e-01
9.999998e-01
9.999998e-01
9.999998e-01
9.999998e-01
9.999998e-01
9.999998e-01
9.999998e-01
9.999998e-01
9.999998e-01
9.999998e-01
9.999998e-01
9.999998e-01
9.999998e-01
9.999998e-01
9.999998e-01
9.999998e-01
9.999998e-01
9.999998e-01
9.999998e-01
9.999998e-01
9.999998e-01
9.999998e-01
9.999998e-01
9.999998e-01
9.999998e-01
9.999998e-01
9.999998e-01
9.999998e-01
9.999998e-01
9.999998e-01
9.999998e-01
9.999998e-01
9.999998e-01
9.999998e-01
9.999999e-01
9.999999e-01
9.999999e-01
9.999999e-01
9.999999e-01
9.999999e-01
9.999999e-01
9.999999e-01
9.999999e-01
9.999999e-01
9.999999e-01
9.999999e-01
9.999999e-01
9.999999e-01
9.999999e-01
9.999999e-01
9.999999e-01
9.999999e-01
9.999999e-01
9.999999e-01
9.999999e-01
9.999999e-01
9.999999e-01
9.999999e-01
9.999999e-01
9.999999e-01
9.999999e-01
9.999999e-01
9.999999e-01
9.999999e-01
9.999999e-01
9.999999e-01
9.999999e-01
9.999999e-01
9.999999e-01
9.999999e-01
9.999999e-01
9.999999e-01
9.999999e-01
9.999999e-01
9.999999e-01
9.999999e-01
9.999999e-01
9.999999e-01
9.999999e-01
9.999999e-01
9.999999e-01
9.999999e-01
9.999999e-01
9.999999e-01
9.999999e-01
9.999999e-01
9.999999e-01
9.999999e-01
9.999999e-01
9.999999e-01
9.999999e-01
9.999999e-01
9.999999e-01
9.999999e-01
9.999999e-01
9.999999e-01
9.999999e-01
9.999999e-01
9.999999e-01
9.999999e-01
9.999999e-01
9.999999e-01
9.999999e-01
9.999999e-01
9.999999e-01
9.999999e-01
9.999999e-01
9.999999e-01
9.999999e-01
9.999999e-01
9.999999e-01
9.999999e-01
9.999999e-01
9.999999e-01
9.999999e-01
9.999999e-01
9.999999e-01
9.999999e-01
9.999999e-01
9.999999e-01
9.999999e-01
9.999999e-01
9.999999e-01
9.999999e-01
9.999999e-01
9.999999e-01
9.999999e-01
9.999999e-01
9.999999e-01
1.000000e+00
1.000000e+00
1.000000e+00
9.999999e-01
9.999999e-01
9.999999e-01
9.999999e-01
9.999999e-01
9.999999e-01
9.999999e-01
9.999998e-01
9.999997e-01
9.999995e-01
9.999992e-01
9.999986e-01
9.999978e-01
9.999963e-01
9.999940e-01
9.999901e-01
9.999837e-01
9.999731e-01
9.999557e-01
9.999270e-01
9.998796e-01
9.998016e-01
9.996729e-01
9.994609e-01
9.991114e-01
9.985358e-01
9.975883e-01
9.960300e-01
9.934714e-01
9.892816e-01
9.824503e-01
9.713912e-01
9.536915e-01
9.258770e-01
8.833987e-01
8.212759e-01
7.359485e-01
6.283199e-01
5.062536e-01
3.834373e-01
2.738882e-01
1.861862e-01
1.218546e-01
7.763060e-02
4.856889e-02
3.003246e-02
1.843343e-02
1.126213e-02
6.861232e-03
4.172815e-03
2.535105e-03
1.539157e-03
9.341142e-04
5.667801e-04
3.438491e-04
2.085864e-04
1.265276e-04
7.675004e-05
4.655608e-05
2.824183e-05
1.713341e-05
1.039587e-05
6.309384e-06
3.830956e-06
2.327796e-06
1.416241e-06
8.634496e-07
5.283176e-07
3.251498e-07
2.020707e-07
1.275232e-07
8.245232e-08
5.522189e-08
3.884703e-08
2.902369e-08
2.320403e-08
1.978433e-08
1.784632e-08
1.678215e-08
1.627079e-08
1.607283e-08
1.608502e-08
1.620526e-08
1.640881e-08
1.664554e-08
1.691825e-08
1.719720e-08
1.749413e-08
1.778790e-08
1.809251e-08
1.839095e-08
1.869716e-08
1.899646e-08
1.930202e-08
1.960074e-08
1.990482e-08
2.020236e-08
2.050462e-08
2.080072e-08
2.110102e-08
2.139553e-08
2.169381e-08
2.198663e-08
2.228284e-08
2.257388e-08
2.286798e-08
2.315718e-08
2.344912e-08
2.373640e-08
2.402615e-08
2.431145e-08
2.459896e-08
2.488222e-08
2.516745e-08
2.544860e-08
2.573152e-08
2.601051e-08
2.629106e-08
2.656782e-08
2.684598e-08
2.712045e-08
2.739616e-08
2.766830e-08
2.794151e-08
2.821125e-08
2.848193e-08
2.874923e-08
2.901732e-08
2.928212e-08
2.954758e-08
2.980983e-08
3.007262e-08
3.033227e-08
3.059234e-08
3.084933e-08
3.110665e-08
3.136094e-08
3.161545e-08
3.186698e-08
3.211866e-08
3.236738e-08
3.261616e-08
3.286204e-08
3.310789e-08
3.335087e-08
3.359375e-08
3.383379e-08
3.407364e-08
3.431070e-08
3.454749e-08
3.478151e-08
3.501521e-08
3.524615e-08
3.547670e-08
3.570452e-08
3.593190e-08
3.615655e-08
3.638070e-08
3.660216e-08
3.682304e-08
3.704125e-08
3.725884e-08
3.747375e-08
3.768800e-08
3.789959e-08
3.811046e-08
3.831868e-08
3.852614e-08
3.873095e-08
3.893496e-08
3.913633e-08
3.933684e-08
3.953473e-08
3.973172e-08
3.992610e-08
4.011953e-08
4.031034e-08
4.050018e-08
4.068741e-08
4.087362e-08
4.105722e-08
4.123977e-08
4.141971e-08
4.159857e-08
4.177482e-08
4.194995e-08
4.212247e-08
4.229384e-08
4.246261e-08
4.263020e-08
4.279518e-08
4.295895e-08
4.312011e-08
4.328003e-08
4.343734e-08
4.359338e-08
4.374682e-08
4.389896e-08
4.404849e-08
4.419670e-08
4.434230e-08
4.448655e-08
4.462819e-08
4.476845e-08
4.490611e-08
4.504236e-08
4.517601e-08
4.530823e-08
4.543783e-08
4.556600e-08
4.569154e-08
4.581563e-08
4.593709e-08
4.605707e-08
4.617443e-08
4.629028e-08
4.640351e-08
4.651522e-08
4.662431e-08
4.673185e-08
4.683676e-08
4.694012e-08
4.704085e-08
4.714001e-08
4.723653e-08
4.733146e-08
4.742376e-08
4.751445e-08
4.760251e-08
4.768895e-08
4.777275e-08
4.785492e-08
4.793445e-08
4.801233e-08
4.808757e-08
4.816116e-08
4.823209e-08
4.830137e-08
4.836799e-08
4.843295e-08
4.849524e-08
4.855586e-08
4.861381e-08
4.867008e-08
4.872369e-08
4.877560e-08
4.882485e-08
4.887239e-08
4.891727e-08
4.896044e-08
4.900094e-08
4.903973e-08
4.907585e-08
4.911025e-08
4.914197e-08
4.917198e-08
4.919931e-08
4.922491e-08
4.924784e-08
4.926903e-08
4.928756e-08
4.930434e-08
4.931846e-08
4.933083e-08
4.934053e-08
4.934849e-08
4.935378e-08
4.935732e-08
