4.128227e-08
4.128158e-08
4.127859e-08
4.127422e-08
4.126754e-08
4.125950e-08
4.124914e-08
4.123742e-08
4.122338e-08
4.120798e-08
4.119027e-08
4.117120e-08
4.114982e-08
4.112708e-08
4.110203e-08
4.107562e-08
4.104691e-08
4.101684e-08
4.098447e-08
4.095075e-08
4.091472e-08
4.087735e-08
4.083768e-08
4.079667e-08
4.075335e-08
4.070871e-08
4.066177e-08
4.061350e-08
4.056293e-08
4.051104e-08
4.045686e-08
4.040137e-08
4.034358e-08
4.028449e-08
4.022311e-08
4.016043e-08
4.009546e-08
4.002922e-08
3.996068e-08
3.989087e-08
3.981877e-08
3.974541e-08
3.966976e-08
3.959287e-08
3.951369e-08
3.943327e-08
3.935057e-08
3.926665e-08
3.918045e-08
3.909304e-08
3.900334e-08
3.891246e-08
3.881929e-08
3.872495e-08
3.862832e-08
3.853054e-08
3.843047e-08
3.832927e-08
3.822578e-08
3.812117e-08
3.801429e-08
3.790629e-08
3.779602e-08
3.768466e-08
3.757103e-08
3.745632e-08
3.733934e-08
3.722132e-08
3.710102e-08
3.697969e-08
3.685609e-08
3.673148e-08
3.660460e-08
3.647674e-08
3.634660e-08
3.621551e-08
3.608214e-08
3.594784e-08
3.581126e-08
3.567377e-08
3.553401e-08
3.539337e-08
3.525044e-08
3.510667e-08
3.496061e-08
3.481373e-08
3.466456e-08
3.451461e-08
3.436235e-08
3.420935e-08
3.405404e-08
3.389802e-08
3.373968e-08
3.358067e-08
3.341933e-08
3.325735e-08
3.309305e-08
3.292813e-08
3.276089e-08
3.259307e-08
3.242291e-08
3.225223e-08
3.207919e-08
3.190566e-08
3.172977e-08
3.155344e-08
3.137473e-08
3.119562e-08
3.101412e-08
3.083228e-08
3.064802e-08
3.046347e-08
3.027649e-08
3.008927e-08
2.989959e-08
2.970974e-08
2.951741e-08
2.932495e-08
2.912999e-08
2.893497e-08
2.873742e-08
2.853987e-08
2.833977e-08
2.813973e-08
2.793710e-08
2.773461e-08
2.752950e-08
2.732460e-08
2.711703e-08
2.690975e-08
2.669977e-08
2.649016e-08
2.627780e-08
2.606590e-08
2.585119e-08
2.563703e-08
2.542001e-08
2.520365e-08
2.498436e-08
2.476583e-08
2.454430e-08
2.432365e-08
2.409992e-08
2.387719e-08
2.365129e-08
2.342653e-08
2.319850e-08
2.297175e-08
2.274163e-08
2.251294e-08
2.228076e-08
2.205018e-08
2.181598e-08
2.158355e-08
2.134737e-08
2.111314e-08
2.087501e-08
2.063903e-08
2.039898e-08
2.016132e-08
1.991939e-08
1.968009e-08
1.943630e-08
1.919542e-08
1.894981e-08
1.870741e-08
1.846001e-08
1.821615e-08
1.796699e-08
1.772176e-08
1.747088e-08
1.722435e-08
1.697181e-08
1.672413e-08
1.647006e-08
1.622149e-08
1.596621e-08
1.571732e-08
1.546166e-08
1.521390e-08
1.496010e-08
1.471727e-08
1.447140e-08
1.424362e-08
1.402221e-08
1.383689e-08
1.368487e-08
1.361628e-08
1.365583e-08
1.390565e-08
1.446897e-08
1.558519e-08
1.757536e-08
2.104732e-08
2.691932e-08
3.679509e-08
5.322245e-08
8.050546e-08
1.256290e-07
2.002292e-07
3.233609e-07
5.265813e-07
8.617657e-07
1.414609e-06
2.326216e-06
3.829426e-06
6.307904e-06
1.039444e-05
1.713202e-05
2.824047e-05
4.655475e-05
7.674871e-05
1.265262e-04
2.085849e-04
3.438475e-04
5.667782e-04
9.341117e-04
1.539153e-03
2.535100e-03
4.172808e-03
6.861220e-03
1.126211e-02
1.843340e-02
3.003241e-02
4.856881e-02
7.763048e-02
1.218544e-01
1.861860e-01
2.738878e-01
3.834368e-01
5.062532e-01
6.283195e-01
7.359481e-01
8.212757e-01
8.833985e-01
9.258769e-01
9.536915e-01
9.713912e-01
9.824503e-01
9.892816e-01
9.934714e-01
9.960300e-01
9.975883e-01
9.985358e-01
9.991114e-01
9.994609e-01
9.996729e-01
9.998016e-01
9.998796e-01
9.999270e-01
9.999557e-01
9.999731e-01
9.999837e-01
9.999901e-01
9.999940e-01
9.999963e-01
9.999978e-01
9.999986e-01
9.999992e-01
9.999995e-01
9.999997e-01
9.999998e-01
9.999999e-01
9.999999e-01
9.999999e-01
9.999999e-01
9.999999e-01
1.000000e+00
1.000000e+00
1.000000e+00
1.000000e+00
1.000000e+00
1.000000e+00
1.000000e+00
1.000000e+00
1.000000e+00
1.000000e+00
1.000000e+00
1.000000e+00
9.999999e-01
9.999999e-01
9.999999e-01
9.999999e-01
9.999999e-01
9.999999e-01
9.999999e-01
9.999999e-01
9.999999e-01
9.999999e-01
9.999999e-01
9.999999e-01
9.999999e-01
9.999999e-01
9.999999e-01
9.999999e-01
9.999999e-01
9.999999e-01
9.999999e-01
9.999999e-01
9.999999e-01
9.999999e-01
9.999999e-01
9.999999e-01
9.999999e-01
9.999999e-01
9.999999e-01
9.999999e-01
9.999999e-01
9.999999e-01
9.999999e-01
9.999999e-01
9.999999e-01
9.999999e-01
9.999999e-01
9.999999e-01
9.999999e-01
9.999999e-01
9.999999e-01
9.999999e-01
9.999999e-01
9.999999e-01
9.999999e-01
9.999999e-01
9.999999e-01
9.999999e-01
9.999999e-01
9.999999e-01
9.999999e-01
9.999999e-01
9.999999e-01
9.999999e-01
9.999999e-01
9.999999e-01
9.999999e-01
9.999999e-01
9.999999e-01
9.999999e-01
9.999999e-01
9.999999e-01
9.999999e-01
9.999999e-01
9.999999e-01
9.999999e-01
9.999999e-01
9.999999e-01
9.999999e-01
9.999999e-01
9.999999e-01
9.999999e-01
9.999999e-01
9.999999e-01
9.999999e-01
9.999999e-01
9.999999e-01
9.999999e-01
9.999999e-01
9.999999e-01
9.999999e-01
9.999999e-01
9.999999e-01
9.999999e-01
9.999999e-01
9.999999e-01
9.999999e-01
9.999999e-01
9.999999e-01
9.999999e-01
9.999999e-01
9.999999e-01
9.999999e-01
9.999999e-01
9.999999e-01
9.999999e-01
9.999999e-01
9.999999e-01
9.999999e-01
9.999999e-01
9.999999e-01
9.999999e-01
9.999999e-01
9.999999e-01
9.999999e-01
9.999999e-01
9.999999e-01
9.999999e-01
9.999999e-01
9.999999e-01
9.999999e-01
9.999999e-01
9.999999e-01
9.999999e-01
9.999998e-01
9.999998e-01
9.999998e-01
9.999998e-01
9.999998e-01
9.999998e-01
9.999998e-01
9.999998e-01
9.999998e-01
9.999998e-01
9.999998e-01
9.999998e-01
9.999998e-01
9.999998e-01
9.999998e-01
9.999998e-01
9.999998e-01
9.999998e-01
9.999998e-01
9.999998e-01
9.999998e-01
9.999998e-01
9.999998e-01
9.999998e-01
9.999998e-01
9.999998e-01
9.999998e-01
9.999998e-01
9.999998e-01
9.999998e-01
9.999998e-01
9.999998e-01
9.999998e-01
9.999998e-01
9.999998e-01
9.999998e-01
9.999998e-01
9.999998e-01
9.999998e-01
9.999998e-01
9.999998e-01
9.999998e-01
9.999998e-01
9.999998e-01
9.999998e-01
9.999998e-01
9.999998e-01
9.999998e-01
9.999998e-01
9.999998e-01
9.999998e-01
9.999998e-01
9.999998e-01
9.999998e-01
9.999998e-01
9.999998e-01
9.999998e-01
9.999998e-01
9.999998e-01
9.999998e-01
9.999998e-01
9.999998e-01
9.999998e-01
9.999998e-01
9.999998e-01
9.999998e-01
9.999998e-01
9.999998e-01
9.999998e-01
9.999998e-01
9.999998e-01
9.999998e-01
9.999998e-01
9.999998e-01
9.999998e-01
9.999998e-01
9.999998e-01
9.999998e-01
9.999998e-01
9.999998e-01
9.999998e-01
9.999998e-01
9.999998e-01
9.999998e-01
9.999998e-01
9.999998e-01
9.999998e-01
9.999998e-01
9.999998e-01
9.999998e-01
9.999998e-01
9.999998e-01
9.999998e-01
9.999998e-01
9.999998e-01
9.999998e-01
9.999998e-01
9.999998e-01
9.999998e-01
9.999998e-01
9.999998e-01
9.999998e-01
9.999998e-01
9.999998e-01
9.999998e-01
9.999998e-01
9.999998e-01
9.999998e-01
9.999998e-01
9.999998e-01
9.999998e-01
9.999998e-01
9.999998e-01
9.999998e-01
9.999998e-01
9.999998e-01
9.999998e-01
9.999998e-01
9.999998e-01
9.999998e-01
9.999998e-01
9.999998e-01
9.999998e-01
9.999998e-01
9.999998e-01
9.999998e-01
9.999998e-01
9.999998e-01
9.999998e-01
9.999998e-01
9.999998e-01
9.999998e-01
9.999998e-01
9.999998e-01
9.999998e-01
9.999998e-01
9.999998e-01
9.999998e-01
9.999998e-01
9.999998e-01
9.999998e-01
9.999998e-01
9.999998e-01
9.999998e-01
9.999998e-01
9.999998e-01
9.999998e-01
9.999998e-01
9.999998e-01
9.999998e-01
9.999998e-01
9.999998e-01
9.999998e-01
9.999998e-01
9.999998e-01
9.999998e-01
9.999998e-01
9.999998e-01
9.999998e-01
9.999998e-01
9.999998e-01
9.999998e-01
9.999998e-01
9.999998e-01
9.999998e-01
9.999998e-01
9.999998e-01
9.999998e-01
9.999998e-01
9.999998e-01
9.999998e-01
9.999998e-01
9.999998e-01
9.999998e-01
9.999998e-01
9.999998e-01
9.999998e-01
9.999998e-01
9.999998e-01
9.999998e-01
9.999998e-01
9.999998e-01
9.999998e-01
9.999998e-01
9.999998e-01
9.999998e-01
9.999998e-01
9.999998e-01
9.999998e-01
9.999998e-01
9.999998e-01
9.999998e-01
9.999998e-01
9.999998e-01
9.999998e-01
9.999998e-01
9.999998e-01
9.999998e-01
9.999998e-01
9.999998e-01
9.999998e-01
9.999998e-01
9.999998e-01
9.999998e-01
9.999998e-01
9.999998e-01
9.999998e-01
9.999998e-01
9.999998e-01
9.999998e-01
9.999998e-01
9.999998e-01
9.999998e-01
9.999998e-01
9.999998e-01
9.999998e-01
9.999998e-01
9.999998e-01
9.999998e-01
9.999998e-01
9.999998e-01
9.999998e-01
9.999998e-01
9.999998e-01
9.999998e-01
9.999998e-01
9.999998e-01
9.999998e-01
9.999998e-01
9.999998e-01
9.999998e-01
9.999998e-01
9.999998e-01
9.999998e-01
9.999998e-01
9.999998e-01
9.999998e-01
9.999998e-01
9.999998e-01
9.999998e-01
9.999998e-01
9.999998e-01
9.999998e-01
9.999999e-01
9.999999e-01
9.999999e-01
9.999999e-01
9.999999e-01
9.999999e-01
9.999999e-01
9.999999e-01
9.999999e-01
9.999999e-01
9.999999e-01
9.999999e-01
9.999999e-01
9.999999e-01
9.999999e-01
9.999999e-01
9.999999e-01
9.999999e-01
9.999999e-01
9.999999e-01
9.999999e-01
9.999999e-01
9.999999e-01
9.999999e-01
9.999999e-01
9.999999e-01
9.999999e-01
9.999999e-01
9.999999e-01
9.999999e-01
9.999999e-01
9.999999e-01
9.999999e-01
9.999999e-01
9.999999e-01
9.999999e-01
9.999999e-01
9.999999e-01
9.999999e-01
9.999999e-01
9.999999e-01
9.999999e-01
9.999999e-01
9.999999e-01
9.999999e-01
9.999999e-01
9.999999e-01
9.999999e-01
9.999999e-01
9.999999e-01
9.999999e-01
9.999999e-01
9.999999e-01
9.999999e-01
9.999999e-01
9.999999e-01
9.999999e-01
9.999999e-01
9.999999e-01
9.999999e-01
9.999999e-01
9.999999e-01
9.999999e-01
9.999999e-01
9.999999e-01
9.999999e-01
9.999999e-01
9.999999e-01
9.999999e-01
9.999999e-01
9.999999e-01
9.999999e-01
9.999999e-01
9.999999e-01
9.999999e-01
9.999999e-01
9.999999e-01
9.999999e-01
9.999999e-01
9.999999e-01
9.999999e-01
9.999999e-01
9.999999e-01
9.999999e-01
9.999999e-01
9.999999e-01
9.999999e-01
9.999999e-01
9.999999e-01
9.999999e-01
9.999999e-01
9.999999e-01
9.999999e-01
9.999999e-01
9.999999e-01
9.999999e-01
9.999999e-01
9.999999e-01
9.999999e-01
9.999999e-01
9.999999e-01
9.999999e-01
9.999999e-01
9.999999e-01
9.999999e-01
9.999999e-01
9.999999e-01
9.999999e-01
9.999999e-01
9.999999e-01
9.999999e-01
9.999999e-01
1.000000e+00
1.000000e+00
1.000000e+00
1.000000e+00
1.000000e+00
1.000000e+00
1.000000e+00
1.000000e+00
1.000000e+00
1.000000e+00
1.000000e+00
1.000000e+00
9.999999e-01
9.999999e-01
9.999999e-01
9.999999e-01
9.999999e-01
9.999998e-01
9.999997e-01
9.999995e-01
9.999992e-01
9.999986e-01
9.999978e-01
9.999963e-01
9.999940e-01
9.999901e-01
9.999837e-01
9.999731e-01
9.999557e-01
9.999270e-01
9.998796e-01
9.998016e-01
9.996729e-01
9.994609e-01
9.991114e-01
9.985358e-01
9.975883e-01
9.960300e-01
9.934714e-01
9.892816e-01
9.824503e-01
9.713912e-01
9.536915e-01
9.258769e-01
8.833985e-01
8.212757e-01
7.359481e-01
6.283195e-01
5.062532e-01
3.834368e-01
2.738878e-01
1.861860e-01
1.218544e-01
7.763048e-02
4.856881e-02
3.003241e-02
1.843340e-02
1.126211e-02
6.861220e-03
4.172808e-03
2.535100e-03
1.539153e-03
9.341117e-04
5.667782e-04
3.438475e-04
2.085849e-04
1.265262e-04
7.674871e-05
4.655475e-05
2.824047e-05
1.713202e-05
1.039444e-05
6.307904e-06
3.829426e-06
2.326216e-06
1.414609e-06
8.617658e-07
5.265813e-07
3.233609e-07
2.002292e-07
1.256290e-07
8.050549e-08
5.322248e-08
3.679512e-08
2.691935e-08
2.104735e-08
1.757539e-08
1.558523e-08
1.446900e-08
1.390569e-08
1.365587e-08
1.361632e-08
1.368491e-08
1.383693e-08
1.402225e-08
1.424367e-08
1.447144e-08
1.471731e-08
1.496015e-08
1.521396e-08
1.546171e-08
1.571737e-08
1.596626e-08
1.622154e-08
1.647012e-08
1.672418e-08
1.697186e-08
1.722440e-08
1.747093e-08
1.772182e-08
1.796705e-08
1.821622e-08
1.846007e-08
1.870747e-08
1.894987e-08
1.919548e-08
1.943636e-08
1.968015e-08
1.991945e-08
2.016139e-08
2.039905e-08
2.063910e-08
2.087507e-08
2.111321e-08
2.134744e-08
2.158362e-08
2.181605e-08
2.205024e-08
2.228083e-08
2.251301e-08
2.274170e-08
2.297182e-08
2.319857e-08
2.342659e-08
2.365136e-08
2.387725e-08
2.409998e-08
2.432371e-08
2.454436e-08
2.476589e-08
2.498442e-08
2.520371e-08
2.542007e-08
2.563709e-08
2.585124e-08
2.606595e-08
2.627785e-08
2.649021e-08
2.669982e-08
2.690980e-08
2.711708e-08
2.732464e-08
2.752954e-08
2.773466e-08
2.793714e-08
2.813977e-08
2.833981e-08
2.853991e-08
2.873746e-08
2.893500e-08
2.913002e-08
2.932498e-08
2.951744e-08
2.970976e-08
2.989962e-08
3.008929e-08
3.027651e-08
3.046349e-08
3.064804e-08
3.083230e-08
3.101414e-08
3.119564e-08
3.137474e-08
3.155345e-08
3.172978e-08
3.190567e-08
3.207920e-08
3.225224e-08
3.242292e-08
3.259308e-08
3.276089e-08
3.292814e-08
3.309305e-08
3.325736e-08
3.341934e-08
3.358067e-08
3.373968e-08
3.389802e-08
3.405404e-08
3.420935e-08
3.436235e-08
3.451461e-08
3.466456e-08
3.481373e-08
3.496060e-08
3.510667e-08
3.525044e-08
3.539336e-08
3.553400e-08
3.567377e-08
3.581125e-08
3.594783e-08
3.608213e-08
3.621551e-08
3.634660e-08
3.647674e-08
3.660459e-08
3.673148e-08
3.685608e-08
3.697969e-08
3.710101e-08
3.722131e-08
3.733934e-08
3.745632e-08
3.757102e-08
3.768466e-08
3.779602e-08
3.790629e-08
3.801428e-08
3.812117e-08
3.822578e-08
3.832927e-08
3.843047e-08
3.853054e-08
3.862832e-08
3.872494e-08
3.881929e-08
3.891246e-08
3.900334e-08
3.909304e-08
3.918045e-08
3.926665e-08
3.935057e-08
3.943328e-08
3.951369e-08
3.959287e-08
3.966976e-08
3.974541e-08
3.981877e-08
3.989087e-08
3.996068e-08
4.002922e-08
4.009547e-08
4.016044e-08
4.022311e-08
4.028450e-08
4.034358e-08
4.040137e-08
4.045687e-08
4.051105e-08
4.056294e-08
4.061350e-08
4.066177e-08
4.070872e-08
4.075336e-08
4.079668e-08
4.083769e-08
4.087736e-08
4.091473e-08
4.095076e-08
4.098448e-08
4.101685e-08
4.104692e-08
4.107563e-08
4.110204e-08
4.112709e-08
4.114983e-08
4.117121e-08
4.119028e-08
4.120799e-08
4.122339e-08
4.123742e-08
4.124915e-08
4.125950e-08
4.126755e-08
4.127422e-08
4.127859e-08
4.128158e-08
