3.454892e-08
3.454839e-08
3.454585e-08
3.454225e-08
3.453664e-08
3.452997e-08
3.452129e-08
3.451156e-08
3.449981e-08
3.448701e-08
3.447220e-08
3.445634e-08
3.443847e-08
3.441954e-08
3.439861e-08
3.437663e-08
3.435264e-08
3.432761e-08
3.430057e-08
3.427249e-08
3.424240e-08
3.421128e-08
3.417815e-08
3.414399e-08
3.410783e-08
3.407064e-08
3.403145e-08
3.399124e-08
3.394902e-08
3.390579e-08
3.386056e-08
3.381433e-08
3.376609e-08
3.371686e-08
3.366562e-08
3.361340e-08
3.355917e-08
3.350397e-08
3.344676e-08
3.338859e-08
3.332842e-08
3.326728e-08
3.320415e-08
3.314007e-08
3.307399e-08
3.300697e-08
3.293795e-08
3.286801e-08
3.279607e-08
3.272321e-08
3.264836e-08
3.257261e-08
3.249487e-08
3.241623e-08
3.233560e-08
3.225409e-08
3.217059e-08
3.208624e-08
3.199988e-08
3.191268e-08
3.182349e-08
3.173347e-08
3.164145e-08
3.154863e-08
3.145380e-08
3.135819e-08
3.126058e-08
3.116219e-08
3.106181e-08
3.096067e-08
3.085753e-08
3.075366e-08
3.064778e-08
3.054119e-08
3.043260e-08
3.032332e-08
3.021202e-08
3.010007e-08
2.998609e-08
2.987148e-08
2.975485e-08
2.963761e-08
2.951834e-08
2.939848e-08
2.927660e-08
2.915415e-08
2.902967e-08
2.890466e-08
2.877761e-08
2.865006e-08
2.852045e-08
2.839038e-08
2.825825e-08
2.812568e-08
2.799104e-08
2.785600e-08
2.771888e-08
2.758140e-08
2.744183e-08
2.730192e-08
2.715991e-08
2.701762e-08
2.687320e-08
2.672854e-08
2.658174e-08
2.643474e-08
2.628559e-08
2.613627e-08
2.598479e-08
2.583319e-08
2.567940e-08
2.552555e-08
2.536948e-08
2.521340e-08
2.505509e-08
2.489681e-08
2.473627e-08
2.457583e-08
2.441310e-08
2.425051e-08
2.408561e-08
2.392092e-08
2.375389e-08
2.358712e-08
2.341798e-08
2.324917e-08
2.307794e-08
2.290713e-08
2.273385e-08
2.256105e-08
2.238575e-08
2.221102e-08
2.203372e-08
2.185707e-08
2.167781e-08
2.149929e-08
2.131809e-08
2.113774e-08
2.095463e-08
2.077247e-08
2.058749e-08
2.040357e-08
2.021674e-08
2.003108e-08
1.984244e-08
1.965509e-08
1.946466e-08
1.927567e-08
1.908347e-08
1.889287e-08
1.869894e-08
1.850677e-08
1.831114e-08
1.811744e-08
1.792014e-08
1.772495e-08
1.752600e-08
1.732937e-08
1.712881e-08
1.693078e-08
1.672862e-08
1.652924e-08
1.632551e-08
1.612483e-08
1.591956e-08
1.571763e-08
1.551083e-08
1.530772e-08
1.509942e-08
1.489518e-08
1.468542e-08
1.448014e-08
1.426897e-08
1.406277e-08
1.385031e-08
1.364346e-08
1.343001e-08
1.322308e-08
1.300947e-08
1.280389e-08
1.259236e-08
1.239191e-08
1.218852e-08
1.200333e-08
1.182460e-08
1.168206e-08
1.157292e-08
1.154729e-08
1.162990e-08
1.192287e-08
1.252942e-08
1.368897e-08
1.572254e-08
1.923798e-08
2.515353e-08
3.507293e-08
5.154398e-08
7.887074e-08
1.240380e-07
1.986820e-07
3.218576e-07
5.251217e-07
8.603498e-07
1.413237e-06
2.324886e-06
3.828138e-06
6.306656e-06
1.039323e-05
1.713084e-05
2.823932e-05
4.655362e-05
7.674757e-05
1.265250e-04
2.085837e-04
3.438460e-04
5.667764e-04
9.341094e-04
1.539150e-03
2.535095e-03
4.172800e-03
6.861209e-03
1.126209e-02
1.843337e-02
3.003236e-02
4.856874e-02
7.763037e-02
1.218542e-01
1.861857e-01
2.738875e-01
3.834365e-01
5.062528e-01
6.283191e-01
7.359478e-01
8.212754e-01
8.833983e-01
9.258768e-01
9.536914e-01
9.713911e-01
9.824503e-01
9.892815e-01
9.934714e-01
9.960300e-01
9.975883e-01
9.985358e-01
9.991114e-01
9.994609e-01
9.996729e-01
9.998016e-01
9.998796e-01
9.999270e-01
9.999557e-01
9.999731e-01
9.999837e-01
9.999901e-01
9.999940e-01
9.999963e-01
9.999978e-01
9.999986e-01
9.999992e-01
9.999995e-01
9.999997e-01
9.999998e-01
9.999999e-01
9.999999e-01
9.999999e-01
9.999999e-01
1.000000e+00
1.000000e+00
1.000000e+00
1.000000e+00
1.000000e+00
1.000000e+00
1.000000e+00
1.000000e+00
1.000000e+00
1.000000e+00
1.000000e+00
1.000000e+00
1.000000e+00
1.000000e+00
1.000000e+00
1.000000e+00
1.000000e+00
1.000000e+00
1.000000e+00
9.999999e-01
9.999999e-01
9.999999e-01
9.999999e-01
9.999999e-01
9.999999e-01
9.999999e-01
9.999999e-01
9.999999e-01
9.999999e-01
9.999999e-01
9.999999e-01
9.999999e-01
9.999999e-01
9.999999e-01
9.999999e-01
9.999999e-01
9.999999e-01
9.999999e-01
9.999999e-01
9.999999e-01
9.999999e-01
9.999999e-01
9.999999e-01
9.999999e-01
9.999999e-01
9.999999e-01
9.999999e-01
9.999999e-01
9.999999e-01
9.999999e-01
9.999999e-01
9.999999e-01
9.999999e-01
9.999999e-01
9.999999e-01
9.999999e-01
9.999999e-01
9.999999e-01
9.999999e-01
9.999999e-01
9.999999e-01
9.999999e-01
9.999999e-01
9.999999e-01
9.999999e-01
9.999999e-01
9.999999e-01
9.999999e-01
9.999999e-01
9.999999e-01
9.999999e-01
9.999999e-01
9.999999e-01
9.999999e-01
9.999999e-01
9.999999e-01
9.999999e-01
9.999999e-01
9.999999e-01
9.999999e-01
9.999999e-01
9.999999e-01
9.999999e-01
9.999999e-01
9.999999e-01
9.999999e-01
9.999999e-01
9.999999e-01
9.999999e-01
9.999999e-01
9.999999e-01
9.999999e-01
9.999999e-01
9.999999e-01
9.999999e-01
9.999999e-01
9.999999e-01
9.999999e-01
9.999999e-01
9.999999e-01
9.999999e-01
9.999999e-01
9.999999e-01
9.999999e-01
9.999999e-01
9.999999e-01
9.999999e-01
9.999999e-01
9.999999e-01
9.999999e-01
9.999999e-01
9.999999e-01
9.999999e-01
9.999999e-01
9.999999e-01
9.999999e-01
9.999999e-01
9.999999e-01
9.999999e-01
9.999999e-01
9.999999e-01
9.999999e-01
9.999999e-01
9.999999e-01
9.999999e-01
9.999999e-01
9.999999e-01
9.999999e-01
9.999999e-01
9.999999e-01
9.999999e-01
9.999999e-01
9.999999e-01
9.999999e-01
9.999999e-01
9.999999e-01
9.999999e-01
9.999999e-01
9.999999e-01
9.999999e-01
9.999999e-01
9.999999e-01
9.999999e-01
9.999999e-01
9.999999e-01
9.999999e-01
9.999999e-01
9.999999e-01
9.999999e-01
9.999999e-01
9.999999e-01
9.999999e-01
9.999999e-01
9.999999e-01
9.999999e-01
9.999999e-01
9.999999e-01
9.999999e-01
9.999998e-01
9.999998e-01
9.999998e-01
9.999998e-01
9.999998e-01
9.999998e-01
9.999998e-01
9.999998e-01
9.999998e-01
9.999998e-01
9.999998e-01
9.999998e-01
9.999998e-01
9.999998e-01
9.999998e-01
9.999998e-01
9.999998e-01
9.999998e-01
9.999998e-01
9.999998e-01
9.999998e-01
9.999998e-01
9.999998e-01
9.999998e-01
9.999998e-01
9.999998e-01
9.999998e-01
9.999998e-01
9.999998e-01
9.999998e-01
9.999998e-01
9.999998e-01
9.999998e-01
9.999998e-01
9.999998e-01
9.999998e-01
9.999998e-01
9.999998e-01
9.999998e-01
9.999998e-01
9.999998e-01
9.999998e-01
9.999998e-01
9.999998e-01
9.999998e-01
9.999998e-01
9.999998e-01
9.999998e-01
9.999998e-01
9.999998e-01
9.999998e-01
9.999998e-01
9.999998e-01
9.999998e-01
9.999998e-01
9.999998e-01
9.999998e-01
9.999998e-01
9.999998e-01
9.999998e-01
9.999998e-01
9.999998e-01
9.999998e-01
9.999998e-01
9.999998e-01
9.999998e-01
9.999998e-01
9.999998e-01
9.999998e-01
9.999998e-01
9.999998e-01
9.999998e-01
9.999998e-01
9.999998e-01
9.999998e-01
9.999998e-01
9.999998e-01
9.999998e-01
9.999998e-01
9.999998e-01
9.999998e-01
9.999998e-01
9.999998e-01
9.999998e-01
9.999998e-01
9.999998e-01
9.999998e-01
9.999998e-01
9.999998e-01
9.999998e-01
9.999998e-01
9.999998e-01
9.999998e-01
9.999998e-01
9.999998e-01
9.999998e-01
9.999998e-01
9.999998e-01
9.999998e-01
9.999998e-01
9.999998e-01
9.999998e-01
9.999998e-01
9.999998e-01
9.999998e-01
9.999998e-01
9.999998e-01
9.999998e-01
9.999998e-01
9.999998e-01
9.999998e-01
9.999998e-01
9.999998e-01
9.999998e-01
9.999998e-01
9.999998e-01
9.999998e-01
9.999998e-01
9.999998e-01
9.999998e-01
9.999998e-01
9.999998e-01
9.999998e-01
9.999998e-01
9.999998e-01
9.999998e-01
9.999998e-01
9.999998e-01
9.999998e-01
9.999998e-01
9.999998e-01
9.999998e-01
9.999998e-01
9.999998e-01
9.999998e-01
9.999998e-01
9.999998e-01
9.999998e-01
9.999998e-01
9.999998e-01
9.999998e-01
9.999998e-01
9.999998e-01
9.999998e-01
9.999998e-01
9.999998e-01
9.999998e-01
9.999998e-01
9.999998e-01
9.999998e-01
9.999998e-01
9.999998e-01
9.999998e-01
9.999998e-01
9.999998e-01
9.999998e-01
9.999998e-01
9.999998e-01
9.999998e-01
9.999998e-01
9.999998e-01
9.999998e-01
9.999998e-01
9.999998e-01
9.999998e-01
9.999998e-01
9.999998e-01
9.999998e-01
9.999998e-01
9.999998e-01
9.999998e-01
9.999998e-01
9.999998e-01
9.999998e-01
9.999998e-01
9.999998e-01
9.999998e-01
9.999999e-01
9.999999e-01
9.999999e-01
9.999999e-01
9.999999e-01
9.999999e-01
9.999999e-01
9.999999e-01
9.999999e-01
9.999999e-01
9.999999e-01
9.999999e-01
9.999999e-01
9.999999e-01
9.999999e-01
9.999999e-01
9.999999e-01
9.999999e-01
9.999999e-01
9.999999e-01
9.999999e-01
9.999999e-01
9.999999e-01
9.999999e-01
9.999999e-01
9.999999e-01
9.999999e-01
9.999999e-01
9.999999e-01
9.999999e-01
9.999999e-01
9.999999e-01
9.999999e-01
9.999999e-01
9.999999e-01
9.999999e-01
9.999999e-01
9.999999e-01
9.999999e-01
9.999999e-01
9.999999e-01
9.999999e-01
9.999999e-01
9.999999e-01
9.999999e-01
9.999999e-01
9.999999e-01
9.999999e-01
9.999999e-01
9.999999e-01
9.999999e-01
9.999999e-01
9.999999e-01
9.999999e-01
9.999999e-01
9.999999e-01
9.999999e-01
9.999999e-01
9.999999e-01
9.999999e-01
9.999999e-01
9.999999e-01
9.999999e-01
9.999999e-01
9.999999e-01
9.999999e-01
9.999999e-01
9.999999e-01
9.999999e-01
9.999999e-01
9.999999e-01
9.999999e-01
9.999999e-01
9.999999e-01
9.999999e-01
9.999999e-01
9.999999e-01
9.999999e-01
9.999999e-01
9.999999e-01
9.999999e-01
9.999999e-01
9.999999e-01
9.999999e-01
9.999999e-01
9.999999e-01
9.999999e-01
9.999999e-01
9.999999e-01
9.999999e-01
9.999999e-01
9.999999e-01
9.999999e-01
9.999999e-01
9.999999e-01
9.999999e-01
9.999999e-01
9.999999e-01
9.999999e-01
9.999999e-01
9.999999e-01
9.999999e-01
9.999999e-01
9.999999e-01
9.999999e-01
9.999999e-01
9.999999e-01
9.999999e-01
9.999999e-01
9.999999e-01
9.999999e-01
9.999999e-01
9.999999e-01
9.999999e-01
9.999999e-01
9.999999e-01
9.999999e-01
9.999999e-01
9.999999e-01
9.999999e-01
9.999999e-01
9.999999e-01
9.999999e-01
9.999999e-01
9.999999e-01
9.999999e-01
9.999999e-01
9.999999e-01
9.999999e-01
9.999999e-01
9.999999e-01
9.999999e-01
9.999999e-01
9.999999e-01
9.999999e-01
9.999999e-01
9.999999e-01
9.999999e-01
9.999999e-01
1.000000e+00
1.000000e+00
1.000000e+00
1.000000e+00
1.000000e+00
1.000000e+00
1.000000e+00
1.000000e+00
1.000000e+00
1.000000e+00
1.000000e+00
1.000000e+00
1.000000e+00
1.000000e+00
1.000000e+00
1.000000e+00
1.000000e+00
1.000000e+00
1.000000e+00
9.999999e-01
9.999999e-01
9.999999e-01
9.999999e-01
9.999998e-01
9.999997e-01
9.999995e-01
9.999992e-01
9.999986e-01
9.999978e-01
9.999963e-01
9.999940e-01
9.999901e-01
9.999837e-01
9.999731e-01
9.999557e-01
9.999270e-01
9.998796e-01
9.998016e-01
9.996729e-01
9.994609e-01
9.991114e-01
9.985358e-01
9.975883e-01
9.960300e-01
9.934714e-01
9.892815e-01
9.824503e-01
9.713911e-01
9.536914e-01
9.258768e-01
8.833983e-01
8.212754e-01
7.359478e-01
6.283191e-01
5.062528e-01
3.834365e-01
2.738875e-01
1.861857e-01
1.218542e-01
7.763037e-02
4.856874e-02
3.003236e-02
1.843337e-02
1.126209e-02
6.861209e-03
4.172800e-03
2.535095e-03
1.539150e-03
9.341094e-04
5.667764e-04
3.438460e-04
2.085837e-04
1.265250e-04
7.674757e-05
4.655362e-05
2.823932e-05
1.713084e-05
1.039323e-05
6.306656e-06
3.828138e-06
2.324886e-06
1.413237e-06
8.603498e-07
5.251217e-07
3.218576e-07
1.986821e-07
1.240381e-07
7.887077e-08
5.154401e-08
3.507296e-08
2.515356e-08
1.923801e-08
1.572257e-08
1.368900e-08
1.252946e-08
1.192291e-08
1.162994e-08
1.154733e-08
1.157296e-08
1.168211e-08
1.182465e-08
1.200338e-08
1.218857e-08
1.239196e-08
1.259241e-08
1.280394e-08
1.300953e-08
1.322313e-08
1.343007e-08
1.364351e-08
1.385036e-08
1.406283e-08
1.426902e-08
1.448019e-08
1.468548e-08
1.489524e-08
1.509948e-08
1.530778e-08
1.551090e-08
1.571769e-08
1.591962e-08
1.612489e-08
1.632557e-08
1.652930e-08
1.672868e-08
1.693084e-08
1.712887e-08
1.732944e-08
1.752607e-08
1.772502e-08
1.792021e-08
1.811751e-08
1.831121e-08
1.850684e-08
1.869901e-08
1.889294e-08
1.908354e-08
1.927573e-08
1.946473e-08
1.965516e-08
1.984250e-08
2.003115e-08
2.021680e-08
2.040363e-08
2.058755e-08
2.077253e-08
2.095469e-08
2.113779e-08
2.131815e-08
2.149935e-08
2.167786e-08
2.185713e-08
2.203377e-08
2.221107e-08
2.238580e-08
2.256110e-08
2.273389e-08
2.290717e-08
2.307799e-08
2.324921e-08
2.341802e-08
2.358716e-08
2.375393e-08
2.392096e-08
2.408565e-08
2.425054e-08
2.441313e-08
2.457586e-08
2.473630e-08
2.489683e-08
2.505511e-08
2.521342e-08
2.536951e-08
2.552557e-08
2.567942e-08
2.583321e-08
2.598481e-08
2.613629e-08
2.628560e-08
2.643475e-08
2.658176e-08
2.672855e-08
2.687321e-08
2.701763e-08
2.715992e-08
2.730193e-08
2.744183e-08
2.758141e-08
2.771889e-08
2.785601e-08
2.799104e-08
2.812568e-08
2.825825e-08
2.839038e-08
2.852045e-08
2.865006e-08
2.877761e-08
2.890466e-08
2.902967e-08
2.915415e-08
2.927659e-08
2.939848e-08
2.951833e-08
2.963760e-08
2.975485e-08
2.987148e-08
2.998609e-08
3.010006e-08
3.021202e-08
3.032331e-08
3.043259e-08
3.054119e-08
3.064777e-08
3.075365e-08
3.085752e-08
3.096066e-08
3.106180e-08
3.116219e-08
3.126057e-08
3.135819e-08
3.145380e-08
3.154862e-08
3.164145e-08
3.173347e-08
3.182349e-08
3.191268e-08
3.199988e-08
3.208623e-08
3.217059e-08
3.225409e-08
3.233560e-08
3.241623e-08
3.249486e-08
3.257261e-08
3.264836e-08
3.272321e-08
3.279607e-08
3.286801e-08
3.293795e-08
3.300697e-08
3.307399e-08
3.314007e-08
3.320415e-08
3.326728e-08
3.332842e-08
3.338859e-08
3.344677e-08
3.350397e-08
3.355918e-08
3.361340e-08
3.366563e-08
3.371686e-08
3.376610e-08
3.381433e-08
3.386057e-08
3.390580e-08
3.394903e-08
3.399124e-08
3.403146e-08
3.407065e-08
3.410784e-08
3.414400e-08
3.417816e-08
3.421129e-08
3.424241e-08
3.427250e-08
3.430058e-08
3.432762e-08
3.435265e-08
3.437663e-08
3.439862e-08
3.441955e-08
3.443847e-08
3.445634e-08
3.447221e-08
3.448702e-08
3.449982e-08
3.451156e-08
3.452130e-08
3.452997e-08
3.453664e-08
3.454225e-08
3.454585e-08
3.454839e-08
