2.893234e-08
2.893194e-08
2.892978e-08
2.892681e-08
2.892210e-08
2.891657e-08
2.890929e-08
2.890120e-08
2.889137e-08
2.888072e-08
2.886833e-08
2.885513e-08
2.884018e-08
2.882443e-08
2.880693e-08
2.878862e-08
2.876857e-08
2.874772e-08
2.872513e-08
2.870174e-08
2.867660e-08
2.865067e-08
2.862299e-08
2.859452e-08
2.856431e-08
2.853332e-08
2.850058e-08
2.846707e-08
2.843181e-08
2.839578e-08
2.835800e-08
2.831946e-08
2.827918e-08
2.823814e-08
2.819535e-08
2.815181e-08
2.810653e-08
2.806051e-08
2.801274e-08
2.796424e-08
2.791399e-08
2.786302e-08
2.781030e-08
2.775688e-08
2.770170e-08
2.764582e-08
2.758819e-08
2.752988e-08
2.746981e-08
2.740906e-08
2.734656e-08
2.728340e-08
2.721848e-08
2.715291e-08
2.708559e-08
2.701763e-08
2.694791e-08
2.687757e-08
2.680546e-08
2.673275e-08
2.665828e-08
2.658321e-08
2.650638e-08
2.642898e-08
2.634980e-08
2.627007e-08
2.618857e-08
2.610653e-08
2.602271e-08
2.593837e-08
2.585225e-08
2.576563e-08
2.567723e-08
2.558834e-08
2.549767e-08
2.540653e-08
2.531361e-08
2.522024e-08
2.512508e-08
2.502950e-08
2.493211e-08
2.483434e-08
2.473475e-08
2.463480e-08
2.453302e-08
2.443091e-08
2.432697e-08
2.422271e-08
2.411662e-08
2.401024e-08
2.390202e-08
2.379355e-08
2.368321e-08
2.357265e-08
2.346023e-08
2.334761e-08
2.323311e-08
2.311845e-08
2.300189e-08
2.288521e-08
2.276663e-08
2.264795e-08
2.252736e-08
2.240671e-08
2.228412e-08
2.216152e-08
2.203696e-08
2.191243e-08
2.178593e-08
2.165949e-08
2.153106e-08
2.140274e-08
2.127241e-08
2.114223e-08
2.101002e-08
2.087801e-08
2.074393e-08
2.061012e-08
2.047421e-08
2.033861e-08
2.020089e-08
2.006354e-08
1.992402e-08
1.978494e-08
1.964366e-08
1.950288e-08
1.935985e-08
1.921740e-08
1.907265e-08
1.892855e-08
1.878210e-08
1.863639e-08
1.848827e-08
1.834096e-08
1.819120e-08
1.804233e-08
1.789094e-08
1.774055e-08
1.758755e-08
1.743566e-08
1.728109e-08
1.712773e-08
1.697162e-08
1.681682e-08
1.665917e-08
1.650297e-08
1.634382e-08
1.618625e-08
1.602561e-08
1.586670e-08
1.570462e-08
1.554440e-08
1.538088e-08
1.521940e-08
1.505446e-08
1.489176e-08
1.472543e-08
1.456154e-08
1.439383e-08
1.422879e-08
1.405973e-08
1.389358e-08
1.372319e-08
1.355597e-08
1.338427e-08
1.321603e-08
1.304302e-08
1.287381e-08
1.269953e-08
1.252941e-08
1.235387e-08
1.218292e-08
1.200618e-08
1.183452e-08
1.165668e-08
1.148456e-08
1.130594e-08
1.113392e-08
1.095532e-08
1.078484e-08
1.060850e-08
1.044332e-08
1.027529e-08
1.012555e-08
9.982350e-09
9.875421e-09
9.801963e-09
9.812107e-09
9.930561e-09
1.025945e-08
1.090199e-08
1.209759e-08
1.416729e-08
1.771892e-08
2.367074e-08
3.362645e-08
5.013388e-08
7.749705e-08
1.227008e-07
1.973813e-07
3.205933e-07
5.238938e-07
8.591581e-07
1.412081e-06
2.323766e-06
3.827053e-06
6.305605e-06
1.039221e-05
1.712985e-05
2.823835e-05
4.655266e-05
7.674661e-05
1.265240e-04
2.085826e-04
3.438448e-04
5.667750e-04
9.341075e-04
1.539148e-03
2.535091e-03
4.172794e-03
6.861199e-03
1.126207e-02
1.843335e-02
3.003232e-02
4.856868e-02
7.763027e-02
1.218541e-01
1.861855e-01
2.738873e-01
3.834362e-01
5.062525e-01
6.283188e-01
7.359476e-01
8.212752e-01
8.833982e-01
9.258767e-01
9.536913e-01
9.713911e-01
9.824503e-01
9.892815e-01
9.934714e-01
9.960300e-01
9.975883e-01
9.985358e-01
9.991114e-01
9.994609e-01
9.996729e-01
9.998016e-01
9.998796e-01
9.999270e-01
9.999557e-01
9.999731e-01
9.999837e-01
9.999901e-01
9.999940e-01
9.999963e-01
9.999978e-01
9.999986e-01
9.999992e-01
9.999995e-01
9.999997e-01
9.999998e-01
9.999999e-01
9.999999e-01
9.999999e-01
9.999999e-01
1.000000e+00
1.000000e+00
1.000000e+00
1.000000e+00
1.000000e+00
1.000000e+00
1.000000e+00
1.000000e+00
1.000000e+00
1.000000e+00
1.000000e+00
1.000000e+00
1.000000e+00
1.000000e+00
1.000000e+00
1.000000e+00
1.000000e+00
1.000000e+00
1.000000e+00
1.000000e+00
1.000000e+00
1.000000e+00
1.000000e+00
1.000000e+00
1.000000e+00
1.000000e+00
1.000000e+00
9.999999e-01
9.999999e-01
9.999999e-01
9.999999e-01
9.999999e-01
9.999999e-01
9.999999e-01
9.999999e-01
9.999999e-01
9.999999e-01
9.999999e-01
9.999999e-01
9.999999e-01
9.999999e-01
9.999999e-01
9.999999e-01
9.999999e-01
9.999999e-01
9.999999e-01
9.999999e-01
9.999999e-01
9.999999e-01
9.999999e-01
9.999999e-01
9.999999e-01
9.999999e-01
9.999999e-01
9.999999e-01
9.999999e-01
9.999999e-01
9.999999e-01
9.999999e-01
9.999999e-01
9.999999e-01
9.999999e-01
9.999999e-01
9.999999e-01
9.999999e-01
9.999999e-01
9.999999e-01
9.999999e-01
9.999999e-01
9.999999e-01
9.999999e-01
9.999999e-01
9.999999e-01
9.999999e-01
9.999999e-01
9.999999e-01
9.999999e-01
9.999999e-01
9.999999e-01
9.999999e-01
9.999999e-01
9.999999e-01
9.999999e-01
9.999999e-01
9.999999e-01
9.999999e-01
9.999999e-01
9.999999e-01
9.999999e-01
9.999999e-01
9.999999e-01
9.999999e-01
9.999999e-01
9.999999e-01
9.999999e-01
9.999999e-01
9.999999e-01
9.999999e-01
9.999999e-01
9.999999e-01
9.999999e-01
9.999999e-01
9.999999e-01
9.999999e-01
9.999999e-01
9.999999e-01
9.999999e-01
9.999999e-01
9.999999e-01
9.999999e-01
9.999999e-01
9.999999e-01
9.999999e-01
9.999999e-01
9.999999e-01
9.999999e-01
9.999999e-01
9.999999e-01
9.999999e-01
9.999999e-01
9.999999e-01
9.999999e-01
9.999999e-01
9.999999e-01
9.999999e-01
9.999999e-01
9.999999e-01
9.999999e-01
9.999999e-01
9.999999e-01
9.999999e-01
9.999999e-01
9.999999e-01
9.999999e-01
9.999999e-01
9.999999e-01
9.999999e-01
9.999999e-01
9.999999e-01
9.999999e-01
9.999999e-01
9.999999e-01
9.999999e-01
9.999999e-01
9.999999e-01
9.999999e-01
9.999999e-01
9.999999e-01
9.999999e-01
9.999999e-01
9.999999e-01
9.999999e-01
9.999999e-01
9.999999e-01
9.999999e-01
9.999999e-01
9.999999e-01
9.999999e-01
9.999999e-01
9.999999e-01
9.999999e-01
9.999999e-01
9.999999e-01
9.999999e-01
9.999999e-01
9.999999e-01
9.999999e-01
9.999999e-01
9.999999e-01
9.999999e-01
9.999999e-01
9.999999e-01
9.999999e-01
9.999999e-01
9.999999e-01
9.999999e-01
9.999999e-01
9.999999e-01
9.999999e-01
9.999999e-01
9.999999e-01
9.999999e-01
9.999999e-01
9.999999e-01
9.999999e-01
9.999999e-01
9.999999e-01
9.999999e-01
9.999999e-01
9.999999e-01
9.999999e-01
9.999999e-01
9.999999e-01
9.999999e-01
9.999999e-01
9.999999e-01
9.999999e-01
9.999999e-01
9.999999e-01
9.999999e-01
9.999999e-01
9.999999e-01
9.999999e-01
9.999999e-01
9.999999e-01
9.999999e-01
9.999999e-01
9.999999e-01
9.999999e-01
9.999999e-01
9.999999e-01
9.999999e-01
9.999999e-01
9.999999e-01
9.999999e-01
9.999999e-01
9.999999e-01
9.999999e-01
9.999999e-01
9.999999e-01
9.999999e-01
9.999999e-01
9.999999e-01
9.999999e-01
9.999999e-01
9.999999e-01
9.999999e-01
9.999999e-01
9.999999e-01
9.999999e-01
9.999999e-01
9.999999e-01
9.999999e-01
9.999999e-01
9.999999e-01
9.999998e-01
9.999998e-01
9.999998e-01
9.999998e-01
9.999998e-01
9.999998e-01
9.999998e-01
9.999998e-01
9.999998e-01
9.999998e-01
9.999998e-01
9.999998e-01
9.999998e-01
9.999998e-01
9.999998e-01
9.999998e-01
9.999998e-01
9.999998e-01
9.999998e-01
9.999998e-01
9.999998e-01
9.999998e-01
9.999998e-01
9.999999e-01
9.999999e-01
9.999999e-01
9.999999e-01
9.999999e-01
9.999999e-01
9.999999e-01
9.999999e-01
9.999999e-01
9.999999e-01
9.999999e-01
9.999999e-01
9.999999e-01
9.999999e-01
9.999999e-01
9.999999e-01
9.999999e-01
9.999999e-01
9.999999e-01
9.999999e-01
9.999999e-01
9.999999e-01
9.999999e-01
9.999999e-01
9.999999e-01
9.999999e-01
9.999999e-01
9.999999e-01
9.999999e-01
9.999999e-01
9.999999e-01
9.999999e-01
9.999999e-01
9.999999e-01
9.999999e-01
9.999999e-01
9.999999e-01
9.999999e-01
9.999999e-01
9.999999e-01
9.999999e-01
9.999999e-01
9.999999e-01
9.999999e-01
9.999999e-01
9.999999e-01
9.999999e-01
9.999999e-01
9.999999e-01
9.999999e-01
9.999999e-01
9.999999e-01
9.999999e-01
9.999999e-01
9.999999e-01
9.999999e-01
9.999999e-01
9.999999e-01
9.999999e-01
9.999999e-01
9.999999e-01
9.999999e-01
9.999999e-01
9.999999e-01
9.999999e-01
9.999999e-01
9.999999e-01
9.999999e-01
9.999999e-01
9.999999e-01
9.999999e-01
9.999999e-01
9.999999e-01
9.999999e-01
9.999999e-01
9.999999e-01
9.999999e-01
9.999999e-01
9.999999e-01
9.999999e-01
9.999999e-01
9.999999e-01
9.999999e-01
9.999999e-01
9.999999e-01
9.999999e-01
9.999999e-01
9.999999e-01
9.999999e-01
9.999999e-01
9.999999e-01
9.999999e-01
9.999999e-01
9.999999e-01
9.999999e-01
9.999999e-01
9.999999e-01
9.999999e-01
9.999999e-01
9.999999e-01
9.999999e-01
9.999999e-01
9.999999e-01
9.999999e-01
9.999999e-01
9.999999e-01
9.999999e-01
9.999999e-01
9.999999e-01
9.999999e-01
9.999999e-01
9.999999e-01
9.999999e-01
9.999999e-01
9.999999e-01
9.999999e-01
9.999999e-01
9.999999e-01
9.999999e-01
9.999999e-01
9.999999e-01
9.999999e-01
9.999999e-01
9.999999e-01
9.999999e-01
9.999999e-01
9.999999e-01
9.999999e-01
9.999999e-01
9.999999e-01
9.999999e-01
9.999999e-01
9.999999e-01
9.999999e-01
9.999999e-01
9.999999e-01
9.999999e-01
9.999999e-01
9.999999e-01
9.999999e-01
9.999999e-01
9.999999e-01
9.999999e-01
9.999999e-01
9.999999e-01
9.999999e-01
9.999999e-01
9.999999e-01
9.999999e-01
9.999999e-01
9.999999e-01
9.999999e-01
9.999999e-01
9.999999e-01
9.999999e-01
9.999999e-01
9.999999e-01
9.999999e-01
9.999999e-01
9.999999e-01
9.999999e-01
9.999999e-01
9.999999e-01
9.999999e-01
9.999999e-01
9.999999e-01
9.999999e-01
9.999999e-01
9.999999e-01
9.999999e-01
9.999999e-01
9.999999e-01
9.999999e-01
9.999999e-01
9.999999e-01
9.999999e-01
9.999999e-01
9.999999e-01
9.999999e-01
9.999999e-01
9.999999e-01
9.999999e-01
9.999999e-01
9.999999e-01
9.999999e-01
9.999999e-01
9.999999e-01
9.999999e-01
9.999999e-01
9.999999e-01
9.999999e-01
9.999999e-01
9.999999e-01
9.999999e-01
9.999999e-01
9.999999e-01
9.999999e-01
9.999999e-01
9.999999e-01
9.999999e-01
9.999999e-01
9.999999e-01
9.999999e-01
9.999999e-01
9.999999e-01
9.999999e-01
9.999999e-01
9.999999e-01
1.000000e+00
1.000000e+00
1.000000e+00
1.000000e+00
1.000000e+00
1.000000e+00
1.000000e+00
1.000000e+00
1.000000e+00
1.000000e+00
1.000000e+00
1.000000e+00
1.000000e+00
1.000000e+00
1.000000e+00
1.000000e+00
1.000000e+00
1.000000e+00
1.000000e+00
1.000000e+00
1.000000e+00
1.000000e+00
1.000000e+00
1.000000e+00
1.000000e+00
1.000000e+00
1.000000e+00
9.999999e-01
9.999999e-01
9.999999e-01
9.999999e-01
9.999998e-01
9.999997e-01
9.999995e-01
9.999992e-01
9.999986e-01
9.999978e-01
9.999963e-01
9.999940e-01
9.999901e-01
9.999837e-01
9.999731e-01
9.999557e-01
9.999270e-01
9.998796e-01
9.998016e-01
9.996729e-01
9.994609e-01
9.991114e-01
9.985358e-01
9.975883e-01
9.960300e-01
9.934714e-01
9.892815e-01
9.824503e-01
9.713911e-01
9.536913e-01
9.258767e-01
8.833982e-01
8.212752e-01
7.359476e-01
6.283188e-01
5.062525e-01
3.834362e-01
2.738873e-01
1.861855e-01
1.218541e-01
7.763027e-02
4.856868e-02
3.003232e-02
1.843335e-02
1.126207e-02
6.861199e-03
4.172794e-03
2.535091e-03
1.539148e-03
9.341075e-04
5.667750e-04
3.438448e-04
2.085826e-04
1.265240e-04
7.674661e-05
4.655266e-05
2.823835e-05
1.712985e-05
1.039221e-05
6.305605e-06
3.827053e-06
2.323766e-06
1.412081e-06
8.591581e-07
5.238938e-07
3.205933e-07
1.973813e-07
1.227008e-07
7.749708e-08
5.013390e-08
3.362648e-08
2.367077e-08
1.771896e-08
1.416733e-08
1.209763e-08
1.090203e-08
1.025949e-08
9.930602e-09
9.812150e-09
9.802008e-09
9.875467e-09
9.982397e-09
1.012560e-08
1.027534e-08
1.044337e-08
1.060855e-08
1.078489e-08
1.095538e-08
1.113397e-08
1.130599e-08
1.148461e-08
1.165674e-08
1.183457e-08
1.200624e-08
1.218298e-08
1.235393e-08
1.252947e-08
1.269959e-08
1.287388e-08
1.304309e-08
1.321609e-08
1.338433e-08
1.355604e-08
1.372326e-08
1.389365e-08
1.405980e-08
1.422886e-08
1.439390e-08
1.456161e-08
1.472550e-08
1.489183e-08
1.505454e-08
1.521948e-08
1.538095e-08
1.554448e-08
1.570469e-08
1.586678e-08
1.602568e-08
1.618632e-08
1.634389e-08
1.650304e-08
1.665924e-08
1.681688e-08
1.697168e-08
1.712780e-08
1.728116e-08
1.743572e-08
1.758762e-08
1.774061e-08
1.789100e-08
1.804239e-08
1.819125e-08
1.834102e-08
1.848832e-08
1.863644e-08
1.878215e-08
1.892860e-08
1.907269e-08
1.921744e-08
1.935989e-08
1.950292e-08
1.964370e-08
1.978498e-08
1.992406e-08
2.006358e-08
2.020092e-08
2.033865e-08
2.047424e-08
2.061015e-08
2.074396e-08
2.087804e-08
2.101004e-08
2.114226e-08
2.127243e-08
2.140277e-08
2.153108e-08
2.165951e-08
2.178595e-08
2.191245e-08
2.203698e-08
2.216153e-08
2.228414e-08
2.240672e-08
2.252737e-08
2.264797e-08
2.276664e-08
2.288522e-08
2.300190e-08
2.311845e-08
2.323311e-08
2.334761e-08
2.346023e-08
2.357266e-08
2.368322e-08
2.379355e-08
2.390203e-08
2.401025e-08
2.411662e-08
2.422271e-08
2.432697e-08
2.443091e-08
2.453302e-08
2.463479e-08
2.473475e-08
2.483434e-08
2.493211e-08
2.502949e-08
2.512507e-08
2.522024e-08
2.531360e-08
2.540653e-08
2.549766e-08
2.558834e-08
2.567722e-08
2.576562e-08
2.585224e-08
2.593836e-08
2.602270e-08
2.610652e-08
2.618856e-08
2.627007e-08
2.634980e-08
2.642897e-08
2.650638e-08
2.658321e-08
2.665827e-08
2.673275e-08
2.680546e-08
2.687756e-08
2.694790e-08
2.701763e-08
2.708559e-08
2.715291e-08
2.721848e-08
2.728340e-08
2.734656e-08
2.740906e-08
2.746980e-08
2.752987e-08
2.758819e-08
2.764582e-08
2.770170e-08
2.775688e-08
2.781030e-08
2.786302e-08
2.791399e-08
2.796424e-08
2.801274e-08
2.806051e-08
2.810653e-08
2.815182e-08
2.819535e-08
2.823814e-08
2.827918e-08
2.831947e-08
2.835801e-08
2.839579e-08
2.843182e-08
2.846708e-08
2.850059e-08
2.853333e-08
2.856432e-08
2.859453e-08
2.862300e-08
2.865067e-08
2.867660e-08
2.870174e-08
2.872514e-08
2.874773e-08
2.876858e-08
2.878863e-08
2.880694e-08
2.882444e-08
2.884019e-08
2.885514e-08
2.886834e-08
2.888073e-08
2.889138e-08
2.890121e-08
2.890930e-08
2.891657e-08
2.892210e-08
2.892682e-08
2.892978e-08
2.893194e-08
