2.033110e-08
2.033089e-08
2.032931e-08
2.032731e-08
2.032396e-08
2.032017e-08
2.031503e-08
2.030946e-08
2.030253e-08
2.029518e-08
2.028647e-08
2.027734e-08
2.026684e-08
2.025593e-08
2.024365e-08
2.023097e-08
2.021691e-08
2.020245e-08
2.018662e-08
2.017038e-08
2.015278e-08
2.013478e-08
2.011540e-08
2.009563e-08
2.007449e-08
2.005296e-08
2.003006e-08
2.000677e-08
1.998211e-08
1.995706e-08
1.993064e-08
1.990385e-08
1.987568e-08
1.984714e-08
1.981723e-08
1.978695e-08
1.975530e-08
1.972329e-08
1.968990e-08
1.965617e-08
1.962105e-08
1.958559e-08
1.954875e-08
1.951158e-08
1.947302e-08
1.943414e-08
1.939388e-08
1.935329e-08
1.931133e-08
1.926905e-08
1.922539e-08
1.918143e-08
1.913608e-08
1.909044e-08
1.904341e-08
1.899610e-08
1.894740e-08
1.889844e-08
1.884807e-08
1.879745e-08
1.874543e-08
1.869318e-08
1.863951e-08
1.858562e-08
1.853032e-08
1.847481e-08
1.841788e-08
1.836076e-08
1.830221e-08
1.824349e-08
1.818334e-08
1.812303e-08
1.806128e-08
1.799939e-08
1.793605e-08
1.787260e-08
1.780769e-08
1.774268e-08
1.767620e-08
1.760965e-08
1.754163e-08
1.747354e-08
1.740398e-08
1.733437e-08
1.726328e-08
1.719217e-08
1.711957e-08
1.704697e-08
1.697285e-08
1.689878e-08
1.682318e-08
1.674763e-08
1.667056e-08
1.659356e-08
1.651502e-08
1.643659e-08
1.635660e-08
1.627675e-08
1.619532e-08
1.611407e-08
1.603121e-08
1.594857e-08
1.586430e-08
1.578029e-08
1.569463e-08
1.560925e-08
1.552221e-08
1.543549e-08
1.534709e-08
1.525904e-08
1.516929e-08
1.507994e-08
1.498884e-08
1.489820e-08
1.480579e-08
1.471387e-08
1.462015e-08
1.452698e-08
1.443197e-08
1.433755e-08
1.424127e-08
1.414564e-08
1.404810e-08
1.395126e-08
1.385248e-08
1.375447e-08
1.365445e-08
1.355528e-08
1.345405e-08
1.335373e-08
1.325132e-08
1.314987e-08
1.304628e-08
1.294373e-08
1.283897e-08
1.273535e-08
1.262944e-08
1.252476e-08
1.241772e-08
1.231200e-08
1.220384e-08
1.209712e-08
1.198786e-08
1.188014e-08
1.176979e-08
1.166111e-08
1.154969e-08
1.144006e-08
1.132759e-08
1.121705e-08
1.110353e-08
1.099210e-08
1.087756e-08
1.076526e-08
1.064971e-08
1.053658e-08
1.042001e-08
1.030608e-08
1.018853e-08
1.007382e-08
9.955282e-09
9.839828e-09
9.720322e-09
9.604159e-09
9.483690e-09
9.366854e-09
9.245429e-09
9.127962e-09
9.005591e-09
8.887542e-09
8.764241e-09
8.645678e-09
8.521485e-09
8.402525e-09
8.277546e-09
8.158423e-09
8.032950e-09
7.914221e-09
7.789062e-09
7.672150e-09
7.549518e-09
7.438186e-09
7.324136e-09
7.228499e-09
7.139529e-09
7.086957e-09
7.067977e-09
7.132718e-09
7.305885e-09
7.689598e-09
8.387077e-09
9.637730e-09
1.176258e-08
1.536946e-08
2.137663e-08
3.138778e-08
4.795072e-08
7.536948e-08
1.206289e-07
1.953650e-07
3.186326e-07
5.219886e-07
8.573083e-07
1.410286e-06
2.322025e-06
3.825365e-06
6.303967e-06
1.039062e-05
1.712830e-05
2.823683e-05
4.655115e-05
7.674509e-05
1.265225e-04
2.085809e-04
3.438428e-04
5.667725e-04
9.341042e-04
1.539143e-03
2.535084e-03
4.172784e-03
6.861182e-03
1.126205e-02
1.843330e-02
3.003225e-02
4.856857e-02
7.763010e-02
1.218538e-01
1.861852e-01
2.738868e-01
3.834356e-01
5.062519e-01
6.283183e-01
7.359471e-01
8.212749e-01
8.833979e-01
9.258765e-01
9.536912e-01
9.713910e-01
9.824502e-01
9.892815e-01
9.934714e-01
9.960300e-01
9.975883e-01
9.985358e-01
9.991114e-01
9.994609e-01
9.996729e-01
9.998016e-01
9.998796e-01
9.999270e-01
9.999557e-01
9.999731e-01
9.999837e-01
9.999901e-01
9.999940e-01
9.999964e-01
9.999978e-01
9.999986e-01
9.999992e-01
9.999995e-01
9.999997e-01
9.999998e-01
9.999999e-01
9.999999e-01
9.999999e-01
1.000000e+00
1.000000e+00
1.000000e+00
1.000000e+00
1.000000e+00
1.000000e+00
1.000000e+00
1.000000e+00
1.000000e+00
1.000000e+00
1.000000e+00
1.000000e+00
1.000000e+00
1.000000e+00
1.000000e+00
1.000000e+00
1.000000e+00
1.000000e+00
1.000000e+00
1.000000e+00
1.000000e+00
1.000000e+00
1.000000e+00
1.000000e+00
1.000000e+00
1.000000e+00
1.000000e+00
1.000000e+00
1.000000e+00
1.000000e+00
1.000000e+00
1.000000e+00
1.000000e+00
1.000000e+00
1.000000e+00
1.000000e+00
1.000000e+00
1.000000e+00
1.000000e+00
1.000000e+00
1.000000e+00
1.000000e+00
1.000000e+00
1.000000e+00
1.000000e+00
1.000000e+00
9.999999e-01
9.999999e-01
9.999999e-01
9.999999e-01
9.999999e-01
9.999999e-01
9.999999e-01
9.999999e-01
9.999999e-01
9.999999e-01
9.999999e-01
9.999999e-01
9.999999e-01
9.999999e-01
9.999999e-01
9.999999e-01
9.999999e-01
9.999999e-01
9.999999e-01
9.999999e-01
9.999999e-01
9.999999e-01
9.999999e-01
9.999999e-01
9.999999e-01
9.999999e-01
9.999999e-01
9.999999e-01
9.999999e-01
9.999999e-01
9.999999e-01
9.999999e-01
9.999999e-01
9.999999e-01
9.999999e-01
9.999999e-01
9.999999e-01
9.999999e-01
9.999999e-01
9.999999e-01
9.999999e-01
9.999999e-01
9.999999e-01
9.999999e-01
9.999999e-01
9.999999e-01
9.999999e-01
9.999999e-01
9.999999e-01
9.999999e-01
9.999999e-01
9.999999e-01
9.999999e-01
9.999999e-01
9.999999e-01
9.999999e-01
9.999999e-01
9.999999e-01
9.999999e-01
9.999999e-01
9.999999e-01
9.999999e-01
9.999999e-01
9.999999e-01
9.999999e-01
9.999999e-01
9.999999e-01
9.999999e-01
9.999999e-01
9.999999e-01
9.999999e-01
9.999999e-01
9.999999e-01
9.999999e-01
9.999999e-01
9.999999e-01
9.999999e-01
9.999999e-01
9.999999e-01
9.999999e-01
9.999999e-01
9.999999e-01
9.999999e-01
9.999999e-01
9.999999e-01
9.999999e-01
9.999999e-01
9.999999e-01
9.999999e-01
9.999999e-01
9.999999e-01
9.999999e-01
9.999999e-01
9.999999e-01
9.999999e-01
9.999999e-01
9.999999e-01
9.999999e-01
9.999999e-01
9.999999e-01
9.999999e-01
9.999999e-01
9.999999e-01
9.999999e-01
9.999999e-01
9.999999e-01
9.999999e-01
9.999999e-01
9.999999e-01
9.999999e-01
9.999999e-01
9.999999e-01
9.999999e-01
9.999999e-01
9.999999e-01
9.999999e-01
9.999999e-01
9.999999e-01
9.999999e-01
9.999999e-01
9.999999e-01
9.999999e-01
9.999999e-01
9.999999e-01
9.999999e-01
9.999999e-01
9.999999e-01
9.999999e-01
9.999999e-01
9.999999e-01
9.999999e-01
9.999999e-01
9.999999e-01
9.999999e-01
9.999999e-01
9.999999e-01
9.999999e-01
9.999999e-01
9.999999e-01
9.999999e-01
9.999999e-01
9.999999e-01
9.999999e-01
9.999999e-01
9.999999e-01
9.999999e-01
9.999999e-01
9.999999e-01
9.999999e-01
9.999999e-01
9.999999e-01
9.999999e-01
9.999999e-01
9.999999e-01
9.999999e-01
9.999999e-01
9.999999e-01
9.999999e-01
9.999999e-01
9.999999e-01
9.999999e-01
9.999999e-01
9.999999e-01
9.999999e-01
9.999999e-01
9.999999e-01
9.999999e-01
9.999999e-01
9.999999e-01
9.999999e-01
9.999999e-01
9.999999e-01
9.999999e-01
9.999999e-01
9.999999e-01
9.999999e-01
9.999999e-01
9.999999e-01
9.999999e-01
9.999999e-01
9.999999e-01
9.999999e-01
9.999999e-01
9.999999e-01
9.999999e-01
9.999999e-01
9.999999e-01
9.999999e-01
9.999999e-01
9.999999e-01
9.999999e-01
9.999999e-01
9.999999e-01
9.999999e-01
9.999999e-01
9.999999e-01
9.999999e-01
9.999999e-01
9.999999e-01
9.999999e-01
9.999999e-01
9.999999e-01
9.999999e-01
9.999999e-01
9.999999e-01
9.999999e-01
9.999999e-01
9.999999e-01
9.999999e-01
9.999999e-01
9.999999e-01
9.999999e-01
9.999999e-01
9.999999e-01
9.999999e-01
9.999999e-01
9.999999e-01
9.999999e-01
9.999999e-01
9.999999e-01
9.999999e-01
9.999999e-01
9.999999e-01
9.999999e-01
9.999999e-01
9.999999e-01
9.999999e-01
9.999999e-01
9.999999e-01
9.999999e-01
9.999999e-01
9.999999e-01
9.999999e-01
9.999999e-01
9.999999e-01
9.999999e-01
9.999999e-01
9.999999e-01
9.999999e-01
9.999999e-01
9.999999e-01
9.999999e-01
9.999999e-01
9.999999e-01
9.999999e-01
9.999999e-01
9.999999e-01
9.999999e-01
9.999999e-01
9.999999e-01
9.999999e-01
9.999999e-01
9.999999e-01
9.999999e-01
9.999999e-01
9.999999e-01
9.999999e-01
9.999999e-01
9.999999e-01
9.999999e-01
9.999999e-01
9.999999e-01
9.999999e-01
9.999999e-01
9.999999e-01
9.999999e-01
9.999999e-01
9.999999e-01
9.999999e-01
9.999999e-01
9.999999e-01
9.999999e-01
9.999999e-01
9.999999e-01
9.999999e-01
9.999999e-01
9.999999e-01
9.999999e-01
9.999999e-01
9.999999e-01
9.999999e-01
9.999999e-01
9.999999e-01
9.999999e-01
9.999999e-01
9.999999e-01
9.999999e-01
9.999999e-01
9.999999e-01
9.999999e-01
9.999999e-01
9.999999e-01
9.999999e-01
9.999999e-01
9.999999e-01
9.999999e-01
9.999999e-01
9.999999e-01
9.999999e-01
9.999999e-01
9.999999e-01
9.999999e-01
9.999999e-01
9.999999e-01
9.999999e-01
9.999999e-01
9.999999e-01
9.999999e-01
9.999999e-01
9.999999e-01
9.999999e-01
9.999999e-01
9.999999e-01
9.999999e-01
9.999999e-01
9.999999e-01
9.999999e-01
9.999999e-01
9.999999e-01
9.999999e-01
9.999999e-01
9.999999e-01
9.999999e-01
9.999999e-01
9.999999e-01
9.999999e-01
9.999999e-01
9.999999e-01
9.999999e-01
9.999999e-01
9.999999e-01
9.999999e-01
9.999999e-01
9.999999e-01
9.999999e-01
9.999999e-01
9.999999e-01
9.999999e-01
9.999999e-01
9.999999e-01
9.999999e-01
9.999999e-01
9.999999e-01
9.999999e-01
9.999999e-01
9.999999e-01
9.999999e-01
9.999999e-01
9.999999e-01
9.999999e-01
9.999999e-01
9.999999e-01
9.999999e-01
9.999999e-01
9.999999e-01
9.999999e-01
9.999999e-01
9.999999e-01
9.999999e-01
9.999999e-01
9.999999e-01
9.999999e-01
9.999999e-01
9.999999e-01
9.999999e-01
9.999999e-01
9.999999e-01
9.999999e-01
9.999999e-01
9.999999e-01
9.999999e-01
9.999999e-01
9.999999e-01
9.999999e-01
9.999999e-01
9.999999e-01
9.999999e-01
9.999999e-01
9.999999e-01
9.999999e-01
9.999999e-01
9.999999e-01
9.999999e-01
9.999999e-01
9.999999e-01
9.999999e-01
9.999999e-01
9.999999e-01
9.999999e-01
9.999999e-01
9.999999e-01
9.999999e-01
9.999999e-01
9.999999e-01
9.999999e-01
9.999999e-01
9.999999e-01
9.999999e-01
9.999999e-01
9.999999e-01
9.999999e-01
9.999999e-01
9.999999e-01
1.000000e+00
1.000000e+00
1.000000e+00
1.000000e+00
1.000000e+00
1.000000e+00
1.000000e+00
1.000000e+00
1.000000e+00
1.000000e+00
1.000000e+00
1.000000e+00
1.000000e+00
1.000000e+00
1.000000e+00
1.000000e+00
1.000000e+00
1.000000e+00
1.000000e+00
1.000000e+00
1.000000e+00
1.000000e+00
1.000000e+00
1.000000e+00
1.000000e+00
1.000000e+00
1.000000e+00
1.000000e+00
1.000000e+00
1.000000e+00
1.000000e+00
1.000000e+00
1.000000e+00
1.000000e+00
1.000000e+00
1.000000e+00
1.000000e+00
1.000000e+00
1.000000e+00
1.000000e+00
1.000000e+00
1.000000e+00
1.000000e+00
1.000000e+00
1.000000e+00
1.000000e+00
9.999999e-01
9.999999e-01
9.999999e-01
9.999998e-01
9.999997e-01
9.999995e-01
9.999992e-01
9.999986e-01
9.999978e-01
9.999964e-01
9.999940e-01
9.999901e-01
9.999837e-01
9.999731e-01
9.999557e-01
9.999270e-01
9.998796e-01
9.998016e-01
9.996729e-01
9.994609e-01
9.991114e-01
9.985358e-01
9.975883e-01
9.960300e-01
9.934714e-01
9.892815e-01
9.824502e-01
9.713910e-01
9.536912e-01
9.258765e-01
8.833979e-01
8.212749e-01
7.359471e-01
6.283183e-01
5.062519e-01
3.834356e-01
2.738868e-01
1.861852e-01
1.218538e-01
7.763010e-02
4.856857e-02
3.003225e-02
1.843330e-02
1.126205e-02
6.861182e-03
4.172784e-03
2.535084e-03
1.539143e-03
9.341042e-04
5.667725e-04
3.438428e-04
2.085809e-04
1.265225e-04
7.674509e-05
4.655115e-05
2.823683e-05
1.712830e-05
1.039062e-05
6.303967e-06
3.825365e-06
2.322025e-06
1.410286e-06
8.573083e-07
5.219887e-07
3.186327e-07
1.953650e-07
1.206289e-07
7.536951e-08
4.795075e-08
3.138781e-08
2.137666e-08
1.536950e-08
1.176261e-08
9.637766e-09
8.387115e-09
7.689637e-09
7.305925e-09
7.132759e-09
7.068020e-09
7.087001e-09
7.139575e-09
7.228545e-09
7.324184e-09
7.438235e-09
7.549568e-09
7.672200e-09
7.789114e-09
7.914275e-09
8.033004e-09
8.158478e-09
8.277602e-09
8.402582e-09
8.521543e-09
8.645737e-09
8.764300e-09
8.887602e-09
9.005652e-09
9.128024e-09
9.245492e-09
9.366918e-09
9.483754e-09
9.604224e-09
9.720388e-09
9.839895e-09
9.955349e-09
1.007388e-08
1.018860e-08
1.030615e-08
1.042008e-08
1.053665e-08
1.064978e-08
1.076534e-08
1.087763e-08
1.099217e-08
1.110360e-08
1.121712e-08
1.132766e-08
1.144013e-08
1.154976e-08
1.166117e-08
1.176986e-08
1.188020e-08
1.198792e-08
1.209718e-08
1.220391e-08
1.231207e-08
1.241778e-08
1.252482e-08
1.262950e-08
1.273541e-08
1.283903e-08
1.294379e-08
1.304633e-08
1.314993e-08
1.325137e-08
1.335378e-08
1.345410e-08
1.355532e-08
1.365450e-08
1.375451e-08
1.385252e-08
1.395131e-08
1.404814e-08
1.414568e-08
1.424131e-08
1.433759e-08
1.443200e-08
1.452701e-08
1.462018e-08
1.471390e-08
1.480582e-08
1.489823e-08
1.498887e-08
1.507996e-08
1.516931e-08
1.525907e-08
1.534711e-08
1.543551e-08
1.552223e-08
1.560927e-08
1.569464e-08
1.578030e-08
1.586432e-08
1.594858e-08
1.603122e-08
1.611408e-08
1.619533e-08
1.627676e-08
1.635661e-08
1.643660e-08
1.651503e-08
1.659357e-08
1.667056e-08
1.674764e-08
1.682318e-08
1.689878e-08
1.697286e-08
1.704697e-08
1.711957e-08
1.719217e-08
1.726328e-08
1.733437e-08
1.740397e-08
1.747354e-08
1.754162e-08
1.760965e-08
1.767620e-08
1.774267e-08
1.780768e-08
1.787259e-08
1.793605e-08
1.799938e-08
1.806127e-08
1.812302e-08
1.818333e-08
1.824349e-08
1.830221e-08
1.836075e-08
1.841787e-08
1.847481e-08
1.853031e-08
1.858562e-08
1.863951e-08
1.869317e-08
1.874543e-08
1.879745e-08
1.884807e-08
1.889843e-08
1.894740e-08
1.899610e-08
1.904341e-08
1.909044e-08
1.913608e-08
1.918143e-08
1.922539e-08
1.926905e-08
1.931133e-08
1.935329e-08
1.939388e-08
1.943414e-08
1.947302e-08
1.951158e-08
1.954875e-08
1.958559e-08
1.962105e-08
1.965617e-08
1.968991e-08
1.972330e-08
1.975531e-08
1.978696e-08
1.981724e-08
1.984715e-08
1.987569e-08
1.990386e-08
1.993065e-08
1.995707e-08
1.998211e-08
2.000678e-08
2.003007e-08
2.005297e-08
2.007450e-08
2.009564e-08
2.011541e-08
2.013479e-08
2.015279e-08
2.017039e-08
2.018663e-08
2.020246e-08
2.021692e-08
2.023097e-08
2.024366e-08
2.025594e-08
2.026685e-08
2.027734e-08
2.028647e-08
2.029519e-08
2.030254e-08
2.030946e-08
2.031503e-08
2.032018e-08
2.032396e-08
2.032732e-08
2.032931e-08
2.033089e-08
