2.424505e-08
2.424475e-08
2.424291e-08
2.424047e-08
2.423650e-08
2.423192e-08
2.422581e-08
2.421910e-08
2.421085e-08
2.420200e-08
2.419162e-08
2.418063e-08
2.416812e-08
2.415501e-08
2.414036e-08
2.412512e-08
2.410834e-08
2.409097e-08
2.407207e-08
2.405258e-08
2.403156e-08
2.400995e-08
2.398681e-08
2.396309e-08
2.393782e-08
2.391199e-08
2.388462e-08
2.385669e-08
2.382721e-08
2.379718e-08
2.376560e-08
2.373347e-08
2.369980e-08
2.366558e-08
2.362981e-08
2.359351e-08
2.355567e-08
2.351729e-08
2.347737e-08
2.343693e-08
2.339493e-08
2.335243e-08
2.330838e-08
2.326382e-08
2.321771e-08
2.317111e-08
2.312295e-08
2.307431e-08
2.302412e-08
2.297346e-08
2.292124e-08
2.286855e-08
2.281431e-08
2.275962e-08
2.270337e-08
2.264668e-08
2.258843e-08
2.252975e-08
2.246951e-08
2.240885e-08
2.234663e-08
2.228401e-08
2.221982e-08
2.215525e-08
2.208910e-08
2.202259e-08
2.195449e-08
2.188605e-08
2.181602e-08
2.174566e-08
2.167371e-08
2.160145e-08
2.152759e-08
2.145343e-08
2.137768e-08
2.130165e-08
2.122401e-08
2.114611e-08
2.106661e-08
2.098686e-08
2.090550e-08
2.082393e-08
2.074072e-08
2.065733e-08
2.057230e-08
2.048710e-08
2.040026e-08
2.031328e-08
2.022463e-08
2.013588e-08
2.004546e-08
1.995495e-08
1.986277e-08
1.977052e-08
1.967659e-08
1.958262e-08
1.948695e-08
1.939129e-08
1.929390e-08
1.919655e-08
1.909746e-08
1.899844e-08
1.889767e-08
1.879701e-08
1.869457e-08
1.859228e-08
1.848820e-08
1.838430e-08
1.827858e-08
1.817309e-08
1.806577e-08
1.795871e-08
1.784979e-08
1.774118e-08
1.763068e-08
1.752055e-08
1.740849e-08
1.729685e-08
1.718326e-08
1.707014e-08
1.695502e-08
1.684043e-08
1.672382e-08
1.660779e-08
1.648970e-08
1.637225e-08
1.625269e-08
1.613385e-08
1.601285e-08
1.589264e-08
1.577021e-08
1.564865e-08
1.552483e-08
1.540194e-08
1.527673e-08
1.515255e-08
1.502598e-08
1.490053e-08
1.477260e-08
1.464591e-08
1.451666e-08
1.438874e-08
1.425819e-08
1.412908e-08
1.399724e-08
1.386696e-08
1.373385e-08
1.360244e-08
1.346808e-08
1.333556e-08
1.319998e-08
1.306638e-08
1.292958e-08
1.279493e-08
1.265694e-08
1.252128e-08
1.238210e-08
1.224546e-08
1.210512e-08
1.196754e-08
1.182605e-08
1.168755e-08
1.154492e-08
1.140556e-08
1.126181e-08
1.112161e-08
1.097675e-08
1.083577e-08
1.068980e-08
1.054809e-08
1.040105e-08
1.025868e-08
1.011061e-08
9.967695e-09
9.818697e-09
9.675487e-09
9.525860e-09
9.382912e-09
9.233469e-09
9.092210e-09
8.945170e-09
8.809367e-09
8.670787e-09
8.550561e-09
8.436944e-09
8.359668e-09
8.315930e-09
8.355857e-09
8.504158e-09
8.862953e-09
9.535464e-09
1.076110e-08
1.286088e-08
1.644266e-08
2.242466e-08
3.241062e-08
4.894833e-08
7.634183e-08
1.215759e-07
1.962868e-07
3.195291e-07
5.228599e-07
8.581544e-07
1.411107e-06
2.322822e-06
3.826138e-06
6.304717e-06
1.039134e-05
1.712901e-05
2.823753e-05
4.655184e-05
7.674579e-05
1.265232e-04
2.085817e-04
3.438438e-04
5.667736e-04
9.341057e-04
1.539145e-03
2.535088e-03
4.172789e-03
6.861190e-03
1.126206e-02
1.843332e-02
3.003228e-02
4.856862e-02
7.763018e-02
1.218539e-01
1.861853e-01
2.738870e-01
3.834359e-01
5.062522e-01
6.283185e-01
7.359473e-01
8.212750e-01
8.833981e-01
9.258766e-01
9.536913e-01
9.713911e-01
9.824502e-01
9.892815e-01
9.934714e-01
9.960300e-01
9.975883e-01
9.985358e-01
9.991114e-01
9.994609e-01
9.996729e-01
9.998016e-01
9.998796e-01
9.999270e-01
9.999557e-01
9.999731e-01
9.999837e-01
9.999901e-01
9.999940e-01
9.999963e-01
9.999978e-01
9.999986e-01
9.999992e-01
9.999995e-01
9.999997e-01
9.999998e-01
9.999999e-01
9.999999e-01
9.999999e-01
1.000000e+00
1.000000e+00
1.000000e+00
1.000000e+00
1.000000e+00
1.000000e+00
1.000000e+00
1.000000e+00
1.000000e+00
1.000000e+00
1.000000e+00
1.000000e+00
1.000000e+00
1.000000e+00
1.000000e+00
1.000000e+00
1.000000e+00
1.000000e+00
1.000000e+00
1.000000e+00
1.000000e+00
1.000000e+00
1.000000e+00
1.000000e+00
1.000000e+00
1.000000e+00
1.000000e+00
1.000000e+00
1.000000e+00
1.000000e+00
1.000000e+00
1.000000e+00
1.000000e+00
1.000000e+00
1.000000e+00
1.000000e+00
9.999999e-01
9.999999e-01
9.999999e-01
9.999999e-01
9.999999e-01
9.999999e-01
9.999999e-01
9.999999e-01
9.999999e-01
9.999999e-01
9.999999e-01
9.999999e-01
9.999999e-01
9.999999e-01
9.999999e-01
9.999999e-01
9.999999e-01
9.999999e-01
9.999999e-01
9.999999e-01
9.999999e-01
9.999999e-01
9.999999e-01
9.999999e-01
9.999999e-01
9.999999e-01
9.999999e-01
9.999999e-01
9.999999e-01
9.999999e-01
9.999999e-01
9.999999e-01
9.999999e-01
9.999999e-01
9.999999e-01
9.999999e-01
9.999999e-01
9.999999e-01
9.999999e-01
9.999999e-01
9.999999e-01
9.999999e-01
9.999999e-01
9.999999e-01
9.999999e-01
9.999999e-01
9.999999e-01
9.999999e-01
9.999999e-01
9.999999e-01
9.999999e-01
9.999999e-01
9.999999e-01
9.999999e-01
9.999999e-01
9.999999e-01
9.999999e-01
9.999999e-01
9.999999e-01
9.999999e-01
9.999999e-01
9.999999e-01
9.999999e-01
9.999999e-01
9.999999e-01
9.999999e-01
9.999999e-01
9.999999e-01
9.999999e-01
9.999999e-01
9.999999e-01
9.999999e-01
9.999999e-01
9.999999e-01
9.999999e-01
9.999999e-01
9.999999e-01
9.999999e-01
9.999999e-01
9.999999e-01
9.999999e-01
9.999999e-01
9.999999e-01
9.999999e-01
9.999999e-01
9.999999e-01
9.999999e-01
9.999999e-01
9.999999e-01
9.999999e-01
9.999999e-01
9.999999e-01
9.999999e-01
9.999999e-01
9.999999e-01
9.999999e-01
9.999999e-01
9.999999e-01
9.999999e-01
9.999999e-01
9.999999e-01
9.999999e-01
9.999999e-01
9.999999e-01
9.999999e-01
9.999999e-01
9.999999e-01
9.999999e-01
9.999999e-01
9.999999e-01
9.999999e-01
9.999999e-01
9.999999e-01
9.999999e-01
9.999999e-01
9.999999e-01
9.999999e-01
9.999999e-01
9.999999e-01
9.999999e-01
9.999999e-01
9.999999e-01
9.999999e-01
9.999999e-01
9.999999e-01
9.999999e-01
9.999999e-01
9.999999e-01
9.999999e-01
9.999999e-01
9.999999e-01
9.999999e-01
9.999999e-01
9.999999e-01
9.999999e-01
9.999999e-01
9.999999e-01
9.999999e-01
9.999999e-01
9.999999e-01
9.999999e-01
9.999999e-01
9.999999e-01
9.999999e-01
9.999999e-01
9.999999e-01
9.999999e-01
9.999999e-01
9.999999e-01
9.999999e-01
9.999999e-01
9.999999e-01
9.999999e-01
9.999999e-01
9.999999e-01
9.999999e-01
9.999999e-01
9.999999e-01
9.999999e-01
9.999999e-01
9.999999e-01
9.999999e-01
9.999999e-01
9.999999e-01
9.999999e-01
9.999999e-01
9.999999e-01
9.999999e-01
9.999999e-01
9.999999e-01
9.999999e-01
9.999999e-01
9.999999e-01
9.999999e-01
9.999999e-01
9.999999e-01
9.999999e-01
9.999999e-01
9.999999e-01
9.999999e-01
9.999999e-01
9.999999e-01
9.999999e-01
9.999999e-01
9.999999e-01
9.999999e-01
9.999999e-01
9.999999e-01
9.999999e-01
9.999999e-01
9.999999e-01
9.999999e-01
9.999999e-01
9.999999e-01
9.999999e-01
9.999999e-01
9.999999e-01
9.999999e-01
9.999999e-01
9.999999e-01
9.999999e-01
9.999999e-01
9.999999e-01
9.999999e-01
9.999999e-01
9.999999e-01
9.999999e-01
9.999999e-01
9.999999e-01
9.999999e-01
9.999999e-01
9.999999e-01
9.999999e-01
9.999999e-01
9.999999e-01
9.999999e-01
9.999999e-01
9.999999e-01
9.999999e-01
9.999999e-01
9.999999e-01
9.999999e-01
9.999999e-01
9.999999e-01
9.999999e-01
9.999999e-01
9.999999e-01
9.999999e-01
9.999999e-01
9.999999e-01
9.999999e-01
9.999999e-01
9.999999e-01
9.999999e-01
9.999999e-01
9.999999e-01
9.999999e-01
9.999999e-01
9.999999e-01
9.999999e-01
9.999999e-01
9.999999e-01
9.999999e-01
9.999999e-01
9.999999e-01
9.999999e-01
9.999999e-01
9.999999e-01
9.999999e-01
9.999999e-01
9.999999e-01
9.999999e-01
9.999999e-01
9.999999e-01
9.999999e-01
9.999999e-01
9.999999e-01
9.999999e-01
9.999999e-01
9.999999e-01
9.999999e-01
9.999999e-01
9.999999e-01
9.999999e-01
9.999999e-01
9.999999e-01
9.999999e-01
9.999999e-01
9.999999e-01
9.999999e-01
9.999999e-01
9.999999e-01
9.999999e-01
9.999999e-01
9.999999e-01
9.999999e-01
9.999999e-01
9.999999e-01
9.999999e-01
9.999999e-01
9.999999e-01
9.999999e-01
9.999999e-01
9.999999e-01
9.999999e-01
9.999999e-01
9.999999e-01
9.999999e-01
9.999999e-01
9.999999e-01
9.999999e-01
9.999999e-01
9.999999e-01
9.999999e-01
9.999999e-01
9.999999e-01
9.999999e-01
9.999999e-01
9.999999e-01
9.999999e-01
9.999999e-01
9.999999e-01
9.999999e-01
9.999999e-01
9.999999e-01
9.999999e-01
9.999999e-01
9.999999e-01
9.999999e-01
9.999999e-01
9.999999e-01
9.999999e-01
9.999999e-01
9.999999e-01
9.999999e-01
9.999999e-01
9.999999e-01
9.999999e-01
9.999999e-01
9.999999e-01
9.999999e-01
9.999999e-01
9.999999e-01
9.999999e-01
9.999999e-01
9.999999e-01
9.999999e-01
9.999999e-01
9.999999e-01
9.999999e-01
9.999999e-01
9.999999e-01
9.999999e-01
9.999999e-01
9.999999e-01
9.999999e-01
9.999999e-01
9.999999e-01
9.999999e-01
9.999999e-01
9.999999e-01
9.999999e-01
9.999999e-01
9.999999e-01
9.999999e-01
9.999999e-01
9.999999e-01
9.999999e-01
9.999999e-01
9.999999e-01
9.999999e-01
9.999999e-01
9.999999e-01
9.999999e-01
9.999999e-01
9.999999e-01
9.999999e-01
9.999999e-01
9.999999e-01
9.999999e-01
9.999999e-01
9.999999e-01
9.999999e-01
9.999999e-01
9.999999e-01
9.999999e-01
9.999999e-01
9.999999e-01
9.999999e-01
9.999999e-01
9.999999e-01
9.999999e-01
9.999999e-01
9.999999e-01
9.999999e-01
9.999999e-01
9.999999e-01
9.999999e-01
9.999999e-01
9.999999e-01
9.999999e-01
9.999999e-01
9.999999e-01
9.999999e-01
9.999999e-01
9.999999e-01
9.999999e-01
9.999999e-01
9.999999e-01
9.999999e-01
9.999999e-01
9.999999e-01
9.999999e-01
9.999999e-01
9.999999e-01
9.999999e-01
9.999999e-01
9.999999e-01
9.999999e-01
9.999999e-01
9.999999e-01
9.999999e-01
9.999999e-01
9.999999e-01
9.999999e-01
9.999999e-01
9.999999e-01
9.999999e-01
9.999999e-01
9.999999e-01
9.999999e-01
9.999999e-01
9.999999e-01
9.999999e-01
9.999999e-01
9.999999e-01
9.999999e-01
9.999999e-01
9.999999e-01
9.999999e-01
9.999999e-01
9.999999e-01
9.999999e-01
1.000000e+00
1.000000e+00
1.000000e+00
1.000000e+00
1.000000e+00
1.000000e+00
1.000000e+00
1.000000e+00
1.000000e+00
1.000000e+00
1.000000e+00
1.000000e+00
1.000000e+00
1.000000e+00
1.000000e+00
1.000000e+00
1.000000e+00
1.000000e+00
1.000000e+00
1.000000e+00
1.000000e+00
1.000000e+00
1.000000e+00
1.000000e+00
1.000000e+00
1.000000e+00
1.000000e+00
1.000000e+00
1.000000e+00
1.000000e+00
1.000000e+00
1.000000e+00
1.000000e+00
1.000000e+00
1.000000e+00
1.000000e+00
9.999999e-01
9.999999e-01
9.999999e-01
9.999998e-01
9.999997e-01
9.999995e-01
9.999992e-01
9.999986e-01
9.999978e-01
9.999963e-01
9.999940e-01
9.999901e-01
9.999837e-01
9.999731e-01
9.999557e-01
9.999270e-01
9.998796e-01
9.998016e-01
9.996729e-01
9.994609e-01
9.991114e-01
9.985358e-01
9.975883e-01
9.960300e-01
9.934714e-01
9.892815e-01
9.824502e-01
9.713911e-01
9.536913e-01
9.258766e-01
8.833981e-01
8.212750e-01
7.359473e-01
6.283185e-01
5.062522e-01
3.834359e-01
2.738870e-01
1.861853e-01
1.218539e-01
7.763018e-02
4.856862e-02
3.003228e-02
1.843332e-02
1.126206e-02
6.861190e-03
4.172789e-03
2.535088e-03
1.539145e-03
9.341057e-04
5.667736e-04
3.438438e-04
2.085817e-04
1.265232e-04
7.674579e-05
4.655184e-05
2.823753e-05
1.712901e-05
1.039134e-05
6.304717e-06
3.826138e-06
2.322822e-06
1.411107e-06
8.581544e-07
5.228599e-07
3.195292e-07
1.962868e-07
1.215760e-07
7.634185e-08
4.894836e-08
3.241065e-08
2.242470e-08
1.644269e-08
1.286092e-08
1.076114e-08
9.535502e-09
8.862993e-09
8.504199e-09
8.355899e-09
8.315973e-09
8.359713e-09
8.436990e-09
8.550608e-09
8.670835e-09
8.809416e-09
8.945220e-09
9.092262e-09
9.233522e-09
9.382966e-09
9.525915e-09
9.675542e-09
9.818753e-09
9.967752e-09
1.011066e-08
1.025874e-08
1.040111e-08
1.054815e-08
1.068986e-08
1.083583e-08
1.097681e-08
1.112167e-08
1.126187e-08
1.140562e-08
1.154499e-08
1.168762e-08
1.182611e-08
1.196761e-08
1.210519e-08
1.224553e-08
1.238217e-08
1.252135e-08
1.265701e-08
1.279501e-08
1.292965e-08
1.306645e-08
1.320005e-08
1.333564e-08
1.346815e-08
1.360251e-08
1.373392e-08
1.386703e-08
1.399731e-08
1.412914e-08
1.425826e-08
1.438881e-08
1.451672e-08
1.464597e-08
1.477267e-08
1.490059e-08
1.502604e-08
1.515261e-08
1.527679e-08
1.540200e-08
1.552488e-08
1.564871e-08
1.577027e-08
1.589269e-08
1.601290e-08
1.613390e-08
1.625274e-08
1.637229e-08
1.648974e-08
1.660783e-08
1.672386e-08
1.684047e-08
1.695506e-08
1.707017e-08
1.718329e-08
1.729689e-08
1.740852e-08
1.752058e-08
1.763071e-08
1.774121e-08
1.784981e-08
1.795873e-08
1.806579e-08
1.817312e-08
1.827860e-08
1.838432e-08
1.848822e-08
1.859230e-08
1.869459e-08
1.879702e-08
1.889769e-08
1.899846e-08
1.909747e-08
1.919656e-08
1.929391e-08
1.939129e-08
1.948696e-08
1.958263e-08
1.967659e-08
1.977053e-08
1.986277e-08
1.995496e-08
2.004546e-08
2.013588e-08
2.022464e-08
2.031328e-08
2.040026e-08
2.048710e-08
2.057230e-08
2.065733e-08
2.074072e-08
2.082392e-08
2.090550e-08
2.098686e-08
2.106660e-08
2.114611e-08
2.122400e-08
2.130164e-08
2.137767e-08
2.145343e-08
2.152758e-08
2.160144e-08
2.167371e-08
2.174566e-08
2.181602e-08
2.188605e-08
2.195449e-08
2.202258e-08
2.208910e-08
2.215525e-08
2.221982e-08
2.228401e-08
2.234663e-08
2.240885e-08
2.246950e-08
2.252975e-08
2.258842e-08
2.264668e-08
2.270337e-08
2.275962e-08
2.281431e-08
2.286855e-08
2.292124e-08
2.297346e-08
2.302412e-08
2.307432e-08
2.312296e-08
2.317111e-08
2.321771e-08
2.326382e-08
2.330838e-08
2.335243e-08
2.339494e-08
2.343693e-08
2.347738e-08
2.351730e-08
2.355567e-08
2.359352e-08
2.362982e-08
2.366558e-08
2.369980e-08
2.373348e-08
2.376561e-08
2.379718e-08
2.382722e-08
2.385670e-08
2.388463e-08
2.391200e-08
2.393783e-08
2.396310e-08
2.398682e-08
2.400996e-08
2.403157e-08
2.405259e-08
2.407208e-08
2.409098e-08
2.410835e-08
2.412513e-08
2.414037e-08
2.415502e-08
2.416813e-08
2.418064e-08
2.419162e-08
2.420201e-08
2.421085e-08
2.421910e-08
2.422581e-08
2.423193e-08
2.423650e-08
2.424048e-08
2.424291e-08
2.424475e-08
