1.432800e-08
1.432792e-08
1.432675e-08
1.432543e-08
1.432301e-08
1.432044e-08
1.431677e-08
1.431295e-08
1.430804e-08
1.430297e-08
1.429681e-08
1.429050e-08
1.428310e-08
1.427554e-08
1.426690e-08
1.425810e-08
1.424821e-08
1.423817e-08
1.422704e-08
1.421577e-08
1.420339e-08
1.419088e-08
1.417728e-08
1.416353e-08
1.414869e-08
1.413371e-08
1.411764e-08
1.410143e-08
1.408413e-08
1.406670e-08
1.404816e-08
1.402951e-08
1.400976e-08
1.398989e-08
1.396891e-08
1.394783e-08
1.392563e-08
1.390334e-08
1.387993e-08
1.385643e-08
1.383181e-08
1.380711e-08
1.378129e-08
1.375539e-08
1.372836e-08
1.370127e-08
1.367305e-08
1.364477e-08
1.361536e-08
1.358590e-08
1.355530e-08
1.352466e-08
1.349288e-08
1.346107e-08
1.342812e-08
1.339514e-08
1.336102e-08
1.332689e-08
1.329160e-08
1.325631e-08
1.321987e-08
1.318343e-08
1.314583e-08
1.310826e-08
1.306952e-08
1.303081e-08
1.299093e-08
1.295110e-08
1.291009e-08
1.286914e-08
1.282700e-08
1.278494e-08
1.274168e-08
1.269852e-08
1.265416e-08
1.260990e-08
1.256443e-08
1.251909e-08
1.247252e-08
1.242611e-08
1.237845e-08
1.233097e-08
1.228223e-08
1.223369e-08
1.218388e-08
1.213429e-08
1.208342e-08
1.203279e-08
1.198086e-08
1.192920e-08
1.187623e-08
1.182354e-08
1.176953e-08
1.171583e-08
1.166080e-08
1.160610e-08
1.155005e-08
1.149435e-08
1.143729e-08
1.138062e-08
1.132256e-08
1.126492e-08
1.120586e-08
1.114727e-08
1.108723e-08
1.102769e-08
1.096668e-08
1.090620e-08
1.084424e-08
1.078283e-08
1.071992e-08
1.065760e-08
1.059374e-08
1.053053e-08
1.046574e-08
1.040164e-08
1.033593e-08
1.027096e-08
1.020434e-08
1.013850e-08
1.007099e-08
1.000430e-08
9.935896e-09
9.868378e-09
9.799092e-09
9.730755e-09
9.660601e-09
9.591458e-09
9.520445e-09
9.450510e-09
9.378650e-09
9.307939e-09
9.235242e-09
9.163769e-09
9.090244e-09
9.018026e-09
8.943685e-09
8.870737e-09
8.795588e-09
8.721927e-09
8.645981e-09
8.571623e-09
8.494890e-09
8.419852e-09
8.342341e-09
8.266642e-09
8.188362e-09
8.112021e-09
8.032980e-09
7.956015e-09
7.876221e-09
7.798653e-09
7.718114e-09
7.639964e-09
7.558687e-09
7.479976e-09
7.397968e-09
7.318719e-09
7.235983e-09
7.156221e-09
7.072763e-09
6.992512e-09
6.908334e-09
6.827623e-09
6.742727e-09
6.661585e-09
6.575974e-09
6.494436e-09
6.408111e-09
6.326221e-09
6.239191e-09
6.157011e-09
6.069309e-09
5.986946e-09
5.898671e-09
5.816356e-09
5.727793e-09
5.646075e-09
5.558025e-09
5.478319e-09
5.392989e-09
5.319052e-09
5.242491e-09
5.184432e-09
5.133129e-09
5.118310e-09
5.137170e-09
5.239833e-09
5.451004e-09
5.872801e-09
6.608442e-09
7.897332e-09
1.006049e-08
1.370576e-08
1.975137e-08
2.980103e-08
4.640254e-08
7.385990e-08
1.191579e-07
1.939327e-07
3.172390e-07
5.206335e-07
8.559914e-07
1.409007e-06
2.320784e-06
3.824160e-06
6.302796e-06
1.038948e-05
1.712719e-05
2.823573e-05
4.655006e-05
7.674398e-05
1.265213e-04
2.085796e-04
3.438414e-04
5.667706e-04
9.341017e-04
1.539139e-03
2.535079e-03
4.172775e-03
6.861169e-03
1.126203e-02
1.843327e-02
3.003220e-02
4.856848e-02
7.762997e-02
1.218536e-01
1.861849e-01
2.738864e-01
3.834352e-01
5.062514e-01
6.283178e-01
7.359468e-01
8.212746e-01
8.833978e-01
9.258764e-01
9.536912e-01
9.713910e-01
9.824502e-01
9.892815e-01
9.934714e-01
9.960300e-01
9.975883e-01
9.985358e-01
9.991114e-01
9.994609e-01
9.996729e-01
9.998016e-01
9.998796e-01
9.999270e-01
9.999557e-01
9.999731e-01
9.999837e-01
9.999901e-01
9.999940e-01
9.999964e-01
9.999978e-01
9.999986e-01
9.999992e-01
9.999995e-01
9.999997e-01
9.999998e-01
9.999999e-01
9.999999e-01
9.999999e-01
1.000000e+00
1.000000e+00
1.000000e+00
1.000000e+00
1.000000e+00
1.000000e+00
1.000000e+00
1.000000e+00
1.000000e+00
1.000000e+00
1.000000e+00
1.000000e+00
1.000000e+00
1.000000e+00
1.000000e+00
1.000000e+00
1.000000e+00
1.000000e+00
1.000000e+00
1.000000e+00
1.000000e+00
1.000000e+00
1.000000e+00
1.000000e+00
1.000000e+00
1.000000e+00
1.000000e+00
1.000000e+00
1.000000e+00
1.000000e+00
1.000000e+00
1.000000e+00
1.000000e+00
1.000000e+00
1.000000e+00
1.000000e+00
1.000000e+00
1.000000e+00
1.000000e+00
1.000000e+00
1.000000e+00
1.000000e+00
1.000000e+00
1.000000e+00
1.000000e+00
1.000000e+00
1.000000e+00
1.000000e+00
1.000000e+00
1.000000e+00
1.000000e+00
1.000000e+00
1.000000e+00
1.000000e+00
1.000000e+00
1.000000e+00
1.000000e+00
1.000000e+00
1.000000e+00
1.000000e+00
1.000000e+00
1.000000e+00
1.000000e+00
1.000000e+00
1.000000e+00
1.000000e+00
1.000000e+00
1.000000e+00
1.000000e+00
1.000000e+00
1.000000e+00
9.999999e-01
9.999999e-01
9.999999e-01
9.999999e-01
9.999999e-01
9.999999e-01
9.999999e-01
9.999999e-01
9.999999e-01
9.999999e-01
9.999999e-01
9.999999e-01
9.999999e-01
9.999999e-01
9.999999e-01
9.999999e-01
9.999999e-01
9.999999e-01
9.999999e-01
9.999999e-01
9.999999e-01
9.999999e-01
9.999999e-01
9.999999e-01
9.999999e-01
9.999999e-01
9.999999e-01
9.999999e-01
9.999999e-01
9.999999e-01
9.999999e-01
9.999999e-01
9.999999e-01
9.999999e-01
9.999999e-01
9.999999e-01
9.999999e-01
9.999999e-01
9.999999e-01
9.999999e-01
9.999999e-01
9.999999e-01
9.999999e-01
9.999999e-01
9.999999e-01
9.999999e-01
9.999999e-01
9.999999e-01
9.999999e-01
9.999999e-01
9.999999e-01
9.999999e-01
9.999999e-01
9.999999e-01
9.999999e-01
9.999999e-01
9.999999e-01
9.999999e-01
9.999999e-01
9.999999e-01
9.999999e-01
9.999999e-01
9.999999e-01
9.999999e-01
9.999999e-01
9.999999e-01
9.999999e-01
9.999999e-01
9.999999e-01
9.999999e-01
9.999999e-01
9.999999e-01
9.999999e-01
9.999999e-01
9.999999e-01
9.999999e-01
9.999999e-01
9.999999e-01
9.999999e-01
9.999999e-01
9.999999e-01
9.999999e-01
9.999999e-01
9.999999e-01
9.999999e-01
9.999999e-01
9.999999e-01
9.999999e-01
9.999999e-01
9.999999e-01
9.999999e-01
9.999999e-01
9.999999e-01
9.999999e-01
9.999999e-01
9.999999e-01
9.999999e-01
9.999999e-01
9.999999e-01
9.999999e-01
9.999999e-01
9.999999e-01
9.999999e-01
9.999999e-01
9.999999e-01
9.999999e-01
9.999999e-01
9.999999e-01
9.999999e-01
9.999999e-01
9.999999e-01
9.999999e-01
9.999999e-01
9.999999e-01
9.999999e-01
9.999999e-01
9.999999e-01
9.999999e-01
9.999999e-01
9.999999e-01
9.999999e-01
9.999999e-01
9.999999e-01
9.999999e-01
9.999999e-01
9.999999e-01
9.999999e-01
9.999999e-01
9.999999e-01
9.999999e-01
9.999999e-01
9.999999e-01
9.999999e-01
9.999999e-01
9.999999e-01
9.999999e-01
9.999999e-01
9.999999e-01
9.999999e-01
9.999999e-01
9.999999e-01
9.999999e-01
9.999999e-01
9.999999e-01
9.999999e-01
9.999999e-01
9.999999e-01
9.999999e-01
9.999999e-01
9.999999e-01
9.999999e-01
9.999999e-01
9.999999e-01
9.999999e-01
9.999999e-01
9.999999e-01
9.999999e-01
9.999999e-01
9.999999e-01
9.999999e-01
9.999999e-01
9.999999e-01
9.999999e-01
9.999999e-01
9.999999e-01
9.999999e-01
9.999999e-01
9.999999e-01
9.999999e-01
9.999999e-01
9.999999e-01
9.999999e-01
9.999999e-01
9.999999e-01
9.999999e-01
9.999999e-01
9.999999e-01
9.999999e-01
9.999999e-01
9.999999e-01
9.999999e-01
9.999999e-01
9.999999e-01
9.999999e-01
9.999999e-01
9.999999e-01
9.999999e-01
9.999999e-01
9.999999e-01
9.999999e-01
9.999999e-01
9.999999e-01
9.999999e-01
9.999999e-01
9.999999e-01
9.999999e-01
9.999999e-01
9.999999e-01
9.999999e-01
9.999999e-01
9.999999e-01
9.999999e-01
9.999999e-01
9.999999e-01
9.999999e-01
9.999999e-01
9.999999e-01
9.999999e-01
9.999999e-01
9.999999e-01
9.999999e-01
9.999999e-01
9.999999e-01
9.999999e-01
9.999999e-01
9.999999e-01
9.999999e-01
9.999999e-01
9.999999e-01
9.999999e-01
9.999999e-01
9.999999e-01
9.999999e-01
9.999999e-01
9.999999e-01
9.999999e-01
9.999999e-01
9.999999e-01
9.999999e-01
9.999999e-01
9.999999e-01
9.999999e-01
9.999999e-01
9.999999e-01
9.999999e-01
9.999999e-01
9.999999e-01
9.999999e-01
9.999999e-01
9.999999e-01
9.999999e-01
9.999999e-01
9.999999e-01
9.999999e-01
9.999999e-01
9.999999e-01
9.999999e-01
9.999999e-01
9.999999e-01
9.999999e-01
9.999999e-01
9.999999e-01
9.999999e-01
9.999999e-01
9.999999e-01
9.999999e-01
9.999999e-01
9.999999e-01
9.999999e-01
9.999999e-01
9.999999e-01
9.999999e-01
9.999999e-01
9.999999e-01
9.999999e-01
9.999999e-01
9.999999e-01
9.999999e-01
9.999999e-01
9.999999e-01
9.999999e-01
9.999999e-01
9.999999e-01
9.999999e-01
9.999999e-01
9.999999e-01
9.999999e-01
9.999999e-01
9.999999e-01
9.999999e-01
9.999999e-01
9.999999e-01
9.999999e-01
9.999999e-01
9.999999e-01
9.999999e-01
9.999999e-01
9.999999e-01
9.999999e-01
9.999999e-01
9.999999e-01
9.999999e-01
9.999999e-01
9.999999e-01
9.999999e-01
9.999999e-01
9.999999e-01
9.999999e-01
9.999999e-01
9.999999e-01
9.999999e-01
9.999999e-01
9.999999e-01
9.999999e-01
9.999999e-01
9.999999e-01
9.999999e-01
9.999999e-01
9.999999e-01
9.999999e-01
9.999999e-01
9.999999e-01
9.999999e-01
9.999999e-01
9.999999e-01
9.999999e-01
9.999999e-01
9.999999e-01
9.999999e-01
9.999999e-01
9.999999e-01
9.999999e-01
9.999999e-01
9.999999e-01
9.999999e-01
9.999999e-01
9.999999e-01
9.999999e-01
9.999999e-01
9.999999e-01
9.999999e-01
9.999999e-01
9.999999e-01
9.999999e-01
9.999999e-01
9.999999e-01
9.999999e-01
9.999999e-01
9.999999e-01
9.999999e-01
9.999999e-01
9.999999e-01
9.999999e-01
9.999999e-01
9.999999e-01
9.999999e-01
9.999999e-01
9.999999e-01
9.999999e-01
9.999999e-01
9.999999e-01
9.999999e-01
9.999999e-01
1.000000e+00
1.000000e+00
1.000000e+00
1.000000e+00
1.000000e+00
1.000000e+00
1.000000e+00
1.000000e+00
1.000000e+00
1.000000e+00
1.000000e+00
1.000000e+00
1.000000e+00
1.000000e+00
1.000000e+00
1.000000e+00
1.000000e+00
1.000000e+00
1.000000e+00
1.000000e+00
1.000000e+00
1.000000e+00
1.000000e+00
1.000000e+00
1.000000e+00
1.000000e+00
1.000000e+00
1.000000e+00
1.000000e+00
1.000000e+00
1.000000e+00
1.000000e+00
1.000000e+00
1.000000e+00
1.000000e+00
1.000000e+00
1.000000e+00
1.000000e+00
1.000000e+00
1.000000e+00
1.000000e+00
1.000000e+00
1.000000e+00
1.000000e+00
1.000000e+00
1.000000e+00
1.000000e+00
1.000000e+00
1.000000e+00
1.000000e+00
1.000000e+00
1.000000e+00
1.000000e+00
1.000000e+00
1.000000e+00
1.000000e+00
1.000000e+00
1.000000e+00
1.000000e+00
1.000000e+00
1.000000e+00
1.000000e+00
1.000000e+00
1.000000e+00
1.000000e+00
1.000000e+00
1.000000e+00
1.000000e+00
1.000000e+00
1.000000e+00
1.000000e+00
9.999999e-01
9.999999e-01
9.999999e-01
9.999998e-01
9.999997e-01
9.999995e-01
9.999992e-01
9.999986e-01
9.999978e-01
9.999964e-01
9.999940e-01
9.999901e-01
9.999837e-01
9.999731e-01
9.999557e-01
9.999270e-01
9.998796e-01
9.998016e-01
9.996729e-01
9.994609e-01
9.991114e-01
9.985358e-01
9.975883e-01
9.960300e-01
9.934714e-01
9.892815e-01
9.824502e-01
9.713910e-01
9.536912e-01
9.258764e-01
8.833978e-01
8.212746e-01
7.359468e-01
6.283178e-01
5.062514e-01
3.834352e-01
2.738864e-01
1.861849e-01
1.218536e-01
7.762997e-02
4.856848e-02
3.003220e-02
1.843327e-02
1.126203e-02
6.861169e-03
4.172775e-03
2.535079e-03
1.539139e-03
9.341017e-04
5.667706e-04
3.438414e-04
2.085796e-04
1.265213e-04
7.674398e-05
4.655006e-05
2.823573e-05
1.712719e-05
1.038948e-05
6.302796e-06
3.824160e-06
2.320784e-06
1.409007e-06
8.559915e-07
5.206335e-07
3.172390e-07
1.939327e-07
1.191580e-07
7.385993e-08
4.640256e-08
2.980106e-08
1.975140e-08
1.370579e-08
1.006053e-08
7.897367e-09
6.608479e-09
5.872840e-09
5.451044e-09
5.239874e-09
5.137213e-09
5.118355e-09
5.133175e-09
5.184479e-09
5.242539e-09
5.319102e-09
5.393040e-09
5.478370e-09
5.558077e-09
5.646128e-09
5.727847e-09
5.816411e-09
5.898727e-09
5.987004e-09
6.069367e-09
6.157069e-09
6.239250e-09
6.326281e-09
6.408172e-09
6.494498e-09
6.576036e-09
6.661649e-09
6.742791e-09
6.827688e-09
6.908400e-09
6.992579e-09
7.072830e-09
7.156289e-09
7.236052e-09
7.318788e-09
7.398038e-09
7.480047e-09
7.558758e-09
7.640035e-09
7.718186e-09
7.798724e-09
7.876292e-09
7.956086e-09
8.033050e-09
8.112091e-09
8.188431e-09
8.266711e-09
8.342409e-09
8.419919e-09
8.494956e-09
8.571688e-09
8.646045e-09
8.721990e-09
8.795650e-09
8.870797e-09
8.943744e-09
9.018084e-09
9.090302e-09
9.163825e-09
9.235296e-09
9.307992e-09
9.378702e-09
9.450561e-09
9.520493e-09
9.591504e-09
9.660646e-09
9.730799e-09
9.799135e-09
9.868419e-09
9.935935e-09
1.000434e-08
1.007102e-08
1.013854e-08
1.020437e-08
1.027099e-08
1.033596e-08
1.040167e-08
1.046577e-08
1.053055e-08
1.059377e-08
1.065762e-08
1.071994e-08
1.078285e-08
1.084426e-08
1.090622e-08
1.096670e-08
1.102770e-08
1.108725e-08
1.114728e-08
1.120588e-08
1.126493e-08
1.132257e-08
1.138063e-08
1.143730e-08
1.149436e-08
1.155005e-08
1.160610e-08
1.166080e-08
1.171584e-08
1.176954e-08
1.182354e-08
1.187623e-08
1.192920e-08
1.198086e-08
1.203279e-08
1.208342e-08
1.213429e-08
1.218388e-08
1.223369e-08
1.228223e-08
1.233097e-08
1.237845e-08
1.242611e-08
1.247252e-08
1.251909e-08
1.256443e-08
1.260990e-08
1.265415e-08
1.269852e-08
1.274168e-08
1.278494e-08
1.282700e-08
1.286914e-08
1.291008e-08
1.295110e-08
1.299093e-08
1.303081e-08
1.306951e-08
1.310826e-08
1.314583e-08
1.318343e-08
1.321986e-08
1.325631e-08
1.329160e-08
1.332688e-08
1.336102e-08
1.339514e-08
1.342812e-08
1.346107e-08
1.349288e-08
1.352466e-08
1.355530e-08
1.358590e-08
1.361536e-08
1.364477e-08
1.367305e-08
1.370127e-08
1.372837e-08
1.375539e-08
1.378129e-08
1.380711e-08
1.383181e-08
1.385643e-08
1.387993e-08
1.390334e-08
1.392564e-08
1.394783e-08
1.396892e-08
1.398989e-08
1.400976e-08
1.402952e-08
1.404817e-08
1.406671e-08
1.408413e-08
1.410144e-08
1.411764e-08
1.413372e-08
1.414870e-08
1.416354e-08
1.417728e-08
1.419089e-08
1.420340e-08
1.421578e-08
1.422705e-08
1.423818e-08
1.424822e-08
1.425811e-08
1.426691e-08
1.427555e-08
1.428311e-08
1.429051e-08
1.429682e-08
1.430298e-08
1.430804e-08
1.431296e-08
1.431678e-08
1.432044e-08
1.432301e-08
1.432543e-08
1.432676e-08
1.432793e-08
