1.706129e-08
1.706115e-08
1.705979e-08
1.705816e-08
1.705532e-08
1.705219e-08
1.704785e-08
1.704324e-08
1.703741e-08
1.703131e-08
1.702399e-08
1.701639e-08
1.700758e-08
1.699850e-08
1.698821e-08
1.697764e-08
1.696586e-08
1.695381e-08
1.694054e-08
1.692701e-08
1.691227e-08
1.689726e-08
1.688103e-08
1.686455e-08
1.684684e-08
1.682888e-08
1.680971e-08
1.679028e-08
1.676963e-08
1.674874e-08
1.672663e-08
1.670427e-08
1.668069e-08
1.665688e-08
1.663185e-08
1.660658e-08
1.658009e-08
1.655338e-08
1.652544e-08
1.649728e-08
1.646789e-08
1.643830e-08
1.640747e-08
1.637645e-08
1.634418e-08
1.631173e-08
1.627804e-08
1.624417e-08
1.620905e-08
1.617376e-08
1.613723e-08
1.610053e-08
1.606259e-08
1.602449e-08
1.598514e-08
1.594565e-08
1.590490e-08
1.586402e-08
1.582188e-08
1.577963e-08
1.573610e-08
1.569248e-08
1.564758e-08
1.560259e-08
1.555632e-08
1.550997e-08
1.546234e-08
1.541465e-08
1.536567e-08
1.531665e-08
1.526632e-08
1.521596e-08
1.516430e-08
1.511263e-08
1.505964e-08
1.500666e-08
1.495235e-08
1.489807e-08
1.484245e-08
1.478688e-08
1.472997e-08
1.467312e-08
1.461492e-08
1.455680e-08
1.449732e-08
1.443795e-08
1.437720e-08
1.431658e-08
1.425457e-08
1.419272e-08
1.412946e-08
1.406639e-08
1.400189e-08
1.393761e-08
1.387189e-08
1.380640e-08
1.373946e-08
1.367279e-08
1.360465e-08
1.353681e-08
1.346748e-08
1.339847e-08
1.332796e-08
1.325780e-08
1.318612e-08
1.311484e-08
1.304200e-08
1.296959e-08
1.289561e-08
1.282209e-08
1.274698e-08
1.267237e-08
1.259613e-08
1.252045e-08
1.244310e-08
1.236636e-08
1.228792e-08
1.221012e-08
1.213060e-08
1.205177e-08
1.197118e-08
1.189134e-08
1.180969e-08
1.172884e-08
1.164615e-08
1.156432e-08
1.148059e-08
1.139780e-08
1.131305e-08
1.122930e-08
1.114355e-08
1.105887e-08
1.097213e-08
1.088653e-08
1.079881e-08
1.071231e-08
1.062362e-08
1.053625e-08
1.044660e-08
1.035837e-08
1.026777e-08
1.017870e-08
1.008718e-08
9.997287e-09
9.904848e-09
9.814155e-09
9.720810e-09
9.629337e-09
9.535097e-09
9.442868e-09
9.347744e-09
9.254781e-09
9.158783e-09
9.065110e-09
8.968248e-09
8.873889e-09
8.776172e-09
8.681154e-09
8.582589e-09
8.486938e-09
8.387533e-09
8.291278e-09
8.191038e-09
8.094209e-09
7.993140e-09
7.895771e-09
7.793877e-09
7.696004e-09
7.593290e-09
7.494961e-09
7.391440e-09
7.292718e-09
7.188426e-09
7.089424e-09
6.984461e-09
6.885411e-09
6.780066e-09
6.681521e-09
6.576598e-09
6.479975e-09
6.377686e-09
6.286746e-09
6.193139e-09
6.117994e-09
6.049565e-09
6.017580e-09
6.019235e-09
6.104655e-09
6.298546e-09
6.703026e-09
7.421316e-09
8.692819e-09
1.083856e-08
1.446637e-08
2.049450e-08
3.052665e-08
4.711062e-08
7.455044e-08
1.198309e-07
1.945881e-07
3.178768e-07
5.212538e-07
8.565944e-07
1.409593e-06
2.321352e-06
3.824712e-06
6.303333e-06
1.039000e-05
1.712770e-05
2.823624e-05
4.655056e-05
7.674449e-05
1.265218e-04
2.085802e-04
3.438420e-04
5.667715e-04
9.341029e-04
1.539141e-03
2.535082e-03
4.172779e-03
6.861175e-03
1.126204e-02
1.843329e-02
3.003222e-02
4.856852e-02
7.763003e-02
1.218537e-01
1.861850e-01
2.738866e-01
3.834354e-01
5.062517e-01
6.283180e-01
7.359469e-01
8.212747e-01
8.833978e-01
9.258765e-01
9.536912e-01
9.713910e-01
9.824502e-01
9.892815e-01
9.934714e-01
9.960300e-01
9.975883e-01
9.985358e-01
9.991114e-01
9.994609e-01
9.996729e-01
9.998016e-01
9.998796e-01
9.999270e-01
9.999557e-01
9.999731e-01
9.999837e-01
9.999901e-01
9.999940e-01
9.999964e-01
9.999978e-01
9.999986e-01
9.999992e-01
9.999995e-01
9.999997e-01
9.999998e-01
9.999999e-01
9.999999e-01
9.999999e-01
1.000000e+00
1.000000e+00
1.000000e+00
1.000000e+00
1.000000e+00
1.000000e+00
1.000000e+00
1.000000e+00
1.000000e+00
1.000000e+00
1.000000e+00
1.000000e+00
1.000000e+00
1.000000e+00
1.000000e+00
1.000000e+00
1.000000e+00
1.000000e+00
1.000000e+00
1.000000e+00
1.000000e+00
1.000000e+00
1.000000e+00
1.000000e+00
1.000000e+00
1.000000e+00
1.000000e+00
1.000000e+00
1.000000e+00
1.000000e+00
1.000000e+00
1.000000e+00
1.000000e+00
1.000000e+00
1.000000e+00
1.000000e+00
1.000000e+00
1.000000e+00
1.000000e+00
1.000000e+00
1.000000e+00
1.000000e+00
1.000000e+00
1.000000e+00
1.000000e+00
1.000000e+00
1.000000e+00
1.000000e+00
1.000000e+00
1.000000e+00
1.000000e+00
1.000000e+00
1.000000e+00
1.000000e+00
1.000000e+00
1.000000e+00
1.000000e+00
9.999999e-01
9.999999e-01
9.999999e-01
9.999999e-01
9.999999e-01
9.999999e-01
9.999999e-01
9.999999e-01
9.999999e-01
9.999999e-01
9.999999e-01
9.999999e-01
9.999999e-01
9.999999e-01
9.999999e-01
9.999999e-01
9.999999e-01
9.999999e-01
9.999999e-01
9.999999e-01
9.999999e-01
9.999999e-01
9.999999e-01
9.999999e-01
9.999999e-01
9.999999e-01
9.999999e-01
9.999999e-01
9.999999e-01
9.999999e-01
9.999999e-01
9.999999e-01
9.999999e-01
9.999999e-01
9.999999e-01
9.999999e-01
9.999999e-01
9.999999e-01
9.999999e-01
9.999999e-01
9.999999e-01
9.999999e-01
9.999999e-01
9.999999e-01
9.999999e-01
9.999999e-01
9.999999e-01
9.999999e-01
9.999999e-01
9.999999e-01
9.999999e-01
9.999999e-01
9.999999e-01
9.999999e-01
9.999999e-01
9.999999e-01
9.999999e-01
9.999999e-01
9.999999e-01
9.999999e-01
9.999999e-01
9.999999e-01
9.999999e-01
9.999999e-01
9.999999e-01
9.999999e-01
9.999999e-01
9.999999e-01
9.999999e-01
9.999999e-01
9.999999e-01
9.999999e-01
9.999999e-01
9.999999e-01
9.999999e-01
9.999999e-01
9.999999e-01
9.999999e-01
9.999999e-01
9.999999e-01
9.999999e-01
9.999999e-01
9.999999e-01
9.999999e-01
9.999999e-01
9.999999e-01
9.999999e-01
9.999999e-01
9.999999e-01
9.999999e-01
9.999999e-01
9.999999e-01
9.999999e-01
9.999999e-01
9.999999e-01
9.999999e-01
9.999999e-01
9.999999e-01
9.999999e-01
9.999999e-01
9.999999e-01
9.999999e-01
9.999999e-01
9.999999e-01
9.999999e-01
9.999999e-01
9.999999e-01
9.999999e-01
9.999999e-01
9.999999e-01
9.999999e-01
9.999999e-01
9.999999e-01
9.999999e-01
9.999999e-01
9.999999e-01
9.999999e-01
9.999999e-01
9.999999e-01
9.999999e-01
9.999999e-01
9.999999e-01
9.999999e-01
9.999999e-01
9.999999e-01
9.999999e-01
9.999999e-01
9.999999e-01
9.999999e-01
9.999999e-01
9.999999e-01
9.999999e-01
9.999999e-01
9.999999e-01
9.999999e-01
9.999999e-01
9.999999e-01
9.999999e-01
9.999999e-01
9.999999e-01
9.999999e-01
9.999999e-01
9.999999e-01
9.999999e-01
9.999999e-01
9.999999e-01
9.999999e-01
9.999999e-01
9.999999e-01
9.999999e-01
9.999999e-01
9.999999e-01
9.999999e-01
9.999999e-01
9.999999e-01
9.999999e-01
9.999999e-01
9.999999e-01
9.999999e-01
9.999999e-01
9.999999e-01
9.999999e-01
9.999999e-01
9.999999e-01
9.999999e-01
9.999999e-01
9.999999e-01
9.999999e-01
9.999999e-01
9.999999e-01
9.999999e-01
9.999999e-01
9.999999e-01
9.999999e-01
9.999999e-01
9.999999e-01
9.999999e-01
9.999999e-01
9.999999e-01
9.999999e-01
9.999999e-01
9.999999e-01
9.999999e-01
9.999999e-01
9.999999e-01
9.999999e-01
9.999999e-01
9.999999e-01
9.999999e-01
9.999999e-01
9.999999e-01
9.999999e-01
9.999999e-01
9.999999e-01
9.999999e-01
9.999999e-01
9.999999e-01
9.999999e-01
9.999999e-01
9.999999e-01
9.999999e-01
9.999999e-01
9.999999e-01
9.999999e-01
9.999999e-01
9.999999e-01
9.999999e-01
9.999999e-01
9.999999e-01
9.999999e-01
9.999999e-01
9.999999e-01
9.999999e-01
9.999999e-01
9.999999e-01
9.999999e-01
9.999999e-01
9.999999e-01
9.999999e-01
9.999999e-01
9.999999e-01
9.999999e-01
9.999999e-01
9.999999e-01
9.999999e-01
9.999999e-01
9.999999e-01
9.999999e-01
9.999999e-01
9.999999e-01
9.999999e-01
9.999999e-01
9.999999e-01
9.999999e-01
9.999999e-01
9.999999e-01
9.999999e-01
9.999999e-01
9.999999e-01
9.999999e-01
9.999999e-01
9.999999e-01
9.999999e-01
9.999999e-01
9.999999e-01
9.999999e-01
9.999999e-01
9.999999e-01
9.999999e-01
9.999999e-01
9.999999e-01
9.999999e-01
9.999999e-01
9.999999e-01
9.999999e-01
9.999999e-01
9.999999e-01
9.999999e-01
9.999999e-01
9.999999e-01
9.999999e-01
9.999999e-01
9.999999e-01
9.999999e-01
9.999999e-01
9.999999e-01
9.999999e-01
9.999999e-01
9.999999e-01
9.999999e-01
9.999999e-01
9.999999e-01
9.999999e-01
9.999999e-01
9.999999e-01
9.999999e-01
9.999999e-01
9.999999e-01
9.999999e-01
9.999999e-01
9.999999e-01
9.999999e-01
9.999999e-01
9.999999e-01
9.999999e-01
9.999999e-01
9.999999e-01
9.999999e-01
9.999999e-01
9.999999e-01
9.999999e-01
9.999999e-01
9.999999e-01
9.999999e-01
9.999999e-01
9.999999e-01
9.999999e-01
9.999999e-01
9.999999e-01
9.999999e-01
9.999999e-01
9.999999e-01
9.999999e-01
9.999999e-01
9.999999e-01
9.999999e-01
9.999999e-01
9.999999e-01
9.999999e-01
9.999999e-01
9.999999e-01
9.999999e-01
9.999999e-01
9.999999e-01
9.999999e-01
9.999999e-01
9.999999e-01
9.999999e-01
9.999999e-01
9.999999e-01
9.999999e-01
9.999999e-01
9.999999e-01
9.999999e-01
9.999999e-01
9.999999e-01
9.999999e-01
9.999999e-01
9.999999e-01
9.999999e-01
9.999999e-01
9.999999e-01
9.999999e-01
9.999999e-01
9.999999e-01
9.999999e-01
9.999999e-01
9.999999e-01
9.999999e-01
9.999999e-01
9.999999e-01
9.999999e-01
9.999999e-01
9.999999e-01
9.999999e-01
9.999999e-01
9.999999e-01
9.999999e-01
9.999999e-01
9.999999e-01
9.999999e-01
9.999999e-01
9.999999e-01
9.999999e-01
9.999999e-01
9.999999e-01
9.999999e-01
9.999999e-01
9.999999e-01
9.999999e-01
9.999999e-01
9.999999e-01
9.999999e-01
9.999999e-01
9.999999e-01
9.999999e-01
9.999999e-01
9.999999e-01
9.999999e-01
9.999999e-01
9.999999e-01
9.999999e-01
9.999999e-01
9.999999e-01
9.999999e-01
9.999999e-01
9.999999e-01
9.999999e-01
9.999999e-01
9.999999e-01
9.999999e-01
1.000000e+00
1.000000e+00
1.000000e+00
1.000000e+00
1.000000e+00
1.000000e+00
1.000000e+00
1.000000e+00
1.000000e+00
1.000000e+00
1.000000e+00
1.000000e+00
1.000000e+00
1.000000e+00
1.000000e+00
1.000000e+00
1.000000e+00
1.000000e+00
1.000000e+00
1.000000e+00
1.000000e+00
1.000000e+00
1.000000e+00
1.000000e+00
1.000000e+00
1.000000e+00
1.000000e+00
1.000000e+00
1.000000e+00
1.000000e+00
1.000000e+00
1.000000e+00
1.000000e+00
1.000000e+00
1.000000e+00
1.000000e+00
1.000000e+00
1.000000e+00
1.000000e+00
1.000000e+00
1.000000e+00
1.000000e+00
1.000000e+00
1.000000e+00
1.000000e+00
1.000000e+00
1.000000e+00
1.000000e+00
1.000000e+00
1.000000e+00
1.000000e+00
1.000000e+00
1.000000e+00
1.000000e+00
1.000000e+00
1.000000e+00
1.000000e+00
9.999999e-01
9.999999e-01
9.999999e-01
9.999998e-01
9.999997e-01
9.999995e-01
9.999992e-01
9.999986e-01
9.999978e-01
9.999964e-01
9.999940e-01
9.999901e-01
9.999837e-01
9.999731e-01
9.999557e-01
9.999270e-01
9.998796e-01
9.998016e-01
9.996729e-01
9.994609e-01
9.991114e-01
9.985358e-01
9.975883e-01
9.960300e-01
9.934714e-01
9.892815e-01
9.824502e-01
9.713910e-01
9.536912e-01
9.258765e-01
8.833978e-01
8.212747e-01
7.359469e-01
6.283180e-01
5.062517e-01
3.834354e-01
2.738866e-01
1.861850e-01
1.218537e-01
7.763003e-02
4.856852e-02
3.003222e-02
1.843329e-02
1.126204e-02
6.861175e-03
4.172779e-03
2.535082e-03
1.539141e-03
9.341029e-04
5.667715e-04
3.438420e-04
2.085802e-04
1.265218e-04
7.674449e-05
4.655056e-05
2.823624e-05
1.712770e-05
1.039000e-05
6.303333e-06
3.824712e-06
2.321353e-06
1.409593e-06
8.565944e-07
5.212538e-07
3.178768e-07
1.945881e-07
1.198309e-07
7.455047e-08
4.711065e-08
3.052668e-08
2.049453e-08
1.446641e-08
1.083859e-08
8.692856e-09
7.421354e-09
6.703066e-09
6.298587e-09
6.104697e-09
6.019278e-09
6.017625e-09
6.049611e-09
6.118042e-09
6.193188e-09
6.286795e-09
6.377737e-09
6.480027e-09
6.576650e-09
6.681574e-09
6.780121e-09
6.885466e-09
6.984518e-09
7.089481e-09
7.188484e-09
7.292778e-09
7.391500e-09
7.495022e-09
7.593352e-09
7.696067e-09
7.793940e-09
7.895835e-09
7.993205e-09
8.094275e-09
8.191105e-09
8.291345e-09
8.387601e-09
8.487007e-09
8.582658e-09
8.681224e-09
8.776242e-09
8.873960e-09
8.968319e-09
9.065181e-09
9.158854e-09
9.254852e-09
9.347815e-09
9.442939e-09
9.535167e-09
9.629407e-09
9.720878e-09
9.814223e-09
9.904916e-09
9.997354e-09
1.008725e-08
1.017877e-08
1.026784e-08
1.035843e-08
1.044666e-08
1.053631e-08
1.062368e-08
1.071237e-08
1.079886e-08
1.088659e-08
1.097218e-08
1.105892e-08
1.114360e-08
1.122935e-08
1.131310e-08
1.139784e-08
1.148064e-08
1.156436e-08
1.164619e-08
1.172888e-08
1.180973e-08
1.189138e-08
1.197122e-08
1.205181e-08
1.213063e-08
1.221016e-08
1.228795e-08
1.236639e-08
1.244313e-08
1.252048e-08
1.259616e-08
1.267239e-08
1.274700e-08
1.282211e-08
1.289563e-08
1.296961e-08
1.304201e-08
1.311485e-08
1.318614e-08
1.325782e-08
1.332797e-08
1.339848e-08
1.346749e-08
1.353682e-08
1.360466e-08
1.367280e-08
1.373947e-08
1.380641e-08
1.387189e-08
1.393761e-08
1.400190e-08
1.406639e-08
1.412946e-08
1.419272e-08
1.425457e-08
1.431658e-08
1.437720e-08
1.443795e-08
1.449732e-08
1.455680e-08
1.461492e-08
1.467312e-08
1.472997e-08
1.478688e-08
1.484245e-08
1.489807e-08
1.495235e-08
1.500665e-08
1.505963e-08
1.511262e-08
1.516430e-08
1.521596e-08
1.526631e-08
1.531664e-08
1.536567e-08
1.541465e-08
1.546234e-08
1.550997e-08
1.555631e-08
1.560258e-08
1.564757e-08
1.569247e-08
1.573610e-08
1.577963e-08
1.582188e-08
1.586402e-08
1.590490e-08
1.594565e-08
1.598514e-08
1.602449e-08
1.606258e-08
1.610053e-08
1.613723e-08
1.617376e-08
1.620905e-08
1.624417e-08
1.627804e-08
1.631173e-08
1.634418e-08
1.637645e-08
1.640747e-08
1.643830e-08
1.646790e-08
1.649729e-08
1.652544e-08
1.655338e-08
1.658010e-08
1.660659e-08
1.663185e-08
1.665689e-08
1.668070e-08
1.670428e-08
1.672663e-08
1.674875e-08
1.676964e-08
1.679029e-08
1.680972e-08
1.682889e-08
1.684685e-08
1.686456e-08
1.688104e-08
1.689727e-08
1.691228e-08
1.692702e-08
1.694055e-08
1.695382e-08
1.696587e-08
1.697765e-08
1.698822e-08
1.699851e-08
1.700759e-08
1.701640e-08
1.702399e-08
1.703131e-08
1.703742e-08
1.704325e-08
1.704786e-08
1.705220e-08
1.705532e-08
1.705816e-08
1.705979e-08
1.706115e-08
