4.729979e-05
4.729868e-05
4.729533e-05
4.728975e-05
4.728193e-05
4.727189e-05
4.725961e-05
4.724510e-05
4.722836e-05
4.720940e-05
4.718820e-05
4.716478e-05
4.713913e-05
4.711125e-05
4.708115e-05
4.704883e-05
4.701429e-05
4.697753e-05
4.693855e-05
4.689736e-05
4.685395e-05
4.680833e-05
4.676050e-05
4.671047e-05
4.665822e-05
4.660378e-05
4.654714e-05
4.648830e-05
4.642726e-05
4.636404e-05
4.629862e-05
4.623102e-05
4.616124e-05
4.608928e-05
4.601514e-05
4.593884e-05
4.586036e-05
4.577972e-05
4.569692e-05
4.561196e-05
4.552485e-05
4.543559e-05
4.534418e-05
4.525064e-05
4.515496e-05
4.505715e-05
4.495721e-05
4.485515e-05
4.475097e-05
4.464468e-05
4.453629e-05
4.442579e-05
4.431320e-05
4.419851e-05
4.408174e-05
4.396289e-05
4.384196e-05
4.371896e-05
4.359390e-05
4.346679e-05
4.333762e-05
4.320641e-05
4.307316e-05
4.293787e-05
4.280056e-05
4.266123e-05
4.251989e-05
4.237654e-05
4.223119e-05
4.208385e-05
4.193452e-05
4.178321e-05
4.162993e-05
4.147469e-05
4.131749e-05
4.115834e-05
4.099725e-05
4.083422e-05
4.066927e-05
4.050240e-05
4.033362e-05
4.016293e-05
3.999035e-05
3.981589e-05
3.963954e-05
3.946133e-05
3.928125e-05
3.909932e-05
3.891555e-05
3.872994e-05
3.854250e-05
3.835324e-05
3.816218e-05
3.796931e-05
3.777466e-05
3.757822e-05
3.738001e-05
3.718004e-05
3.697831e-05
3.677484e-05
3.656963e-05
3.636270e-05
3.615406e-05
3.594371e-05
3.573166e-05
3.551793e-05
3.530252e-05
3.508545e-05
3.486672e-05
3.464636e-05
3.442435e-05
3.420072e-05
3.397548e-05
3.374864e-05
3.352021e-05
3.329020e-05
3.305861e-05
3.282547e-05
3.259078e-05
3.235456e-05
3.211681e-05
3.187754e-05
3.163677e-05
3.139451e-05
3.115077e-05
3.090557e-05
3.065890e-05
3.041079e-05
3.016125e-05
2.991028e-05
2.965791e-05
2.940414e-05
2.914898e-05
2.889245e-05
2.863455e-05
2.837531e-05
2.811473e-05
2.785283e-05
2.758961e-05
2.732510e-05
2.705929e-05
2.679221e-05
2.652387e-05
2.625428e-05
2.598345e-05
2.571140e-05
2.543814e-05
2.516368e-05
2.488803e-05
2.461122e-05
2.433324e-05
2.405412e-05
2.377386e-05
2.349249e-05
2.321001e-05
2.292643e-05
2.264178e-05
2.235606e-05
2.206929e-05
2.178148e-05
2.149265e-05
2.120280e-05
2.091196e-05
2.062013e-05
2.032733e-05
2.003358e-05
1.973888e-05
1.944325e-05
1.914671e-05
1.884927e-05
1.855094e-05
1.825174e-05
1.795168e-05
1.765078e-05
1.734905e-05
1.704650e-05
1.674315e-05
1.643902e-05
1.613411e-05
1.582845e-05
1.552204e-05
1.521492e-05
1.490707e-05
1.459855e-05
1.428934e-05
1.397951e-05
1.366905e-05
1.335803e-05
1.304649e-05
1.273456e-05
1.242234e-05
1.211008e-05
1.179814e-05
1.148712e-05
1.117796e-05
1.087228e-05
1.057263e-05
1.028333e-05
1.001137e-05
9.768387e-06
9.573417e-06
9.457990e-06
9.473925e-06
9.706805e-06
1.029755e-05
1.147867e-05
1.363328e-05
1.739324e-05
2.380002e-05
3.457088e-05
5.253652e-05
8.236374e-05
1.317447e-04
2.133578e-04
3.480936e-04
5.703637e-04
9.368156e-04
1.540611e-03
2.534713e-03
4.169593e-03
6.853577e-03
1.124745e-02
1.840763e-02
2.998915e-02
4.849862e-02
7.752034e-02
1.216886e-01
1.859501e-01
2.735774e-01
3.830670e-01
5.058614e-01
6.279528e-01
7.356425e-01
8.210442e-01
8.832356e-01
9.257678e-01
9.536207e-01
9.713461e-01
9.824217e-01
9.892633e-01
9.934596e-01
9.960221e-01
9.975827e-01
9.985316e-01
9.991080e-01
9.994579e-01
9.996702e-01
9.997989e-01
9.998770e-01
9.999243e-01
9.999529e-01
9.999703e-01
9.999808e-01
9.999871e-01
9.999908e-01
9.999931e-01
9.999944e-01
9.999952e-01
9.999956e-01
9.999958e-01
9.999959e-01
9.999959e-01
9.999958e-01
9.999958e-01
9.999957e-01
9.999956e-01
9.999955e-01
9.999954e-01
9.999953e-01
9.999951e-01
9.999950e-01
9.999949e-01
9.999948e-01
9.999947e-01
9.999946e-01
9.999945e-01
9.999944e-01
9.999943e-01
9.999942e-01
9.999940e-01
9.999939e-01
9.999938e-01
9.999937e-01
9.999936e-01
9.999935e-01
9.999934e-01
9.999933e-01
9.999932e-01
9.999931e-01
9.999930e-01
9.999928e-01
9.999927e-01
9.999926e-01
9.999925e-01
9.999924e-01
9.999923e-01
9.999922e-01
9.999921e-01
9.999920e-01
9.999919e-01
9.999918e-01
9.999917e-01
9.999916e-01
9.999915e-01
9.999914e-01
9.999913e-01
9.999912e-01
9.999911e-01
9.999910e-01
9.999908e-01
9.999907e-01
9.999906e-01
9.999905e-01
9.999904e-01
9.999903e-01
9.999902e-01
9.999901e-01
9.999900e-01
9.999899e-01
9.999898e-01
9.999897e-01
9.999896e-01
9.999895e-01
9.999894e-01
9.999893e-01
9.999892e-01
9.999891e-01
9.999890e-01
9.999889e-01
9.999889e-01
9.999888e-01
9.999887e-01
9.999886e-01
9.999885e-01
9.999884e-01
9.999883e-01
9.999882e-01
9.999881e-01
9.999880e-01
9.999879e-01
9.999878e-01
9.999877e-01
9.999876e-01
9.999875e-01
9.999874e-01
9.999874e-01
9.999873e-01
9.999872e-01
9.999871e-01
9.999870e-01
9.999869e-01
9.999868e-01
9.999867e-01
9.999866e-01
9.999866e-01
9.999865e-01
9.999864e-01
9.999863e-01
9.999862e-01
9.999861e-01
9.999860e-01
9.999860e-01
9.999859e-01
9.999858e-01
9.999857e-01
9.999856e-01
9.999855e-01
9.999855e-01
9.999854e-01
9.999853e-01
9.999852e-01
9.999851e-01
9.999851e-01
9.999850e-01
9.999849e-01
9.999848e-01
9.999847e-01
9.999847e-01
9.999846e-01
9.999845e-01
9.999844e-01
9.999844e-01
9.999843e-01
9.999842e-01
9.999841e-01
9.999841e-01
9.999840e-01
9.999839e-01
9.999838e-01
9.999838e-01
9.999837e-01
9.999836e-01
9.999836e-01
9.999835e-01
9.999834e-01
9.999834e-01
9.999833e-01
9.999832e-01
9.999831e-01
9.999831e-01
9.999830e-01
9.999830e-01
9.999829e-01
9.999828e-01
9.999828e-01
9.999827e-01
9.999826e-01
9.999826e-01
9.999825e-01
9.999824e-01
9.999824e-01
9.999823e-01
9.999823e-01
9.999822e-01
9.999821e-01
9.999821e-01
9.999820e-01
9.999820e-01
9.999819e-01
9.999819e-01
9.999818e-01
9.999818e-01
9.999817e-01
9.999816e-01
9.999816e-01
9.999815e-01
9.999815e-01
9.999814e-01
9.999814e-01
9.999813e-01
9.999813e-01
9.999812e-01
9.999812e-01
9.999811e-01
9.999811e-01
9.999810e-01
9.999810e-01
9.999809e-01
9.999809e-01
9.999809e-01
9.999808e-01
9.999808e-01
9.999807e-01
9.999807e-01
9.999806e-01
9.999806e-01
9.999806e-01
9.999805e-01
9.999805e-01
9.999804e-01
9.999804e-01
9.999804e-01
9.999803e-01
9.999803e-01
9.999803e-01
9.999802e-01
9.999802e-01
9.999802e-01
9.999801e-01
9.999801e-01
9.999801e-01
9.999800e-01
9.999800e-01
9.999800e-01
9.999799e-01
9.999799e-01
9.999799e-01
9.999798e-01
9.999798e-01
9.999798e-01
9.999798e-01
9.999797e-01
9.999797e-01
9.999797e-01
9.999797e-01
9.999796e-01
9.999796e-01
9.999796e-01
9.999796e-01
9.999796e-01
9.999795e-01
9.999795e-01
9.999795e-01
9.999795e-01
9.999795e-01
9.999794e-01
9.999794e-01
9.999794e-01
9.999794e-01
9.999794e-01
9.999794e-01
9.999794e-01
9.999793e-01
9.999793e-01
9.999793e-01
9.999793e-01
9.999793e-01
9.999793e-01
9.999793e-01
9.999793e-01
9.999793e-01
9.999793e-01
9.999792e-01
9.999792e-01
9.999792e-01
9.999792e-01
9.999792e-01
9.999792e-01
9.999792e-01
9.999792e-01
9.999792e-01
9.999792e-01
9.999792e-01
9.999792e-01
9.999792e-01
9.999792e-01
9.999792e-01
9.999792e-01
9.999792e-01
9.999792e-01
9.999792e-01
9.999792e-01
9.999792e-01
9.999793e-01
9.999793e-01
9.999793e-01
9.999793e-01
9.999793e-01
9.999793e-01
9.999793e-01
9.999793e-01
9.999793e-01
9.999793e-01
9.999794e-01
9.999794e-01
9.999794e-01
9.999794e-01
9.999794e-01
9.999794e-01
9.999794e-01
9.999795e-01
9.999795e-01
9.999795e-01
9.999795e-01
9.999795e-01
9.999796e-01
9.999796e-01
9.999796e-01
9.999796e-01
9.999796e-01
9.999797e-01
9.999797e-01
9.999797e-01
9.999797e-01
9.999798e-01
9.999798e-01
9.999798e-01
9.999798e-01
9.999799e-01
9.999799e-01
9.999799e-01
9.999800e-01
9.999800e-01
9.999800e-01
9.999801e-01
9.999801e-01
9.999801e-01
9.999802e-01
9.999802e-01
9.999802e-01
9.999803e-01
9.999803e-01
9.999803e-01
9.999804e-01
9.999804e-01
9.999804e-01
9.999805e-01
9.999805e-01
9.999806e-01
9.999806e-01
9.999806e-01
9.999807e-01
9.999807e-01
9.999808e-01
9.999808e-01
9.999809e-01
9.999809e-01
9.999809e-01
9.999810e-01
9.999810e-01
9.999811e-01
9.999811e-01
9.999812e-01
9.999812e-01
9.999813e-01
9.999813e-01
9.999814e-01
9.999814e-01
9.999815e-01
9.999815e-01
9.999816e-01
9.999816e-01
9.999817e-01
9.999818e-01
9.999818e-01
9.999819e-01
9.999819e-01
9.999820e-01
9.999820e-01
9.999821e-01
9.999821e-01
9.999822e-01
9.999823e-01
9.999823e-01
9.999824e-01
9.999824e-01
9.999825e-01
9.999826e-01
9.999826e-01
9.999827e-01
9.999828e-01
9.999828e-01
9.999829e-01
9.999830e-01
9.999830e-01
9.999831e-01
9.999831e-01
9.999832e-01
9.999833e-01
9.999834e-01
9.999834e-01
9.999835e-01
9.999836e-01
9.999836e-01
9.999837e-01
9.999838e-01
9.999838e-01
9.999839e-01
9.999840e-01
9.999841e-01
9.999841e-01
9.999842e-01
9.999843e-01
9.999844e-01
9.999844e-01
9.999845e-01
9.999846e-01
9.999847e-01
9.999847e-01
9.999848e-01
9.999849e-01
9.999850e-01
9.999851e-01
9.999851e-01
9.999852e-01
9.999853e-01
9.999854e-01
9.999855e-01
9.999855e-01
9.999856e-01
9.999857e-01
9.999858e-01
9.999859e-01
9.999860e-01
9.999860e-01
9.999861e-01
9.999862e-01
9.999863e-01
9.999864e-01
9.999865e-01
9.999866e-01
9.999866e-01
9.999867e-01
9.999868e-01
9.999869e-01
9.999870e-01
9.999871e-01
9.999872e-01
9.999873e-01
9.999874e-01
9.999874e-01
9.999875e-01
9.999876e-01
9.999877e-01
9.999878e-01
9.999879e-01
9.999880e-01
9.999881e-01
9.999882e-01
9.999883e-01
9.999884e-01
9.999885e-01
9.999886e-01
9.999887e-01
9.999888e-01
9.999889e-01
9.999889e-01
9.999890e-01
9.999891e-01
9.999892e-01
9.999893e-01
9.999894e-01
9.999895e-01
9.999896e-01
9.999897e-01
9.999898e-01
9.999899e-01
9.999900e-01
9.999901e-01
9.999902e-01
9.999903e-01
9.999904e-01
9.999905e-01
9.999906e-01
9.999907e-01
9.999908e-01
9.999910e-01
9.999911e-01
9.999912e-01
9.999913e-01
9.999914e-01
9.999915e-01
9.999916e-01
9.999917e-01
9.999918e-01
9.999919e-01
9.999920e-01
9.999921e-01
9.999922e-01
9.999923e-01
9.999924e-01
9.999925e-01
9.999926e-01
9.999927e-01
9.999928e-01
9.999930e-01
9.999931e-01
9.999932e-01
9.999933e-01
9.999934e-01
9.999935e-01
9.999936e-01
9.999937e-01
9.999938e-01
9.999939e-01
9.999940e-01
9.999942e-01
9.999943e-01
9.999944e-01
9.999945e-01
9.999946e-01
9.999947e-01
9.999948e-01
9.999949e-01
9.999950e-01
9.999951e-01
9.999953e-01
9.999954e-01
9.999955e-01
9.999956e-01
9.999957e-01
9.999958e-01
9.999958e-01
9.999959e-01
9.999959e-01
9.999958e-01
9.999956e-01
9.999952e-01
9.999944e-01
9.999931e-01
9.999908e-01
9.999871e-01
9.999808e-01
9.999703e-01
9.999529e-01
9.999243e-01
9.998770e-01
9.997989e-01
9.996702e-01
9.994579e-01
9.991080e-01
9.985316e-01
9.975827e-01
9.960221e-01
9.934596e-01
9.892633e-01
9.824217e-01
9.713461e-01
9.536207e-01
9.257678e-01
8.832356e-01
8.210442e-01
7.356425e-01
6.279528e-01
5.058614e-01
3.830670e-01
2.735774e-01
1.859501e-01
1.216886e-01
7.752034e-02
4.849862e-02
2.998915e-02
1.840763e-02
1.124745e-02
6.853577e-03
4.169593e-03
2.534713e-03
1.540611e-03
9.368156e-04
5.703637e-04
3.480936e-04
2.133578e-04
1.317447e-04
8.236374e-05
5.253652e-05
3.457088e-05
2.380002e-05
1.739324e-05
1.363328e-05
1.147867e-05
1.029755e-05
9.706805e-06
9.473925e-06
9.457990e-06
9.573417e-06
9.768387e-06
1.001137e-05
1.028333e-05
1.057263e-05
1.087228e-05
1.117796e-05
1.148712e-05
1.179814e-05
1.211008e-05
1.242234e-05
1.273456e-05
1.304649e-05
1.335803e-05
1.366905e-05
1.397951e-05
1.428934e-05
1.459855e-05
1.490707e-05
1.521492e-05
1.552204e-05
1.582845e-05
1.613411e-05
1.643902e-05
1.674315e-05
1.704650e-05
1.734905e-05
1.765078e-05
1.795168e-05
1.825174e-05
1.855094e-05
1.884927e-05
1.914671e-05
1.944325e-05
1.973888e-05
2.003358e-05
2.032733e-05
2.062013e-05
2.091196e-05
2.120280e-05
2.149265e-05
2.178148e-05
2.206929e-05
2.235606e-05
2.264178e-05
2.292643e-05
2.321001e-05
2.349249e-05
2.377386e-05
2.405412e-05
2.433324e-05
2.461122e-05
2.488803e-05
2.516368e-05
2.543814e-05
2.571140e-05
2.598345e-05
2.625428e-05
2.652387e-05
2.679221e-05
2.705929e-05
2.732510e-05
2.758961e-05
2.785283e-05
2.811473e-05
2.837531e-05
2.863455e-05
2.889245e-05
2.914898e-05
2.940414e-05
2.965791e-05
2.991028e-05
3.016125e-05
3.041079e-05
3.065890e-05
3.090557e-05
3.115077e-05
3.139451e-05
3.163677e-05
3.187754e-05
3.211681e-05
3.235456e-05
3.259078e-05
3.282547e-05
3.305861e-05
3.329020e-05
3.352021e-05
3.374864e-05
3.397548e-05
3.420072e-05
3.442435e-05
3.464636e-05
3.486672e-05
3.508545e-05
3.530252e-05
3.551793e-05
3.573166e-05
3.594371e-05
3.615406e-05
3.636270e-05
3.656963e-05
3.677484e-05
3.697831e-05
3.718004e-05
3.738001e-05
3.757822e-05
3.777466e-05
3.796931e-05
3.816218e-05
3.835324e-05
3.854250e-05
3.872994e-05
3.891555e-05
3.909932e-05
3.928125e-05
3.946133e-05
3.963954e-05
3.981589e-05
3.999035e-05
4.016293e-05
4.033362e-05
4.050240e-05
4.066927e-05
4.083422e-05
4.099725e-05
4.115834e-05
4.131749e-05
4.147469e-05
4.162993e-05
4.178321e-05
4.193452e-05
4.208385e-05
4.223119e-05
4.237654e-05
4.251989e-05
4.266123e-05
4.280056e-05
4.293787e-05
4.307316e-05
4.320641e-05
4.333762e-05
4.346679e-05
4.359390e-05
4.371896e-05
4.384196e-05
4.396289e-05
4.408174e-05
4.419851e-05
4.431320e-05
4.442579e-05
4.453629e-05
4.464468e-05
4.475097e-05
4.485515e-05
4.495721e-05
4.505715e-05
4.515496e-05
4.525064e-05
4.534418e-05
4.543559e-05
4.552485e-05
4.561196e-05
4.569692e-05
4.577972e-05
4.586036e-05
4.593884e-05
4.601514e-05
4.608928e-05
4.616124e-05
4.623102e-05
4.629862e-05
4.636404e-05
4.642726e-05
4.648830e-05
4.654714e-05
4.660378e-05
4.665822e-05
4.671047e-05
4.676050e-05
4.680833e-05
4.685395e-05
4.689736e-05
4.693855e-05
4.697753e-05
4.701429e-05
4.704883e-05
4.708115e-05
4.711125e-05
4.713913e-05
4.716478e-05
4.718820e-05
4.720940e-05
4.722836e-05
4.724510e-05
4.725961e-05
4.727189e-05
4.728193e-05
4.728975e-05
4.729533e-05
4.729868e-05
