1.012836e-08
1.012838e-08
1.012749e-08
1.012663e-08
1.012486e-08
1.012313e-08
1.012049e-08
1.011789e-08
1.011438e-08
1.011090e-08
1.010651e-08
1.010216e-08
1.009691e-08
1.009168e-08
1.008556e-08
1.007947e-08
1.007247e-08
1.006551e-08
1.005764e-08
1.004981e-08
1.004107e-08
1.003238e-08
1.002278e-08
1.001322e-08
1.000275e-08
9.992335e-09
9.981001e-09
9.969724e-09
9.957528e-09
9.945393e-09
9.932336e-09
9.919346e-09
9.905432e-09
9.891589e-09
9.876818e-09
9.862125e-09
9.846501e-09
9.830960e-09
9.814486e-09
9.798100e-09
9.780778e-09
9.763551e-09
9.745384e-09
9.727319e-09
9.708309e-09
9.689409e-09
9.669560e-09
9.649829e-09
9.629145e-09
9.608586e-09
9.587070e-09
9.565687e-09
9.543342e-09
9.521140e-09
9.497969e-09
9.474952e-09
9.450960e-09
9.427132e-09
9.402324e-09
9.377688e-09
9.352067e-09
9.326630e-09
9.300199e-09
9.273966e-09
9.246730e-09
9.219705e-09
9.191670e-09
9.163857e-09
9.135026e-09
9.106431e-09
9.076811e-09
9.047439e-09
9.017033e-09
8.986891e-09
8.955704e-09
8.924797e-09
8.892834e-09
8.861167e-09
8.828435e-09
8.796015e-09
8.762517e-09
8.729351e-09
8.695094e-09
8.661187e-09
8.626176e-09
8.591535e-09
8.555776e-09
8.520407e-09
8.483906e-09
8.447816e-09
8.410579e-09
8.373776e-09
8.335808e-09
8.298298e-09
8.259606e-09
8.221398e-09
8.181987e-09
8.143086e-09
8.102964e-09
8.063379e-09
8.022552e-09
7.982290e-09
7.940764e-09
7.899835e-09
7.857615e-09
7.816026e-09
7.773121e-09
7.730879e-09
7.687295e-09
7.644410e-09
7.600154e-09
7.556634e-09
7.511712e-09
7.467567e-09
7.421985e-09
7.377223e-09
7.330989e-09
7.285619e-09
7.238739e-09
7.192772e-09
7.145254e-09
7.098698e-09
7.050547e-09
7.003413e-09
6.954637e-09
6.906935e-09
6.857540e-09
6.809281e-09
6.759274e-09
6.710467e-09
6.659855e-09
6.610512e-09
6.559301e-09
6.509433e-09
6.457630e-09
6.407249e-09
6.354860e-09
6.303978e-09
6.251008e-09
6.199637e-09
6.146093e-09
6.094246e-09
6.040133e-09
5.987824e-09
5.933147e-09
5.880389e-09
5.825153e-09
5.771961e-09
5.716171e-09
5.662560e-09
5.606219e-09
5.552204e-09
5.495317e-09
5.440915e-09
5.383483e-09
5.328711e-09
5.270737e-09
5.215614e-09
5.157098e-09
5.101645e-09
5.042586e-09
4.986822e-09
4.927220e-09
4.871170e-09
4.811021e-09
4.754710e-09
4.694012e-09
4.637470e-09
4.576221e-09
4.519487e-09
4.457692e-09
4.400823e-09
4.338510e-09
4.281610e-09
4.218872e-09
4.162166e-09
4.099285e-09
4.043318e-09
3.981089e-09
3.927271e-09
3.867898e-09
3.819983e-09
3.769507e-09
3.737598e-09
3.712507e-09
3.723960e-09
3.769152e-09
3.898205e-09
4.135825e-09
4.584125e-09
5.346325e-09
6.661826e-09
8.851648e-09
1.252363e-08
1.859600e-08
2.867246e-08
4.530080e-08
7.278504e-08
1.181100e-07
1.929116e-07
3.162447e-07
5.196660e-07
8.550506e-07
1.408093e-06
2.319895e-06
3.823296e-06
6.301956e-06
1.038866e-05
1.712638e-05
2.823494e-05
4.654927e-05
7.674317e-05
1.265204e-04
2.085786e-04
3.438402e-04
5.667692e-04
9.340997e-04
1.539137e-03
2.535075e-03
4.172768e-03
6.861158e-03
1.126201e-02
1.843324e-02
3.003215e-02
4.856841e-02
7.762986e-02
1.218534e-01
1.861847e-01
2.738861e-01
3.834348e-01
5.062511e-01
6.283175e-01
7.359465e-01
8.212744e-01
8.833976e-01
9.258763e-01
9.536911e-01
9.713909e-01
9.824502e-01
9.892815e-01
9.934713e-01
9.960300e-01
9.975883e-01
9.985358e-01
9.991114e-01
9.994609e-01
9.996729e-01
9.998016e-01
9.998796e-01
9.999270e-01
9.999557e-01
9.999731e-01
9.999837e-01
9.999901e-01
9.999940e-01
9.999964e-01
9.999978e-01
9.999987e-01
9.999992e-01
9.999995e-01
9.999997e-01
9.999998e-01
9.999999e-01
9.999999e-01
9.999999e-01
1.000000e+00
1.000000e+00
1.000000e+00
1.000000e+00
1.000000e+00
1.000000e+00
1.000000e+00
1.000000e+00
1.000000e+00
1.000000e+00
1.000000e+00
1.000000e+00
1.000000e+00
1.000000e+00
1.000000e+00
1.000000e+00
1.000000e+00
1.000000e+00
1.000000e+00
1.000000e+00
1.000000e+00
1.000000e+00
1.000000e+00
1.000000e+00
1.000000e+00
1.000000e+00
1.000000e+00
1.000000e+00
1.000000e+00
1.000000e+00
1.000000e+00
1.000000e+00
1.000000e+00
1.000000e+00
1.000000e+00
1.000000e+00
1.000000e+00
1.000000e+00
1.000000e+00
1.000000e+00
1.000000e+00
1.000000e+00
1.000000e+00
1.000000e+00
1.000000e+00
1.000000e+00
1.000000e+00
1.000000e+00
1.000000e+00
1.000000e+00
1.000000e+00
1.000000e+00
1.000000e+00
1.000000e+00
1.000000e+00
1.000000e+00
1.000000e+00
1.000000e+00
1.000000e+00
1.000000e+00
1.000000e+00
1.000000e+00
1.000000e+00
1.000000e+00
1.000000e+00
1.000000e+00
1.000000e+00
1.000000e+00
1.000000e+00
1.000000e+00
1.000000e+00
1.000000e+00
1.000000e+00
1.000000e+00
1.000000e+00
1.000000e+00
1.000000e+00
1.000000e+00
1.000000e+00
1.000000e+00
1.000000e+00
1.000000e+00
1.000000e+00
1.000000e+00
1.000000e+00
1.000000e+00
1.000000e+00
1.000000e+00
1.000000e+00
1.000000e+00
1.000000e+00
1.000000e+00
1.000000e+00
1.000000e+00
1.000000e+00
1.000000e+00
1.000000e+00
1.000000e+00
1.000000e+00
1.000000e+00
1.000000e+00
1.000000e+00
1.000000e+00
1.000000e+00
1.000000e+00
1.000000e+00
1.000000e+00
9.999999e-01
9.999999e-01
9.999999e-01
9.999999e-01
9.999999e-01
9.999999e-01
9.999999e-01
9.999999e-01
9.999999e-01
9.999999e-01
9.999999e-01
9.999999e-01
9.999999e-01
9.999999e-01
9.999999e-01
9.999999e-01
9.999999e-01
9.999999e-01
9.999999e-01
9.999999e-01
9.999999e-01
9.999999e-01
9.999999e-01
9.999999e-01
9.999999e-01
9.999999e-01
9.999999e-01
9.999999e-01
9.999999e-01
9.999999e-01
9.999999e-01
9.999999e-01
9.999999e-01
9.999999e-01
9.999999e-01
9.999999e-01
9.999999e-01
9.999999e-01
9.999999e-01
9.999999e-01
9.999999e-01
9.999999e-01
9.999999e-01
9.999999e-01
9.999999e-01
9.999999e-01
9.999999e-01
9.999999e-01
9.999999e-01
9.999999e-01
9.999999e-01
9.999999e-01
9.999999e-01
9.999999e-01
9.999999e-01
9.999999e-01
9.999999e-01
9.999999e-01
9.999999e-01
9.999999e-01
9.999999e-01
9.999999e-01
9.999999e-01
9.999999e-01
9.999999e-01
9.999999e-01
9.999999e-01
9.999999e-01
9.999999e-01
9.999999e-01
9.999999e-01
9.999999e-01
9.999999e-01
9.999999e-01
9.999999e-01
9.999999e-01
9.999999e-01
9.999999e-01
9.999999e-01
9.999999e-01
9.999999e-01
9.999999e-01
9.999999e-01
9.999999e-01
9.999999e-01
9.999999e-01
9.999999e-01
9.999999e-01
9.999999e-01
9.999999e-01
9.999999e-01
9.999999e-01
9.999999e-01
9.999999e-01
9.999999e-01
9.999999e-01
9.999999e-01
9.999999e-01
9.999999e-01
9.999999e-01
9.999999e-01
9.999999e-01
9.999999e-01
9.999999e-01
9.999999e-01
9.999999e-01
9.999999e-01
9.999999e-01
9.999999e-01
9.999999e-01
9.999999e-01
9.999999e-01
9.999999e-01
9.999999e-01
9.999999e-01
9.999999e-01
9.999999e-01
9.999999e-01
9.999999e-01
9.999999e-01
9.999999e-01
9.999999e-01
9.999999e-01
9.999999e-01
9.999999e-01
9.999999e-01
9.999999e-01
9.999999e-01
9.999999e-01
9.999999e-01
9.999999e-01
9.999999e-01
9.999999e-01
9.999999e-01
9.999999e-01
9.999999e-01
9.999999e-01
9.999999e-01
9.999999e-01
9.999999e-01
9.999999e-01
9.999999e-01
9.999999e-01
9.999999e-01
9.999999e-01
9.999999e-01
9.999999e-01
9.999999e-01
9.999999e-01
9.999999e-01
9.999999e-01
9.999999e-01
9.999999e-01
9.999999e-01
9.999999e-01
9.999999e-01
9.999999e-01
9.999999e-01
9.999999e-01
9.999999e-01
9.999999e-01
9.999999e-01
9.999999e-01
9.999999e-01
9.999999e-01
9.999999e-01
9.999999e-01
9.999999e-01
9.999999e-01
9.999999e-01
9.999999e-01
9.999999e-01
9.999999e-01
9.999999e-01
9.999999e-01
9.999999e-01
9.999999e-01
9.999999e-01
9.999999e-01
9.999999e-01
9.999999e-01
9.999999e-01
9.999999e-01
9.999999e-01
9.999999e-01
9.999999e-01
9.999999e-01
9.999999e-01
9.999999e-01
9.999999e-01
9.999999e-01
9.999999e-01
9.999999e-01
9.999999e-01
9.999999e-01
9.999999e-01
9.999999e-01
9.999999e-01
9.999999e-01
9.999999e-01
9.999999e-01
9.999999e-01
9.999999e-01
9.999999e-01
9.999999e-01
9.999999e-01
9.999999e-01
9.999999e-01
9.999999e-01
9.999999e-01
9.999999e-01
9.999999e-01
9.999999e-01
9.999999e-01
9.999999e-01
9.999999e-01
9.999999e-01
9.999999e-01
9.999999e-01
9.999999e-01
9.999999e-01
9.999999e-01
9.999999e-01
9.999999e-01
9.999999e-01
9.999999e-01
9.999999e-01
9.999999e-01
9.999999e-01
9.999999e-01
9.999999e-01
9.999999e-01
9.999999e-01
9.999999e-01
9.999999e-01
9.999999e-01
9.999999e-01
9.999999e-01
9.999999e-01
9.999999e-01
9.999999e-01
9.999999e-01
9.999999e-01
9.999999e-01
9.999999e-01
9.999999e-01
9.999999e-01
9.999999e-01
9.999999e-01
9.999999e-01
9.999999e-01
9.999999e-01
9.999999e-01
9.999999e-01
9.999999e-01
9.999999e-01
9.999999e-01
9.999999e-01
9.999999e-01
9.999999e-01
9.999999e-01
9.999999e-01
9.999999e-01
9.999999e-01
9.999999e-01
9.999999e-01
9.999999e-01
9.999999e-01
9.999999e-01
9.999999e-01
9.999999e-01
9.999999e-01
9.999999e-01
9.999999e-01
9.999999e-01
9.999999e-01
9.999999e-01
9.999999e-01
9.999999e-01
9.999999e-01
9.999999e-01
1.000000e+00
1.000000e+00
1.000000e+00
1.000000e+00
1.000000e+00
1.000000e+00
1.000000e+00
1.000000e+00
1.000000e+00
1.000000e+00
1.000000e+00
1.000000e+00
1.000000e+00
1.000000e+00
1.000000e+00
1.000000e+00
1.000000e+00
1.000000e+00
1.000000e+00
1.000000e+00
1.000000e+00
1.000000e+00
1.000000e+00
1.000000e+00
1.000000e+00
1.000000e+00
1.000000e+00
1.000000e+00
1.000000e+00
1.000000e+00
1.000000e+00
1.000000e+00
1.000000e+00
1.000000e+00
1.000000e+00
1.000000e+00
1.000000e+00
1.000000e+00
1.000000e+00
1.000000e+00
1.000000e+00
1.000000e+00
1.000000e+00
1.000000e+00
1.000000e+00
1.000000e+00
1.000000e+00
1.000000e+00
1.000000e+00
1.000000e+00
1.000000e+00
1.000000e+00
1.000000e+00
1.000000e+00
1.000000e+00
1.000000e+00
1.000000e+00
1.000000e+00
1.000000e+00
1.000000e+00
1.000000e+00
1.000000e+00
1.000000e+00
1.000000e+00
1.000000e+00
1.000000e+00
1.000000e+00
1.000000e+00
1.000000e+00
1.000000e+00
1.000000e+00
1.000000e+00
1.000000e+00
1.000000e+00
1.000000e+00
1.000000e+00
1.000000e+00
1.000000e+00
1.000000e+00
1.000000e+00
1.000000e+00
1.000000e+00
1.000000e+00
1.000000e+00
1.000000e+00
1.000000e+00
1.000000e+00
1.000000e+00
1.000000e+00
1.000000e+00
1.000000e+00
1.000000e+00
1.000000e+00
1.000000e+00
1.000000e+00
1.000000e+00
1.000000e+00
1.000000e+00
1.000000e+00
1.000000e+00
1.000000e+00
1.000000e+00
1.000000e+00
1.000000e+00
1.000000e+00
1.000000e+00
1.000000e+00
9.999999e-01
9.999999e-01
9.999999e-01
9.999998e-01
9.999997e-01
9.999995e-01
9.999992e-01
9.999987e-01
9.999978e-01
9.999964e-01
9.999940e-01
9.999901e-01
9.999837e-01
9.999731e-01
9.999557e-01
9.999270e-01
9.998796e-01
9.998016e-01
9.996729e-01
9.994609e-01
9.991114e-01
9.985358e-01
9.975883e-01
9.960300e-01
9.934713e-01
9.892815e-01
9.824502e-01
9.713909e-01
9.536911e-01
9.258763e-01
8.833976e-01
8.212744e-01
7.359465e-01
6.283175e-01
5.062511e-01
3.834348e-01
2.738861e-01
1.861847e-01
1.218534e-01
7.762986e-02
4.856841e-02
3.003215e-02
1.843324e-02
1.126201e-02
6.861158e-03
4.172768e-03
2.535075e-03
1.539137e-03
9.340997e-04
5.667692e-04
3.438402e-04
2.085786e-04
1.265204e-04
7.674317e-05
4.654927e-05
2.823494e-05
1.712638e-05
1.038866e-05
6.301956e-06
3.823296e-06
2.319895e-06
1.408093e-06
8.550506e-07
5.196661e-07
3.162448e-07
1.929116e-07
1.181100e-07
7.278507e-08
4.530083e-08
2.867249e-08
1.859603e-08
1.252366e-08
8.851683e-09
6.661862e-09
5.346363e-09
4.584164e-09
4.135865e-09
3.898247e-09
3.769195e-09
3.724005e-09
3.712552e-09
3.737644e-09
3.769556e-09
3.820032e-09
3.867949e-09
3.927323e-09
3.981141e-09
4.043371e-09
4.099339e-09
4.162221e-09
4.218928e-09
4.281667e-09
4.338568e-09
4.400882e-09
4.457752e-09
4.519548e-09
4.576282e-09
4.637532e-09
4.694075e-09
4.754774e-09
4.811085e-09
4.871235e-09
4.927286e-09
4.986889e-09
5.042653e-09
5.101713e-09
5.157167e-09
5.215684e-09
5.270806e-09
5.328782e-09
5.383553e-09
5.440986e-09
5.495388e-09
5.552275e-09
5.606290e-09
5.662630e-09
5.716241e-09
5.772030e-09
5.825222e-09
5.880457e-09
5.933214e-09
5.987890e-09
6.040199e-09
6.094311e-09
6.146156e-09
6.199699e-09
6.251069e-09
6.304038e-09
6.354919e-09
6.407307e-09
6.457687e-09
6.509489e-09
6.559355e-09
6.610564e-09
6.659906e-09
6.710517e-09
6.759322e-09
6.809327e-09
6.857586e-09
6.906979e-09
6.954679e-09
7.003454e-09
7.050587e-09
7.098736e-09
7.145290e-09
7.192807e-09
7.238773e-09
7.285651e-09
7.331019e-09
7.377251e-09
7.422012e-09
7.467592e-09
7.511736e-09
7.556657e-09
7.600175e-09
7.644431e-09
7.687314e-09
7.730897e-09
7.773137e-09
7.816041e-09
7.857629e-09
7.899847e-09
7.940776e-09
7.982301e-09
8.022561e-09
8.063388e-09
8.102972e-09
8.143093e-09
8.181993e-09
8.221403e-09
8.259611e-09
8.298302e-09
8.335811e-09
8.373779e-09
8.410581e-09
8.447818e-09
8.483907e-09
8.520408e-09
8.555776e-09
8.591534e-09
8.626175e-09
8.661185e-09
8.695092e-09
8.729349e-09
8.762515e-09
8.796013e-09
8.828432e-09
8.861164e-09
8.892830e-09
8.924792e-09
8.955699e-09
8.986886e-09
9.017028e-09
9.047435e-09
9.076806e-09
9.106427e-09
9.135022e-09
9.163852e-09
9.191666e-09
9.219701e-09
9.246727e-09
9.273962e-09
9.300196e-09
9.326627e-09
9.352064e-09
9.377686e-09
9.402321e-09
9.427130e-09
9.450959e-09
9.474951e-09
9.497968e-09
9.521139e-09
9.543341e-09
9.565687e-09
9.587069e-09
9.608586e-09
9.629145e-09
9.649830e-09
9.669561e-09
9.689410e-09
9.708310e-09
9.727320e-09
9.745386e-09
9.763554e-09
9.780781e-09
9.798104e-09
9.814490e-09
9.830964e-09
9.846506e-09
9.862130e-09
9.876824e-09
9.891595e-09
9.905438e-09
9.919353e-09
9.932343e-09
9.945401e-09
9.957535e-09
9.969732e-09
9.981010e-09
9.992345e-09
1.000276e-08
1.001323e-08
1.002279e-08
1.003239e-08
1.004108e-08
1.004982e-08
1.005765e-08
1.006552e-08
1.007248e-08
1.007947e-08
1.008557e-08
1.009169e-08
1.009691e-08
1.010217e-08
1.010652e-08
1.011090e-08
1.011438e-08
1.011789e-08
1.012050e-08
1.012313e-08
1.012487e-08
1.012663e-08
1.012749e-08
1.012838e-08
