7.183169e-09
7.183249e-09
7.182555e-09
7.182021e-09
7.180712e-09
7.179565e-09
7.177642e-09
7.175882e-09
7.173346e-09
7.170973e-09
7.167823e-09
7.164838e-09
7.161075e-09
7.157479e-09
7.153104e-09
7.148897e-09
7.143910e-09
7.139094e-09
7.133496e-09
7.128071e-09
7.121862e-09
7.115829e-09
7.109012e-09
7.102373e-09
7.094947e-09
7.087703e-09
7.079670e-09
7.071823e-09
7.063183e-09
7.054734e-09
7.045490e-09
7.036440e-09
7.026593e-09
7.016945e-09
7.006497e-09
6.996251e-09
6.985202e-09
6.974363e-09
6.962716e-09
6.951283e-09
6.939039e-09
6.927017e-09
6.914179e-09
6.901568e-09
6.888137e-09
6.874941e-09
6.860920e-09
6.847141e-09
6.832531e-09
6.818172e-09
6.802977e-09
6.788039e-09
6.772261e-09
6.756748e-09
6.740389e-09
6.724305e-09
6.707368e-09
6.690715e-09
6.673202e-09
6.655984e-09
6.637898e-09
6.620118e-09
6.601462e-09
6.583123e-09
6.563901e-09
6.545006e-09
6.525221e-09
6.505774e-09
6.485427e-09
6.465433e-09
6.444529e-09
6.423991e-09
6.402533e-09
6.381455e-09
6.359446e-09
6.337832e-09
6.315276e-09
6.293130e-09
6.270030e-09
6.247357e-09
6.223717e-09
6.200521e-09
6.176345e-09
6.152631e-09
6.127922e-09
6.103693e-09
6.078456e-09
6.053718e-09
6.027956e-09
6.002715e-09
5.976432e-09
5.950691e-09
5.923892e-09
5.897657e-09
5.870345e-09
5.843622e-09
5.815801e-09
5.788594e-09
5.760269e-09
5.732584e-09
5.703759e-09
5.675602e-09
5.646281e-09
5.617658e-09
5.587845e-09
5.558762e-09
5.528462e-09
5.498924e-09
5.468141e-09
5.438156e-09
5.406895e-09
5.376467e-09
5.344732e-09
5.313870e-09
5.281665e-09
5.250374e-09
5.217703e-09
5.185990e-09
5.152859e-09
5.120732e-09
5.087144e-09
5.054609e-09
5.020568e-09
4.987633e-09
4.953144e-09
4.919817e-09
4.884884e-09
4.851172e-09
4.815799e-09
4.781710e-09
4.745901e-09
4.711444e-09
4.675202e-09
4.640386e-09
4.603716e-09
4.568549e-09
4.531453e-09
4.495945e-09
4.458427e-09
4.422587e-09
4.384651e-09
4.348489e-09
4.310137e-09
4.273664e-09
4.234897e-09
4.198124e-09
4.158946e-09
4.121885e-09
4.082296e-09
4.044958e-09
4.004960e-09
3.967358e-09
3.926952e-09
3.889100e-09
3.848285e-09
3.810197e-09
3.768971e-09
3.730663e-09
3.689025e-09
3.650514e-09
3.608460e-09
3.569764e-09
3.527290e-09
3.488428e-09
3.445528e-09
3.406524e-09
3.363191e-09
3.324072e-09
3.280302e-09
3.241103e-09
3.196899e-09
3.157674e-09
3.113058e-09
3.073908e-09
3.028973e-09
2.990120e-09
2.945142e-09
2.907128e-09
2.862900e-09
2.827132e-09
2.785855e-09
2.756082e-09
2.723794e-09
2.710116e-09
2.703302e-09
2.733074e-09
2.796627e-09
2.944082e-09
3.200145e-09
3.666927e-09
4.447647e-09
5.781705e-09
7.990121e-09
1.168073e-08
1.777176e-08
2.786691e-08
4.451397e-08
7.201695e-08
1.173606e-07
1.921810e-07
3.155328e-07
5.189728e-07
8.543759e-07
1.407436e-06
2.319257e-06
3.822675e-06
6.301351e-06
1.038807e-05
1.712580e-05
2.823437e-05
4.654869e-05
7.674258e-05
1.265198e-04
2.085779e-04
3.438394e-04
5.667681e-04
9.340982e-04
1.539134e-03
2.535071e-03
4.172763e-03
6.861150e-03
1.126200e-02
1.843322e-02
3.003212e-02
4.856836e-02
7.762978e-02
1.218533e-01
1.861845e-01
2.738859e-01
3.834345e-01
5.062508e-01
6.283172e-01
7.359462e-01
8.212742e-01
8.833975e-01
9.258762e-01
9.536910e-01
9.713909e-01
9.824502e-01
9.892815e-01
9.934713e-01
9.960300e-01
9.975883e-01
9.985358e-01
9.991114e-01
9.994609e-01
9.996729e-01
9.998016e-01
9.998796e-01
9.999270e-01
9.999557e-01
9.999731e-01
9.999837e-01
9.999901e-01
9.999940e-01
9.999964e-01
9.999978e-01
9.999987e-01
9.999992e-01
9.999995e-01
9.999997e-01
9.999998e-01
9.999999e-01
9.999999e-01
9.999999e-01
1.000000e+00
1.000000e+00
1.000000e+00
1.000000e+00
1.000000e+00
1.000000e+00
1.000000e+00
1.000000e+00
1.000000e+00
1.000000e+00
1.000000e+00
1.000000e+00
1.000000e+00
1.000000e+00
1.000000e+00
1.000000e+00
1.000000e+00
1.000000e+00
1.000000e+00
1.000000e+00
1.000000e+00
1.000000e+00
1.000000e+00
1.000000e+00
1.000000e+00
1.000000e+00
1.000000e+00
1.000000e+00
1.000000e+00
1.000000e+00
1.000000e+00
1.000000e+00
1.000000e+00
1.000000e+00
1.000000e+00
1.000000e+00
1.000000e+00
1.000000e+00
1.000000e+00
1.000000e+00
1.000000e+00
1.000000e+00
1.000000e+00
1.000000e+00
1.000000e+00
1.000000e+00
1.000000e+00
1.000000e+00
1.000000e+00
1.000000e+00
1.000000e+00
1.000000e+00
1.000000e+00
1.000000e+00
1.000000e+00
1.000000e+00
1.000000e+00
1.000000e+00
1.000000e+00
1.000000e+00
1.000000e+00
1.000000e+00
1.000000e+00
1.000000e+00
1.000000e+00
1.000000e+00
1.000000e+00
1.000000e+00
1.000000e+00
1.000000e+00
1.000000e+00
1.000000e+00
1.000000e+00
1.000000e+00
1.000000e+00
1.000000e+00
1.000000e+00
1.000000e+00
1.000000e+00
1.000000e+00
1.000000e+00
1.000000e+00
1.000000e+00
1.000000e+00
1.000000e+00
1.000000e+00
1.000000e+00
1.000000e+00
1.000000e+00
1.000000e+00
1.000000e+00
1.000000e+00
1.000000e+00
1.000000e+00
1.000000e+00
1.000000e+00
1.000000e+00
1.000000e+00
1.000000e+00
1.000000e+00
1.000000e+00
1.000000e+00
1.000000e+00
1.000000e+00
1.000000e+00
1.000000e+00
1.000000e+00
1.000000e+00
1.000000e+00
1.000000e+00
1.000000e+00
1.000000e+00
1.000000e+00
1.000000e+00
1.000000e+00
1.000000e+00
1.000000e+00
1.000000e+00
1.000000e+00
1.000000e+00
1.000000e+00
1.000000e+00
1.000000e+00
1.000000e+00
1.000000e+00
1.000000e+00
1.000000e+00
1.000000e+00
1.000000e+00
1.000000e+00
1.000000e+00
1.000000e+00
1.000000e+00
1.000000e+00
1.000000e+00
1.000000e+00
1.000000e+00
1.000000e+00
1.000000e+00
1.000000e+00
1.000000e+00
1.000000e+00
1.000000e+00
1.000000e+00
1.000000e+00
1.000000e+00
1.000000e+00
1.000000e+00
1.000000e+00
1.000000e+00
1.000000e+00
1.000000e+00
1.000000e+00
1.000000e+00
1.000000e+00
1.000000e+00
1.000000e+00
1.000000e+00
1.000000e+00
1.000000e+00
1.000000e+00
1.000000e+00
1.000000e+00
1.000000e+00
1.000000e+00
1.000000e+00
1.000000e+00
1.000000e+00
1.000000e+00
1.000000e+00
9.999999e-01
9.999999e-01
9.999999e-01
9.999999e-01
9.999999e-01
9.999999e-01
9.999999e-01
9.999999e-01
9.999999e-01
9.999999e-01
9.999999e-01
9.999999e-01
9.999999e-01
9.999999e-01
9.999999e-01
9.999999e-01
9.999999e-01
9.999999e-01
9.999999e-01
9.999999e-01
9.999999e-01
9.999999e-01
9.999999e-01
9.999999e-01
9.999999e-01
9.999999e-01
9.999999e-01
9.999999e-01
9.999999e-01
9.999999e-01
9.999999e-01
9.999999e-01
9.999999e-01
9.999999e-01
9.999999e-01
9.999999e-01
9.999999e-01
9.999999e-01
9.999999e-01
9.999999e-01
9.999999e-01
9.999999e-01
9.999999e-01
9.999999e-01
9.999999e-01
9.999999e-01
9.999999e-01
9.999999e-01
9.999999e-01
9.999999e-01
9.999999e-01
9.999999e-01
9.999999e-01
9.999999e-01
9.999999e-01
9.999999e-01
9.999999e-01
9.999999e-01
9.999999e-01
9.999999e-01
9.999999e-01
9.999999e-01
9.999999e-01
9.999999e-01
9.999999e-01
9.999999e-01
9.999999e-01
9.999999e-01
9.999999e-01
9.999999e-01
9.999999e-01
9.999999e-01
9.999999e-01
9.999999e-01
9.999999e-01
9.999999e-01
9.999999e-01
9.999999e-01
9.999999e-01
9.999999e-01
9.999999e-01
9.999999e-01
9.999999e-01
9.999999e-01
9.999999e-01
9.999999e-01
9.999999e-01
9.999999e-01
9.999999e-01
9.999999e-01
9.999999e-01
9.999999e-01
9.999999e-01
9.999999e-01
9.999999e-01
9.999999e-01
9.999999e-01
9.999999e-01
9.999999e-01
9.999999e-01
9.999999e-01
9.999999e-01
9.999999e-01
9.999999e-01
9.999999e-01
9.999999e-01
9.999999e-01
9.999999e-01
9.999999e-01
9.999999e-01
9.999999e-01
9.999999e-01
9.999999e-01
9.999999e-01
9.999999e-01
9.999999e-01
9.999999e-01
9.999999e-01
9.999999e-01
9.999999e-01
9.999999e-01
9.999999e-01
9.999999e-01
9.999999e-01
9.999999e-01
9.999999e-01
9.999999e-01
9.999999e-01
9.999999e-01
9.999999e-01
9.999999e-01
9.999999e-01
9.999999e-01
9.999999e-01
9.999999e-01
9.999999e-01
9.999999e-01
9.999999e-01
9.999999e-01
9.999999e-01
9.999999e-01
9.999999e-01
9.999999e-01
9.999999e-01
9.999999e-01
9.999999e-01
9.999999e-01
9.999999e-01
9.999999e-01
9.999999e-01
9.999999e-01
9.999999e-01
9.999999e-01
9.999999e-01
9.999999e-01
1.000000e+00
1.000000e+00
1.000000e+00
1.000000e+00
1.000000e+00
1.000000e+00
1.000000e+00
1.000000e+00
1.000000e+00
1.000000e+00
1.000000e+00
1.000000e+00
1.000000e+00
1.000000e+00
1.000000e+00
1.000000e+00
1.000000e+00
1.000000e+00
1.000000e+00
1.000000e+00
1.000000e+00
1.000000e+00
1.000000e+00
1.000000e+00
1.000000e+00
1.000000e+00
1.000000e+00
1.000000e+00
1.000000e+00
1.000000e+00
1.000000e+00
1.000000e+00
1.000000e+00
1.000000e+00
1.000000e+00
1.000000e+00
1.000000e+00
1.000000e+00
1.000000e+00
1.000000e+00
1.000000e+00
1.000000e+00
1.000000e+00
1.000000e+00
1.000000e+00
1.000000e+00
1.000000e+00
1.000000e+00
1.000000e+00
1.000000e+00
1.000000e+00
1.000000e+00
1.000000e+00
1.000000e+00
1.000000e+00
1.000000e+00
1.000000e+00
1.000000e+00
1.000000e+00
1.000000e+00
1.000000e+00
1.000000e+00
1.000000e+00
1.000000e+00
1.000000e+00
1.000000e+00
1.000000e+00
1.000000e+00
1.000000e+00
1.000000e+00
1.000000e+00
1.000000e+00
1.000000e+00
1.000000e+00
1.000000e+00
1.000000e+00
1.000000e+00
1.000000e+00
1.000000e+00
1.000000e+00
1.000000e+00
1.000000e+00
1.000000e+00
1.000000e+00
1.000000e+00
1.000000e+00
1.000000e+00
1.000000e+00
1.000000e+00
1.000000e+00
1.000000e+00
1.000000e+00
1.000000e+00
1.000000e+00
1.000000e+00
1.000000e+00
1.000000e+00
1.000000e+00
1.000000e+00
1.000000e+00
1.000000e+00
1.000000e+00
1.000000e+00
1.000000e+00
1.000000e+00
1.000000e+00
1.000000e+00
1.000000e+00
1.000000e+00
1.000000e+00
1.000000e+00
1.000000e+00
1.000000e+00
1.000000e+00
1.000000e+00
1.000000e+00
1.000000e+00
1.000000e+00
1.000000e+00
1.000000e+00
1.000000e+00
1.000000e+00
1.000000e+00
1.000000e+00
1.000000e+00
1.000000e+00
1.000000e+00
1.000000e+00
1.000000e+00
1.000000e+00
1.000000e+00
1.000000e+00
1.000000e+00
1.000000e+00
1.000000e+00
1.000000e+00
1.000000e+00
1.000000e+00
1.000000e+00
1.000000e+00
1.000000e+00
1.000000e+00
1.000000e+00
1.000000e+00
1.000000e+00
1.000000e+00
1.000000e+00
1.000000e+00
1.000000e+00
1.000000e+00
1.000000e+00
1.000000e+00
1.000000e+00
1.000000e+00
1.000000e+00
1.000000e+00
1.000000e+00
1.000000e+00
1.000000e+00
1.000000e+00
1.000000e+00
1.000000e+00
1.000000e+00
1.000000e+00
1.000000e+00
1.000000e+00
1.000000e+00
1.000000e+00
1.000000e+00
1.000000e+00
9.999999e-01
9.999999e-01
9.999999e-01
9.999998e-01
9.999997e-01
9.999995e-01
9.999992e-01
9.999987e-01
9.999978e-01
9.999964e-01
9.999940e-01
9.999901e-01
9.999837e-01
9.999731e-01
9.999557e-01
9.999270e-01
9.998796e-01
9.998016e-01
9.996729e-01
9.994609e-01
9.991114e-01
9.985358e-01
9.975883e-01
9.960300e-01
9.934713e-01
9.892815e-01
9.824502e-01
9.713909e-01
9.536910e-01
9.258762e-01
8.833975e-01
8.212742e-01
7.359462e-01
6.283172e-01
5.062508e-01
3.834345e-01
2.738859e-01
1.861845e-01
1.218533e-01
7.762978e-02
4.856836e-02
3.003212e-02
1.843322e-02
1.126200e-02
6.861150e-03
4.172763e-03
2.535071e-03
1.539134e-03
9.340982e-04
5.667681e-04
3.438394e-04
2.085779e-04
1.265198e-04
7.674258e-05
4.654869e-05
2.823437e-05
1.712580e-05
1.038807e-05
6.301351e-06
3.822675e-06
2.319257e-06
1.407436e-06
8.543759e-07
5.189728e-07
3.155329e-07
1.921810e-07
1.173606e-07
7.201697e-08
4.451400e-08
2.786694e-08
1.777179e-08
1.168076e-08
7.990154e-09
5.781740e-09
4.447684e-09
3.666965e-09
3.200184e-09
2.944123e-09
2.796670e-09
2.733118e-09
2.703347e-09
2.710163e-09
2.723842e-09
2.756131e-09
2.785905e-09
2.827183e-09
2.862952e-09
2.907180e-09
2.945195e-09
2.990174e-09
3.029029e-09
3.073965e-09
3.113115e-09
3.157732e-09
3.196957e-09
3.241163e-09
3.280363e-09
3.324134e-09
3.363254e-09
3.406587e-09
3.445592e-09
3.488493e-09
3.527355e-09
3.569830e-09
3.608528e-09
3.650582e-09
3.689095e-09
3.730733e-09
3.769041e-09
3.810267e-09
3.848355e-09
3.889171e-09
3.927023e-09
3.967430e-09
4.005032e-09
4.045029e-09
4.082367e-09
4.121954e-09
4.159016e-09
4.198193e-09
4.234965e-09
4.273731e-09
4.310203e-09
4.348554e-09
4.384715e-09
4.422650e-09
4.458489e-09
4.496006e-09
4.531513e-09
4.568607e-09
4.603773e-09
4.640442e-09
4.675257e-09
4.711498e-09
4.745953e-09
4.781761e-09
4.815848e-09
4.851220e-09
4.884931e-09
4.919862e-09
4.953188e-09
4.987675e-09
5.020609e-09
5.054648e-09
5.087181e-09
5.120768e-09
5.152894e-09
5.186024e-09
5.217735e-09
5.250404e-09
5.281694e-09
5.313897e-09
5.344758e-09
5.376492e-09
5.406918e-09
5.438178e-09
5.468162e-09
5.498943e-09
5.528480e-09
5.558779e-09
5.587861e-09
5.617672e-09
5.646294e-09
5.675615e-09
5.703770e-09
5.732594e-09
5.760278e-09
5.788603e-09
5.815809e-09
5.843629e-09
5.870352e-09
5.897663e-09
5.923897e-09
5.950696e-09
5.976437e-09
6.002719e-09
6.027960e-09
6.053721e-09
6.078458e-09
6.103695e-09
6.127923e-09
6.152631e-09
6.176346e-09
6.200521e-09
6.223717e-09
6.247356e-09
6.270029e-09
6.293129e-09
6.315274e-09
6.337829e-09
6.359444e-09
6.381452e-09
6.402530e-09
6.423988e-09
6.444526e-09
6.465430e-09
6.485425e-09
6.505771e-09
6.525218e-09
6.545004e-09
6.563899e-09
6.583121e-09
6.601460e-09
6.620116e-09
6.637896e-09
6.655982e-09
6.673201e-09
6.690714e-09
6.707367e-09
6.724305e-09
6.740389e-09
6.756748e-09
6.772261e-09
6.788039e-09
6.802977e-09
6.818173e-09
6.832533e-09
6.847142e-09
6.860922e-09
6.874943e-09
6.888140e-09
6.901571e-09
6.914182e-09
6.927020e-09
6.939043e-09
6.951287e-09
6.962720e-09
6.974368e-09
6.985207e-09
6.996257e-09
7.006502e-09
7.016952e-09
7.026600e-09
7.036448e-09
7.045498e-09
7.054742e-09
7.063192e-09
7.071831e-09
7.079679e-09
7.087712e-09
7.094957e-09
7.102383e-09
7.109022e-09
7.115839e-09
7.121872e-09
7.128080e-09
7.133505e-09
7.139103e-09
7.143919e-09
7.148906e-09
7.153112e-09
7.157487e-09
7.161083e-09
7.164845e-09
7.167829e-09
7.170979e-09
7.173351e-09
7.175887e-09
7.177647e-09
7.179569e-09
7.180715e-09
7.182023e-09
7.182556e-09
7.183250e-09
