8.526064e-09
8.526115e-09
8.525331e-09
8.524650e-09
8.523133e-09
8.521720e-09
8.519472e-09
8.517327e-09
8.514347e-09
8.511471e-09
8.507759e-09
8.504154e-09
8.499711e-09
8.495375e-09
8.490202e-09
8.485138e-09
8.479236e-09
8.473444e-09
8.466813e-09
8.460296e-09
8.452936e-09
8.445694e-09
8.437608e-09
8.429642e-09
8.420831e-09
8.412143e-09
8.402608e-09
8.393200e-09
8.382942e-09
8.372816e-09
8.361837e-09
8.350995e-09
8.339297e-09
8.327740e-09
8.315324e-09
8.303056e-09
8.289925e-09
8.276946e-09
8.263102e-09
8.249417e-09
8.234862e-09
8.220472e-09
8.205208e-09
8.190116e-09
8.174147e-09
8.158355e-09
8.141682e-09
8.125195e-09
8.107821e-09
8.090641e-09
8.072569e-09
8.054700e-09
8.035933e-09
8.017377e-09
7.997918e-09
7.978680e-09
7.958532e-09
7.938615e-09
7.917782e-09
7.897189e-09
7.875674e-09
7.854410e-09
7.832217e-09
7.810286e-09
7.787417e-09
7.764822e-09
7.741283e-09
7.718030e-09
7.693823e-09
7.669915e-09
7.645045e-09
7.620488e-09
7.594957e-09
7.569755e-09
7.543569e-09
7.517727e-09
7.490890e-09
7.464412e-09
7.436929e-09
7.409821e-09
7.381695e-09
7.353962e-09
7.325199e-09
7.296847e-09
7.267450e-09
7.238483e-09
7.208458e-09
7.178883e-09
7.148234e-09
7.118056e-09
7.086788e-09
7.056014e-09
7.024132e-09
6.992767e-09
6.960276e-09
6.928326e-09
6.895231e-09
6.862703e-09
6.829010e-09
6.795910e-09
6.761623e-09
6.727958e-09
6.693083e-09
6.658860e-09
6.623401e-09
6.588627e-09
6.552591e-09
6.517272e-09
6.480664e-09
6.444808e-09
6.407633e-09
6.371248e-09
6.333512e-09
6.296605e-09
6.258312e-09
6.220891e-09
6.182048e-09
6.144120e-09
6.104732e-09
6.066307e-09
6.026379e-09
5.987463e-09
5.947002e-09
5.907605e-09
5.866614e-09
5.826744e-09
5.785230e-09
5.744897e-09
5.702864e-09
5.662077e-09
5.619531e-09
5.578300e-09
5.535246e-09
5.493579e-09
5.450022e-09
5.407931e-09
5.363875e-09
5.321370e-09
5.276820e-09
5.233911e-09
5.188871e-09
5.145571e-09
5.100046e-09
5.056365e-09
5.010358e-09
4.966310e-09
4.919823e-09
4.875420e-09
4.828458e-09
4.783713e-09
4.736277e-09
4.691205e-09
4.643297e-09
4.597913e-09
4.549534e-09
4.503853e-09
4.455004e-09
4.409043e-09
4.359722e-09
4.313500e-09
4.263706e-09
4.217241e-09
4.166970e-09
4.120286e-09
4.069534e-09
4.022653e-09
3.971416e-09
3.924367e-09
3.872641e-09
3.825460e-09
3.773248e-09
3.725993e-09
3.673321e-09
3.626092e-09
3.573053e-09
3.526073e-09
3.472945e-09
3.426759e-09
3.374337e-09
3.330353e-09
3.280839e-09
3.242807e-09
3.202240e-09
3.180263e-09
3.165129e-09
3.186562e-09
3.241756e-09
3.380835e-09
3.628501e-09
4.086870e-09
4.859158e-09
6.184769e-09
8.384720e-09
1.206685e-08
1.814938e-08
2.823602e-08
4.487457e-08
7.236901e-08
1.177041e-07
1.925160e-07
3.158593e-07
5.192908e-07
8.546855e-07
1.407737e-06
2.319550e-06
3.822960e-06
6.301629e-06
1.038834e-05
1.712607e-05
2.823463e-05
4.654896e-05
7.674285e-05
1.265201e-04
2.085783e-04
3.438398e-04
5.667686e-04
9.340989e-04
1.539135e-03
2.535073e-03
4.172766e-03
6.861153e-03
1.126200e-02
1.843323e-02
3.003213e-02
4.856838e-02
7.762982e-02
1.218534e-01
1.861846e-01
2.738860e-01
3.834347e-01
5.062509e-01
6.283173e-01
7.359464e-01
8.212743e-01
8.833975e-01
9.258763e-01
9.536911e-01
9.713909e-01
9.824502e-01
9.892815e-01
9.934713e-01
9.960300e-01
9.975883e-01
9.985358e-01
9.991114e-01
9.994609e-01
9.996729e-01
9.998016e-01
9.998796e-01
9.999270e-01
9.999557e-01
9.999731e-01
9.999837e-01
9.999901e-01
9.999940e-01
9.999964e-01
9.999978e-01
9.999987e-01
9.999992e-01
9.999995e-01
9.999997e-01
9.999998e-01
9.999999e-01
9.999999e-01
9.999999e-01
1.000000e+00
1.000000e+00
1.000000e+00
1.000000e+00
1.000000e+00
1.000000e+00
1.000000e+00
1.000000e+00
1.000000e+00
1.000000e+00
1.000000e+00
1.000000e+00
1.000000e+00
1.000000e+00
1.000000e+00
1.000000e+00
1.000000e+00
1.000000e+00
1.000000e+00
1.000000e+00
1.000000e+00
1.000000e+00
1.000000e+00
1.000000e+00
1.000000e+00
1.000000e+00
1.000000e+00
1.000000e+00
1.000000e+00
1.000000e+00
1.000000e+00
1.000000e+00
1.000000e+00
1.000000e+00
1.000000e+00
1.000000e+00
1.000000e+00
1.000000e+00
1.000000e+00
1.000000e+00
1.000000e+00
1.000000e+00
1.000000e+00
1.000000e+00
1.000000e+00
1.000000e+00
1.000000e+00
1.000000e+00
1.000000e+00
1.000000e+00
1.000000e+00
1.000000e+00
1.000000e+00
1.000000e+00
1.000000e+00
1.000000e+00
1.000000e+00
1.000000e+00
1.000000e+00
1.000000e+00
1.000000e+00
1.000000e+00
1.000000e+00
1.000000e+00
1.000000e+00
1.000000e+00
1.000000e+00
1.000000e+00
1.000000e+00
1.000000e+00
1.000000e+00
1.000000e+00
1.000000e+00
1.000000e+00
1.000000e+00
1.000000e+00
1.000000e+00
1.000000e+00
1.000000e+00
1.000000e+00
1.000000e+00
1.000000e+00
1.000000e+00
1.000000e+00
1.000000e+00
1.000000e+00
1.000000e+00
1.000000e+00
1.000000e+00
1.000000e+00
1.000000e+00
1.000000e+00
1.000000e+00
1.000000e+00
1.000000e+00
1.000000e+00
1.000000e+00
1.000000e+00
1.000000e+00
1.000000e+00
1.000000e+00
1.000000e+00
1.000000e+00
1.000000e+00
1.000000e+00
1.000000e+00
1.000000e+00
1.000000e+00
1.000000e+00
1.000000e+00
1.000000e+00
1.000000e+00
1.000000e+00
1.000000e+00
1.000000e+00
1.000000e+00
1.000000e+00
1.000000e+00
1.000000e+00
1.000000e+00
1.000000e+00
1.000000e+00
1.000000e+00
1.000000e+00
1.000000e+00
1.000000e+00
1.000000e+00
1.000000e+00
1.000000e+00
1.000000e+00
1.000000e+00
1.000000e+00
1.000000e+00
9.999999e-01
9.999999e-01
9.999999e-01
9.999999e-01
9.999999e-01
9.999999e-01
9.999999e-01
9.999999e-01
9.999999e-01
9.999999e-01
9.999999e-01
9.999999e-01
9.999999e-01
9.999999e-01
9.999999e-01
9.999999e-01
9.999999e-01
9.999999e-01
9.999999e-01
9.999999e-01
9.999999e-01
9.999999e-01
9.999999e-01
9.999999e-01
9.999999e-01
9.999999e-01
9.999999e-01
9.999999e-01
9.999999e-01
9.999999e-01
9.999999e-01
9.999999e-01
9.999999e-01
9.999999e-01
9.999999e-01
9.999999e-01
9.999999e-01
9.999999e-01
9.999999e-01
9.999999e-01
9.999999e-01
9.999999e-01
9.999999e-01
9.999999e-01
9.999999e-01
9.999999e-01
9.999999e-01
9.999999e-01
9.999999e-01
9.999999e-01
9.999999e-01
9.999999e-01
9.999999e-01
9.999999e-01
9.999999e-01
9.999999e-01
9.999999e-01
9.999999e-01
9.999999e-01
9.999999e-01
9.999999e-01
9.999999e-01
9.999999e-01
9.999999e-01
9.999999e-01
9.999999e-01
9.999999e-01
9.999999e-01
9.999999e-01
9.999999e-01
9.999999e-01
9.999999e-01
9.999999e-01
9.999999e-01
9.999999e-01
9.999999e-01
9.999999e-01
9.999999e-01
9.999999e-01
9.999999e-01
9.999999e-01
9.999999e-01
9.999999e-01
9.999999e-01
9.999999e-01
9.999999e-01
9.999999e-01
9.999999e-01
9.999999e-01
9.999999e-01
9.999999e-01
9.999999e-01
9.999999e-01
9.999999e-01
9.999999e-01
9.999999e-01
9.999999e-01
9.999999e-01
9.999999e-01
9.999999e-01
9.999999e-01
9.999999e-01
9.999999e-01
9.999999e-01
9.999999e-01
9.999999e-01
9.999999e-01
9.999999e-01
9.999999e-01
9.999999e-01
9.999999e-01
9.999999e-01
9.999999e-01
9.999999e-01
9.999999e-01
9.999999e-01
9.999999e-01
9.999999e-01
9.999999e-01
9.999999e-01
9.999999e-01
9.999999e-01
9.999999e-01
9.999999e-01
9.999999e-01
9.999999e-01
9.999999e-01
9.999999e-01
9.999999e-01
9.999999e-01
9.999999e-01
9.999999e-01
9.999999e-01
9.999999e-01
9.999999e-01
9.999999e-01
9.999999e-01
9.999999e-01
9.999999e-01
9.999999e-01
9.999999e-01
9.999999e-01
9.999999e-01
9.999999e-01
9.999999e-01
9.999999e-01
9.999999e-01
9.999999e-01
9.999999e-01
9.999999e-01
9.999999e-01
9.999999e-01
9.999999e-01
9.999999e-01
9.999999e-01
9.999999e-01
9.999999e-01
9.999999e-01
9.999999e-01
9.999999e-01
9.999999e-01
9.999999e-01
9.999999e-01
9.999999e-01
9.999999e-01
9.999999e-01
9.999999e-01
9.999999e-01
9.999999e-01
9.999999e-01
9.999999e-01
9.999999e-01
9.999999e-01
9.999999e-01
9.999999e-01
9.999999e-01
9.999999e-01
9.999999e-01
9.999999e-01
9.999999e-01
9.999999e-01
9.999999e-01
9.999999e-01
9.999999e-01
9.999999e-01
9.999999e-01
9.999999e-01
9.999999e-01
9.999999e-01
9.999999e-01
9.999999e-01
9.999999e-01
9.999999e-01
9.999999e-01
9.999999e-01
9.999999e-01
9.999999e-01
9.999999e-01
9.999999e-01
9.999999e-01
9.999999e-01
9.999999e-01
9.999999e-01
9.999999e-01
9.999999e-01
9.999999e-01
9.999999e-01
9.999999e-01
9.999999e-01
9.999999e-01
9.999999e-01
9.999999e-01
9.999999e-01
9.999999e-01
9.999999e-01
9.999999e-01
9.999999e-01
9.999999e-01
9.999999e-01
9.999999e-01
9.999999e-01
9.999999e-01
9.999999e-01
9.999999e-01
9.999999e-01
9.999999e-01
9.999999e-01
9.999999e-01
9.999999e-01
1.000000e+00
1.000000e+00
1.000000e+00
1.000000e+00
1.000000e+00
1.000000e+00
1.000000e+00
1.000000e+00
1.000000e+00
1.000000e+00
1.000000e+00
1.000000e+00
1.000000e+00
1.000000e+00
1.000000e+00
1.000000e+00
1.000000e+00
1.000000e+00
1.000000e+00
1.000000e+00
1.000000e+00
1.000000e+00
1.000000e+00
1.000000e+00
1.000000e+00
1.000000e+00
1.000000e+00
1.000000e+00
1.000000e+00
1.000000e+00
1.000000e+00
1.000000e+00
1.000000e+00
1.000000e+00
1.000000e+00
1.000000e+00
1.000000e+00
1.000000e+00
1.000000e+00
1.000000e+00
1.000000e+00
1.000000e+00
1.000000e+00
1.000000e+00
1.000000e+00
1.000000e+00
1.000000e+00
1.000000e+00
1.000000e+00
1.000000e+00
1.000000e+00
1.000000e+00
1.000000e+00
1.000000e+00
1.000000e+00
1.000000e+00
1.000000e+00
1.000000e+00
1.000000e+00
1.000000e+00
1.000000e+00
1.000000e+00
1.000000e+00
1.000000e+00
1.000000e+00
1.000000e+00
1.000000e+00
1.000000e+00
1.000000e+00
1.000000e+00
1.000000e+00
1.000000e+00
1.000000e+00
1.000000e+00
1.000000e+00
1.000000e+00
1.000000e+00
1.000000e+00
1.000000e+00
1.000000e+00
1.000000e+00
1.000000e+00
1.000000e+00
1.000000e+00
1.000000e+00
1.000000e+00
1.000000e+00
1.000000e+00
1.000000e+00
1.000000e+00
1.000000e+00
1.000000e+00
1.000000e+00
1.000000e+00
1.000000e+00
1.000000e+00
1.000000e+00
1.000000e+00
1.000000e+00
1.000000e+00
1.000000e+00
1.000000e+00
1.000000e+00
1.000000e+00
1.000000e+00
1.000000e+00
1.000000e+00
1.000000e+00
1.000000e+00
1.000000e+00
1.000000e+00
1.000000e+00
1.000000e+00
1.000000e+00
1.000000e+00
1.000000e+00
1.000000e+00
1.000000e+00
1.000000e+00
1.000000e+00
1.000000e+00
1.000000e+00
1.000000e+00
1.000000e+00
1.000000e+00
1.000000e+00
1.000000e+00
1.000000e+00
1.000000e+00
1.000000e+00
1.000000e+00
1.000000e+00
1.000000e+00
9.999999e-01
9.999999e-01
9.999999e-01
9.999998e-01
9.999997e-01
9.999995e-01
9.999992e-01
9.999987e-01
9.999978e-01
9.999964e-01
9.999940e-01
9.999901e-01
9.999837e-01
9.999731e-01
9.999557e-01
9.999270e-01
9.998796e-01
9.998016e-01
9.996729e-01
9.994609e-01
9.991114e-01
9.985358e-01
9.975883e-01
9.960300e-01
9.934713e-01
9.892815e-01
9.824502e-01
9.713909e-01
9.536911e-01
9.258763e-01
8.833975e-01
8.212743e-01
7.359464e-01
6.283173e-01
5.062509e-01
3.834347e-01
2.738860e-01
1.861846e-01
1.218534e-01
7.762982e-02
4.856838e-02
3.003213e-02
1.843323e-02
1.126200e-02
6.861153e-03
4.172766e-03
2.535073e-03
1.539135e-03
9.340989e-04
5.667686e-04
3.438398e-04
2.085783e-04
1.265201e-04
7.674285e-05
4.654896e-05
2.823463e-05
1.712607e-05
1.038834e-05
6.301629e-06
3.822960e-06
2.319550e-06
1.407737e-06
8.546855e-07
5.192908e-07
3.158594e-07
1.925160e-07
1.177042e-07
7.236904e-08
4.487460e-08
2.823605e-08
1.814941e-08
1.206688e-08
8.384755e-09
6.184805e-09
4.859196e-09
4.086909e-09
3.628542e-09
3.380876e-09
3.241799e-09
3.186606e-09
3.165174e-09
3.180310e-09
3.202288e-09
3.242856e-09
3.280889e-09
3.330405e-09
3.374390e-09
3.426813e-09
3.473000e-09
3.526128e-09
3.573108e-09
3.626149e-09
3.673379e-09
3.726051e-09
3.773308e-09
3.825521e-09
3.872702e-09
3.924428e-09
3.971479e-09
4.022716e-09
4.069599e-09
4.120351e-09
4.167036e-09
4.217308e-09
4.263773e-09
4.313567e-09
4.359791e-09
4.409112e-09
4.455073e-09
4.503923e-09
4.549604e-09
4.597983e-09
4.643368e-09
4.691275e-09
4.736348e-09
4.783783e-09
4.828528e-09
4.875489e-09
4.919892e-09
4.966378e-09
5.010425e-09
5.056432e-09
5.100112e-09
5.145637e-09
5.188936e-09
5.233975e-09
5.276882e-09
5.321431e-09
5.363935e-09
5.407989e-09
5.450079e-09
5.493635e-09
5.535300e-09
5.578353e-09
5.619583e-09
5.662127e-09
5.702913e-09
5.744944e-09
5.785275e-09
5.826788e-09
5.866656e-09
5.907645e-09
5.947041e-09
5.987501e-09
6.026415e-09
6.066342e-09
6.104766e-09
6.144152e-09
6.182078e-09
6.220920e-09
6.258340e-09
6.296631e-09
6.333536e-09
6.371271e-09
6.407655e-09
6.444829e-09
6.480683e-09
6.517290e-09
6.552607e-09
6.588642e-09
6.623415e-09
6.658873e-09
6.693095e-09
6.727969e-09
6.761633e-09
6.795919e-09
6.829018e-09
6.862711e-09
6.895238e-09
6.928332e-09
6.960281e-09
6.992771e-09
7.024136e-09
7.056017e-09
7.086791e-09
7.118058e-09
7.148236e-09
7.178884e-09
7.208459e-09
7.238483e-09
7.267449e-09
7.296846e-09
7.325198e-09
7.353961e-09
7.381693e-09
7.409818e-09
7.436926e-09
7.464409e-09
7.490887e-09
7.517723e-09
7.543565e-09
7.569750e-09
7.594953e-09
7.620483e-09
7.645040e-09
7.669911e-09
7.693818e-09
7.718025e-09
7.741279e-09
7.764819e-09
7.787413e-09
7.810281e-09
7.832213e-09
7.854407e-09
7.875671e-09
7.897186e-09
7.917779e-09
7.938613e-09
7.958531e-09
7.978678e-09
7.997917e-09
8.017376e-09
8.035932e-09
8.054699e-09
8.072569e-09
8.090641e-09
8.107822e-09
8.125196e-09
8.141683e-09
8.158357e-09
8.174149e-09
8.190118e-09
8.205211e-09
8.220475e-09
8.234866e-09
8.249421e-09
8.263107e-09
8.276951e-09
8.289930e-09
8.303061e-09
8.315331e-09
8.327746e-09
8.339304e-09
8.351002e-09
8.361845e-09
8.372824e-09
8.382951e-09
8.393209e-09
8.402617e-09
8.412153e-09
8.420840e-09
8.429652e-09
8.437618e-09
8.445704e-09
8.452946e-09
8.460305e-09
8.466823e-09
8.473454e-09
8.479245e-09
8.485148e-09
8.490211e-09
8.495385e-09
8.499719e-09
8.504162e-09
8.507767e-09
8.511479e-09
8.514353e-09
8.517333e-09
8.519477e-09
8.521725e-09
8.523137e-09
8.524653e-09
8.525333e-09
8.526116e-09
