5.111639e-09
5.111765e-09
5.111206e-09
5.110899e-09
5.109908e-09
5.109169e-09
5.107746e-09
5.106576e-09
5.104720e-09
5.103118e-09
5.100830e-09
5.098798e-09
5.096078e-09
5.093615e-09
5.090464e-09
5.087571e-09
5.083989e-09
5.080667e-09
5.076654e-09
5.072904e-09
5.068461e-09
5.064283e-09
5.059411e-09
5.054806e-09
5.049504e-09
5.044475e-09
5.038745e-09
5.033291e-09
5.027133e-09
5.021255e-09
5.014672e-09
5.008372e-09
5.001363e-09
4.994642e-09
4.987208e-09
4.980067e-09
4.972211e-09
4.964651e-09
4.956373e-09
4.948397e-09
4.939697e-09
4.931306e-09
4.922187e-09
4.913382e-09
4.903845e-09
4.894628e-09
4.884674e-09
4.875048e-09
4.864678e-09
4.854644e-09
4.843861e-09
4.833421e-09
4.822225e-09
4.811380e-09
4.799775e-09
4.788529e-09
4.776514e-09
4.764869e-09
4.752448e-09
4.740405e-09
4.727579e-09
4.715141e-09
4.701912e-09
4.689082e-09
4.675452e-09
4.662232e-09
4.648203e-09
4.634596e-09
4.620170e-09
4.606178e-09
4.591358e-09
4.576984e-09
4.561771e-09
4.547018e-09
4.531415e-09
4.516287e-09
4.500296e-09
4.484794e-09
4.468419e-09
4.452547e-09
4.435788e-09
4.419550e-09
4.402411e-09
4.385810e-09
4.368292e-09
4.351331e-09
4.333438e-09
4.316121e-09
4.297855e-09
4.280185e-09
4.261549e-09
4.243529e-09
4.224526e-09
4.206161e-09
4.186793e-09
4.168086e-09
4.148356e-09
4.129311e-09
4.109221e-09
4.089844e-09
4.069397e-09
4.049690e-09
4.028890e-09
4.008857e-09
3.987706e-09
3.967353e-09
3.945853e-09
3.925184e-09
3.903339e-09
3.882358e-09
3.860170e-09
3.838883e-09
3.816355e-09
3.794766e-09
3.771900e-09
3.750014e-09
3.726814e-09
3.704636e-09
3.681104e-09
3.658640e-09
3.634778e-09
3.612033e-09
3.587845e-09
3.564824e-09
3.540311e-09
3.517021e-09
3.492187e-09
3.468633e-09
3.443478e-09
3.419667e-09
3.394195e-09
3.370133e-09
3.344345e-09
3.320040e-09
3.293938e-09
3.269395e-09
3.242981e-09
3.218209e-09
3.191484e-09
3.166491e-09
3.139455e-09
3.114248e-09
3.086903e-09
3.061491e-09
3.033838e-09
3.008229e-09
2.980267e-09
2.954472e-09
2.926201e-09
2.900229e-09
2.871648e-09
2.845511e-09
2.816618e-09
2.790326e-09
2.761119e-09
2.734686e-09
2.705161e-09
2.678600e-09
2.648753e-09
2.622078e-09
2.591905e-09
2.565132e-09
2.534625e-09
2.507772e-09
2.476923e-09
2.450012e-09
2.418813e-09
2.391868e-09
2.360312e-09
2.333366e-09
2.301452e-09
2.274557e-09
2.242308e-09
2.215563e-09
2.183068e-09
2.156691e-09
2.124225e-09
2.098758e-09
2.067111e-09
2.043958e-09
2.015328e-09
1.998235e-09
1.978660e-09
1.977726e-09
1.983686e-09
2.026262e-09
2.102650e-09
2.262969e-09
2.531923e-09
3.011624e-09
3.805291e-09
5.152322e-09
7.373736e-09
1.107736e-08
1.718144e-08
2.728966e-08
4.394981e-08
7.146588e-08
1.168226e-07
1.916561e-07
3.150211e-07
5.184740e-07
8.538900e-07
1.406963e-06
2.318796e-06
3.822226e-06
6.300913e-06
1.038764e-05
1.712538e-05
2.823395e-05
4.654827e-05
7.674214e-05
1.265193e-04
2.085774e-04
3.438387e-04
5.667673e-04
9.340971e-04
1.539133e-03
2.535069e-03
4.172759e-03
6.861143e-03
1.126199e-02
1.843320e-02
3.003209e-02
4.856831e-02
7.762971e-02
1.218532e-01
1.861843e-01
2.738857e-01
3.834343e-01
5.062505e-01
6.283170e-01
7.359461e-01
8.212741e-01
8.833974e-01
9.258762e-01
9.536910e-01
9.713909e-01
9.824501e-01
9.892815e-01
9.934713e-01
9.960300e-01
9.975883e-01
9.985358e-01
9.991114e-01
9.994609e-01
9.996729e-01
9.998016e-01
9.998796e-01
9.999270e-01
9.999557e-01
9.999731e-01
9.999837e-01
9.999901e-01
9.999940e-01
9.999964e-01
9.999978e-01
9.999987e-01
9.999992e-01
9.999995e-01
9.999997e-01
9.999998e-01
9.999999e-01
9.999999e-01
1.000000e+00
1.000000e+00
1.000000e+00
1.000000e+00
1.000000e+00
1.000000e+00
1.000000e+00
1.000000e+00
1.000000e+00
1.000000e+00
1.000000e+00
1.000000e+00
1.000000e+00
1.000000e+00
1.000000e+00
1.000000e+00
1.000000e+00
1.000000e+00
1.000000e+00
1.000000e+00
1.000000e+00
1.000000e+00
1.000000e+00
1.000000e+00
1.000000e+00
1.000000e+00
1.000000e+00
1.000000e+00
1.000000e+00
1.000000e+00
1.000000e+00
1.000000e+00
1.000000e+00
1.000000e+00
1.000000e+00
1.000000e+00
1.000000e+00
1.000000e+00
1.000000e+00
1.000000e+00
1.000000e+00
1.000000e+00
1.000000e+00
1.000000e+00
1.000000e+00
1.000000e+00
1.000000e+00
1.000000e+00
1.000000e+00
1.000000e+00
1.000000e+00
1.000000e+00
1.000000e+00
1.000000e+00
1.000000e+00
1.000000e+00
1.000000e+00
1.000000e+00
1.000000e+00
1.000000e+00
1.000000e+00
1.000000e+00
1.000000e+00
1.000000e+00
1.000000e+00
1.000000e+00
1.000000e+00
1.000000e+00
1.000000e+00
1.000000e+00
1.000000e+00
1.000000e+00
1.000000e+00
1.000000e+00
1.000000e+00
1.000000e+00
1.000000e+00
1.000000e+00
1.000000e+00
1.000000e+00
1.000000e+00
1.000000e+00
1.000000e+00
1.000000e+00
1.000000e+00
1.000000e+00
1.000000e+00
1.000000e+00
1.000000e+00
1.000000e+00
1.000000e+00
1.000000e+00
1.000000e+00
1.000000e+00
1.000000e+00
1.000000e+00
1.000000e+00
1.000000e+00
1.000000e+00
1.000000e+00
1.000000e+00
1.000000e+00
1.000000e+00
1.000000e+00
1.000000e+00
1.000000e+00
1.000000e+00
1.000000e+00
1.000000e+00
1.000000e+00
1.000000e+00
1.000000e+00
1.000000e+00
1.000000e+00
1.000000e+00
1.000000e+00
1.000000e+00
1.000000e+00
1.000000e+00
1.000000e+00
1.000000e+00
1.000000e+00
1.000000e+00
1.000000e+00
1.000000e+00
1.000000e+00
1.000000e+00
1.000000e+00
1.000000e+00
1.000000e+00
1.000000e+00
1.000000e+00
1.000000e+00
1.000000e+00
1.000000e+00
1.000000e+00
1.000000e+00
1.000000e+00
1.000000e+00
1.000000e+00
1.000000e+00
1.000000e+00
1.000000e+00
1.000000e+00
1.000000e+00
1.000000e+00
1.000000e+00
1.000000e+00
1.000000e+00
1.000000e+00
1.000000e+00
1.000000e+00
1.000000e+00
1.000000e+00
1.000000e+00
1.000000e+00
1.000000e+00
1.000000e+00
1.000000e+00
1.000000e+00
1.000000e+00
1.000000e+00
1.000000e+00
1.000000e+00
1.000000e+00
1.000000e+00
1.000000e+00
1.000000e+00
1.000000e+00
1.000000e+00
1.000000e+00
1.000000e+00
1.000000e+00
1.000000e+00
1.000000e+00
1.000000e+00
1.000000e+00
1.000000e+00
1.000000e+00
1.000000e+00
1.000000e+00
1.000000e+00
1.000000e+00
1.000000e+00
1.000000e+00
1.000000e+00
1.000000e+00
1.000000e+00
1.000000e+00
1.000000e+00
1.000000e+00
1.000000e+00
1.000000e+00
1.000000e+00
1.000000e+00
1.000000e+00
1.000000e+00
1.000000e+00
1.000000e+00
1.000000e+00
1.000000e+00
1.000000e+00
1.000000e+00
1.000000e+00
1.000000e+00
1.000000e+00
1.000000e+00
1.000000e+00
1.000000e+00
1.000000e+00
1.000000e+00
1.000000e+00
1.000000e+00
1.000000e+00
1.000000e+00
1.000000e+00
1.000000e+00
1.000000e+00
1.000000e+00
1.000000e+00
1.000000e+00
1.000000e+00
1.000000e+00
1.000000e+00
1.000000e+00
1.000000e+00
1.000000e+00
1.000000e+00
1.000000e+00
1.000000e+00
1.000000e+00
1.000000e+00
1.000000e+00
1.000000e+00
1.000000e+00
1.000000e+00
1.000000e+00
1.000000e+00
1.000000e+00
1.000000e+00
1.000000e+00
1.000000e+00
1.000000e+00
1.000000e+00
1.000000e+00
1.000000e+00
1.000000e+00
1.000000e+00
1.000000e+00
1.000000e+00
1.000000e+00
1.000000e+00
1.000000e+00
1.000000e+00
1.000000e+00
1.000000e+00
1.000000e+00
1.000000e+00
1.000000e+00
1.000000e+00
1.000000e+00
1.000000e+00
1.000000e+00
1.000000e+00
1.000000e+00
1.000000e+00
1.000000e+00
1.000000e+00
1.000000e+00
1.000000e+00
1.000000e+00
1.000000e+00
1.000000e+00
1.000000e+00
1.000000e+00
1.000000e+00
1.000000e+00
1.000000e+00
1.000000e+00
1.000000e+00
1.000000e+00
1.000000e+00
1.000000e+00
1.000000e+00
1.000000e+00
1.000000e+00
1.000000e+00
1.000000e+00
1.000000e+00
1.000000e+00
1.000000e+00
1.000000e+00
1.000000e+00
1.000000e+00
1.000000e+00
1.000000e+00
1.000000e+00
1.000000e+00
1.000000e+00
1.000000e+00
1.000000e+00
1.000000e+00
1.000000e+00
1.000000e+00
1.000000e+00
1.000000e+00
1.000000e+00
1.000000e+00
1.000000e+00
1.000000e+00
1.000000e+00
1.000000e+00
1.000000e+00
1.000000e+00
1.000000e+00
1.000000e+00
1.000000e+00
1.000000e+00
1.000000e+00
1.000000e+00
1.000000e+00
1.000000e+00
1.000000e+00
1.000000e+00
1.000000e+00
1.000000e+00
1.000000e+00
1.000000e+00
1.000000e+00
1.000000e+00
1.000000e+00
1.000000e+00
1.000000e+00
1.000000e+00
1.000000e+00
1.000000e+00
1.000000e+00
1.000000e+00
1.000000e+00
1.000000e+00
1.000000e+00
1.000000e+00
1.000000e+00
1.000000e+00
1.000000e+00
1.000000e+00
1.000000e+00
1.000000e+00
1.000000e+00
1.000000e+00
1.000000e+00
1.000000e+00
1.000000e+00
1.000000e+00
1.000000e+00
1.000000e+00
1.000000e+00
1.000000e+00
1.000000e+00
1.000000e+00
1.000000e+00
1.000000e+00
1.000000e+00
1.000000e+00
1.000000e+00
1.000000e+00
1.000000e+00
1.000000e+00
1.000000e+00
1.000000e+00
1.000000e+00
1.000000e+00
1.000000e+00
1.000000e+00
1.000000e+00
1.000000e+00
1.000000e+00
1.000000e+00
1.000000e+00
1.000000e+00
1.000000e+00
1.000000e+00
1.000000e+00
1.000000e+00
1.000000e+00
1.000000e+00
1.000000e+00
1.000000e+00
1.000000e+00
1.000000e+00
1.000000e+00
1.000000e+00
1.000000e+00
1.000000e+00
1.000000e+00
1.000000e+00
1.000000e+00
1.000000e+00
1.000000e+00
1.000000e+00
1.000000e+00
1.000000e+00
1.000000e+00
1.000000e+00
1.000000e+00
1.000000e+00
1.000000e+00
1.000000e+00
1.000000e+00
1.000000e+00
1.000000e+00
1.000000e+00
1.000000e+00
1.000000e+00
1.000000e+00
1.000000e+00
1.000000e+00
1.000000e+00
1.000000e+00
1.000000e+00
1.000000e+00
1.000000e+00
1.000000e+00
1.000000e+00
1.000000e+00
1.000000e+00
1.000000e+00
1.000000e+00
1.000000e+00
1.000000e+00
1.000000e+00
1.000000e+00
1.000000e+00
1.000000e+00
1.000000e+00
1.000000e+00
1.000000e+00
1.000000e+00
1.000000e+00
1.000000e+00
1.000000e+00
1.000000e+00
1.000000e+00
1.000000e+00
1.000000e+00
1.000000e+00
1.000000e+00
1.000000e+00
1.000000e+00
1.000000e+00
1.000000e+00
1.000000e+00
1.000000e+00
1.000000e+00
1.000000e+00
1.000000e+00
1.000000e+00
1.000000e+00
1.000000e+00
1.000000e+00
1.000000e+00
1.000000e+00
1.000000e+00
1.000000e+00
1.000000e+00
1.000000e+00
1.000000e+00
1.000000e+00
1.000000e+00
1.000000e+00
1.000000e+00
1.000000e+00
1.000000e+00
1.000000e+00
1.000000e+00
1.000000e+00
1.000000e+00
1.000000e+00
1.000000e+00
1.000000e+00
1.000000e+00
1.000000e+00
1.000000e+00
1.000000e+00
1.000000e+00
1.000000e+00
1.000000e+00
1.000000e+00
1.000000e+00
1.000000e+00
1.000000e+00
1.000000e+00
1.000000e+00
1.000000e+00
1.000000e+00
1.000000e+00
1.000000e+00
9.999999e-01
9.999999e-01
9.999998e-01
9.999997e-01
9.999995e-01
9.999992e-01
9.999987e-01
9.999978e-01
9.999964e-01
9.999940e-01
9.999901e-01
9.999837e-01
9.999731e-01
9.999557e-01
9.999270e-01
9.998796e-01
9.998016e-01
9.996729e-01
9.994609e-01
9.991114e-01
9.985358e-01
9.975883e-01
9.960300e-01
9.934713e-01
9.892815e-01
9.824501e-01
9.713909e-01
9.536910e-01
9.258762e-01
8.833974e-01
8.212741e-01
7.359461e-01
6.283170e-01
5.062505e-01
3.834343e-01
2.738857e-01
1.861843e-01
1.218532e-01
7.762971e-02
4.856831e-02
3.003209e-02
1.843320e-02
1.126199e-02
6.861143e-03
4.172759e-03
2.535069e-03
1.539133e-03
9.340971e-04
5.667673e-04
3.438387e-04
2.085774e-04
1.265193e-04
7.674214e-05
4.654827e-05
2.823395e-05
1.712538e-05
1.038764e-05
6.300913e-06
3.822226e-06
2.318796e-06
1.406963e-06
8.538900e-07
5.184740e-07
3.150211e-07
1.916562e-07
1.168227e-07
7.146590e-08
4.394983e-08
2.728969e-08
1.718147e-08
1.107740e-08
7.373771e-09
5.152358e-09
3.805328e-09
3.011663e-09
2.531962e-09
2.263010e-09
2.102692e-09
2.026306e-09
1.983731e-09
1.977772e-09
1.978707e-09
1.998284e-09
2.015378e-09
2.044008e-09
2.067163e-09
2.098810e-09
2.124279e-09
2.156746e-09
2.183123e-09
2.215619e-09
2.242365e-09
2.274614e-09
2.301510e-09
2.333425e-09
2.360372e-09
2.391929e-09
2.418875e-09
2.450075e-09
2.476987e-09
2.507836e-09
2.534690e-09
2.565198e-09
2.591971e-09
2.622145e-09
2.648821e-09
2.678668e-09
2.705230e-09
2.734755e-09
2.761189e-09
2.790396e-09
2.816688e-09
2.845581e-09
2.871718e-09
2.900299e-09
2.926270e-09
2.954541e-09
2.980336e-09
3.008297e-09
3.033905e-09
3.061557e-09
3.086969e-09
3.114312e-09
3.139518e-09
3.166553e-09
3.191545e-09
3.218269e-09
3.243040e-09
3.269453e-09
3.293994e-09
3.320095e-09
3.344399e-09
3.370185e-09
3.394246e-09
3.419716e-09
3.443526e-09
3.468679e-09
3.492230e-09
3.517064e-09
3.540352e-09
3.564863e-09
3.587882e-09
3.612069e-09
3.634813e-09
3.658673e-09
3.681136e-09
3.704667e-09
3.726843e-09
3.750041e-09
3.771926e-09
3.794790e-09
3.816378e-09
3.838905e-09
3.860191e-09
3.882377e-09
3.903356e-09
3.925200e-09
3.945868e-09
3.967367e-09
3.987718e-09
4.008869e-09
4.028900e-09
4.049700e-09
4.069406e-09
4.089851e-09
4.109228e-09
4.129317e-09
4.148361e-09
4.168091e-09
4.186796e-09
4.206164e-09
4.224528e-09
4.243531e-09
4.261550e-09
4.280186e-09
4.297856e-09
4.316121e-09
4.333438e-09
4.351330e-09
4.368291e-09
4.385808e-09
4.402409e-09
4.419548e-09
4.435785e-09
4.452544e-09
4.468415e-09
4.484791e-09
4.500292e-09
4.516282e-09
4.531411e-09
4.547013e-09
4.561765e-09
4.576978e-09
4.591352e-09
4.606172e-09
4.620164e-09
4.634590e-09
4.648198e-09
4.662227e-09
4.675447e-09
4.689077e-09
4.701907e-09
4.715137e-09
4.727575e-09
4.740401e-09
4.752444e-09
4.764866e-09
4.776512e-09
4.788527e-09
4.799773e-09
4.811379e-09
4.822224e-09
4.833419e-09
4.843860e-09
4.854644e-09
4.864678e-09
4.875048e-09
4.884675e-09
4.894629e-09
4.903846e-09
4.913383e-09
4.922188e-09
4.931308e-09
4.939699e-09
4.948400e-09
4.956376e-09
4.964655e-09
4.972215e-09
4.980072e-09
4.987214e-09
4.994647e-09
5.001369e-09
5.008378e-09
5.014679e-09
5.021263e-09
5.027141e-09
5.033299e-09
5.038754e-09
5.044484e-09
5.049514e-09
5.054816e-09
5.059420e-09
5.064293e-09
5.068470e-09
5.072913e-09
5.076663e-09
5.080676e-09
5.083998e-09
5.087580e-09
5.090473e-09
5.093623e-09
5.096086e-09
5.098805e-09
5.100838e-09
5.103125e-09
5.104726e-09
5.106581e-09
5.107751e-09
5.109174e-09
5.109912e-09
5.110902e-09
5.111208e-09
5.111766e-09
