6.056905e-09
6.057010e-09
6.056389e-09
6.055979e-09
6.054843e-09
6.053918e-09
6.052267e-09
6.050829e-09
6.048663e-09
6.046710e-09
6.044030e-09
6.041563e-09
6.038369e-09
6.035390e-09
6.031682e-09
6.028191e-09
6.023969e-09
6.019966e-09
6.015232e-09
6.010719e-09
6.005472e-09
6.000450e-09
5.994692e-09
5.989161e-09
5.982892e-09
5.976854e-09
5.970076e-09
5.963532e-09
5.956245e-09
5.949196e-09
5.941402e-09
5.933850e-09
5.925549e-09
5.917494e-09
5.908688e-09
5.900134e-09
5.890824e-09
5.881771e-09
5.871959e-09
5.862410e-09
5.852096e-09
5.842052e-09
5.831240e-09
5.820702e-09
5.809392e-09
5.798364e-09
5.786558e-09
5.775041e-09
5.762741e-09
5.750737e-09
5.737945e-09
5.725458e-09
5.712175e-09
5.699206e-09
5.685436e-09
5.671987e-09
5.657731e-09
5.643806e-09
5.629066e-09
5.614667e-09
5.599447e-09
5.584576e-09
5.568877e-09
5.553538e-09
5.537362e-09
5.521558e-09
5.504908e-09
5.488642e-09
5.471521e-09
5.454796e-09
5.437206e-09
5.420025e-09
5.401969e-09
5.384336e-09
5.365817e-09
5.347735e-09
5.328755e-09
5.310229e-09
5.290791e-09
5.271823e-09
5.251931e-09
5.232525e-09
5.212181e-09
5.192341e-09
5.171550e-09
5.151279e-09
5.130042e-09
5.109346e-09
5.087667e-09
5.066550e-09
5.044432e-09
5.022897e-09
5.000343e-09
4.978395e-09
4.955410e-09
4.933053e-09
4.909639e-09
4.886878e-09
4.863038e-09
4.839878e-09
4.815616e-09
4.792061e-09
4.767381e-09
4.743437e-09
4.718342e-09
4.694014e-09
4.668507e-09
4.643800e-09
4.617884e-09
4.592804e-09
4.566484e-09
4.541035e-09
4.514314e-09
4.488502e-09
4.461384e-09
4.435215e-09
4.407703e-09
4.381183e-09
4.353280e-09
4.326415e-09
4.298124e-09
4.270921e-09
4.242246e-09
4.214711e-09
4.185656e-09
4.157795e-09
4.128361e-09
4.100182e-09
4.070374e-09
4.041883e-09
4.011703e-09
3.982908e-09
3.952359e-09
3.923267e-09
3.892352e-09
3.862972e-09
3.831693e-09
3.802032e-09
3.770392e-09
3.740459e-09
3.708459e-09
3.678263e-09
3.645906e-09
3.615457e-09
3.582742e-09
3.552049e-09
3.518979e-09
3.488053e-09
3.454628e-09
3.423479e-09
3.389699e-09
3.358340e-09
3.324204e-09
3.292647e-09
3.258153e-09
3.226412e-09
3.191559e-09
3.159648e-09
3.124431e-09
3.092365e-09
3.056781e-09
3.024578e-09
2.988620e-09
2.956298e-09
2.919960e-09
2.887541e-09
2.850816e-09
2.818326e-09
2.781207e-09
2.748681e-09
2.711169e-09
2.678658e-09
2.640776e-09
2.608382e-09
2.570220e-09
2.538161e-09
2.499996e-09
2.468814e-09
2.431436e-09
2.402538e-09
2.368147e-09
2.345278e-09
2.319912e-09
2.313174e-09
2.313315e-09
2.350059e-09
2.420600e-09
2.575059e-09
2.838141e-09
3.311957e-09
4.099727e-09
5.440848e-09
7.656342e-09
1.135404e-08
1.745217e-08
2.755443e-08
4.420862e-08
7.171873e-08
1.170695e-07
1.918971e-07
3.152560e-07
5.187031e-07
8.541132e-07
1.407180e-06
2.319008e-06
3.822432e-06
6.301114e-06
1.038784e-05
1.712558e-05
2.823414e-05
4.654846e-05
7.674234e-05
1.265196e-04
2.085776e-04
3.438390e-04
5.667677e-04
9.340976e-04
1.539133e-03
2.535070e-03
4.172761e-03
6.861146e-03
1.126199e-02
1.843321e-02
3.003210e-02
4.856833e-02
7.762974e-02
1.218533e-01
1.861844e-01
2.738858e-01
3.834344e-01
5.062506e-01
6.283171e-01
7.359461e-01
8.212741e-01
8.833974e-01
9.258762e-01
9.536910e-01
9.713909e-01
9.824501e-01
9.892815e-01
9.934713e-01
9.960300e-01
9.975883e-01
9.985358e-01
9.991114e-01
9.994609e-01
9.996729e-01
9.998016e-01
9.998796e-01
9.999270e-01
9.999557e-01
9.999731e-01
9.999837e-01
9.999901e-01
9.999940e-01
9.999964e-01
9.999978e-01
9.999987e-01
9.999992e-01
9.999995e-01
9.999997e-01
9.999998e-01
9.999999e-01
9.999999e-01
1.000000e+00
1.000000e+00
1.000000e+00
1.000000e+00
1.000000e+00
1.000000e+00
1.000000e+00
1.000000e+00
1.000000e+00
1.000000e+00
1.000000e+00
1.000000e+00
1.000000e+00
1.000000e+00
1.000000e+00
1.000000e+00
1.000000e+00
1.000000e+00
1.000000e+00
1.000000e+00
1.000000e+00
1.000000e+00
1.000000e+00
1.000000e+00
1.000000e+00
1.000000e+00
1.000000e+00
1.000000e+00
1.000000e+00
1.000000e+00
1.000000e+00
1.000000e+00
1.000000e+00
1.000000e+00
1.000000e+00
1.000000e+00
1.000000e+00
1.000000e+00
1.000000e+00
1.000000e+00
1.000000e+00
1.000000e+00
1.000000e+00
1.000000e+00
1.000000e+00
1.000000e+00
1.000000e+00
1.000000e+00
1.000000e+00
1.000000e+00
1.000000e+00
1.000000e+00
1.000000e+00
1.000000e+00
1.000000e+00
1.000000e+00
1.000000e+00
1.000000e+00
1.000000e+00
1.000000e+00
1.000000e+00
1.000000e+00
1.000000e+00
1.000000e+00
1.000000e+00
1.000000e+00
1.000000e+00
1.000000e+00
1.000000e+00
1.000000e+00
1.000000e+00
1.000000e+00
1.000000e+00
1.000000e+00
1.000000e+00
1.000000e+00
1.000000e+00
1.000000e+00
1.000000e+00
1.000000e+00
1.000000e+00
1.000000e+00
1.000000e+00
1.000000e+00
1.000000e+00
1.000000e+00
1.000000e+00
1.000000e+00
1.000000e+00
1.000000e+00
1.000000e+00
1.000000e+00
1.000000e+00
1.000000e+00
1.000000e+00
1.000000e+00
1.000000e+00
1.000000e+00
1.000000e+00
1.000000e+00
1.000000e+00
1.000000e+00
1.000000e+00
1.000000e+00
1.000000e+00
1.000000e+00
1.000000e+00
1.000000e+00
1.000000e+00
1.000000e+00
1.000000e+00
1.000000e+00
1.000000e+00
1.000000e+00
1.000000e+00
1.000000e+00
1.000000e+00
1.000000e+00
1.000000e+00
1.000000e+00
1.000000e+00
1.000000e+00
1.000000e+00
1.000000e+00
1.000000e+00
1.000000e+00
1.000000e+00
1.000000e+00
1.000000e+00
1.000000e+00
1.000000e+00
1.000000e+00
1.000000e+00
1.000000e+00
1.000000e+00
1.000000e+00
1.000000e+00
1.000000e+00
1.000000e+00
1.000000e+00
1.000000e+00
1.000000e+00
1.000000e+00
1.000000e+00
1.000000e+00
1.000000e+00
1.000000e+00
1.000000e+00
1.000000e+00
1.000000e+00
1.000000e+00
1.000000e+00
1.000000e+00
1.000000e+00
1.000000e+00
1.000000e+00
1.000000e+00
1.000000e+00
1.000000e+00
1.000000e+00
1.000000e+00
1.000000e+00
1.000000e+00
1.000000e+00
1.000000e+00
1.000000e+00
1.000000e+00
1.000000e+00
1.000000e+00
1.000000e+00
1.000000e+00
1.000000e+00
1.000000e+00
1.000000e+00
1.000000e+00
1.000000e+00
1.000000e+00
1.000000e+00
1.000000e+00
1.000000e+00
1.000000e+00
1.000000e+00
1.000000e+00
1.000000e+00
1.000000e+00
1.000000e+00
1.000000e+00
1.000000e+00
1.000000e+00
1.000000e+00
1.000000e+00
1.000000e+00
1.000000e+00
1.000000e+00
1.000000e+00
1.000000e+00
1.000000e+00
1.000000e+00
1.000000e+00
1.000000e+00
1.000000e+00
1.000000e+00
1.000000e+00
1.000000e+00
1.000000e+00
1.000000e+00
1.000000e+00
1.000000e+00
1.000000e+00
1.000000e+00
1.000000e+00
1.000000e+00
1.000000e+00
1.000000e+00
1.000000e+00
1.000000e+00
1.000000e+00
1.000000e+00
1.000000e+00
1.000000e+00
1.000000e+00
1.000000e+00
1.000000e+00
1.000000e+00
1.000000e+00
1.000000e+00
1.000000e+00
1.000000e+00
1.000000e+00
1.000000e+00
1.000000e+00
1.000000e+00
1.000000e+00
1.000000e+00
1.000000e+00
1.000000e+00
1.000000e+00
1.000000e+00
1.000000e+00
1.000000e+00
1.000000e+00
1.000000e+00
1.000000e+00
1.000000e+00
1.000000e+00
1.000000e+00
1.000000e+00
1.000000e+00
1.000000e+00
1.000000e+00
1.000000e+00
1.000000e+00
1.000000e+00
1.000000e+00
1.000000e+00
1.000000e+00
1.000000e+00
1.000000e+00
1.000000e+00
1.000000e+00
1.000000e+00
1.000000e+00
1.000000e+00
1.000000e+00
1.000000e+00
1.000000e+00
1.000000e+00
1.000000e+00
1.000000e+00
1.000000e+00
1.000000e+00
1.000000e+00
1.000000e+00
1.000000e+00
1.000000e+00
1.000000e+00
1.000000e+00
1.000000e+00
1.000000e+00
1.000000e+00
1.000000e+00
1.000000e+00
1.000000e+00
1.000000e+00
1.000000e+00
1.000000e+00
1.000000e+00
1.000000e+00
1.000000e+00
1.000000e+00
1.000000e+00
1.000000e+00
1.000000e+00
1.000000e+00
1.000000e+00
1.000000e+00
1.000000e+00
1.000000e+00
1.000000e+00
1.000000e+00
1.000000e+00
1.000000e+00
1.000000e+00
1.000000e+00
1.000000e+00
1.000000e+00
1.000000e+00
1.000000e+00
1.000000e+00
1.000000e+00
1.000000e+00
1.000000e+00
1.000000e+00
1.000000e+00
1.000000e+00
1.000000e+00
1.000000e+00
1.000000e+00
1.000000e+00
1.000000e+00
1.000000e+00
1.000000e+00
1.000000e+00
1.000000e+00
1.000000e+00
1.000000e+00
1.000000e+00
1.000000e+00
1.000000e+00
1.000000e+00
1.000000e+00
1.000000e+00
1.000000e+00
1.000000e+00
1.000000e+00
1.000000e+00
1.000000e+00
1.000000e+00
1.000000e+00
1.000000e+00
1.000000e+00
1.000000e+00
1.000000e+00
1.000000e+00
1.000000e+00
1.000000e+00
1.000000e+00
1.000000e+00
1.000000e+00
1.000000e+00
1.000000e+00
1.000000e+00
1.000000e+00
1.000000e+00
1.000000e+00
1.000000e+00
1.000000e+00
1.000000e+00
1.000000e+00
1.000000e+00
1.000000e+00
1.000000e+00
1.000000e+00
1.000000e+00
1.000000e+00
1.000000e+00
1.000000e+00
1.000000e+00
1.000000e+00
1.000000e+00
1.000000e+00
1.000000e+00
1.000000e+00
1.000000e+00
1.000000e+00
1.000000e+00
1.000000e+00
1.000000e+00
1.000000e+00
1.000000e+00
1.000000e+00
1.000000e+00
1.000000e+00
1.000000e+00
1.000000e+00
1.000000e+00
1.000000e+00
1.000000e+00
1.000000e+00
1.000000e+00
1.000000e+00
1.000000e+00
1.000000e+00
1.000000e+00
1.000000e+00
1.000000e+00
1.000000e+00
1.000000e+00
1.000000e+00
1.000000e+00
1.000000e+00
1.000000e+00
1.000000e+00
1.000000e+00
1.000000e+00
1.000000e+00
1.000000e+00
1.000000e+00
1.000000e+00
1.000000e+00
1.000000e+00
1.000000e+00
1.000000e+00
1.000000e+00
1.000000e+00
1.000000e+00
1.000000e+00
1.000000e+00
1.000000e+00
1.000000e+00
1.000000e+00
1.000000e+00
1.000000e+00
1.000000e+00
1.000000e+00
1.000000e+00
1.000000e+00
1.000000e+00
1.000000e+00
1.000000e+00
1.000000e+00
1.000000e+00
1.000000e+00
1.000000e+00
1.000000e+00
1.000000e+00
1.000000e+00
1.000000e+00
1.000000e+00
1.000000e+00
1.000000e+00
1.000000e+00
1.000000e+00
1.000000e+00
1.000000e+00
1.000000e+00
1.000000e+00
1.000000e+00
1.000000e+00
1.000000e+00
1.000000e+00
1.000000e+00
1.000000e+00
1.000000e+00
1.000000e+00
1.000000e+00
1.000000e+00
1.000000e+00
1.000000e+00
1.000000e+00
1.000000e+00
1.000000e+00
1.000000e+00
1.000000e+00
1.000000e+00
1.000000e+00
1.000000e+00
1.000000e+00
1.000000e+00
1.000000e+00
1.000000e+00
1.000000e+00
1.000000e+00
1.000000e+00
1.000000e+00
1.000000e+00
1.000000e+00
1.000000e+00
1.000000e+00
1.000000e+00
1.000000e+00
1.000000e+00
1.000000e+00
1.000000e+00
1.000000e+00
1.000000e+00
1.000000e+00
1.000000e+00
1.000000e+00
1.000000e+00
1.000000e+00
1.000000e+00
1.000000e+00
1.000000e+00
1.000000e+00
1.000000e+00
1.000000e+00
9.999999e-01
9.999999e-01
9.999998e-01
9.999997e-01
9.999995e-01
9.999992e-01
9.999987e-01
9.999978e-01
9.999964e-01
9.999940e-01
9.999901e-01
9.999837e-01
9.999731e-01
9.999557e-01
9.999270e-01
9.998796e-01
9.998016e-01
9.996729e-01
9.994609e-01
9.991114e-01
9.985358e-01
9.975883e-01
9.960300e-01
9.934713e-01
9.892815e-01
9.824501e-01
9.713909e-01
9.536910e-01
9.258762e-01
8.833974e-01
8.212741e-01
7.359461e-01
6.283171e-01
5.062506e-01
3.834344e-01
2.738858e-01
1.861844e-01
1.218533e-01
7.762974e-02
4.856833e-02
3.003210e-02
1.843321e-02
1.126199e-02
6.861146e-03
4.172761e-03
2.535070e-03
1.539133e-03
9.340976e-04
5.667677e-04
3.438390e-04
2.085776e-04
1.265196e-04
7.674234e-05
4.654846e-05
2.823414e-05
1.712558e-05
1.038784e-05
6.301114e-06
3.822432e-06
2.319008e-06
1.407180e-06
8.541132e-07
5.187031e-07
3.152560e-07
1.918971e-07
1.170696e-07
7.171876e-08
4.420865e-08
2.755447e-08
1.745220e-08
1.135407e-08
7.656376e-09
5.440884e-09
4.099764e-09
3.311996e-09
2.838181e-09
2.575101e-09
2.420643e-09
2.350103e-09
2.313360e-09
2.313220e-09
2.319960e-09
2.345327e-09
2.368197e-09
2.402588e-09
2.431488e-09
2.468866e-09
2.500050e-09
2.538216e-09
2.570275e-09
2.608438e-09
2.640833e-09
2.678716e-09
2.711227e-09
2.748740e-09
2.781268e-09
2.818388e-09
2.850879e-09
2.887605e-09
2.920024e-09
2.956363e-09
2.988686e-09
3.024645e-09
3.056848e-09
3.092433e-09
3.124500e-09
3.159717e-09
3.191629e-09
3.226483e-09
3.258225e-09
3.292719e-09
3.324276e-09
3.358412e-09
3.389771e-09
3.423551e-09
3.454699e-09
3.488123e-09
3.519049e-09
3.552118e-09
3.582810e-09
3.615524e-09
3.645972e-09
3.678329e-09
3.708523e-09
3.740522e-09
3.770454e-09
3.802093e-09
3.831753e-09
3.863030e-09
3.892410e-09
3.923323e-09
3.952414e-09
3.982961e-09
4.011754e-09
4.041933e-09
4.070422e-09
4.100229e-09
4.128407e-09
4.157838e-09
4.185698e-09
4.214752e-09
4.242286e-09
4.270959e-09
4.298161e-09
4.326450e-09
4.353313e-09
4.381215e-09
4.407733e-09
4.435244e-09
4.461412e-09
4.488528e-09
4.514339e-09
4.541058e-09
4.566505e-09
4.592824e-09
4.617903e-09
4.643817e-09
4.668523e-09
4.694028e-09
4.718356e-09
4.743450e-09
4.767393e-09
4.792072e-09
4.815625e-09
4.839886e-09
4.863046e-09
4.886885e-09
4.909645e-09
4.933059e-09
4.955415e-09
4.978400e-09
5.000347e-09
5.022900e-09
5.044435e-09
5.066552e-09
5.087669e-09
5.109348e-09
5.130044e-09
5.151280e-09
5.171550e-09
5.192341e-09
5.212181e-09
5.232523e-09
5.251929e-09
5.271821e-09
5.290789e-09
5.310226e-09
5.328752e-09
5.347732e-09
5.365813e-09
5.384333e-09
5.401965e-09
5.420021e-09
5.437202e-09
5.454792e-09
5.471517e-09
5.488639e-09
5.504905e-09
5.521555e-09
5.537359e-09
5.553535e-09
5.568874e-09
5.584574e-09
5.599444e-09
5.614665e-09
5.629065e-09
5.643805e-09
5.657730e-09
5.671986e-09
5.685435e-09
5.699206e-09
5.712176e-09
5.725458e-09
5.737946e-09
5.750738e-09
5.762742e-09
5.775043e-09
5.786560e-09
5.798366e-09
5.809395e-09
5.820705e-09
5.831243e-09
5.842056e-09
5.852100e-09
5.862414e-09
5.871964e-09
5.881777e-09
5.890830e-09
5.900141e-09
5.908695e-09
5.917502e-09
5.925556e-09
5.933858e-09
5.941410e-09
5.949205e-09
5.956254e-09
5.963542e-09
5.970086e-09
5.976865e-09
5.982903e-09
5.989172e-09
5.994703e-09
6.000462e-09
6.005483e-09
6.010730e-09
6.015243e-09
6.019977e-09
6.023979e-09
6.028201e-09
6.031692e-09
6.035400e-09
6.038378e-09
6.041572e-09
6.044038e-09
6.046717e-09
6.048669e-09
6.050834e-09
6.052273e-09
6.053923e-09
6.054847e-09
6.055982e-09
6.056391e-09
6.057011e-09
