4.318117e-09
4.318260e-09
4.317753e-09
4.317532e-09
4.316662e-09
4.316079e-09
4.314845e-09
4.313899e-09
4.312302e-09
4.310994e-09
4.309034e-09
4.307364e-09
4.305041e-09
4.303010e-09
4.300324e-09
4.297932e-09
4.294884e-09
4.292131e-09
4.288722e-09
4.285609e-09
4.281838e-09
4.278366e-09
4.274234e-09
4.270404e-09
4.265910e-09
4.261723e-09
4.256870e-09
4.252326e-09
4.247114e-09
4.242215e-09
4.236644e-09
4.231390e-09
4.225461e-09
4.219854e-09
4.213568e-09
4.207608e-09
4.200967e-09
4.194656e-09
4.187659e-09
4.180999e-09
4.173648e-09
4.166639e-09
4.158935e-09
4.151579e-09
4.143523e-09
4.135822e-09
4.127415e-09
4.119370e-09
4.110614e-09
4.102226e-09
4.093121e-09
4.084393e-09
4.074942e-09
4.065874e-09
4.056077e-09
4.046673e-09
4.036532e-09
4.026792e-09
4.016308e-09
4.006235e-09
3.995411e-09
3.985007e-09
3.973843e-09
3.963110e-09
3.951608e-09
3.940548e-09
3.928710e-09
3.917326e-09
3.905153e-09
3.893446e-09
3.880941e-09
3.868914e-09
3.856078e-09
3.843733e-09
3.830569e-09
3.817909e-09
3.804417e-09
3.791445e-09
3.777629e-09
3.764347e-09
3.750207e-09
3.736618e-09
3.722157e-09
3.708264e-09
3.693484e-09
3.679289e-09
3.664192e-09
3.649699e-09
3.634286e-09
3.619498e-09
3.603773e-09
3.588693e-09
3.572657e-09
3.557288e-09
3.540944e-09
3.525289e-09
3.508638e-09
3.492702e-09
3.475747e-09
3.459532e-09
3.442274e-09
3.425784e-09
3.408227e-09
3.391466e-09
3.373612e-09
3.356583e-09
3.338433e-09
3.321141e-09
3.302698e-09
3.285146e-09
3.266413e-09
3.248606e-09
3.229583e-09
3.211525e-09
3.192215e-09
3.173910e-09
3.154316e-09
3.135768e-09
3.115891e-09
3.097106e-09
3.076948e-09
3.057931e-09
3.037494e-09
3.018248e-09
2.997534e-09
2.978066e-09
2.957077e-09
2.937392e-09
2.916128e-09
2.896231e-09
2.874695e-09
2.854592e-09
2.832785e-09
2.812482e-09
2.790404e-09
2.769908e-09
2.747561e-09
2.726879e-09
2.704263e-09
2.683400e-09
2.660516e-09
2.639481e-09
2.616329e-09
2.595130e-09
2.571709e-09
2.550353e-09
2.526663e-09
2.505159e-09
2.481198e-09
2.459556e-09
2.435323e-09
2.413553e-09
2.389045e-09
2.367157e-09
2.342371e-09
2.320377e-09
2.295309e-09
2.273222e-09
2.247868e-09
2.225702e-09
2.200053e-09
2.177823e-09
2.151874e-09
2.129597e-09
2.103339e-09
2.081035e-09
2.054458e-09
2.032151e-09
2.005248e-09
1.982969e-09
1.955739e-09
1.933541e-09
1.906004e-09
1.883985e-09
1.856229e-09
1.834607e-09
1.806908e-09
1.786221e-09
1.759368e-09
1.741021e-09
1.717212e-09
1.704950e-09
1.690219e-09
1.694141e-09
1.704968e-09
1.752425e-09
1.833703e-09
1.998923e-09
2.272790e-09
2.757415e-09
3.556016e-09
4.907992e-09
7.134360e-09
1.084295e-08
1.695200e-08
2.706519e-08
4.373033e-08
7.125139e-08
1.166132e-07
1.914516e-07
3.148215e-07
5.182794e-07
8.537004e-07
1.406778e-06
2.318616e-06
3.822050e-06
6.300741e-06
1.038747e-05
1.712522e-05
2.823378e-05
4.654810e-05
7.674197e-05
1.265191e-04
2.085772e-04
3.438385e-04
5.667669e-04
9.340966e-04
1.539132e-03
2.535068e-03
4.172757e-03
6.861140e-03
1.126198e-02
1.843320e-02
3.003208e-02
4.856830e-02
7.762968e-02
1.218532e-01
1.861843e-01
2.738856e-01
3.834342e-01
5.062504e-01
6.283169e-01
7.359460e-01
8.212740e-01
8.833973e-01
9.258761e-01
9.536910e-01
9.713909e-01
9.824501e-01
9.892814e-01
9.934713e-01
9.960300e-01
9.975883e-01
9.985358e-01
9.991114e-01
9.994609e-01
9.996729e-01
9.998016e-01
9.998796e-01
9.999270e-01
9.999557e-01
9.999731e-01
9.999837e-01
9.999901e-01
9.999940e-01
9.999964e-01
9.999978e-01
9.999987e-01
9.999992e-01
9.999995e-01
9.999997e-01
9.999998e-01
9.999999e-01
9.999999e-01
1.000000e+00
1.000000e+00
1.000000e+00
1.000000e+00
1.000000e+00
1.000000e+00
1.000000e+00
1.000000e+00
1.000000e+00
1.000000e+00
1.000000e+00
1.000000e+00
1.000000e+00
1.000000e+00
1.000000e+00
1.000000e+00
1.000000e+00
1.000000e+00
1.000000e+00
1.000000e+00
1.000000e+00
1.000000e+00
1.000000e+00
1.000000e+00
1.000000e+00
1.000000e+00
1.000000e+00
1.000000e+00
1.000000e+00
1.000000e+00
1.000000e+00
1.000000e+00
1.000000e+00
1.000000e+00
1.000000e+00
1.000000e+00
1.000000e+00
1.000000e+00
1.000000e+00
1.000000e+00
1.000000e+00
1.000000e+00
1.000000e+00
1.000000e+00
1.000000e+00
1.000000e+00
1.000000e+00
1.000000e+00
1.000000e+00
1.000000e+00
1.000000e+00
1.000000e+00
1.000000e+00
1.000000e+00
1.000000e+00
1.000000e+00
1.000000e+00
1.000000e+00
1.000000e+00
1.000000e+00
1.000000e+00
1.000000e+00
1.000000e+00
1.000000e+00
1.000000e+00
1.000000e+00
1.000000e+00
1.000000e+00
1.000000e+00
1.000000e+00
1.000000e+00
1.000000e+00
1.000000e+00
1.000000e+00
1.000000e+00
1.000000e+00
1.000000e+00
1.000000e+00
1.000000e+00
1.000000e+00
1.000000e+00
1.000000e+00
1.000000e+00
1.000000e+00
1.000000e+00
1.000000e+00
1.000000e+00
1.000000e+00
1.000000e+00
1.000000e+00
1.000000e+00
1.000000e+00
1.000000e+00
1.000000e+00
1.000000e+00
1.000000e+00
1.000000e+00
1.000000e+00
1.000000e+00
1.000000e+00
1.000000e+00
1.000000e+00
1.000000e+00
1.000000e+00
1.000000e+00
1.000000e+00
1.000000e+00
1.000000e+00
1.000000e+00
1.000000e+00
1.000000e+00
1.000000e+00
1.000000e+00
1.000000e+00
1.000000e+00
1.000000e+00
1.000000e+00
1.000000e+00
1.000000e+00
1.000000e+00
1.000000e+00
1.000000e+00
1.000000e+00
1.000000e+00
1.000000e+00
1.000000e+00
1.000000e+00
1.000000e+00
1.000000e+00
1.000000e+00
1.000000e+00
1.000000e+00
1.000000e+00
1.000000e+00
1.000000e+00
1.000000e+00
1.000000e+00
1.000000e+00
1.000000e+00
1.000000e+00
1.000000e+00
1.000000e+00
1.000000e+00
1.000000e+00
1.000000e+00
1.000000e+00
1.000000e+00
1.000000e+00
1.000000e+00
1.000000e+00
1.000000e+00
1.000000e+00
1.000000e+00
1.000000e+00
1.000000e+00
1.000000e+00
1.000000e+00
1.000000e+00
1.000000e+00
1.000000e+00
1.000000e+00
1.000000e+00
1.000000e+00
1.000000e+00
1.000000e+00
1.000000e+00
1.000000e+00
1.000000e+00
1.000000e+00
1.000000e+00
1.000000e+00
1.000000e+00
1.000000e+00
1.000000e+00
1.000000e+00
1.000000e+00
1.000000e+00
1.000000e+00
1.000000e+00
1.000000e+00
1.000000e+00
1.000000e+00
1.000000e+00
1.000000e+00
1.000000e+00
1.000000e+00
1.000000e+00
1.000000e+00
1.000000e+00
1.000000e+00
1.000000e+00
1.000000e+00
1.000000e+00
1.000000e+00
1.000000e+00
1.000000e+00
1.000000e+00
1.000000e+00
1.000000e+00
1.000000e+00
1.000000e+00
1.000000e+00
1.000000e+00
1.000000e+00
1.000000e+00
1.000000e+00
1.000000e+00
1.000000e+00
1.000000e+00
1.000000e+00
1.000000e+00
1.000000e+00
1.000000e+00
1.000000e+00
1.000000e+00
1.000000e+00
1.000000e+00
1.000000e+00
1.000000e+00
1.000000e+00
1.000000e+00
1.000000e+00
1.000000e+00
1.000000e+00
1.000000e+00
1.000000e+00
1.000000e+00
1.000000e+00
1.000000e+00
1.000000e+00
1.000000e+00
1.000000e+00
1.000000e+00
1.000000e+00
1.000000e+00
1.000000e+00
1.000000e+00
1.000000e+00
1.000000e+00
1.000000e+00
1.000000e+00
1.000000e+00
1.000000e+00
1.000000e+00
1.000000e+00
1.000000e+00
1.000000e+00
1.000000e+00
1.000000e+00
1.000000e+00
1.000000e+00
1.000000e+00
1.000000e+00
1.000000e+00
1.000000e+00
1.000000e+00
1.000000e+00
1.000000e+00
1.000000e+00
1.000000e+00
1.000000e+00
1.000000e+00
1.000000e+00
1.000000e+00
1.000000e+00
1.000000e+00
1.000000e+00
1.000000e+00
1.000000e+00
1.000000e+00
1.000000e+00
1.000000e+00
1.000000e+00
1.000000e+00
1.000000e+00
1.000000e+00
1.000000e+00
1.000000e+00
1.000000e+00
1.000000e+00
1.000000e+00
1.000000e+00
1.000000e+00
1.000000e+00
1.000000e+00
1.000000e+00
1.000000e+00
1.000000e+00
1.000000e+00
1.000000e+00
1.000000e+00
1.000000e+00
1.000000e+00
1.000000e+00
1.000000e+00
1.000000e+00
1.000000e+00
1.000000e+00
1.000000e+00
1.000000e+00
1.000000e+00
1.000000e+00
1.000000e+00
1.000000e+00
1.000000e+00
1.000000e+00
1.000000e+00
1.000000e+00
1.000000e+00
1.000000e+00
1.000000e+00
1.000000e+00
1.000000e+00
1.000000e+00
1.000000e+00
1.000000e+00
1.000000e+00
1.000000e+00
1.000000e+00
1.000000e+00
1.000000e+00
1.000000e+00
1.000000e+00
1.000000e+00
1.000000e+00
1.000000e+00
1.000000e+00
1.000000e+00
1.000000e+00
1.000000e+00
1.000000e+00
1.000000e+00
1.000000e+00
1.000000e+00
1.000000e+00
1.000000e+00
1.000000e+00
1.000000e+00
1.000000e+00
1.000000e+00
1.000000e+00
1.000000e+00
1.000000e+00
1.000000e+00
1.000000e+00
1.000000e+00
1.000000e+00
1.000000e+00
1.000000e+00
1.000000e+00
1.000000e+00
1.000000e+00
1.000000e+00
1.000000e+00
1.000000e+00
1.000000e+00
1.000000e+00
1.000000e+00
1.000000e+00
1.000000e+00
1.000000e+00
1.000000e+00
1.000000e+00
1.000000e+00
1.000000e+00
1.000000e+00
1.000000e+00
1.000000e+00
1.000000e+00
1.000000e+00
1.000000e+00
1.000000e+00
1.000000e+00
1.000000e+00
1.000000e+00
1.000000e+00
1.000000e+00
1.000000e+00
1.000000e+00
1.000000e+00
1.000000e+00
1.000000e+00
1.000000e+00
1.000000e+00
1.000000e+00
1.000000e+00
1.000000e+00
1.000000e+00
1.000000e+00
1.000000e+00
1.000000e+00
1.000000e+00
1.000000e+00
1.000000e+00
1.000000e+00
1.000000e+00
1.000000e+00
1.000000e+00
1.000000e+00
1.000000e+00
1.000000e+00
1.000000e+00
1.000000e+00
1.000000e+00
1.000000e+00
1.000000e+00
1.000000e+00
1.000000e+00
1.000000e+00
1.000000e+00
1.000000e+00
1.000000e+00
1.000000e+00
1.000000e+00
1.000000e+00
1.000000e+00
1.000000e+00
1.000000e+00
1.000000e+00
1.000000e+00
1.000000e+00
1.000000e+00
1.000000e+00
1.000000e+00
1.000000e+00
1.000000e+00
1.000000e+00
1.000000e+00
1.000000e+00
1.000000e+00
1.000000e+00
1.000000e+00
1.000000e+00
1.000000e+00
1.000000e+00
1.000000e+00
1.000000e+00
1.000000e+00
1.000000e+00
1.000000e+00
1.000000e+00
1.000000e+00
1.000000e+00
1.000000e+00
1.000000e+00
1.000000e+00
1.000000e+00
1.000000e+00
1.000000e+00
1.000000e+00
1.000000e+00
1.000000e+00
1.000000e+00
1.000000e+00
1.000000e+00
1.000000e+00
1.000000e+00
1.000000e+00
1.000000e+00
1.000000e+00
1.000000e+00
1.000000e+00
1.000000e+00
1.000000e+00
1.000000e+00
1.000000e+00
1.000000e+00
1.000000e+00
1.000000e+00
1.000000e+00
1.000000e+00
1.000000e+00
1.000000e+00
1.000000e+00
1.000000e+00
1.000000e+00
1.000000e+00
1.000000e+00
1.000000e+00
1.000000e+00
1.000000e+00
1.000000e+00
1.000000e+00
1.000000e+00
1.000000e+00
1.000000e+00
1.000000e+00
1.000000e+00
1.000000e+00
1.000000e+00
1.000000e+00
1.000000e+00
1.000000e+00
1.000000e+00
1.000000e+00
1.000000e+00
1.000000e+00
9.999999e-01
9.999999e-01
9.999998e-01
9.999997e-01
9.999995e-01
9.999992e-01
9.999987e-01
9.999978e-01
9.999964e-01
9.999940e-01
9.999901e-01
9.999837e-01
9.999731e-01
9.999557e-01
9.999270e-01
9.998796e-01
9.998016e-01
9.996729e-01
9.994609e-01
9.991114e-01
9.985358e-01
9.975883e-01
9.960300e-01
9.934713e-01
9.892814e-01
9.824501e-01
9.713909e-01
9.536910e-01
9.258761e-01
8.833973e-01
8.212740e-01
7.359460e-01
6.283169e-01
5.062504e-01
3.834342e-01
2.738856e-01
1.861843e-01
1.218532e-01
7.762968e-02
4.856830e-02
3.003208e-02
1.843320e-02
1.126198e-02
6.861140e-03
4.172757e-03
2.535068e-03
1.539132e-03
9.340966e-04
5.667669e-04
3.438385e-04
2.085772e-04
1.265191e-04
7.674197e-05
4.654810e-05
2.823378e-05
1.712522e-05
1.038747e-05
6.300741e-06
3.822050e-06
2.318616e-06
1.406778e-06
8.537004e-07
5.182795e-07
3.148215e-07
1.914517e-07
1.166132e-07
7.125142e-08
4.373036e-08
2.706522e-08
1.695203e-08
1.084298e-08
7.134394e-09
4.908027e-09
3.556053e-09
2.757454e-09
2.272830e-09
1.998964e-09
1.833745e-09
1.752468e-09
1.705013e-09
1.694187e-09
1.690266e-09
1.704999e-09
1.717261e-09
1.741072e-09
1.759420e-09
1.786274e-09
1.806962e-09
1.834662e-09
1.856285e-09
1.884041e-09
1.906061e-09
1.933599e-09
1.955797e-09
1.983029e-09
2.005308e-09
2.032212e-09
2.054520e-09
2.081098e-09
2.103403e-09
2.129662e-09
2.151940e-09
2.177889e-09
2.200120e-09
2.225769e-09
2.247936e-09
2.273291e-09
2.295379e-09
2.320447e-09
2.342441e-09
2.367227e-09
2.389115e-09
2.413623e-09
2.435393e-09
2.459626e-09
2.481268e-09
2.505228e-09
2.526731e-09
2.550421e-09
2.571776e-09
2.595196e-09
2.616395e-09
2.639546e-09
2.660580e-09
2.683463e-09
2.704325e-09
2.726939e-09
2.747621e-09
2.769966e-09
2.790461e-09
2.812537e-09
2.832838e-09
2.854644e-09
2.874746e-09
2.896281e-09
2.916176e-09
2.937438e-09
2.957122e-09
2.978110e-09
2.997576e-09
3.018288e-09
3.037532e-09
3.057968e-09
3.076984e-09
3.097140e-09
3.115924e-09
3.135799e-09
3.154345e-09
3.173938e-09
3.192242e-09
3.211550e-09
3.229607e-09
3.248628e-09
3.266434e-09
3.285167e-09
3.302717e-09
3.321158e-09
3.338449e-09
3.356598e-09
3.373625e-09
3.391478e-09
3.408239e-09
3.425794e-09
3.442283e-09
3.459540e-09
3.475754e-09
3.492708e-09
3.508644e-09
3.525294e-09
3.540948e-09
3.557291e-09
3.572660e-09
3.588695e-09
3.603775e-09
3.619499e-09
3.634287e-09
3.649698e-09
3.664191e-09
3.679288e-09
3.693482e-09
3.708261e-09
3.722154e-09
3.736615e-09
3.750204e-09
3.764343e-09
3.777625e-09
3.791441e-09
3.804413e-09
3.817905e-09
3.830564e-09
3.843729e-09
3.856073e-09
3.868909e-09
3.880936e-09
3.893441e-09
3.905148e-09
3.917320e-09
3.928706e-09
3.940544e-09
3.951604e-09
3.963106e-09
3.973839e-09
3.985003e-09
3.995408e-09
4.006232e-09
4.016305e-09
4.026789e-09
4.036529e-09
4.046670e-09
4.056075e-09
4.065873e-09
4.074940e-09
4.084392e-09
4.093121e-09
4.102226e-09
4.110614e-09
4.119371e-09
4.127416e-09
4.135823e-09
4.143525e-09
4.151581e-09
4.158938e-09
4.166642e-09
4.173651e-09
4.181002e-09
4.187663e-09
4.194661e-09
4.200972e-09
4.207614e-09
4.213574e-09
4.219860e-09
4.225468e-09
4.231397e-09
4.236651e-09
4.242223e-09
4.247122e-09
4.252335e-09
4.256879e-09
4.261733e-09
4.265920e-09
4.270413e-09
4.274243e-09
4.278376e-09
4.281848e-09
4.285619e-09
4.288731e-09
4.292141e-09
4.294894e-09
4.297942e-09
4.300334e-09
4.303019e-09
4.305050e-09
4.307373e-09
4.309042e-09
4.311002e-09
4.312309e-09
4.313905e-09
4.314850e-09
4.316083e-09
4.316666e-09
4.317535e-09
4.317755e-09
4.318261e-09
