3.651189e-09
3.651346e-09
3.650883e-09
3.650735e-09
3.649965e-09
3.649512e-09
3.648438e-09
3.647680e-09
3.646300e-09
3.645237e-09
3.643551e-09
3.642184e-09
3.640193e-09
3.638523e-09
3.636227e-09
3.634253e-09
3.631652e-09
3.629375e-09
3.626470e-09
3.623891e-09
3.620681e-09
3.617800e-09
3.614287e-09
3.611105e-09
3.607288e-09
3.603806e-09
3.599686e-09
3.595905e-09
3.591483e-09
3.587402e-09
3.582678e-09
3.578300e-09
3.573275e-09
3.568599e-09
3.563274e-09
3.558303e-09
3.552677e-09
3.547411e-09
3.541487e-09
3.535927e-09
3.529705e-09
3.523852e-09
3.517332e-09
3.511188e-09
3.504372e-09
3.497937e-09
3.490826e-09
3.484103e-09
3.476697e-09
3.469687e-09
3.461987e-09
3.454691e-09
3.446699e-09
3.439118e-09
3.430835e-09
3.422971e-09
3.414398e-09
3.406253e-09
3.397391e-09
3.388966e-09
3.379816e-09
3.371114e-09
3.361678e-09
3.352700e-09
3.342979e-09
3.333726e-09
3.323722e-09
3.314197e-09
3.303910e-09
3.294114e-09
3.283547e-09
3.273484e-09
3.262637e-09
3.252307e-09
3.241183e-09
3.230589e-09
3.219188e-09
3.208332e-09
3.196657e-09
3.185541e-09
3.173593e-09
3.162220e-09
3.150001e-09
3.138374e-09
3.125884e-09
3.114004e-09
3.101246e-09
3.089117e-09
3.076093e-09
3.063717e-09
3.050428e-09
3.037808e-09
3.024255e-09
3.011393e-09
2.997580e-09
2.984479e-09
2.970406e-09
2.957070e-09
2.942738e-09
2.929170e-09
2.914582e-09
2.900784e-09
2.885942e-09
2.871917e-09
2.856823e-09
2.842575e-09
2.827230e-09
2.812763e-09
2.797168e-09
2.782485e-09
2.766643e-09
2.751748e-09
2.735659e-09
2.720556e-09
2.704222e-09
2.688915e-09
2.672338e-09
2.656829e-09
2.640011e-09
2.624306e-09
2.607248e-09
2.591350e-09
2.574053e-09
2.557968e-09
2.540433e-09
2.524164e-09
2.506393e-09
2.489946e-09
2.471939e-09
2.455318e-09
2.437077e-09
2.420288e-09
2.401813e-09
2.384860e-09
2.366152e-09
2.349043e-09
2.330101e-09
2.312840e-09
2.293665e-09
2.276261e-09
2.256852e-09
2.239309e-09
2.219667e-09
2.201993e-09
2.182116e-09
2.164319e-09
2.144205e-09
2.126294e-09
2.105942e-09
2.087924e-09
2.067331e-09
2.049217e-09
2.028381e-09
2.010179e-09
1.989095e-09
1.970818e-09
1.949482e-09
1.931141e-09
1.909547e-09
1.891156e-09
1.869297e-09
1.850870e-09
1.828738e-09
1.810292e-09
1.787878e-09
1.769430e-09
1.746724e-09
1.728300e-09
1.705294e-09
1.686924e-09
1.663615e-09
1.645351e-09
1.621760e-09
1.603698e-09
1.579912e-09
1.562270e-09
1.538563e-09
1.521880e-09
1.499042e-09
1.484720e-09
1.464946e-09
1.456732e-09
1.446057e-09
1.454046e-09
1.468951e-09
1.520494e-09
1.605869e-09
1.775195e-09
2.053177e-09
2.541926e-09
3.344659e-09
4.700776e-09
6.931293e-09
1.064404e-08
1.675725e-08
2.687462e-08
4.354393e-08
7.106917e-08
1.164351e-07
1.912778e-07
3.146518e-07
5.181139e-07
8.535389e-07
1.406621e-06
2.318462e-06
3.821900e-06
6.300595e-06
1.038733e-05
1.712507e-05
2.823364e-05
4.654796e-05
7.674182e-05
1.265190e-04
2.085770e-04
3.438382e-04
5.667666e-04
9.340961e-04
1.539131e-03
2.535067e-03
4.172756e-03
6.861138e-03
1.126198e-02
1.843319e-02
3.003207e-02
4.856828e-02
7.762966e-02
1.218531e-01
1.861842e-01
2.738856e-01
3.834341e-01
5.062503e-01
6.283168e-01
7.359459e-01
8.212740e-01
8.833973e-01
9.258761e-01
9.536910e-01
9.713909e-01
9.824501e-01
9.892814e-01
9.934713e-01
9.960300e-01
9.975883e-01
9.985358e-01
9.991114e-01
9.994609e-01
9.996729e-01
9.998016e-01
9.998796e-01
9.999270e-01
9.999557e-01
9.999731e-01
9.999837e-01
9.999901e-01
9.999940e-01
9.999964e-01
9.999978e-01
9.999987e-01
9.999992e-01
9.999995e-01
9.999997e-01
9.999998e-01
9.999999e-01
9.999999e-01
1.000000e+00
1.000000e+00
1.000000e+00
1.000000e+00
1.000000e+00
1.000000e+00
1.000000e+00
1.000000e+00
1.000000e+00
1.000000e+00
1.000000e+00
1.000000e+00
1.000000e+00
1.000000e+00
1.000000e+00
1.000000e+00
1.000000e+00
1.000000e+00
1.000000e+00
1.000000e+00
1.000000e+00
1.000000e+00
1.000000e+00
1.000000e+00
1.000000e+00
1.000000e+00
1.000000e+00
1.000000e+00
1.000000e+00
1.000000e+00
1.000000e+00
1.000000e+00
1.000000e+00
1.000000e+00
1.000000e+00
1.000000e+00
1.000000e+00
1.000000e+00
1.000000e+00
1.000000e+00
1.000000e+00
1.000000e+00
1.000000e+00
1.000000e+00
1.000000e+00
1.000000e+00
1.000000e+00
1.000000e+00
1.000000e+00
1.000000e+00
1.000000e+00
1.000000e+00
1.000000e+00
1.000000e+00
1.000000e+00
1.000000e+00
1.000000e+00
1.000000e+00
1.000000e+00
1.000000e+00
1.000000e+00
1.000000e+00
1.000000e+00
1.000000e+00
1.000000e+00
1.000000e+00
1.000000e+00
1.000000e+00
1.000000e+00
1.000000e+00
1.000000e+00
1.000000e+00
1.000000e+00
1.000000e+00
1.000000e+00
1.000000e+00
1.000000e+00
1.000000e+00
1.000000e+00
1.000000e+00
1.000000e+00
1.000000e+00
1.000000e+00
1.000000e+00
1.000000e+00
1.000000e+00
1.000000e+00
1.000000e+00
1.000000e+00
1.000000e+00
1.000000e+00
1.000000e+00
1.000000e+00
1.000000e+00
1.000000e+00
1.000000e+00
1.000000e+00
1.000000e+00
1.000000e+00
1.000000e+00
1.000000e+00
1.000000e+00
1.000000e+00
1.000000e+00
1.000000e+00
1.000000e+00
1.000000e+00
1.000000e+00
1.000000e+00
1.000000e+00
1.000000e+00
1.000000e+00
1.000000e+00
1.000000e+00
1.000000e+00
1.000000e+00
1.000000e+00
1.000000e+00
1.000000e+00
1.000000e+00
1.000000e+00
1.000000e+00
1.000000e+00
1.000000e+00
1.000000e+00
1.000000e+00
1.000000e+00
1.000000e+00
1.000000e+00
1.000000e+00
1.000000e+00
1.000000e+00
1.000000e+00
1.000000e+00
1.000000e+00
1.000000e+00
1.000000e+00
1.000000e+00
1.000000e+00
1.000000e+00
1.000000e+00
1.000000e+00
1.000000e+00
1.000000e+00
1.000000e+00
1.000000e+00
1.000000e+00
1.000000e+00
1.000000e+00
1.000000e+00
1.000000e+00
1.000000e+00
1.000000e+00
1.000000e+00
1.000000e+00
1.000000e+00
1.000000e+00
1.000000e+00
1.000000e+00
1.000000e+00
1.000000e+00
1.000000e+00
1.000000e+00
1.000000e+00
1.000000e+00
1.000000e+00
1.000000e+00
1.000000e+00
1.000000e+00
1.000000e+00
1.000000e+00
1.000000e+00
1.000000e+00
1.000000e+00
1.000000e+00
1.000000e+00
1.000000e+00
1.000000e+00
1.000000e+00
1.000000e+00
1.000000e+00
1.000000e+00
1.000000e+00
1.000000e+00
1.000000e+00
1.000000e+00
1.000000e+00
1.000000e+00
1.000000e+00
1.000000e+00
1.000000e+00
1.000000e+00
1.000000e+00
1.000000e+00
1.000000e+00
1.000000e+00
1.000000e+00
1.000000e+00
1.000000e+00
1.000000e+00
1.000000e+00
1.000000e+00
1.000000e+00
1.000000e+00
1.000000e+00
1.000000e+00
1.000000e+00
1.000000e+00
1.000000e+00
1.000000e+00
1.000000e+00
1.000000e+00
1.000000e+00
1.000000e+00
1.000000e+00
1.000000e+00
1.000000e+00
1.000000e+00
1.000000e+00
1.000000e+00
1.000000e+00
1.000000e+00
1.000000e+00
1.000000e+00
1.000000e+00
1.000000e+00
1.000000e+00
1.000000e+00
1.000000e+00
1.000000e+00
1.000000e+00
1.000000e+00
1.000000e+00
1.000000e+00
1.000000e+00
1.000000e+00
1.000000e+00
1.000000e+00
1.000000e+00
1.000000e+00
1.000000e+00
1.000000e+00
1.000000e+00
1.000000e+00
1.000000e+00
1.000000e+00
1.000000e+00
1.000000e+00
1.000000e+00
1.000000e+00
1.000000e+00
1.000000e+00
1.000000e+00
1.000000e+00
1.000000e+00
1.000000e+00
1.000000e+00
1.000000e+00
1.000000e+00
1.000000e+00
1.000000e+00
1.000000e+00
1.000000e+00
1.000000e+00
1.000000e+00
1.000000e+00
1.000000e+00
1.000000e+00
1.000000e+00
1.000000e+00
1.000000e+00
1.000000e+00
1.000000e+00
1.000000e+00
1.000000e+00
1.000000e+00
1.000000e+00
1.000000e+00
1.000000e+00
1.000000e+00
1.000000e+00
1.000000e+00
1.000000e+00
1.000000e+00
1.000000e+00
1.000000e+00
1.000000e+00
1.000000e+00
1.000000e+00
1.000000e+00
1.000000e+00
1.000000e+00
1.000000e+00
1.000000e+00
1.000000e+00
1.000000e+00
1.000000e+00
1.000000e+00
1.000000e+00
1.000000e+00
1.000000e+00
1.000000e+00
1.000000e+00
1.000000e+00
1.000000e+00
1.000000e+00
1.000000e+00
1.000000e+00
1.000000e+00
1.000000e+00
1.000000e+00
1.000000e+00
1.000000e+00
1.000000e+00
1.000000e+00
1.000000e+00
1.000000e+00
1.000000e+00
1.000000e+00
1.000000e+00
1.000000e+00
1.000000e+00
1.000000e+00
1.000000e+00
1.000000e+00
1.000000e+00
1.000000e+00
1.000000e+00
1.000000e+00
1.000000e+00
1.000000e+00
1.000000e+00
1.000000e+00
1.000000e+00
1.000000e+00
1.000000e+00
1.000000e+00
1.000000e+00
1.000000e+00
1.000000e+00
1.000000e+00
1.000000e+00
1.000000e+00
1.000000e+00
1.000000e+00
1.000000e+00
1.000000e+00
1.000000e+00
1.000000e+00
1.000000e+00
1.000000e+00
1.000000e+00
1.000000e+00
1.000000e+00
1.000000e+00
1.000000e+00
1.000000e+00
1.000000e+00
1.000000e+00
1.000000e+00
1.000000e+00
1.000000e+00
1.000000e+00
1.000000e+00
1.000000e+00
1.000000e+00
1.000000e+00
1.000000e+00
1.000000e+00
1.000000e+00
1.000000e+00
1.000000e+00
1.000000e+00
1.000000e+00
1.000000e+00
1.000000e+00
1.000000e+00
1.000000e+00
1.000000e+00
1.000000e+00
1.000000e+00
1.000000e+00
1.000000e+00
1.000000e+00
1.000000e+00
1.000000e+00
1.000000e+00
1.000000e+00
1.000000e+00
1.000000e+00
1.000000e+00
1.000000e+00
1.000000e+00
1.000000e+00
1.000000e+00
1.000000e+00
1.000000e+00
1.000000e+00
1.000000e+00
1.000000e+00
1.000000e+00
1.000000e+00
1.000000e+00
1.000000e+00
1.000000e+00
1.000000e+00
1.000000e+00
1.000000e+00
1.000000e+00
1.000000e+00
1.000000e+00
1.000000e+00
1.000000e+00
1.000000e+00
1.000000e+00
1.000000e+00
1.000000e+00
1.000000e+00
1.000000e+00
1.000000e+00
1.000000e+00
1.000000e+00
1.000000e+00
1.000000e+00
1.000000e+00
1.000000e+00
1.000000e+00
1.000000e+00
1.000000e+00
1.000000e+00
1.000000e+00
1.000000e+00
1.000000e+00
1.000000e+00
1.000000e+00
1.000000e+00
1.000000e+00
1.000000e+00
1.000000e+00
1.000000e+00
1.000000e+00
1.000000e+00
1.000000e+00
1.000000e+00
1.000000e+00
1.000000e+00
1.000000e+00
1.000000e+00
1.000000e+00
1.000000e+00
1.000000e+00
1.000000e+00
1.000000e+00
1.000000e+00
1.000000e+00
1.000000e+00
1.000000e+00
1.000000e+00
1.000000e+00
1.000000e+00
1.000000e+00
1.000000e+00
1.000000e+00
1.000000e+00
1.000000e+00
1.000000e+00
1.000000e+00
1.000000e+00
1.000000e+00
1.000000e+00
1.000000e+00
1.000000e+00
1.000000e+00
1.000000e+00
1.000000e+00
1.000000e+00
1.000000e+00
1.000000e+00
1.000000e+00
1.000000e+00
1.000000e+00
1.000000e+00
1.000000e+00
1.000000e+00
1.000000e+00
1.000000e+00
1.000000e+00
1.000000e+00
1.000000e+00
1.000000e+00
1.000000e+00
1.000000e+00
1.000000e+00
1.000000e+00
1.000000e+00
1.000000e+00
1.000000e+00
9.999999e-01
9.999999e-01
9.999998e-01
9.999997e-01
9.999995e-01
9.999992e-01
9.999987e-01
9.999978e-01
9.999964e-01
9.999940e-01
9.999901e-01
9.999837e-01
9.999731e-01
9.999557e-01
9.999270e-01
9.998796e-01
9.998016e-01
9.996729e-01
9.994609e-01
9.991114e-01
9.985358e-01
9.975883e-01
9.960300e-01
9.934713e-01
9.892814e-01
9.824501e-01
9.713909e-01
9.536910e-01
9.258761e-01
8.833973e-01
8.212740e-01
7.359459e-01
6.283168e-01
5.062503e-01
3.834341e-01
2.738856e-01
1.861842e-01
1.218531e-01
7.762966e-02
4.856828e-02
3.003207e-02
1.843319e-02
1.126198e-02
6.861138e-03
4.172756e-03
2.535067e-03
1.539131e-03
9.340961e-04
5.667666e-04
3.438382e-04
2.085770e-04
1.265190e-04
7.674182e-05
4.654796e-05
2.823364e-05
1.712507e-05
1.038733e-05
6.300595e-06
3.821900e-06
2.318462e-06
1.406621e-06
8.535389e-07
5.181139e-07
3.146519e-07
1.912778e-07
1.164351e-07
7.106920e-08
4.354396e-08
2.687465e-08
1.675728e-08
1.064407e-08
6.931328e-09
4.700811e-09
3.344697e-09
2.541964e-09
2.053217e-09
1.775236e-09
1.605911e-09
1.520538e-09
1.468997e-09
1.454093e-09
1.446105e-09
1.456781e-09
1.464996e-09
1.484771e-09
1.499094e-09
1.521933e-09
1.538617e-09
1.562325e-09
1.579968e-09
1.603755e-09
1.621817e-09
1.645409e-09
1.663674e-09
1.686984e-09
1.705354e-09
1.728362e-09
1.746787e-09
1.769494e-09
1.787942e-09
1.810356e-09
1.828804e-09
1.850937e-09
1.869364e-09
1.891224e-09
1.909616e-09
1.931210e-09
1.949552e-09
1.970888e-09
1.989165e-09
2.010250e-09
2.028451e-09
2.049287e-09
2.067402e-09
2.087994e-09
2.106012e-09
2.126363e-09
2.144274e-09
2.164387e-09
2.182183e-09
2.202060e-09
2.219732e-09
2.239374e-09
2.256916e-09
2.276323e-09
2.293727e-09
2.312901e-09
2.330160e-09
2.349100e-09
2.366208e-09
2.384916e-09
2.401867e-09
2.420340e-09
2.437128e-09
2.455368e-09
2.471988e-09
2.489992e-09
2.506438e-09
2.524208e-09
2.540475e-09
2.558008e-09
2.574093e-09
2.591388e-09
2.607285e-09
2.624341e-09
2.640045e-09
2.656861e-09
2.672368e-09
2.688943e-09
2.704250e-09
2.720582e-09
2.735684e-09
2.751771e-09
2.766665e-09
2.782506e-09
2.797187e-09
2.812781e-09
2.827246e-09
2.842591e-09
2.856837e-09
2.871930e-09
2.885954e-09
2.900795e-09
2.914592e-09
2.929178e-09
2.942746e-09
2.957077e-09
2.970412e-09
2.984484e-09
2.997584e-09
3.011397e-09
3.024258e-09
3.037810e-09
3.050430e-09
3.063719e-09
3.076094e-09
3.089118e-09
3.101246e-09
3.114004e-09
3.125883e-09
3.138372e-09
3.149999e-09
3.162218e-09
3.173590e-09
3.185538e-09
3.196654e-09
3.208329e-09
3.219184e-09
3.230584e-09
3.241179e-09
3.252303e-09
3.262633e-09
3.273479e-09
3.283543e-09
3.294110e-09
3.303906e-09
3.314192e-09
3.323718e-09
3.333722e-09
3.342975e-09
3.352696e-09
3.361675e-09
3.371111e-09
3.379814e-09
3.388963e-09
3.397388e-09
3.406251e-09
3.414396e-09
3.422969e-09
3.430834e-09
3.439117e-09
3.446698e-09
3.454690e-09
3.461987e-09
3.469687e-09
3.476698e-09
3.484104e-09
3.490828e-09
3.497940e-09
3.504374e-09
3.511191e-09
3.517335e-09
3.523855e-09
3.529708e-09
3.535931e-09
3.541492e-09
3.547416e-09
3.552683e-09
3.558308e-09
3.563280e-09
3.568606e-09
3.573282e-09
3.578307e-09
3.582686e-09
3.587410e-09
3.591491e-09
3.595913e-09
3.599695e-09
3.603816e-09
3.607298e-09
3.611115e-09
3.614297e-09
3.617810e-09
3.620691e-09
3.623901e-09
3.626480e-09
3.629385e-09
3.631662e-09
3.634262e-09
3.636236e-09
3.638532e-09
3.640202e-09
3.642192e-09
3.643559e-09
3.645244e-09
3.646306e-09
3.647685e-09
3.648443e-09
3.649516e-09
3.649969e-09
3.650737e-09
3.650885e-09
3.651347e-09
