3.090144e-09
3.090314e-09
3.089886e-09
3.089798e-09
3.089114e-09
3.088770e-09
3.087828e-09
3.087227e-09
3.086029e-09
3.085171e-09
3.083716e-09
3.082603e-09
3.080890e-09
3.079521e-09
3.077552e-09
3.075928e-09
3.073702e-09
3.071823e-09
3.069341e-09
3.067208e-09
3.064469e-09
3.062082e-09
3.059088e-09
3.056448e-09
3.053198e-09
3.050306e-09
3.046801e-09
3.043657e-09
3.039897e-09
3.036502e-09
3.032487e-09
3.028842e-09
3.024574e-09
3.020679e-09
3.016157e-09
3.012013e-09
3.007239e-09
3.002847e-09
2.997821e-09
2.993183e-09
2.987906e-09
2.983021e-09
2.977493e-09
2.972364e-09
2.966586e-09
2.961213e-09
2.955186e-09
2.949570e-09
2.943294e-09
2.937437e-09
2.930914e-09
2.924817e-09
2.918047e-09
2.911711e-09
2.904695e-09
2.898122e-09
2.890861e-09
2.884051e-09
2.876547e-09
2.869503e-09
2.861756e-09
2.854478e-09
2.846489e-09
2.838980e-09
2.830751e-09
2.823011e-09
2.814542e-09
2.806574e-09
2.797866e-09
2.789672e-09
2.780727e-09
2.772307e-09
2.763126e-09
2.754484e-09
2.745068e-09
2.736204e-09
2.726554e-09
2.717471e-09
2.707589e-09
2.698288e-09
2.688175e-09
2.678658e-09
2.668316e-09
2.658586e-09
2.648015e-09
2.638074e-09
2.627275e-09
2.617126e-09
2.606101e-09
2.595745e-09
2.584496e-09
2.573936e-09
2.562463e-09
2.551702e-09
2.540007e-09
2.529046e-09
2.517131e-09
2.505973e-09
2.493839e-09
2.482487e-09
2.470135e-09
2.458591e-09
2.446023e-09
2.434291e-09
2.421508e-09
2.409591e-09
2.396593e-09
2.384494e-09
2.371283e-09
2.359004e-09
2.345583e-09
2.333128e-09
2.319497e-09
2.306868e-09
2.293028e-09
2.280230e-09
2.266182e-09
2.253218e-09
2.238963e-09
2.225837e-09
2.211376e-09
2.198091e-09
2.183424e-09
2.169986e-09
2.155115e-09
2.141525e-09
2.126450e-09
2.112715e-09
2.097437e-09
2.083561e-09
2.068079e-09
2.054066e-09
2.038382e-09
2.024237e-09
2.008350e-09
1.994078e-09
1.977989e-09
1.963596e-09
1.947303e-09
1.932795e-09
1.916298e-09
1.901681e-09
1.884979e-09
1.870260e-09
1.853351e-09
1.838537e-09
1.821420e-09
1.806518e-09
1.789189e-09
1.774208e-09
1.756666e-09
1.741614e-09
1.723855e-09
1.708742e-09
1.690760e-09
1.675598e-09
1.657388e-09
1.642187e-09
1.623744e-09
1.608516e-09
1.589832e-09
1.574592e-09
1.555659e-09
1.540422e-09
1.521229e-09
1.506015e-09
1.486552e-09
1.471383e-09
1.451641e-09
1.436548e-09
1.416524e-09
1.401557e-09
1.381273e-09
1.366528e-09
1.346069e-09
1.331763e-09
1.311403e-09
1.298075e-09
1.278601e-09
1.267653e-09
1.251262e-09
1.246439e-09
1.239165e-09
1.250563e-09
1.268885e-09
1.323854e-09
1.412662e-09
1.585430e-09
1.866861e-09
2.359067e-09
3.165265e-09
4.524853e-09
6.758849e-09
1.047508e-08
1.659178e-08
2.671265e-08
4.338546e-08
7.091421e-08
1.162837e-07
1.911298e-07
3.145074e-07
5.179729e-07
8.534014e-07
1.406487e-06
2.318331e-06
3.821773e-06
6.300470e-06
1.038720e-05
1.712495e-05
2.823352e-05
4.654784e-05
7.674169e-05
1.265188e-04
2.085768e-04
3.438380e-04
5.667663e-04
9.340958e-04
1.539131e-03
2.535066e-03
4.172754e-03
6.861135e-03
1.126197e-02
1.843318e-02
3.003206e-02
4.856826e-02
7.762963e-02
1.218531e-01
1.861842e-01
2.738855e-01
3.834341e-01
5.062503e-01
6.283167e-01
7.359459e-01
8.212739e-01
8.833973e-01
9.258761e-01
9.536910e-01
9.713909e-01
9.824501e-01
9.892814e-01
9.934713e-01
9.960300e-01
9.975883e-01
9.985358e-01
9.991114e-01
9.994609e-01
9.996729e-01
9.998016e-01
9.998796e-01
9.999270e-01
9.999557e-01
9.999731e-01
9.999837e-01
9.999901e-01
9.999940e-01
9.999964e-01
9.999978e-01
9.999987e-01
9.999992e-01
9.999995e-01
9.999997e-01
9.999998e-01
9.999999e-01
9.999999e-01
1.000000e+00
1.000000e+00
1.000000e+00
1.000000e+00
1.000000e+00
1.000000e+00
1.000000e+00
1.000000e+00
1.000000e+00
1.000000e+00
1.000000e+00
1.000000e+00
1.000000e+00
1.000000e+00
1.000000e+00
1.000000e+00
1.000000e+00
1.000000e+00
1.000000e+00
1.000000e+00
1.000000e+00
1.000000e+00
1.000000e+00
1.000000e+00
1.000000e+00
1.000000e+00
1.000000e+00
1.000000e+00
1.000000e+00
1.000000e+00
1.000000e+00
1.000000e+00
1.000000e+00
1.000000e+00
1.000000e+00
1.000000e+00
1.000000e+00
1.000000e+00
1.000000e+00
1.000000e+00
1.000000e+00
1.000000e+00
1.000000e+00
1.000000e+00
1.000000e+00
1.000000e+00
1.000000e+00
1.000000e+00
1.000000e+00
1.000000e+00
1.000000e+00
1.000000e+00
1.000000e+00
1.000000e+00
1.000000e+00
1.000000e+00
1.000000e+00
1.000000e+00
1.000000e+00
1.000000e+00
1.000000e+00
1.000000e+00
1.000000e+00
1.000000e+00
1.000000e+00
1.000000e+00
1.000000e+00
1.000000e+00
1.000000e+00
1.000000e+00
1.000000e+00
1.000000e+00
1.000000e+00
1.000000e+00
1.000000e+00
1.000000e+00
1.000000e+00
1.000000e+00
1.000000e+00
1.000000e+00
1.000000e+00
1.000000e+00
1.000000e+00
1.000000e+00
1.000000e+00
1.000000e+00
1.000000e+00
1.000000e+00
1.000000e+00
1.000000e+00
1.000000e+00
1.000000e+00
1.000000e+00
1.000000e+00
1.000000e+00
1.000000e+00
1.000000e+00
1.000000e+00
1.000000e+00
1.000000e+00
1.000000e+00
1.000000e+00
1.000000e+00
1.000000e+00
1.000000e+00
1.000000e+00
1.000000e+00
1.000000e+00
1.000000e+00
1.000000e+00
1.000000e+00
1.000000e+00
1.000000e+00
1.000000e+00
1.000000e+00
1.000000e+00
1.000000e+00
1.000000e+00
1.000000e+00
1.000000e+00
1.000000e+00
1.000000e+00
1.000000e+00
1.000000e+00
1.000000e+00
1.000000e+00
1.000000e+00
1.000000e+00
1.000000e+00
1.000000e+00
1.000000e+00
1.000000e+00
1.000000e+00
1.000000e+00
1.000000e+00
1.000000e+00
1.000000e+00
1.000000e+00
1.000000e+00
1.000000e+00
1.000000e+00
1.000000e+00
1.000000e+00
1.000000e+00
1.000000e+00
1.000000e+00
1.000000e+00
1.000000e+00
1.000000e+00
1.000000e+00
1.000000e+00
1.000000e+00
1.000000e+00
1.000000e+00
1.000000e+00
1.000000e+00
1.000000e+00
1.000000e+00
1.000000e+00
1.000000e+00
1.000000e+00
1.000000e+00
1.000000e+00
1.000000e+00
1.000000e+00
1.000000e+00
1.000000e+00
1.000000e+00
1.000000e+00
1.000000e+00
1.000000e+00
1.000000e+00
1.000000e+00
1.000000e+00
1.000000e+00
1.000000e+00
1.000000e+00
1.000000e+00
1.000000e+00
1.000000e+00
1.000000e+00
1.000000e+00
1.000000e+00
1.000000e+00
1.000000e+00
1.000000e+00
1.000000e+00
1.000000e+00
1.000000e+00
1.000000e+00
1.000000e+00
1.000000e+00
1.000000e+00
1.000000e+00
1.000000e+00
1.000000e+00
1.000000e+00
1.000000e+00
1.000000e+00
1.000000e+00
1.000000e+00
1.000000e+00
1.000000e+00
1.000000e+00
1.000000e+00
1.000000e+00
1.000000e+00
1.000000e+00
1.000000e+00
1.000000e+00
1.000000e+00
1.000000e+00
1.000000e+00
1.000000e+00
1.000000e+00
1.000000e+00
1.000000e+00
1.000000e+00
1.000000e+00
1.000000e+00
1.000000e+00
1.000000e+00
1.000000e+00
1.000000e+00
1.000000e+00
1.000000e+00
1.000000e+00
1.000000e+00
1.000000e+00
1.000000e+00
1.000000e+00
1.000000e+00
1.000000e+00
1.000000e+00
1.000000e+00
1.000000e+00
1.000000e+00
1.000000e+00
1.000000e+00
1.000000e+00
1.000000e+00
1.000000e+00
1.000000e+00
1.000000e+00
1.000000e+00
1.000000e+00
1.000000e+00
1.000000e+00
1.000000e+00
1.000000e+00
1.000000e+00
1.000000e+00
1.000000e+00
1.000000e+00
1.000000e+00
1.000000e+00
1.000000e+00
1.000000e+00
1.000000e+00
1.000000e+00
1.000000e+00
1.000000e+00
1.000000e+00
1.000000e+00
1.000000e+00
1.000000e+00
1.000000e+00
1.000000e+00
1.000000e+00
1.000000e+00
1.000000e+00
1.000000e+00
1.000000e+00
1.000000e+00
1.000000e+00
1.000000e+00
1.000000e+00
1.000000e+00
1.000000e+00
1.000000e+00
1.000000e+00
1.000000e+00
1.000000e+00
1.000000e+00
1.000000e+00
1.000000e+00
1.000000e+00
1.000000e+00
1.000000e+00
1.000000e+00
1.000000e+00
1.000000e+00
1.000000e+00
1.000000e+00
1.000000e+00
1.000000e+00
1.000000e+00
1.000000e+00
1.000000e+00
1.000000e+00
1.000000e+00
1.000000e+00
1.000000e+00
1.000000e+00
1.000000e+00
1.000000e+00
1.000000e+00
1.000000e+00
1.000000e+00
1.000000e+00
1.000000e+00
1.000000e+00
1.000000e+00
1.000000e+00
1.000000e+00
1.000000e+00
1.000000e+00
1.000000e+00
1.000000e+00
1.000000e+00
1.000000e+00
1.000000e+00
1.000000e+00
1.000000e+00
1.000000e+00
1.000000e+00
1.000000e+00
1.000000e+00
1.000000e+00
1.000000e+00
1.000000e+00
1.000000e+00
1.000000e+00
1.000000e+00
1.000000e+00
1.000000e+00
1.000000e+00
1.000000e+00
1.000000e+00
1.000000e+00
1.000000e+00
1.000000e+00
1.000000e+00
1.000000e+00
1.000000e+00
1.000000e+00
1.000000e+00
1.000000e+00
1.000000e+00
1.000000e+00
1.000000e+00
1.000000e+00
1.000000e+00
1.000000e+00
1.000000e+00
1.000000e+00
1.000000e+00
1.000000e+00
1.000000e+00
1.000000e+00
1.000000e+00
1.000000e+00
1.000000e+00
1.000000e+00
1.000000e+00
1.000000e+00
1.000000e+00
1.000000e+00
1.000000e+00
1.000000e+00
1.000000e+00
1.000000e+00
1.000000e+00
1.000000e+00
1.000000e+00
1.000000e+00
1.000000e+00
1.000000e+00
1.000000e+00
1.000000e+00
1.000000e+00
1.000000e+00
1.000000e+00
1.000000e+00
1.000000e+00
1.000000e+00
1.000000e+00
1.000000e+00
1.000000e+00
1.000000e+00
1.000000e+00
1.000000e+00
1.000000e+00
1.000000e+00
1.000000e+00
1.000000e+00
1.000000e+00
1.000000e+00
1.000000e+00
1.000000e+00
1.000000e+00
1.000000e+00
1.000000e+00
1.000000e+00
1.000000e+00
1.000000e+00
1.000000e+00
1.000000e+00
1.000000e+00
1.000000e+00
1.000000e+00
1.000000e+00
1.000000e+00
1.000000e+00
1.000000e+00
1.000000e+00
1.000000e+00
1.000000e+00
1.000000e+00
1.000000e+00
1.000000e+00
1.000000e+00
1.000000e+00
1.000000e+00
1.000000e+00
1.000000e+00
1.000000e+00
1.000000e+00
1.000000e+00
1.000000e+00
1.000000e+00
1.000000e+00
1.000000e+00
1.000000e+00
1.000000e+00
1.000000e+00
1.000000e+00
1.000000e+00
1.000000e+00
1.000000e+00
1.000000e+00
1.000000e+00
1.000000e+00
1.000000e+00
1.000000e+00
1.000000e+00
1.000000e+00
1.000000e+00
1.000000e+00
1.000000e+00
1.000000e+00
1.000000e+00
1.000000e+00
1.000000e+00
1.000000e+00
1.000000e+00
1.000000e+00
1.000000e+00
1.000000e+00
1.000000e+00
1.000000e+00
1.000000e+00
1.000000e+00
1.000000e+00
1.000000e+00
1.000000e+00
1.000000e+00
1.000000e+00
1.000000e+00
1.000000e+00
1.000000e+00
1.000000e+00
1.000000e+00
1.000000e+00
1.000000e+00
1.000000e+00
1.000000e+00
1.000000e+00
1.000000e+00
1.000000e+00
1.000000e+00
1.000000e+00
1.000000e+00
1.000000e+00
1.000000e+00
1.000000e+00
1.000000e+00
1.000000e+00
1.000000e+00
1.000000e+00
1.000000e+00
1.000000e+00
1.000000e+00
1.000000e+00
1.000000e+00
1.000000e+00
1.000000e+00
9.999999e-01
9.999999e-01
9.999998e-01
9.999997e-01
9.999995e-01
9.999992e-01
9.999987e-01
9.999978e-01
9.999964e-01
9.999940e-01
9.999901e-01
9.999837e-01
9.999731e-01
9.999557e-01
9.999270e-01
9.998796e-01
9.998016e-01
9.996729e-01
9.994609e-01
9.991114e-01
9.985358e-01
9.975883e-01
9.960300e-01
9.934713e-01
9.892814e-01
9.824501e-01
9.713909e-01
9.536910e-01
9.258761e-01
8.833973e-01
8.212739e-01
7.359459e-01
6.283167e-01
5.062503e-01
3.834341e-01
2.738855e-01
1.861842e-01
1.218531e-01
7.762963e-02
4.856826e-02
3.003206e-02
1.843318e-02
1.126197e-02
6.861135e-03
4.172754e-03
2.535066e-03
1.539131e-03
9.340958e-04
5.667663e-04
3.438380e-04
2.085768e-04
1.265188e-04
7.674169e-05
4.654784e-05
2.823352e-05
1.712495e-05
1.038720e-05
6.300470e-06
3.821773e-06
2.318331e-06
1.406487e-06
8.534014e-07
5.179729e-07
3.145074e-07
1.911298e-07
1.162837e-07
7.091424e-08
4.338549e-08
2.671268e-08
1.659182e-08
1.047511e-08
6.758883e-09
4.524889e-09
3.165302e-09
2.359106e-09
1.866901e-09
1.585471e-09
1.412705e-09
1.323898e-09
1.268931e-09
1.250610e-09
1.239213e-09
1.246488e-09
1.251312e-09
1.267704e-09
1.278653e-09
1.298128e-09
1.311457e-09
1.331818e-09
1.346124e-09
1.366585e-09
1.381330e-09
1.401616e-09
1.416584e-09
1.436608e-09
1.451703e-09
1.471445e-09
1.486615e-09
1.506079e-09
1.521294e-09
1.540488e-09
1.555725e-09
1.574659e-09
1.589900e-09
1.608584e-09
1.623813e-09
1.642256e-09
1.657458e-09
1.675668e-09
1.690831e-09
1.708813e-09
1.723926e-09
1.741686e-09
1.756737e-09
1.774280e-09
1.789260e-09
1.806588e-09
1.821489e-09
1.838606e-09
1.853420e-09
1.870328e-09
1.885046e-09
1.901747e-09
1.916363e-09
1.932859e-09
1.947365e-09
1.963657e-09
1.978049e-09
1.994137e-09
2.008407e-09
2.024293e-09
2.038437e-09
2.054119e-09
2.068131e-09
2.083611e-09
2.097486e-09
2.112762e-09
2.126496e-09
2.141569e-09
2.155157e-09
2.170026e-09
2.183463e-09
2.198128e-09
2.211411e-09
2.225871e-09
2.238996e-09
2.253250e-09
2.266212e-09
2.280259e-09
2.293055e-09
2.306894e-09
2.319521e-09
2.333151e-09
2.345605e-09
2.359025e-09
2.371302e-09
2.384511e-09
2.396609e-09
2.409606e-09
2.421522e-09
2.434304e-09
2.446035e-09
2.458603e-09
2.470145e-09
2.482496e-09
2.493847e-09
2.505980e-09
2.517137e-09
2.529052e-09
2.540012e-09
2.551706e-09
2.562467e-09
2.573939e-09
2.584499e-09
2.595747e-09
2.606103e-09
2.617127e-09
2.627276e-09
2.638074e-09
2.648014e-09
2.658585e-09
2.668315e-09
2.678657e-09
2.688173e-09
2.698285e-09
2.707586e-09
2.717468e-09
2.726551e-09
2.736200e-09
2.745064e-09
2.754479e-09
2.763122e-09
2.772303e-09
2.780722e-09
2.789667e-09
2.797862e-09
2.806570e-09
2.814537e-09
2.823007e-09
2.830746e-09
2.838976e-09
2.846486e-09
2.854474e-09
2.861752e-09
2.869499e-09
2.876544e-09
2.884048e-09
2.890858e-09
2.898119e-09
2.904693e-09
2.911709e-09
2.918045e-09
2.924815e-09
2.930913e-09
2.937437e-09
2.943294e-09
2.949570e-09
2.955186e-09
2.961214e-09
2.966587e-09
2.972366e-09
2.977495e-09
2.983024e-09
2.987909e-09
2.993187e-09
2.997826e-09
3.002852e-09
3.007244e-09
3.012019e-09
3.016163e-09
3.020685e-09
3.024580e-09
3.028849e-09
3.032494e-09
3.036509e-09
3.039905e-09
3.043665e-09
3.046809e-09
3.050315e-09
3.053208e-09
3.056458e-09
3.059098e-09
3.062093e-09
3.064479e-09
3.067218e-09
3.069350e-09
3.071833e-09
3.073712e-09
3.075937e-09
3.077561e-09
3.079530e-09
3.080898e-09
3.082611e-09
3.083723e-09
3.085179e-09
3.086036e-09
3.087233e-09
3.087834e-09
3.088774e-09
3.089118e-09
3.089802e-09
3.089888e-09
3.090315e-09
