2.617773e-09
2.617953e-09
2.617556e-09
2.617519e-09
2.616905e-09
2.616652e-09
2.615822e-09
2.615353e-09
2.614307e-09
2.613622e-09
2.612359e-09
2.611458e-09
2.609979e-09
2.608863e-09
2.607167e-09
2.605837e-09
2.603924e-09
2.602380e-09
2.600251e-09
2.598493e-09
2.596148e-09
2.594176e-09
2.591616e-09
2.589430e-09
2.586655e-09
2.584257e-09
2.581266e-09
2.578657e-09
2.575451e-09
2.572631e-09
2.569211e-09
2.566179e-09
2.562545e-09
2.559304e-09
2.555457e-09
2.552007e-09
2.547945e-09
2.544287e-09
2.540013e-09
2.536147e-09
2.531661e-09
2.527588e-09
2.522891e-09
2.518612e-09
2.513703e-09
2.509220e-09
2.504101e-09
2.499414e-09
2.494085e-09
2.489195e-09
2.483657e-09
2.478565e-09
2.472819e-09
2.467526e-09
2.461572e-09
2.456080e-09
2.449919e-09
2.444228e-09
2.437862e-09
2.431974e-09
2.425402e-09
2.419319e-09
2.412543e-09
2.406265e-09
2.399285e-09
2.392814e-09
2.385631e-09
2.378969e-09
2.371584e-09
2.364731e-09
2.357146e-09
2.350104e-09
2.342319e-09
2.335091e-09
2.327106e-09
2.319692e-09
2.311510e-09
2.303912e-09
2.295533e-09
2.287753e-09
2.279178e-09
2.271217e-09
2.262448e-09
2.254308e-09
2.245344e-09
2.237028e-09
2.227872e-09
2.219381e-09
2.210033e-09
2.201370e-09
2.191830e-09
2.182997e-09
2.173267e-09
2.164265e-09
2.154347e-09
2.145178e-09
2.135073e-09
2.125740e-09
2.115447e-09
2.105953e-09
2.095475e-09
2.085822e-09
2.075159e-09
2.065349e-09
2.054502e-09
2.044538e-09
2.033509e-09
2.023393e-09
2.012182e-09
2.001918e-09
1.990526e-09
1.980116e-09
1.968544e-09
1.957991e-09
1.946240e-09
1.935547e-09
1.923617e-09
1.912787e-09
1.900679e-09
1.889716e-09
1.877431e-09
1.866337e-09
1.853876e-09
1.842656e-09
1.830017e-09
1.818675e-09
1.805860e-09
1.794399e-09
1.781408e-09
1.769832e-09
1.756664e-09
1.744978e-09
1.731635e-09
1.719843e-09
1.706322e-09
1.694429e-09
1.680731e-09
1.668743e-09
1.654866e-09
1.642787e-09
1.628731e-09
1.616568e-09
1.602331e-09
1.590089e-09
1.575669e-09
1.563355e-09
1.548750e-09
1.536372e-09
1.521578e-09
1.509143e-09
1.494158e-09
1.481675e-09
1.466494e-09
1.453972e-09
1.438591e-09
1.426040e-09
1.410452e-09
1.397883e-09
1.382083e-09
1.369508e-09
1.353487e-09
1.340919e-09
1.324668e-09
1.312123e-09
1.295632e-09
1.283128e-09
1.266386e-09
1.253946e-09
1.236942e-09
1.224596e-09
1.207329e-09
1.195126e-09
1.177615e-09
1.165652e-09
1.147983e-09
1.136476e-09
1.118921e-09
1.108408e-09
1.091756e-09
1.083638e-09
1.070085e-09
1.068106e-09
1.063685e-09
1.077942e-09
1.099131e-09
1.156972e-09
1.248661e-09
1.424316e-09
1.708641e-09
2.203746e-09
3.012850e-09
4.375350e-09
6.612264e-09
1.033142e-08
1.645105e-08
2.657485e-08
4.325060e-08
7.078229e-08
1.161547e-07
1.910038e-07
3.143843e-07
5.178527e-07
8.532840e-07
1.406372e-06
2.318220e-06
3.821663e-06
6.300363e-06
1.038710e-05
1.712485e-05
2.823342e-05
4.654773e-05
7.674158e-05
1.265187e-04
2.085767e-04
3.438379e-04
5.667661e-04
9.340954e-04
1.539130e-03
2.535065e-03
4.172753e-03
6.861134e-03
1.126197e-02
1.843318e-02
3.003205e-02
4.856825e-02
7.762961e-02
1.218531e-01
1.861841e-01
2.738854e-01
3.834340e-01
5.062502e-01
6.283167e-01
7.359458e-01
8.212739e-01
8.833972e-01
9.258761e-01
9.536909e-01
9.713908e-01
9.824501e-01
9.892814e-01
9.934713e-01
9.960300e-01
9.975883e-01
9.985358e-01
9.991114e-01
9.994609e-01
9.996729e-01
9.998016e-01
9.998796e-01
9.999270e-01
9.999557e-01
9.999731e-01
9.999837e-01
9.999901e-01
9.999940e-01
9.999964e-01
9.999978e-01
9.999987e-01
9.999992e-01
9.999995e-01
9.999997e-01
9.999998e-01
9.999999e-01
9.999999e-01
1.000000e+00
1.000000e+00
1.000000e+00
1.000000e+00
1.000000e+00
1.000000e+00
1.000000e+00
1.000000e+00
1.000000e+00
1.000000e+00
1.000000e+00
1.000000e+00
1.000000e+00
1.000000e+00
1.000000e+00
1.000000e+00
1.000000e+00
1.000000e+00
1.000000e+00
1.000000e+00
1.000000e+00
1.000000e+00
1.000000e+00
1.000000e+00
1.000000e+00
1.000000e+00
1.000000e+00
1.000000e+00
1.000000e+00
1.000000e+00
1.000000e+00
1.000000e+00
1.000000e+00
1.000000e+00
1.000000e+00
1.000000e+00
1.000000e+00
1.000000e+00
1.000000e+00
1.000000e+00
1.000000e+00
1.000000e+00
1.000000e+00
1.000000e+00
1.000000e+00
1.000000e+00
1.000000e+00
1.000000e+00
1.000000e+00
1.000000e+00
1.000000e+00
1.000000e+00
1.000000e+00
1.000000e+00
1.000000e+00
1.000000e+00
1.000000e+00
1.000000e+00
1.000000e+00
1.000000e+00
1.000000e+00
1.000000e+00
1.000000e+00
1.000000e+00
1.000000e+00
1.000000e+00
1.000000e+00
1.000000e+00
1.000000e+00
1.000000e+00
1.000000e+00
1.000000e+00
1.000000e+00
1.000000e+00
1.000000e+00
1.000000e+00
1.000000e+00
1.000000e+00
1.000000e+00
1.000000e+00
1.000000e+00
1.000000e+00
1.000000e+00
1.000000e+00
1.000000e+00
1.000000e+00
1.000000e+00
1.000000e+00
1.000000e+00
1.000000e+00
1.000000e+00
1.000000e+00
1.000000e+00
1.000000e+00
1.000000e+00
1.000000e+00
1.000000e+00
1.000000e+00
1.000000e+00
1.000000e+00
1.000000e+00
1.000000e+00
1.000000e+00
1.000000e+00
1.000000e+00
1.000000e+00
1.000000e+00
1.000000e+00
1.000000e+00
1.000000e+00
1.000000e+00
1.000000e+00
1.000000e+00
1.000000e+00
1.000000e+00
1.000000e+00
1.000000e+00
1.000000e+00
1.000000e+00
1.000000e+00
1.000000e+00
1.000000e+00
1.000000e+00
1.000000e+00
1.000000e+00
1.000000e+00
1.000000e+00
1.000000e+00
1.000000e+00
1.000000e+00
1.000000e+00
1.000000e+00
1.000000e+00
1.000000e+00
1.000000e+00
1.000000e+00
1.000000e+00
1.000000e+00
1.000000e+00
1.000000e+00
1.000000e+00
1.000000e+00
1.000000e+00
1.000000e+00
1.000000e+00
1.000000e+00
1.000000e+00
1.000000e+00
1.000000e+00
1.000000e+00
1.000000e+00
1.000000e+00
1.000000e+00
1.000000e+00
1.000000e+00
1.000000e+00
1.000000e+00
1.000000e+00
1.000000e+00
1.000000e+00
1.000000e+00
1.000000e+00
1.000000e+00
1.000000e+00
1.000000e+00
1.000000e+00
1.000000e+00
1.000000e+00
1.000000e+00
1.000000e+00
1.000000e+00
1.000000e+00
1.000000e+00
1.000000e+00
1.000000e+00
1.000000e+00
1.000000e+00
1.000000e+00
1.000000e+00
1.000000e+00
1.000000e+00
1.000000e+00
1.000000e+00
1.000000e+00
1.000000e+00
1.000000e+00
1.000000e+00
1.000000e+00
1.000000e+00
1.000000e+00
1.000000e+00
1.000000e+00
1.000000e+00
1.000000e+00
1.000000e+00
1.000000e+00
1.000000e+00
1.000000e+00
1.000000e+00
1.000000e+00
1.000000e+00
1.000000e+00
1.000000e+00
1.000000e+00
1.000000e+00
1.000000e+00
1.000000e+00
1.000000e+00
1.000000e+00
1.000000e+00
1.000000e+00
1.000000e+00
1.000000e+00
1.000000e+00
1.000000e+00
1.000000e+00
1.000000e+00
1.000000e+00
1.000000e+00
1.000000e+00
1.000000e+00
1.000000e+00
1.000000e+00
1.000000e+00
1.000000e+00
1.000000e+00
1.000000e+00
1.000000e+00
1.000000e+00
1.000000e+00
1.000000e+00
1.000000e+00
1.000000e+00
1.000000e+00
1.000000e+00
1.000000e+00
1.000000e+00
1.000000e+00
1.000000e+00
1.000000e+00
1.000000e+00
1.000000e+00
1.000000e+00
1.000000e+00
1.000000e+00
1.000000e+00
1.000000e+00
1.000000e+00
1.000000e+00
1.000000e+00
1.000000e+00
1.000000e+00
1.000000e+00
1.000000e+00
1.000000e+00
1.000000e+00
1.000000e+00
1.000000e+00
1.000000e+00
1.000000e+00
1.000000e+00
1.000000e+00
1.000000e+00
1.000000e+00
1.000000e+00
1.000000e+00
1.000000e+00
1.000000e+00
1.000000e+00
1.000000e+00
1.000000e+00
1.000000e+00
1.000000e+00
1.000000e+00
1.000000e+00
1.000000e+00
1.000000e+00
1.000000e+00
1.000000e+00
1.000000e+00
1.000000e+00
1.000000e+00
1.000000e+00
1.000000e+00
1.000000e+00
1.000000e+00
1.000000e+00
1.000000e+00
1.000000e+00
1.000000e+00
1.000000e+00
1.000000e+00
1.000000e+00
1.000000e+00
1.000000e+00
1.000000e+00
1.000000e+00
1.000000e+00
1.000000e+00
1.000000e+00
1.000000e+00
1.000000e+00
1.000000e+00
1.000000e+00
1.000000e+00
1.000000e+00
1.000000e+00
1.000000e+00
1.000000e+00
1.000000e+00
1.000000e+00
1.000000e+00
1.000000e+00
1.000000e+00
1.000000e+00
1.000000e+00
1.000000e+00
1.000000e+00
1.000000e+00
1.000000e+00
1.000000e+00
1.000000e+00
1.000000e+00
1.000000e+00
1.000000e+00
1.000000e+00
1.000000e+00
1.000000e+00
1.000000e+00
1.000000e+00
1.000000e+00
1.000000e+00
1.000000e+00
1.000000e+00
1.000000e+00
1.000000e+00
1.000000e+00
1.000000e+00
1.000000e+00
1.000000e+00
1.000000e+00
1.000000e+00
1.000000e+00
1.000000e+00
1.000000e+00
1.000000e+00
1.000000e+00
1.000000e+00
1.000000e+00
1.000000e+00
1.000000e+00
1.000000e+00
1.000000e+00
1.000000e+00
1.000000e+00
1.000000e+00
1.000000e+00
1.000000e+00
1.000000e+00
1.000000e+00
1.000000e+00
1.000000e+00
1.000000e+00
1.000000e+00
1.000000e+00
1.000000e+00
1.000000e+00
1.000000e+00
1.000000e+00
1.000000e+00
1.000000e+00
1.000000e+00
1.000000e+00
1.000000e+00
1.000000e+00
1.000000e+00
1.000000e+00
1.000000e+00
1.000000e+00
1.000000e+00
1.000000e+00
1.000000e+00
1.000000e+00
1.000000e+00
1.000000e+00
1.000000e+00
1.000000e+00
1.000000e+00
1.000000e+00
1.000000e+00
1.000000e+00
1.000000e+00
1.000000e+00
1.000000e+00
1.000000e+00
1.000000e+00
1.000000e+00
1.000000e+00
1.000000e+00
1.000000e+00
1.000000e+00
1.000000e+00
1.000000e+00
1.000000e+00
1.000000e+00
1.000000e+00
1.000000e+00
1.000000e+00
1.000000e+00
1.000000e+00
1.000000e+00
1.000000e+00
1.000000e+00
1.000000e+00
1.000000e+00
1.000000e+00
1.000000e+00
1.000000e+00
1.000000e+00
1.000000e+00
1.000000e+00
1.000000e+00
1.000000e+00
1.000000e+00
1.000000e+00
1.000000e+00
1.000000e+00
1.000000e+00
1.000000e+00
1.000000e+00
1.000000e+00
1.000000e+00
1.000000e+00
1.000000e+00
1.000000e+00
1.000000e+00
1.000000e+00
1.000000e+00
1.000000e+00
1.000000e+00
1.000000e+00
1.000000e+00
1.000000e+00
1.000000e+00
1.000000e+00
1.000000e+00
1.000000e+00
1.000000e+00
1.000000e+00
1.000000e+00
1.000000e+00
1.000000e+00
1.000000e+00
1.000000e+00
1.000000e+00
1.000000e+00
1.000000e+00
1.000000e+00
1.000000e+00
1.000000e+00
1.000000e+00
1.000000e+00
1.000000e+00
1.000000e+00
1.000000e+00
1.000000e+00
1.000000e+00
1.000000e+00
1.000000e+00
1.000000e+00
1.000000e+00
1.000000e+00
1.000000e+00
1.000000e+00
1.000000e+00
1.000000e+00
1.000000e+00
1.000000e+00
1.000000e+00
1.000000e+00
1.000000e+00
1.000000e+00
1.000000e+00
1.000000e+00
1.000000e+00
1.000000e+00
1.000000e+00
1.000000e+00
1.000000e+00
1.000000e+00
1.000000e+00
1.000000e+00
1.000000e+00
1.000000e+00
1.000000e+00
1.000000e+00
1.000000e+00
9.999999e-01
9.999999e-01
9.999998e-01
9.999997e-01
9.999995e-01
9.999992e-01
9.999987e-01
9.999978e-01
9.999964e-01
9.999940e-01
9.999901e-01
9.999837e-01
9.999731e-01
9.999557e-01
9.999270e-01
9.998796e-01
9.998016e-01
9.996729e-01
9.994609e-01
9.991114e-01
9.985358e-01
9.975883e-01
9.960300e-01
9.934713e-01
9.892814e-01
9.824501e-01
9.713908e-01
9.536909e-01
9.258761e-01
8.833972e-01
8.212739e-01
7.359458e-01
6.283167e-01
5.062502e-01
3.834340e-01
2.738854e-01
1.861841e-01
1.218531e-01
7.762961e-02
4.856825e-02
3.003205e-02
1.843318e-02
1.126197e-02
6.861134e-03
4.172753e-03
2.535065e-03
1.539130e-03
9.340954e-04
5.667661e-04
3.438379e-04
2.085767e-04
1.265187e-04
7.674158e-05
4.654773e-05
2.823342e-05
1.712485e-05
1.038710e-05
6.300363e-06
3.821663e-06
2.318220e-06
1.406372e-06
8.532841e-07
5.178527e-07
3.143843e-07
1.910038e-07
1.161547e-07
7.078231e-08
4.325063e-08
2.657488e-08
1.645108e-08
1.033145e-08
6.612299e-09
4.375387e-09
3.012888e-09
2.203786e-09
1.708681e-09
1.424358e-09
1.248704e-09
1.157017e-09
1.099177e-09
1.077990e-09
1.063733e-09
1.068156e-09
1.070136e-09
1.083690e-09
1.091809e-09
1.108461e-09
1.118976e-09
1.136531e-09
1.148039e-09
1.165709e-09
1.177673e-09
1.195185e-09
1.207389e-09
1.224657e-09
1.237004e-09
1.254008e-09
1.266449e-09
1.283192e-09
1.295697e-09
1.312189e-09
1.324734e-09
1.340986e-09
1.353555e-09
1.369576e-09
1.382152e-09
1.397953e-09
1.410522e-09
1.426110e-09
1.438662e-09
1.454043e-09
1.466565e-09
1.481746e-09
1.494229e-09
1.509214e-09
1.521648e-09
1.536441e-09
1.548818e-09
1.563423e-09
1.575736e-09
1.590155e-09
1.602396e-09
1.616632e-09
1.628795e-09
1.642850e-09
1.654927e-09
1.668803e-09
1.680790e-09
1.694487e-09
1.706379e-09
1.719898e-09
1.731688e-09
1.745031e-09
1.756716e-09
1.769881e-09
1.781456e-09
1.794445e-09
1.805905e-09
1.818718e-09
1.830059e-09
1.842696e-09
1.853915e-09
1.866375e-09
1.877467e-09
1.889751e-09
1.900713e-09
1.912819e-09
1.923647e-09
1.935576e-09
1.946267e-09
1.958017e-09
1.968569e-09
1.980139e-09
1.990548e-09
2.001938e-09
2.012201e-09
2.023411e-09
2.033525e-09
2.044553e-09
2.054516e-09
2.065361e-09
2.075171e-09
2.085833e-09
2.095485e-09
2.105962e-09
2.115455e-09
2.125747e-09
2.135079e-09
2.145184e-09
2.154351e-09
2.164269e-09
2.173270e-09
2.182999e-09
2.191832e-09
2.201371e-09
2.210034e-09
2.219382e-09
2.227872e-09
2.237028e-09
2.245343e-09
2.254307e-09
2.262445e-09
2.271215e-09
2.279175e-09
2.287750e-09
2.295530e-09
2.303908e-09
2.311506e-09
2.319687e-09
2.327102e-09
2.335085e-09
2.342314e-09
2.350099e-09
2.357141e-09
2.364726e-09
2.371579e-09
2.378963e-09
2.385627e-09
2.392809e-09
2.399281e-09
2.406261e-09
2.412539e-09
2.419316e-09
2.425399e-09
2.431971e-09
2.437859e-09
2.444226e-09
2.449917e-09
2.456078e-09
2.461571e-09
2.467525e-09
2.472818e-09
2.478564e-09
2.483656e-09
2.489194e-09
2.494085e-09
2.499414e-09
2.504102e-09
2.509221e-09
2.513705e-09
2.518613e-09
2.522893e-09
2.527590e-09
2.531663e-09
2.536150e-09
2.540016e-09
2.544291e-09
2.547949e-09
2.552010e-09
2.555461e-09
2.559309e-09
2.562551e-09
2.566186e-09
2.569217e-09
2.572638e-09
2.575459e-09
2.578665e-09
2.581274e-09
2.584265e-09
2.586663e-09
2.589439e-09
2.591624e-09
2.594185e-09
2.596156e-09
2.598501e-09
2.600260e-09
2.602388e-09
2.603933e-09
2.605845e-09
2.607175e-09
2.608871e-09
2.609986e-09
2.611465e-09
2.612365e-09
2.613628e-09
2.614312e-09
2.615358e-09
2.615827e-09
2.616656e-09
2.616908e-09
2.617521e-09
2.617558e-09
2.617953e-09
