1.884027e-09
1.884222e-09
1.883873e-09
1.883914e-09
1.883410e-09
1.883297e-09
1.882639e-09
1.882373e-09
1.881561e-09
1.881142e-09
1.880175e-09
1.879603e-09
1.878482e-09
1.877757e-09
1.876483e-09
1.875605e-09
1.874177e-09
1.873147e-09
1.871564e-09
1.870383e-09
1.868646e-09
1.867313e-09
1.865423e-09
1.863939e-09
1.861895e-09
1.860260e-09
1.858062e-09
1.856278e-09
1.853927e-09
1.851992e-09
1.849489e-09
1.847405e-09
1.844748e-09
1.842516e-09
1.839707e-09
1.837326e-09
1.834364e-09
1.831836e-09
1.828723e-09
1.826047e-09
1.822782e-09
1.819960e-09
1.816544e-09
1.813577e-09
1.810010e-09
1.806897e-09
1.803180e-09
1.799923e-09
1.796056e-09
1.792656e-09
1.788639e-09
1.785096e-09
1.780929e-09
1.777245e-09
1.772929e-09
1.769104e-09
1.764640e-09
1.760675e-09
1.756063e-09
1.751959e-09
1.747199e-09
1.742957e-09
1.738052e-09
1.733672e-09
1.728620e-09
1.724105e-09
1.718907e-09
1.714256e-09
1.708913e-09
1.704129e-09
1.698641e-09
1.693724e-09
1.688092e-09
1.683044e-09
1.677269e-09
1.672090e-09
1.666171e-09
1.660864e-09
1.654804e-09
1.649369e-09
1.643166e-09
1.637605e-09
1.631262e-09
1.625575e-09
1.619091e-09
1.613282e-09
1.606658e-09
1.600726e-09
1.593963e-09
1.587911e-09
1.581009e-09
1.574839e-09
1.567798e-09
1.561511e-09
1.554333e-09
1.547930e-09
1.540615e-09
1.534098e-09
1.526647e-09
1.520019e-09
1.512431e-09
1.505693e-09
1.497970e-09
1.491124e-09
1.483267e-09
1.476315e-09
1.468323e-09
1.461267e-09
1.453141e-09
1.445984e-09
1.437724e-09
1.430469e-09
1.422075e-09
1.414723e-09
1.406196e-09
1.398749e-09
1.390089e-09
1.382550e-09
1.373757e-09
1.366130e-09
1.357203e-09
1.349490e-09
1.340430e-09
1.332634e-09
1.323441e-09
1.315565e-09
1.306239e-09
1.298286e-09
1.288824e-09
1.280799e-09
1.271203e-09
1.263107e-09
1.253375e-09
1.245214e-09
1.235346e-09
1.227124e-09
1.217116e-09
1.208838e-09
1.198691e-09
1.190360e-09
1.180071e-09
1.171694e-09
1.161262e-09
1.152844e-09
1.142265e-09
1.133811e-09
1.123084e-09
1.114601e-09
1.103720e-09
1.095216e-09
1.084179e-09
1.075661e-09
1.064461e-09
1.055938e-09
1.044571e-09
1.036052e-09
1.024512e-09
1.016006e-09
1.004285e-09
9.958048e-10
9.838942e-10
9.754523e-10
9.633424e-10
9.549536e-10
9.426329e-10
9.343145e-10
9.217719e-10
9.135458e-10
9.007705e-10
8.926661e-10
8.796548e-10
8.717213e-10
8.584924e-10
8.508249e-10
8.374646e-10
8.302783e-10
8.170581e-10
8.108904e-10
7.985974e-10
7.948497e-10
7.856782e-10
7.880935e-10
7.880768e-10
8.067503e-10
8.323661e-10
8.946461e-10
9.907832e-10
1.170897e-09
1.459691e-09
1.959277e-09
2.772870e-09
4.139868e-09
6.381289e-09
1.010496e-08
1.622912e-08
2.635745e-08
4.303773e-08
7.057396e-08
1.159509e-07
1.908045e-07
3.141895e-07
5.176625e-07
8.530982e-07
1.406191e-06
2.318042e-06
3.821490e-06
6.300193e-06
1.038693e-05
1.712468e-05
2.823325e-05
4.654756e-05
7.674140e-05
1.265185e-04
2.085765e-04
3.438376e-04
5.667657e-04
9.340949e-04
1.539129e-03
2.535064e-03
4.172751e-03
6.861130e-03
1.126196e-02
1.843317e-02
3.003204e-02
4.856823e-02
7.762958e-02
1.218530e-01
1.861841e-01
2.738853e-01
3.834339e-01
5.062501e-01
6.283166e-01
7.359457e-01
8.212738e-01
8.833972e-01
9.258760e-01
9.536909e-01
9.713908e-01
9.824501e-01
9.892814e-01
9.934713e-01
9.960300e-01
9.975883e-01
9.985358e-01
9.991114e-01
9.994609e-01
9.996729e-01
9.998016e-01
9.998797e-01
9.999270e-01
9.999557e-01
9.999731e-01
9.999837e-01
9.999901e-01
9.999940e-01
9.999964e-01
9.999978e-01
9.999987e-01
9.999992e-01
9.999995e-01
9.999997e-01
9.999998e-01
9.999999e-01
9.999999e-01
1.000000e+00
1.000000e+00
1.000000e+00
1.000000e+00
1.000000e+00
1.000000e+00
1.000000e+00
1.000000e+00
1.000000e+00
1.000000e+00
1.000000e+00
1.000000e+00
1.000000e+00
1.000000e+00
1.000000e+00
1.000000e+00
1.000000e+00
1.000000e+00
1.000000e+00
1.000000e+00
1.000000e+00
1.000000e+00
1.000000e+00
1.000000e+00
1.000000e+00
1.000000e+00
1.000000e+00
1.000000e+00
1.000000e+00
1.000000e+00
1.000000e+00
1.000000e+00
1.000000e+00
1.000000e+00
1.000000e+00
1.000000e+00
1.000000e+00
1.000000e+00
1.000000e+00
1.000000e+00
1.000000e+00
1.000000e+00
1.000000e+00
1.000000e+00
1.000000e+00
1.000000e+00
1.000000e+00
1.000000e+00
1.000000e+00
1.000000e+00
1.000000e+00
1.000000e+00
1.000000e+00
1.000000e+00
1.000000e+00
1.000000e+00
1.000000e+00
1.000000e+00
1.000000e+00
1.000000e+00
1.000000e+00
1.000000e+00
1.000000e+00
1.000000e+00
1.000000e+00
1.000000e+00
1.000000e+00
1.000000e+00
1.000000e+00
1.000000e+00
1.000000e+00
1.000000e+00
1.000000e+00
1.000000e+00
1.000000e+00
1.000000e+00
1.000000e+00
1.000000e+00
1.000000e+00
1.000000e+00
1.000000e+00
1.000000e+00
1.000000e+00
1.000000e+00
1.000000e+00
1.000000e+00
1.000000e+00
1.000000e+00
1.000000e+00
1.000000e+00
1.000000e+00
1.000000e+00
1.000000e+00
1.000000e+00
1.000000e+00
1.000000e+00
1.000000e+00
1.000000e+00
1.000000e+00
1.000000e+00
1.000000e+00
1.000000e+00
1.000000e+00
1.000000e+00
1.000000e+00
1.000000e+00
1.000000e+00
1.000000e+00
1.000000e+00
1.000000e+00
1.000000e+00
1.000000e+00
1.000000e+00
1.000000e+00
1.000000e+00
1.000000e+00
1.000000e+00
1.000000e+00
1.000000e+00
1.000000e+00
1.000000e+00
1.000000e+00
1.000000e+00
1.000000e+00
1.000000e+00
1.000000e+00
1.000000e+00
1.000000e+00
1.000000e+00
1.000000e+00
1.000000e+00
1.000000e+00
1.000000e+00
1.000000e+00
1.000000e+00
1.000000e+00
1.000000e+00
1.000000e+00
1.000000e+00
1.000000e+00
1.000000e+00
1.000000e+00
1.000000e+00
1.000000e+00
1.000000e+00
1.000000e+00
1.000000e+00
1.000000e+00
1.000000e+00
1.000000e+00
1.000000e+00
1.000000e+00
1.000000e+00
1.000000e+00
1.000000e+00
1.000000e+00
1.000000e+00
1.000000e+00
1.000000e+00
1.000000e+00
1.000000e+00
1.000000e+00
1.000000e+00
1.000000e+00
1.000000e+00
1.000000e+00
1.000000e+00
1.000000e+00
1.000000e+00
1.000000e+00
1.000000e+00
1.000000e+00
1.000000e+00
1.000000e+00
1.000000e+00
1.000000e+00
1.000000e+00
1.000000e+00
1.000000e+00
1.000000e+00
1.000000e+00
1.000000e+00
1.000000e+00
1.000000e+00
1.000000e+00
1.000000e+00
1.000000e+00
1.000000e+00
1.000000e+00
1.000000e+00
1.000000e+00
1.000000e+00
1.000000e+00
1.000000e+00
1.000000e+00
1.000000e+00
1.000000e+00
1.000000e+00
1.000000e+00
1.000000e+00
1.000000e+00
1.000000e+00
1.000000e+00
1.000000e+00
1.000000e+00
1.000000e+00
1.000000e+00
1.000000e+00
1.000000e+00
1.000000e+00
1.000000e+00
1.000000e+00
1.000000e+00
1.000000e+00
1.000000e+00
1.000000e+00
1.000000e+00
1.000000e+00
1.000000e+00
1.000000e+00
1.000000e+00
1.000000e+00
1.000000e+00
1.000000e+00
1.000000e+00
1.000000e+00
1.000000e+00
1.000000e+00
1.000000e+00
1.000000e+00
1.000000e+00
1.000000e+00
1.000000e+00
1.000000e+00
1.000000e+00
1.000000e+00
1.000000e+00
1.000000e+00
1.000000e+00
1.000000e+00
1.000000e+00
1.000000e+00
1.000000e+00
1.000000e+00
1.000000e+00
1.000000e+00
1.000000e+00
1.000000e+00
1.000000e+00
1.000000e+00
1.000000e+00
1.000000e+00
1.000000e+00
1.000000e+00
1.000000e+00
1.000000e+00
1.000000e+00
1.000000e+00
1.000000e+00
1.000000e+00
1.000000e+00
1.000000e+00
1.000000e+00
1.000000e+00
1.000000e+00
1.000000e+00
1.000000e+00
1.000000e+00
1.000000e+00
1.000000e+00
1.000000e+00
1.000000e+00
1.000000e+00
1.000000e+00
1.000000e+00
1.000000e+00
1.000000e+00
1.000000e+00
1.000000e+00
1.000000e+00
1.000000e+00
1.000000e+00
1.000000e+00
1.000000e+00
1.000000e+00
1.000000e+00
1.000000e+00
1.000000e+00
1.000000e+00
1.000000e+00
1.000000e+00
1.000000e+00
1.000000e+00
1.000000e+00
1.000000e+00
1.000000e+00
1.000000e+00
1.000000e+00
1.000000e+00
1.000000e+00
1.000000e+00
1.000000e+00
1.000000e+00
1.000000e+00
1.000000e+00
1.000000e+00
1.000000e+00
1.000000e+00
1.000000e+00
1.000000e+00
1.000000e+00
1.000000e+00
1.000000e+00
1.000000e+00
1.000000e+00
1.000000e+00
1.000000e+00
1.000000e+00
1.000000e+00
1.000000e+00
1.000000e+00
1.000000e+00
1.000000e+00
1.000000e+00
1.000000e+00
1.000000e+00
1.000000e+00
1.000000e+00
1.000000e+00
1.000000e+00
1.000000e+00
1.000000e+00
1.000000e+00
1.000000e+00
1.000000e+00
1.000000e+00
1.000000e+00
1.000000e+00
1.000000e+00
1.000000e+00
1.000000e+00
1.000000e+00
1.000000e+00
1.000000e+00
1.000000e+00
1.000000e+00
1.000000e+00
1.000000e+00
1.000000e+00
1.000000e+00
1.000000e+00
1.000000e+00
1.000000e+00
1.000000e+00
1.000000e+00
1.000000e+00
1.000000e+00
1.000000e+00
1.000000e+00
1.000000e+00
1.000000e+00
1.000000e+00
1.000000e+00
1.000000e+00
1.000000e+00
1.000000e+00
1.000000e+00
1.000000e+00
1.000000e+00
1.000000e+00
1.000000e+00
1.000000e+00
1.000000e+00
1.000000e+00
1.000000e+00
1.000000e+00
1.000000e+00
1.000000e+00
1.000000e+00
1.000000e+00
1.000000e+00
1.000000e+00
1.000000e+00
1.000000e+00
1.000000e+00
1.000000e+00
1.000000e+00
1.000000e+00
1.000000e+00
1.000000e+00
1.000000e+00
1.000000e+00
1.000000e+00
1.000000e+00
1.000000e+00
1.000000e+00
1.000000e+00
1.000000e+00
1.000000e+00
1.000000e+00
1.000000e+00
1.000000e+00
1.000000e+00
1.000000e+00
1.000000e+00
1.000000e+00
1.000000e+00
1.000000e+00
1.000000e+00
1.000000e+00
1.000000e+00
1.000000e+00
1.000000e+00
1.000000e+00
1.000000e+00
1.000000e+00
1.000000e+00
1.000000e+00
1.000000e+00
1.000000e+00
1.000000e+00
1.000000e+00
1.000000e+00
1.000000e+00
1.000000e+00
1.000000e+00
1.000000e+00
1.000000e+00
1.000000e+00
1.000000e+00
1.000000e+00
1.000000e+00
1.000000e+00
1.000000e+00
1.000000e+00
1.000000e+00
1.000000e+00
1.000000e+00
1.000000e+00
1.000000e+00
1.000000e+00
1.000000e+00
1.000000e+00
1.000000e+00
1.000000e+00
1.000000e+00
1.000000e+00
1.000000e+00
1.000000e+00
1.000000e+00
1.000000e+00
1.000000e+00
1.000000e+00
1.000000e+00
1.000000e+00
1.000000e+00
1.000000e+00
1.000000e+00
1.000000e+00
1.000000e+00
1.000000e+00
1.000000e+00
1.000000e+00
1.000000e+00
1.000000e+00
1.000000e+00
1.000000e+00
1.000000e+00
1.000000e+00
1.000000e+00
1.000000e+00
1.000000e+00
1.000000e+00
1.000000e+00
1.000000e+00
1.000000e+00
1.000000e+00
1.000000e+00
1.000000e+00
1.000000e+00
1.000000e+00
1.000000e+00
1.000000e+00
1.000000e+00
1.000000e+00
1.000000e+00
1.000000e+00
1.000000e+00
1.000000e+00
1.000000e+00
1.000000e+00
1.000000e+00
1.000000e+00
1.000000e+00
1.000000e+00
1.000000e+00
1.000000e+00
9.999999e-01
9.999999e-01
9.999998e-01
9.999997e-01
9.999995e-01
9.999992e-01
9.999987e-01
9.999978e-01
9.999964e-01
9.999940e-01
9.999901e-01
9.999837e-01
9.999731e-01
9.999557e-01
9.999270e-01
9.998797e-01
9.998016e-01
9.996729e-01
9.994609e-01
9.991114e-01
9.985358e-01
9.975883e-01
9.960300e-01
9.934713e-01
9.892814e-01
9.824501e-01
9.713908e-01
9.536909e-01
9.258760e-01
8.833972e-01
8.212738e-01
7.359457e-01
6.283166e-01
5.062501e-01
3.834339e-01
2.738853e-01
1.861841e-01
1.218530e-01
7.762958e-02
4.856823e-02
3.003204e-02
1.843317e-02
1.126196e-02
6.861130e-03
4.172751e-03
2.535064e-03
1.539129e-03
9.340949e-04
5.667657e-04
3.438376e-04
2.085765e-04
1.265185e-04
7.674140e-05
4.654756e-05
2.823325e-05
1.712468e-05
1.038693e-05
6.300193e-06
3.821490e-06
2.318042e-06
1.406191e-06
8.530983e-07
5.176625e-07
3.141895e-07
1.908045e-07
1.159509e-07
7.057399e-08
4.303776e-08
2.635748e-08
1.622915e-08
1.010499e-08
6.381324e-09
4.139904e-09
2.772907e-09
1.959316e-09
1.459732e-09
1.170939e-09
9.908269e-10
8.946909e-10
8.324121e-10
8.067973e-10
7.881251e-10
7.881429e-10
7.857284e-10
7.949007e-10
7.986496e-10
8.109439e-10
8.171124e-10
8.303339e-10
8.375207e-10
8.508825e-10
8.585504e-10
8.717801e-10
8.797145e-10
8.927267e-10
9.008318e-10
9.136079e-10
9.218349e-10
9.343785e-10
9.426975e-10
9.550186e-10
9.634084e-10
9.755190e-10
9.839616e-10
9.958725e-10
1.004354e-09
1.016075e-09
1.024581e-09
1.036121e-09
1.044642e-09
1.056008e-09
1.064532e-09
1.075731e-09
1.084249e-09
1.095286e-09
1.103790e-09
1.114670e-09
1.123152e-09
1.133879e-09
1.142333e-09
1.152910e-09
1.161328e-09
1.171760e-09
1.180136e-09
1.190423e-09
1.198752e-09
1.208898e-09
1.217176e-09
1.227182e-09
1.235402e-09
1.245270e-09
1.253429e-09
1.263160e-09
1.271254e-09
1.280849e-09
1.288873e-09
1.298333e-09
1.306285e-09
1.315610e-09
1.323485e-09
1.332676e-09
1.340471e-09
1.349530e-09
1.357241e-09
1.366166e-09
1.373792e-09
1.382584e-09
1.390120e-09
1.398779e-09
1.406224e-09
1.414750e-09
1.422101e-09
1.430493e-09
1.437747e-09
1.446006e-09
1.453161e-09
1.461286e-09
1.468341e-09
1.476331e-09
1.483282e-09
1.491138e-09
1.497983e-09
1.505705e-09
1.512442e-09
1.520028e-09
1.526656e-09
1.534107e-09
1.540622e-09
1.547936e-09
1.554339e-09
1.561516e-09
1.567802e-09
1.574842e-09
1.581012e-09
1.587914e-09
1.593965e-09
1.600727e-09
1.606658e-09
1.613282e-09
1.619091e-09
1.625575e-09
1.631261e-09
1.637603e-09
1.643165e-09
1.649366e-09
1.654801e-09
1.660862e-09
1.666169e-09
1.672087e-09
1.677265e-09
1.683040e-09
1.688088e-09
1.693720e-09
1.698637e-09
1.704125e-09
1.708909e-09
1.714252e-09
1.718903e-09
1.724101e-09
1.728617e-09
1.733669e-09
1.738049e-09
1.742955e-09
1.747197e-09
1.751956e-09
1.756061e-09
1.760673e-09
1.764638e-09
1.769102e-09
1.772928e-09
1.777244e-09
1.780928e-09
1.785095e-09
1.788638e-09
1.792656e-09
1.796056e-09
1.799924e-09
1.803181e-09
1.806899e-09
1.810011e-09
1.813579e-09
1.816547e-09
1.819963e-09
1.822785e-09
1.826051e-09
1.828727e-09
1.831840e-09
1.834369e-09
1.837331e-09
1.839712e-09
1.842522e-09
1.844755e-09
1.847411e-09
1.849496e-09
1.852000e-09
1.853935e-09
1.856286e-09
1.858071e-09
1.860269e-09
1.861904e-09
1.863948e-09
1.865432e-09
1.867322e-09
1.868655e-09
1.870392e-09
1.871574e-09
1.873156e-09
1.874186e-09
1.875614e-09
1.876492e-09
1.877766e-09
1.878490e-09
1.879610e-09
1.880182e-09
1.881148e-09
1.881567e-09
1.882378e-09
1.882644e-09
1.883301e-09
1.883413e-09
1.883916e-09
1.883874e-09
1.884223e-09
