2.219729e-09
2.219916e-09
2.219545e-09
2.219550e-09
2.218996e-09
2.218820e-09
2.218083e-09
2.217725e-09
2.216806e-09
2.216265e-09
2.215164e-09
2.214441e-09
2.213157e-09
2.212253e-09
2.210787e-09
2.209702e-09
2.208053e-09
2.206788e-09
2.204957e-09
2.203512e-09
2.201498e-09
2.199873e-09
2.197678e-09
2.195874e-09
2.193496e-09
2.191513e-09
2.188954e-09
2.186793e-09
2.184052e-09
2.181713e-09
2.178791e-09
2.176275e-09
2.173173e-09
2.170479e-09
2.167197e-09
2.164328e-09
2.160865e-09
2.157821e-09
2.154178e-09
2.150959e-09
2.147138e-09
2.143745e-09
2.139744e-09
2.136178e-09
2.131999e-09
2.128261e-09
2.123904e-09
2.119995e-09
2.115461e-09
2.111381e-09
2.106670e-09
2.102420e-09
2.097533e-09
2.093114e-09
2.088052e-09
2.083466e-09
2.078228e-09
2.073475e-09
2.068063e-09
2.063145e-09
2.057559e-09
2.052476e-09
2.046717e-09
2.041472e-09
2.035540e-09
2.030132e-09
2.024029e-09
2.018460e-09
2.012186e-09
2.006457e-09
2.000013e-09
1.994126e-09
1.987512e-09
1.981468e-09
1.974686e-09
1.968487e-09
1.961535e-09
1.955182e-09
1.948064e-09
1.941558e-09
1.934274e-09
1.927617e-09
1.920167e-09
1.913361e-09
1.905746e-09
1.898792e-09
1.891013e-09
1.883914e-09
1.875971e-09
1.868727e-09
1.860622e-09
1.853236e-09
1.844969e-09
1.837442e-09
1.829015e-09
1.821350e-09
1.812761e-09
1.804960e-09
1.796212e-09
1.788276e-09
1.779370e-09
1.771301e-09
1.762237e-09
1.754038e-09
1.744817e-09
1.736490e-09
1.727113e-09
1.718660e-09
1.709127e-09
1.700552e-09
1.690863e-09
1.682167e-09
1.672324e-09
1.663510e-09
1.653512e-09
1.644584e-09
1.634432e-09
1.625391e-09
1.615086e-09
1.605936e-09
1.595477e-09
1.586221e-09
1.575609e-09
1.566250e-09
1.555484e-09
1.546026e-09
1.535108e-09
1.525554e-09
1.514482e-09
1.504835e-09
1.493609e-09
1.483875e-09
1.472495e-09
1.462677e-09
1.451141e-09
1.441244e-09
1.429553e-09
1.419580e-09
1.407731e-09
1.397690e-09
1.385682e-09
1.375576e-09
1.363408e-09
1.353244e-09
1.340912e-09
1.330697e-09
1.318199e-09
1.307939e-09
1.295272e-09
1.284974e-09
1.272135e-09
1.261807e-09
1.248791e-09
1.238442e-09
1.225243e-09
1.214883e-09
1.201496e-09
1.191135e-09
1.177552e-09
1.167203e-09
1.153416e-09
1.143091e-09
1.129091e-09
1.118805e-09
1.104581e-09
1.094352e-09
1.079892e-09
1.069742e-09
1.055037e-09
1.044997e-09
1.030043e-09
1.020160e-09
1.004977e-09
9.953481e-10
9.800206e-10
9.708618e-10
9.556634e-10
9.475115e-10
9.332287e-10
9.274858e-10
9.163141e-10
9.167233e-10
9.146959e-10
9.313532e-10
9.549482e-10
1.015202e-09
1.109308e-09
1.287386e-09
1.574140e-09
2.071680e-09
2.883224e-09
4.248168e-09
6.487532e-09
1.020914e-08
1.633123e-08
2.645749e-08
4.313571e-08
7.066986e-08
1.160447e-07
1.908963e-07
3.142792e-07
5.177501e-07
8.531839e-07
1.406274e-06
2.318124e-06
3.821570e-06
6.300272e-06
1.038701e-05
1.712476e-05
2.823333e-05
4.654764e-05
7.674148e-05
1.265186e-04
2.085766e-04
3.438377e-04
5.667659e-04
9.340951e-04
1.539130e-03
2.535064e-03
4.172752e-03
6.861132e-03
1.126197e-02
1.843317e-02
3.003204e-02
4.856824e-02
7.762960e-02
1.218531e-01
1.861841e-01
2.738854e-01
3.834339e-01
5.062501e-01
6.283166e-01
7.359458e-01
8.212738e-01
8.833972e-01
9.258761e-01
9.536909e-01
9.713908e-01
9.824501e-01
9.892814e-01
9.934713e-01
9.960300e-01
9.975883e-01
9.985358e-01
9.991114e-01
9.994609e-01
9.996729e-01
9.998016e-01
9.998796e-01
9.999270e-01
9.999557e-01
9.999731e-01
9.999837e-01
9.999901e-01
9.999940e-01
9.999964e-01
9.999978e-01
9.999987e-01
9.999992e-01
9.999995e-01
9.999997e-01
9.999998e-01
9.999999e-01
9.999999e-01
1.000000e+00
1.000000e+00
1.000000e+00
1.000000e+00
1.000000e+00
1.000000e+00
1.000000e+00
1.000000e+00
1.000000e+00
1.000000e+00
1.000000e+00
1.000000e+00
1.000000e+00
1.000000e+00
1.000000e+00
1.000000e+00
1.000000e+00
1.000000e+00
1.000000e+00
1.000000e+00
1.000000e+00
1.000000e+00
1.000000e+00
1.000000e+00
1.000000e+00
1.000000e+00
1.000000e+00
1.000000e+00
1.000000e+00
1.000000e+00
1.000000e+00
1.000000e+00
1.000000e+00
1.000000e+00
1.000000e+00
1.000000e+00
1.000000e+00
1.000000e+00
1.000000e+00
1.000000e+00
1.000000e+00
1.000000e+00
1.000000e+00
1.000000e+00
1.000000e+00
1.000000e+00
1.000000e+00
1.000000e+00
1.000000e+00
1.000000e+00
1.000000e+00
1.000000e+00
1.000000e+00
1.000000e+00
1.000000e+00
1.000000e+00
1.000000e+00
1.000000e+00
1.000000e+00
1.000000e+00
1.000000e+00
1.000000e+00
1.000000e+00
1.000000e+00
1.000000e+00
1.000000e+00
1.000000e+00
1.000000e+00
1.000000e+00
1.000000e+00
1.000000e+00
1.000000e+00
1.000000e+00
1.000000e+00
1.000000e+00
1.000000e+00
1.000000e+00
1.000000e+00
1.000000e+00
1.000000e+00
1.000000e+00
1.000000e+00
1.000000e+00
1.000000e+00
1.000000e+00
1.000000e+00
1.000000e+00
1.000000e+00
1.000000e+00
1.000000e+00
1.000000e+00
1.000000e+00
1.000000e+00
1.000000e+00
1.000000e+00
1.000000e+00
1.000000e+00
1.000000e+00
1.000000e+00
1.000000e+00
1.000000e+00
1.000000e+00
1.000000e+00
1.000000e+00
1.000000e+00
1.000000e+00
1.000000e+00
1.000000e+00
1.000000e+00
1.000000e+00
1.000000e+00
1.000000e+00
1.000000e+00
1.000000e+00
1.000000e+00
1.000000e+00
1.000000e+00
1.000000e+00
1.000000e+00
1.000000e+00
1.000000e+00
1.000000e+00
1.000000e+00
1.000000e+00
1.000000e+00
1.000000e+00
1.000000e+00
1.000000e+00
1.000000e+00
1.000000e+00
1.000000e+00
1.000000e+00
1.000000e+00
1.000000e+00
1.000000e+00
1.000000e+00
1.000000e+00
1.000000e+00
1.000000e+00
1.000000e+00
1.000000e+00
1.000000e+00
1.000000e+00
1.000000e+00
1.000000e+00
1.000000e+00
1.000000e+00
1.000000e+00
1.000000e+00
1.000000e+00
1.000000e+00
1.000000e+00
1.000000e+00
1.000000e+00
1.000000e+00
1.000000e+00
1.000000e+00
1.000000e+00
1.000000e+00
1.000000e+00
1.000000e+00
1.000000e+00
1.000000e+00
1.000000e+00
1.000000e+00
1.000000e+00
1.000000e+00
1.000000e+00
1.000000e+00
1.000000e+00
1.000000e+00
1.000000e+00
1.000000e+00
1.000000e+00
1.000000e+00
1.000000e+00
1.000000e+00
1.000000e+00
1.000000e+00
1.000000e+00
1.000000e+00
1.000000e+00
1.000000e+00
1.000000e+00
1.000000e+00
1.000000e+00
1.000000e+00
1.000000e+00
1.000000e+00
1.000000e+00
1.000000e+00
1.000000e+00
1.000000e+00
1.000000e+00
1.000000e+00
1.000000e+00
1.000000e+00
1.000000e+00
1.000000e+00
1.000000e+00
1.000000e+00
1.000000e+00
1.000000e+00
1.000000e+00
1.000000e+00
1.000000e+00
1.000000e+00
1.000000e+00
1.000000e+00
1.000000e+00
1.000000e+00
1.000000e+00
1.000000e+00
1.000000e+00
1.000000e+00
1.000000e+00
1.000000e+00
1.000000e+00
1.000000e+00
1.000000e+00
1.000000e+00
1.000000e+00
1.000000e+00
1.000000e+00
1.000000e+00
1.000000e+00
1.000000e+00
1.000000e+00
1.000000e+00
1.000000e+00
1.000000e+00
1.000000e+00
1.000000e+00
1.000000e+00
1.000000e+00
1.000000e+00
1.000000e+00
1.000000e+00
1.000000e+00
1.000000e+00
1.000000e+00
1.000000e+00
1.000000e+00
1.000000e+00
1.000000e+00
1.000000e+00
1.000000e+00
1.000000e+00
1.000000e+00
1.000000e+00
1.000000e+00
1.000000e+00
1.000000e+00
1.000000e+00
1.000000e+00
1.000000e+00
1.000000e+00
1.000000e+00
1.000000e+00
1.000000e+00
1.000000e+00
1.000000e+00
1.000000e+00
1.000000e+00
1.000000e+00
1.000000e+00
1.000000e+00
1.000000e+00
1.000000e+00
1.000000e+00
1.000000e+00
1.000000e+00
1.000000e+00
1.000000e+00
1.000000e+00
1.000000e+00
1.000000e+00
1.000000e+00
1.000000e+00
1.000000e+00
1.000000e+00
1.000000e+00
1.000000e+00
1.000000e+00
1.000000e+00
1.000000e+00
1.000000e+00
1.000000e+00
1.000000e+00
1.000000e+00
1.000000e+00
1.000000e+00
1.000000e+00
1.000000e+00
1.000000e+00
1.000000e+00
1.000000e+00
1.000000e+00
1.000000e+00
1.000000e+00
1.000000e+00
1.000000e+00
1.000000e+00
1.000000e+00
1.000000e+00
1.000000e+00
1.000000e+00
1.000000e+00
1.000000e+00
1.000000e+00
1.000000e+00
1.000000e+00
1.000000e+00
1.000000e+00
1.000000e+00
1.000000e+00
1.000000e+00
1.000000e+00
1.000000e+00
1.000000e+00
1.000000e+00
1.000000e+00
1.000000e+00
1.000000e+00
1.000000e+00
1.000000e+00
1.000000e+00
1.000000e+00
1.000000e+00
1.000000e+00
1.000000e+00
1.000000e+00
1.000000e+00
1.000000e+00
1.000000e+00
1.000000e+00
1.000000e+00
1.000000e+00
1.000000e+00
1.000000e+00
1.000000e+00
1.000000e+00
1.000000e+00
1.000000e+00
1.000000e+00
1.000000e+00
1.000000e+00
1.000000e+00
1.000000e+00
1.000000e+00
1.000000e+00
1.000000e+00
1.000000e+00
1.000000e+00
1.000000e+00
1.000000e+00
1.000000e+00
1.000000e+00
1.000000e+00
1.000000e+00
1.000000e+00
1.000000e+00
1.000000e+00
1.000000e+00
1.000000e+00
1.000000e+00
1.000000e+00
1.000000e+00
1.000000e+00
1.000000e+00
1.000000e+00
1.000000e+00
1.000000e+00
1.000000e+00
1.000000e+00
1.000000e+00
1.000000e+00
1.000000e+00
1.000000e+00
1.000000e+00
1.000000e+00
1.000000e+00
1.000000e+00
1.000000e+00
1.000000e+00
1.000000e+00
1.000000e+00
1.000000e+00
1.000000e+00
1.000000e+00
1.000000e+00
1.000000e+00
1.000000e+00
1.000000e+00
1.000000e+00
1.000000e+00
1.000000e+00
1.000000e+00
1.000000e+00
1.000000e+00
1.000000e+00
1.000000e+00
1.000000e+00
1.000000e+00
1.000000e+00
1.000000e+00
1.000000e+00
1.000000e+00
1.000000e+00
1.000000e+00
1.000000e+00
1.000000e+00
1.000000e+00
1.000000e+00
1.000000e+00
1.000000e+00
1.000000e+00
1.000000e+00
1.000000e+00
1.000000e+00
1.000000e+00
1.000000e+00
1.000000e+00
1.000000e+00
1.000000e+00
1.000000e+00
1.000000e+00
1.000000e+00
1.000000e+00
1.000000e+00
1.000000e+00
1.000000e+00
1.000000e+00
1.000000e+00
1.000000e+00
1.000000e+00
1.000000e+00
1.000000e+00
1.000000e+00
1.000000e+00
1.000000e+00
1.000000e+00
1.000000e+00
1.000000e+00
1.000000e+00
1.000000e+00
1.000000e+00
1.000000e+00
1.000000e+00
1.000000e+00
1.000000e+00
1.000000e+00
1.000000e+00
1.000000e+00
1.000000e+00
1.000000e+00
1.000000e+00
1.000000e+00
1.000000e+00
1.000000e+00
1.000000e+00
1.000000e+00
1.000000e+00
1.000000e+00
1.000000e+00
1.000000e+00
1.000000e+00
1.000000e+00
1.000000e+00
1.000000e+00
1.000000e+00
1.000000e+00
1.000000e+00
1.000000e+00
1.000000e+00
1.000000e+00
1.000000e+00
1.000000e+00
1.000000e+00
1.000000e+00
1.000000e+00
1.000000e+00
1.000000e+00
1.000000e+00
1.000000e+00
1.000000e+00
1.000000e+00
1.000000e+00
1.000000e+00
1.000000e+00
1.000000e+00
1.000000e+00
1.000000e+00
1.000000e+00
1.000000e+00
1.000000e+00
1.000000e+00
9.999999e-01
9.999999e-01
9.999998e-01
9.999997e-01
9.999995e-01
9.999992e-01
9.999987e-01
9.999978e-01
9.999964e-01
9.999940e-01
9.999901e-01
9.999837e-01
9.999731e-01
9.999557e-01
9.999270e-01
9.998796e-01
9.998016e-01
9.996729e-01
9.994609e-01
9.991114e-01
9.985358e-01
9.975883e-01
9.960300e-01
9.934713e-01
9.892814e-01
9.824501e-01
9.713908e-01
9.536909e-01
9.258761e-01
8.833972e-01
8.212738e-01
7.359458e-01
6.283166e-01
5.062501e-01
3.834339e-01
2.738854e-01
1.861841e-01
1.218531e-01
7.762960e-02
4.856824e-02
3.003204e-02
1.843317e-02
1.126197e-02
6.861132e-03
4.172752e-03
2.535064e-03
1.539130e-03
9.340951e-04
5.667659e-04
3.438377e-04
2.085766e-04
1.265186e-04
7.674148e-05
4.654764e-05
2.823333e-05
1.712476e-05
1.038701e-05
6.300272e-06
3.821570e-06
2.318124e-06
1.406274e-06
8.531839e-07
5.177501e-07
3.142792e-07
1.908963e-07
1.160447e-07
7.066989e-08
4.313574e-08
2.645752e-08
1.633126e-08
1.020918e-08
6.487567e-09
4.248205e-09
2.883262e-09
2.071719e-09
1.574181e-09
1.287428e-09
1.109352e-09
1.015247e-09
9.549946e-10
9.314008e-10
9.147447e-10
9.167737e-10
9.163650e-10
9.275375e-10
9.332815e-10
9.475650e-10
9.557181e-10
9.709175e-10
9.800771e-10
9.954055e-10
1.005035e-09
1.020219e-09
1.030103e-09
1.045058e-09
1.055099e-09
1.069805e-09
1.079956e-09
1.094416e-09
1.104646e-09
1.118871e-09
1.129158e-09
1.143159e-09
1.153485e-09
1.167272e-09
1.177623e-09
1.191206e-09
1.201567e-09
1.214955e-09
1.225315e-09
1.238514e-09
1.248863e-09
1.261879e-09
1.272207e-09
1.285046e-09
1.295344e-09
1.308010e-09
1.318270e-09
1.330767e-09
1.340982e-09
1.353313e-09
1.363476e-09
1.375643e-09
1.385748e-09
1.397754e-09
1.407795e-09
1.419643e-09
1.429613e-09
1.441304e-09
1.451200e-09
1.462734e-09
1.472551e-09
1.483929e-09
1.493662e-09
1.504887e-09
1.514532e-09
1.525602e-09
1.535154e-09
1.546071e-09
1.555528e-09
1.566292e-09
1.575649e-09
1.586260e-09
1.595515e-09
1.605972e-09
1.615121e-09
1.625425e-09
1.634464e-09
1.644614e-09
1.653541e-09
1.663538e-09
1.672350e-09
1.682192e-09
1.690886e-09
1.700574e-09
1.709148e-09
1.718680e-09
1.727131e-09
1.736507e-09
1.744833e-09
1.754053e-09
1.762251e-09
1.771314e-09
1.779381e-09
1.788287e-09
1.796222e-09
1.804969e-09
1.812770e-09
1.821357e-09
1.829021e-09
1.837449e-09
1.844974e-09
1.853241e-09
1.860626e-09
1.868731e-09
1.875974e-09
1.883916e-09
1.891015e-09
1.898794e-09
1.905747e-09
1.913362e-09
1.920167e-09
1.927617e-09
1.934273e-09
1.941558e-09
1.948063e-09
1.955181e-09
1.961533e-09
1.968484e-09
1.974683e-09
1.981466e-09
1.987509e-09
1.994123e-09
2.000010e-09
2.006454e-09
2.012182e-09
2.018457e-09
2.024026e-09
2.030129e-09
2.035537e-09
2.041469e-09
2.046715e-09
2.052474e-09
2.057557e-09
2.063143e-09
2.068061e-09
2.073474e-09
2.078227e-09
2.083465e-09
2.088051e-09
2.093114e-09
2.097533e-09
2.102420e-09
2.106670e-09
2.111381e-09
2.115462e-09
2.119996e-09
2.123906e-09
2.128263e-09
2.132002e-09
2.136181e-09
2.139747e-09
2.143748e-09
2.147141e-09
2.150963e-09
2.154183e-09
2.157826e-09
2.160871e-09
2.164334e-09
2.167203e-09
2.170486e-09
2.173180e-09
2.176283e-09
2.178800e-09
2.181721e-09
2.184061e-09
2.186802e-09
2.188963e-09
2.191523e-09
2.193506e-09
2.195884e-09
2.197688e-09
2.199884e-09
2.201508e-09
2.203522e-09
2.204967e-09
2.206798e-09
2.208063e-09
2.209712e-09
2.210796e-09
2.212262e-09
2.213165e-09
2.214449e-09
2.215171e-09
2.216272e-09
2.216812e-09
2.217730e-09
2.218088e-09
2.218824e-09
2.219000e-09
2.219553e-09
2.219547e-09
2.219917e-09
