7.154322e-02
7.154108e-02
7.153465e-02
7.152394e-02
7.150894e-02
7.148967e-02
7.146612e-02
7.143829e-02
7.140620e-02
7.136984e-02
7.132923e-02
7.128437e-02
7.123527e-02
7.118193e-02
7.112437e-02
7.106260e-02
7.099662e-02
7.092645e-02
7.085209e-02
7.077357e-02
7.069089e-02
7.060407e-02
7.051312e-02
7.041806e-02
7.031890e-02
7.021567e-02
7.010837e-02
6.999702e-02
6.988164e-02
6.976226e-02
6.963888e-02
6.951154e-02
6.938025e-02
6.924503e-02
6.910590e-02
6.896288e-02
6.881601e-02
6.866530e-02
6.851077e-02
6.835244e-02
6.819036e-02
6.802453e-02
6.785498e-02
6.768174e-02
6.750484e-02
6.732430e-02
6.714015e-02
6.695242e-02
6.676113e-02
6.656631e-02
6.636800e-02
6.616622e-02
6.596099e-02
6.575236e-02
6.554034e-02
6.532497e-02
6.510629e-02
6.488431e-02
6.465907e-02
6.443061e-02
6.419894e-02
6.396412e-02
6.372615e-02
6.348509e-02
6.324096e-02
6.299379e-02
6.274362e-02
6.249047e-02
6.223439e-02
6.197539e-02
6.171353e-02
6.144882e-02
6.118130e-02
6.091102e-02
6.063799e-02
6.036225e-02
6.008383e-02
5.980278e-02
5.951912e-02
5.923288e-02
5.894411e-02
5.865282e-02
5.835906e-02
5.806287e-02
5.776426e-02
5.746328e-02
5.715996e-02
5.685433e-02
5.654643e-02
5.623629e-02
5.592395e-02
5.560942e-02
5.529276e-02
5.497398e-02
5.465313e-02
5.433024e-02
5.400534e-02
5.367846e-02
5.334963e-02
5.301889e-02
5.268626e-02
5.235179e-02
5.201550e-02
5.167742e-02
5.133759e-02
5.099603e-02
5.065278e-02
5.030787e-02
4.996132e-02
4.961318e-02
4.926347e-02
4.891222e-02
4.855945e-02
4.820521e-02
4.784952e-02
4.749241e-02
4.713391e-02
4.677405e-02
4.641285e-02
4.605035e-02
4.568657e-02
4.532155e-02
4.495530e-02
4.458787e-02
4.421927e-02
4.384954e-02
4.347870e-02
4.310677e-02
4.273380e-02
4.235979e-02
4.198478e-02
4.160880e-02
4.123186e-02
4.085400e-02
4.047525e-02
4.009562e-02
3.971514e-02
3.933384e-02
3.895174e-02
3.856887e-02
3.818524e-02
3.780089e-02
3.741584e-02
3.703011e-02
3.664373e-02
3.625671e-02
3.586908e-02
3.548086e-02
3.509208e-02
3.470276e-02
3.431292e-02
3.392258e-02
3.353176e-02
3.314048e-02
3.274878e-02
3.235665e-02
3.196413e-02
3.157124e-02
3.117800e-02
3.078443e-02
3.039054e-02
2.999636e-02
2.960190e-02
2.920719e-02
2.881224e-02
2.841708e-02
2.802171e-02
2.762617e-02
2.723047e-02
2.683462e-02
2.643864e-02
2.604255e-02
2.564638e-02
2.525012e-02
2.485381e-02
2.445746e-02
2.406109e-02
2.366470e-02
2.326833e-02
2.287197e-02
2.247566e-02
2.207941e-02
2.168322e-02
2.128712e-02
2.089112e-02
2.049524e-02
2.009948e-02
1.970388e-02
1.930843e-02
1.891315e-02
1.851806e-02
1.812318e-02
1.772851e-02
1.733406e-02
1.693986e-02
1.654592e-02
1.615224e-02
1.575884e-02
1.536574e-02
1.497294e-02
1.458046e-02
1.418831e-02
1.379651e-02
1.340506e-02
1.301399e-02
1.262329e-02
1.223299e-02
1.184311e-02
1.145366e-02
1.106467e-02
1.067617e-02
1.028822e-02
9.900870e-03
9.514245e-03
9.128509e-03
8.743934e-03
8.360954e-03
7.980272e-03
7.603028e-03
7.231080e-03
6.867456e-03
6.517100e-03
6.188096e-03
5.893666e-03
5.655449e-03
5.508873e-03
5.511933e-03
5.759534e-03
6.406805e-03
7.706758e-03
1.007041e-02
1.416082e-02
2.103515e-02
3.234560e-02
5.058920e-02
7.933007e-02
1.231698e-01
1.870169e-01
2.741225e-01
3.830164e-01
5.052421e-01
6.269124e-01
7.343881e-01
8.197543e-01
8.820142e-01
9.246521e-01
9.526082e-01
9.704184e-01
9.815577e-01
9.884447e-01
9.926722e-01
9.952557e-01
9.968303e-01
9.977884e-01
9.983707e-01
9.987244e-01
9.989391e-01
9.990694e-01
9.991485e-01
9.991964e-01
9.992254e-01
9.992430e-01
9.992537e-01
9.992601e-01
9.992640e-01
9.992663e-01
9.992678e-01
9.992686e-01
9.992692e-01
9.992695e-01
9.992697e-01
9.992699e-01
9.992701e-01
9.992702e-01
9.992703e-01
9.992705e-01
9.992706e-01
9.992708e-01
9.992710e-01
9.992712e-01
9.992714e-01
9.992716e-01
9.992718e-01
9.992721e-01
9.992724e-01
9.992727e-01
9.992730e-01
9.992733e-01
9.992737e-01
9.992740e-01
9.992744e-01
9.992748e-01
9.992752e-01
9.992756e-01
9.992760e-01
9.992765e-01
9.992770e-01
9.992774e-01
9.992779e-01
9.992784e-01
9.992790e-01
9.992795e-01
9.992800e-01
9.992806e-01
9.992812e-01
9.992818e-01
9.992824e-01
9.992830e-01
9.992836e-01
9.992842e-01
9.992849e-01
9.992856e-01
9.992862e-01
9.992869e-01
9.992876e-01
9.992883e-01
9.992891e-01
9.992898e-01
9.992906e-01
9.992913e-01
9.992921e-01
9.992929e-01
9.992937e-01
9.992945e-01
9.992953e-01
9.992961e-01
9.992969e-01
9.992978e-01
9.992986e-01
9.992995e-01
9.993003e-01
9.993012e-01
9.993021e-01
9.993030e-01
9.993039e-01
9.993048e-01
9.993057e-01
9.993066e-01
9.993076e-01
9.993085e-01
9.993095e-01
9.993104e-01
9.993114e-01
9.993124e-01
9.993133e-01
9.993143e-01
9.993153e-01
9.993163e-01
9.993173e-01
9.993183e-01
9.993193e-01
9.993204e-01
9.993214e-01
9.993224e-01
9.993235e-01
9.993245e-01
9.993255e-01
9.993266e-01
9.993277e-01
9.993287e-01
9.993298e-01
9.993308e-01
9.993319e-01
9.993330e-01
9.993341e-01
9.993351e-01
9.993362e-01
9.993373e-01
9.993384e-01
9.993395e-01
9.993406e-01
9.993417e-01
9.993428e-01
9.993439e-01
9.993450e-01
9.993461e-01
9.993472e-01
9.993483e-01
9.993494e-01
9.993505e-01
9.993516e-01
9.993527e-01
9.993538e-01
9.993549e-01
9.993560e-01
9.993571e-01
9.993582e-01
9.993593e-01
9.993604e-01
9.993615e-01
9.993626e-01
9.993637e-01
9.993648e-01
9.993659e-01
9.993670e-01
9.993680e-01
9.993691e-01
9.993702e-01
9.993713e-01
9.993724e-01
9.993735e-01
9.993745e-01
9.993756e-01
9.993767e-01
9.993777e-01
9.993788e-01
9.993799e-01
9.993809e-01
9.993820e-01
9.993830e-01
9.993840e-01
9.993851e-01
9.993861e-01
9.993871e-01
9.993881e-01
9.993892e-01
9.993902e-01
9.993912e-01
9.993922e-01
9.993932e-01
9.993941e-01
9.993951e-01
9.993961e-01
9.993971e-01
9.993980e-01
9.993990e-01
9.993999e-01
9.994009e-01
9.994018e-01
9.994027e-01
9.994037e-01
9.994046e-01
9.994055e-01
9.994064e-01
9.994073e-01
9.994081e-01
9.994090e-01
9.994099e-01
9.994107e-01
9.994116e-01
9.994124e-01
9.994133e-01
9.994141e-01
9.994149e-01
9.994157e-01
9.994165e-01
9.994173e-01
9.994180e-01
9.994188e-01
9.994196e-01
9.994203e-01
9.994211e-01
9.994218e-01
9.994225e-01
9.994232e-01
9.994239e-01
9.994246e-01
9.994253e-01
9.994259e-01
9.994266e-01
9.994272e-01
9.994279e-01
9.994285e-01
9.994291e-01
9.994297e-01
9.994303e-01
9.994309e-01
9.994315e-01
9.994320e-01
9.994326e-01
9.994331e-01
9.994336e-01
9.994341e-01
9.994346e-01
9.994351e-01
9.994356e-01
9.994361e-01
9.994365e-01
9.994369e-01
9.994374e-01
9.994378e-01
9.994382e-01
9.994386e-01
9.994390e-01
9.994393e-01
9.994397e-01
9.994400e-01
9.994404e-01
9.994407e-01
9.994410e-01
9.994413e-01
9.994415e-01
9.994418e-01
9.994421e-01
9.994423e-01
9.994425e-01
9.994428e-01
9.994430e-01
9.994431e-01
9.994433e-01
9.994435e-01
9.994436e-01
9.994438e-01
9.994439e-01
9.994440e-01
9.994441e-01
9.994442e-01
9.994443e-01
9.994443e-01
9.994444e-01
9.994444e-01
9.994444e-01
9.994444e-01
9.994444e-01
9.994444e-01
9.994444e-01
9.994443e-01
9.994443e-01
9.994442e-01
9.994441e-01
9.994440e-01
9.994439e-01
9.994438e-01
9.994436e-01
9.994435e-01
9.994433e-01
9.994431e-01
9.994430e-01
9.994428e-01
9.994425e-01
9.994423e-01
9.994421e-01
9.994418e-01
9.994415e-01
9.994413e-01
9.994410e-01
9.994407e-01
9.994404e-01
9.994400e-01
9.994397e-01
9.994393e-01
9.994390e-01
9.994386e-01
9.994382e-01
9.994378e-01
9.994374e-01
9.994369e-01
9.994365e-01
9.994361e-01
9.994356e-01
9.994351e-01
9.994346e-01
9.994341e-01
9.994336e-01
9.994331e-01
9.994326e-01
9.994320e-01
9.994315e-01
9.994309e-01
9.994303e-01
9.994297e-01
9.994291e-01
9.994285e-01
9.994279e-01
9.994272e-01
9.994266e-01
9.994259e-01
9.994253e-01
9.994246e-01
9.994239e-01
9.994232e-01
9.994225e-01
9.994218e-01
9.994211e-01
9.994203e-01
9.994196e-01
9.994188e-01
9.994180e-01
9.994173e-01
9.994165e-01
9.994157e-01
9.994149e-01
9.994141e-01
9.994133e-01
9.994124e-01
9.994116e-01
9.994107e-01
9.994099e-01
9.994090e-01
9.994081e-01
9.994073e-01
9.994064e-01
9.994055e-01
9.994046e-01
9.994037e-01
9.994027e-01
9.994018e-01
9.994009e-01
9.993999e-01
9.993990e-01
9.993980e-01
9.993971e-01
9.993961e-01
9.993951e-01
9.993941e-01
9.993932e-01
9.993922e-01
9.993912e-01
9.993902e-01
9.993892e-01
9.993881e-01
9.993871e-01
9.993861e-01
9.993851e-01
9.993840e-01
9.993830e-01
9.993820e-01
9.993809e-01
9.993799e-01
9.993788e-01
9.993777e-01
9.993767e-01
9.993756e-01
9.993745e-01
9.993735e-01
9.993724e-01
9.993713e-01
9.993702e-01
9.993691e-01
9.993680e-01
9.993670e-01
9.993659e-01
9.993648e-01
9.993637e-01
9.993626e-01
9.993615e-01
9.993604e-01
9.993593e-01
9.993582e-01
9.993571e-01
9.993560e-01
9.993549e-01
9.993538e-01
9.993527e-01
9.993516e-01
9.993505e-01
9.993494e-01
9.993483e-01
9.993472e-01
9.993461e-01
9.993450e-01
9.993439e-01
9.993428e-01
9.993417e-01
9.993406e-01
9.993395e-01
9.993384e-01
9.993373e-01
9.993362e-01
9.993351e-01
9.993341e-01
9.993330e-01
9.993319e-01
9.993308e-01
9.993298e-01
9.993287e-01
9.993277e-01
9.993266e-01
9.993255e-01
9.993245e-01
9.993235e-01
9.993224e-01
9.993214e-01
9.993204e-01
9.993193e-01
9.993183e-01
9.993173e-01
9.993163e-01
9.993153e-01
9.993143e-01
9.993133e-01
9.993124e-01
9.993114e-01
9.993104e-01
9.993095e-01
9.993085e-01
9.993076e-01
9.993066e-01
9.993057e-01
9.993048e-01
9.993039e-01
9.993030e-01
9.993021e-01
9.993012e-01
9.993003e-01
9.992995e-01
9.992986e-01
9.992978e-01
9.992969e-01
9.992961e-01
9.992953e-01
9.992945e-01
9.992937e-01
9.992929e-01
9.992921e-01
9.992913e-01
9.992906e-01
9.992898e-01
9.992891e-01
9.992883e-01
9.992876e-01
9.992869e-01
9.992862e-01
9.992856e-01
9.992849e-01
9.992842e-01
9.992836e-01
9.992830e-01
9.992824e-01
9.992818e-01
9.992812e-01
9.992806e-01
9.992800e-01
9.992795e-01
9.992790e-01
9.992784e-01
9.992779e-01
9.992774e-01
9.992770e-01
9.992765e-01
9.992760e-01
9.992756e-01
9.992752e-01
9.992748e-01
9.992744e-01
9.992740e-01
9.992737e-01
9.992733e-01
9.992730e-01
9.992727e-01
9.992724e-01
9.992721e-01
9.992718e-01
9.992716e-01
9.992714e-01
9.992712e-01
9.992710e-01
9.992708e-01
9.992706e-01
9.992705e-01
9.992703e-01
9.992702e-01
9.992701e-01
9.992699e-01
9.992697e-01
9.992695e-01
9.992692e-01
9.992686e-01
9.992678e-01
9.992663e-01
9.992640e-01
9.992601e-01
9.992537e-01
9.992430e-01
9.992254e-01
9.991964e-01
9.991485e-01
9.990694e-01
9.989391e-01
9.987244e-01
9.983707e-01
9.977884e-01
9.968303e-01
9.952557e-01
9.926722e-01
9.884447e-01
9.815577e-01
9.704184e-01
9.526082e-01
9.246521e-01
8.820142e-01
8.197543e-01
7.343881e-01
6.269124e-01
5.052421e-01
3.830164e-01
2.741225e-01
1.870169e-01
1.231698e-01
7.933007e-02
5.058920e-02
3.234560e-02
2.103515e-02
1.416082e-02
1.007041e-02
7.706758e-03
6.406805e-03
5.759534e-03
5.511933e-03
5.508873e-03
5.655449e-03
5.893666e-03
6.188096e-03
6.517100e-03
6.867456e-03
7.231080e-03
7.603028e-03
7.980272e-03
8.360954e-03
8.743934e-03
9.128509e-03
9.514245e-03
9.900870e-03
1.028822e-02
1.067617e-02
1.106467e-02
1.145366e-02
1.184311e-02
1.223299e-02
1.262329e-02
1.301399e-02
1.340506e-02
1.379651e-02
1.418831e-02
1.458046e-02
1.497294e-02
1.536574e-02
1.575884e-02
1.615224e-02
1.654592e-02
1.693986e-02
1.733406e-02
1.772851e-02
1.812318e-02
1.851806e-02
1.891315e-02
1.930843e-02
1.970388e-02
2.009948e-02
2.049524e-02
2.089112e-02
2.128712e-02
2.168322e-02
2.207941e-02
2.247566e-02
2.287197e-02
2.326833e-02
2.366470e-02
2.406109e-02
2.445746e-02
2.485381e-02
2.525012e-02
2.564638e-02
2.604255e-02
2.643864e-02
2.683462e-02
2.723047e-02
2.762617e-02
2.802171e-02
2.841708e-02
2.881224e-02
2.920719e-02
2.960190e-02
2.999636e-02
3.039054e-02
3.078443e-02
3.117800e-02
3.157124e-02
3.196413e-02
3.235665e-02
3.274878e-02
3.314048e-02
3.353176e-02
3.392258e-02
3.431292e-02
3.470276e-02
3.509208e-02
3.548086e-02
3.586908e-02
3.625671e-02
3.664373e-02
3.703011e-02
3.741584e-02
3.780089e-02
3.818524e-02
3.856887e-02
3.895174e-02
3.933384e-02
3.971514e-02
4.009562e-02
4.047525e-02
4.085400e-02
4.123186e-02
4.160880e-02
4.198478e-02
4.235979e-02
4.273380e-02
4.310677e-02
4.347870e-02
4.384954e-02
4.421927e-02
4.458787e-02
4.495530e-02
4.532155e-02
4.568657e-02
4.605035e-02
4.641285e-02
4.677405e-02
4.713391e-02
4.749241e-02
4.784952e-02
4.820521e-02
4.855945e-02
4.891222e-02
4.926347e-02
4.961318e-02
4.996132e-02
5.030787e-02
5.065278e-02
5.099603e-02
5.133759e-02
5.167742e-02
5.201550e-02
5.235179e-02
5.268626e-02
5.301889e-02
5.334963e-02
5.367846e-02
5.400534e-02
5.433024e-02
5.465313e-02
5.497398e-02
5.529276e-02
5.560942e-02
5.592395e-02
5.623629e-02
5.654643e-02
5.685433e-02
5.715996e-02
5.746328e-02
5.776426e-02
5.806287e-02
5.835906e-02
5.865282e-02
5.894411e-02
5.923288e-02
5.951912e-02
5.980278e-02
6.008383e-02
6.036225e-02
6.063799e-02
6.091102e-02
6.118130e-02
6.144882e-02
6.171353e-02
6.197539e-02
6.223439e-02
6.249047e-02
6.274362e-02
6.299379e-02
6.324096e-02
6.348509e-02
6.372615e-02
6.396412e-02
6.419894e-02
6.443061e-02
6.465907e-02
6.488431e-02
6.510629e-02
6.532497e-02
6.554034e-02
6.575236e-02
6.596099e-02
6.616622e-02
6.636800e-02
6.656631e-02
6.676113e-02
6.695242e-02
6.714015e-02
6.732430e-02
6.750484e-02
6.768174e-02
6.785498e-02
6.802453e-02
6.819036e-02
6.835244e-02
6.851077e-02
6.866530e-02
6.881601e-02
6.896288e-02
6.910590e-02
6.924503e-02
6.938025e-02
6.951154e-02
6.963888e-02
6.976226e-02
6.988164e-02
6.999702e-02
7.010837e-02
7.021567e-02
7.031890e-02
7.041806e-02
7.051312e-02
7.060407e-02
7.069089e-02
7.077357e-02
7.085209e-02
7.092645e-02
7.099662e-02
7.106260e-02
7.112437e-02
7.118193e-02
7.123527e-02
7.128437e-02
7.132923e-02
7.136984e-02
7.140620e-02
7.143829e-02
7.146612e-02
7.148967e-02
7.150894e-02
7.152394e-02
7.153465e-02
7.154108e-02
