1.841908e-05
1.841865e-05
1.841735e-05
1.841518e-05
1.841215e-05
1.840824e-05
1.840347e-05
1.839784e-05
1.839133e-05
1.838397e-05
1.837573e-05
1.836663e-05
1.835667e-05
1.834584e-05
1.833414e-05
1.832159e-05
1.830817e-05
1.829388e-05
1.827874e-05
1.826274e-05
1.824587e-05
1.822815e-05
1.820957e-05
1.819013e-05
1.816983e-05
1.814868e-05
1.812668e-05
1.810382e-05
1.808010e-05
1.805554e-05
1.803013e-05
1.800386e-05
1.797675e-05
1.794880e-05
1.791999e-05
1.789035e-05
1.785986e-05
1.782853e-05
1.779636e-05
1.776335e-05
1.772951e-05
1.769483e-05
1.765932e-05
1.762297e-05
1.758580e-05
1.754780e-05
1.750897e-05
1.746932e-05
1.742885e-05
1.738755e-05
1.734544e-05
1.730251e-05
1.725876e-05
1.721421e-05
1.716884e-05
1.712266e-05
1.707568e-05
1.702789e-05
1.697930e-05
1.692992e-05
1.687973e-05
1.682875e-05
1.677698e-05
1.672442e-05
1.667107e-05
1.661694e-05
1.656202e-05
1.650632e-05
1.644985e-05
1.639260e-05
1.633458e-05
1.627580e-05
1.621624e-05
1.615593e-05
1.609485e-05
1.603301e-05
1.597042e-05
1.590708e-05
1.584299e-05
1.577815e-05
1.571257e-05
1.564626e-05
1.557920e-05
1.551141e-05
1.544289e-05
1.537365e-05
1.530368e-05
1.523299e-05
1.516158e-05
1.508947e-05
1.501664e-05
1.494310e-05
1.486886e-05
1.479392e-05
1.471828e-05
1.464196e-05
1.456494e-05
1.448724e-05
1.440885e-05
1.432979e-05
1.425005e-05
1.416965e-05
1.408857e-05
1.400684e-05
1.392444e-05
1.384139e-05
1.375769e-05
1.367334e-05
1.358835e-05
1.350272e-05
1.341645e-05
1.332955e-05
1.324203e-05
1.315388e-05
1.306512e-05
1.297574e-05
1.288574e-05
1.279515e-05
1.270395e-05
1.261215e-05
1.251976e-05
1.242678e-05
1.233322e-05
1.223908e-05
1.214436e-05
1.204907e-05
1.195321e-05
1.185680e-05
1.175982e-05
1.166229e-05
1.156422e-05
1.146560e-05
1.136644e-05
1.126674e-05
1.116652e-05
1.106577e-05
1.096450e-05
1.086272e-05
1.076043e-05
1.065763e-05
1.055433e-05
1.045053e-05
1.034624e-05
1.024147e-05
1.013622e-05
1.003049e-05
9.924282e-06
9.817615e-06
9.710484e-06
9.602900e-06
9.494862e-06
9.386380e-06
9.277456e-06
9.168098e-06
9.058307e-06
8.948093e-06
8.837456e-06
8.726408e-06
8.614946e-06
8.503084e-06
8.390819e-06
8.278163e-06
8.165116e-06
8.051689e-06
7.937881e-06
7.823704e-06
7.709155e-06
7.594250e-06
7.478984e-06
7.363371e-06
7.247409e-06
7.131112e-06
7.014475e-06
6.897515e-06
6.780226e-06
6.662625e-06
6.544706e-06
6.426488e-06
6.307962e-06
6.189149e-06
6.070042e-06
5.950661e-06
5.830999e-06
5.711084e-06
5.590907e-06
5.470506e-06
5.349883e-06
5.229093e-06
5.108168e-06
4.987214e-06
4.866342e-06
4.745795e-06
4.625901e-06
4.507273e-06
4.390836e-06
4.278197e-06
4.171910e-06
4.076284e-06
3.998307e-06
3.949619e-06
3.949276e-06
4.028830e-06
4.240150e-06
4.668913e-06
5.456187e-06
6.834751e-06
9.188164e-06
1.314903e-05
1.976004e-05
3.074049e-05
4.892448e-05
7.898443e-05
1.286218e-04
2.105302e-04
3.456258e-04
5.683619e-04
9.354549e-04
1.540181e-03
2.535686e-03
4.172747e-03
6.860178e-03
1.125954e-02
1.842845e-02
3.002373e-02
4.855442e-02
7.760762e-02
1.218197e-01
1.861365e-01
2.738225e-01
3.833589e-01
5.061705e-01
6.282420e-01
7.358834e-01
8.212265e-01
8.833638e-01
9.258535e-01
9.536762e-01
9.713813e-01
9.824439e-01
9.892773e-01
9.934685e-01
9.960278e-01
9.975866e-01
9.985344e-01
9.991101e-01
9.994596e-01
9.996717e-01
9.998003e-01
9.998784e-01
9.999257e-01
9.999543e-01
9.999717e-01
9.999822e-01
9.999885e-01
9.999924e-01
9.999947e-01
9.999960e-01
9.999968e-01
9.999973e-01
9.999976e-01
9.999977e-01
9.999978e-01
9.999978e-01
9.999977e-01
9.999977e-01
9.999977e-01
9.999976e-01
9.999976e-01
9.999975e-01
9.999974e-01
9.999974e-01
9.999973e-01
9.999973e-01
9.999972e-01
9.999971e-01
9.999971e-01
9.999970e-01
9.999970e-01
9.999969e-01
9.999968e-01
9.999968e-01
9.999967e-01
9.999967e-01
9.999966e-01
9.999965e-01
9.999965e-01
9.999964e-01
9.999964e-01
9.999963e-01
9.999962e-01
9.999962e-01
9.999961e-01
9.999961e-01
9.999960e-01
9.999959e-01
9.999959e-01
9.999958e-01
9.999958e-01
9.999957e-01
9.999956e-01
9.999956e-01
9.999955e-01
9.999955e-01
9.999954e-01
9.999954e-01
9.999953e-01
9.999952e-01
9.999952e-01
9.999951e-01
9.999951e-01
9.999950e-01
9.999950e-01
9.999949e-01
9.999948e-01
9.999948e-01
9.999947e-01
9.999947e-01
9.999946e-01
9.999946e-01
9.999945e-01
9.999945e-01
9.999944e-01
9.999944e-01
9.999943e-01
9.999942e-01
9.999942e-01
9.999941e-01
9.999941e-01
9.999940e-01
9.999940e-01
9.999939e-01
9.999939e-01
9.999938e-01
9.999938e-01
9.999937e-01
9.999937e-01
9.999936e-01
9.999936e-01
9.999935e-01
9.999935e-01
9.999934e-01
9.999934e-01
9.999933e-01
9.999933e-01
9.999932e-01
9.999932e-01
9.999931e-01
9.999931e-01
9.999930e-01
9.999930e-01
9.999929e-01
9.999929e-01
9.999928e-01
9.999928e-01
9.999927e-01
9.999927e-01
9.999926e-01
9.999926e-01
9.999925e-01
9.999925e-01
9.999924e-01
9.999924e-01
9.999923e-01
9.999923e-01
9.999922e-01
9.999922e-01
9.999921e-01
9.999921e-01
9.999921e-01
9.999920e-01
9.999920e-01
9.999919e-01
9.999919e-01
9.999918e-01
9.999918e-01
9.999918e-01
9.999917e-01
9.999917e-01
9.999916e-01
9.999916e-01
9.999915e-01
9.999915e-01
9.999915e-01
9.999914e-01
9.999914e-01
9.999913e-01
9.999913e-01
9.999913e-01
9.999912e-01
9.999912e-01
9.999911e-01
9.999911e-01
9.999911e-01
9.999910e-01
9.999910e-01
9.999909e-01
9.999909e-01
9.999909e-01
9.999908e-01
9.999908e-01
9.999908e-01
9.999907e-01
9.999907e-01
9.999907e-01
9.999906e-01
9.999906e-01
9.999905e-01
9.999905e-01
9.999905e-01
9.999904e-01
9.999904e-01
9.999904e-01
9.999903e-01
9.999903e-01
9.999903e-01
9.999902e-01
9.999902e-01
9.999902e-01
9.999902e-01
9.999901e-01
9.999901e-01
9.999901e-01
9.999900e-01
9.999900e-01
9.999900e-01
9.999899e-01
9.999899e-01
9.999899e-01
9.999899e-01
9.999898e-01
9.999898e-01
9.999898e-01
9.999897e-01
9.999897e-01
9.999897e-01
9.999897e-01
9.999896e-01
9.999896e-01
9.999896e-01
9.999896e-01
9.999895e-01
9.999895e-01
9.999895e-01
9.999895e-01
9.999894e-01
9.999894e-01
9.999894e-01
9.999894e-01
9.999894e-01
9.999893e-01
9.999893e-01
9.999893e-01
9.999893e-01
9.999893e-01
9.999892e-01
9.999892e-01
9.999892e-01
9.999892e-01
9.999892e-01
9.999891e-01
9.999891e-01
9.999891e-01
9.999891e-01
9.999891e-01
9.999891e-01
9.999890e-01
9.999890e-01
9.999890e-01
9.999890e-01
9.999890e-01
9.999890e-01
9.999889e-01
9.999889e-01
9.999889e-01
9.999889e-01
9.999889e-01
9.999889e-01
9.999889e-01
9.999889e-01
9.999888e-01
9.999888e-01
9.999888e-01
9.999888e-01
9.999888e-01
9.999888e-01
9.999888e-01
9.999888e-01
9.999888e-01
9.999888e-01
9.999887e-01
9.999887e-01
9.999887e-01
9.999887e-01
9.999887e-01
9.999887e-01
9.999887e-01
9.999887e-01
9.999887e-01
9.999887e-01
9.999887e-01
9.999887e-01
9.999887e-01
9.999887e-01
9.999887e-01
9.999887e-01
9.999887e-01
9.999887e-01
9.999887e-01
9.999887e-01
9.999887e-01
9.999887e-01
9.999887e-01
9.999887e-01
9.999887e-01
9.999887e-01
9.999887e-01
9.999887e-01
9.999887e-01
9.999887e-01
9.999887e-01
9.999887e-01
9.999887e-01
9.999887e-01
9.999887e-01
9.999887e-01
9.999887e-01
9.999887e-01
9.999887e-01
9.999887e-01
9.999887e-01
9.999887e-01
9.999887e-01
9.999887e-01
9.999887e-01
9.999887e-01
9.999887e-01
9.999888e-01
9.999888e-01
9.999888e-01
9.999888e-01
9.999888e-01
9.999888e-01
9.999888e-01
9.999888e-01
9.999888e-01
9.999888e-01
9.999889e-01
9.999889e-01
9.999889e-01
9.999889e-01
9.999889e-01
9.999889e-01
9.999889e-01
9.999889e-01
9.999890e-01
9.999890e-01
9.999890e-01
9.999890e-01
9.999890e-01
9.999890e-01
9.999891e-01
9.999891e-01
9.999891e-01
9.999891e-01
9.999891e-01
9.999891e-01
9.999892e-01
9.999892e-01
9.999892e-01
9.999892e-01
9.999892e-01
9.999893e-01
9.999893e-01
9.999893e-01
9.999893e-01
9.999893e-01
9.999894e-01
9.999894e-01
9.999894e-01
9.999894e-01
9.999894e-01
9.999895e-01
9.999895e-01
9.999895e-01
9.999895e-01
9.999896e-01
9.999896e-01
9.999896e-01
9.999896e-01
9.999897e-01
9.999897e-01
9.999897e-01
9.999897e-01
9.999898e-01
9.999898e-01
9.999898e-01
9.999899e-01
9.999899e-01
9.999899e-01
9.999899e-01
9.999900e-01
9.999900e-01
9.999900e-01
9.999901e-01
9.999901e-01
9.999901e-01
9.999902e-01
9.999902e-01
9.999902e-01
9.999902e-01
9.999903e-01
9.999903e-01
9.999903e-01
9.999904e-01
9.999904e-01
9.999904e-01
9.999905e-01
9.999905e-01
9.999905e-01
9.999906e-01
9.999906e-01
9.999907e-01
9.999907e-01
9.999907e-01
9.999908e-01
9.999908e-01
9.999908e-01
9.999909e-01
9.999909e-01
9.999909e-01
9.999910e-01
9.999910e-01
9.999911e-01
9.999911e-01
9.999911e-01
9.999912e-01
9.999912e-01
9.999913e-01
9.999913e-01
9.999913e-01
9.999914e-01
9.999914e-01
9.999915e-01
9.999915e-01
9.999915e-01
9.999916e-01
9.999916e-01
9.999917e-01
9.999917e-01
9.999918e-01
9.999918e-01
9.999918e-01
9.999919e-01
9.999919e-01
9.999920e-01
9.999920e-01
9.999921e-01
9.999921e-01
9.999921e-01
9.999922e-01
9.999922e-01
9.999923e-01
9.999923e-01
9.999924e-01
9.999924e-01
9.999925e-01
9.999925e-01
9.999926e-01
9.999926e-01
9.999927e-01
9.999927e-01
9.999928e-01
9.999928e-01
9.999929e-01
9.999929e-01
9.999930e-01
9.999930e-01
9.999931e-01
9.999931e-01
9.999932e-01
9.999932e-01
9.999933e-01
9.999933e-01
9.999934e-01
9.999934e-01
9.999935e-01
9.999935e-01
9.999936e-01
9.999936e-01
9.999937e-01
9.999937e-01
9.999938e-01
9.999938e-01
9.999939e-01
9.999939e-01
9.999940e-01
9.999940e-01
9.999941e-01
9.999941e-01
9.999942e-01
9.999942e-01
9.999943e-01
9.999944e-01
9.999944e-01
9.999945e-01
9.999945e-01
9.999946e-01
9.999946e-01
9.999947e-01
9.999947e-01
9.999948e-01
9.999948e-01
9.999949e-01
9.999950e-01
9.999950e-01
9.999951e-01
9.999951e-01
9.999952e-01
9.999952e-01
9.999953e-01
9.999954e-01
9.999954e-01
9.999955e-01
9.999955e-01
9.999956e-01
9.999956e-01
9.999957e-01
9.999958e-01
9.999958e-01
9.999959e-01
9.999959e-01
9.999960e-01
9.999961e-01
9.999961e-01
9.999962e-01
9.999962e-01
9.999963e-01
9.999964e-01
9.999964e-01
9.999965e-01
9.999965e-01
9.999966e-01
9.999967e-01
9.999967e-01
9.999968e-01
9.999968e-01
9.999969e-01
9.999970e-01
9.999970e-01
9.999971e-01
9.999971e-01
9.999972e-01
9.999973e-01
9.999973e-01
9.999974e-01
9.999974e-01
9.999975e-01
9.999976e-01
9.999976e-01
9.999977e-01
9.999977e-01
9.999977e-01
9.999978e-01
9.999978e-01
9.999977e-01
9.999976e-01
9.999973e-01
9.999968e-01
9.999960e-01
9.999947e-01
9.999924e-01
9.999885e-01
9.999822e-01
9.999717e-01
9.999543e-01
9.999257e-01
9.998784e-01
9.998003e-01
9.996717e-01
9.994596e-01
9.991101e-01
9.985344e-01
9.975866e-01
9.960278e-01
9.934685e-01
9.892773e-01
9.824439e-01
9.713813e-01
9.536762e-01
9.258535e-01
8.833638e-01
8.212265e-01
7.358834e-01
6.282420e-01
5.061705e-01
3.833589e-01
2.738225e-01
1.861365e-01
1.218197e-01
7.760762e-02
4.855442e-02
3.002373e-02
1.842845e-02
1.125954e-02
6.860178e-03
4.172747e-03
2.535686e-03
1.540181e-03
9.354549e-04
5.683619e-04
3.456258e-04
2.105302e-04
1.286218e-04
7.898443e-05
4.892448e-05
3.074049e-05
1.976004e-05
1.314903e-05
9.188164e-06
6.834751e-06
5.456187e-06
4.668913e-06
4.240150e-06
4.028830e-06
3.949276e-06
3.949619e-06
3.998307e-06
4.076284e-06
4.171910e-06
4.278197e-06
4.390836e-06
4.507273e-06
4.625901e-06
4.745795e-06
4.866342e-06
4.987214e-06
5.108168e-06
5.229093e-06
5.349883e-06
5.470506e-06
5.590907e-06
5.711084e-06
5.830999e-06
5.950661e-06
6.070042e-06
6.189149e-06
6.307962e-06
6.426488e-06
6.544706e-06
6.662625e-06
6.780226e-06
6.897515e-06
7.014475e-06
7.131112e-06
7.247409e-06
7.363371e-06
7.478984e-06
7.594250e-06
7.709155e-06
7.823704e-06
7.937881e-06
8.051689e-06
8.165116e-06
8.278163e-06
8.390819e-06
8.503084e-06
8.614946e-06
8.726408e-06
8.837456e-06
8.948093e-06
9.058307e-06
9.168098e-06
9.277456e-06
9.386380e-06
9.494862e-06
9.602900e-06
9.710484e-06
9.817615e-06
9.924282e-06
1.003049e-05
1.013622e-05
1.024147e-05
1.034624e-05
1.045053e-05
1.055433e-05
1.065763e-05
1.076043e-05
1.086272e-05
1.096450e-05
1.106577e-05
1.116652e-05
1.126674e-05
1.136644e-05
1.146560e-05
1.156422e-05
1.166229e-05
1.175982e-05
1.185680e-05
1.195321e-05
1.204907e-05
1.214436e-05
1.223908e-05
1.233322e-05
1.242678e-05
1.251976e-05
1.261215e-05
1.270395e-05
1.279515e-05
1.288574e-05
1.297574e-05
1.306512e-05
1.315388e-05
1.324203e-05
1.332955e-05
1.341645e-05
1.350272e-05
1.358835e-05
1.367334e-05
1.375769e-05
1.384139e-05
1.392444e-05
1.400684e-05
1.408857e-05
1.416965e-05
1.425005e-05
1.432979e-05
1.440885e-05
1.448724e-05
1.456494e-05
1.464196e-05
1.471828e-05
1.479392e-05
1.486886e-05
1.494310e-05
1.501664e-05
1.508947e-05
1.516158e-05
1.523299e-05
1.530368e-05
1.537365e-05
1.544289e-05
1.551141e-05
1.557920e-05
1.564626e-05
1.571257e-05
1.577815e-05
1.584299e-05
1.590708e-05
1.597042e-05
1.603301e-05
1.609485e-05
1.615593e-05
1.621624e-05
1.627580e-05
1.633458e-05
1.639260e-05
1.644985e-05
1.650632e-05
1.656202e-05
1.661694e-05
1.667107e-05
1.672442e-05
1.677698e-05
1.682875e-05
1.687973e-05
1.692992e-05
1.697930e-05
1.702789e-05
1.707568e-05
1.712266e-05
1.716884e-05
1.721421e-05
1.725876e-05
1.730251e-05
1.734544e-05
1.738755e-05
1.742885e-05
1.746932e-05
1.750897e-05
1.754780e-05
1.758580e-05
1.762297e-05
1.765932e-05
1.769483e-05
1.772951e-05
1.776335e-05
1.779636e-05
1.782853e-05
1.785986e-05
1.789035e-05
1.791999e-05
1.794880e-05
1.797675e-05
1.800386e-05
1.803013e-05
1.805554e-05
1.808010e-05
1.810382e-05
1.812668e-05
1.814868e-05
1.816983e-05
1.819013e-05
1.820957e-05
1.822815e-05
1.824587e-05
1.826274e-05
1.827874e-05
1.829388e-05
1.830817e-05
1.832159e-05
1.833414e-05
1.834584e-05
1.835667e-05
1.836663e-05
1.837573e-05
1.838397e-05
1.839133e-05
1.839784e-05
1.840347e-05
1.840824e-05
1.841215e-05
1.841518e-05
1.841735e-05
1.841865e-05
