1.361213e-09
1.361419e-09
1.361102e-09
1.361198e-09
1.360771e-09
1.360758e-09
1.360221e-09
1.360098e-09
1.359452e-09
1.359219e-09
1.358462e-09
1.358122e-09
1.357254e-09
1.356804e-09
1.355827e-09
1.355268e-09
1.354181e-09
1.353514e-09
1.352316e-09
1.351542e-09
1.350234e-09
1.349351e-09
1.347933e-09
1.346944e-09
1.345416e-09
1.344319e-09
1.342681e-09
1.341477e-09
1.339730e-09
1.338419e-09
1.336562e-09
1.335146e-09
1.333179e-09
1.331657e-09
1.329581e-09
1.327954e-09
1.325768e-09
1.324037e-09
1.321741e-09
1.319906e-09
1.317502e-09
1.315562e-09
1.313050e-09
1.311007e-09
1.308386e-09
1.306241e-09
1.303511e-09
1.301264e-09
1.298426e-09
1.296078e-09
1.293132e-09
1.290682e-09
1.287629e-09
1.285079e-09
1.281918e-09
1.279269e-09
1.276001e-09
1.273253e-09
1.269879e-09
1.267032e-09
1.263551e-09
1.260608e-09
1.257021e-09
1.253981e-09
1.250288e-09
1.247152e-09
1.243354e-09
1.240123e-09
1.236219e-09
1.232894e-09
1.228885e-09
1.225467e-09
1.221354e-09
1.217843e-09
1.213626e-09
1.210024e-09
1.205702e-09
1.202010e-09
1.197585e-09
1.193804e-09
1.189275e-09
1.185406e-09
1.180774e-09
1.176818e-09
1.172083e-09
1.168041e-09
1.163204e-09
1.159078e-09
1.154138e-09
1.149928e-09
1.144887e-09
1.140595e-09
1.135452e-09
1.131079e-09
1.125835e-09
1.121383e-09
1.116037e-09
1.111507e-09
1.106060e-09
1.101453e-09
1.095905e-09
1.091224e-09
1.085576e-09
1.080821e-09
1.075072e-09
1.070246e-09
1.064396e-09
1.059501e-09
1.053550e-09
1.048587e-09
1.042536e-09
1.037507e-09
1.031356e-09
1.026262e-09
1.020010e-09
1.014854e-09
1.008501e-09
1.003286e-09
9.968312e-10
9.915587e-10
9.850021e-10
9.796746e-10
9.730158e-10
9.676360e-10
9.608742e-10
9.554446e-10
9.485792e-10
9.431029e-10
9.361328e-10
9.306128e-10
9.235366e-10
9.179762e-10
9.107931e-10
9.051956e-10
8.979037e-10
8.922737e-10
8.848717e-10
8.792121e-10
8.716977e-10
8.660136e-10
8.583845e-10
8.526802e-10
8.449340e-10
8.392148e-10
8.313485e-10
8.256199e-10
8.176294e-10
8.118975e-10
8.037798e-10
7.980507e-10
7.898007e-10
7.840826e-10
7.756947e-10
7.699946e-10
7.614634e-10
7.557905e-10
7.471090e-10
7.414730e-10
7.326331e-10
7.270452e-10
7.180379e-10
7.125100e-10
7.033249e-10
6.978716e-10
6.884969e-10
6.831352e-10
6.735588e-10
6.683097e-10
6.585210e-10
6.534134e-10
6.434082e-10
6.384907e-10
6.282873e-10
6.236544e-10
6.133376e-10
6.092049e-10
5.990466e-10
5.959498e-10
5.867359e-10
5.860765e-10
5.800017e-10
5.855219e-10
5.886178e-10
6.104127e-10
6.391571e-10
7.045738e-10
8.038550e-10
9.871208e-10
1.279074e-09
1.781825e-09
2.598591e-09
3.968769e-09
6.213377e-09
9.940241e-09
1.606760e-08
2.619913e-08
4.288262e-08
7.042205e-08
1.158022e-07
1.906590e-07
3.140472e-07
5.175233e-07
8.529622e-07
1.406058e-06
2.317912e-06
3.821363e-06
6.300068e-06
1.038681e-05
1.712456e-05
2.823313e-05
4.654743e-05
7.674126e-05
1.265184e-04
2.085763e-04
3.438373e-04
5.667654e-04
9.340945e-04
1.539129e-03
2.535063e-03
4.172750e-03
6.861128e-03
1.126196e-02
1.843316e-02
3.003203e-02
4.856821e-02
7.762956e-02
1.218530e-01
1.861840e-01
2.738853e-01
3.834338e-01
5.062500e-01
6.283165e-01
7.359456e-01
8.212738e-01
8.833972e-01
9.258760e-01
9.536909e-01
9.713908e-01
9.824501e-01
9.892814e-01
9.934713e-01
9.960300e-01
9.975883e-01
9.985358e-01
9.991114e-01
9.994609e-01
9.996729e-01
9.998016e-01
9.998797e-01
9.999270e-01
9.999557e-01
9.999731e-01
9.999837e-01
9.999901e-01
9.999940e-01
9.999964e-01
9.999978e-01
9.999987e-01
9.999992e-01
9.999995e-01
9.999997e-01
9.999998e-01
9.999999e-01
9.999999e-01
1.000000e+00
1.000000e+00
1.000000e+00
1.000000e+00
1.000000e+00
1.000000e+00
1.000000e+00
1.000000e+00
1.000000e+00
1.000000e+00
1.000000e+00
1.000000e+00
1.000000e+00
1.000000e+00
1.000000e+00
1.000000e+00
1.000000e+00
1.000000e+00
1.000000e+00
1.000000e+00
1.000000e+00
1.000000e+00
1.000000e+00
1.000000e+00
1.000000e+00
1.000000e+00
1.000000e+00
1.000000e+00
1.000000e+00
1.000000e+00
1.000000e+00
1.000000e+00
1.000000e+00
1.000000e+00
1.000000e+00
1.000000e+00
1.000000e+00
1.000000e+00
1.000000e+00
1.000000e+00
1.000000e+00
1.000000e+00
1.000000e+00
1.000000e+00
1.000000e+00
1.000000e+00
1.000000e+00
1.000000e+00
1.000000e+00
1.000000e+00
1.000000e+00
1.000000e+00
1.000000e+00
1.000000e+00
1.000000e+00
1.000000e+00
1.000000e+00
1.000000e+00
1.000000e+00
1.000000e+00
1.000000e+00
1.000000e+00
1.000000e+00
1.000000e+00
1.000000e+00
1.000000e+00
1.000000e+00
1.000000e+00
1.000000e+00
1.000000e+00
1.000000e+00
1.000000e+00
1.000000e+00
1.000000e+00
1.000000e+00
1.000000e+00
1.000000e+00
1.000000e+00
1.000000e+00
1.000000e+00
1.000000e+00
1.000000e+00
1.000000e+00
1.000000e+00
1.000000e+00
1.000000e+00
1.000000e+00
1.000000e+00
1.000000e+00
1.000000e+00
1.000000e+00
1.000000e+00
1.000000e+00
1.000000e+00
1.000000e+00
1.000000e+00
1.000000e+00
1.000000e+00
1.000000e+00
1.000000e+00
1.000000e+00
1.000000e+00
1.000000e+00
1.000000e+00
1.000000e+00
1.000000e+00
1.000000e+00
1.000000e+00
1.000000e+00
1.000000e+00
1.000000e+00
1.000000e+00
1.000000e+00
1.000000e+00
1.000000e+00
1.000000e+00
1.000000e+00
1.000000e+00
1.000000e+00
1.000000e+00
1.000000e+00
1.000000e+00
1.000000e+00
1.000000e+00
1.000000e+00
1.000000e+00
1.000000e+00
1.000000e+00
1.000000e+00
1.000000e+00
1.000000e+00
1.000000e+00
1.000000e+00
1.000000e+00
1.000000e+00
1.000000e+00
1.000000e+00
1.000000e+00
1.000000e+00
1.000000e+00
1.000000e+00
1.000000e+00
1.000000e+00
1.000000e+00
1.000000e+00
1.000000e+00
1.000000e+00
1.000000e+00
1.000000e+00
1.000000e+00
1.000000e+00
1.000000e+00
1.000000e+00
1.000000e+00
1.000000e+00
1.000000e+00
1.000000e+00
1.000000e+00
1.000000e+00
1.000000e+00
1.000000e+00
1.000000e+00
1.000000e+00
1.000000e+00
1.000000e+00
1.000000e+00
1.000000e+00
1.000000e+00
1.000000e+00
1.000000e+00
1.000000e+00
1.000000e+00
1.000000e+00
1.000000e+00
1.000000e+00
1.000000e+00
1.000000e+00
1.000000e+00
1.000000e+00
1.000000e+00
1.000000e+00
1.000000e+00
1.000000e+00
1.000000e+00
1.000000e+00
1.000000e+00
1.000000e+00
1.000000e+00
1.000000e+00
1.000000e+00
1.000000e+00
1.000000e+00
1.000000e+00
1.000000e+00
1.000000e+00
1.000000e+00
1.000000e+00
1.000000e+00
1.000000e+00
1.000000e+00
1.000000e+00
1.000000e+00
1.000000e+00
1.000000e+00
1.000000e+00
1.000000e+00
1.000000e+00
1.000000e+00
1.000000e+00
1.000000e+00
1.000000e+00
1.000000e+00
1.000000e+00
1.000000e+00
1.000000e+00
1.000000e+00
1.000000e+00
1.000000e+00
1.000000e+00
1.000000e+00
1.000000e+00
1.000000e+00
1.000000e+00
1.000000e+00
1.000000e+00
1.000000e+00
1.000000e+00
1.000000e+00
1.000000e+00
1.000000e+00
1.000000e+00
1.000000e+00
1.000000e+00
1.000000e+00
1.000000e+00
1.000000e+00
1.000000e+00
1.000000e+00
1.000000e+00
1.000000e+00
1.000000e+00
1.000000e+00
1.000000e+00
1.000000e+00
1.000000e+00
1.000000e+00
1.000000e+00
1.000000e+00
1.000000e+00
1.000000e+00
1.000000e+00
1.000000e+00
1.000000e+00
1.000000e+00
1.000000e+00
1.000000e+00
1.000000e+00
1.000000e+00
1.000000e+00
1.000000e+00
1.000000e+00
1.000000e+00
1.000000e+00
1.000000e+00
1.000000e+00
1.000000e+00
1.000000e+00
1.000000e+00
1.000000e+00
1.000000e+00
1.000000e+00
1.000000e+00
1.000000e+00
1.000000e+00
1.000000e+00
1.000000e+00
1.000000e+00
1.000000e+00
1.000000e+00
1.000000e+00
1.000000e+00
1.000000e+00
1.000000e+00
1.000000e+00
1.000000e+00
1.000000e+00
1.000000e+00
1.000000e+00
1.000000e+00
1.000000e+00
1.000000e+00
1.000000e+00
1.000000e+00
1.000000e+00
1.000000e+00
1.000000e+00
1.000000e+00
1.000000e+00
1.000000e+00
1.000000e+00
1.000000e+00
1.000000e+00
1.000000e+00
1.000000e+00
1.000000e+00
1.000000e+00
1.000000e+00
1.000000e+00
1.000000e+00
1.000000e+00
1.000000e+00
1.000000e+00
1.000000e+00
1.000000e+00
1.000000e+00
1.000000e+00
1.000000e+00
1.000000e+00
1.000000e+00
1.000000e+00
1.000000e+00
1.000000e+00
1.000000e+00
1.000000e+00
1.000000e+00
1.000000e+00
1.000000e+00
1.000000e+00
1.000000e+00
1.000000e+00
1.000000e+00
1.000000e+00
1.000000e+00
1.000000e+00
1.000000e+00
1.000000e+00
1.000000e+00
1.000000e+00
1.000000e+00
1.000000e+00
1.000000e+00
1.000000e+00
1.000000e+00
1.000000e+00
1.000000e+00
1.000000e+00
1.000000e+00
1.000000e+00
1.000000e+00
1.000000e+00
1.000000e+00
1.000000e+00
1.000000e+00
1.000000e+00
1.000000e+00
1.000000e+00
1.000000e+00
1.000000e+00
1.000000e+00
1.000000e+00
1.000000e+00
1.000000e+00
1.000000e+00
1.000000e+00
1.000000e+00
1.000000e+00
1.000000e+00
1.000000e+00
1.000000e+00
1.000000e+00
1.000000e+00
1.000000e+00
1.000000e+00
1.000000e+00
1.000000e+00
1.000000e+00
1.000000e+00
1.000000e+00
1.000000e+00
1.000000e+00
1.000000e+00
1.000000e+00
1.000000e+00
1.000000e+00
1.000000e+00
1.000000e+00
1.000000e+00
1.000000e+00
1.000000e+00
1.000000e+00
1.000000e+00
1.000000e+00
1.000000e+00
1.000000e+00
1.000000e+00
1.000000e+00
1.000000e+00
1.000000e+00
1.000000e+00
1.000000e+00
1.000000e+00
1.000000e+00
1.000000e+00
1.000000e+00
1.000000e+00
1.000000e+00
1.000000e+00
1.000000e+00
1.000000e+00
1.000000e+00
1.000000e+00
1.000000e+00
1.000000e+00
1.000000e+00
1.000000e+00
1.000000e+00
1.000000e+00
1.000000e+00
1.000000e+00
1.000000e+00
1.000000e+00
1.000000e+00
1.000000e+00
1.000000e+00
1.000000e+00
1.000000e+00
1.000000e+00
1.000000e+00
1.000000e+00
1.000000e+00
1.000000e+00
1.000000e+00
1.000000e+00
1.000000e+00
1.000000e+00
1.000000e+00
1.000000e+00
1.000000e+00
1.000000e+00
1.000000e+00
1.000000e+00
1.000000e+00
1.000000e+00
1.000000e+00
1.000000e+00
1.000000e+00
1.000000e+00
1.000000e+00
1.000000e+00
1.000000e+00
1.000000e+00
1.000000e+00
1.000000e+00
1.000000e+00
1.000000e+00
1.000000e+00
1.000000e+00
1.000000e+00
1.000000e+00
1.000000e+00
1.000000e+00
1.000000e+00
1.000000e+00
1.000000e+00
1.000000e+00
1.000000e+00
1.000000e+00
1.000000e+00
1.000000e+00
1.000000e+00
1.000000e+00
1.000000e+00
1.000000e+00
1.000000e+00
1.000000e+00
1.000000e+00
1.000000e+00
1.000000e+00
1.000000e+00
1.000000e+00
1.000000e+00
1.000000e+00
1.000000e+00
1.000000e+00
1.000000e+00
1.000000e+00
1.000000e+00
1.000000e+00
1.000000e+00
1.000000e+00
1.000000e+00
1.000000e+00
1.000000e+00
1.000000e+00
1.000000e+00
1.000000e+00
1.000000e+00
9.999999e-01
9.999999e-01
9.999998e-01
9.999997e-01
9.999995e-01
9.999992e-01
9.999987e-01
9.999978e-01
9.999964e-01
9.999940e-01
9.999901e-01
9.999837e-01
9.999731e-01
9.999557e-01
9.999270e-01
9.998797e-01
9.998016e-01
9.996729e-01
9.994609e-01
9.991114e-01
9.985358e-01
9.975883e-01
9.960300e-01
9.934713e-01
9.892814e-01
9.824501e-01
9.713908e-01
9.536909e-01
9.258760e-01
8.833972e-01
8.212738e-01
7.359456e-01
6.283165e-01
5.062500e-01
3.834338e-01
2.738853e-01
1.861840e-01
1.218530e-01
7.762956e-02
4.856821e-02
3.003203e-02
1.843316e-02
1.126196e-02
6.861128e-03
4.172750e-03
2.535063e-03
1.539129e-03
9.340945e-04
5.667654e-04
3.438373e-04
2.085763e-04
1.265184e-04
7.674126e-05
4.654743e-05
2.823313e-05
1.712456e-05
1.038681e-05
6.300068e-06
3.821363e-06
2.317912e-06
1.406058e-06
8.529623e-07
5.175234e-07
3.140472e-07
1.906591e-07
1.158022e-07
7.042208e-08
4.288265e-08
2.619916e-08
1.606763e-08
9.940274e-09
6.213411e-09
3.968804e-09
2.598628e-09
1.781863e-09
1.279114e-09
9.871617e-10
8.038973e-10
7.046178e-10
6.392023e-10
6.104587e-10
5.886655e-10
5.855705e-10
5.800511e-10
5.861268e-10
5.867874e-10
5.960022e-10
5.991000e-10
6.092593e-10
6.133928e-10
6.237106e-10
6.283442e-10
6.385483e-10
6.434666e-10
6.534729e-10
6.585811e-10
6.683706e-10
6.736208e-10
6.831977e-10
6.885604e-10
6.979358e-10
7.033898e-10
7.125759e-10
7.181045e-10
7.271124e-10
7.327012e-10
7.415415e-10
7.471780e-10
7.558598e-10
7.615330e-10
7.700645e-10
7.757647e-10
7.841522e-10
7.898706e-10
7.981204e-10
8.038488e-10
8.119659e-10
8.176977e-10
8.256872e-10
8.314153e-10
8.392808e-10
8.449992e-10
8.527445e-10
8.584476e-10
8.660754e-10
8.717585e-10
8.792719e-10
8.849300e-10
8.923309e-10
8.979599e-10
9.052506e-10
9.108463e-10
9.180280e-10
9.235870e-10
9.306615e-10
9.361802e-10
9.431487e-10
9.486236e-10
9.554875e-10
9.609157e-10
9.676757e-10
9.730541e-10
9.797117e-10
9.850379e-10
9.915925e-10
9.968639e-10
1.003317e-09
1.008531e-09
1.014882e-09
1.020036e-09
1.026287e-09
1.031379e-09
1.037529e-09
1.042557e-09
1.048607e-09
1.053569e-09
1.059517e-09
1.064412e-09
1.070261e-09
1.075085e-09
1.080833e-09
1.085586e-09
1.091234e-09
1.095914e-09
1.101461e-09
1.106067e-09
1.111513e-09
1.116042e-09
1.121387e-09
1.125839e-09
1.131083e-09
1.135455e-09
1.140597e-09
1.144889e-09
1.149930e-09
1.154139e-09
1.159078e-09
1.163204e-09
1.168041e-09
1.172082e-09
1.176816e-09
1.180772e-09
1.185403e-09
1.189272e-09
1.193801e-09
1.197581e-09
1.202006e-09
1.205697e-09
1.210019e-09
1.213620e-09
1.217838e-09
1.221348e-09
1.225461e-09
1.228879e-09
1.232888e-09
1.236213e-09
1.240117e-09
1.243348e-09
1.247147e-09
1.250283e-09
1.253976e-09
1.257016e-09
1.260604e-09
1.263547e-09
1.267028e-09
1.269875e-09
1.273250e-09
1.275998e-09
1.279266e-09
1.281916e-09
1.285077e-09
1.287627e-09
1.290680e-09
1.293130e-09
1.296076e-09
1.298426e-09
1.301264e-09
1.303511e-09
1.306241e-09
1.308387e-09
1.311008e-09
1.313051e-09
1.315564e-09
1.317504e-09
1.319908e-09
1.321745e-09
1.324040e-09
1.325772e-09
1.327958e-09
1.329586e-09
1.331663e-09
1.333185e-09
1.335152e-09
1.336569e-09
1.338427e-09
1.339737e-09
1.341485e-09
1.342689e-09
1.344328e-09
1.345425e-09
1.346953e-09
1.347943e-09
1.349361e-09
1.350243e-09
1.351551e-09
1.352326e-09
1.353523e-09
1.354190e-09
1.355277e-09
1.355835e-09
1.356813e-09
1.357262e-09
1.358128e-09
1.358469e-09
1.359226e-09
1.359457e-09
1.360104e-09
1.360226e-09
1.360762e-09
1.360774e-09
1.361200e-09
1.361103e-09
1.361419e-09
