1.600644e-09
1.600844e-09
1.600513e-09
1.600584e-09
1.600122e-09
1.600063e-09
1.599471e-09
1.599282e-09
1.598560e-09
1.598243e-09
1.597390e-09
1.596943e-09
1.595961e-09
1.595385e-09
1.594272e-09
1.593568e-09
1.592325e-09
1.591492e-09
1.590119e-09
1.589158e-09
1.587655e-09
1.586566e-09
1.584933e-09
1.583718e-09
1.581954e-09
1.580612e-09
1.578719e-09
1.577249e-09
1.575227e-09
1.573631e-09
1.571479e-09
1.569758e-09
1.567476e-09
1.565629e-09
1.563219e-09
1.561248e-09
1.558708e-09
1.556612e-09
1.553944e-09
1.551725e-09
1.548928e-09
1.546585e-09
1.543660e-09
1.541195e-09
1.538142e-09
1.535555e-09
1.532375e-09
1.529666e-09
1.526358e-09
1.523529e-09
1.520095e-09
1.517146e-09
1.513584e-09
1.510516e-09
1.506828e-09
1.503642e-09
1.499828e-09
1.496524e-09
1.492585e-09
1.489164e-09
1.485100e-09
1.481563e-09
1.477374e-09
1.473722e-09
1.469408e-09
1.465642e-09
1.461205e-09
1.457326e-09
1.452764e-09
1.448773e-09
1.444089e-09
1.439986e-09
1.435179e-09
1.430966e-09
1.426038e-09
1.421716e-09
1.416665e-09
1.412235e-09
1.407063e-09
1.402526e-09
1.397233e-09
1.392591e-09
1.387178e-09
1.382432e-09
1.376898e-09
1.372049e-09
1.366396e-09
1.361445e-09
1.355672e-09
1.350621e-09
1.344730e-09
1.339580e-09
1.333571e-09
1.328323e-09
1.322196e-09
1.316853e-09
1.310607e-09
1.305170e-09
1.298808e-09
1.293278e-09
1.286798e-09
1.281178e-09
1.274582e-09
1.268872e-09
1.262160e-09
1.256363e-09
1.249535e-09
1.243653e-09
1.236709e-09
1.230743e-09
1.223684e-09
1.217637e-09
1.210462e-09
1.204336e-09
1.197046e-09
1.190843e-09
1.183436e-09
1.177160e-09
1.169637e-09
1.163289e-09
1.155650e-09
1.149233e-09
1.141478e-09
1.134994e-09
1.127122e-09
1.120575e-09
1.112585e-09
1.105977e-09
1.097869e-09
1.091204e-09
1.082977e-09
1.076259e-09
1.067911e-09
1.061143e-09
1.052674e-09
1.045860e-09
1.037268e-09
1.030412e-09
1.021695e-09
1.014802e-09
1.005958e-09
9.990329e-10
9.900601e-10
9.831075e-10
9.740026e-10
9.670289e-10
9.577885e-10
9.508000e-10
9.414203e-10
9.344234e-10
9.249004e-10
9.179029e-10
9.082311e-10
9.012410e-10
8.914151e-10
8.844414e-10
8.744545e-10
8.675075e-10
8.573515e-10
8.504422e-10
8.401087e-10
8.332497e-10
8.227286e-10
8.159343e-10
8.052139e-10
7.985013e-10
7.875701e-10
7.809605e-10
7.698077e-10
7.633307e-10
7.519524e-10
7.456568e-10
7.340715e-10
7.280517e-10
7.163448e-10
7.108165e-10
6.992594e-10
6.947594e-10
6.841390e-10
6.820685e-10
6.745787e-10
6.786802e-10
6.803542e-10
7.007228e-10
7.280382e-10
7.920216e-10
8.898663e-10
1.071692e-09
1.362202e-09
1.863506e-09
2.678822e-09
4.047547e-09
6.290699e-09
1.001610e-08
1.614200e-08
2.627206e-08
4.295409e-08
7.049206e-08
1.158707e-07
1.907261e-07
3.141128e-07
5.175875e-07
8.530250e-07
1.406119e-06
2.317972e-06
3.821421e-06
6.300126e-06
1.038687e-05
1.712462e-05
2.823319e-05
4.654749e-05
7.674133e-05
1.265184e-04
2.085764e-04
3.438374e-04
5.667656e-04
9.340947e-04
1.539129e-03
2.535063e-03
4.172750e-03
6.861129e-03
1.126196e-02
1.843317e-02
3.003203e-02
4.856822e-02
7.762957e-02
1.218530e-01
1.861841e-01
2.738853e-01
3.834338e-01
5.062500e-01
6.283165e-01
7.359457e-01
8.212738e-01
8.833972e-01
9.258760e-01
9.536909e-01
9.713908e-01
9.824501e-01
9.892814e-01
9.934713e-01
9.960300e-01
9.975883e-01
9.985358e-01
9.991114e-01
9.994609e-01
9.996729e-01
9.998016e-01
9.998797e-01
9.999270e-01
9.999557e-01
9.999731e-01
9.999837e-01
9.999901e-01
9.999940e-01
9.999964e-01
9.999978e-01
9.999987e-01
9.999992e-01
9.999995e-01
9.999997e-01
9.999998e-01
9.999999e-01
9.999999e-01
1.000000e+00
1.000000e+00
1.000000e+00
1.000000e+00
1.000000e+00
1.000000e+00
1.000000e+00
1.000000e+00
1.000000e+00
1.000000e+00
1.000000e+00
1.000000e+00
1.000000e+00
1.000000e+00
1.000000e+00
1.000000e+00
1.000000e+00
1.000000e+00
1.000000e+00
1.000000e+00
1.000000e+00
1.000000e+00
1.000000e+00
1.000000e+00
1.000000e+00
1.000000e+00
1.000000e+00
1.000000e+00
1.000000e+00
1.000000e+00
1.000000e+00
1.000000e+00
1.000000e+00
1.000000e+00
1.000000e+00
1.000000e+00
1.000000e+00
1.000000e+00
1.000000e+00
1.000000e+00
1.000000e+00
1.000000e+00
1.000000e+00
1.000000e+00
1.000000e+00
1.000000e+00
1.000000e+00
1.000000e+00
1.000000e+00
1.000000e+00
1.000000e+00
1.000000e+00
1.000000e+00
1.000000e+00
1.000000e+00
1.000000e+00
1.000000e+00
1.000000e+00
1.000000e+00
1.000000e+00
1.000000e+00
1.000000e+00
1.000000e+00
1.000000e+00
1.000000e+00
1.000000e+00
1.000000e+00
1.000000e+00
1.000000e+00
1.000000e+00
1.000000e+00
1.000000e+00
1.000000e+00
1.000000e+00
1.000000e+00
1.000000e+00
1.000000e+00
1.000000e+00
1.000000e+00
1.000000e+00
1.000000e+00
1.000000e+00
1.000000e+00
1.000000e+00
1.000000e+00
1.000000e+00
1.000000e+00
1.000000e+00
1.000000e+00
1.000000e+00
1.000000e+00
1.000000e+00
1.000000e+00
1.000000e+00
1.000000e+00
1.000000e+00
1.000000e+00
1.000000e+00
1.000000e+00
1.000000e+00
1.000000e+00
1.000000e+00
1.000000e+00
1.000000e+00
1.000000e+00
1.000000e+00
1.000000e+00
1.000000e+00
1.000000e+00
1.000000e+00
1.000000e+00
1.000000e+00
1.000000e+00
1.000000e+00
1.000000e+00
1.000000e+00
1.000000e+00
1.000000e+00
1.000000e+00
1.000000e+00
1.000000e+00
1.000000e+00
1.000000e+00
1.000000e+00
1.000000e+00
1.000000e+00
1.000000e+00
1.000000e+00
1.000000e+00
1.000000e+00
1.000000e+00
1.000000e+00
1.000000e+00
1.000000e+00
1.000000e+00
1.000000e+00
1.000000e+00
1.000000e+00
1.000000e+00
1.000000e+00
1.000000e+00
1.000000e+00
1.000000e+00
1.000000e+00
1.000000e+00
1.000000e+00
1.000000e+00
1.000000e+00
1.000000e+00
1.000000e+00
1.000000e+00
1.000000e+00
1.000000e+00
1.000000e+00
1.000000e+00
1.000000e+00
1.000000e+00
1.000000e+00
1.000000e+00
1.000000e+00
1.000000e+00
1.000000e+00
1.000000e+00
1.000000e+00
1.000000e+00
1.000000e+00
1.000000e+00
1.000000e+00
1.000000e+00
1.000000e+00
1.000000e+00
1.000000e+00
1.000000e+00
1.000000e+00
1.000000e+00
1.000000e+00
1.000000e+00
1.000000e+00
1.000000e+00
1.000000e+00
1.000000e+00
1.000000e+00
1.000000e+00
1.000000e+00
1.000000e+00
1.000000e+00
1.000000e+00
1.000000e+00
1.000000e+00
1.000000e+00
1.000000e+00
1.000000e+00
1.000000e+00
1.000000e+00
1.000000e+00
1.000000e+00
1.000000e+00
1.000000e+00
1.000000e+00
1.000000e+00
1.000000e+00
1.000000e+00
1.000000e+00
1.000000e+00
1.000000e+00
1.000000e+00
1.000000e+00
1.000000e+00
1.000000e+00
1.000000e+00
1.000000e+00
1.000000e+00
1.000000e+00
1.000000e+00
1.000000e+00
1.000000e+00
1.000000e+00
1.000000e+00
1.000000e+00
1.000000e+00
1.000000e+00
1.000000e+00
1.000000e+00
1.000000e+00
1.000000e+00
1.000000e+00
1.000000e+00
1.000000e+00
1.000000e+00
1.000000e+00
1.000000e+00
1.000000e+00
1.000000e+00
1.000000e+00
1.000000e+00
1.000000e+00
1.000000e+00
1.000000e+00
1.000000e+00
1.000000e+00
1.000000e+00
1.000000e+00
1.000000e+00
1.000000e+00
1.000000e+00
1.000000e+00
1.000000e+00
1.000000e+00
1.000000e+00
1.000000e+00
1.000000e+00
1.000000e+00
1.000000e+00
1.000000e+00
1.000000e+00
1.000000e+00
1.000000e+00
1.000000e+00
1.000000e+00
1.000000e+00
1.000000e+00
1.000000e+00
1.000000e+00
1.000000e+00
1.000000e+00
1.000000e+00
1.000000e+00
1.000000e+00
1.000000e+00
1.000000e+00
1.000000e+00
1.000000e+00
1.000000e+00
1.000000e+00
1.000000e+00
1.000000e+00
1.000000e+00
1.000000e+00
1.000000e+00
1.000000e+00
1.000000e+00
1.000000e+00
1.000000e+00
1.000000e+00
1.000000e+00
1.000000e+00
1.000000e+00
1.000000e+00
1.000000e+00
1.000000e+00
1.000000e+00
1.000000e+00
1.000000e+00
1.000000e+00
1.000000e+00
1.000000e+00
1.000000e+00
1.000000e+00
1.000000e+00
1.000000e+00
1.000000e+00
1.000000e+00
1.000000e+00
1.000000e+00
1.000000e+00
1.000000e+00
1.000000e+00
1.000000e+00
1.000000e+00
1.000000e+00
1.000000e+00
1.000000e+00
1.000000e+00
1.000000e+00
1.000000e+00
1.000000e+00
1.000000e+00
1.000000e+00
1.000000e+00
1.000000e+00
1.000000e+00
1.000000e+00
1.000000e+00
1.000000e+00
1.000000e+00
1.000000e+00
1.000000e+00
1.000000e+00
1.000000e+00
1.000000e+00
1.000000e+00
1.000000e+00
1.000000e+00
1.000000e+00
1.000000e+00
1.000000e+00
1.000000e+00
1.000000e+00
1.000000e+00
1.000000e+00
1.000000e+00
1.000000e+00
1.000000e+00
1.000000e+00
1.000000e+00
1.000000e+00
1.000000e+00
1.000000e+00
1.000000e+00
1.000000e+00
1.000000e+00
1.000000e+00
1.000000e+00
1.000000e+00
1.000000e+00
1.000000e+00
1.000000e+00
1.000000e+00
1.000000e+00
1.000000e+00
1.000000e+00
1.000000e+00
1.000000e+00
1.000000e+00
1.000000e+00
1.000000e+00
1.000000e+00
1.000000e+00
1.000000e+00
1.000000e+00
1.000000e+00
1.000000e+00
1.000000e+00
1.000000e+00
1.000000e+00
1.000000e+00
1.000000e+00
1.000000e+00
1.000000e+00
1.000000e+00
1.000000e+00
1.000000e+00
1.000000e+00
1.000000e+00
1.000000e+00
1.000000e+00
1.000000e+00
1.000000e+00
1.000000e+00
1.000000e+00
1.000000e+00
1.000000e+00
1.000000e+00
1.000000e+00
1.000000e+00
1.000000e+00
1.000000e+00
1.000000e+00
1.000000e+00
1.000000e+00
1.000000e+00
1.000000e+00
1.000000e+00
1.000000e+00
1.000000e+00
1.000000e+00
1.000000e+00
1.000000e+00
1.000000e+00
1.000000e+00
1.000000e+00
1.000000e+00
1.000000e+00
1.000000e+00
1.000000e+00
1.000000e+00
1.000000e+00
1.000000e+00
1.000000e+00
1.000000e+00
1.000000e+00
1.000000e+00
1.000000e+00
1.000000e+00
1.000000e+00
1.000000e+00
1.000000e+00
1.000000e+00
1.000000e+00
1.000000e+00
1.000000e+00
1.000000e+00
1.000000e+00
1.000000e+00
1.000000e+00
1.000000e+00
1.000000e+00
1.000000e+00
1.000000e+00
1.000000e+00
1.000000e+00
1.000000e+00
1.000000e+00
1.000000e+00
1.000000e+00
1.000000e+00
1.000000e+00
1.000000e+00
1.000000e+00
1.000000e+00
1.000000e+00
1.000000e+00
1.000000e+00
1.000000e+00
1.000000e+00
1.000000e+00
1.000000e+00
1.000000e+00
1.000000e+00
1.000000e+00
1.000000e+00
1.000000e+00
1.000000e+00
1.000000e+00
1.000000e+00
1.000000e+00
1.000000e+00
1.000000e+00
1.000000e+00
1.000000e+00
1.000000e+00
1.000000e+00
1.000000e+00
1.000000e+00
1.000000e+00
1.000000e+00
1.000000e+00
1.000000e+00
1.000000e+00
1.000000e+00
1.000000e+00
1.000000e+00
1.000000e+00
1.000000e+00
1.000000e+00
1.000000e+00
1.000000e+00
1.000000e+00
1.000000e+00
1.000000e+00
1.000000e+00
1.000000e+00
1.000000e+00
1.000000e+00
1.000000e+00
1.000000e+00
1.000000e+00
9.999999e-01
9.999999e-01
9.999998e-01
9.999997e-01
9.999995e-01
9.999992e-01
9.999987e-01
9.999978e-01
9.999964e-01
9.999940e-01
9.999901e-01
9.999837e-01
9.999731e-01
9.999557e-01
9.999270e-01
9.998797e-01
9.998016e-01
9.996729e-01
9.994609e-01
9.991114e-01
9.985358e-01
9.975883e-01
9.960300e-01
9.934713e-01
9.892814e-01
9.824501e-01
9.713908e-01
9.536909e-01
9.258760e-01
8.833972e-01
8.212738e-01
7.359457e-01
6.283165e-01
5.062500e-01
3.834338e-01
2.738853e-01
1.861841e-01
1.218530e-01
7.762957e-02
4.856822e-02
3.003203e-02
1.843317e-02
1.126196e-02
6.861129e-03
4.172750e-03
2.535063e-03
1.539129e-03
9.340947e-04
5.667656e-04
3.438374e-04
2.085764e-04
1.265184e-04
7.674133e-05
4.654749e-05
2.823319e-05
1.712462e-05
1.038687e-05
6.300126e-06
3.821421e-06
2.317972e-06
1.406119e-06
8.530250e-07
5.175875e-07
3.141129e-07
1.907261e-07
1.158708e-07
7.049209e-08
4.295412e-08
2.627209e-08
1.614203e-08
1.001614e-08
6.290734e-09
4.047583e-09
2.678860e-09
1.863545e-09
1.362242e-09
1.071733e-09
8.899095e-10
7.920659e-10
7.280841e-10
7.007699e-10
6.804027e-10
6.787300e-10
6.746294e-10
6.821200e-10
6.841916e-10
6.948129e-10
6.993137e-10
7.108719e-10
7.164010e-10
7.281091e-10
7.341292e-10
7.457154e-10
7.520121e-10
7.633913e-10
7.698689e-10
7.810225e-10
7.876328e-10
7.985648e-10
8.052785e-10
8.159994e-10
8.227948e-10
8.333165e-10
8.401764e-10
8.505105e-10
8.574209e-10
8.675771e-10
8.745246e-10
8.845119e-10
8.914861e-10
9.013123e-10
9.083027e-10
9.179741e-10
9.249719e-10
9.344947e-10
9.414911e-10
9.508704e-10
9.578587e-10
9.670982e-10
9.740712e-10
9.831754e-10
9.901270e-10
9.990992e-10
1.006023e-09
1.014866e-09
1.021758e-09
1.030474e-09
1.037328e-09
1.045919e-09
1.052732e-09
1.061200e-09
1.067966e-09
1.076312e-09
1.083029e-09
1.091255e-09
1.097918e-09
1.106024e-09
1.112630e-09
1.120619e-09
1.127164e-09
1.135035e-09
1.141517e-09
1.149271e-09
1.155687e-09
1.163324e-09
1.169671e-09
1.177192e-09
1.183467e-09
1.190872e-09
1.197073e-09
1.204362e-09
1.210486e-09
1.217660e-09
1.223705e-09
1.230764e-09
1.236728e-09
1.243670e-09
1.249551e-09
1.256378e-09
1.262174e-09
1.268885e-09
1.274593e-09
1.281188e-09
1.286808e-09
1.293286e-09
1.298815e-09
1.305177e-09
1.310613e-09
1.316858e-09
1.322200e-09
1.328327e-09
1.333574e-09
1.339582e-09
1.344732e-09
1.350622e-09
1.355673e-09
1.361445e-09
1.366395e-09
1.372048e-09
1.376897e-09
1.382430e-09
1.387176e-09
1.392589e-09
1.397230e-09
1.402523e-09
1.407059e-09
1.412231e-09
1.416660e-09
1.421711e-09
1.426033e-09
1.430962e-09
1.435174e-09
1.439981e-09
1.444084e-09
1.448768e-09
1.452759e-09
1.457321e-09
1.461200e-09
1.465638e-09
1.469404e-09
1.473717e-09
1.477370e-09
1.481559e-09
1.485096e-09
1.489160e-09
1.492582e-09
1.496521e-09
1.499826e-09
1.503640e-09
1.506827e-09
1.510515e-09
1.513583e-09
1.517145e-09
1.520094e-09
1.523529e-09
1.526359e-09
1.529667e-09
1.532376e-09
1.535556e-09
1.538144e-09
1.541197e-09
1.543663e-09
1.546588e-09
1.548931e-09
1.551728e-09
1.553948e-09
1.556616e-09
1.558713e-09
1.561253e-09
1.563225e-09
1.565636e-09
1.567483e-09
1.569765e-09
1.571487e-09
1.573639e-09
1.575235e-09
1.577258e-09
1.578728e-09
1.580621e-09
1.581964e-09
1.583727e-09
1.584943e-09
1.586577e-09
1.587665e-09
1.589169e-09
1.590129e-09
1.591502e-09
1.592335e-09
1.593578e-09
1.594282e-09
1.595394e-09
1.595969e-09
1.596952e-09
1.597398e-09
1.598250e-09
1.598567e-09
1.599289e-09
1.599476e-09
1.600068e-09
1.600126e-09
1.600587e-09
1.600515e-09
1.600846e-09
