1.158721e-09
1.158932e-09
1.158628e-09
1.158745e-09
1.158348e-09
1.158372e-09
1.157882e-09
1.157814e-09
1.157231e-09
1.157071e-09
1.156394e-09
1.156142e-09
1.155372e-09
1.155028e-09
1.154165e-09
1.153729e-09
1.152773e-09
1.152245e-09
1.151195e-09
1.150577e-09
1.149434e-09
1.148724e-09
1.147488e-09
1.146688e-09
1.145358e-09
1.144468e-09
1.143045e-09
1.142064e-09
1.140548e-09
1.139478e-09
1.137869e-09
1.136709e-09
1.135007e-09
1.133758e-09
1.131963e-09
1.130626e-09
1.128738e-09
1.127312e-09
1.125331e-09
1.123818e-09
1.121745e-09
1.120144e-09
1.117979e-09
1.116291e-09
1.114033e-09
1.112260e-09
1.109910e-09
1.108050e-09
1.105608e-09
1.103663e-09
1.101129e-09
1.099099e-09
1.096474e-09
1.094359e-09
1.091642e-09
1.089445e-09
1.086636e-09
1.084355e-09
1.081457e-09
1.079093e-09
1.076103e-09
1.073659e-09
1.070578e-09
1.068053e-09
1.064882e-09
1.062276e-09
1.059015e-09
1.056329e-09
1.052978e-09
1.050213e-09
1.046773e-09
1.043930e-09
1.040400e-09
1.037480e-09
1.033861e-09
1.030865e-09
1.027156e-09
1.024085e-09
1.020288e-09
1.017142e-09
1.013256e-09
1.010038e-09
1.006063e-09
1.002772e-09
9.987086e-10
9.953459e-10
9.911949e-10
9.877621e-10
9.835228e-10
9.800207e-10
9.756940e-10
9.721240e-10
9.677096e-10
9.640730e-10
9.595710e-10
9.558689e-10
9.512793e-10
9.475126e-10
9.428360e-10
9.390063e-10
9.342418e-10
9.303507e-10
9.254993e-10
9.215484e-10
9.166095e-10
9.126002e-10
9.075741e-10
9.035080e-10
8.983941e-10
8.942730e-10
8.890716e-10
8.848974e-10
8.796080e-10
8.753825e-10
8.700047e-10
8.657295e-10
8.602629e-10
8.559402e-10
8.503844e-10
8.460166e-10
8.403709e-10
8.359603e-10
8.302244e-10
8.257730e-10
8.199456e-10
8.154566e-10
8.095372e-10
8.050129e-10
7.989999e-10
7.944431e-10
7.883358e-10
7.837497e-10
7.775462e-10
7.729342e-10
7.666332e-10
7.619989e-10
7.555983e-10
7.509455e-10
7.444436e-10
7.397762e-10
7.331697e-10
7.284930e-10
7.217796e-10
7.170980e-10
7.102745e-10
7.055935e-10
6.986561e-10
6.939814e-10
6.869256e-10
6.822635e-10
6.750854e-10
6.704433e-10
6.631369e-10
6.585224e-10
6.510816e-10
6.465034e-10
6.389211e-10
6.343889e-10
6.266570e-10
6.221812e-10
6.142905e-10
6.098834e-10
6.018232e-10
5.974988e-10
5.892573e-10
5.850324e-10
5.765974e-10
5.724928e-10
5.638530e-10
5.598981e-10
5.510497e-10
5.472920e-10
5.382523e-10
5.347870e-10
5.256413e-10
5.226830e-10
5.137027e-10
5.117874e-10
5.037583e-10
5.042869e-10
4.994034e-10
5.061179e-10
5.104119e-10
5.334073e-10
5.633559e-10
6.299793e-10
7.304704e-10
9.149486e-10
1.208117e-09
1.712087e-09
2.530073e-09
3.901475e-09
6.147309e-09
9.875402e-09
1.600399e-08
2.613675e-08
4.282148e-08
7.036215e-08
1.157435e-07
1.906016e-07
3.139910e-07
5.174683e-07
8.529084e-07
1.406005e-06
2.317861e-06
3.821312e-06
6.300019e-06
1.038676e-05
1.712451e-05
2.823308e-05
4.654738e-05
7.674121e-05
1.265183e-04
2.085762e-04
3.438373e-04
5.667653e-04
9.340943e-04
1.539128e-03
2.535062e-03
4.172749e-03
6.861127e-03
1.126196e-02
1.843316e-02
3.003202e-02
4.856821e-02
7.762954e-02
1.218530e-01
1.861840e-01
2.738852e-01
3.834338e-01
5.062500e-01
6.283165e-01
7.359456e-01
8.212737e-01
8.833971e-01
9.258760e-01
9.536909e-01
9.713908e-01
9.824501e-01
9.892814e-01
9.934713e-01
9.960300e-01
9.975883e-01
9.985358e-01
9.991114e-01
9.994609e-01
9.996729e-01
9.998016e-01
9.998797e-01
9.999270e-01
9.999557e-01
9.999731e-01
9.999837e-01
9.999901e-01
9.999940e-01
9.999964e-01
9.999978e-01
9.999987e-01
9.999992e-01
9.999995e-01
9.999997e-01
9.999998e-01
9.999999e-01
9.999999e-01
1.000000e+00
1.000000e+00
1.000000e+00
1.000000e+00
1.000000e+00
1.000000e+00
1.000000e+00
1.000000e+00
1.000000e+00
1.000000e+00
1.000000e+00
1.000000e+00
1.000000e+00
1.000000e+00
1.000000e+00
1.000000e+00
1.000000e+00
1.000000e+00
1.000000e+00
1.000000e+00
1.000000e+00
1.000000e+00
1.000000e+00
1.000000e+00
1.000000e+00
1.000000e+00
1.000000e+00
1.000000e+00
1.000000e+00
1.000000e+00
1.000000e+00
1.000000e+00
1.000000e+00
1.000000e+00
1.000000e+00
1.000000e+00
1.000000e+00
1.000000e+00
1.000000e+00
1.000000e+00
1.000000e+00
1.000000e+00
1.000000e+00
1.000000e+00
1.000000e+00
1.000000e+00
1.000000e+00
1.000000e+00
1.000000e+00
1.000000e+00
1.000000e+00
1.000000e+00
1.000000e+00
1.000000e+00
1.000000e+00
1.000000e+00
1.000000e+00
1.000000e+00
1.000000e+00
1.000000e+00
1.000000e+00
1.000000e+00
1.000000e+00
1.000000e+00
1.000000e+00
1.000000e+00
1.000000e+00
1.000000e+00
1.000000e+00
1.000000e+00
1.000000e+00
1.000000e+00
1.000000e+00
1.000000e+00
1.000000e+00
1.000000e+00
1.000000e+00
1.000000e+00
1.000000e+00
1.000000e+00
1.000000e+00
1.000000e+00
1.000000e+00
1.000000e+00
1.000000e+00
1.000000e+00
1.000000e+00
1.000000e+00
1.000000e+00
1.000000e+00
1.000000e+00
1.000000e+00
1.000000e+00
1.000000e+00
1.000000e+00
1.000000e+00
1.000000e+00
1.000000e+00
1.000000e+00
1.000000e+00
1.000000e+00
1.000000e+00
1.000000e+00
1.000000e+00
1.000000e+00
1.000000e+00
1.000000e+00
1.000000e+00
1.000000e+00
1.000000e+00
1.000000e+00
1.000000e+00
1.000000e+00
1.000000e+00
1.000000e+00
1.000000e+00
1.000000e+00
1.000000e+00
1.000000e+00
1.000000e+00
1.000000e+00
1.000000e+00
1.000000e+00
1.000000e+00
1.000000e+00
1.000000e+00
1.000000e+00
1.000000e+00
1.000000e+00
1.000000e+00
1.000000e+00
1.000000e+00
1.000000e+00
1.000000e+00
1.000000e+00
1.000000e+00
1.000000e+00
1.000000e+00
1.000000e+00
1.000000e+00
1.000000e+00
1.000000e+00
1.000000e+00
1.000000e+00
1.000000e+00
1.000000e+00
1.000000e+00
1.000000e+00
1.000000e+00
1.000000e+00
1.000000e+00
1.000000e+00
1.000000e+00
1.000000e+00
1.000000e+00
1.000000e+00
1.000000e+00
1.000000e+00
1.000000e+00
1.000000e+00
1.000000e+00
1.000000e+00
1.000000e+00
1.000000e+00
1.000000e+00
1.000000e+00
1.000000e+00
1.000000e+00
1.000000e+00
1.000000e+00
1.000000e+00
1.000000e+00
1.000000e+00
1.000000e+00
1.000000e+00
1.000000e+00
1.000000e+00
1.000000e+00
1.000000e+00
1.000000e+00
1.000000e+00
1.000000e+00
1.000000e+00
1.000000e+00
1.000000e+00
1.000000e+00
1.000000e+00
1.000000e+00
1.000000e+00
1.000000e+00
1.000000e+00
1.000000e+00
1.000000e+00
1.000000e+00
1.000000e+00
1.000000e+00
1.000000e+00
1.000000e+00
1.000000e+00
1.000000e+00
1.000000e+00
1.000000e+00
1.000000e+00
1.000000e+00
1.000000e+00
1.000000e+00
1.000000e+00
1.000000e+00
1.000000e+00
1.000000e+00
1.000000e+00
1.000000e+00
1.000000e+00
1.000000e+00
1.000000e+00
1.000000e+00
1.000000e+00
1.000000e+00
1.000000e+00
1.000000e+00
1.000000e+00
1.000000e+00
1.000000e+00
1.000000e+00
1.000000e+00
1.000000e+00
1.000000e+00
1.000000e+00
1.000000e+00
1.000000e+00
1.000000e+00
1.000000e+00
1.000000e+00
1.000000e+00
1.000000e+00
1.000000e+00
1.000000e+00
1.000000e+00
1.000000e+00
1.000000e+00
1.000000e+00
1.000000e+00
1.000000e+00
1.000000e+00
1.000000e+00
1.000000e+00
1.000000e+00
1.000000e+00
1.000000e+00
1.000000e+00
1.000000e+00
1.000000e+00
1.000000e+00
1.000000e+00
1.000000e+00
1.000000e+00
1.000000e+00
1.000000e+00
1.000000e+00
1.000000e+00
1.000000e+00
1.000000e+00
1.000000e+00
1.000000e+00
1.000000e+00
1.000000e+00
1.000000e+00
1.000000e+00
1.000000e+00
1.000000e+00
1.000000e+00
1.000000e+00
1.000000e+00
1.000000e+00
1.000000e+00
1.000000e+00
1.000000e+00
1.000000e+00
1.000000e+00
1.000000e+00
1.000000e+00
1.000000e+00
1.000000e+00
1.000000e+00
1.000000e+00
1.000000e+00
1.000000e+00
1.000000e+00
1.000000e+00
1.000000e+00
1.000000e+00
1.000000e+00
1.000000e+00
1.000000e+00
1.000000e+00
1.000000e+00
1.000000e+00
1.000000e+00
1.000000e+00
1.000000e+00
1.000000e+00
1.000000e+00
1.000000e+00
1.000000e+00
1.000000e+00
1.000000e+00
1.000000e+00
1.000000e+00
1.000000e+00
1.000000e+00
1.000000e+00
1.000000e+00
1.000000e+00
1.000000e+00
1.000000e+00
1.000000e+00
1.000000e+00
1.000000e+00
1.000000e+00
1.000000e+00
1.000000e+00
1.000000e+00
1.000000e+00
1.000000e+00
1.000000e+00
1.000000e+00
1.000000e+00
1.000000e+00
1.000000e+00
1.000000e+00
1.000000e+00
1.000000e+00
1.000000e+00
1.000000e+00
1.000000e+00
1.000000e+00
1.000000e+00
1.000000e+00
1.000000e+00
1.000000e+00
1.000000e+00
1.000000e+00
1.000000e+00
1.000000e+00
1.000000e+00
1.000000e+00
1.000000e+00
1.000000e+00
1.000000e+00
1.000000e+00
1.000000e+00
1.000000e+00
1.000000e+00
1.000000e+00
1.000000e+00
1.000000e+00
1.000000e+00
1.000000e+00
1.000000e+00
1.000000e+00
1.000000e+00
1.000000e+00
1.000000e+00
1.000000e+00
1.000000e+00
1.000000e+00
1.000000e+00
1.000000e+00
1.000000e+00
1.000000e+00
1.000000e+00
1.000000e+00
1.000000e+00
1.000000e+00
1.000000e+00
1.000000e+00
1.000000e+00
1.000000e+00
1.000000e+00
1.000000e+00
1.000000e+00
1.000000e+00
1.000000e+00
1.000000e+00
1.000000e+00
1.000000e+00
1.000000e+00
1.000000e+00
1.000000e+00
1.000000e+00
1.000000e+00
1.000000e+00
1.000000e+00
1.000000e+00
1.000000e+00
1.000000e+00
1.000000e+00
1.000000e+00
1.000000e+00
1.000000e+00
1.000000e+00
1.000000e+00
1.000000e+00
1.000000e+00
1.000000e+00
1.000000e+00
1.000000e+00
1.000000e+00
1.000000e+00
1.000000e+00
1.000000e+00
1.000000e+00
1.000000e+00
1.000000e+00
1.000000e+00
1.000000e+00
1.000000e+00
1.000000e+00
1.000000e+00
1.000000e+00
1.000000e+00
1.000000e+00
1.000000e+00
1.000000e+00
1.000000e+00
1.000000e+00
1.000000e+00
1.000000e+00
1.000000e+00
1.000000e+00
1.000000e+00
1.000000e+00
1.000000e+00
1.000000e+00
1.000000e+00
1.000000e+00
1.000000e+00
1.000000e+00
1.000000e+00
1.000000e+00
1.000000e+00
1.000000e+00
1.000000e+00
1.000000e+00
1.000000e+00
1.000000e+00
1.000000e+00
1.000000e+00
1.000000e+00
1.000000e+00
1.000000e+00
1.000000e+00
1.000000e+00
1.000000e+00
1.000000e+00
1.000000e+00
1.000000e+00
1.000000e+00
1.000000e+00
1.000000e+00
1.000000e+00
1.000000e+00
1.000000e+00
1.000000e+00
1.000000e+00
1.000000e+00
1.000000e+00
1.000000e+00
1.000000e+00
1.000000e+00
1.000000e+00
1.000000e+00
1.000000e+00
1.000000e+00
1.000000e+00
1.000000e+00
1.000000e+00
1.000000e+00
1.000000e+00
1.000000e+00
1.000000e+00
1.000000e+00
1.000000e+00
1.000000e+00
1.000000e+00
1.000000e+00
1.000000e+00
1.000000e+00
1.000000e+00
1.000000e+00
1.000000e+00
1.000000e+00
1.000000e+00
1.000000e+00
1.000000e+00
1.000000e+00
1.000000e+00
9.999999e-01
9.999999e-01
9.999998e-01
9.999997e-01
9.999995e-01
9.999992e-01
9.999987e-01
9.999978e-01
9.999964e-01
9.999940e-01
9.999901e-01
9.999837e-01
9.999731e-01
9.999557e-01
9.999270e-01
9.998797e-01
9.998016e-01
9.996729e-01
9.994609e-01
9.991114e-01
9.985358e-01
9.975883e-01
9.960300e-01
9.934713e-01
9.892814e-01
9.824501e-01
9.713908e-01
9.536909e-01
9.258760e-01
8.833971e-01
8.212737e-01
7.359456e-01
6.283165e-01
5.062500e-01
3.834338e-01
2.738852e-01
1.861840e-01
1.218530e-01
7.762954e-02
4.856821e-02
3.003202e-02
1.843316e-02
1.126196e-02
6.861127e-03
4.172749e-03
2.535062e-03
1.539128e-03
9.340943e-04
5.667653e-04
3.438373e-04
2.085762e-04
1.265183e-04
7.674121e-05
4.654738e-05
2.823308e-05
1.712451e-05
1.038676e-05
6.300019e-06
3.821312e-06
2.317861e-06
1.406005e-06
8.529085e-07
5.174684e-07
3.139910e-07
1.906016e-07
1.157435e-07
7.036218e-08
4.282151e-08
2.613678e-08
1.600402e-08
9.875436e-09
6.147344e-09
3.901512e-09
2.530112e-09
1.712126e-09
1.208158e-09
9.149907e-10
7.305139e-10
6.300240e-10
5.634015e-10
5.334543e-10
5.104602e-10
5.061673e-10
4.994535e-10
5.043381e-10
5.038103e-10
5.118403e-10
5.137566e-10
5.227380e-10
5.256972e-10
5.348438e-10
5.383099e-10
5.473502e-10
5.511086e-10
5.599582e-10
5.639140e-10
5.725543e-10
5.766599e-10
5.850957e-10
5.893216e-10
5.975638e-10
6.018890e-10
6.099503e-10
6.143580e-10
6.222494e-10
6.267261e-10
6.344583e-10
6.389912e-10
6.465738e-10
6.511525e-10
6.585935e-10
6.632082e-10
6.705145e-10
6.751567e-10
6.823347e-10
6.869961e-10
6.940512e-10
6.987254e-10
7.056625e-10
7.103428e-10
7.171656e-10
7.218462e-10
7.285589e-10
7.332344e-10
7.398397e-10
7.445055e-10
7.510067e-10
7.556580e-10
7.620575e-10
7.666907e-10
7.729903e-10
7.776009e-10
7.838029e-10
7.883876e-10
7.944936e-10
7.990488e-10
8.050601e-10
8.095832e-10
8.155009e-10
8.199885e-10
8.258141e-10
8.302640e-10
8.359984e-10
8.404076e-10
8.460515e-10
8.504181e-10
8.559720e-10
8.602932e-10
8.657581e-10
8.700319e-10
8.754084e-10
8.796328e-10
8.849210e-10
8.890940e-10
8.942941e-10
8.984137e-10
9.035260e-10
9.075908e-10
9.126159e-10
9.166238e-10
9.215617e-10
9.255114e-10
9.303619e-10
9.342521e-10
9.390155e-10
9.428440e-10
9.475203e-10
9.512862e-10
9.558748e-10
9.595768e-10
9.640778e-10
9.677141e-10
9.721278e-10
9.756972e-10
9.800235e-10
9.835250e-10
9.877634e-10
9.911960e-10
9.953464e-10
9.987084e-10
1.002771e-09
1.006062e-09
1.010036e-09
1.013255e-09
1.017141e-09
1.020285e-09
1.024083e-09
1.027153e-09
1.030861e-09
1.033857e-09
1.037476e-09
1.040396e-09
1.043926e-09
1.046768e-09
1.050209e-09
1.052973e-09
1.056324e-09
1.059010e-09
1.062271e-09
1.064877e-09
1.068048e-09
1.070575e-09
1.073655e-09
1.076100e-09
1.079090e-09
1.081454e-09
1.084353e-09
1.086634e-09
1.089442e-09
1.091641e-09
1.094357e-09
1.096472e-09
1.099098e-09
1.101128e-09
1.103662e-09
1.105608e-09
1.108050e-09
1.109910e-09
1.112261e-09
1.114035e-09
1.116293e-09
1.117981e-09
1.120147e-09
1.121748e-09
1.123821e-09
1.125335e-09
1.127316e-09
1.128742e-09
1.130631e-09
1.131968e-09
1.133764e-09
1.135013e-09
1.136716e-09
1.137876e-09
1.139485e-09
1.140556e-09
1.142072e-09
1.143053e-09
1.144477e-09
1.145367e-09
1.146697e-09
1.147498e-09
1.148734e-09
1.149444e-09
1.150587e-09
1.151205e-09
1.152255e-09
1.152782e-09
1.153739e-09
1.154174e-09
1.155037e-09
1.155381e-09
1.156150e-09
1.156402e-09
1.157078e-09
1.157237e-09
1.157820e-09
1.157887e-09
1.158377e-09
1.158351e-09
1.158748e-09
1.158629e-09
1.158933e-09
