9.873111e-10
9.875247e-10
9.872314e-10
9.873664e-10
9.869942e-10
9.870509e-10
9.865999e-10
9.865783e-10
9.860484e-10
9.859488e-10
9.853397e-10
9.851627e-10
9.844744e-10
9.842194e-10
9.834524e-10
9.831197e-10
9.822737e-10
9.818634e-10
9.809383e-10
9.804515e-10
9.794467e-10
9.788831e-10
9.777994e-10
9.771590e-10
9.759964e-10
9.752792e-10
9.740375e-10
9.732449e-10
9.719241e-10
9.710556e-10
9.696554e-10
9.687118e-10
9.672325e-10
9.662134e-10
9.646555e-10
9.635616e-10
9.619247e-10
9.607565e-10
9.590408e-10
9.577988e-10
9.560043e-10
9.546888e-10
9.528155e-10
9.514269e-10
9.494749e-10
9.480136e-10
9.459832e-10
9.444495e-10
9.423408e-10
9.407351e-10
9.385482e-10
9.368714e-10
9.346062e-10
9.328586e-10
9.305154e-10
9.286976e-10
9.262764e-10
9.243889e-10
9.218902e-10
9.199335e-10
9.173573e-10
9.153322e-10
9.126781e-10
9.105854e-10
9.078542e-10
9.056939e-10
9.028854e-10
9.006586e-10
8.977731e-10
8.954803e-10
8.925181e-10
8.901603e-10
8.871210e-10
8.846988e-10
8.815829e-10
8.790976e-10
8.759050e-10
8.733566e-10
8.700879e-10
8.674771e-10
8.641324e-10
8.614608e-10
8.580396e-10
8.553080e-10
8.518107e-10
8.490196e-10
8.454464e-10
8.425973e-10
8.389479e-10
8.360415e-10
8.323165e-10
8.293540e-10
8.255533e-10
8.225357e-10
8.186590e-10
8.155877e-10
8.116349e-10
8.085106e-10
8.044821e-10
8.013065e-10
7.972020e-10
7.939761e-10
7.897957e-10
7.865212e-10
7.822646e-10
7.789430e-10
7.746099e-10
7.712427e-10
7.668330e-10
7.634214e-10
7.589350e-10
7.554807e-10
7.509169e-10
7.474220e-10
7.427804e-10
7.392469e-10
7.345269e-10
7.309560e-10
7.261571e-10
7.225514e-10
7.176729e-10
7.140342e-10
7.090753e-10
7.054061e-10
7.003659e-10
6.966684e-10
6.915455e-10
6.878227e-10
6.826164e-10
6.788705e-10
6.735791e-10
6.698133e-10
6.644352e-10
6.606530e-10
6.551866e-10
6.513913e-10
6.458344e-10
6.420297e-10
6.363797e-10
6.325698e-10
6.268245e-10
6.230131e-10
6.171697e-10
6.133621e-10
6.074170e-10
6.036183e-10
5.975674e-10
5.937836e-10
5.876228e-10
5.838598e-10
5.775845e-10
5.738490e-10
5.674536e-10
5.637533e-10
5.572312e-10
5.535753e-10
5.469191e-10
5.433163e-10
5.365178e-10
5.329790e-10
5.260291e-10
5.225659e-10
5.154536e-10
5.120803e-10
5.047936e-10
5.015266e-10
4.940531e-10
4.909131e-10
4.832415e-10
4.802578e-10
4.723833e-10
4.696036e-10
4.615446e-10
4.590629e-10
4.509041e-10
4.489354e-10
4.409477e-10
4.400276e-10
4.329972e-10
4.345268e-10
4.306473e-10
4.383687e-10
4.436720e-10
4.676793e-10
4.986427e-10
5.662832e-10
6.677940e-10
8.532944e-10
1.147488e-09
1.652484e-09
2.471500e-09
3.843933e-09
6.090800e-09
9.819929e-09
1.594955e-08
2.608335e-08
4.276912e-08
7.031083e-08
1.156932e-07
1.905524e-07
3.139428e-07
5.174212e-07
8.528623e-07
1.405960e-06
2.317816e-06
3.821269e-06
6.299976e-06
1.038672e-05
1.712447e-05
2.823304e-05
4.654734e-05
7.674116e-05
1.265183e-04
2.085762e-04
3.438372e-04
5.667652e-04
9.340941e-04
1.539128e-03
2.535062e-03
4.172748e-03
6.861126e-03
1.126196e-02
1.843316e-02
3.003202e-02
4.856820e-02
7.762954e-02
1.218530e-01
1.861840e-01
2.738852e-01
3.834337e-01
5.062499e-01
6.283164e-01
7.359456e-01
8.212737e-01
8.833971e-01
9.258760e-01
9.536909e-01
9.713908e-01
9.824501e-01
9.892814e-01
9.934713e-01
9.960300e-01
9.975883e-01
9.985358e-01
9.991114e-01
9.994609e-01
9.996729e-01
9.998016e-01
9.998797e-01
9.999270e-01
9.999557e-01
9.999731e-01
9.999837e-01
9.999901e-01
9.999940e-01
9.999964e-01
9.999978e-01
9.999987e-01
9.999992e-01
9.999995e-01
9.999997e-01
9.999998e-01
9.999999e-01
9.999999e-01
1.000000e+00
1.000000e+00
1.000000e+00
1.000000e+00
1.000000e+00
1.000000e+00
1.000000e+00
1.000000e+00
1.000000e+00
1.000000e+00
1.000000e+00
1.000000e+00
1.000000e+00
1.000000e+00
1.000000e+00
1.000000e+00
1.000000e+00
1.000000e+00
1.000000e+00
1.000000e+00
1.000000e+00
1.000000e+00
1.000000e+00
1.000000e+00
1.000000e+00
1.000000e+00
1.000000e+00
1.000000e+00
1.000000e+00
1.000000e+00
1.000000e+00
1.000000e+00
1.000000e+00
1.000000e+00
1.000000e+00
1.000000e+00
1.000000e+00
1.000000e+00
1.000000e+00
1.000000e+00
1.000000e+00
1.000000e+00
1.000000e+00
1.000000e+00
1.000000e+00
1.000000e+00
1.000000e+00
1.000000e+00
1.000000e+00
1.000000e+00
1.000000e+00
1.000000e+00
1.000000e+00
1.000000e+00
1.000000e+00
1.000000e+00
1.000000e+00
1.000000e+00
1.000000e+00
1.000000e+00
1.000000e+00
1.000000e+00
1.000000e+00
1.000000e+00
1.000000e+00
1.000000e+00
1.000000e+00
1.000000e+00
1.000000e+00
1.000000e+00
1.000000e+00
1.000000e+00
1.000000e+00
1.000000e+00
1.000000e+00
1.000000e+00
1.000000e+00
1.000000e+00
1.000000e+00
1.000000e+00
1.000000e+00
1.000000e+00
1.000000e+00
1.000000e+00
1.000000e+00
1.000000e+00
1.000000e+00
1.000000e+00
1.000000e+00
1.000000e+00
1.000000e+00
1.000000e+00
1.000000e+00
1.000000e+00
1.000000e+00
1.000000e+00
1.000000e+00
1.000000e+00
1.000000e+00
1.000000e+00
1.000000e+00
1.000000e+00
1.000000e+00
1.000000e+00
1.000000e+00
1.000000e+00
1.000000e+00
1.000000e+00
1.000000e+00
1.000000e+00
1.000000e+00
1.000000e+00
1.000000e+00
1.000000e+00
1.000000e+00
1.000000e+00
1.000000e+00
1.000000e+00
1.000000e+00
1.000000e+00
1.000000e+00
1.000000e+00
1.000000e+00
1.000000e+00
1.000000e+00
1.000000e+00
1.000000e+00
1.000000e+00
1.000000e+00
1.000000e+00
1.000000e+00
1.000000e+00
1.000000e+00
1.000000e+00
1.000000e+00
1.000000e+00
1.000000e+00
1.000000e+00
1.000000e+00
1.000000e+00
1.000000e+00
1.000000e+00
1.000000e+00
1.000000e+00
1.000000e+00
1.000000e+00
1.000000e+00
1.000000e+00
1.000000e+00
1.000000e+00
1.000000e+00
1.000000e+00
1.000000e+00
1.000000e+00
1.000000e+00
1.000000e+00
1.000000e+00
1.000000e+00
1.000000e+00
1.000000e+00
1.000000e+00
1.000000e+00
1.000000e+00
1.000000e+00
1.000000e+00
1.000000e+00
1.000000e+00
1.000000e+00
1.000000e+00
1.000000e+00
1.000000e+00
1.000000e+00
1.000000e+00
1.000000e+00
1.000000e+00
1.000000e+00
1.000000e+00
1.000000e+00
1.000000e+00
1.000000e+00
1.000000e+00
1.000000e+00
1.000000e+00
1.000000e+00
1.000000e+00
1.000000e+00
1.000000e+00
1.000000e+00
1.000000e+00
1.000000e+00
1.000000e+00
1.000000e+00
1.000000e+00
1.000000e+00
1.000000e+00
1.000000e+00
1.000000e+00
1.000000e+00
1.000000e+00
1.000000e+00
1.000000e+00
1.000000e+00
1.000000e+00
1.000000e+00
1.000000e+00
1.000000e+00
1.000000e+00
1.000000e+00
1.000000e+00
1.000000e+00
1.000000e+00
1.000000e+00
1.000000e+00
1.000000e+00
1.000000e+00
1.000000e+00
1.000000e+00
1.000000e+00
1.000000e+00
1.000000e+00
1.000000e+00
1.000000e+00
1.000000e+00
1.000000e+00
1.000000e+00
1.000000e+00
1.000000e+00
1.000000e+00
1.000000e+00
1.000000e+00
1.000000e+00
1.000000e+00
1.000000e+00
1.000000e+00
1.000000e+00
1.000000e+00
1.000000e+00
1.000000e+00
1.000000e+00
1.000000e+00
1.000000e+00
1.000000e+00
1.000000e+00
1.000000e+00
1.000000e+00
1.000000e+00
1.000000e+00
1.000000e+00
1.000000e+00
1.000000e+00
1.000000e+00
1.000000e+00
1.000000e+00
1.000000e+00
1.000000e+00
1.000000e+00
1.000000e+00
1.000000e+00
1.000000e+00
1.000000e+00
1.000000e+00
1.000000e+00
1.000000e+00
1.000000e+00
1.000000e+00
1.000000e+00
1.000000e+00
1.000000e+00
1.000000e+00
1.000000e+00
1.000000e+00
1.000000e+00
1.000000e+00
1.000000e+00
1.000000e+00
1.000000e+00
1.000000e+00
1.000000e+00
1.000000e+00
1.000000e+00
1.000000e+00
1.000000e+00
1.000000e+00
1.000000e+00
1.000000e+00
1.000000e+00
1.000000e+00
1.000000e+00
1.000000e+00
1.000000e+00
1.000000e+00
1.000000e+00
1.000000e+00
1.000000e+00
1.000000e+00
1.000000e+00
1.000000e+00
1.000000e+00
1.000000e+00
1.000000e+00
1.000000e+00
1.000000e+00
1.000000e+00
1.000000e+00
1.000000e+00
1.000000e+00
1.000000e+00
1.000000e+00
1.000000e+00
1.000000e+00
1.000000e+00
1.000000e+00
1.000000e+00
1.000000e+00
1.000000e+00
1.000000e+00
1.000000e+00
1.000000e+00
1.000000e+00
1.000000e+00
1.000000e+00
1.000000e+00
1.000000e+00
1.000000e+00
1.000000e+00
1.000000e+00
1.000000e+00
1.000000e+00
1.000000e+00
1.000000e+00
1.000000e+00
1.000000e+00
1.000000e+00
1.000000e+00
1.000000e+00
1.000000e+00
1.000000e+00
1.000000e+00
1.000000e+00
1.000000e+00
1.000000e+00
1.000000e+00
1.000000e+00
1.000000e+00
1.000000e+00
1.000000e+00
1.000000e+00
1.000000e+00
1.000000e+00
1.000000e+00
1.000000e+00
1.000000e+00
1.000000e+00
1.000000e+00
1.000000e+00
1.000000e+00
1.000000e+00
1.000000e+00
1.000000e+00
1.000000e+00
1.000000e+00
1.000000e+00
1.000000e+00
1.000000e+00
1.000000e+00
1.000000e+00
1.000000e+00
1.000000e+00
1.000000e+00
1.000000e+00
1.000000e+00
1.000000e+00
1.000000e+00
1.000000e+00
1.000000e+00
1.000000e+00
1.000000e+00
1.000000e+00
1.000000e+00
1.000000e+00
1.000000e+00
1.000000e+00
1.000000e+00
1.000000e+00
1.000000e+00
1.000000e+00
1.000000e+00
1.000000e+00
1.000000e+00
1.000000e+00
1.000000e+00
1.000000e+00
1.000000e+00
1.000000e+00
1.000000e+00
1.000000e+00
1.000000e+00
1.000000e+00
1.000000e+00
1.000000e+00
1.000000e+00
1.000000e+00
1.000000e+00
1.000000e+00
1.000000e+00
1.000000e+00
1.000000e+00
1.000000e+00
1.000000e+00
1.000000e+00
1.000000e+00
1.000000e+00
1.000000e+00
1.000000e+00
1.000000e+00
1.000000e+00
1.000000e+00
1.000000e+00
1.000000e+00
1.000000e+00
1.000000e+00
1.000000e+00
1.000000e+00
1.000000e+00
1.000000e+00
1.000000e+00
1.000000e+00
1.000000e+00
1.000000e+00
1.000000e+00
1.000000e+00
1.000000e+00
1.000000e+00
1.000000e+00
1.000000e+00
1.000000e+00
1.000000e+00
1.000000e+00
1.000000e+00
1.000000e+00
1.000000e+00
1.000000e+00
1.000000e+00
1.000000e+00
1.000000e+00
1.000000e+00
1.000000e+00
1.000000e+00
1.000000e+00
1.000000e+00
1.000000e+00
1.000000e+00
1.000000e+00
1.000000e+00
1.000000e+00
1.000000e+00
1.000000e+00
1.000000e+00
1.000000e+00
1.000000e+00
1.000000e+00
1.000000e+00
1.000000e+00
1.000000e+00
1.000000e+00
1.000000e+00
1.000000e+00
1.000000e+00
1.000000e+00
1.000000e+00
1.000000e+00
1.000000e+00
1.000000e+00
1.000000e+00
1.000000e+00
1.000000e+00
1.000000e+00
1.000000e+00
1.000000e+00
1.000000e+00
1.000000e+00
1.000000e+00
1.000000e+00
1.000000e+00
1.000000e+00
1.000000e+00
1.000000e+00
1.000000e+00
1.000000e+00
1.000000e+00
1.000000e+00
1.000000e+00
1.000000e+00
1.000000e+00
1.000000e+00
1.000000e+00
1.000000e+00
9.999999e-01
9.999999e-01
9.999998e-01
9.999997e-01
9.999995e-01
9.999992e-01
9.999987e-01
9.999978e-01
9.999964e-01
9.999940e-01
9.999901e-01
9.999837e-01
9.999731e-01
9.999557e-01
9.999270e-01
9.998797e-01
9.998016e-01
9.996729e-01
9.994609e-01
9.991114e-01
9.985358e-01
9.975883e-01
9.960300e-01
9.934713e-01
9.892814e-01
9.824501e-01
9.713908e-01
9.536909e-01
9.258760e-01
8.833971e-01
8.212737e-01
7.359456e-01
6.283164e-01
5.062499e-01
3.834337e-01
2.738852e-01
1.861840e-01
1.218530e-01
7.762954e-02
4.856820e-02
3.003202e-02
1.843316e-02
1.126196e-02
6.861126e-03
4.172748e-03
2.535062e-03
1.539128e-03
9.340941e-04
5.667652e-04
3.438372e-04
2.085762e-04
1.265183e-04
7.674116e-05
4.654734e-05
2.823304e-05
1.712447e-05
1.038672e-05
6.299976e-06
3.821269e-06
2.317816e-06
1.405960e-06
8.528623e-07
5.174212e-07
3.139428e-07
1.905524e-07
1.156933e-07
7.031086e-08
4.276915e-08
2.608338e-08
1.594958e-08
9.819962e-09
6.090835e-09
3.843969e-09
2.471538e-09
1.652523e-09
1.147528e-09
8.533365e-10
6.678376e-10
5.663278e-10
4.986885e-10
4.677264e-10
4.437202e-10
4.384185e-10
4.306979e-10
4.345784e-10
4.330497e-10
4.400810e-10
4.410021e-10
4.489905e-10
4.509600e-10
4.591199e-10
4.616025e-10
4.696621e-10
4.724429e-10
4.803181e-10
4.833027e-10
4.909749e-10
4.941158e-10
5.015902e-10
5.048580e-10
5.121455e-10
5.155195e-10
5.226325e-10
5.260963e-10
5.330470e-10
5.365866e-10
5.433856e-10
5.469888e-10
5.536451e-10
5.573017e-10
5.638242e-10
5.675242e-10
5.739200e-10
5.776551e-10
5.839305e-10
5.876931e-10
5.938532e-10
5.976367e-10
6.036868e-10
6.074846e-10
6.134290e-10
6.172357e-10
6.230785e-10
6.268887e-10
6.326328e-10
6.364417e-10
6.420905e-10
6.458939e-10
6.514496e-10
6.552437e-10
6.607091e-10
6.644899e-10
6.698666e-10
6.736304e-10
6.789205e-10
6.826647e-10
6.878695e-10
6.915910e-10
6.967120e-10
7.004078e-10
7.054465e-10
7.091144e-10
7.140716e-10
7.177088e-10
7.225858e-10
7.261900e-10
7.309878e-10
7.345570e-10
7.392755e-10
7.428080e-10
7.474480e-10
7.509416e-10
7.555039e-10
7.589565e-10
7.634420e-10
7.668520e-10
7.712604e-10
7.746265e-10
7.789584e-10
7.822790e-10
7.865342e-10
7.898077e-10
7.939873e-10
7.972122e-10
8.013156e-10
8.044902e-10
8.085182e-10
8.116415e-10
8.155932e-10
8.186642e-10
8.225400e-10
8.255568e-10
8.293571e-10
8.323191e-10
8.360435e-10
8.389494e-10
8.425980e-10
8.454466e-10
8.490196e-10
8.518098e-10
8.553067e-10
8.580379e-10
8.614588e-10
8.641300e-10
8.674744e-10
8.700847e-10
8.733531e-10
8.759011e-10
8.790932e-10
8.815788e-10
8.846944e-10
8.871163e-10
8.901554e-10
8.925131e-10
8.954756e-10
8.977684e-10
9.006538e-10
9.028805e-10
9.056894e-10
9.078498e-10
9.105812e-10
9.126743e-10
9.153283e-10
9.173537e-10
9.199301e-10
9.218873e-10
9.243862e-10
9.262742e-10
9.286955e-10
9.305136e-10
9.328575e-10
9.346051e-10
9.368707e-10
9.385478e-10
9.407349e-10
9.423410e-10
9.444499e-10
9.459838e-10
9.480146e-10
9.494763e-10
9.514284e-10
9.528177e-10
9.546914e-10
9.560072e-10
9.578020e-10
9.590445e-10
9.607607e-10
9.619295e-10
9.635668e-10
9.646609e-10
9.662195e-10
9.672390e-10
9.687185e-10
9.696628e-10
9.710632e-10
9.719321e-10
9.732533e-10
9.740464e-10
9.752885e-10
9.760054e-10
9.771686e-10
9.778091e-10
9.788931e-10
9.794568e-10
9.804613e-10
9.809483e-10
9.818734e-10
9.822833e-10
9.831291e-10
9.834615e-10
9.842286e-10
9.844831e-10
9.851707e-10
9.853475e-10
9.859562e-10
9.860551e-10
9.865844e-10
9.866052e-10
9.870557e-10
9.869981e-10
9.873696e-10
9.872332e-10
9.875259e-10
