7.189025e-10
7.191214e-10
7.188447e-10
7.190075e-10
7.186736e-10
7.187804e-10
7.183901e-10
7.184407e-10
7.179935e-10
7.179879e-10
7.174840e-10
7.174225e-10
7.168615e-10
7.167443e-10
7.161266e-10
7.159539e-10
7.152788e-10
7.150507e-10
7.143189e-10
7.140361e-10
7.132465e-10
7.129088e-10
7.120621e-10
7.116697e-10
7.107659e-10
7.103188e-10
7.093580e-10
7.088570e-10
7.078385e-10
7.072831e-10
7.062077e-10
7.055990e-10
7.044657e-10
7.038031e-10
7.026128e-10
7.018975e-10
7.006493e-10
6.998812e-10
6.985761e-10
6.977556e-10
6.963931e-10
6.955201e-10
6.941005e-10
6.931757e-10
6.916981e-10
6.907221e-10
6.891878e-10
6.881606e-10
6.865691e-10
6.854912e-10
6.838421e-10
6.827139e-10
6.810076e-10
6.798293e-10
6.780661e-10
6.768385e-10
6.750179e-10
6.737412e-10
6.718638e-10
6.705387e-10
6.686042e-10
6.672311e-10
6.652397e-10
6.638190e-10
6.617704e-10
6.603026e-10
6.581971e-10
6.566830e-10
6.545200e-10
6.529605e-10
6.507406e-10
6.491356e-10
6.468590e-10
6.452093e-10
6.428760e-10
6.411821e-10
6.387912e-10
6.370544e-10
6.346070e-10
6.328271e-10
6.303227e-10
6.285013e-10
6.259397e-10
6.240773e-10
6.214585e-10
6.195558e-10
6.168799e-10
6.149375e-10
6.122047e-10
6.102238e-10
6.074337e-10
6.054151e-10
6.025673e-10
6.005117e-10
5.976065e-10
5.955154e-10
5.925518e-10
5.904258e-10
5.874047e-10
5.852451e-10
5.821651e-10
5.799734e-10
5.768350e-10
5.746119e-10
5.714150e-10
5.691617e-10
5.659058e-10
5.636236e-10
5.603077e-10
5.579985e-10
5.546230e-10
5.522877e-10
5.488512e-10
5.464918e-10
5.429941e-10
5.406122e-10
5.370522e-10
5.346493e-10
5.310267e-10
5.286048e-10
5.249181e-10
5.224788e-10
5.187278e-10
5.162735e-10
5.124561e-10
5.099891e-10
5.061046e-10
5.036271e-10
4.996740e-10
4.971884e-10
4.931650e-10
4.906743e-10
4.865784e-10
4.840861e-10
4.799163e-10
4.774249e-10
4.731788e-10
4.706918e-10
4.663669e-10
4.638882e-10
4.594814e-10
4.570151e-10
4.525239e-10
4.500746e-10
4.454947e-10
4.430673e-10
4.383951e-10
4.359955e-10
4.312257e-10
4.288599e-10
4.239881e-10
4.216623e-10
4.166823e-10
4.144039e-10
4.093096e-10
4.070872e-10
4.018705e-10
3.997128e-10
3.943658e-10
3.922838e-10
3.867959e-10
3.848006e-10
3.791618e-10
3.772675e-10
3.714647e-10
3.696875e-10
3.637087e-10
3.620688e-10
3.559023e-10
3.544287e-10
3.480696e-10
3.468098e-10
3.402755e-10
3.393236e-10
3.326994e-10
3.322699e-10
3.258262e-10
3.264544e-10
3.209769e-10
3.240637e-10
3.217457e-10
3.310329e-10
3.379064e-10
3.634878e-10
3.960296e-10
4.652522e-10
5.683495e-10
7.554400e-10
1.051227e-09
1.557821e-09
2.378439e-09
3.752476e-09
6.000952e-09
9.731691e-09
1.586293e-08
2.599835e-08
4.268573e-08
7.022906e-08
1.156131e-07
1.904738e-07
3.138659e-07
5.173458e-07
8.527885e-07
1.405888e-06
2.317746e-06
3.821199e-06
6.299908e-06
1.038665e-05
1.712440e-05
2.823297e-05
4.654727e-05
7.674109e-05
1.265182e-04
2.085760e-04
3.438370e-04
5.667650e-04
9.340939e-04
1.539128e-03
2.535061e-03
4.172747e-03
6.861124e-03
1.126196e-02
1.843315e-02
3.003201e-02
4.856819e-02
7.762952e-02
1.218529e-01
1.861839e-01
2.738852e-01
3.834337e-01
5.062499e-01
6.283164e-01
7.359455e-01
8.212737e-01
8.833971e-01
9.258760e-01
9.536909e-01
9.713908e-01
9.824501e-01
9.892814e-01
9.934713e-01
9.960300e-01
9.975883e-01
9.985358e-01
9.991114e-01
9.994609e-01
9.996729e-01
9.998016e-01
9.998797e-01
9.999270e-01
9.999557e-01
9.999731e-01
9.999837e-01
9.999901e-01
9.999940e-01
9.999964e-01
9.999978e-01
9.999987e-01
9.999992e-01
9.999995e-01
9.999997e-01
9.999998e-01
9.999999e-01
9.999999e-01
1.000000e+00
1.000000e+00
1.000000e+00
1.000000e+00
1.000000e+00
1.000000e+00
1.000000e+00
1.000000e+00
1.000000e+00
1.000000e+00
1.000000e+00
1.000000e+00
1.000000e+00
1.000000e+00
1.000000e+00
1.000000e+00
1.000000e+00
1.000000e+00
1.000000e+00
1.000000e+00
1.000000e+00
1.000000e+00
1.000000e+00
1.000000e+00
1.000000e+00
1.000000e+00
1.000000e+00
1.000000e+00
1.000000e+00
1.000000e+00
1.000000e+00
1.000000e+00
1.000000e+00
1.000000e+00
1.000000e+00
1.000000e+00
1.000000e+00
1.000000e+00
1.000000e+00
1.000000e+00
1.000000e+00
1.000000e+00
1.000000e+00
1.000000e+00
1.000000e+00
1.000000e+00
1.000000e+00
1.000000e+00
1.000000e+00
1.000000e+00
1.000000e+00
1.000000e+00
1.000000e+00
1.000000e+00
1.000000e+00
1.000000e+00
1.000000e+00
1.000000e+00
1.000000e+00
1.000000e+00
1.000000e+00
1.000000e+00
1.000000e+00
1.000000e+00
1.000000e+00
1.000000e+00
1.000000e+00
1.000000e+00
1.000000e+00
1.000000e+00
1.000000e+00
1.000000e+00
1.000000e+00
1.000000e+00
1.000000e+00
1.000000e+00
1.000000e+00
1.000000e+00
1.000000e+00
1.000000e+00
1.000000e+00
1.000000e+00
1.000000e+00
1.000000e+00
1.000000e+00
1.000000e+00
1.000000e+00
1.000000e+00
1.000000e+00
1.000000e+00
1.000000e+00
1.000000e+00
1.000000e+00
1.000000e+00
1.000000e+00
1.000000e+00
1.000000e+00
1.000000e+00
1.000000e+00
1.000000e+00
1.000000e+00
1.000000e+00
1.000000e+00
1.000000e+00
1.000000e+00
1.000000e+00
1.000000e+00
1.000000e+00
1.000000e+00
1.000000e+00
1.000000e+00
1.000000e+00
1.000000e+00
1.000000e+00
1.000000e+00
1.000000e+00
1.000000e+00
1.000000e+00
1.000000e+00
1.000000e+00
1.000000e+00
1.000000e+00
1.000000e+00
1.000000e+00
1.000000e+00
1.000000e+00
1.000000e+00
1.000000e+00
1.000000e+00
1.000000e+00
1.000000e+00
1.000000e+00
1.000000e+00
1.000000e+00
1.000000e+00
1.000000e+00
1.000000e+00
1.000000e+00
1.000000e+00
1.000000e+00
1.000000e+00
1.000000e+00
1.000000e+00
1.000000e+00
1.000000e+00
1.000000e+00
1.000000e+00
1.000000e+00
1.000000e+00
1.000000e+00
1.000000e+00
1.000000e+00
1.000000e+00
1.000000e+00
1.000000e+00
1.000000e+00
1.000000e+00
1.000000e+00
1.000000e+00
1.000000e+00
1.000000e+00
1.000000e+00
1.000000e+00
1.000000e+00
1.000000e+00
1.000000e+00
1.000000e+00
1.000000e+00
1.000000e+00
1.000000e+00
1.000000e+00
1.000000e+00
1.000000e+00
1.000000e+00
1.000000e+00
1.000000e+00
1.000000e+00
1.000000e+00
1.000000e+00
1.000000e+00
1.000000e+00
1.000000e+00
1.000000e+00
1.000000e+00
1.000000e+00
1.000000e+00
1.000000e+00
1.000000e+00
1.000000e+00
1.000000e+00
1.000000e+00
1.000000e+00
1.000000e+00
1.000000e+00
1.000000e+00
1.000000e+00
1.000000e+00
1.000000e+00
1.000000e+00
1.000000e+00
1.000000e+00
1.000000e+00
1.000000e+00
1.000000e+00
1.000000e+00
1.000000e+00
1.000000e+00
1.000000e+00
1.000000e+00
1.000000e+00
1.000000e+00
1.000000e+00
1.000000e+00
1.000000e+00
1.000000e+00
1.000000e+00
1.000000e+00
1.000000e+00
1.000000e+00
1.000000e+00
1.000000e+00
1.000000e+00
1.000000e+00
1.000000e+00
1.000000e+00
1.000000e+00
1.000000e+00
1.000000e+00
1.000000e+00
1.000000e+00
1.000000e+00
1.000000e+00
1.000000e+00
1.000000e+00
1.000000e+00
1.000000e+00
1.000000e+00
1.000000e+00
1.000000e+00
1.000000e+00
1.000000e+00
1.000000e+00
1.000000e+00
1.000000e+00
1.000000e+00
1.000000e+00
1.000000e+00
1.000000e+00
1.000000e+00
1.000000e+00
1.000000e+00
1.000000e+00
1.000000e+00
1.000000e+00
1.000000e+00
1.000000e+00
1.000000e+00
1.000000e+00
1.000000e+00
1.000000e+00
1.000000e+00
1.000000e+00
1.000000e+00
1.000000e+00
1.000000e+00
1.000000e+00
1.000000e+00
1.000000e+00
1.000000e+00
1.000000e+00
1.000000e+00
1.000000e+00
1.000000e+00
1.000000e+00
1.000000e+00
1.000000e+00
1.000000e+00
1.000000e+00
1.000000e+00
1.000000e+00
1.000000e+00
1.000000e+00
1.000000e+00
1.000000e+00
1.000000e+00
1.000000e+00
1.000000e+00
1.000000e+00
1.000000e+00
1.000000e+00
1.000000e+00
1.000000e+00
1.000000e+00
1.000000e+00
1.000000e+00
1.000000e+00
1.000000e+00
1.000000e+00
1.000000e+00
1.000000e+00
1.000000e+00
1.000000e+00
1.000000e+00
1.000000e+00
1.000000e+00
1.000000e+00
1.000000e+00
1.000000e+00
1.000000e+00
1.000000e+00
1.000000e+00
1.000000e+00
1.000000e+00
1.000000e+00
1.000000e+00
1.000000e+00
1.000000e+00
1.000000e+00
1.000000e+00
1.000000e+00
1.000000e+00
1.000000e+00
1.000000e+00
1.000000e+00
1.000000e+00
1.000000e+00
1.000000e+00
1.000000e+00
1.000000e+00
1.000000e+00
1.000000e+00
1.000000e+00
1.000000e+00
1.000000e+00
1.000000e+00
1.000000e+00
1.000000e+00
1.000000e+00
1.000000e+00
1.000000e+00
1.000000e+00
1.000000e+00
1.000000e+00
1.000000e+00
1.000000e+00
1.000000e+00
1.000000e+00
1.000000e+00
1.000000e+00
1.000000e+00
1.000000e+00
1.000000e+00
1.000000e+00
1.000000e+00
1.000000e+00
1.000000e+00
1.000000e+00
1.000000e+00
1.000000e+00
1.000000e+00
1.000000e+00
1.000000e+00
1.000000e+00
1.000000e+00
1.000000e+00
1.000000e+00
1.000000e+00
1.000000e+00
1.000000e+00
1.000000e+00
1.000000e+00
1.000000e+00
1.000000e+00
1.000000e+00
1.000000e+00
1.000000e+00
1.000000e+00
1.000000e+00
1.000000e+00
1.000000e+00
1.000000e+00
1.000000e+00
1.000000e+00
1.000000e+00
1.000000e+00
1.000000e+00
1.000000e+00
1.000000e+00
1.000000e+00
1.000000e+00
1.000000e+00
1.000000e+00
1.000000e+00
1.000000e+00
1.000000e+00
1.000000e+00
1.000000e+00
1.000000e+00
1.000000e+00
1.000000e+00
1.000000e+00
1.000000e+00
1.000000e+00
1.000000e+00
1.000000e+00
1.000000e+00
1.000000e+00
1.000000e+00
1.000000e+00
1.000000e+00
1.000000e+00
1.000000e+00
1.000000e+00
1.000000e+00
1.000000e+00
1.000000e+00
1.000000e+00
1.000000e+00
1.000000e+00
1.000000e+00
1.000000e+00
1.000000e+00
1.000000e+00
1.000000e+00
1.000000e+00
1.000000e+00
1.000000e+00
1.000000e+00
1.000000e+00
1.000000e+00
1.000000e+00
1.000000e+00
1.000000e+00
1.000000e+00
1.000000e+00
1.000000e+00
1.000000e+00
1.000000e+00
1.000000e+00
1.000000e+00
1.000000e+00
1.000000e+00
1.000000e+00
1.000000e+00
1.000000e+00
1.000000e+00
1.000000e+00
1.000000e+00
1.000000e+00
1.000000e+00
1.000000e+00
1.000000e+00
1.000000e+00
1.000000e+00
1.000000e+00
1.000000e+00
1.000000e+00
1.000000e+00
1.000000e+00
1.000000e+00
1.000000e+00
1.000000e+00
1.000000e+00
1.000000e+00
1.000000e+00
1.000000e+00
1.000000e+00
1.000000e+00
1.000000e+00
1.000000e+00
1.000000e+00
1.000000e+00
1.000000e+00
1.000000e+00
1.000000e+00
1.000000e+00
1.000000e+00
1.000000e+00
1.000000e+00
1.000000e+00
1.000000e+00
1.000000e+00
1.000000e+00
1.000000e+00
1.000000e+00
1.000000e+00
1.000000e+00
1.000000e+00
1.000000e+00
1.000000e+00
1.000000e+00
1.000000e+00
1.000000e+00
1.000000e+00
1.000000e+00
1.000000e+00
1.000000e+00
9.999999e-01
9.999999e-01
9.999998e-01
9.999997e-01
9.999995e-01
9.999992e-01
9.999987e-01
9.999978e-01
9.999964e-01
9.999940e-01
9.999901e-01
9.999837e-01
9.999731e-01
9.999557e-01
9.999270e-01
9.998797e-01
9.998016e-01
9.996729e-01
9.994609e-01
9.991114e-01
9.985358e-01
9.975883e-01
9.960300e-01
9.934713e-01
9.892814e-01
9.824501e-01
9.713908e-01
9.536909e-01
9.258760e-01
8.833971e-01
8.212737e-01
7.359455e-01
6.283164e-01
5.062499e-01
3.834337e-01
2.738852e-01
1.861839e-01
1.218529e-01
7.762952e-02
4.856819e-02
3.003201e-02
1.843315e-02
1.126196e-02
6.861124e-03
4.172747e-03
2.535061e-03
1.539128e-03
9.340939e-04
5.667650e-04
3.438370e-04
2.085760e-04
1.265182e-04
7.674109e-05
4.654727e-05
2.823297e-05
1.712440e-05
1.038665e-05
6.299908e-06
3.821199e-06
2.317746e-06
1.405888e-06
8.527885e-07
5.173458e-07
3.138659e-07
1.904738e-07
1.156131e-07
7.022909e-08
4.268576e-08
2.599838e-08
1.586296e-08
9.731724e-09
6.000987e-09
3.752512e-09
2.378476e-09
1.557860e-09
1.051268e-09
7.554823e-10
5.683932e-10
4.652974e-10
3.960761e-10
3.635356e-10
3.379556e-10
3.310830e-10
3.217968e-10
3.241157e-10
3.210300e-10
3.265084e-10
3.258812e-10
3.323259e-10
3.327563e-10
3.393817e-10
3.403345e-10
3.468693e-10
3.481298e-10
3.544897e-10
3.559643e-10
3.621315e-10
3.637725e-10
3.697518e-10
3.715300e-10
3.773332e-10
3.792284e-10
3.848681e-10
3.868638e-10
3.923520e-10
3.944349e-10
3.997828e-10
4.019403e-10
4.071577e-10
4.093803e-10
4.144751e-10
4.167534e-10
4.217333e-10
4.240592e-10
4.289306e-10
4.312961e-10
4.360654e-10
4.384644e-10
4.431363e-10
4.455626e-10
4.501419e-10
4.525901e-10
4.570807e-10
4.595456e-10
4.639514e-10
4.664290e-10
4.707528e-10
4.732384e-10
4.774833e-10
4.799737e-10
4.841420e-10
4.866331e-10
4.907274e-10
4.932165e-10
4.972386e-10
4.997224e-10
5.036738e-10
5.061498e-10
5.100328e-10
5.124980e-10
5.163140e-10
5.187668e-10
5.225168e-10
5.249543e-10
5.286395e-10
5.310603e-10
5.346813e-10
5.370828e-10
5.406411e-10
5.430219e-10
5.465181e-10
5.488762e-10
5.523110e-10
5.546450e-10
5.580194e-10
5.603273e-10
5.636418e-10
5.659224e-10
5.691774e-10
5.714295e-10
5.746251e-10
5.768475e-10
5.799844e-10
5.821755e-10
5.852539e-10
5.874130e-10
5.904335e-10
5.925584e-10
5.955207e-10
5.976113e-10
6.005162e-10
6.025705e-10
6.054180e-10
6.074360e-10
6.102258e-10
6.122062e-10
6.149388e-10
6.168805e-10
6.195559e-10
6.214579e-10
6.240761e-10
6.259383e-10
6.284995e-10
6.303207e-10
6.328247e-10
6.346040e-10
6.370512e-10
6.387877e-10
6.411780e-10
6.428715e-10
6.452050e-10
6.468546e-10
6.491309e-10
6.507362e-10
6.529560e-10
6.545159e-10
6.566788e-10
6.581931e-10
6.602989e-10
6.617669e-10
6.638156e-10
6.652366e-10
6.672286e-10
6.686015e-10
6.705367e-10
6.718620e-10
6.737400e-10
6.750170e-10
6.768376e-10
6.780659e-10
6.798294e-10
6.810075e-10
6.827141e-10
6.838429e-10
6.854921e-10
6.865704e-10
6.881623e-10
6.891900e-10
6.907249e-10
6.917013e-10
6.931789e-10
6.941037e-10
6.955240e-10
6.963973e-10
6.977602e-10
6.985816e-10
6.998871e-10
7.006556e-10
7.019037e-10
7.026198e-10
7.038107e-10
7.044733e-10
7.056065e-10
7.062159e-10
7.072919e-10
7.078469e-10
7.088660e-10
7.093671e-10
7.103288e-10
7.107759e-10
7.116798e-10
7.120726e-10
7.129191e-10
7.132566e-10
7.140459e-10
7.143290e-10
7.150610e-10
7.152887e-10
7.159635e-10
7.161359e-10
7.167537e-10
7.168702e-10
7.174308e-10
7.174917e-10
7.179953e-10
7.180002e-10
7.184466e-10
7.183958e-10
7.187852e-10
7.186776e-10
7.190105e-10
7.188468e-10
7.191229e-10
