8.420838e-10
8.423006e-10
8.420159e-10
8.421661e-10
8.418149e-10
8.418987e-10
8.414805e-10
8.414984e-10
8.410131e-10
8.409646e-10
8.404123e-10
8.402982e-10
8.396788e-10
8.394986e-10
8.388124e-10
8.385667e-10
8.378132e-10
8.375023e-10
8.366814e-10
8.363057e-10
8.354175e-10
8.349764e-10
8.340210e-10
8.335155e-10
8.324931e-10
8.319229e-10
8.308328e-10
8.301987e-10
8.290416e-10
8.283434e-10
8.271194e-10
8.263578e-10
8.250660e-10
8.242409e-10
8.228817e-10
8.219938e-10
8.205675e-10
8.196164e-10
8.181231e-10
8.171102e-10
8.155498e-10
8.144745e-10
8.128472e-10
8.117105e-10
8.100159e-10
8.088178e-10
8.070567e-10
8.057978e-10
8.039695e-10
8.026506e-10
8.007552e-10
7.993762e-10
7.974140e-10
7.959752e-10
7.939466e-10
7.924488e-10
7.903534e-10
7.887974e-10
7.866351e-10
7.850215e-10
7.827931e-10
7.811218e-10
7.788273e-10
7.770992e-10
7.747382e-10
7.729536e-10
7.705261e-10
7.686862e-10
7.661928e-10
7.642978e-10
7.617380e-10
7.597890e-10
7.571632e-10
7.551601e-10
7.524686e-10
7.504127e-10
7.476552e-10
7.455471e-10
7.427239e-10
7.405643e-10
7.376752e-10
7.354651e-10
7.325100e-10
7.302502e-10
7.272292e-10
7.249200e-10
7.218334e-10
7.194763e-10
7.163238e-10
7.139195e-10
7.107013e-10
7.082511e-10
7.049669e-10
7.024714e-10
6.991216e-10
6.965823e-10
6.931661e-10
6.905835e-10
6.871010e-10
6.844769e-10
6.809281e-10
6.782631e-10
6.746477e-10
6.719439e-10
6.682616e-10
6.655197e-10
6.617705e-10
6.589924e-10
6.551758e-10
6.523624e-10
6.484784e-10
6.456312e-10
6.416789e-10
6.388002e-10
6.347789e-10
6.318700e-10
6.277791e-10
6.248418e-10
6.206809e-10
6.177174e-10
6.134851e-10
6.104970e-10
6.061930e-10
6.031831e-10
5.988058e-10
5.957761e-10
5.913247e-10
5.882772e-10
5.837505e-10
5.806883e-10
5.760843e-10
5.730104e-10
5.683277e-10
5.652450e-10
5.604817e-10
5.573937e-10
5.525475e-10
5.494577e-10
5.445261e-10
5.414384e-10
5.364188e-10
5.333375e-10
5.282270e-10
5.251564e-10
5.199515e-10
5.168972e-10
5.115935e-10
5.085608e-10
5.031542e-10
5.001490e-10
4.946345e-10
4.916638e-10
4.860357e-10
4.831072e-10
4.773588e-10
4.744805e-10
4.686047e-10
4.657858e-10
4.597744e-10
4.570259e-10
4.508687e-10
4.482020e-10
4.418881e-10
4.393173e-10
4.328353e-10
4.303761e-10
4.237130e-10
4.213868e-10
4.145312e-10
4.123665e-10
4.053137e-10
4.033583e-10
3.961262e-10
3.944741e-10
3.871474e-10
3.860132e-10
3.788627e-10
3.787824e-10
3.725938e-10
3.749680e-10
3.719350e-10
3.805054e-10
3.866601e-10
4.115209e-10
4.433400e-10
5.118385e-10
6.142092e-10
8.005721e-10
1.095629e-09
1.601492e-09
2.421376e-09
3.794679e-09
6.042418e-09
9.772421e-09
1.590292e-08
2.603760e-08
4.272424e-08
7.026683e-08
1.156501e-07
1.905101e-07
3.139014e-07
5.173806e-07
8.528226e-07
1.405921e-06
2.317778e-06
3.821231e-06
6.299939e-06
1.038668e-05
1.712443e-05
2.823300e-05
4.654730e-05
7.674112e-05
1.265182e-04
2.085761e-04
3.438371e-04
5.667651e-04
9.340940e-04
1.539128e-03
2.535062e-03
4.172748e-03
6.861125e-03
1.126196e-02
1.843316e-02
3.003201e-02
4.856820e-02
7.762953e-02
1.218529e-01
1.861840e-01
2.738852e-01
3.834337e-01
5.062499e-01
6.283164e-01
7.359456e-01
8.212737e-01
8.833971e-01
9.258760e-01
9.536909e-01
9.713908e-01
9.824501e-01
9.892814e-01
9.934713e-01
9.960300e-01
9.975883e-01
9.985358e-01
9.991114e-01
9.994609e-01
9.996729e-01
9.998016e-01
9.998797e-01
9.999270e-01
9.999557e-01
9.999731e-01
9.999837e-01
9.999901e-01
9.999940e-01
9.999964e-01
9.999978e-01
9.999987e-01
9.999992e-01
9.999995e-01
9.999997e-01
9.999998e-01
9.999999e-01
9.999999e-01
1.000000e+00
1.000000e+00
1.000000e+00
1.000000e+00
1.000000e+00
1.000000e+00
1.000000e+00
1.000000e+00
1.000000e+00
1.000000e+00
1.000000e+00
1.000000e+00
1.000000e+00
1.000000e+00
1.000000e+00
1.000000e+00
1.000000e+00
1.000000e+00
1.000000e+00
1.000000e+00
1.000000e+00
1.000000e+00
1.000000e+00
1.000000e+00
1.000000e+00
1.000000e+00
1.000000e+00
1.000000e+00
1.000000e+00
1.000000e+00
1.000000e+00
1.000000e+00
1.000000e+00
1.000000e+00
1.000000e+00
1.000000e+00
1.000000e+00
1.000000e+00
1.000000e+00
1.000000e+00
1.000000e+00
1.000000e+00
1.000000e+00
1.000000e+00
1.000000e+00
1.000000e+00
1.000000e+00
1.000000e+00
1.000000e+00
1.000000e+00
1.000000e+00
1.000000e+00
1.000000e+00
1.000000e+00
1.000000e+00
1.000000e+00
1.000000e+00
1.000000e+00
1.000000e+00
1.000000e+00
1.000000e+00
1.000000e+00
1.000000e+00
1.000000e+00
1.000000e+00
1.000000e+00
1.000000e+00
1.000000e+00
1.000000e+00
1.000000e+00
1.000000e+00
1.000000e+00
1.000000e+00
1.000000e+00
1.000000e+00
1.000000e+00
1.000000e+00
1.000000e+00
1.000000e+00
1.000000e+00
1.000000e+00
1.000000e+00
1.000000e+00
1.000000e+00
1.000000e+00
1.000000e+00
1.000000e+00
1.000000e+00
1.000000e+00
1.000000e+00
1.000000e+00
1.000000e+00
1.000000e+00
1.000000e+00
1.000000e+00
1.000000e+00
1.000000e+00
1.000000e+00
1.000000e+00
1.000000e+00
1.000000e+00
1.000000e+00
1.000000e+00
1.000000e+00
1.000000e+00
1.000000e+00
1.000000e+00
1.000000e+00
1.000000e+00
1.000000e+00
1.000000e+00
1.000000e+00
1.000000e+00
1.000000e+00
1.000000e+00
1.000000e+00
1.000000e+00
1.000000e+00
1.000000e+00
1.000000e+00
1.000000e+00
1.000000e+00
1.000000e+00
1.000000e+00
1.000000e+00
1.000000e+00
1.000000e+00
1.000000e+00
1.000000e+00
1.000000e+00
1.000000e+00
1.000000e+00
1.000000e+00
1.000000e+00
1.000000e+00
1.000000e+00
1.000000e+00
1.000000e+00
1.000000e+00
1.000000e+00
1.000000e+00
1.000000e+00
1.000000e+00
1.000000e+00
1.000000e+00
1.000000e+00
1.000000e+00
1.000000e+00
1.000000e+00
1.000000e+00
1.000000e+00
1.000000e+00
1.000000e+00
1.000000e+00
1.000000e+00
1.000000e+00
1.000000e+00
1.000000e+00
1.000000e+00
1.000000e+00
1.000000e+00
1.000000e+00
1.000000e+00
1.000000e+00
1.000000e+00
1.000000e+00
1.000000e+00
1.000000e+00
1.000000e+00
1.000000e+00
1.000000e+00
1.000000e+00
1.000000e+00
1.000000e+00
1.000000e+00
1.000000e+00
1.000000e+00
1.000000e+00
1.000000e+00
1.000000e+00
1.000000e+00
1.000000e+00
1.000000e+00
1.000000e+00
1.000000e+00
1.000000e+00
1.000000e+00
1.000000e+00
1.000000e+00
1.000000e+00
1.000000e+00
1.000000e+00
1.000000e+00
1.000000e+00
1.000000e+00
1.000000e+00
1.000000e+00
1.000000e+00
1.000000e+00
1.000000e+00
1.000000e+00
1.000000e+00
1.000000e+00
1.000000e+00
1.000000e+00
1.000000e+00
1.000000e+00
1.000000e+00
1.000000e+00
1.000000e+00
1.000000e+00
1.000000e+00
1.000000e+00
1.000000e+00
1.000000e+00
1.000000e+00
1.000000e+00
1.000000e+00
1.000000e+00
1.000000e+00
1.000000e+00
1.000000e+00
1.000000e+00
1.000000e+00
1.000000e+00
1.000000e+00
1.000000e+00
1.000000e+00
1.000000e+00
1.000000e+00
1.000000e+00
1.000000e+00
1.000000e+00
1.000000e+00
1.000000e+00
1.000000e+00
1.000000e+00
1.000000e+00
1.000000e+00
1.000000e+00
1.000000e+00
1.000000e+00
1.000000e+00
1.000000e+00
1.000000e+00
1.000000e+00
1.000000e+00
1.000000e+00
1.000000e+00
1.000000e+00
1.000000e+00
1.000000e+00
1.000000e+00
1.000000e+00
1.000000e+00
1.000000e+00
1.000000e+00
1.000000e+00
1.000000e+00
1.000000e+00
1.000000e+00
1.000000e+00
1.000000e+00
1.000000e+00
1.000000e+00
1.000000e+00
1.000000e+00
1.000000e+00
1.000000e+00
1.000000e+00
1.000000e+00
1.000000e+00
1.000000e+00
1.000000e+00
1.000000e+00
1.000000e+00
1.000000e+00
1.000000e+00
1.000000e+00
1.000000e+00
1.000000e+00
1.000000e+00
1.000000e+00
1.000000e+00
1.000000e+00
1.000000e+00
1.000000e+00
1.000000e+00
1.000000e+00
1.000000e+00
1.000000e+00
1.000000e+00
1.000000e+00
1.000000e+00
1.000000e+00
1.000000e+00
1.000000e+00
1.000000e+00
1.000000e+00
1.000000e+00
1.000000e+00
1.000000e+00
1.000000e+00
1.000000e+00
1.000000e+00
1.000000e+00
1.000000e+00
1.000000e+00
1.000000e+00
1.000000e+00
1.000000e+00
1.000000e+00
1.000000e+00
1.000000e+00
1.000000e+00
1.000000e+00
1.000000e+00
1.000000e+00
1.000000e+00
1.000000e+00
1.000000e+00
1.000000e+00
1.000000e+00
1.000000e+00
1.000000e+00
1.000000e+00
1.000000e+00
1.000000e+00
1.000000e+00
1.000000e+00
1.000000e+00
1.000000e+00
1.000000e+00
1.000000e+00
1.000000e+00
1.000000e+00
1.000000e+00
1.000000e+00
1.000000e+00
1.000000e+00
1.000000e+00
1.000000e+00
1.000000e+00
1.000000e+00
1.000000e+00
1.000000e+00
1.000000e+00
1.000000e+00
1.000000e+00
1.000000e+00
1.000000e+00
1.000000e+00
1.000000e+00
1.000000e+00
1.000000e+00
1.000000e+00
1.000000e+00
1.000000e+00
1.000000e+00
1.000000e+00
1.000000e+00
1.000000e+00
1.000000e+00
1.000000e+00
1.000000e+00
1.000000e+00
1.000000e+00
1.000000e+00
1.000000e+00
1.000000e+00
1.000000e+00
1.000000e+00
1.000000e+00
1.000000e+00
1.000000e+00
1.000000e+00
1.000000e+00
1.000000e+00
1.000000e+00
1.000000e+00
1.000000e+00
1.000000e+00
1.000000e+00
1.000000e+00
1.000000e+00
1.000000e+00
1.000000e+00
1.000000e+00
1.000000e+00
1.000000e+00
1.000000e+00
1.000000e+00
1.000000e+00
1.000000e+00
1.000000e+00
1.000000e+00
1.000000e+00
1.000000e+00
1.000000e+00
1.000000e+00
1.000000e+00
1.000000e+00
1.000000e+00
1.000000e+00
1.000000e+00
1.000000e+00
1.000000e+00
1.000000e+00
1.000000e+00
1.000000e+00
1.000000e+00
1.000000e+00
1.000000e+00
1.000000e+00
1.000000e+00
1.000000e+00
1.000000e+00
1.000000e+00
1.000000e+00
1.000000e+00
1.000000e+00
1.000000e+00
1.000000e+00
1.000000e+00
1.000000e+00
1.000000e+00
1.000000e+00
1.000000e+00
1.000000e+00
1.000000e+00
1.000000e+00
1.000000e+00
1.000000e+00
1.000000e+00
1.000000e+00
1.000000e+00
1.000000e+00
1.000000e+00
1.000000e+00
1.000000e+00
1.000000e+00
1.000000e+00
1.000000e+00
1.000000e+00
1.000000e+00
1.000000e+00
1.000000e+00
1.000000e+00
1.000000e+00
1.000000e+00
1.000000e+00
1.000000e+00
1.000000e+00
1.000000e+00
1.000000e+00
1.000000e+00
1.000000e+00
1.000000e+00
1.000000e+00
1.000000e+00
1.000000e+00
1.000000e+00
1.000000e+00
1.000000e+00
1.000000e+00
1.000000e+00
1.000000e+00
1.000000e+00
1.000000e+00
1.000000e+00
1.000000e+00
1.000000e+00
1.000000e+00
1.000000e+00
1.000000e+00
1.000000e+00
1.000000e+00
1.000000e+00
1.000000e+00
1.000000e+00
1.000000e+00
1.000000e+00
1.000000e+00
1.000000e+00
1.000000e+00
1.000000e+00
1.000000e+00
1.000000e+00
1.000000e+00
1.000000e+00
1.000000e+00
1.000000e+00
1.000000e+00
1.000000e+00
1.000000e+00
1.000000e+00
1.000000e+00
9.999999e-01
9.999999e-01
9.999998e-01
9.999997e-01
9.999995e-01
9.999992e-01
9.999987e-01
9.999978e-01
9.999964e-01
9.999940e-01
9.999901e-01
9.999837e-01
9.999731e-01
9.999557e-01
9.999270e-01
9.998797e-01
9.998016e-01
9.996729e-01
9.994609e-01
9.991114e-01
9.985358e-01
9.975883e-01
9.960300e-01
9.934713e-01
9.892814e-01
9.824501e-01
9.713908e-01
9.536909e-01
9.258760e-01
8.833971e-01
8.212737e-01
7.359456e-01
6.283164e-01
5.062499e-01
3.834337e-01
2.738852e-01
1.861840e-01
1.218529e-01
7.762953e-02
4.856820e-02
3.003201e-02
1.843316e-02
1.126196e-02
6.861125e-03
4.172748e-03
2.535062e-03
1.539128e-03
9.340940e-04
5.667651e-04
3.438371e-04
2.085761e-04
1.265182e-04
7.674112e-05
4.654730e-05
2.823300e-05
1.712443e-05
1.038668e-05
6.299939e-06
3.821231e-06
2.317778e-06
1.405921e-06
8.528226e-07
5.173807e-07
3.139014e-07
1.905101e-07
1.156501e-07
7.026686e-08
4.272427e-08
2.603763e-08
1.590295e-08
9.772453e-09
6.042453e-09
3.794715e-09
2.421414e-09
1.601531e-09
1.095670e-09
8.006136e-10
6.142523e-10
5.118830e-10
4.433856e-10
4.115678e-10
3.867082e-10
3.805548e-10
3.719854e-10
3.750191e-10
3.726462e-10
3.788356e-10
3.789170e-10
3.860686e-10
3.872034e-10
3.945314e-10
3.961841e-10
4.034170e-10
4.053732e-10
4.124266e-10
4.145923e-10
4.214488e-10
4.237759e-10
4.304397e-10
4.328997e-10
4.393823e-10
4.419544e-10
4.482688e-10
4.509363e-10
4.570942e-10
4.598433e-10
4.658556e-10
4.686749e-10
4.745508e-10
4.774295e-10
4.831781e-10
4.861067e-10
4.917348e-10
4.947053e-10
5.002197e-10
5.032245e-10
5.086304e-10
5.116630e-10
5.169657e-10
5.200197e-10
5.252240e-10
5.282936e-10
5.334031e-10
5.364835e-10
5.415017e-10
5.445884e-10
5.495189e-10
5.526075e-10
5.574523e-10
5.605389e-10
5.653012e-10
5.683823e-10
5.730636e-10
5.761360e-10
5.807382e-10
5.837989e-10
5.883241e-10
5.913697e-10
5.958193e-10
5.988477e-10
6.032231e-10
6.062317e-10
6.105346e-10
6.135210e-10
6.177517e-10
6.207138e-10
6.248735e-10
6.278091e-10
6.318986e-10
6.348062e-10
6.388260e-10
6.417035e-10
6.456546e-10
6.485001e-10
6.523832e-10
6.551952e-10
6.590103e-10
6.617873e-10
6.655354e-10
6.682762e-10
6.719571e-10
6.746599e-10
6.782742e-10
6.809381e-10
6.844857e-10
6.871094e-10
6.905911e-10
6.931727e-10
6.965880e-10
6.991266e-10
7.024762e-10
7.049709e-10
7.082541e-10
7.107038e-10
7.139218e-10
7.163252e-10
7.194771e-10
7.218338e-10
7.249200e-10
7.272284e-10
7.302486e-10
7.325084e-10
7.354630e-10
7.376729e-10
7.405618e-10
7.427211e-10
7.455442e-10
7.476519e-10
7.504090e-10
7.524648e-10
7.551562e-10
7.571591e-10
7.597845e-10
7.617337e-10
7.642936e-10
7.661886e-10
7.686823e-10
7.705226e-10
7.729502e-10
7.747348e-10
7.770959e-10
7.788241e-10
7.811189e-10
7.827906e-10
7.850189e-10
7.866330e-10
7.887955e-10
7.903515e-10
7.924471e-10
7.939450e-10
7.959742e-10
7.974129e-10
7.993753e-10
8.007550e-10
8.026507e-10
8.039703e-10
8.057990e-10
8.070579e-10
8.088201e-10
8.100182e-10
8.117129e-10
8.128500e-10
8.144778e-10
8.155534e-10
8.171142e-10
8.181276e-10
8.196213e-10
8.205728e-10
8.219990e-10
8.228880e-10
8.242473e-10
8.250731e-10
8.263649e-10
8.271270e-10
8.283520e-10
8.290506e-10
8.302076e-10
8.308422e-10
8.319327e-10
8.325027e-10
8.335255e-10
8.340311e-10
8.349869e-10
8.354277e-10
8.363156e-10
8.366918e-10
8.375123e-10
8.378232e-10
8.385767e-10
8.388220e-10
8.395079e-10
8.396874e-10
8.403062e-10
8.404201e-10
8.409719e-10
8.410198e-10
8.415041e-10
8.414857e-10
8.419034e-10
8.418186e-10
8.421692e-10
8.420180e-10
8.423017e-10
