5.254502e-10
5.256733e-10
5.254082e-10
5.255910e-10
5.252849e-10
5.254266e-10
5.250798e-10
5.251817e-10
5.247939e-10
5.248548e-10
5.244257e-10
5.244471e-10
5.239766e-10
5.239579e-10
5.234461e-10
5.233876e-10
5.228344e-10
5.227365e-10
5.221418e-10
5.220044e-10
5.213682e-10
5.211912e-10
5.205134e-10
5.202975e-10
5.195780e-10
5.193233e-10
5.185618e-10
5.182688e-10
5.174656e-10
5.171336e-10
5.162887e-10
5.159188e-10
5.150320e-10
5.146241e-10
5.136953e-10
5.132498e-10
5.122789e-10
5.117955e-10
5.107826e-10
5.102623e-10
5.092076e-10
5.086501e-10
5.075533e-10
5.069593e-10
5.058202e-10
5.051898e-10
5.040085e-10
5.033421e-10
5.021188e-10
5.014167e-10
5.001507e-10
4.994133e-10
4.981053e-10
4.973325e-10
4.959820e-10
4.951748e-10
4.937818e-10
4.929404e-10
4.915051e-10
4.906301e-10
4.891525e-10
4.882437e-10
4.867237e-10
4.857819e-10
4.842194e-10
4.832451e-10
4.816398e-10
4.806336e-10
4.789856e-10
4.779476e-10
4.762570e-10
4.751884e-10
4.734549e-10
4.723551e-10
4.705785e-10
4.694492e-10
4.676298e-10
4.664709e-10
4.646082e-10
4.634206e-10
4.615148e-10
4.602992e-10
4.583499e-10
4.571069e-10
4.551138e-10
4.538436e-10
4.518069e-10
4.505109e-10
4.484305e-10
4.471088e-10
4.449840e-10
4.436384e-10
4.414696e-10
4.400995e-10
4.378863e-10
4.364936e-10
4.342351e-10
4.328207e-10
4.305169e-10
4.290818e-10
4.267321e-10
4.252765e-10
4.228812e-10
4.214074e-10
4.189658e-10
4.174737e-10
4.149852e-10
4.134768e-10
4.109409e-10
4.094173e-10
4.068331e-10
4.052957e-10
4.026627e-10
4.011131e-10
3.984303e-10
3.968698e-10
3.941365e-10
3.925660e-10
3.897815e-10
3.882037e-10
3.853666e-10
3.837827e-10
3.808920e-10
3.793045e-10
3.763587e-10
3.747691e-10
3.717673e-10
3.701778e-10
3.671180e-10
3.655315e-10
3.624116e-10
3.608306e-10
3.576492e-10
3.560761e-10
3.528310e-10
3.512696e-10
3.479582e-10
3.464109e-10
3.430305e-10
3.415020e-10
3.380496e-10
3.365430e-10
3.330156e-10
3.315355e-10
3.279291e-10
3.264807e-10
3.227909e-10
3.213791e-10
3.176013e-10
3.162318e-10
3.123609e-10
3.110407e-10
3.070706e-10
3.058065e-10
3.017303e-10
3.005310e-10
2.963412e-10
2.952148e-10
2.909030e-10
2.898601e-10
2.854159e-10
2.844686e-10
2.798810e-10
2.790422e-10
2.742988e-10
2.735843e-10
2.686722e-10
2.681030e-10
2.630107e-10
2.626148e-10
2.573373e-10
2.571627e-10
2.517173e-10
2.518573e-10
2.463282e-10
2.469976e-10
2.416558e-10
2.433898e-10
2.390206e-10
2.432193e-10
2.420163e-10
2.524214e-10
2.604157e-10
2.871214e-10
3.207898e-10
3.911423e-10
4.953720e-10
6.835982e-10
9.805235e-10
1.488258e-09
2.310019e-09
3.685203e-09
5.934826e-09
9.666717e-09
1.579911e-08
2.593568e-08
4.262422e-08
7.016871e-08
1.155539e-07
1.904158e-07
3.138090e-07
5.172900e-07
8.527338e-07
1.405834e-06
2.317693e-06
3.821148e-06
6.299857e-06
1.038660e-05
1.712435e-05
2.823292e-05
4.654722e-05
7.674103e-05
1.265181e-04
2.085760e-04
3.438369e-04
5.667649e-04
9.340937e-04
1.539127e-03
2.535061e-03
4.172747e-03
6.861123e-03
1.126195e-02
1.843315e-02
3.003201e-02
4.856818e-02
7.762951e-02
1.218529e-01
1.861839e-01
2.738851e-01
3.834336e-01
5.062498e-01
6.283163e-01
7.359455e-01
8.212737e-01
8.833971e-01
9.258760e-01
9.536909e-01
9.713908e-01
9.824501e-01
9.892814e-01
9.934713e-01
9.960300e-01
9.975883e-01
9.985358e-01
9.991114e-01
9.994609e-01
9.996729e-01
9.998016e-01
9.998797e-01
9.999270e-01
9.999557e-01
9.999731e-01
9.999837e-01
9.999901e-01
9.999940e-01
9.999964e-01
9.999978e-01
9.999987e-01
9.999992e-01
9.999995e-01
9.999997e-01
9.999998e-01
9.999999e-01
9.999999e-01
1.000000e+00
1.000000e+00
1.000000e+00
1.000000e+00
1.000000e+00
1.000000e+00
1.000000e+00
1.000000e+00
1.000000e+00
1.000000e+00
1.000000e+00
1.000000e+00
1.000000e+00
1.000000e+00
1.000000e+00
1.000000e+00
1.000000e+00
1.000000e+00
1.000000e+00
1.000000e+00
1.000000e+00
1.000000e+00
1.000000e+00
1.000000e+00
1.000000e+00
1.000000e+00
1.000000e+00
1.000000e+00
1.000000e+00
1.000000e+00
1.000000e+00
1.000000e+00
1.000000e+00
1.000000e+00
1.000000e+00
1.000000e+00
1.000000e+00
1.000000e+00
1.000000e+00
1.000000e+00
1.000000e+00
1.000000e+00
1.000000e+00
1.000000e+00
1.000000e+00
1.000000e+00
1.000000e+00
1.000000e+00
1.000000e+00
1.000000e+00
1.000000e+00
1.000000e+00
1.000000e+00
1.000000e+00
1.000000e+00
1.000000e+00
1.000000e+00
1.000000e+00
1.000000e+00
1.000000e+00
1.000000e+00
1.000000e+00
1.000000e+00
1.000000e+00
1.000000e+00
1.000000e+00
1.000000e+00
1.000000e+00
1.000000e+00
1.000000e+00
1.000000e+00
1.000000e+00
1.000000e+00
1.000000e+00
1.000000e+00
1.000000e+00
1.000000e+00
1.000000e+00
1.000000e+00
1.000000e+00
1.000000e+00
1.000000e+00
1.000000e+00
1.000000e+00
1.000000e+00
1.000000e+00
1.000000e+00
1.000000e+00
1.000000e+00
1.000000e+00
1.000000e+00
1.000000e+00
1.000000e+00
1.000000e+00
1.000000e+00
1.000000e+00
1.000000e+00
1.000000e+00
1.000000e+00
1.000000e+00
1.000000e+00
1.000000e+00
1.000000e+00
1.000000e+00
1.000000e+00
1.000000e+00
1.000000e+00
1.000000e+00
1.000000e+00
1.000000e+00
1.000000e+00
1.000000e+00
1.000000e+00
1.000000e+00
1.000000e+00
1.000000e+00
1.000000e+00
1.000000e+00
1.000000e+00
1.000000e+00
1.000000e+00
1.000000e+00
1.000000e+00
1.000000e+00
1.000000e+00
1.000000e+00
1.000000e+00
1.000000e+00
1.000000e+00
1.000000e+00
1.000000e+00
1.000000e+00
1.000000e+00
1.000000e+00
1.000000e+00
1.000000e+00
1.000000e+00
1.000000e+00
1.000000e+00
1.000000e+00
1.000000e+00
1.000000e+00
1.000000e+00
1.000000e+00
1.000000e+00
1.000000e+00
1.000000e+00
1.000000e+00
1.000000e+00
1.000000e+00
1.000000e+00
1.000000e+00
1.000000e+00
1.000000e+00
1.000000e+00
1.000000e+00
1.000000e+00
1.000000e+00
1.000000e+00
1.000000e+00
1.000000e+00
1.000000e+00
1.000000e+00
1.000000e+00
1.000000e+00
1.000000e+00
1.000000e+00
1.000000e+00
1.000000e+00
1.000000e+00
1.000000e+00
1.000000e+00
1.000000e+00
1.000000e+00
1.000000e+00
1.000000e+00
1.000000e+00
1.000000e+00
1.000000e+00
1.000000e+00
1.000000e+00
1.000000e+00
1.000000e+00
1.000000e+00
1.000000e+00
1.000000e+00
1.000000e+00
1.000000e+00
1.000000e+00
1.000000e+00
1.000000e+00
1.000000e+00
1.000000e+00
1.000000e+00
1.000000e+00
1.000000e+00
1.000000e+00
1.000000e+00
1.000000e+00
1.000000e+00
1.000000e+00
1.000000e+00
1.000000e+00
1.000000e+00
1.000000e+00
1.000000e+00
1.000000e+00
1.000000e+00
1.000000e+00
1.000000e+00
1.000000e+00
1.000000e+00
1.000000e+00
1.000000e+00
1.000000e+00
1.000000e+00
1.000000e+00
1.000000e+00
1.000000e+00
1.000000e+00
1.000000e+00
1.000000e+00
1.000000e+00
1.000000e+00
1.000000e+00
1.000000e+00
1.000000e+00
1.000000e+00
1.000000e+00
1.000000e+00
1.000000e+00
1.000000e+00
1.000000e+00
1.000000e+00
1.000000e+00
1.000000e+00
1.000000e+00
1.000000e+00
1.000000e+00
1.000000e+00
1.000000e+00
1.000000e+00
1.000000e+00
1.000000e+00
1.000000e+00
1.000000e+00
1.000000e+00
1.000000e+00
1.000000e+00
1.000000e+00
1.000000e+00
1.000000e+00
1.000000e+00
1.000000e+00
1.000000e+00
1.000000e+00
1.000000e+00
1.000000e+00
1.000000e+00
1.000000e+00
1.000000e+00
1.000000e+00
1.000000e+00
1.000000e+00
1.000000e+00
1.000000e+00
1.000000e+00
1.000000e+00
1.000000e+00
1.000000e+00
1.000000e+00
1.000000e+00
1.000000e+00
1.000000e+00
1.000000e+00
1.000000e+00
1.000000e+00
1.000000e+00
1.000000e+00
1.000000e+00
1.000000e+00
1.000000e+00
1.000000e+00
1.000000e+00
1.000000e+00
1.000000e+00
1.000000e+00
1.000000e+00
1.000000e+00
1.000000e+00
1.000000e+00
1.000000e+00
1.000000e+00
1.000000e+00
1.000000e+00
1.000000e+00
1.000000e+00
1.000000e+00
1.000000e+00
1.000000e+00
1.000000e+00
1.000000e+00
1.000000e+00
1.000000e+00
1.000000e+00
1.000000e+00
1.000000e+00
1.000000e+00
1.000000e+00
1.000000e+00
1.000000e+00
1.000000e+00
1.000000e+00
1.000000e+00
1.000000e+00
1.000000e+00
1.000000e+00
1.000000e+00
1.000000e+00
1.000000e+00
1.000000e+00
1.000000e+00
1.000000e+00
1.000000e+00
1.000000e+00
1.000000e+00
1.000000e+00
1.000000e+00
1.000000e+00
1.000000e+00
1.000000e+00
1.000000e+00
1.000000e+00
1.000000e+00
1.000000e+00
1.000000e+00
1.000000e+00
1.000000e+00
1.000000e+00
1.000000e+00
1.000000e+00
1.000000e+00
1.000000e+00
1.000000e+00
1.000000e+00
1.000000e+00
1.000000e+00
1.000000e+00
1.000000e+00
1.000000e+00
1.000000e+00
1.000000e+00
1.000000e+00
1.000000e+00
1.000000e+00
1.000000e+00
1.000000e+00
1.000000e+00
1.000000e+00
1.000000e+00
1.000000e+00
1.000000e+00
1.000000e+00
1.000000e+00
1.000000e+00
1.000000e+00
1.000000e+00
1.000000e+00
1.000000e+00
1.000000e+00
1.000000e+00
1.000000e+00
1.000000e+00
1.000000e+00
1.000000e+00
1.000000e+00
1.000000e+00
1.000000e+00
1.000000e+00
1.000000e+00
1.000000e+00
1.000000e+00
1.000000e+00
1.000000e+00
1.000000e+00
1.000000e+00
1.000000e+00
1.000000e+00
1.000000e+00
1.000000e+00
1.000000e+00
1.000000e+00
1.000000e+00
1.000000e+00
1.000000e+00
1.000000e+00
1.000000e+00
1.000000e+00
1.000000e+00
1.000000e+00
1.000000e+00
1.000000e+00
1.000000e+00
1.000000e+00
1.000000e+00
1.000000e+00
1.000000e+00
1.000000e+00
1.000000e+00
1.000000e+00
1.000000e+00
1.000000e+00
1.000000e+00
1.000000e+00
1.000000e+00
1.000000e+00
1.000000e+00
1.000000e+00
1.000000e+00
1.000000e+00
1.000000e+00
1.000000e+00
1.000000e+00
1.000000e+00
1.000000e+00
1.000000e+00
1.000000e+00
1.000000e+00
1.000000e+00
1.000000e+00
1.000000e+00
1.000000e+00
1.000000e+00
1.000000e+00
1.000000e+00
1.000000e+00
1.000000e+00
1.000000e+00
1.000000e+00
1.000000e+00
1.000000e+00
1.000000e+00
1.000000e+00
1.000000e+00
1.000000e+00
1.000000e+00
1.000000e+00
1.000000e+00
1.000000e+00
1.000000e+00
1.000000e+00
1.000000e+00
1.000000e+00
1.000000e+00
1.000000e+00
1.000000e+00
1.000000e+00
1.000000e+00
1.000000e+00
1.000000e+00
1.000000e+00
1.000000e+00
1.000000e+00
1.000000e+00
1.000000e+00
1.000000e+00
1.000000e+00
1.000000e+00
1.000000e+00
1.000000e+00
1.000000e+00
1.000000e+00
1.000000e+00
1.000000e+00
1.000000e+00
1.000000e+00
1.000000e+00
1.000000e+00
1.000000e+00
1.000000e+00
1.000000e+00
1.000000e+00
1.000000e+00
1.000000e+00
1.000000e+00
1.000000e+00
1.000000e+00
1.000000e+00
1.000000e+00
1.000000e+00
1.000000e+00
1.000000e+00
1.000000e+00
1.000000e+00
1.000000e+00
1.000000e+00
1.000000e+00
9.999999e-01
9.999999e-01
9.999998e-01
9.999997e-01
9.999995e-01
9.999992e-01
9.999987e-01
9.999978e-01
9.999964e-01
9.999940e-01
9.999901e-01
9.999837e-01
9.999731e-01
9.999557e-01
9.999270e-01
9.998797e-01
9.998016e-01
9.996729e-01
9.994609e-01
9.991114e-01
9.985358e-01
9.975883e-01
9.960300e-01
9.934713e-01
9.892814e-01
9.824501e-01
9.713908e-01
9.536909e-01
9.258760e-01
8.833971e-01
8.212737e-01
7.359455e-01
6.283163e-01
5.062498e-01
3.834336e-01
2.738851e-01
1.861839e-01
1.218529e-01
7.762951e-02
4.856818e-02
3.003201e-02
1.843315e-02
1.126195e-02
6.861123e-03
4.172747e-03
2.535061e-03
1.539127e-03
9.340937e-04
5.667649e-04
3.438369e-04
2.085760e-04
1.265181e-04
7.674103e-05
4.654722e-05
2.823292e-05
1.712435e-05
1.038660e-05
6.299857e-06
3.821148e-06
2.317693e-06
1.405834e-06
8.527339e-07
5.172901e-07
3.138090e-07
1.904158e-07
1.155539e-07
7.016873e-08
4.262425e-08
2.593571e-08
1.579914e-08
9.666750e-09
5.934861e-09
3.685238e-09
2.310056e-09
1.488297e-09
9.805636e-10
6.836395e-10
4.954150e-10
3.911868e-10
3.208355e-10
2.871678e-10
2.604634e-10
2.524703e-10
2.420661e-10
2.432701e-10
2.390723e-10
2.434425e-10
2.417094e-10
2.470523e-10
2.463838e-10
2.519139e-10
2.517746e-10
2.572209e-10
2.573962e-10
2.626749e-10
2.630714e-10
2.681644e-10
2.687345e-10
2.736474e-10
2.743626e-10
2.791065e-10
2.799465e-10
2.845346e-10
2.854829e-10
2.899277e-10
2.909712e-10
2.952841e-10
2.964104e-10
3.006003e-10
3.018003e-10
3.058768e-10
3.071408e-10
3.111106e-10
3.124309e-10
3.163015e-10
3.176706e-10
3.214477e-10
3.228591e-10
3.265481e-10
3.279960e-10
3.316019e-10
3.330808e-10
3.366076e-10
3.381132e-10
3.415641e-10
3.430919e-10
3.464712e-10
3.480169e-10
3.513271e-10
3.528876e-10
3.561317e-10
3.577033e-10
3.608834e-10
3.624633e-10
3.655814e-10
3.671666e-10
3.702251e-10
3.718127e-10
3.748134e-10
3.764015e-10
3.793453e-10
3.809317e-10
3.838212e-10
3.854037e-10
3.882389e-10
3.898154e-10
3.925987e-10
3.941674e-10
3.968992e-10
3.984584e-10
4.011398e-10
4.026883e-10
4.053201e-10
4.068560e-10
4.094390e-10
4.109612e-10
4.134959e-10
4.150028e-10
4.174903e-10
4.189811e-10
4.214216e-10
4.228945e-10
4.252891e-10
4.267434e-10
4.290916e-10
4.305263e-10
4.328291e-10
4.342427e-10
4.365005e-10
4.378925e-10
4.401055e-10
4.414744e-10
4.436425e-10
4.449877e-10
4.471118e-10
4.484329e-10
4.505126e-10
4.518084e-10
4.538447e-10
4.551141e-10
4.571065e-10
4.583493e-10
4.602982e-10
4.615136e-10
4.634194e-10
4.646065e-10
4.664689e-10
4.676275e-10
4.694464e-10
4.705757e-10
4.723520e-10
4.734512e-10
4.751846e-10
4.762534e-10
4.779442e-10
4.789822e-10
4.806300e-10
4.816366e-10
4.832419e-10
4.842164e-10
4.857791e-10
4.867209e-10
4.882414e-10
4.891501e-10
4.906278e-10
4.915035e-10
4.929392e-10
4.937807e-10
4.951736e-10
4.959811e-10
4.973318e-10
4.981047e-10
4.994131e-10
5.001507e-10
5.014170e-10
5.021195e-10
5.033433e-10
5.040099e-10
5.051917e-10
5.058223e-10
5.069615e-10
5.075559e-10
5.086534e-10
5.092112e-10
5.102662e-10
5.107868e-10
5.118002e-10
5.122839e-10
5.132548e-10
5.137012e-10
5.146301e-10
5.150386e-10
5.159259e-10
5.162962e-10
5.171419e-10
5.174738e-10
5.182769e-10
5.185706e-10
5.193325e-10
5.195875e-10
5.203071e-10
5.205231e-10
5.212010e-10
5.213778e-10
5.220139e-10
5.221513e-10
5.227458e-10
5.228439e-10
5.233970e-10
5.234549e-10
5.239666e-10
5.239849e-10
5.244545e-10
5.244328e-10
5.248614e-10
5.247996e-10
5.251869e-10
5.250849e-10
5.254312e-10
5.252884e-10
5.255937e-10
5.254102e-10
5.256742e-10
