6.143250e-10
6.145464e-10
6.142762e-10
6.144497e-10
6.141310e-10
6.142567e-10
6.138900e-10
6.139683e-10
6.135532e-10
6.135840e-10
6.131207e-10
6.131040e-10
6.125921e-10
6.125283e-10
6.119678e-10
6.118572e-10
6.112480e-10
6.110906e-10
6.104332e-10
6.102291e-10
6.095229e-10
6.092723e-10
6.085176e-10
6.082208e-10
6.074169e-10
6.070742e-10
6.062217e-10
6.058332e-10
6.049314e-10
6.044972e-10
6.035468e-10
6.030674e-10
6.020678e-10
6.015431e-10
6.004947e-10
5.999255e-10
5.988278e-10
5.982138e-10
5.970674e-10
5.964094e-10
5.952138e-10
5.945117e-10
5.932671e-10
5.925218e-10
5.912277e-10
5.904389e-10
5.890958e-10
5.882640e-10
5.868719e-10
5.859978e-10
5.845568e-10
5.836404e-10
5.821498e-10
5.811914e-10
5.796521e-10
5.786523e-10
5.770638e-10
5.760229e-10
5.743855e-10
5.733043e-10
5.716174e-10
5.704955e-10
5.687597e-10
5.675989e-10
5.658135e-10
5.646131e-10
5.627789e-10
5.615403e-10
5.596563e-10
5.583794e-10
5.564465e-10
5.551321e-10
5.531497e-10
5.517981e-10
5.497668e-10
5.483786e-10
5.462973e-10
5.448736e-10
5.427430e-10
5.412845e-10
5.391043e-10
5.376110e-10
5.353815e-10
5.338543e-10
5.315750e-10
5.300151e-10
5.276859e-10
5.260938e-10
5.237144e-10
5.220909e-10
5.196616e-10
5.180075e-10
5.155276e-10
5.138437e-10
5.113135e-10
5.096009e-10
5.070195e-10
5.052789e-10
5.026466e-10
5.008794e-10
4.981956e-10
4.964027e-10
4.936673e-10
4.918499e-10
4.890623e-10
4.872217e-10
4.843819e-10
4.825190e-10
4.796254e-10
4.777422e-10
4.747953e-10
4.728926e-10
4.698914e-10
4.679708e-10
4.649149e-10
4.629780e-10
4.598663e-10
4.579147e-10
4.547462e-10
4.527816e-10
4.495554e-10
4.475799e-10
4.442952e-10
4.423106e-10
4.389655e-10
4.369738e-10
4.335676e-10
4.315717e-10
4.281022e-10
4.261038e-10
4.225703e-10
4.205726e-10
4.169723e-10
4.149780e-10
4.113095e-10
4.093218e-10
4.055821e-10
4.036048e-10
3.997919e-10
3.978278e-10
3.939383e-10
3.919921e-10
3.880231e-10
3.860992e-10
3.820466e-10
3.801499e-10
3.760101e-10
3.741460e-10
3.699138e-10
3.680882e-10
3.637587e-10
3.619778e-10
3.575452e-10
3.558167e-10
3.512743e-10
3.496060e-10
3.449456e-10
3.433471e-10
3.385609e-10
3.370420e-10
3.321197e-10
3.306920e-10
3.256230e-10
3.243005e-10
3.190719e-10
3.178703e-10
3.124699e-10
3.114098e-10
3.058254e-10
3.049355e-10
2.991625e-10
2.984907e-10
2.925464e-10
2.921862e-10
2.861552e-10
2.863209e-10
2.804742e-10
2.817016e-10
2.768246e-10
2.805142e-10
2.788003e-10
2.886932e-10
2.961740e-10
3.223646e-10
3.555168e-10
4.253517e-10
5.290628e-10
7.167685e-10
1.013172e-09
1.520384e-09
2.341621e-09
3.716280e-09
5.965377e-09
9.696740e-09
1.582860e-08
2.596464e-08
4.265266e-08
7.019661e-08
1.155813e-07
1.904426e-07
3.138353e-07
5.173159e-07
8.527591e-07
1.405859e-06
2.317717e-06
3.821172e-06
6.299880e-06
1.038662e-05
1.712438e-05
2.823294e-05
4.654724e-05
7.674106e-05
1.265181e-04
2.085760e-04
3.438370e-04
5.667649e-04
9.340938e-04
1.539128e-03
2.535061e-03
4.172747e-03
6.861124e-03
1.126195e-02
1.843315e-02
3.003201e-02
4.856819e-02
7.762951e-02
1.218529e-01
1.861839e-01
2.738852e-01
3.834337e-01
5.062498e-01
6.283164e-01
7.359455e-01
8.212737e-01
8.833971e-01
9.258760e-01
9.536909e-01
9.713908e-01
9.824501e-01
9.892814e-01
9.934713e-01
9.960300e-01
9.975883e-01
9.985358e-01
9.991114e-01
9.994609e-01
9.996729e-01
9.998016e-01
9.998797e-01
9.999270e-01
9.999557e-01
9.999731e-01
9.999837e-01
9.999901e-01
9.999940e-01
9.999964e-01
9.999978e-01
9.999987e-01
9.999992e-01
9.999995e-01
9.999997e-01
9.999998e-01
9.999999e-01
9.999999e-01
1.000000e+00
1.000000e+00
1.000000e+00
1.000000e+00
1.000000e+00
1.000000e+00
1.000000e+00
1.000000e+00
1.000000e+00
1.000000e+00
1.000000e+00
1.000000e+00
1.000000e+00
1.000000e+00
1.000000e+00
1.000000e+00
1.000000e+00
1.000000e+00
1.000000e+00
1.000000e+00
1.000000e+00
1.000000e+00
1.000000e+00
1.000000e+00
1.000000e+00
1.000000e+00
1.000000e+00
1.000000e+00
1.000000e+00
1.000000e+00
1.000000e+00
1.000000e+00
1.000000e+00
1.000000e+00
1.000000e+00
1.000000e+00
1.000000e+00
1.000000e+00
1.000000e+00
1.000000e+00
1.000000e+00
1.000000e+00
1.000000e+00
1.000000e+00
1.000000e+00
1.000000e+00
1.000000e+00
1.000000e+00
1.000000e+00
1.000000e+00
1.000000e+00
1.000000e+00
1.000000e+00
1.000000e+00
1.000000e+00
1.000000e+00
1.000000e+00
1.000000e+00
1.000000e+00
1.000000e+00
1.000000e+00
1.000000e+00
1.000000e+00
1.000000e+00
1.000000e+00
1.000000e+00
1.000000e+00
1.000000e+00
1.000000e+00
1.000000e+00
1.000000e+00
1.000000e+00
1.000000e+00
1.000000e+00
1.000000e+00
1.000000e+00
1.000000e+00
1.000000e+00
1.000000e+00
1.000000e+00
1.000000e+00
1.000000e+00
1.000000e+00
1.000000e+00
1.000000e+00
1.000000e+00
1.000000e+00
1.000000e+00
1.000000e+00
1.000000e+00
1.000000e+00
1.000000e+00
1.000000e+00
1.000000e+00
1.000000e+00
1.000000e+00
1.000000e+00
1.000000e+00
1.000000e+00
1.000000e+00
1.000000e+00
1.000000e+00
1.000000e+00
1.000000e+00
1.000000e+00
1.000000e+00
1.000000e+00
1.000000e+00
1.000000e+00
1.000000e+00
1.000000e+00
1.000000e+00
1.000000e+00
1.000000e+00
1.000000e+00
1.000000e+00
1.000000e+00
1.000000e+00
1.000000e+00
1.000000e+00
1.000000e+00
1.000000e+00
1.000000e+00
1.000000e+00
1.000000e+00
1.000000e+00
1.000000e+00
1.000000e+00
1.000000e+00
1.000000e+00
1.000000e+00
1.000000e+00
1.000000e+00
1.000000e+00
1.000000e+00
1.000000e+00
1.000000e+00
1.000000e+00
1.000000e+00
1.000000e+00
1.000000e+00
1.000000e+00
1.000000e+00
1.000000e+00
1.000000e+00
1.000000e+00
1.000000e+00
1.000000e+00
1.000000e+00
1.000000e+00
1.000000e+00
1.000000e+00
1.000000e+00
1.000000e+00
1.000000e+00
1.000000e+00
1.000000e+00
1.000000e+00
1.000000e+00
1.000000e+00
1.000000e+00
1.000000e+00
1.000000e+00
1.000000e+00
1.000000e+00
1.000000e+00
1.000000e+00
1.000000e+00
1.000000e+00
1.000000e+00
1.000000e+00
1.000000e+00
1.000000e+00
1.000000e+00
1.000000e+00
1.000000e+00
1.000000e+00
1.000000e+00
1.000000e+00
1.000000e+00
1.000000e+00
1.000000e+00
1.000000e+00
1.000000e+00
1.000000e+00
1.000000e+00
1.000000e+00
1.000000e+00
1.000000e+00
1.000000e+00
1.000000e+00
1.000000e+00
1.000000e+00
1.000000e+00
1.000000e+00
1.000000e+00
1.000000e+00
1.000000e+00
1.000000e+00
1.000000e+00
1.000000e+00
1.000000e+00
1.000000e+00
1.000000e+00
1.000000e+00
1.000000e+00
1.000000e+00
1.000000e+00
1.000000e+00
1.000000e+00
1.000000e+00
1.000000e+00
1.000000e+00
1.000000e+00
1.000000e+00
1.000000e+00
1.000000e+00
1.000000e+00
1.000000e+00
1.000000e+00
1.000000e+00
1.000000e+00
1.000000e+00
1.000000e+00
1.000000e+00
1.000000e+00
1.000000e+00
1.000000e+00
1.000000e+00
1.000000e+00
1.000000e+00
1.000000e+00
1.000000e+00
1.000000e+00
1.000000e+00
1.000000e+00
1.000000e+00
1.000000e+00
1.000000e+00
1.000000e+00
1.000000e+00
1.000000e+00
1.000000e+00
1.000000e+00
1.000000e+00
1.000000e+00
1.000000e+00
1.000000e+00
1.000000e+00
1.000000e+00
1.000000e+00
1.000000e+00
1.000000e+00
1.000000e+00
1.000000e+00
1.000000e+00
1.000000e+00
1.000000e+00
1.000000e+00
1.000000e+00
1.000000e+00
1.000000e+00
1.000000e+00
1.000000e+00
1.000000e+00
1.000000e+00
1.000000e+00
1.000000e+00
1.000000e+00
1.000000e+00
1.000000e+00
1.000000e+00
1.000000e+00
1.000000e+00
1.000000e+00
1.000000e+00
1.000000e+00
1.000000e+00
1.000000e+00
1.000000e+00
1.000000e+00
1.000000e+00
1.000000e+00
1.000000e+00
1.000000e+00
1.000000e+00
1.000000e+00
1.000000e+00
1.000000e+00
1.000000e+00
1.000000e+00
1.000000e+00
1.000000e+00
1.000000e+00
1.000000e+00
1.000000e+00
1.000000e+00
1.000000e+00
1.000000e+00
1.000000e+00
1.000000e+00
1.000000e+00
1.000000e+00
1.000000e+00
1.000000e+00
1.000000e+00
1.000000e+00
1.000000e+00
1.000000e+00
1.000000e+00
1.000000e+00
1.000000e+00
1.000000e+00
1.000000e+00
1.000000e+00
1.000000e+00
1.000000e+00
1.000000e+00
1.000000e+00
1.000000e+00
1.000000e+00
1.000000e+00
1.000000e+00
1.000000e+00
1.000000e+00
1.000000e+00
1.000000e+00
1.000000e+00
1.000000e+00
1.000000e+00
1.000000e+00
1.000000e+00
1.000000e+00
1.000000e+00
1.000000e+00
1.000000e+00
1.000000e+00
1.000000e+00
1.000000e+00
1.000000e+00
1.000000e+00
1.000000e+00
1.000000e+00
1.000000e+00
1.000000e+00
1.000000e+00
1.000000e+00
1.000000e+00
1.000000e+00
1.000000e+00
1.000000e+00
1.000000e+00
1.000000e+00
1.000000e+00
1.000000e+00
1.000000e+00
1.000000e+00
1.000000e+00
1.000000e+00
1.000000e+00
1.000000e+00
1.000000e+00
1.000000e+00
1.000000e+00
1.000000e+00
1.000000e+00
1.000000e+00
1.000000e+00
1.000000e+00
1.000000e+00
1.000000e+00
1.000000e+00
1.000000e+00
1.000000e+00
1.000000e+00
1.000000e+00
1.000000e+00
1.000000e+00
1.000000e+00
1.000000e+00
1.000000e+00
1.000000e+00
1.000000e+00
1.000000e+00
1.000000e+00
1.000000e+00
1.000000e+00
1.000000e+00
1.000000e+00
1.000000e+00
1.000000e+00
1.000000e+00
1.000000e+00
1.000000e+00
1.000000e+00
1.000000e+00
1.000000e+00
1.000000e+00
1.000000e+00
1.000000e+00
1.000000e+00
1.000000e+00
1.000000e+00
1.000000e+00
1.000000e+00
1.000000e+00
1.000000e+00
1.000000e+00
1.000000e+00
1.000000e+00
1.000000e+00
1.000000e+00
1.000000e+00
1.000000e+00
1.000000e+00
1.000000e+00
1.000000e+00
1.000000e+00
1.000000e+00
1.000000e+00
1.000000e+00
1.000000e+00
1.000000e+00
1.000000e+00
1.000000e+00
1.000000e+00
1.000000e+00
1.000000e+00
1.000000e+00
1.000000e+00
1.000000e+00
1.000000e+00
1.000000e+00
1.000000e+00
1.000000e+00
1.000000e+00
1.000000e+00
1.000000e+00
1.000000e+00
1.000000e+00
1.000000e+00
1.000000e+00
1.000000e+00
1.000000e+00
1.000000e+00
1.000000e+00
1.000000e+00
1.000000e+00
1.000000e+00
1.000000e+00
1.000000e+00
1.000000e+00
1.000000e+00
1.000000e+00
1.000000e+00
1.000000e+00
1.000000e+00
1.000000e+00
1.000000e+00
1.000000e+00
1.000000e+00
1.000000e+00
1.000000e+00
1.000000e+00
1.000000e+00
1.000000e+00
1.000000e+00
1.000000e+00
1.000000e+00
1.000000e+00
1.000000e+00
1.000000e+00
1.000000e+00
1.000000e+00
1.000000e+00
1.000000e+00
1.000000e+00
1.000000e+00
1.000000e+00
1.000000e+00
1.000000e+00
1.000000e+00
1.000000e+00
1.000000e+00
1.000000e+00
1.000000e+00
1.000000e+00
1.000000e+00
1.000000e+00
1.000000e+00
1.000000e+00
1.000000e+00
1.000000e+00
1.000000e+00
1.000000e+00
1.000000e+00
1.000000e+00
9.999999e-01
9.999999e-01
9.999998e-01
9.999997e-01
9.999995e-01
9.999992e-01
9.999987e-01
9.999978e-01
9.999964e-01
9.999940e-01
9.999901e-01
9.999837e-01
9.999731e-01
9.999557e-01
9.999270e-01
9.998797e-01
9.998016e-01
9.996729e-01
9.994609e-01
9.991114e-01
9.985358e-01
9.975883e-01
9.960300e-01
9.934713e-01
9.892814e-01
9.824501e-01
9.713908e-01
9.536909e-01
9.258760e-01
8.833971e-01
8.212737e-01
7.359455e-01
6.283164e-01
5.062498e-01
3.834337e-01
2.738852e-01
1.861839e-01
1.218529e-01
7.762951e-02
4.856819e-02
3.003201e-02
1.843315e-02
1.126195e-02
6.861124e-03
4.172747e-03
2.535061e-03
1.539128e-03
9.340938e-04
5.667649e-04
3.438370e-04
2.085760e-04
1.265181e-04
7.674106e-05
4.654724e-05
2.823294e-05
1.712438e-05
1.038662e-05
6.299880e-06
3.821172e-06
2.317717e-06
1.405859e-06
8.527592e-07
5.173159e-07
3.138353e-07
1.904426e-07
1.155813e-07
7.019664e-08
4.265268e-08
2.596467e-08
1.582863e-08
9.696773e-09
5.965411e-09
3.716315e-09
2.341658e-09
1.520423e-09
1.013212e-09
7.168100e-10
5.291058e-10
4.253963e-10
3.555625e-10
3.224115e-10
2.962223e-10
2.887425e-10
2.788505e-10
2.805655e-10
2.768770e-10
2.817553e-10
2.805287e-10
2.863763e-10
2.862115e-10
2.922432e-10
2.926043e-10
2.985494e-10
2.992221e-10
3.049961e-10
3.058866e-10
3.114720e-10
3.125328e-10
3.179344e-10
3.191363e-10
3.243658e-10
3.256892e-10
3.307591e-10
3.321872e-10
3.371100e-10
3.386297e-10
3.434165e-10
3.450155e-10
3.496760e-10
3.513446e-10
3.558874e-10
3.576160e-10
3.620486e-10
3.638296e-10
3.681587e-10
3.699839e-10
3.742157e-10
3.760794e-10
3.802187e-10
3.821147e-10
3.861664e-10
3.880894e-10
3.920576e-10
3.940025e-10
3.978910e-10
3.998538e-10
4.036656e-10
4.056419e-10
4.093804e-10
4.113668e-10
4.150343e-10
4.170270e-10
4.206256e-10
4.226219e-10
4.261543e-10
4.281508e-10
4.316182e-10
4.336130e-10
4.370176e-10
4.390077e-10
4.423509e-10
4.443342e-10
4.476175e-10
4.495915e-10
4.528165e-10
4.547797e-10
4.579465e-10
4.598967e-10
4.630071e-10
4.649426e-10
4.679974e-10
4.699164e-10
4.729160e-10
4.748176e-10
4.777632e-10
4.796452e-10
4.825372e-10
4.843987e-10
4.872376e-10
4.890772e-10
4.918637e-10
4.936802e-10
4.964146e-10
4.982063e-10
5.008891e-10
5.026553e-10
5.052868e-10
5.070264e-10
5.096066e-10
5.113186e-10
5.138482e-10
5.155313e-10
5.180104e-10
5.196642e-10
5.220929e-10
5.237161e-10
5.260947e-10
5.276865e-10
5.300153e-10
5.315747e-10
5.338536e-10
5.353800e-10
5.376092e-10
5.391020e-10
5.412816e-10
5.427401e-10
5.448704e-10
5.462936e-10
5.483743e-10
5.497620e-10
5.517935e-10
5.531450e-10
5.551270e-10
5.564417e-10
5.583748e-10
5.596518e-10
5.615352e-10
5.627743e-10
5.646090e-10
5.658091e-10
5.675944e-10
5.687557e-10
5.704919e-10
5.716133e-10
5.733005e-10
5.743821e-10
5.760201e-10
5.770611e-10
5.786501e-10
5.796502e-10
5.811899e-10
5.821483e-10
5.836390e-10
5.845556e-10
5.859973e-10
5.868719e-10
5.882641e-10
5.890961e-10
5.904395e-10
5.912285e-10
5.925227e-10
5.932687e-10
5.945139e-10
5.952162e-10
5.964122e-10
5.970707e-10
5.982179e-10
5.988319e-10
5.999299e-10
6.004998e-10
6.015486e-10
6.020733e-10
6.030731e-10
6.035532e-10
6.045041e-10
6.049384e-10
6.058404e-10
6.062293e-10
6.070824e-10
6.074253e-10
6.082295e-10
6.085265e-10
6.092817e-10
6.095320e-10
6.102384e-10
6.104425e-10
6.111001e-10
6.112574e-10
6.118662e-10
6.119768e-10
6.125370e-10
6.126002e-10
6.131118e-10
6.131280e-10
6.135907e-10
6.135595e-10
6.139740e-10
6.138953e-10
6.142614e-10
6.141349e-10
6.144523e-10
6.142779e-10
6.145476e-10
