7.190118e-06
7.189949e-06
7.189443e-06
7.188599e-06
7.187417e-06
7.185899e-06
7.184042e-06
7.181849e-06
7.179318e-06
7.176451e-06
7.173246e-06
7.169705e-06
7.165827e-06
7.161613e-06
7.157062e-06
7.152176e-06
7.146954e-06
7.141396e-06
7.135503e-06
7.129275e-06
7.122712e-06
7.115815e-06
7.108584e-06
7.101019e-06
7.093121e-06
7.084890e-06
7.076326e-06
7.067430e-06
7.058202e-06
7.048643e-06
7.038753e-06
7.028533e-06
7.017982e-06
7.007102e-06
6.995893e-06
6.984356e-06
6.972491e-06
6.960299e-06
6.947780e-06
6.934935e-06
6.921764e-06
6.908269e-06
6.894448e-06
6.880305e-06
6.865839e-06
6.851050e-06
6.835940e-06
6.820509e-06
6.804757e-06
6.788687e-06
6.772297e-06
6.755590e-06
6.738566e-06
6.721225e-06
6.703569e-06
6.685599e-06
6.667314e-06
6.648717e-06
6.629807e-06
6.610587e-06
6.591056e-06
6.571216e-06
6.551067e-06
6.530612e-06
6.509849e-06
6.488782e-06
6.467409e-06
6.445733e-06
6.423755e-06
6.401475e-06
6.378895e-06
6.356015e-06
6.332837e-06
6.309363e-06
6.285592e-06
6.261526e-06
6.237166e-06
6.212514e-06
6.187570e-06
6.162336e-06
6.136813e-06
6.111002e-06
6.084904e-06
6.058521e-06
6.031853e-06
6.004903e-06
5.977670e-06
5.950158e-06
5.922366e-06
5.894297e-06
5.865950e-06
5.837329e-06
5.808434e-06
5.779267e-06
5.749828e-06
5.720120e-06
5.690143e-06
5.659900e-06
5.629391e-06
5.598619e-06
5.567583e-06
5.536287e-06
5.504731e-06
5.472917e-06
5.440846e-06
5.408520e-06
5.375940e-06
5.343109e-06
5.310027e-06
5.276696e-06
5.243117e-06
5.209293e-06
5.175224e-06
5.140914e-06
5.106361e-06
5.071570e-06
5.036541e-06
5.001276e-06
4.965776e-06
4.930044e-06
4.894080e-06
4.857888e-06
4.821467e-06
4.784821e-06
4.747950e-06
4.710858e-06
4.673543e-06
4.636011e-06
4.598261e-06
4.560296e-06
4.522116e-06
4.483726e-06
4.445125e-06
4.406316e-06
4.367300e-06
4.328081e-06
4.288658e-06
4.249035e-06
4.209212e-06
4.169193e-06
4.128977e-06
4.088570e-06
4.047970e-06
4.007182e-06
3.966204e-06
3.925043e-06
3.883696e-06
3.842170e-06
3.800461e-06
3.758577e-06
3.716514e-06
3.674281e-06
3.631872e-06
3.589297e-06
3.546551e-06
3.503642e-06
3.460566e-06
3.417331e-06
3.373933e-06
3.330381e-06
3.286670e-06
3.242808e-06
3.198792e-06
3.154629e-06
3.110316e-06
3.065861e-06
3.021258e-06
2.976519e-06
2.931637e-06
2.886622e-06
2.841467e-06
2.796185e-06
2.750767e-06
2.705226e-06
2.659554e-06
2.613763e-06
2.567845e-06
2.521814e-06
2.475659e-06
2.429397e-06
2.383017e-06
2.336537e-06
2.289945e-06
2.243266e-06
2.196490e-06
2.149647e-06
2.102739e-06
2.055817e-06
2.008907e-06
1.962116e-06
1.915547e-06
1.869442e-06
1.824125e-06
1.780207e-06
1.738606e-06
1.700930e-06
1.669729e-06
1.649309e-06
1.646657e-06
1.673413e-06
1.748635e-06
1.903882e-06
2.191034e-06
2.695793e-06
3.559268e-06
5.014309e-06
7.444595e-06
1.148293e-05
1.817235e-05
2.923270e-05
4.749904e-05
7.764531e-05
1.273755e-04
2.093877e-04
3.446048e-04
5.674919e-04
9.347847e-04
1.539790e-03
2.535708e-03
4.173398e-03
6.861811e-03
1.126273e-02
1.843409e-02
3.003323e-02
4.856987e-02
7.763189e-02
1.218563e-01
1.861885e-01
2.738910e-01
3.834405e-01
5.062569e-01
6.283229e-01
7.359508e-01
8.212776e-01
8.833997e-01
9.258776e-01
9.536918e-01
9.713913e-01
9.824502e-01
9.892814e-01
9.934711e-01
9.960296e-01
9.975879e-01
9.985354e-01
9.991109e-01
9.994603e-01
9.996724e-01
9.998010e-01
9.998790e-01
9.999263e-01
9.999550e-01
9.999724e-01
9.999829e-01
9.999893e-01
9.999932e-01
9.999955e-01
9.999969e-01
9.999977e-01
9.999982e-01
9.999985e-01
9.999986e-01
9.999987e-01
9.999988e-01
9.999988e-01
9.999988e-01
9.999988e-01
9.999987e-01
9.999987e-01
9.999987e-01
9.999986e-01
9.999986e-01
9.999986e-01
9.999985e-01
9.999985e-01
9.999985e-01
9.999984e-01
9.999984e-01
9.999984e-01
9.999983e-01
9.999983e-01
9.999983e-01
9.999982e-01
9.999982e-01
9.999982e-01
9.999982e-01
9.999981e-01
9.999981e-01
9.999981e-01
9.999980e-01
9.999980e-01
9.999980e-01
9.999979e-01
9.999979e-01
9.999979e-01
9.999978e-01
9.999978e-01
9.999978e-01
9.999977e-01
9.999977e-01
9.999977e-01
9.999976e-01
9.999976e-01
9.999976e-01
9.999975e-01
9.999975e-01
9.999975e-01
9.999974e-01
9.999974e-01
9.999974e-01
9.999974e-01
9.999973e-01
9.999973e-01
9.999973e-01
9.999972e-01
9.999972e-01
9.999972e-01
9.999971e-01
9.999971e-01
9.999971e-01
9.999971e-01
9.999970e-01
9.999970e-01
9.999970e-01
9.999969e-01
9.999969e-01
9.999969e-01
9.999968e-01
9.999968e-01
9.999968e-01
9.999968e-01
9.999967e-01
9.999967e-01
9.999967e-01
9.999966e-01
9.999966e-01
9.999966e-01
9.999966e-01
9.999965e-01
9.999965e-01
9.999965e-01
9.999964e-01
9.999964e-01
9.999964e-01
9.999964e-01
9.999963e-01
9.999963e-01
9.999963e-01
9.999963e-01
9.999962e-01
9.999962e-01
9.999962e-01
9.999961e-01
9.999961e-01
9.999961e-01
9.999961e-01
9.999960e-01
9.999960e-01
9.999960e-01
9.999960e-01
9.999959e-01
9.999959e-01
9.999959e-01
9.999959e-01
9.999958e-01
9.999958e-01
9.999958e-01
9.999958e-01
9.999957e-01
9.999957e-01
9.999957e-01
9.999957e-01
9.999956e-01
9.999956e-01
9.999956e-01
9.999956e-01
9.999955e-01
9.999955e-01
9.999955e-01
9.999955e-01
9.999954e-01
9.999954e-01
9.999954e-01
9.999954e-01
9.999954e-01
9.999953e-01
9.999953e-01
9.999953e-01
9.999953e-01
9.999952e-01
9.999952e-01
9.999952e-01
9.999952e-01
9.999952e-01
9.999951e-01
9.999951e-01
9.999951e-01
9.999951e-01
9.999951e-01
9.999950e-01
9.999950e-01
9.999950e-01
9.999950e-01
9.999950e-01
9.999949e-01
9.999949e-01
9.999949e-01
9.999949e-01
9.999949e-01
9.999948e-01
9.999948e-01
9.999948e-01
9.999948e-01
9.999948e-01
9.999948e-01
9.999947e-01
9.999947e-01
9.999947e-01
9.999947e-01
9.999947e-01
9.999947e-01
9.999946e-01
9.999946e-01
9.999946e-01
9.999946e-01
9.999946e-01
9.999946e-01
9.999945e-01
9.999945e-01
9.999945e-01
9.999945e-01
9.999945e-01
9.999945e-01
9.999944e-01
9.999944e-01
9.999944e-01
9.999944e-01
9.999944e-01
9.999944e-01
9.999944e-01
9.999943e-01
9.999943e-01
9.999943e-01
9.999943e-01
9.999943e-01
9.999943e-01
9.999943e-01
9.999943e-01
9.999942e-01
9.999942e-01
9.999942e-01
9.999942e-01
9.999942e-01
9.999942e-01
9.999942e-01
9.999942e-01
9.999942e-01
9.999941e-01
9.999941e-01
9.999941e-01
9.999941e-01
9.999941e-01
9.999941e-01
9.999941e-01
9.999941e-01
9.999941e-01
9.999941e-01
9.999941e-01
9.999940e-01
9.999940e-01
9.999940e-01
9.999940e-01
9.999940e-01
9.999940e-01
9.999940e-01
9.999940e-01
9.999940e-01
9.999940e-01
9.999940e-01
9.999940e-01
9.999940e-01
9.999939e-01
9.999939e-01
9.999939e-01
9.999939e-01
9.999939e-01
9.999939e-01
9.999939e-01
9.999939e-01
9.999939e-01
9.999939e-01
9.999939e-01
9.999939e-01
9.999939e-01
9.999939e-01
9.999939e-01
9.999939e-01
9.999939e-01
9.999939e-01
9.999939e-01
9.999939e-01
9.999939e-01
9.999939e-01
9.999939e-01
9.999939e-01
9.999939e-01
9.999939e-01
9.999939e-01
9.999939e-01
9.999939e-01
9.999939e-01
9.999939e-01
9.999939e-01
9.999939e-01
9.999939e-01
9.999939e-01
9.999939e-01
9.999939e-01
9.999939e-01
9.999939e-01
9.999939e-01
9.999939e-01
9.999939e-01
9.999939e-01
9.999939e-01
9.999939e-01
9.999939e-01
9.999939e-01
9.999939e-01
9.999939e-01
9.999939e-01
9.999939e-01
9.999939e-01
9.999939e-01
9.999939e-01
9.999939e-01
9.999939e-01
9.999939e-01
9.999939e-01
9.999939e-01
9.999939e-01
9.999939e-01
9.999939e-01
9.999939e-01
9.999939e-01
9.999939e-01
9.999940e-01
9.999940e-01
9.999940e-01
9.999940e-01
9.999940e-01
9.999940e-01
9.999940e-01
9.999940e-01
9.999940e-01
9.999940e-01
9.999940e-01
9.999940e-01
9.999940e-01
9.999941e-01
9.999941e-01
9.999941e-01
9.999941e-01
9.999941e-01
9.999941e-01
9.999941e-01
9.999941e-01
9.999941e-01
9.999941e-01
9.999941e-01
9.999942e-01
9.999942e-01
9.999942e-01
9.999942e-01
9.999942e-01
9.999942e-01
9.999942e-01
9.999942e-01
9.999942e-01
9.999943e-01
9.999943e-01
9.999943e-01
9.999943e-01
9.999943e-01
9.999943e-01
9.999943e-01
9.999943e-01
9.999944e-01
9.999944e-01
9.999944e-01
9.999944e-01
9.999944e-01
9.999944e-01
9.999944e-01
9.999945e-01
9.999945e-01
9.999945e-01
9.999945e-01
9.999945e-01
9.999945e-01
9.999946e-01
9.999946e-01
9.999946e-01
9.999946e-01
9.999946e-01
9.999946e-01
9.999947e-01
9.999947e-01
9.999947e-01
9.999947e-01
9.999947e-01
9.999947e-01
9.999948e-01
9.999948e-01
9.999948e-01
9.999948e-01
9.999948e-01
9.999948e-01
9.999949e-01
9.999949e-01
9.999949e-01
9.999949e-01
9.999949e-01
9.999950e-01
9.999950e-01
9.999950e-01
9.999950e-01
9.999950e-01
9.999951e-01
9.999951e-01
9.999951e-01
9.999951e-01
9.999951e-01
9.999952e-01
9.999952e-01
9.999952e-01
9.999952e-01
9.999952e-01
9.999953e-01
9.999953e-01
9.999953e-01
9.999953e-01
9.999954e-01
9.999954e-01
9.999954e-01
9.999954e-01
9.999954e-01
9.999955e-01
9.999955e-01
9.999955e-01
9.999955e-01
9.999956e-01
9.999956e-01
9.999956e-01
9.999956e-01
9.999957e-01
9.999957e-01
9.999957e-01
9.999957e-01
9.999958e-01
9.999958e-01
9.999958e-01
9.999958e-01
9.999959e-01
9.999959e-01
9.999959e-01
9.999959e-01
9.999960e-01
9.999960e-01
9.999960e-01
9.999960e-01
9.999961e-01
9.999961e-01
9.999961e-01
9.999961e-01
9.999962e-01
9.999962e-01
9.999962e-01
9.999963e-01
9.999963e-01
9.999963e-01
9.999963e-01
9.999964e-01
9.999964e-01
9.999964e-01
9.999964e-01
9.999965e-01
9.999965e-01
9.999965e-01
9.999966e-01
9.999966e-01
9.999966e-01
9.999966e-01
9.999967e-01
9.999967e-01
9.999967e-01
9.999968e-01
9.999968e-01
9.999968e-01
9.999968e-01
9.999969e-01
9.999969e-01
9.999969e-01
9.999970e-01
9.999970e-01
9.999970e-01
9.999971e-01
9.999971e-01
9.999971e-01
9.999971e-01
9.999972e-01
9.999972e-01
9.999972e-01
9.999973e-01
9.999973e-01
9.999973e-01
9.999974e-01
9.999974e-01
9.999974e-01
9.999974e-01
9.999975e-01
9.999975e-01
9.999975e-01
9.999976e-01
9.999976e-01
9.999976e-01
9.999977e-01
9.999977e-01
9.999977e-01
9.999978e-01
9.999978e-01
9.999978e-01
9.999979e-01
9.999979e-01
9.999979e-01
9.999980e-01
9.999980e-01
9.999980e-01
9.999981e-01
9.999981e-01
9.999981e-01
9.999982e-01
9.999982e-01
9.999982e-01
9.999982e-01
9.999983e-01
9.999983e-01
9.999983e-01
9.999984e-01
9.999984e-01
9.999984e-01
9.999985e-01
9.999985e-01
9.999985e-01
9.999986e-01
9.999986e-01
9.999986e-01
9.999987e-01
9.999987e-01
9.999987e-01
9.999988e-01
9.999988e-01
9.999988e-01
9.999988e-01
9.999987e-01
9.999986e-01
9.999985e-01
9.999982e-01
9.999977e-01
9.999969e-01
9.999955e-01
9.999932e-01
9.999893e-01
9.999829e-01
9.999724e-01
9.999550e-01
9.999263e-01
9.998790e-01
9.998010e-01
9.996724e-01
9.994603e-01
9.991109e-01
9.985354e-01
9.975879e-01
9.960296e-01
9.934711e-01
9.892814e-01
9.824502e-01
9.713913e-01
9.536918e-01
9.258776e-01
8.833997e-01
8.212776e-01
7.359508e-01
6.283229e-01
5.062569e-01
3.834405e-01
2.738910e-01
1.861885e-01
1.218563e-01
7.763189e-02
4.856987e-02
3.003323e-02
1.843409e-02
1.126273e-02
6.861811e-03
4.173398e-03
2.535708e-03
1.539790e-03
9.347847e-04
5.674919e-04
3.446048e-04
2.093877e-04
1.273755e-04
7.764531e-05
4.749904e-05
2.923270e-05
1.817235e-05
1.148293e-05
7.444595e-06
5.014309e-06
3.559268e-06
2.695793e-06
2.191034e-06
1.903882e-06
1.748635e-06
1.673413e-06
1.646657e-06
1.649309e-06
1.669729e-06
1.700930e-06
1.738606e-06
1.780207e-06
1.824125e-06
1.869442e-06
1.915547e-06
1.962116e-06
2.008907e-06
2.055817e-06
2.102739e-06
2.149647e-06
2.196490e-06
2.243266e-06
2.289945e-06
2.336537e-06
2.383017e-06
2.429397e-06
2.475659e-06
2.521814e-06
2.567845e-06
2.613763e-06
2.659554e-06
2.705226e-06
2.750767e-06
2.796185e-06
2.841467e-06
2.886622e-06
2.931637e-06
2.976519e-06
3.021258e-06
3.065861e-06
3.110316e-06
3.154629e-06
3.198792e-06
3.242808e-06
3.286670e-06
3.330381e-06
3.373933e-06
3.417331e-06
3.460566e-06
3.503642e-06
3.546551e-06
3.589297e-06
3.631872e-06
3.674281e-06
3.716514e-06
3.758577e-06
3.800461e-06
3.842170e-06
3.883696e-06
3.925043e-06
3.966204e-06
4.007182e-06
4.047970e-06
4.088570e-06
4.128977e-06
4.169193e-06
4.209212e-06
4.249035e-06
4.288658e-06
4.328081e-06
4.367300e-06
4.406316e-06
4.445125e-06
4.483726e-06
4.522116e-06
4.560296e-06
4.598261e-06
4.636011e-06
4.673543e-06
4.710858e-06
4.747950e-06
4.784821e-06
4.821467e-06
4.857888e-06
4.894080e-06
4.930044e-06
4.965776e-06
5.001276e-06
5.036541e-06
5.071570e-06
5.106361e-06
5.140914e-06
5.175224e-06
5.209293e-06
5.243117e-06
5.276696e-06
5.310027e-06
5.343109e-06
5.375940e-06
5.408520e-06
5.440846e-06
5.472917e-06
5.504731e-06
5.536287e-06
5.567583e-06
5.598619e-06
5.629391e-06
5.659900e-06
5.690143e-06
5.720120e-06
5.749828e-06
5.779267e-06
5.808434e-06
5.837329e-06
5.865950e-06
5.894297e-06
5.922366e-06
5.950158e-06
5.977670e-06
6.004903e-06
6.031853e-06
6.058521e-06
6.084904e-06
6.111002e-06
6.136813e-06
6.162336e-06
6.187570e-06
6.212514e-06
6.237166e-06
6.261526e-06
6.285592e-06
6.309363e-06
6.332837e-06
6.356015e-06
6.378895e-06
6.401475e-06
6.423755e-06
6.445733e-06
6.467409e-06
6.488782e-06
6.509849e-06
6.530612e-06
6.551067e-06
6.571216e-06
6.591056e-06
6.610587e-06
6.629807e-06
6.648717e-06
6.667314e-06
6.685599e-06
6.703569e-06
6.721225e-06
6.738566e-06
6.755590e-06
6.772297e-06
6.788687e-06
6.804757e-06
6.820509e-06
6.835940e-06
6.851050e-06
6.865839e-06
6.880305e-06
6.894448e-06
6.908269e-06
6.921764e-06
6.934935e-06
6.947780e-06
6.960299e-06
6.972491e-06
6.984356e-06
6.995893e-06
7.007102e-06
7.017982e-06
7.028533e-06
7.038753e-06
7.048643e-06
7.058202e-06
7.067430e-06
7.076326e-06
7.084890e-06
7.093121e-06
7.101019e-06
7.108584e-06
7.115815e-06
7.122712e-06
7.129275e-06
7.135503e-06
7.141396e-06
7.146954e-06
7.152176e-06
7.157062e-06
7.161613e-06
7.165827e-06
7.169705e-06
7.173246e-06
7.176451e-06
7.179318e-06
7.181849e-06
7.184042e-06
7.185899e-06
7.187417e-06
7.188599e-06
7.189443e-06
7.189949e-06
