3.856120e-10
3.858385e-10
3.855819e-10
3.857786e-10
3.854923e-10
3.856600e-10
3.853436e-10
3.854819e-10
3.851363e-10
3.852453e-10
3.848692e-10
3.849496e-10
3.845435e-10
3.845951e-10
3.841589e-10
3.841820e-10
3.837157e-10
3.837103e-10
3.832138e-10
3.831804e-10
3.826532e-10
3.825915e-10
3.820342e-10
3.819447e-10
3.813567e-10
3.812393e-10
3.806204e-10
3.804757e-10
3.798264e-10
3.796543e-10
3.789740e-10
3.787749e-10
3.780639e-10
3.778374e-10
3.770959e-10
3.768424e-10
3.760693e-10
3.757898e-10
3.749856e-10
3.746797e-10
3.738445e-10
3.735123e-10
3.726461e-10
3.722881e-10
3.713901e-10
3.710066e-10
3.700777e-10
3.696692e-10
3.687085e-10
3.682750e-10
3.672828e-10
3.668242e-10
3.658003e-10
3.653173e-10
3.642617e-10
3.637551e-10
3.626674e-10
3.621369e-10
3.610177e-10
3.604639e-10
3.593125e-10
3.587356e-10
3.575523e-10
3.569531e-10
3.557372e-10
3.551155e-10
3.538678e-10
3.532244e-10
3.519440e-10
3.512791e-10
3.499661e-10
3.492802e-10
3.479348e-10
3.472281e-10
3.458497e-10
3.451233e-10
3.437117e-10
3.429655e-10
3.415209e-10
3.407563e-10
3.392778e-10
3.384948e-10
3.369829e-10
3.361822e-10
3.346362e-10
3.338181e-10
3.322382e-10
3.314038e-10
3.297897e-10
3.289393e-10
3.272901e-10
3.264248e-10
3.247407e-10
3.238610e-10
3.221419e-10
3.212485e-10
3.194934e-10
3.185871e-10
3.167964e-10
3.158780e-10
3.140504e-10
3.131214e-10
3.112567e-10
3.103178e-10
3.084157e-10
3.074679e-10
3.055274e-10
3.045718e-10
3.025926e-10
3.016304e-10
2.996119e-10
2.986444e-10
2.965856e-10
2.956141e-10
2.935140e-10
2.925402e-10
2.903976e-10
2.894223e-10
2.872367e-10
2.862621e-10
2.840320e-10
2.830592e-10
2.807837e-10
2.798151e-10
2.774924e-10
2.765297e-10
2.741585e-10
2.732043e-10
2.707827e-10
2.698386e-10
2.673652e-10
2.664339e-10
2.639062e-10
2.629907e-10
2.604064e-10
2.595093e-10
2.568666e-10
2.559911e-10
2.532862e-10
2.524363e-10
2.496666e-10
2.488458e-10
2.460078e-10
2.452206e-10
2.423103e-10
2.415614e-10
2.385746e-10
2.378688e-10
2.348007e-10
2.341440e-10
2.309892e-10
2.303883e-10
2.271402e-10
2.266018e-10
2.232538e-10
2.227861e-10
2.193310e-10
2.189424e-10
2.153708e-10
2.150720e-10
2.113741e-10
2.111758e-10
2.073406e-10
2.072567e-10
2.032709e-10
2.033173e-10
1.991684e-10
1.993650e-10
1.950413e-10
1.954166e-10
1.909126e-10
1.915142e-10
1.868475e-10
1.877689e-10
1.830236e-10
1.844794e-10
1.799259e-10
1.824509e-10
1.788751e-10
1.838695e-10
1.834643e-10
1.946696e-10
2.034662e-10
2.309766e-10
2.654515e-10
3.366131e-10
4.416535e-10
6.306924e-10
9.284324e-10
1.436984e-09
2.259563e-09
3.635568e-09
5.886013e-09
9.618727e-09
1.575194e-08
2.588934e-08
4.257871e-08
7.012402e-08
1.155100e-07
1.903727e-07
3.137668e-07
5.172486e-07
8.526932e-07
1.405794e-06
2.317654e-06
3.821109e-06
6.299819e-06
1.038656e-05
1.712432e-05
2.823288e-05
4.654718e-05
7.674099e-05
1.265181e-04
2.085759e-04
3.438369e-04
5.667648e-04
9.340935e-04
1.539127e-03
2.535060e-03
4.172746e-03
6.861122e-03
1.126195e-02
1.843315e-02
3.003200e-02
4.856818e-02
7.762950e-02
1.218529e-01
1.861839e-01
2.738851e-01
3.834336e-01
5.062498e-01
6.283163e-01
7.359455e-01
8.212736e-01
8.833971e-01
9.258760e-01
9.536909e-01
9.713908e-01
9.824501e-01
9.892814e-01
9.934713e-01
9.960300e-01
9.975883e-01
9.985358e-01
9.991114e-01
9.994609e-01
9.996729e-01
9.998016e-01
9.998797e-01
9.999270e-01
9.999557e-01
9.999731e-01
9.999837e-01
9.999901e-01
9.999940e-01
9.999964e-01
9.999978e-01
9.999987e-01
9.999992e-01
9.999995e-01
9.999997e-01
9.999998e-01
9.999999e-01
9.999999e-01
1.000000e+00
1.000000e+00
1.000000e+00
1.000000e+00
1.000000e+00
1.000000e+00
1.000000e+00
1.000000e+00
1.000000e+00
1.000000e+00
1.000000e+00
1.000000e+00
1.000000e+00
1.000000e+00
1.000000e+00
1.000000e+00
1.000000e+00
1.000000e+00
1.000000e+00
1.000000e+00
1.000000e+00
1.000000e+00
1.000000e+00
1.000000e+00
1.000000e+00
1.000000e+00
1.000000e+00
1.000000e+00
1.000000e+00
1.000000e+00
1.000000e+00
1.000000e+00
1.000000e+00
1.000000e+00
1.000000e+00
1.000000e+00
1.000000e+00
1.000000e+00
1.000000e+00
1.000000e+00
1.000000e+00
1.000000e+00
1.000000e+00
1.000000e+00
1.000000e+00
1.000000e+00
1.000000e+00
1.000000e+00
1.000000e+00
1.000000e+00
1.000000e+00
1.000000e+00
1.000000e+00
1.000000e+00
1.000000e+00
1.000000e+00
1.000000e+00
1.000000e+00
1.000000e+00
1.000000e+00
1.000000e+00
1.000000e+00
1.000000e+00
1.000000e+00
1.000000e+00
1.000000e+00
1.000000e+00
1.000000e+00
1.000000e+00
1.000000e+00
1.000000e+00
1.000000e+00
1.000000e+00
1.000000e+00
1.000000e+00
1.000000e+00
1.000000e+00
1.000000e+00
1.000000e+00
1.000000e+00
1.000000e+00
1.000000e+00
1.000000e+00
1.000000e+00
1.000000e+00
1.000000e+00
1.000000e+00
1.000000e+00
1.000000e+00
1.000000e+00
1.000000e+00
1.000000e+00
1.000000e+00
1.000000e+00
1.000000e+00
1.000000e+00
1.000000e+00
1.000000e+00
1.000000e+00
1.000000e+00
1.000000e+00
1.000000e+00
1.000000e+00
1.000000e+00
1.000000e+00
1.000000e+00
1.000000e+00
1.000000e+00
1.000000e+00
1.000000e+00
1.000000e+00
1.000000e+00
1.000000e+00
1.000000e+00
1.000000e+00
1.000000e+00
1.000000e+00
1.000000e+00
1.000000e+00
1.000000e+00
1.000000e+00
1.000000e+00
1.000000e+00
1.000000e+00
1.000000e+00
1.000000e+00
1.000000e+00
1.000000e+00
1.000000e+00
1.000000e+00
1.000000e+00
1.000000e+00
1.000000e+00
1.000000e+00
1.000000e+00
1.000000e+00
1.000000e+00
1.000000e+00
1.000000e+00
1.000000e+00
1.000000e+00
1.000000e+00
1.000000e+00
1.000000e+00
1.000000e+00
1.000000e+00
1.000000e+00
1.000000e+00
1.000000e+00
1.000000e+00
1.000000e+00
1.000000e+00
1.000000e+00
1.000000e+00
1.000000e+00
1.000000e+00
1.000000e+00
1.000000e+00
1.000000e+00
1.000000e+00
1.000000e+00
1.000000e+00
1.000000e+00
1.000000e+00
1.000000e+00
1.000000e+00
1.000000e+00
1.000000e+00
1.000000e+00
1.000000e+00
1.000000e+00
1.000000e+00
1.000000e+00
1.000000e+00
1.000000e+00
1.000000e+00
1.000000e+00
1.000000e+00
1.000000e+00
1.000000e+00
1.000000e+00
1.000000e+00
1.000000e+00
1.000000e+00
1.000000e+00
1.000000e+00
1.000000e+00
1.000000e+00
1.000000e+00
1.000000e+00
1.000000e+00
1.000000e+00
1.000000e+00
1.000000e+00
1.000000e+00
1.000000e+00
1.000000e+00
1.000000e+00
1.000000e+00
1.000000e+00
1.000000e+00
1.000000e+00
1.000000e+00
1.000000e+00
1.000000e+00
1.000000e+00
1.000000e+00
1.000000e+00
1.000000e+00
1.000000e+00
1.000000e+00
1.000000e+00
1.000000e+00
1.000000e+00
1.000000e+00
1.000000e+00
1.000000e+00
1.000000e+00
1.000000e+00
1.000000e+00
1.000000e+00
1.000000e+00
1.000000e+00
1.000000e+00
1.000000e+00
1.000000e+00
1.000000e+00
1.000000e+00
1.000000e+00
1.000000e+00
1.000000e+00
1.000000e+00
1.000000e+00
1.000000e+00
1.000000e+00
1.000000e+00
1.000000e+00
1.000000e+00
1.000000e+00
1.000000e+00
1.000000e+00
1.000000e+00
1.000000e+00
1.000000e+00
1.000000e+00
1.000000e+00
1.000000e+00
1.000000e+00
1.000000e+00
1.000000e+00
1.000000e+00
1.000000e+00
1.000000e+00
1.000000e+00
1.000000e+00
1.000000e+00
1.000000e+00
1.000000e+00
1.000000e+00
1.000000e+00
1.000000e+00
1.000000e+00
1.000000e+00
1.000000e+00
1.000000e+00
1.000000e+00
1.000000e+00
1.000000e+00
1.000000e+00
1.000000e+00
1.000000e+00
1.000000e+00
1.000000e+00
1.000000e+00
1.000000e+00
1.000000e+00
1.000000e+00
1.000000e+00
1.000000e+00
1.000000e+00
1.000000e+00
1.000000e+00
1.000000e+00
1.000000e+00
1.000000e+00
1.000000e+00
1.000000e+00
1.000000e+00
1.000000e+00
1.000000e+00
1.000000e+00
1.000000e+00
1.000000e+00
1.000000e+00
1.000000e+00
1.000000e+00
1.000000e+00
1.000000e+00
1.000000e+00
1.000000e+00
1.000000e+00
1.000000e+00
1.000000e+00
1.000000e+00
1.000000e+00
1.000000e+00
1.000000e+00
1.000000e+00
1.000000e+00
1.000000e+00
1.000000e+00
1.000000e+00
1.000000e+00
1.000000e+00
1.000000e+00
1.000000e+00
1.000000e+00
1.000000e+00
1.000000e+00
1.000000e+00
1.000000e+00
1.000000e+00
1.000000e+00
1.000000e+00
1.000000e+00
1.000000e+00
1.000000e+00
1.000000e+00
1.000000e+00
1.000000e+00
1.000000e+00
1.000000e+00
1.000000e+00
1.000000e+00
1.000000e+00
1.000000e+00
1.000000e+00
1.000000e+00
1.000000e+00
1.000000e+00
1.000000e+00
1.000000e+00
1.000000e+00
1.000000e+00
1.000000e+00
1.000000e+00
1.000000e+00
1.000000e+00
1.000000e+00
1.000000e+00
1.000000e+00
1.000000e+00
1.000000e+00
1.000000e+00
1.000000e+00
1.000000e+00
1.000000e+00
1.000000e+00
1.000000e+00
1.000000e+00
1.000000e+00
1.000000e+00
1.000000e+00
1.000000e+00
1.000000e+00
1.000000e+00
1.000000e+00
1.000000e+00
1.000000e+00
1.000000e+00
1.000000e+00
1.000000e+00
1.000000e+00
1.000000e+00
1.000000e+00
1.000000e+00
1.000000e+00
1.000000e+00
1.000000e+00
1.000000e+00
1.000000e+00
1.000000e+00
1.000000e+00
1.000000e+00
1.000000e+00
1.000000e+00
1.000000e+00
1.000000e+00
1.000000e+00
1.000000e+00
1.000000e+00
1.000000e+00
1.000000e+00
1.000000e+00
1.000000e+00
1.000000e+00
1.000000e+00
1.000000e+00
1.000000e+00
1.000000e+00
1.000000e+00
1.000000e+00
1.000000e+00
1.000000e+00
1.000000e+00
1.000000e+00
1.000000e+00
1.000000e+00
1.000000e+00
1.000000e+00
1.000000e+00
1.000000e+00
1.000000e+00
1.000000e+00
1.000000e+00
1.000000e+00
1.000000e+00
1.000000e+00
1.000000e+00
1.000000e+00
1.000000e+00
1.000000e+00
1.000000e+00
1.000000e+00
1.000000e+00
1.000000e+00
1.000000e+00
1.000000e+00
1.000000e+00
1.000000e+00
1.000000e+00
1.000000e+00
1.000000e+00
1.000000e+00
1.000000e+00
1.000000e+00
1.000000e+00
1.000000e+00
1.000000e+00
1.000000e+00
1.000000e+00
1.000000e+00
1.000000e+00
1.000000e+00
1.000000e+00
1.000000e+00
1.000000e+00
1.000000e+00
1.000000e+00
1.000000e+00
1.000000e+00
1.000000e+00
1.000000e+00
1.000000e+00
1.000000e+00
1.000000e+00
1.000000e+00
1.000000e+00
1.000000e+00
1.000000e+00
1.000000e+00
1.000000e+00
1.000000e+00
1.000000e+00
1.000000e+00
1.000000e+00
1.000000e+00
1.000000e+00
1.000000e+00
1.000000e+00
1.000000e+00
1.000000e+00
1.000000e+00
1.000000e+00
1.000000e+00
1.000000e+00
1.000000e+00
1.000000e+00
1.000000e+00
1.000000e+00
1.000000e+00
1.000000e+00
1.000000e+00
1.000000e+00
1.000000e+00
1.000000e+00
1.000000e+00
1.000000e+00
1.000000e+00
1.000000e+00
1.000000e+00
1.000000e+00
1.000000e+00
1.000000e+00
1.000000e+00
1.000000e+00
1.000000e+00
9.999999e-01
9.999999e-01
9.999998e-01
9.999997e-01
9.999995e-01
9.999992e-01
9.999987e-01
9.999978e-01
9.999964e-01
9.999940e-01
9.999901e-01
9.999837e-01
9.999731e-01
9.999557e-01
9.999270e-01
9.998797e-01
9.998016e-01
9.996729e-01
9.994609e-01
9.991114e-01
9.985358e-01
9.975883e-01
9.960300e-01
9.934713e-01
9.892814e-01
9.824501e-01
9.713908e-01
9.536909e-01
9.258760e-01
8.833971e-01
8.212736e-01
7.359455e-01
6.283163e-01
5.062498e-01
3.834336e-01
2.738851e-01
1.861839e-01
1.218529e-01
7.762950e-02
4.856818e-02
3.003200e-02
1.843315e-02
1.126195e-02
6.861122e-03
4.172746e-03
2.535060e-03
1.539127e-03
9.340935e-04
5.667648e-04
3.438369e-04
2.085759e-04
1.265181e-04
7.674099e-05
4.654718e-05
2.823288e-05
1.712432e-05
1.038656e-05
6.299819e-06
3.821109e-06
2.317654e-06
1.405794e-06
8.526932e-07
5.172487e-07
3.137668e-07
1.903728e-07
1.155101e-07
7.012405e-08
4.257874e-08
2.588937e-08
1.575197e-08
9.618761e-09
5.886048e-09
3.635604e-09
2.259601e-09
1.437023e-09
9.284731e-10
6.307343e-10
4.416968e-10
3.366576e-10
2.654977e-10
2.310235e-10
2.035148e-10
1.947191e-10
1.835149e-10
1.839209e-10
1.789275e-10
1.825045e-10
1.799805e-10
1.845346e-10
1.830800e-10
1.878263e-10
1.869055e-10
1.915729e-10
1.909723e-10
1.954771e-10
1.951025e-10
1.994271e-10
1.992311e-10
2.033808e-10
2.033352e-10
2.073216e-10
2.074063e-10
2.112426e-10
2.114415e-10
2.151399e-10
2.154398e-10
2.190116e-10
2.194007e-10
2.228563e-10
2.233245e-10
2.266724e-10
2.272109e-10
2.304588e-10
2.310597e-10
2.342144e-10
2.348705e-10
2.379382e-10
2.386433e-10
2.416295e-10
2.423777e-10
2.452872e-10
2.460736e-10
2.489109e-10
2.497303e-10
2.524990e-10
2.533478e-10
2.560515e-10
2.569254e-10
2.595673e-10
2.604629e-10
2.630459e-10
2.639600e-10
2.664861e-10
2.674160e-10
2.698882e-10
2.708306e-10
2.732506e-10
2.742037e-10
2.765733e-10
2.775343e-10
2.798555e-10
2.808224e-10
2.830964e-10
2.840679e-10
2.862959e-10
2.872692e-10
2.894534e-10
2.904270e-10
2.925678e-10
2.935403e-10
2.956392e-10
2.966092e-10
2.986668e-10
2.996328e-10
3.016501e-10
3.026107e-10
3.045886e-10
3.055429e-10
3.074823e-10
3.084287e-10
3.103299e-10
3.112675e-10
3.131312e-10
3.140593e-10
3.158860e-10
3.168030e-10
3.185935e-10
3.194989e-10
3.212529e-10
3.221460e-10
3.238643e-10
3.247432e-10
3.264267e-10
3.272915e-10
3.289399e-10
3.297898e-10
3.314032e-10
3.322375e-10
3.338168e-10
3.346341e-10
3.361793e-10
3.369798e-10
3.384916e-10
3.392740e-10
3.407520e-10
3.415165e-10
3.429609e-10
3.437064e-10
3.451175e-10
3.458437e-10
3.472224e-10
3.479285e-10
3.492741e-10
3.499599e-10
3.512730e-10
3.519379e-10
3.532183e-10
3.538619e-10
3.551103e-10
3.557318e-10
3.569476e-10
3.575474e-10
3.587310e-10
3.593081e-10
3.604596e-10
3.610136e-10
3.621332e-10
3.626642e-10
3.637517e-10
3.642590e-10
3.653147e-10
3.657978e-10
3.668217e-10
3.672806e-10
3.682734e-10
3.687072e-10
3.696682e-10
3.700772e-10
3.710071e-10
3.713905e-10
3.722887e-10
3.726469e-10
3.735138e-10
3.738463e-10
3.746821e-10
3.749880e-10
3.757926e-10
3.760727e-10
3.768461e-10
3.770999e-10
3.778423e-10
3.780691e-10
3.787805e-10
3.789807e-10
3.796609e-10
3.798335e-10
3.804833e-10
3.806285e-10
3.812476e-10
3.813651e-10
3.819531e-10
3.820430e-10
3.826004e-10
3.826621e-10
3.831891e-10
3.832228e-10
3.837194e-10
3.837247e-10
3.841909e-10
3.841675e-10
3.846035e-10
3.845513e-10
3.849570e-10
3.848762e-10
3.852516e-10
3.851415e-10
3.854873e-10
3.853481e-10
3.856636e-10
3.854952e-10
3.857809e-10
3.855832e-10
3.858395e-10
