4.498484e-10
4.500729e-10
4.498129e-10
4.500028e-10
4.497074e-10
4.498630e-10
4.495329e-10
4.496542e-10
4.492894e-10
4.493764e-10
4.489762e-10
4.490294e-10
4.485940e-10
4.486134e-10
4.481428e-10
4.481283e-10
4.476224e-10
4.475746e-10
4.470333e-10
4.469518e-10
4.463752e-10
4.462604e-10
4.456482e-10
4.455006e-10
4.448527e-10
4.446722e-10
4.439887e-10
4.437757e-10
4.430558e-10
4.428107e-10
4.420557e-10
4.417778e-10
4.409867e-10
4.406768e-10
4.398499e-10
4.395082e-10
4.386446e-10
4.382716e-10
4.373720e-10
4.369675e-10
4.360319e-10
4.355963e-10
4.346245e-10
4.341584e-10
4.331502e-10
4.326535e-10
4.316094e-10
4.310823e-10
4.300013e-10
4.294448e-10
4.283274e-10
4.277411e-10
4.265869e-10
4.259714e-10
4.247809e-10
4.241365e-10
4.229095e-10
4.222361e-10
4.209725e-10
4.202714e-10
4.189708e-10
4.182421e-10
4.169048e-10
4.161483e-10
4.147741e-10
4.139907e-10
4.125796e-10
4.117697e-10
4.103212e-10
4.094851e-10
4.079996e-10
4.071379e-10
4.056149e-10
4.047282e-10
4.031676e-10
4.022565e-10
4.006582e-10
3.997228e-10
3.980870e-10
3.971283e-10
3.954543e-10
3.944731e-10
3.927612e-10
3.917575e-10
3.900071e-10
3.889815e-10
3.871929e-10
3.861467e-10
3.843190e-10
3.832523e-10
3.813859e-10
3.803000e-10
3.783940e-10
3.772898e-10
3.753445e-10
3.742222e-10
3.722366e-10
3.710973e-10
3.690716e-10
3.679165e-10
3.658498e-10
3.646795e-10
3.625718e-10
3.613874e-10
3.592384e-10
3.580412e-10
3.558497e-10
3.546410e-10
3.524067e-10
3.511874e-10
3.489098e-10
3.476812e-10
3.453590e-10
3.441227e-10
3.417558e-10
3.405130e-10
3.380999e-10
3.368520e-10
3.343923e-10
3.331412e-10
3.306333e-10
3.293803e-10
3.268231e-10
3.255707e-10
3.229629e-10
3.217130e-10
3.190534e-10
3.178077e-10
3.150940e-10
3.138552e-10
3.110862e-10
3.098568e-10
3.070298e-10
3.058130e-10
3.029262e-10
3.017245e-10
2.987757e-10
2.975925e-10
2.945784e-10
2.934175e-10
2.903353e-10
2.892003e-10
2.860467e-10
2.849418e-10
2.817126e-10
2.806432e-10
2.773346e-10
2.763054e-10
2.729123e-10
2.719291e-10
2.684465e-10
2.675160e-10
2.639373e-10
2.630664e-10
2.593855e-10
2.585822e-10
2.547906e-10
2.540642e-10
2.501541e-10
2.495141e-10
2.454746e-10
2.449331e-10
2.407535e-10
2.403237e-10
2.359909e-10
2.356887e-10
2.311904e-10
2.310361e-10
2.263604e-10
2.263825e-10
2.215241e-10
2.217703e-10
2.167471e-10
2.173106e-10
2.122066e-10
2.133019e-10
2.083874e-10
2.105500e-10
2.066110e-10
2.112409e-10
2.104703e-10
2.213091e-10
2.297383e-10
2.568802e-10
2.909859e-10
3.617768e-10
4.664462e-10
6.551127e-10
9.524795e-10
1.460657e-09
2.282862e-09
3.658490e-09
5.908559e-09
9.640896e-09
1.577373e-08
2.591075e-08
4.259974e-08
7.014468e-08
1.155303e-07
1.903926e-07
3.137863e-07
5.172678e-07
8.527120e-07
1.405813e-06
2.317672e-06
3.821127e-06
6.299836e-06
1.038658e-05
1.712433e-05
2.823290e-05
4.654719e-05
7.674101e-05
1.265181e-04
2.085759e-04
3.438369e-04
5.667648e-04
9.340936e-04
1.539127e-03
2.535061e-03
4.172746e-03
6.861122e-03
1.126195e-02
1.843315e-02
3.003200e-02
4.856818e-02
7.762950e-02
1.218529e-01
1.861839e-01
2.738851e-01
3.834336e-01
5.062498e-01
6.283163e-01
7.359455e-01
8.212737e-01
8.833971e-01
9.258760e-01
9.536909e-01
9.713908e-01
9.824501e-01
9.892814e-01
9.934713e-01
9.960300e-01
9.975883e-01
9.985358e-01
9.991114e-01
9.994609e-01
9.996729e-01
9.998016e-01
9.998797e-01
9.999270e-01
9.999557e-01
9.999731e-01
9.999837e-01
9.999901e-01
9.999940e-01
9.999964e-01
9.999978e-01
9.999987e-01
9.999992e-01
9.999995e-01
9.999997e-01
9.999998e-01
9.999999e-01
9.999999e-01
1.000000e+00
1.000000e+00
1.000000e+00
1.000000e+00
1.000000e+00
1.000000e+00
1.000000e+00
1.000000e+00
1.000000e+00
1.000000e+00
1.000000e+00
1.000000e+00
1.000000e+00
1.000000e+00
1.000000e+00
1.000000e+00
1.000000e+00
1.000000e+00
1.000000e+00
1.000000e+00
1.000000e+00
1.000000e+00
1.000000e+00
1.000000e+00
1.000000e+00
1.000000e+00
1.000000e+00
1.000000e+00
1.000000e+00
1.000000e+00
1.000000e+00
1.000000e+00
1.000000e+00
1.000000e+00
1.000000e+00
1.000000e+00
1.000000e+00
1.000000e+00
1.000000e+00
1.000000e+00
1.000000e+00
1.000000e+00
1.000000e+00
1.000000e+00
1.000000e+00
1.000000e+00
1.000000e+00
1.000000e+00
1.000000e+00
1.000000e+00
1.000000e+00
1.000000e+00
1.000000e+00
1.000000e+00
1.000000e+00
1.000000e+00
1.000000e+00
1.000000e+00
1.000000e+00
1.000000e+00
1.000000e+00
1.000000e+00
1.000000e+00
1.000000e+00
1.000000e+00
1.000000e+00
1.000000e+00
1.000000e+00
1.000000e+00
1.000000e+00
1.000000e+00
1.000000e+00
1.000000e+00
1.000000e+00
1.000000e+00
1.000000e+00
1.000000e+00
1.000000e+00
1.000000e+00
1.000000e+00
1.000000e+00
1.000000e+00
1.000000e+00
1.000000e+00
1.000000e+00
1.000000e+00
1.000000e+00
1.000000e+00
1.000000e+00
1.000000e+00
1.000000e+00
1.000000e+00
1.000000e+00
1.000000e+00
1.000000e+00
1.000000e+00
1.000000e+00
1.000000e+00
1.000000e+00
1.000000e+00
1.000000e+00
1.000000e+00
1.000000e+00
1.000000e+00
1.000000e+00
1.000000e+00
1.000000e+00
1.000000e+00
1.000000e+00
1.000000e+00
1.000000e+00
1.000000e+00
1.000000e+00
1.000000e+00
1.000000e+00
1.000000e+00
1.000000e+00
1.000000e+00
1.000000e+00
1.000000e+00
1.000000e+00
1.000000e+00
1.000000e+00
1.000000e+00
1.000000e+00
1.000000e+00
1.000000e+00
1.000000e+00
1.000000e+00
1.000000e+00
1.000000e+00
1.000000e+00
1.000000e+00
1.000000e+00
1.000000e+00
1.000000e+00
1.000000e+00
1.000000e+00
1.000000e+00
1.000000e+00
1.000000e+00
1.000000e+00
1.000000e+00
1.000000e+00
1.000000e+00
1.000000e+00
1.000000e+00
1.000000e+00
1.000000e+00
1.000000e+00
1.000000e+00
1.000000e+00
1.000000e+00
1.000000e+00
1.000000e+00
1.000000e+00
1.000000e+00
1.000000e+00
1.000000e+00
1.000000e+00
1.000000e+00
1.000000e+00
1.000000e+00
1.000000e+00
1.000000e+00
1.000000e+00
1.000000e+00
1.000000e+00
1.000000e+00
1.000000e+00
1.000000e+00
1.000000e+00
1.000000e+00
1.000000e+00
1.000000e+00
1.000000e+00
1.000000e+00
1.000000e+00
1.000000e+00
1.000000e+00
1.000000e+00
1.000000e+00
1.000000e+00
1.000000e+00
1.000000e+00
1.000000e+00
1.000000e+00
1.000000e+00
1.000000e+00
1.000000e+00
1.000000e+00
1.000000e+00
1.000000e+00
1.000000e+00
1.000000e+00
1.000000e+00
1.000000e+00
1.000000e+00
1.000000e+00
1.000000e+00
1.000000e+00
1.000000e+00
1.000000e+00
1.000000e+00
1.000000e+00
1.000000e+00
1.000000e+00
1.000000e+00
1.000000e+00
1.000000e+00
1.000000e+00
1.000000e+00
1.000000e+00
1.000000e+00
1.000000e+00
1.000000e+00
1.000000e+00
1.000000e+00
1.000000e+00
1.000000e+00
1.000000e+00
1.000000e+00
1.000000e+00
1.000000e+00
1.000000e+00
1.000000e+00
1.000000e+00
1.000000e+00
1.000000e+00
1.000000e+00
1.000000e+00
1.000000e+00
1.000000e+00
1.000000e+00
1.000000e+00
1.000000e+00
1.000000e+00
1.000000e+00
1.000000e+00
1.000000e+00
1.000000e+00
1.000000e+00
1.000000e+00
1.000000e+00
1.000000e+00
1.000000e+00
1.000000e+00
1.000000e+00
1.000000e+00
1.000000e+00
1.000000e+00
1.000000e+00
1.000000e+00
1.000000e+00
1.000000e+00
1.000000e+00
1.000000e+00
1.000000e+00
1.000000e+00
1.000000e+00
1.000000e+00
1.000000e+00
1.000000e+00
1.000000e+00
1.000000e+00
1.000000e+00
1.000000e+00
1.000000e+00
1.000000e+00
1.000000e+00
1.000000e+00
1.000000e+00
1.000000e+00
1.000000e+00
1.000000e+00
1.000000e+00
1.000000e+00
1.000000e+00
1.000000e+00
1.000000e+00
1.000000e+00
1.000000e+00
1.000000e+00
1.000000e+00
1.000000e+00
1.000000e+00
1.000000e+00
1.000000e+00
1.000000e+00
1.000000e+00
1.000000e+00
1.000000e+00
1.000000e+00
1.000000e+00
1.000000e+00
1.000000e+00
1.000000e+00
1.000000e+00
1.000000e+00
1.000000e+00
1.000000e+00
1.000000e+00
1.000000e+00
1.000000e+00
1.000000e+00
1.000000e+00
1.000000e+00
1.000000e+00
1.000000e+00
1.000000e+00
1.000000e+00
1.000000e+00
1.000000e+00
1.000000e+00
1.000000e+00
1.000000e+00
1.000000e+00
1.000000e+00
1.000000e+00
1.000000e+00
1.000000e+00
1.000000e+00
1.000000e+00
1.000000e+00
1.000000e+00
1.000000e+00
1.000000e+00
1.000000e+00
1.000000e+00
1.000000e+00
1.000000e+00
1.000000e+00
1.000000e+00
1.000000e+00
1.000000e+00
1.000000e+00
1.000000e+00
1.000000e+00
1.000000e+00
1.000000e+00
1.000000e+00
1.000000e+00
1.000000e+00
1.000000e+00
1.000000e+00
1.000000e+00
1.000000e+00
1.000000e+00
1.000000e+00
1.000000e+00
1.000000e+00
1.000000e+00
1.000000e+00
1.000000e+00
1.000000e+00
1.000000e+00
1.000000e+00
1.000000e+00
1.000000e+00
1.000000e+00
1.000000e+00
1.000000e+00
1.000000e+00
1.000000e+00
1.000000e+00
1.000000e+00
1.000000e+00
1.000000e+00
1.000000e+00
1.000000e+00
1.000000e+00
1.000000e+00
1.000000e+00
1.000000e+00
1.000000e+00
1.000000e+00
1.000000e+00
1.000000e+00
1.000000e+00
1.000000e+00
1.000000e+00
1.000000e+00
1.000000e+00
1.000000e+00
1.000000e+00
1.000000e+00
1.000000e+00
1.000000e+00
1.000000e+00
1.000000e+00
1.000000e+00
1.000000e+00
1.000000e+00
1.000000e+00
1.000000e+00
1.000000e+00
1.000000e+00
1.000000e+00
1.000000e+00
1.000000e+00
1.000000e+00
1.000000e+00
1.000000e+00
1.000000e+00
1.000000e+00
1.000000e+00
1.000000e+00
1.000000e+00
1.000000e+00
1.000000e+00
1.000000e+00
1.000000e+00
1.000000e+00
1.000000e+00
1.000000e+00
1.000000e+00
1.000000e+00
1.000000e+00
1.000000e+00
1.000000e+00
1.000000e+00
1.000000e+00
1.000000e+00
1.000000e+00
1.000000e+00
1.000000e+00
1.000000e+00
1.000000e+00
1.000000e+00
1.000000e+00
1.000000e+00
1.000000e+00
1.000000e+00
1.000000e+00
1.000000e+00
1.000000e+00
1.000000e+00
1.000000e+00
1.000000e+00
1.000000e+00
1.000000e+00
1.000000e+00
1.000000e+00
1.000000e+00
1.000000e+00
1.000000e+00
1.000000e+00
1.000000e+00
1.000000e+00
1.000000e+00
1.000000e+00
1.000000e+00
1.000000e+00
1.000000e+00
1.000000e+00
1.000000e+00
1.000000e+00
1.000000e+00
1.000000e+00
1.000000e+00
1.000000e+00
1.000000e+00
1.000000e+00
1.000000e+00
1.000000e+00
1.000000e+00
1.000000e+00
1.000000e+00
1.000000e+00
1.000000e+00
1.000000e+00
1.000000e+00
1.000000e+00
1.000000e+00
1.000000e+00
1.000000e+00
1.000000e+00
1.000000e+00
1.000000e+00
1.000000e+00
1.000000e+00
1.000000e+00
1.000000e+00
1.000000e+00
1.000000e+00
1.000000e+00
1.000000e+00
1.000000e+00
1.000000e+00
1.000000e+00
1.000000e+00
1.000000e+00
1.000000e+00
1.000000e+00
1.000000e+00
1.000000e+00
1.000000e+00
9.999999e-01
9.999999e-01
9.999998e-01
9.999997e-01
9.999995e-01
9.999992e-01
9.999987e-01
9.999978e-01
9.999964e-01
9.999940e-01
9.999901e-01
9.999837e-01
9.999731e-01
9.999557e-01
9.999270e-01
9.998797e-01
9.998016e-01
9.996729e-01
9.994609e-01
9.991114e-01
9.985358e-01
9.975883e-01
9.960300e-01
9.934713e-01
9.892814e-01
9.824501e-01
9.713908e-01
9.536909e-01
9.258760e-01
8.833971e-01
8.212737e-01
7.359455e-01
6.283163e-01
5.062498e-01
3.834336e-01
2.738851e-01
1.861839e-01
1.218529e-01
7.762950e-02
4.856818e-02
3.003200e-02
1.843315e-02
1.126195e-02
6.861122e-03
4.172746e-03
2.535061e-03
1.539127e-03
9.340936e-04
5.667648e-04
3.438369e-04
2.085759e-04
1.265181e-04
7.674101e-05
4.654719e-05
2.823290e-05
1.712433e-05
1.038658e-05
6.299836e-06
3.821127e-06
2.317672e-06
1.405813e-06
8.527120e-07
5.172678e-07
3.137863e-07
1.903927e-07
1.155303e-07
7.014470e-08
4.259977e-08
2.591078e-08
1.577376e-08
9.640930e-09
5.908594e-09
3.658526e-09
2.282899e-09
1.460696e-09
9.525204e-10
6.551545e-10
4.664896e-10
3.618216e-10
2.910319e-10
2.569271e-10
2.297869e-10
2.213588e-10
2.105210e-10
2.112924e-10
2.066636e-10
2.106036e-10
2.084419e-10
2.133572e-10
2.122630e-10
2.173680e-10
2.168054e-10
2.218292e-10
2.215844e-10
2.264433e-10
2.264222e-10
2.310985e-10
2.312538e-10
2.357527e-10
2.360555e-10
2.403890e-10
2.408197e-10
2.450002e-10
2.455424e-10
2.495825e-10
2.502231e-10
2.541342e-10
2.548611e-10
2.586528e-10
2.594563e-10
2.631376e-10
2.640088e-10
2.675872e-10
2.685175e-10
2.720003e-10
2.729827e-10
2.763755e-10
2.774042e-10
2.807122e-10
2.817806e-10
2.850090e-10
2.861129e-10
2.892658e-10
2.903995e-10
2.934806e-10
2.946407e-10
2.976537e-10
2.988356e-10
3.017833e-10
3.029835e-10
3.058690e-10
3.070843e-10
3.099101e-10
3.111378e-10
3.139056e-10
3.151426e-10
3.178547e-10
3.190989e-10
3.217571e-10
3.230055e-10
3.256117e-10
3.268625e-10
3.294182e-10
3.306696e-10
3.331758e-10
3.344257e-10
3.368840e-10
3.381306e-10
3.405419e-10
3.417835e-10
3.441488e-10
3.453839e-10
3.477043e-10
3.489317e-10
3.512079e-10
3.524260e-10
3.546586e-10
3.558664e-10
3.580566e-10
3.592525e-10
3.614004e-10
3.625837e-10
3.646903e-10
3.658595e-10
3.679251e-10
3.690798e-10
3.711046e-10
3.722431e-10
3.742276e-10
3.753496e-10
3.772944e-10
3.783978e-10
3.803030e-10
3.813881e-10
3.832543e-10
3.843201e-10
3.861469e-10
3.871926e-10
3.889811e-10
3.900059e-10
3.917555e-10
3.927592e-10
3.944706e-10
3.954516e-10
3.971253e-10
3.980836e-10
3.997193e-10
4.006540e-10
4.022520e-10
4.031631e-10
4.047235e-10
4.056100e-10
4.071329e-10
4.079945e-10
4.094803e-10
4.103161e-10
4.117651e-10
4.125751e-10
4.139865e-10
4.147702e-10
4.161446e-10
4.169015e-10
4.182389e-10
4.189684e-10
4.202688e-10
4.209706e-10
4.222346e-10
4.229080e-10
4.241353e-10
4.247802e-10
4.259709e-10
4.265868e-10
4.277408e-10
4.283277e-10
4.294453e-10
4.300024e-10
4.310837e-10
4.316110e-10
4.326557e-10
4.331528e-10
4.341610e-10
4.346278e-10
4.355998e-10
4.360358e-10
4.369713e-10
4.373764e-10
4.382762e-10
4.386496e-10
4.395135e-10
4.398558e-10
4.406834e-10
4.409935e-10
4.417852e-10
4.420634e-10
4.428192e-10
4.430648e-10
4.437847e-10
4.439979e-10
4.446821e-10
4.448628e-10
4.455107e-10
4.456583e-10
4.462710e-10
4.463852e-10
4.469622e-10
4.470435e-10
4.475846e-10
4.476320e-10
4.481380e-10
4.481522e-10
4.486225e-10
4.486026e-10
4.490376e-10
4.489841e-10
4.493839e-10
4.492960e-10
4.496603e-10
4.495383e-10
4.498678e-10
4.497110e-10
4.500057e-10
4.498148e-10
4.500740e-10
