3.312189e-10
3.314463e-10
3.311932e-10
3.313952e-10
3.311164e-10
3.312933e-10
3.309893e-10
3.311419e-10
3.308120e-10
3.309397e-10
3.305844e-10
3.306875e-10
3.303063e-10
3.303847e-10
3.299783e-10
3.300326e-10
3.296000e-10
3.296304e-10
3.291719e-10
3.291784e-10
3.286937e-10
3.286760e-10
3.281652e-10
3.281245e-10
3.275869e-10
3.275225e-10
3.269591e-10
3.268711e-10
3.262812e-10
3.261704e-10
3.255540e-10
3.254201e-10
3.247768e-10
3.246202e-10
3.239505e-10
3.237710e-10
3.230744e-10
3.228724e-10
3.221490e-10
3.219254e-10
3.211749e-10
3.209294e-10
3.201518e-10
3.198846e-10
3.190795e-10
3.187912e-10
3.179591e-10
3.176495e-10
3.167901e-10
3.164597e-10
3.155729e-10
3.152218e-10
3.143075e-10
3.139361e-10
3.129941e-10
3.126028e-10
3.116329e-10
3.112220e-10
3.102243e-10
3.097939e-10
3.087686e-10
3.083192e-10
3.072657e-10
3.067978e-10
3.057160e-10
3.052298e-10
3.041199e-10
3.036159e-10
3.024771e-10
3.019553e-10
3.007880e-10
3.002497e-10
2.990533e-10
2.984984e-10
2.972733e-10
2.967019e-10
2.954476e-10
2.948605e-10
2.935769e-10
2.929749e-10
2.916614e-10
2.910451e-10
2.897017e-10
2.890712e-10
2.876977e-10
2.870536e-10
2.856498e-10
2.849928e-10
2.835581e-10
2.828891e-10
2.814238e-10
2.807431e-10
2.792462e-10
2.785549e-10
2.770262e-10
2.763249e-10
2.747639e-10
2.740532e-10
2.724598e-10
2.717408e-10
2.701140e-10
2.693874e-10
2.677273e-10
2.669946e-10
2.653001e-10
2.645619e-10
2.628328e-10
2.620900e-10
2.603251e-10
2.595788e-10
2.577782e-10
2.570302e-10
2.551923e-10
2.544439e-10
2.525680e-10
2.518200e-10
2.499052e-10
2.491589e-10
2.472044e-10
2.464616e-10
2.444656e-10
2.437284e-10
2.416901e-10
2.409598e-10
2.388771e-10
2.381561e-10
2.360281e-10
2.353179e-10
2.331422e-10
2.324457e-10
2.302212e-10
2.295403e-10
2.272642e-10
2.266017e-10
2.242722e-10
2.236314e-10
2.212456e-10
2.206293e-10
2.181847e-10
2.175964e-10
2.150893e-10
2.145327e-10
2.119603e-10
2.114399e-10
2.087980e-10
2.083186e-10
2.056026e-10
2.051691e-10
2.023741e-10
2.019920e-10
1.991131e-10
1.987891e-10
1.958193e-10
1.955603e-10
1.924937e-10
1.923073e-10
1.891353e-10
1.890308e-10
1.857448e-10
1.857322e-10
1.823218e-10
1.824123e-10
1.788667e-10
1.790734e-10
1.753797e-10
1.757187e-10
1.718639e-10
1.723557e-10
1.683281e-10
1.690007e-10
1.647950e-10
1.656955e-10
1.613289e-10
1.625514e-10
1.581082e-10
1.598667e-10
1.556172e-10
1.584470e-10
1.551767e-10
1.604777e-10
1.603801e-10
1.718937e-10
1.809996e-10
2.088197e-10
2.436057e-10
3.150791e-10
4.204321e-10
6.097841e-10
9.078383e-10
1.416704e-09
2.239600e-09
3.615920e-09
5.866683e-09
9.599714e-09
1.573325e-08
2.587096e-08
4.256065e-08
7.010628e-08
1.154926e-07
1.903556e-07
3.137500e-07
5.172322e-07
8.526771e-07
1.405778e-06
2.317638e-06
3.821094e-06
6.299803e-06
1.038655e-05
1.712430e-05
2.823286e-05
4.654716e-05
7.674097e-05
1.265180e-04
2.085759e-04
3.438368e-04
5.667647e-04
9.340935e-04
1.539127e-03
2.535060e-03
4.172746e-03
6.861122e-03
1.126195e-02
1.843315e-02
3.003200e-02
4.856817e-02
7.762949e-02
1.218529e-01
1.861839e-01
2.738851e-01
3.834336e-01
5.062498e-01
6.283163e-01
7.359455e-01
8.212736e-01
8.833971e-01
9.258760e-01
9.536909e-01
9.713908e-01
9.824501e-01
9.892814e-01
9.934713e-01
9.960300e-01
9.975883e-01
9.985358e-01
9.991114e-01
9.994609e-01
9.996729e-01
9.998016e-01
9.998797e-01
9.999270e-01
9.999557e-01
9.999731e-01
9.999837e-01
9.999901e-01
9.999940e-01
9.999964e-01
9.999978e-01
9.999987e-01
9.999992e-01
9.999995e-01
9.999997e-01
9.999998e-01
9.999999e-01
9.999999e-01
1.000000e+00
1.000000e+00
1.000000e+00
1.000000e+00
1.000000e+00
1.000000e+00
1.000000e+00
1.000000e+00
1.000000e+00
1.000000e+00
1.000000e+00
1.000000e+00
1.000000e+00
1.000000e+00
1.000000e+00
1.000000e+00
1.000000e+00
1.000000e+00
1.000000e+00
1.000000e+00
1.000000e+00
1.000000e+00
1.000000e+00
1.000000e+00
1.000000e+00
1.000000e+00
1.000000e+00
1.000000e+00
1.000000e+00
1.000000e+00
1.000000e+00
1.000000e+00
1.000000e+00
1.000000e+00
1.000000e+00
1.000000e+00
1.000000e+00
1.000000e+00
1.000000e+00
1.000000e+00
1.000000e+00
1.000000e+00
1.000000e+00
1.000000e+00
1.000000e+00
1.000000e+00
1.000000e+00
1.000000e+00
1.000000e+00
1.000000e+00
1.000000e+00
1.000000e+00
1.000000e+00
1.000000e+00
1.000000e+00
1.000000e+00
1.000000e+00
1.000000e+00
1.000000e+00
1.000000e+00
1.000000e+00
1.000000e+00
1.000000e+00
1.000000e+00
1.000000e+00
1.000000e+00
1.000000e+00
1.000000e+00
1.000000e+00
1.000000e+00
1.000000e+00
1.000000e+00
1.000000e+00
1.000000e+00
1.000000e+00
1.000000e+00
1.000000e+00
1.000000e+00
1.000000e+00
1.000000e+00
1.000000e+00
1.000000e+00
1.000000e+00
1.000000e+00
1.000000e+00
1.000000e+00
1.000000e+00
1.000000e+00
1.000000e+00
1.000000e+00
1.000000e+00
1.000000e+00
1.000000e+00
1.000000e+00
1.000000e+00
1.000000e+00
1.000000e+00
1.000000e+00
1.000000e+00
1.000000e+00
1.000000e+00
1.000000e+00
1.000000e+00
1.000000e+00
1.000000e+00
1.000000e+00
1.000000e+00
1.000000e+00
1.000000e+00
1.000000e+00
1.000000e+00
1.000000e+00
1.000000e+00
1.000000e+00
1.000000e+00
1.000000e+00
1.000000e+00
1.000000e+00
1.000000e+00
1.000000e+00
1.000000e+00
1.000000e+00
1.000000e+00
1.000000e+00
1.000000e+00
1.000000e+00
1.000000e+00
1.000000e+00
1.000000e+00
1.000000e+00
1.000000e+00
1.000000e+00
1.000000e+00
1.000000e+00
1.000000e+00
1.000000e+00
1.000000e+00
1.000000e+00
1.000000e+00
1.000000e+00
1.000000e+00
1.000000e+00
1.000000e+00
1.000000e+00
1.000000e+00
1.000000e+00
1.000000e+00
1.000000e+00
1.000000e+00
1.000000e+00
1.000000e+00
1.000000e+00
1.000000e+00
1.000000e+00
1.000000e+00
1.000000e+00
1.000000e+00
1.000000e+00
1.000000e+00
1.000000e+00
1.000000e+00
1.000000e+00
1.000000e+00
1.000000e+00
1.000000e+00
1.000000e+00
1.000000e+00
1.000000e+00
1.000000e+00
1.000000e+00
1.000000e+00
1.000000e+00
1.000000e+00
1.000000e+00
1.000000e+00
1.000000e+00
1.000000e+00
1.000000e+00
1.000000e+00
1.000000e+00
1.000000e+00
1.000000e+00
1.000000e+00
1.000000e+00
1.000000e+00
1.000000e+00
1.000000e+00
1.000000e+00
1.000000e+00
1.000000e+00
1.000000e+00
1.000000e+00
1.000000e+00
1.000000e+00
1.000000e+00
1.000000e+00
1.000000e+00
1.000000e+00
1.000000e+00
1.000000e+00
1.000000e+00
1.000000e+00
1.000000e+00
1.000000e+00
1.000000e+00
1.000000e+00
1.000000e+00
1.000000e+00
1.000000e+00
1.000000e+00
1.000000e+00
1.000000e+00
1.000000e+00
1.000000e+00
1.000000e+00
1.000000e+00
1.000000e+00
1.000000e+00
1.000000e+00
1.000000e+00
1.000000e+00
1.000000e+00
1.000000e+00
1.000000e+00
1.000000e+00
1.000000e+00
1.000000e+00
1.000000e+00
1.000000e+00
1.000000e+00
1.000000e+00
1.000000e+00
1.000000e+00
1.000000e+00
1.000000e+00
1.000000e+00
1.000000e+00
1.000000e+00
1.000000e+00
1.000000e+00
1.000000e+00
1.000000e+00
1.000000e+00
1.000000e+00
1.000000e+00
1.000000e+00
1.000000e+00
1.000000e+00
1.000000e+00
1.000000e+00
1.000000e+00
1.000000e+00
1.000000e+00
1.000000e+00
1.000000e+00
1.000000e+00
1.000000e+00
1.000000e+00
1.000000e+00
1.000000e+00
1.000000e+00
1.000000e+00
1.000000e+00
1.000000e+00
1.000000e+00
1.000000e+00
1.000000e+00
1.000000e+00
1.000000e+00
1.000000e+00
1.000000e+00
1.000000e+00
1.000000e+00
1.000000e+00
1.000000e+00
1.000000e+00
1.000000e+00
1.000000e+00
1.000000e+00
1.000000e+00
1.000000e+00
1.000000e+00
1.000000e+00
1.000000e+00
1.000000e+00
1.000000e+00
1.000000e+00
1.000000e+00
1.000000e+00
1.000000e+00
1.000000e+00
1.000000e+00
1.000000e+00
1.000000e+00
1.000000e+00
1.000000e+00
1.000000e+00
1.000000e+00
1.000000e+00
1.000000e+00
1.000000e+00
1.000000e+00
1.000000e+00
1.000000e+00
1.000000e+00
1.000000e+00
1.000000e+00
1.000000e+00
1.000000e+00
1.000000e+00
1.000000e+00
1.000000e+00
1.000000e+00
1.000000e+00
1.000000e+00
1.000000e+00
1.000000e+00
1.000000e+00
1.000000e+00
1.000000e+00
1.000000e+00
1.000000e+00
1.000000e+00
1.000000e+00
1.000000e+00
1.000000e+00
1.000000e+00
1.000000e+00
1.000000e+00
1.000000e+00
1.000000e+00
1.000000e+00
1.000000e+00
1.000000e+00
1.000000e+00
1.000000e+00
1.000000e+00
1.000000e+00
1.000000e+00
1.000000e+00
1.000000e+00
1.000000e+00
1.000000e+00
1.000000e+00
1.000000e+00
1.000000e+00
1.000000e+00
1.000000e+00
1.000000e+00
1.000000e+00
1.000000e+00
1.000000e+00
1.000000e+00
1.000000e+00
1.000000e+00
1.000000e+00
1.000000e+00
1.000000e+00
1.000000e+00
1.000000e+00
1.000000e+00
1.000000e+00
1.000000e+00
1.000000e+00
1.000000e+00
1.000000e+00
1.000000e+00
1.000000e+00
1.000000e+00
1.000000e+00
1.000000e+00
1.000000e+00
1.000000e+00
1.000000e+00
1.000000e+00
1.000000e+00
1.000000e+00
1.000000e+00
1.000000e+00
1.000000e+00
1.000000e+00
1.000000e+00
1.000000e+00
1.000000e+00
1.000000e+00
1.000000e+00
1.000000e+00
1.000000e+00
1.000000e+00
1.000000e+00
1.000000e+00
1.000000e+00
1.000000e+00
1.000000e+00
1.000000e+00
1.000000e+00
1.000000e+00
1.000000e+00
1.000000e+00
1.000000e+00
1.000000e+00
1.000000e+00
1.000000e+00
1.000000e+00
1.000000e+00
1.000000e+00
1.000000e+00
1.000000e+00
1.000000e+00
1.000000e+00
1.000000e+00
1.000000e+00
1.000000e+00
1.000000e+00
1.000000e+00
1.000000e+00
1.000000e+00
1.000000e+00
1.000000e+00
1.000000e+00
1.000000e+00
1.000000e+00
1.000000e+00
1.000000e+00
1.000000e+00
1.000000e+00
1.000000e+00
1.000000e+00
1.000000e+00
1.000000e+00
1.000000e+00
1.000000e+00
1.000000e+00
1.000000e+00
1.000000e+00
1.000000e+00
1.000000e+00
1.000000e+00
1.000000e+00
1.000000e+00
1.000000e+00
1.000000e+00
1.000000e+00
1.000000e+00
1.000000e+00
1.000000e+00
1.000000e+00
1.000000e+00
1.000000e+00
1.000000e+00
1.000000e+00
1.000000e+00
1.000000e+00
1.000000e+00
1.000000e+00
1.000000e+00
1.000000e+00
1.000000e+00
1.000000e+00
1.000000e+00
1.000000e+00
1.000000e+00
1.000000e+00
1.000000e+00
1.000000e+00
1.000000e+00
1.000000e+00
1.000000e+00
1.000000e+00
1.000000e+00
1.000000e+00
1.000000e+00
1.000000e+00
1.000000e+00
1.000000e+00
1.000000e+00
1.000000e+00
1.000000e+00
1.000000e+00
1.000000e+00
1.000000e+00
1.000000e+00
1.000000e+00
1.000000e+00
1.000000e+00
1.000000e+00
1.000000e+00
1.000000e+00
1.000000e+00
1.000000e+00
1.000000e+00
1.000000e+00
1.000000e+00
1.000000e+00
1.000000e+00
1.000000e+00
1.000000e+00
9.999999e-01
9.999999e-01
9.999998e-01
9.999997e-01
9.999995e-01
9.999992e-01
9.999987e-01
9.999978e-01
9.999964e-01
9.999940e-01
9.999901e-01
9.999837e-01
9.999731e-01
9.999557e-01
9.999270e-01
9.998797e-01
9.998016e-01
9.996729e-01
9.994609e-01
9.991114e-01
9.985358e-01
9.975883e-01
9.960300e-01
9.934713e-01
9.892814e-01
9.824501e-01
9.713908e-01
9.536909e-01
9.258760e-01
8.833971e-01
8.212736e-01
7.359455e-01
6.283163e-01
5.062498e-01
3.834336e-01
2.738851e-01
1.861839e-01
1.218529e-01
7.762949e-02
4.856817e-02
3.003200e-02
1.843315e-02
1.126195e-02
6.861122e-03
4.172746e-03
2.535060e-03
1.539127e-03
9.340935e-04
5.667647e-04
3.438368e-04
2.085759e-04
1.265180e-04
7.674097e-05
4.654716e-05
2.823286e-05
1.712430e-05
1.038655e-05
6.299803e-06
3.821094e-06
2.317638e-06
1.405778e-06
8.526771e-07
5.172322e-07
3.137500e-07
1.903557e-07
1.154926e-07
7.010631e-08
4.256068e-08
2.587099e-08
1.573328e-08
9.599747e-09
5.866717e-09
3.615956e-09
2.239637e-09
1.416743e-09
9.078786e-10
6.098255e-10
4.204748e-10
3.151233e-10
2.436513e-10
2.088665e-10
1.810476e-10
1.719426e-10
1.604301e-10
1.605285e-10
1.552286e-10
1.584999e-10
1.556711e-10
1.599214e-10
1.581636e-10
1.626078e-10
1.613861e-10
1.657533e-10
1.648536e-10
1.690602e-10
1.683882e-10
1.724167e-10
1.719261e-10
1.757815e-10
1.754432e-10
1.791375e-10
1.789315e-10
1.824780e-10
1.823882e-10
1.857992e-10
1.858128e-10
1.890993e-10
1.892041e-10
1.923763e-10
1.925630e-10
1.956302e-10
1.958891e-10
1.988589e-10
1.991827e-10
2.020615e-10
2.024430e-10
2.052370e-10
2.056701e-10
2.083856e-10
2.088644e-10
2.115058e-10
2.120252e-10
2.145968e-10
2.151521e-10
2.176578e-10
2.182453e-10
2.206887e-10
2.213039e-10
2.236884e-10
2.243284e-10
2.266565e-10
2.273175e-10
2.295920e-10
2.302716e-10
2.324946e-10
2.331897e-10
2.353638e-10
2.360726e-10
2.381991e-10
2.389186e-10
2.409995e-10
2.417284e-10
2.437656e-10
2.445011e-10
2.464958e-10
2.472371e-10
2.491903e-10
2.499348e-10
2.518479e-10
2.525948e-10
2.544691e-10
2.552165e-10
2.570530e-10
2.577996e-10
2.595993e-10
2.603437e-10
2.621068e-10
2.628484e-10
2.645762e-10
2.653131e-10
2.670064e-10
2.677385e-10
2.693974e-10
2.701228e-10
2.717486e-10
2.724667e-10
2.740596e-10
2.747691e-10
2.763293e-10
2.770301e-10
2.785578e-10
2.792485e-10
2.807444e-10
2.814246e-10
2.828897e-10
2.835582e-10
2.849921e-10
2.856486e-10
2.870518e-10
2.876953e-10
2.890681e-10
2.896985e-10
2.910414e-10
2.916574e-10
2.929705e-10
2.935721e-10
2.948559e-10
2.954424e-10
2.966965e-10
2.972676e-10
2.984926e-10
2.990475e-10
3.002437e-10
3.007822e-10
3.019494e-10
3.024712e-10
3.036097e-10
3.041139e-10
3.052242e-10
3.057105e-10
3.067926e-10
3.072609e-10
3.083146e-10
3.087642e-10
3.097895e-10
3.102201e-10
3.112181e-10
3.116293e-10
3.125994e-10
3.129911e-10
3.139333e-10
3.143050e-10
3.152195e-10
3.155711e-10
3.164584e-10
3.167891e-10
3.176491e-10
3.179590e-10
3.187913e-10
3.190801e-10
3.198853e-10
3.201528e-10
3.209310e-10
3.211768e-10
3.219278e-10
3.221520e-10
3.228758e-10
3.230778e-10
3.237751e-10
3.239547e-10
3.246253e-10
3.247822e-10
3.254258e-10
3.255604e-10
3.261772e-10
3.262884e-10
3.268785e-10
3.269668e-10
3.275307e-10
3.275952e-10
3.281327e-10
3.281739e-10
3.286849e-10
3.287021e-10
3.291866e-10
3.291805e-10
3.296389e-10
3.296085e-10
3.300412e-10
3.299864e-10
3.303930e-10
3.303139e-10
3.306945e-10
3.305912e-10
3.309460e-10
3.308177e-10
3.311468e-10
3.309941e-10
3.312974e-10
3.311196e-10
3.313975e-10
3.311947e-10
3.314472e-10
