2.848031e-10
2.850311e-10
2.847808e-10
2.849874e-10
2.847150e-10
2.849005e-10
2.846064e-10
2.847707e-10
2.844550e-10
2.845982e-10
2.842604e-10
2.843825e-10
2.840226e-10
2.841239e-10
2.837420e-10
2.838227e-10
2.834185e-10
2.834786e-10
2.830521e-10
2.830924e-10
2.826434e-10
2.826630e-10
2.821915e-10
2.821913e-10
2.816970e-10
2.816770e-10
2.811598e-10
2.811201e-10
2.805802e-10
2.805211e-10
2.799583e-10
2.798797e-10
2.792938e-10
2.791963e-10
2.785873e-10
2.784709e-10
2.778386e-10
2.777032e-10
2.770475e-10
2.768940e-10
2.762151e-10
2.760430e-10
2.753408e-10
2.751502e-10
2.744244e-10
2.742161e-10
2.734669e-10
2.732409e-10
2.724673e-10
2.722244e-10
2.714270e-10
2.711667e-10
2.703452e-10
2.700680e-10
2.692225e-10
2.689290e-10
2.680589e-10
2.677492e-10
2.668545e-10
2.665287e-10
2.656098e-10
2.652685e-10
2.643248e-10
2.639683e-10
2.629998e-10
2.626285e-10
2.616350e-10
2.612491e-10
2.602304e-10
2.598304e-10
2.587860e-10
2.583725e-10
2.573030e-10
2.568761e-10
2.557808e-10
2.553407e-10
2.542198e-10
2.537671e-10
2.526199e-10
2.521557e-10
2.509817e-10
2.505062e-10
2.493056e-10
2.488194e-10
2.475919e-10
2.470949e-10
2.458402e-10
2.453336e-10
2.440515e-10
2.435357e-10
2.422255e-10
2.417015e-10
2.403628e-10
2.398313e-10
2.384637e-10
2.379252e-10
2.365286e-10
2.359837e-10
2.345575e-10
2.340073e-10
2.325510e-10
2.319963e-10
2.305091e-10
2.299511e-10
2.284331e-10
2.278722e-10
2.263221e-10
2.257597e-10
2.241772e-10
2.236142e-10
2.219985e-10
2.214363e-10
2.197861e-10
2.192261e-10
2.175408e-10
2.169842e-10
2.152625e-10
2.147105e-10
2.129515e-10
2.124059e-10
2.106081e-10
2.100705e-10
2.082329e-10
2.077045e-10
2.058256e-10
2.053091e-10
2.033872e-10
2.028843e-10
2.009173e-10
2.004302e-10
1.984171e-10
1.979482e-10
1.958859e-10
1.954383e-10
1.933247e-10
1.929009e-10
1.907338e-10
1.903369e-10
1.881131e-10
1.877464e-10
1.854629e-10
1.851302e-10
1.827831e-10
1.824890e-10
1.800744e-10
1.798233e-10
1.773373e-10
1.771346e-10
1.745715e-10
1.744221e-10
1.717775e-10
1.716882e-10
1.689549e-10
1.689328e-10
1.661041e-10
1.661569e-10
1.632249e-10
1.633615e-10
1.603176e-10
1.605476e-10
1.573817e-10
1.577171e-10
1.544175e-10
1.548713e-10
1.514256e-10
1.520134e-10
1.484083e-10
1.491507e-10
1.453746e-10
1.462993e-10
1.423470e-10
1.435014e-10
1.393899e-10
1.408679e-10
1.366817e-10
1.386971e-10
1.347060e-10
1.377944e-10
1.347842e-10
1.403457e-10
1.405092e-10
1.522846e-10
1.616536e-10
1.897372e-10
2.247875e-10
2.965252e-10
4.021440e-10
5.917620e-10
8.900831e-10
1.399217e-09
2.222380e-09
3.598969e-09
5.850001e-09
9.583303e-09
1.571711e-08
2.585509e-08
4.254505e-08
7.009096e-08
1.154776e-07
1.903408e-07
3.137355e-07
5.172179e-07
8.526631e-07
1.405765e-06
2.317625e-06
3.821080e-06
6.299790e-06
1.038653e-05
1.712429e-05
2.823285e-05
4.654715e-05
7.674095e-05
1.265180e-04
2.085759e-04
3.438368e-04
5.667647e-04
9.340934e-04
1.539127e-03
2.535060e-03
4.172746e-03
6.861121e-03
1.126195e-02
1.843315e-02
3.003200e-02
4.856817e-02
7.762949e-02
1.218529e-01
1.861839e-01
2.738851e-01
3.834336e-01
5.062498e-01
6.283163e-01
7.359455e-01
8.212736e-01
8.833971e-01
9.258760e-01
9.536909e-01
9.713908e-01
9.824501e-01
9.892814e-01
9.934713e-01
9.960300e-01
9.975883e-01
9.985358e-01
9.991114e-01
9.994609e-01
9.996729e-01
9.998016e-01
9.998797e-01
9.999270e-01
9.999557e-01
9.999731e-01
9.999837e-01
9.999901e-01
9.999940e-01
9.999964e-01
9.999978e-01
9.999987e-01
9.999992e-01
9.999995e-01
9.999997e-01
9.999998e-01
9.999999e-01
9.999999e-01
1.000000e+00
1.000000e+00
1.000000e+00
1.000000e+00
1.000000e+00
1.000000e+00
1.000000e+00
1.000000e+00
1.000000e+00
1.000000e+00
1.000000e+00
1.000000e+00
1.000000e+00
1.000000e+00
1.000000e+00
1.000000e+00
1.000000e+00
1.000000e+00
1.000000e+00
1.000000e+00
1.000000e+00
1.000000e+00
1.000000e+00
1.000000e+00
1.000000e+00
1.000000e+00
1.000000e+00
1.000000e+00
1.000000e+00
1.000000e+00
1.000000e+00
1.000000e+00
1.000000e+00
1.000000e+00
1.000000e+00
1.000000e+00
1.000000e+00
1.000000e+00
1.000000e+00
1.000000e+00
1.000000e+00
1.000000e+00
1.000000e+00
1.000000e+00
1.000000e+00
1.000000e+00
1.000000e+00
1.000000e+00
1.000000e+00
1.000000e+00
1.000000e+00
1.000000e+00
1.000000e+00
1.000000e+00
1.000000e+00
1.000000e+00
1.000000e+00
1.000000e+00
1.000000e+00
1.000000e+00
1.000000e+00
1.000000e+00
1.000000e+00
1.000000e+00
1.000000e+00
1.000000e+00
1.000000e+00
1.000000e+00
1.000000e+00
1.000000e+00
1.000000e+00
1.000000e+00
1.000000e+00
1.000000e+00
1.000000e+00
1.000000e+00
1.000000e+00
1.000000e+00
1.000000e+00
1.000000e+00
1.000000e+00
1.000000e+00
1.000000e+00
1.000000e+00
1.000000e+00
1.000000e+00
1.000000e+00
1.000000e+00
1.000000e+00
1.000000e+00
1.000000e+00
1.000000e+00
1.000000e+00
1.000000e+00
1.000000e+00
1.000000e+00
1.000000e+00
1.000000e+00
1.000000e+00
1.000000e+00
1.000000e+00
1.000000e+00
1.000000e+00
1.000000e+00
1.000000e+00
1.000000e+00
1.000000e+00
1.000000e+00
1.000000e+00
1.000000e+00
1.000000e+00
1.000000e+00
1.000000e+00
1.000000e+00
1.000000e+00
1.000000e+00
1.000000e+00
1.000000e+00
1.000000e+00
1.000000e+00
1.000000e+00
1.000000e+00
1.000000e+00
1.000000e+00
1.000000e+00
1.000000e+00
1.000000e+00
1.000000e+00
1.000000e+00
1.000000e+00
1.000000e+00
1.000000e+00
1.000000e+00
1.000000e+00
1.000000e+00
1.000000e+00
1.000000e+00
1.000000e+00
1.000000e+00
1.000000e+00
1.000000e+00
1.000000e+00
1.000000e+00
1.000000e+00
1.000000e+00
1.000000e+00
1.000000e+00
1.000000e+00
1.000000e+00
1.000000e+00
1.000000e+00
1.000000e+00
1.000000e+00
1.000000e+00
1.000000e+00
1.000000e+00
1.000000e+00
1.000000e+00
1.000000e+00
1.000000e+00
1.000000e+00
1.000000e+00
1.000000e+00
1.000000e+00
1.000000e+00
1.000000e+00
1.000000e+00
1.000000e+00
1.000000e+00
1.000000e+00
1.000000e+00
1.000000e+00
1.000000e+00
1.000000e+00
1.000000e+00
1.000000e+00
1.000000e+00
1.000000e+00
1.000000e+00
1.000000e+00
1.000000e+00
1.000000e+00
1.000000e+00
1.000000e+00
1.000000e+00
1.000000e+00
1.000000e+00
1.000000e+00
1.000000e+00
1.000000e+00
1.000000e+00
1.000000e+00
1.000000e+00
1.000000e+00
1.000000e+00
1.000000e+00
1.000000e+00
1.000000e+00
1.000000e+00
1.000000e+00
1.000000e+00
1.000000e+00
1.000000e+00
1.000000e+00
1.000000e+00
1.000000e+00
1.000000e+00
1.000000e+00
1.000000e+00
1.000000e+00
1.000000e+00
1.000000e+00
1.000000e+00
1.000000e+00
1.000000e+00
1.000000e+00
1.000000e+00
1.000000e+00
1.000000e+00
1.000000e+00
1.000000e+00
1.000000e+00
1.000000e+00
1.000000e+00
1.000000e+00
1.000000e+00
1.000000e+00
1.000000e+00
1.000000e+00
1.000000e+00
1.000000e+00
1.000000e+00
1.000000e+00
1.000000e+00
1.000000e+00
1.000000e+00
1.000000e+00
1.000000e+00
1.000000e+00
1.000000e+00
1.000000e+00
1.000000e+00
1.000000e+00
1.000000e+00
1.000000e+00
1.000000e+00
1.000000e+00
1.000000e+00
1.000000e+00
1.000000e+00
1.000000e+00
1.000000e+00
1.000000e+00
1.000000e+00
1.000000e+00
1.000000e+00
1.000000e+00
1.000000e+00
1.000000e+00
1.000000e+00
1.000000e+00
1.000000e+00
1.000000e+00
1.000000e+00
1.000000e+00
1.000000e+00
1.000000e+00
1.000000e+00
1.000000e+00
1.000000e+00
1.000000e+00
1.000000e+00
1.000000e+00
1.000000e+00
1.000000e+00
1.000000e+00
1.000000e+00
1.000000e+00
1.000000e+00
1.000000e+00
1.000000e+00
1.000000e+00
1.000000e+00
1.000000e+00
1.000000e+00
1.000000e+00
1.000000e+00
1.000000e+00
1.000000e+00
1.000000e+00
1.000000e+00
1.000000e+00
1.000000e+00
1.000000e+00
1.000000e+00
1.000000e+00
1.000000e+00
1.000000e+00
1.000000e+00
1.000000e+00
1.000000e+00
1.000000e+00
1.000000e+00
1.000000e+00
1.000000e+00
1.000000e+00
1.000000e+00
1.000000e+00
1.000000e+00
1.000000e+00
1.000000e+00
1.000000e+00
1.000000e+00
1.000000e+00
1.000000e+00
1.000000e+00
1.000000e+00
1.000000e+00
1.000000e+00
1.000000e+00
1.000000e+00
1.000000e+00
1.000000e+00
1.000000e+00
1.000000e+00
1.000000e+00
1.000000e+00
1.000000e+00
1.000000e+00
1.000000e+00
1.000000e+00
1.000000e+00
1.000000e+00
1.000000e+00
1.000000e+00
1.000000e+00
1.000000e+00
1.000000e+00
1.000000e+00
1.000000e+00
1.000000e+00
1.000000e+00
1.000000e+00
1.000000e+00
1.000000e+00
1.000000e+00
1.000000e+00
1.000000e+00
1.000000e+00
1.000000e+00
1.000000e+00
1.000000e+00
1.000000e+00
1.000000e+00
1.000000e+00
1.000000e+00
1.000000e+00
1.000000e+00
1.000000e+00
1.000000e+00
1.000000e+00
1.000000e+00
1.000000e+00
1.000000e+00
1.000000e+00
1.000000e+00
1.000000e+00
1.000000e+00
1.000000e+00
1.000000e+00
1.000000e+00
1.000000e+00
1.000000e+00
1.000000e+00
1.000000e+00
1.000000e+00
1.000000e+00
1.000000e+00
1.000000e+00
1.000000e+00
1.000000e+00
1.000000e+00
1.000000e+00
1.000000e+00
1.000000e+00
1.000000e+00
1.000000e+00
1.000000e+00
1.000000e+00
1.000000e+00
1.000000e+00
1.000000e+00
1.000000e+00
1.000000e+00
1.000000e+00
1.000000e+00
1.000000e+00
1.000000e+00
1.000000e+00
1.000000e+00
1.000000e+00
1.000000e+00
1.000000e+00
1.000000e+00
1.000000e+00
1.000000e+00
1.000000e+00
1.000000e+00
1.000000e+00
1.000000e+00
1.000000e+00
1.000000e+00
1.000000e+00
1.000000e+00
1.000000e+00
1.000000e+00
1.000000e+00
1.000000e+00
1.000000e+00
1.000000e+00
1.000000e+00
1.000000e+00
1.000000e+00
1.000000e+00
1.000000e+00
1.000000e+00
1.000000e+00
1.000000e+00
1.000000e+00
1.000000e+00
1.000000e+00
1.000000e+00
1.000000e+00
1.000000e+00
1.000000e+00
1.000000e+00
1.000000e+00
1.000000e+00
1.000000e+00
1.000000e+00
1.000000e+00
1.000000e+00
1.000000e+00
1.000000e+00
1.000000e+00
1.000000e+00
1.000000e+00
1.000000e+00
1.000000e+00
1.000000e+00
1.000000e+00
1.000000e+00
1.000000e+00
1.000000e+00
1.000000e+00
1.000000e+00
1.000000e+00
1.000000e+00
1.000000e+00
1.000000e+00
1.000000e+00
1.000000e+00
1.000000e+00
1.000000e+00
1.000000e+00
1.000000e+00
1.000000e+00
1.000000e+00
1.000000e+00
1.000000e+00
1.000000e+00
1.000000e+00
1.000000e+00
1.000000e+00
1.000000e+00
1.000000e+00
1.000000e+00
1.000000e+00
1.000000e+00
1.000000e+00
1.000000e+00
1.000000e+00
1.000000e+00
1.000000e+00
1.000000e+00
1.000000e+00
1.000000e+00
1.000000e+00
1.000000e+00
1.000000e+00
1.000000e+00
1.000000e+00
1.000000e+00
1.000000e+00
1.000000e+00
1.000000e+00
1.000000e+00
9.999999e-01
9.999999e-01
9.999998e-01
9.999997e-01
9.999995e-01
9.999992e-01
9.999987e-01
9.999978e-01
9.999964e-01
9.999940e-01
9.999901e-01
9.999837e-01
9.999731e-01
9.999557e-01
9.999270e-01
9.998797e-01
9.998016e-01
9.996729e-01
9.994609e-01
9.991114e-01
9.985358e-01
9.975883e-01
9.960300e-01
9.934713e-01
9.892814e-01
9.824501e-01
9.713908e-01
9.536909e-01
9.258760e-01
8.833971e-01
8.212736e-01
7.359455e-01
6.283163e-01
5.062498e-01
3.834336e-01
2.738851e-01
1.861839e-01
1.218529e-01
7.762949e-02
4.856817e-02
3.003200e-02
1.843315e-02
1.126195e-02
6.861121e-03
4.172746e-03
2.535060e-03
1.539127e-03
9.340934e-04
5.667647e-04
3.438368e-04
2.085759e-04
1.265180e-04
7.674095e-05
4.654715e-05
2.823285e-05
1.712429e-05
1.038653e-05
6.299790e-06
3.821080e-06
2.317625e-06
1.405765e-06
8.526631e-07
5.172179e-07
3.137355e-07
1.903409e-07
1.154776e-07
7.009098e-08
4.254508e-08
2.585512e-08
1.571714e-08
9.583336e-09
5.850036e-09
3.599005e-09
2.222417e-09
1.399255e-09
8.901230e-10
5.918033e-10
4.021862e-10
2.965689e-10
2.248323e-10
1.897832e-10
1.617010e-10
1.523333e-10
1.405591e-10
1.403961e-10
1.348359e-10
1.378471e-10
1.347595e-10
1.387514e-10
1.367366e-10
1.409243e-10
1.394470e-10
1.435590e-10
1.424053e-10
1.463585e-10
1.454347e-10
1.492113e-10
1.484702e-10
1.520757e-10
1.514888e-10
1.549353e-10
1.544824e-10
1.577826e-10
1.574479e-10
1.606145e-10
1.603849e-10
1.634294e-10
1.632933e-10
1.662255e-10
1.661727e-10
1.690017e-10
1.690240e-10
1.717573e-10
1.718463e-10
1.744909e-10
1.746399e-10
1.772020e-10
1.774046e-10
1.798901e-10
1.801403e-10
1.825540e-10
1.828473e-10
1.851936e-10
1.855250e-10
1.878075e-10
1.881731e-10
1.903959e-10
1.907916e-10
1.929577e-10
1.933805e-10
1.954923e-10
1.959388e-10
1.979996e-10
1.984669e-10
2.004789e-10
2.009642e-10
2.029292e-10
2.034308e-10
2.053513e-10
2.058663e-10
2.077439e-10
2.082703e-10
2.101067e-10
2.106431e-10
2.124393e-10
2.129836e-10
2.147410e-10
2.152916e-10
2.170117e-10
2.175670e-10
2.192511e-10
2.198096e-10
2.214583e-10
2.220192e-10
2.236340e-10
2.241953e-10
2.257765e-10
2.263377e-10
2.278865e-10
2.284461e-10
2.299631e-10
2.305201e-10
2.320060e-10
2.325596e-10
2.340150e-10
2.345641e-10
2.359893e-10
2.365335e-10
2.379292e-10
2.384672e-10
2.398339e-10
2.403646e-10
2.417027e-10
2.422258e-10
2.435359e-10
2.440508e-10
2.453325e-10
2.458387e-10
2.470928e-10
2.475891e-10
2.488160e-10
2.493024e-10
2.505022e-10
2.509775e-10
2.521510e-10
2.526149e-10
2.537621e-10
2.542140e-10
2.553350e-10
2.557748e-10
2.568700e-10
2.572969e-10
2.583664e-10
2.587799e-10
2.598238e-10
2.602238e-10
2.612426e-10
2.616287e-10
2.626224e-10
2.629939e-10
2.639627e-10
2.643194e-10
2.652634e-10
2.656049e-10
2.665244e-10
2.668501e-10
2.677450e-10
2.680550e-10
2.689257e-10
2.692195e-10
2.700654e-10
2.703430e-10
2.711645e-10
2.714253e-10
2.722232e-10
2.724665e-10
2.732404e-10
2.734665e-10
2.742166e-10
2.744251e-10
2.751513e-10
2.753418e-10
2.760446e-10
2.762173e-10
2.768964e-10
2.770507e-10
2.777063e-10
2.778421e-10
2.784748e-10
2.785917e-10
2.792012e-10
2.792991e-10
2.798853e-10
2.799644e-10
2.805274e-10
2.805870e-10
2.811271e-10
2.811671e-10
2.816845e-10
2.817048e-10
2.821995e-10
2.821995e-10
2.826713e-10
2.826515e-10
2.831004e-10
2.830606e-10
2.834871e-10
2.834266e-10
2.838308e-10
2.837497e-10
2.841316e-10
2.840299e-10
2.843893e-10
2.842666e-10
2.846042e-10
2.844605e-10
2.847760e-10
2.846111e-10
2.849043e-10
2.847183e-10
2.849898e-10
2.847825e-10
2.850323e-10
