2.451300e-10
2.453589e-10
2.451107e-10
2.453214e-10
2.450540e-10
2.452467e-10
2.449611e-10
2.451352e-10
2.448313e-10
2.449878e-10
2.446644e-10
2.448032e-10
2.444608e-10
2.445819e-10
2.442212e-10
2.443246e-10
2.439443e-10
2.440306e-10
2.436311e-10
2.437001e-10
2.432813e-10
2.433332e-10
2.428950e-10
2.429302e-10
2.424722e-10
2.424905e-10
2.420130e-10
2.420147e-10
2.415174e-10
2.415028e-10
2.409858e-10
2.409548e-10
2.404178e-10
2.403707e-10
2.398136e-10
2.397507e-10
2.391732e-10
2.390944e-10
2.384969e-10
2.384026e-10
2.377846e-10
2.376751e-10
2.370366e-10
2.369119e-10
2.362527e-10
2.361134e-10
2.354340e-10
2.352797e-10
2.345790e-10
2.344104e-10
2.336888e-10
2.335060e-10
2.327635e-10
2.325668e-10
2.318027e-10
2.315929e-10
2.308072e-10
2.305836e-10
2.297767e-10
2.295407e-10
2.287121e-10
2.284627e-10
2.276127e-10
2.273512e-10
2.264787e-10
2.262051e-10
2.253108e-10
2.250257e-10
2.241086e-10
2.238120e-10
2.228726e-10
2.225651e-10
2.216031e-10
2.212850e-10
2.202999e-10
2.199718e-10
2.189633e-10
2.186256e-10
2.175941e-10
2.172468e-10
2.161913e-10
2.158357e-10
2.147562e-10
2.143927e-10
2.132889e-10
2.129173e-10
2.117892e-10
2.114109e-10
2.102573e-10
2.098726e-10
2.086940e-10
2.083037e-10
2.070994e-10
2.067038e-10
2.054735e-10
2.050733e-10
2.038164e-10
2.034126e-10
2.021285e-10
2.017218e-10
2.004101e-10
2.000012e-10
1.986616e-10
1.982519e-10
1.968834e-10
1.964734e-10
1.950754e-10
1.946664e-10
1.932380e-10
1.928312e-10
1.913721e-10
1.909684e-10
1.894770e-10
1.890775e-10
1.875536e-10
1.871600e-10
1.856020e-10
1.852152e-10
1.836224e-10
1.832440e-10
1.816148e-10
1.812467e-10
1.795797e-10
1.792238e-10
1.775177e-10
1.771751e-10
1.754284e-10
1.751018e-10
1.733121e-10
1.730037e-10
1.711696e-10
1.708816e-10
1.690004e-10
1.687354e-10
1.668053e-10
1.665660e-10
1.645844e-10
1.643741e-10
1.623376e-10
1.621598e-10
1.600654e-10
1.599237e-10
1.577684e-10
1.576667e-10
1.554456e-10
1.553894e-10
1.530983e-10
1.530920e-10
1.507263e-10
1.507753e-10
1.483295e-10
1.484403e-10
1.459076e-10
1.460874e-10
1.434610e-10
1.437176e-10
1.409898e-10
1.413317e-10
1.384938e-10
1.389308e-10
1.359724e-10
1.365164e-10
1.334257e-10
1.340898e-10
1.308545e-10
1.316540e-10
1.282613e-10
1.292164e-10
1.256541e-10
1.267936e-10
1.230562e-10
1.244268e-10
1.205320e-10
1.222276e-10
1.182594e-10
1.204937e-10
1.167221e-10
1.200308e-10
1.172414e-10
1.230243e-10
1.234101e-10
1.354084e-10
1.450006e-10
1.733083e-10
2.085829e-10
2.805461e-10
3.863905e-10
5.762354e-10
8.747833e-10
1.384144e-09
2.207536e-09
3.584353e-09
5.835615e-09
9.569146e-09
1.570318e-08
2.584140e-08
4.253159e-08
7.007772e-08
1.154646e-07
1.903281e-07
3.137229e-07
5.172056e-07
8.526510e-07
1.405753e-06
2.317613e-06
3.821069e-06
6.299779e-06
1.038652e-05
1.712428e-05
2.823284e-05
4.654713e-05
7.674094e-05
1.265180e-04
2.085758e-04
3.438368e-04
5.667647e-04
9.340933e-04
1.539127e-03
2.535060e-03
4.172745e-03
6.861121e-03
1.126195e-02
1.843315e-02
3.003200e-02
4.856817e-02
7.762949e-02
1.218529e-01
1.861839e-01
2.738851e-01
3.834336e-01
5.062498e-01
6.283163e-01
7.359455e-01
8.212736e-01
8.833971e-01
9.258760e-01
9.536909e-01
9.713908e-01
9.824501e-01
9.892814e-01
9.934713e-01
9.960300e-01
9.975883e-01
9.985358e-01
9.991114e-01
9.994609e-01
9.996729e-01
9.998016e-01
9.998797e-01
9.999270e-01
9.999557e-01
9.999731e-01
9.999837e-01
9.999901e-01
9.999940e-01
9.999964e-01
9.999978e-01
9.999987e-01
9.999992e-01
9.999995e-01
9.999997e-01
9.999998e-01
9.999999e-01
9.999999e-01
1.000000e+00
1.000000e+00
1.000000e+00
1.000000e+00
1.000000e+00
1.000000e+00
1.000000e+00
1.000000e+00
1.000000e+00
1.000000e+00
1.000000e+00
1.000000e+00
1.000000e+00
1.000000e+00
1.000000e+00
1.000000e+00
1.000000e+00
1.000000e+00
1.000000e+00
1.000000e+00
1.000000e+00
1.000000e+00
1.000000e+00
1.000000e+00
1.000000e+00
1.000000e+00
1.000000e+00
1.000000e+00
1.000000e+00
1.000000e+00
1.000000e+00
1.000000e+00
1.000000e+00
1.000000e+00
1.000000e+00
1.000000e+00
1.000000e+00
1.000000e+00
1.000000e+00
1.000000e+00
1.000000e+00
1.000000e+00
1.000000e+00
1.000000e+00
1.000000e+00
1.000000e+00
1.000000e+00
1.000000e+00
1.000000e+00
1.000000e+00
1.000000e+00
1.000000e+00
1.000000e+00
1.000000e+00
1.000000e+00
1.000000e+00
1.000000e+00
1.000000e+00
1.000000e+00
1.000000e+00
1.000000e+00
1.000000e+00
1.000000e+00
1.000000e+00
1.000000e+00
1.000000e+00
1.000000e+00
1.000000e+00
1.000000e+00
1.000000e+00
1.000000e+00
1.000000e+00
1.000000e+00
1.000000e+00
1.000000e+00
1.000000e+00
1.000000e+00
1.000000e+00
1.000000e+00
1.000000e+00
1.000000e+00
1.000000e+00
1.000000e+00
1.000000e+00
1.000000e+00
1.000000e+00
1.000000e+00
1.000000e+00
1.000000e+00
1.000000e+00
1.000000e+00
1.000000e+00
1.000000e+00
1.000000e+00
1.000000e+00
1.000000e+00
1.000000e+00
1.000000e+00
1.000000e+00
1.000000e+00
1.000000e+00
1.000000e+00
1.000000e+00
1.000000e+00
1.000000e+00
1.000000e+00
1.000000e+00
1.000000e+00
1.000000e+00
1.000000e+00
1.000000e+00
1.000000e+00
1.000000e+00
1.000000e+00
1.000000e+00
1.000000e+00
1.000000e+00
1.000000e+00
1.000000e+00
1.000000e+00
1.000000e+00
1.000000e+00
1.000000e+00
1.000000e+00
1.000000e+00
1.000000e+00
1.000000e+00
1.000000e+00
1.000000e+00
1.000000e+00
1.000000e+00
1.000000e+00
1.000000e+00
1.000000e+00
1.000000e+00
1.000000e+00
1.000000e+00
1.000000e+00
1.000000e+00
1.000000e+00
1.000000e+00
1.000000e+00
1.000000e+00
1.000000e+00
1.000000e+00
1.000000e+00
1.000000e+00
1.000000e+00
1.000000e+00
1.000000e+00
1.000000e+00
1.000000e+00
1.000000e+00
1.000000e+00
1.000000e+00
1.000000e+00
1.000000e+00
1.000000e+00
1.000000e+00
1.000000e+00
1.000000e+00
1.000000e+00
1.000000e+00
1.000000e+00
1.000000e+00
1.000000e+00
1.000000e+00
1.000000e+00
1.000000e+00
1.000000e+00
1.000000e+00
1.000000e+00
1.000000e+00
1.000000e+00
1.000000e+00
1.000000e+00
1.000000e+00
1.000000e+00
1.000000e+00
1.000000e+00
1.000000e+00
1.000000e+00
1.000000e+00
1.000000e+00
1.000000e+00
1.000000e+00
1.000000e+00
1.000000e+00
1.000000e+00
1.000000e+00
1.000000e+00
1.000000e+00
1.000000e+00
1.000000e+00
1.000000e+00
1.000000e+00
1.000000e+00
1.000000e+00
1.000000e+00
1.000000e+00
1.000000e+00
1.000000e+00
1.000000e+00
1.000000e+00
1.000000e+00
1.000000e+00
1.000000e+00
1.000000e+00
1.000000e+00
1.000000e+00
1.000000e+00
1.000000e+00
1.000000e+00
1.000000e+00
1.000000e+00
1.000000e+00
1.000000e+00
1.000000e+00
1.000000e+00
1.000000e+00
1.000000e+00
1.000000e+00
1.000000e+00
1.000000e+00
1.000000e+00
1.000000e+00
1.000000e+00
1.000000e+00
1.000000e+00
1.000000e+00
1.000000e+00
1.000000e+00
1.000000e+00
1.000000e+00
1.000000e+00
1.000000e+00
1.000000e+00
1.000000e+00
1.000000e+00
1.000000e+00
1.000000e+00
1.000000e+00
1.000000e+00
1.000000e+00
1.000000e+00
1.000000e+00
1.000000e+00
1.000000e+00
1.000000e+00
1.000000e+00
1.000000e+00
1.000000e+00
1.000000e+00
1.000000e+00
1.000000e+00
1.000000e+00
1.000000e+00
1.000000e+00
1.000000e+00
1.000000e+00
1.000000e+00
1.000000e+00
1.000000e+00
1.000000e+00
1.000000e+00
1.000000e+00
1.000000e+00
1.000000e+00
1.000000e+00
1.000000e+00
1.000000e+00
1.000000e+00
1.000000e+00
1.000000e+00
1.000000e+00
1.000000e+00
1.000000e+00
1.000000e+00
1.000000e+00
1.000000e+00
1.000000e+00
1.000000e+00
1.000000e+00
1.000000e+00
1.000000e+00
1.000000e+00
1.000000e+00
1.000000e+00
1.000000e+00
1.000000e+00
1.000000e+00
1.000000e+00
1.000000e+00
1.000000e+00
1.000000e+00
1.000000e+00
1.000000e+00
1.000000e+00
1.000000e+00
1.000000e+00
1.000000e+00
1.000000e+00
1.000000e+00
1.000000e+00
1.000000e+00
1.000000e+00
1.000000e+00
1.000000e+00
1.000000e+00
1.000000e+00
1.000000e+00
1.000000e+00
1.000000e+00
1.000000e+00
1.000000e+00
1.000000e+00
1.000000e+00
1.000000e+00
1.000000e+00
1.000000e+00
1.000000e+00
1.000000e+00
1.000000e+00
1.000000e+00
1.000000e+00
1.000000e+00
1.000000e+00
1.000000e+00
1.000000e+00
1.000000e+00
1.000000e+00
1.000000e+00
1.000000e+00
1.000000e+00
1.000000e+00
1.000000e+00
1.000000e+00
1.000000e+00
1.000000e+00
1.000000e+00
1.000000e+00
1.000000e+00
1.000000e+00
1.000000e+00
1.000000e+00
1.000000e+00
1.000000e+00
1.000000e+00
1.000000e+00
1.000000e+00
1.000000e+00
1.000000e+00
1.000000e+00
1.000000e+00
1.000000e+00
1.000000e+00
1.000000e+00
1.000000e+00
1.000000e+00
1.000000e+00
1.000000e+00
1.000000e+00
1.000000e+00
1.000000e+00
1.000000e+00
1.000000e+00
1.000000e+00
1.000000e+00
1.000000e+00
1.000000e+00
1.000000e+00
1.000000e+00
1.000000e+00
1.000000e+00
1.000000e+00
1.000000e+00
1.000000e+00
1.000000e+00
1.000000e+00
1.000000e+00
1.000000e+00
1.000000e+00
1.000000e+00
1.000000e+00
1.000000e+00
1.000000e+00
1.000000e+00
1.000000e+00
1.000000e+00
1.000000e+00
1.000000e+00
1.000000e+00
1.000000e+00
1.000000e+00
1.000000e+00
1.000000e+00
1.000000e+00
1.000000e+00
1.000000e+00
1.000000e+00
1.000000e+00
1.000000e+00
1.000000e+00
1.000000e+00
1.000000e+00
1.000000e+00
1.000000e+00
1.000000e+00
1.000000e+00
1.000000e+00
1.000000e+00
1.000000e+00
1.000000e+00
1.000000e+00
1.000000e+00
1.000000e+00
1.000000e+00
1.000000e+00
1.000000e+00
1.000000e+00
1.000000e+00
1.000000e+00
1.000000e+00
1.000000e+00
1.000000e+00
1.000000e+00
1.000000e+00
1.000000e+00
1.000000e+00
1.000000e+00
1.000000e+00
1.000000e+00
1.000000e+00
1.000000e+00
1.000000e+00
1.000000e+00
1.000000e+00
1.000000e+00
1.000000e+00
1.000000e+00
1.000000e+00
1.000000e+00
1.000000e+00
1.000000e+00
1.000000e+00
1.000000e+00
1.000000e+00
1.000000e+00
1.000000e+00
1.000000e+00
1.000000e+00
1.000000e+00
1.000000e+00
1.000000e+00
1.000000e+00
1.000000e+00
1.000000e+00
1.000000e+00
1.000000e+00
1.000000e+00
1.000000e+00
1.000000e+00
1.000000e+00
1.000000e+00
1.000000e+00
1.000000e+00
1.000000e+00
1.000000e+00
1.000000e+00
1.000000e+00
1.000000e+00
1.000000e+00
1.000000e+00
1.000000e+00
1.000000e+00
1.000000e+00
1.000000e+00
1.000000e+00
1.000000e+00
1.000000e+00
1.000000e+00
1.000000e+00
1.000000e+00
1.000000e+00
1.000000e+00
1.000000e+00
1.000000e+00
1.000000e+00
1.000000e+00
1.000000e+00
1.000000e+00
1.000000e+00
1.000000e+00
1.000000e+00
1.000000e+00
1.000000e+00
1.000000e+00
9.999999e-01
9.999999e-01
9.999998e-01
9.999997e-01
9.999995e-01
9.999992e-01
9.999987e-01
9.999978e-01
9.999964e-01
9.999940e-01
9.999901e-01
9.999837e-01
9.999731e-01
9.999557e-01
9.999270e-01
9.998797e-01
9.998016e-01
9.996729e-01
9.994609e-01
9.991114e-01
9.985358e-01
9.975883e-01
9.960300e-01
9.934713e-01
9.892814e-01
9.824501e-01
9.713908e-01
9.536909e-01
9.258760e-01
8.833971e-01
8.212736e-01
7.359455e-01
6.283163e-01
5.062498e-01
3.834336e-01
2.738851e-01
1.861839e-01
1.218529e-01
7.762949e-02
4.856817e-02
3.003200e-02
1.843315e-02
1.126195e-02
6.861121e-03
4.172745e-03
2.535060e-03
1.539127e-03
9.340933e-04
5.667647e-04
3.438368e-04
2.085758e-04
1.265180e-04
7.674094e-05
4.654713e-05
2.823284e-05
1.712428e-05
1.038652e-05
6.299779e-06
3.821069e-06
2.317613e-06
1.405753e-06
8.526510e-07
5.172056e-07
3.137229e-07
1.903281e-07
1.154646e-07
7.007775e-08
4.253162e-08
2.584143e-08
1.570321e-08
9.569179e-09
5.835649e-09
3.584389e-09
2.207573e-09
1.384183e-09
8.748233e-10
5.762766e-10
3.864336e-10
2.805903e-10
2.086287e-10
1.733548e-10
1.450485e-10
1.354575e-10
1.234600e-10
1.230752e-10
1.172935e-10
1.200838e-10
1.167760e-10
1.205486e-10
1.183146e-10
1.222842e-10
1.205893e-10
1.244850e-10
1.231152e-10
1.268534e-10
1.257144e-10
1.292778e-10
1.283233e-10
1.317169e-10
1.309182e-10
1.341540e-10
1.334909e-10
1.365822e-10
1.360390e-10
1.389983e-10
1.385617e-10
1.414003e-10
1.410588e-10
1.437868e-10
1.435307e-10
1.461572e-10
1.459775e-10
1.485100e-10
1.483988e-10
1.508448e-10
1.507952e-10
1.531606e-10
1.531665e-10
1.554570e-10
1.555124e-10
1.577328e-10
1.578332e-10
1.599880e-10
1.601285e-10
1.622217e-10
1.623985e-10
1.644337e-10
1.646427e-10
1.666232e-10
1.668611e-10
1.687899e-10
1.690537e-10
1.709330e-10
1.712198e-10
1.730524e-10
1.733593e-10
1.751473e-10
1.754725e-10
1.772179e-10
1.775582e-10
1.792629e-10
1.796175e-10
1.812828e-10
1.816496e-10
1.832772e-10
1.836538e-10
1.852453e-10
1.856303e-10
1.871867e-10
1.875792e-10
1.891015e-10
1.894995e-10
1.909892e-10
1.913917e-10
1.928496e-10
1.932552e-10
1.946820e-10
1.950898e-10
1.964867e-10
1.968953e-10
1.982627e-10
1.986714e-10
2.000101e-10
2.004178e-10
2.017286e-10
2.021345e-10
2.034176e-10
2.038208e-10
2.050772e-10
2.054766e-10
2.067064e-10
2.071011e-10
2.083049e-10
2.086950e-10
2.098728e-10
2.102571e-10
2.114098e-10
2.117877e-10
2.129152e-10
2.132860e-10
2.143893e-10
2.147529e-10
2.158318e-10
2.161869e-10
2.172420e-10
2.175887e-10
2.186200e-10
2.189576e-10
2.199655e-10
2.202934e-10
2.212786e-10
2.215962e-10
2.225583e-10
2.228658e-10
2.238054e-10
2.241021e-10
2.250189e-10
2.253047e-10
2.261993e-10
2.264729e-10
2.273454e-10
2.276074e-10
2.284579e-10
2.287071e-10
2.295361e-10
2.297729e-10
2.305801e-10
2.308040e-10
2.315895e-10
2.318001e-10
2.325646e-10
2.327613e-10
2.335044e-10
2.336878e-10
2.344097e-10
2.345782e-10
2.352794e-10
2.354337e-10
2.361139e-10
2.362539e-10
2.369130e-10
2.370382e-10
2.376773e-10
2.377868e-10
2.384053e-10
2.385000e-10
2.390982e-10
2.391775e-10
2.397551e-10
2.398187e-10
2.403762e-10
2.404240e-10
2.409614e-10
2.409928e-10
2.415102e-10
2.415250e-10
2.420226e-10
2.420212e-10
2.424990e-10
2.424811e-10
2.429390e-10
2.429040e-10
2.433425e-10
2.432904e-10
2.437094e-10
2.436404e-10
2.440399e-10
2.439532e-10
2.443334e-10
2.442297e-10
2.445906e-10
2.444691e-10
2.448108e-10
2.446717e-10
2.449943e-10
2.448373e-10
2.451411e-10
2.449659e-10
2.452512e-10
2.450581e-10
2.453241e-10
2.451127e-10
2.453600e-10
