2.112097e-10
2.114392e-10
2.111930e-10
2.114068e-10
2.111448e-10
2.113431e-10
2.110648e-10
2.112481e-10
2.109539e-10
2.111216e-10
2.108107e-10
2.109634e-10
2.106366e-10
2.107740e-10
2.104308e-10
2.105532e-10
2.101937e-10
2.103016e-10
2.099253e-10
2.100189e-10
2.096258e-10
2.097045e-10
2.092945e-10
2.093590e-10
2.089323e-10
2.089826e-10
2.085383e-10
2.085748e-10
2.081140e-10
2.081365e-10
2.076584e-10
2.076675e-10
2.071718e-10
2.071670e-10
2.066541e-10
2.066359e-10
2.061050e-10
2.060740e-10
2.055254e-10
2.054815e-10
2.049153e-10
2.048585e-10
2.042742e-10
2.042048e-10
2.036025e-10
2.035209e-10
2.029004e-10
2.028070e-10
2.021679e-10
2.020624e-10
2.014052e-10
2.012883e-10
2.006125e-10
2.004836e-10
1.997890e-10
1.996494e-10
1.989360e-10
1.987854e-10
1.980526e-10
1.978918e-10
1.971402e-10
1.969687e-10
1.961977e-10
1.960166e-10
1.952260e-10
1.950352e-10
1.942249e-10
1.940250e-10
1.931945e-10
1.929855e-10
1.921351e-10
1.919179e-10
1.910472e-10
1.908214e-10
1.899300e-10
1.896969e-10
1.887843e-10
1.885437e-10
1.876104e-10
1.873631e-10
1.864084e-10
1.861546e-10
1.851783e-10
1.849187e-10
1.839203e-10
1.836553e-10
1.826345e-10
1.823649e-10
1.813216e-10
1.810475e-10
1.799809e-10
1.797035e-10
1.786139e-10
1.783332e-10
1.772195e-10
1.769369e-10
1.757986e-10
1.755144e-10
1.743511e-10
1.740662e-10
1.728774e-10
1.725924e-10
1.713777e-10
1.710942e-10
1.698529e-10
1.695712e-10
1.683024e-10
1.680237e-10
1.667267e-10
1.664522e-10
1.651263e-10
1.648571e-10
1.635014e-10
1.632381e-10
1.618519e-10
1.615965e-10
1.601780e-10
1.599314e-10
1.584800e-10
1.582440e-10
1.567582e-10
1.565343e-10
1.550121e-10
1.548023e-10
1.532435e-10
1.530487e-10
1.514507e-10
1.512738e-10
1.496350e-10
1.494779e-10
1.477962e-10
1.476614e-10
1.459349e-10
1.458248e-10
1.440509e-10
1.439688e-10
1.421451e-10
1.420932e-10
1.402162e-10
1.401987e-10
1.382657e-10
1.382857e-10
1.362929e-10
1.363549e-10
1.342983e-10
1.344070e-10
1.322821e-10
1.324424e-10
1.302441e-10
1.304614e-10
1.281844e-10
1.284652e-10
1.261031e-10
1.264541e-10
1.239999e-10
1.244293e-10
1.218756e-10
1.223915e-10
1.197287e-10
1.203416e-10
1.175596e-10
1.182805e-10
1.153680e-10
1.162100e-10
1.131544e-10
1.141336e-10
1.109213e-10
1.120579e-10
1.086773e-10
1.099992e-10
1.064449e-10
1.079993e-10
1.042889e-10
1.061694e-10
1.023865e-10
1.048073e-10
1.012223e-10
1.047183e-10
1.021170e-10
1.080884e-10
1.086634e-10
1.208511e-10
1.306334e-10
1.591316e-10
1.945977e-10
2.667523e-10
3.727887e-10
5.628262e-10
8.615677e-10
1.371122e-09
2.194708e-09
3.571720e-09
5.823176e-09
9.556902e-09
1.569113e-08
2.582955e-08
4.251993e-08
7.006626e-08
1.154533e-07
1.903170e-07
3.137120e-07
5.171949e-07
8.526405e-07
1.405742e-06
2.317603e-06
3.821059e-06
6.299769e-06
1.038651e-05
1.712427e-05
2.823283e-05
4.654712e-05
7.674093e-05
1.265180e-04
2.085758e-04
3.438368e-04
5.667646e-04
9.340933e-04
1.539127e-03
2.535060e-03
4.172745e-03
6.861121e-03
1.126195e-02
1.843315e-02
3.003200e-02
4.856817e-02
7.762948e-02
1.218529e-01
1.861839e-01
2.738851e-01
3.834336e-01
5.062497e-01
6.283163e-01
7.359455e-01
8.212736e-01
8.833971e-01
9.258760e-01
9.536909e-01
9.713908e-01
9.824501e-01
9.892814e-01
9.934713e-01
9.960300e-01
9.975883e-01
9.985358e-01
9.991114e-01
9.994609e-01
9.996729e-01
9.998016e-01
9.998797e-01
9.999270e-01
9.999557e-01
9.999731e-01
9.999837e-01
9.999901e-01
9.999940e-01
9.999964e-01
9.999978e-01
9.999987e-01
9.999992e-01
9.999995e-01
9.999997e-01
9.999998e-01
9.999999e-01
9.999999e-01
1.000000e+00
1.000000e+00
1.000000e+00
1.000000e+00
1.000000e+00
1.000000e+00
1.000000e+00
1.000000e+00
1.000000e+00
1.000000e+00
1.000000e+00
1.000000e+00
1.000000e+00
1.000000e+00
1.000000e+00
1.000000e+00
1.000000e+00
1.000000e+00
1.000000e+00
1.000000e+00
1.000000e+00
1.000000e+00
1.000000e+00
1.000000e+00
1.000000e+00
1.000000e+00
1.000000e+00
1.000000e+00
1.000000e+00
1.000000e+00
1.000000e+00
1.000000e+00
1.000000e+00
1.000000e+00
1.000000e+00
1.000000e+00
1.000000e+00
1.000000e+00
1.000000e+00
1.000000e+00
1.000000e+00
1.000000e+00
1.000000e+00
1.000000e+00
1.000000e+00
1.000000e+00
1.000000e+00
1.000000e+00
1.000000e+00
1.000000e+00
1.000000e+00
1.000000e+00
1.000000e+00
1.000000e+00
1.000000e+00
1.000000e+00
1.000000e+00
1.000000e+00
1.000000e+00
1.000000e+00
1.000000e+00
1.000000e+00
1.000000e+00
1.000000e+00
1.000000e+00
1.000000e+00
1.000000e+00
1.000000e+00
1.000000e+00
1.000000e+00
1.000000e+00
1.000000e+00
1.000000e+00
1.000000e+00
1.000000e+00
1.000000e+00
1.000000e+00
1.000000e+00
1.000000e+00
1.000000e+00
1.000000e+00
1.000000e+00
1.000000e+00
1.000000e+00
1.000000e+00
1.000000e+00
1.000000e+00
1.000000e+00
1.000000e+00
1.000000e+00
1.000000e+00
1.000000e+00
1.000000e+00
1.000000e+00
1.000000e+00
1.000000e+00
1.000000e+00
1.000000e+00
1.000000e+00
1.000000e+00
1.000000e+00
1.000000e+00
1.000000e+00
1.000000e+00
1.000000e+00
1.000000e+00
1.000000e+00
1.000000e+00
1.000000e+00
1.000000e+00
1.000000e+00
1.000000e+00
1.000000e+00
1.000000e+00
1.000000e+00
1.000000e+00
1.000000e+00
1.000000e+00
1.000000e+00
1.000000e+00
1.000000e+00
1.000000e+00
1.000000e+00
1.000000e+00
1.000000e+00
1.000000e+00
1.000000e+00
1.000000e+00
1.000000e+00
1.000000e+00
1.000000e+00
1.000000e+00
1.000000e+00
1.000000e+00
1.000000e+00
1.000000e+00
1.000000e+00
1.000000e+00
1.000000e+00
1.000000e+00
1.000000e+00
1.000000e+00
1.000000e+00
1.000000e+00
1.000000e+00
1.000000e+00
1.000000e+00
1.000000e+00
1.000000e+00
1.000000e+00
1.000000e+00
1.000000e+00
1.000000e+00
1.000000e+00
1.000000e+00
1.000000e+00
1.000000e+00
1.000000e+00
1.000000e+00
1.000000e+00
1.000000e+00
1.000000e+00
1.000000e+00
1.000000e+00
1.000000e+00
1.000000e+00
1.000000e+00
1.000000e+00
1.000000e+00
1.000000e+00
1.000000e+00
1.000000e+00
1.000000e+00
1.000000e+00
1.000000e+00
1.000000e+00
1.000000e+00
1.000000e+00
1.000000e+00
1.000000e+00
1.000000e+00
1.000000e+00
1.000000e+00
1.000000e+00
1.000000e+00
1.000000e+00
1.000000e+00
1.000000e+00
1.000000e+00
1.000000e+00
1.000000e+00
1.000000e+00
1.000000e+00
1.000000e+00
1.000000e+00
1.000000e+00
1.000000e+00
1.000000e+00
1.000000e+00
1.000000e+00
1.000000e+00
1.000000e+00
1.000000e+00
1.000000e+00
1.000000e+00
1.000000e+00
1.000000e+00
1.000000e+00
1.000000e+00
1.000000e+00
1.000000e+00
1.000000e+00
1.000000e+00
1.000000e+00
1.000000e+00
1.000000e+00
1.000000e+00
1.000000e+00
1.000000e+00
1.000000e+00
1.000000e+00
1.000000e+00
1.000000e+00
1.000000e+00
1.000000e+00
1.000000e+00
1.000000e+00
1.000000e+00
1.000000e+00
1.000000e+00
1.000000e+00
1.000000e+00
1.000000e+00
1.000000e+00
1.000000e+00
1.000000e+00
1.000000e+00
1.000000e+00
1.000000e+00
1.000000e+00
1.000000e+00
1.000000e+00
1.000000e+00
1.000000e+00
1.000000e+00
1.000000e+00
1.000000e+00
1.000000e+00
1.000000e+00
1.000000e+00
1.000000e+00
1.000000e+00
1.000000e+00
1.000000e+00
1.000000e+00
1.000000e+00
1.000000e+00
1.000000e+00
1.000000e+00
1.000000e+00
1.000000e+00
1.000000e+00
1.000000e+00
1.000000e+00
1.000000e+00
1.000000e+00
1.000000e+00
1.000000e+00
1.000000e+00
1.000000e+00
1.000000e+00
1.000000e+00
1.000000e+00
1.000000e+00
1.000000e+00
1.000000e+00
1.000000e+00
1.000000e+00
1.000000e+00
1.000000e+00
1.000000e+00
1.000000e+00
1.000000e+00
1.000000e+00
1.000000e+00
1.000000e+00
1.000000e+00
1.000000e+00
1.000000e+00
1.000000e+00
1.000000e+00
1.000000e+00
1.000000e+00
1.000000e+00
1.000000e+00
1.000000e+00
1.000000e+00
1.000000e+00
1.000000e+00
1.000000e+00
1.000000e+00
1.000000e+00
1.000000e+00
1.000000e+00
1.000000e+00
1.000000e+00
1.000000e+00
1.000000e+00
1.000000e+00
1.000000e+00
1.000000e+00
1.000000e+00
1.000000e+00
1.000000e+00
1.000000e+00
1.000000e+00
1.000000e+00
1.000000e+00
1.000000e+00
1.000000e+00
1.000000e+00
1.000000e+00
1.000000e+00
1.000000e+00
1.000000e+00
1.000000e+00
1.000000e+00
1.000000e+00
1.000000e+00
1.000000e+00
1.000000e+00
1.000000e+00
1.000000e+00
1.000000e+00
1.000000e+00
1.000000e+00
1.000000e+00
1.000000e+00
1.000000e+00
1.000000e+00
1.000000e+00
1.000000e+00
1.000000e+00
1.000000e+00
1.000000e+00
1.000000e+00
1.000000e+00
1.000000e+00
1.000000e+00
1.000000e+00
1.000000e+00
1.000000e+00
1.000000e+00
1.000000e+00
1.000000e+00
1.000000e+00
1.000000e+00
1.000000e+00
1.000000e+00
1.000000e+00
1.000000e+00
1.000000e+00
1.000000e+00
1.000000e+00
1.000000e+00
1.000000e+00
1.000000e+00
1.000000e+00
1.000000e+00
1.000000e+00
1.000000e+00
1.000000e+00
1.000000e+00
1.000000e+00
1.000000e+00
1.000000e+00
1.000000e+00
1.000000e+00
1.000000e+00
1.000000e+00
1.000000e+00
1.000000e+00
1.000000e+00
1.000000e+00
1.000000e+00
1.000000e+00
1.000000e+00
1.000000e+00
1.000000e+00
1.000000e+00
1.000000e+00
1.000000e+00
1.000000e+00
1.000000e+00
1.000000e+00
1.000000e+00
1.000000e+00
1.000000e+00
1.000000e+00
1.000000e+00
1.000000e+00
1.000000e+00
1.000000e+00
1.000000e+00
1.000000e+00
1.000000e+00
1.000000e+00
1.000000e+00
1.000000e+00
1.000000e+00
1.000000e+00
1.000000e+00
1.000000e+00
1.000000e+00
1.000000e+00
1.000000e+00
1.000000e+00
1.000000e+00
1.000000e+00
1.000000e+00
1.000000e+00
1.000000e+00
1.000000e+00
1.000000e+00
1.000000e+00
1.000000e+00
1.000000e+00
1.000000e+00
1.000000e+00
1.000000e+00
1.000000e+00
1.000000e+00
1.000000e+00
1.000000e+00
1.000000e+00
1.000000e+00
1.000000e+00
1.000000e+00
1.000000e+00
1.000000e+00
1.000000e+00
1.000000e+00
1.000000e+00
1.000000e+00
1.000000e+00
1.000000e+00
1.000000e+00
1.000000e+00
1.000000e+00
1.000000e+00
1.000000e+00
1.000000e+00
1.000000e+00
1.000000e+00
1.000000e+00
1.000000e+00
1.000000e+00
1.000000e+00
1.000000e+00
1.000000e+00
1.000000e+00
1.000000e+00
1.000000e+00
1.000000e+00
1.000000e+00
1.000000e+00
1.000000e+00
1.000000e+00
1.000000e+00
1.000000e+00
1.000000e+00
1.000000e+00
1.000000e+00
1.000000e+00
1.000000e+00
1.000000e+00
1.000000e+00
1.000000e+00
1.000000e+00
1.000000e+00
1.000000e+00
1.000000e+00
1.000000e+00
1.000000e+00
1.000000e+00
1.000000e+00
1.000000e+00
1.000000e+00
1.000000e+00
1.000000e+00
1.000000e+00
1.000000e+00
1.000000e+00
1.000000e+00
1.000000e+00
1.000000e+00
1.000000e+00
9.999999e-01
9.999999e-01
9.999998e-01
9.999997e-01
9.999995e-01
9.999992e-01
9.999987e-01
9.999978e-01
9.999964e-01
9.999940e-01
9.999901e-01
9.999837e-01
9.999731e-01
9.999557e-01
9.999270e-01
9.998797e-01
9.998016e-01
9.996729e-01
9.994609e-01
9.991114e-01
9.985358e-01
9.975883e-01
9.960300e-01
9.934713e-01
9.892814e-01
9.824501e-01
9.713908e-01
9.536909e-01
9.258760e-01
8.833971e-01
8.212736e-01
7.359455e-01
6.283163e-01
5.062497e-01
3.834336e-01
2.738851e-01
1.861839e-01
1.218529e-01
7.762948e-02
4.856817e-02
3.003200e-02
1.843315e-02
1.126195e-02
6.861121e-03
4.172745e-03
2.535060e-03
1.539127e-03
9.340933e-04
5.667646e-04
3.438368e-04
2.085758e-04
1.265180e-04
7.674093e-05
4.654712e-05
2.823283e-05
1.712427e-05
1.038651e-05
6.299769e-06
3.821059e-06
2.317603e-06
1.405742e-06
8.526405e-07
5.171949e-07
3.137121e-07
1.903170e-07
1.154533e-07
7.006629e-08
4.251996e-08
2.582958e-08
1.569116e-08
9.556936e-09
5.823211e-09
3.571756e-09
2.194745e-09
1.371161e-09
8.616081e-10
5.628681e-10
3.728323e-10
2.667971e-10
1.946438e-10
1.591788e-10
1.306818e-10
1.209008e-10
1.087138e-10
1.081399e-10
1.021697e-10
1.047722e-10
1.012772e-10
1.048628e-10
1.024429e-10
1.062268e-10
1.043470e-10
1.080584e-10
1.065046e-10
1.100596e-10
1.087385e-10
1.121197e-10
1.109840e-10
1.141969e-10
1.132188e-10
1.162751e-10
1.154336e-10
1.183469e-10
1.176267e-10
1.204093e-10
1.197970e-10
1.224603e-10
1.219447e-10
1.244988e-10
1.240698e-10
1.265242e-10
1.261733e-10
1.285351e-10
1.282542e-10
1.305310e-10
1.303132e-10
1.325109e-10
1.323500e-10
1.344745e-10
1.343652e-10
1.364209e-10
1.363580e-10
1.383500e-10
1.383288e-10
1.402607e-10
1.402772e-10
1.421529e-10
1.422035e-10
1.440262e-10
1.441069e-10
1.458796e-10
1.459887e-10
1.477136e-10
1.478469e-10
1.495270e-10
1.496825e-10
1.513198e-10
1.514950e-10
1.530915e-10
1.532846e-10
1.548420e-10
1.550505e-10
1.565711e-10
1.567937e-10
1.582782e-10
1.585125e-10
1.599629e-10
1.602079e-10
1.616246e-10
1.618787e-10
1.632637e-10
1.635256e-10
1.648798e-10
1.651478e-10
1.664724e-10
1.667456e-10
1.680409e-10
1.683182e-10
1.695857e-10
1.698662e-10
1.711063e-10
1.713886e-10
1.726024e-10
1.728864e-10
1.740738e-10
1.743580e-10
1.755203e-10
1.758038e-10
1.769411e-10
1.772232e-10
1.783361e-10
1.786159e-10
1.797051e-10
1.799819e-10
1.810478e-10
1.813212e-10
1.823640e-10
1.826329e-10
1.836530e-10
1.839175e-10
1.849154e-10
1.851746e-10
1.861507e-10
1.864038e-10
1.873582e-10
1.876054e-10
1.885385e-10
1.887789e-10
1.896905e-10
1.899238e-10
1.908150e-10
1.910406e-10
1.919111e-10
1.921281e-10
1.929789e-10
1.931880e-10
1.940181e-10
1.942184e-10
1.950288e-10
1.952199e-10
1.960105e-10
1.961919e-10
1.969634e-10
1.971348e-10
1.978865e-10
1.980478e-10
1.987809e-10
1.989318e-10
1.996455e-10
1.997855e-10
2.004807e-10
2.006092e-10
2.012854e-10
2.014030e-10
2.020607e-10
2.021667e-10
2.028059e-10
2.028999e-10
2.035209e-10
2.036027e-10
2.042053e-10
2.042747e-10
2.048597e-10
2.049168e-10
2.054834e-10
2.055275e-10
2.060764e-10
2.061084e-10
2.066393e-10
2.066578e-10
2.071715e-10
2.071764e-10
2.076725e-10
2.076640e-10
2.081426e-10
2.081205e-10
2.085817e-10
2.085453e-10
2.089899e-10
2.089398e-10
2.093667e-10
2.093022e-10
2.097122e-10
2.096335e-10
2.100266e-10
2.099333e-10
2.103098e-10
2.102016e-10
2.105613e-10
2.104388e-10
2.107817e-10
2.106441e-10
2.109704e-10
2.108174e-10
2.111276e-10
2.109595e-10
2.112532e-10
2.110692e-10
2.113469e-10
2.111482e-10
2.114093e-10
2.111947e-10
2.114401e-10
