1.821686e-10
1.823987e-10
1.821543e-10
1.823708e-10
1.821126e-10
1.823161e-10
1.820440e-10
1.822344e-10
1.819482e-10
1.821250e-10
1.818252e-10
1.819895e-10
1.816757e-10
1.818270e-10
1.814991e-10
1.816379e-10
1.812958e-10
1.814224e-10
1.810657e-10
1.811797e-10
1.808087e-10
1.809107e-10
1.805250e-10
1.806149e-10
1.802139e-10
1.802918e-10
1.798766e-10
1.799426e-10
1.795125e-10
1.795666e-10
1.791216e-10
1.791646e-10
1.787042e-10
1.787357e-10
1.782604e-10
1.782807e-10
1.777897e-10
1.777992e-10
1.772926e-10
1.772914e-10
1.767692e-10
1.767573e-10
1.762193e-10
1.761971e-10
1.756431e-10
1.756107e-10
1.750409e-10
1.749986e-10
1.744124e-10
1.743607e-10
1.737581e-10
1.736967e-10
1.730779e-10
1.730071e-10
1.723716e-10
1.722920e-10
1.716395e-10
1.715508e-10
1.708816e-10
1.707850e-10
1.700985e-10
1.699936e-10
1.692900e-10
1.691772e-10
1.684560e-10
1.683357e-10
1.675972e-10
1.674694e-10
1.667127e-10
1.665784e-10
1.658038e-10
1.656628e-10
1.648697e-10
1.647223e-10
1.639111e-10
1.637583e-10
1.629277e-10
1.627699e-10
1.619204e-10
1.617572e-10
1.608885e-10
1.607213e-10
1.598327e-10
1.596613e-10
1.587531e-10
1.585784e-10
1.576490e-10
1.574718e-10
1.565216e-10
1.563416e-10
1.553708e-10
1.551895e-10
1.541968e-10
1.540142e-10
1.529997e-10
1.528169e-10
1.517795e-10
1.515970e-10
1.505367e-10
1.503552e-10
1.492713e-10
1.490917e-10
1.479835e-10
1.478069e-10
1.466737e-10
1.465008e-10
1.453422e-10
1.451741e-10
1.439890e-10
1.438268e-10
1.426145e-10
1.424593e-10
1.412187e-10
1.410718e-10
1.398022e-10
1.396642e-10
1.383643e-10
1.382371e-10
1.369058e-10
1.367907e-10
1.354264e-10
1.353250e-10
1.339268e-10
1.338410e-10
1.324070e-10
1.323383e-10
1.308670e-10
1.308175e-10
1.293069e-10
1.292787e-10
1.277270e-10
1.277226e-10
1.261272e-10
1.261491e-10
1.245079e-10
1.245591e-10
1.228693e-10
1.229524e-10
1.212113e-10
1.213302e-10
1.195342e-10
1.196920e-10
1.178381e-10
1.180392e-10
1.161225e-10
1.163720e-10
1.143884e-10
1.146903e-10
1.126350e-10
1.129956e-10
1.108625e-10
1.112879e-10
1.090710e-10
1.095678e-10
1.072605e-10
1.078369e-10
1.054308e-10
1.060952e-10
1.035815e-10
1.043441e-10
1.017121e-10
1.025839e-10
9.982309e-11
1.008172e-10
9.791407e-11
9.904638e-11
9.598805e-11
9.727869e-11
9.405315e-11
9.553014e-11
9.213197e-11
9.384277e-11
9.028928e-11
9.232737e-11
8.870260e-11
9.128159e-11
8.785583e-11
9.151141e-11
8.906992e-11
9.520162e-11
9.593759e-11
1.082868e-10
1.182311e-10
1.468916e-10
1.825204e-10
2.548383e-10
3.610388e-10
5.512401e-10
8.501460e-10
1.359866e-09
2.183617e-09
3.560794e-09
5.812417e-09
9.546310e-09
1.568070e-08
2.581929e-08
4.250984e-08
7.005634e-08
1.154435e-07
1.903074e-07
3.137026e-07
5.171856e-07
8.526314e-07
1.405733e-06
2.317594e-06
3.821050e-06
6.299760e-06
1.038650e-05
1.712426e-05
2.823282e-05
4.654711e-05
7.674092e-05
1.265180e-04
2.085758e-04
3.438367e-04
5.667646e-04
9.340933e-04
1.539127e-03
2.535060e-03
4.172745e-03
6.861120e-03
1.126195e-02
1.843314e-02
3.003200e-02
4.856817e-02
7.762948e-02
1.218529e-01
1.861839e-01
2.738851e-01
3.834336e-01
5.062497e-01
6.283162e-01
7.359454e-01
8.212736e-01
8.833971e-01
9.258760e-01
9.536909e-01
9.713908e-01
9.824501e-01
9.892814e-01
9.934713e-01
9.960300e-01
9.975883e-01
9.985358e-01
9.991114e-01
9.994609e-01
9.996729e-01
9.998016e-01
9.998797e-01
9.999270e-01
9.999557e-01
9.999731e-01
9.999837e-01
9.999901e-01
9.999940e-01
9.999964e-01
9.999978e-01
9.999987e-01
9.999992e-01
9.999995e-01
9.999997e-01
9.999998e-01
9.999999e-01
9.999999e-01
1.000000e+00
1.000000e+00
1.000000e+00
1.000000e+00
1.000000e+00
1.000000e+00
1.000000e+00
1.000000e+00
1.000000e+00
1.000000e+00
1.000000e+00
1.000000e+00
1.000000e+00
1.000000e+00
1.000000e+00
1.000000e+00
1.000000e+00
1.000000e+00
1.000000e+00
1.000000e+00
1.000000e+00
1.000000e+00
1.000000e+00
1.000000e+00
1.000000e+00
1.000000e+00
1.000000e+00
1.000000e+00
1.000000e+00
1.000000e+00
1.000000e+00
1.000000e+00
1.000000e+00
1.000000e+00
1.000000e+00
1.000000e+00
1.000000e+00
1.000000e+00
1.000000e+00
1.000000e+00
1.000000e+00
1.000000e+00
1.000000e+00
1.000000e+00
1.000000e+00
1.000000e+00
1.000000e+00
1.000000e+00
1.000000e+00
1.000000e+00
1.000000e+00
1.000000e+00
1.000000e+00
1.000000e+00
1.000000e+00
1.000000e+00
1.000000e+00
1.000000e+00
1.000000e+00
1.000000e+00
1.000000e+00
1.000000e+00
1.000000e+00
1.000000e+00
1.000000e+00
1.000000e+00
1.000000e+00
1.000000e+00
1.000000e+00
1.000000e+00
1.000000e+00
1.000000e+00
1.000000e+00
1.000000e+00
1.000000e+00
1.000000e+00
1.000000e+00
1.000000e+00
1.000000e+00
1.000000e+00
1.000000e+00
1.000000e+00
1.000000e+00
1.000000e+00
1.000000e+00
1.000000e+00
1.000000e+00
1.000000e+00
1.000000e+00
1.000000e+00
1.000000e+00
1.000000e+00
1.000000e+00
1.000000e+00
1.000000e+00
1.000000e+00
1.000000e+00
1.000000e+00
1.000000e+00
1.000000e+00
1.000000e+00
1.000000e+00
1.000000e+00
1.000000e+00
1.000000e+00
1.000000e+00
1.000000e+00
1.000000e+00
1.000000e+00
1.000000e+00
1.000000e+00
1.000000e+00
1.000000e+00
1.000000e+00
1.000000e+00
1.000000e+00
1.000000e+00
1.000000e+00
1.000000e+00
1.000000e+00
1.000000e+00
1.000000e+00
1.000000e+00
1.000000e+00
1.000000e+00
1.000000e+00
1.000000e+00
1.000000e+00
1.000000e+00
1.000000e+00
1.000000e+00
1.000000e+00
1.000000e+00
1.000000e+00
1.000000e+00
1.000000e+00
1.000000e+00
1.000000e+00
1.000000e+00
1.000000e+00
1.000000e+00
1.000000e+00
1.000000e+00
1.000000e+00
1.000000e+00
1.000000e+00
1.000000e+00
1.000000e+00
1.000000e+00
1.000000e+00
1.000000e+00
1.000000e+00
1.000000e+00
1.000000e+00
1.000000e+00
1.000000e+00
1.000000e+00
1.000000e+00
1.000000e+00
1.000000e+00
1.000000e+00
1.000000e+00
1.000000e+00
1.000000e+00
1.000000e+00
1.000000e+00
1.000000e+00
1.000000e+00
1.000000e+00
1.000000e+00
1.000000e+00
1.000000e+00
1.000000e+00
1.000000e+00
1.000000e+00
1.000000e+00
1.000000e+00
1.000000e+00
1.000000e+00
1.000000e+00
1.000000e+00
1.000000e+00
1.000000e+00
1.000000e+00
1.000000e+00
1.000000e+00
1.000000e+00
1.000000e+00
1.000000e+00
1.000000e+00
1.000000e+00
1.000000e+00
1.000000e+00
1.000000e+00
1.000000e+00
1.000000e+00
1.000000e+00
1.000000e+00
1.000000e+00
1.000000e+00
1.000000e+00
1.000000e+00
1.000000e+00
1.000000e+00
1.000000e+00
1.000000e+00
1.000000e+00
1.000000e+00
1.000000e+00
1.000000e+00
1.000000e+00
1.000000e+00
1.000000e+00
1.000000e+00
1.000000e+00
1.000000e+00
1.000000e+00
1.000000e+00
1.000000e+00
1.000000e+00
1.000000e+00
1.000000e+00
1.000000e+00
1.000000e+00
1.000000e+00
1.000000e+00
1.000000e+00
1.000000e+00
1.000000e+00
1.000000e+00
1.000000e+00
1.000000e+00
1.000000e+00
1.000000e+00
1.000000e+00
1.000000e+00
1.000000e+00
1.000000e+00
1.000000e+00
1.000000e+00
1.000000e+00
1.000000e+00
1.000000e+00
1.000000e+00
1.000000e+00
1.000000e+00
1.000000e+00
1.000000e+00
1.000000e+00
1.000000e+00
1.000000e+00
1.000000e+00
1.000000e+00
1.000000e+00
1.000000e+00
1.000000e+00
1.000000e+00
1.000000e+00
1.000000e+00
1.000000e+00
1.000000e+00
1.000000e+00
1.000000e+00
1.000000e+00
1.000000e+00
1.000000e+00
1.000000e+00
1.000000e+00
1.000000e+00
1.000000e+00
1.000000e+00
1.000000e+00
1.000000e+00
1.000000e+00
1.000000e+00
1.000000e+00
1.000000e+00
1.000000e+00
1.000000e+00
1.000000e+00
1.000000e+00
1.000000e+00
1.000000e+00
1.000000e+00
1.000000e+00
1.000000e+00
1.000000e+00
1.000000e+00
1.000000e+00
1.000000e+00
1.000000e+00
1.000000e+00
1.000000e+00
1.000000e+00
1.000000e+00
1.000000e+00
1.000000e+00
1.000000e+00
1.000000e+00
1.000000e+00
1.000000e+00
1.000000e+00
1.000000e+00
1.000000e+00
1.000000e+00
1.000000e+00
1.000000e+00
1.000000e+00
1.000000e+00
1.000000e+00
1.000000e+00
1.000000e+00
1.000000e+00
1.000000e+00
1.000000e+00
1.000000e+00
1.000000e+00
1.000000e+00
1.000000e+00
1.000000e+00
1.000000e+00
1.000000e+00
1.000000e+00
1.000000e+00
1.000000e+00
1.000000e+00
1.000000e+00
1.000000e+00
1.000000e+00
1.000000e+00
1.000000e+00
1.000000e+00
1.000000e+00
1.000000e+00
1.000000e+00
1.000000e+00
1.000000e+00
1.000000e+00
1.000000e+00
1.000000e+00
1.000000e+00
1.000000e+00
1.000000e+00
1.000000e+00
1.000000e+00
1.000000e+00
1.000000e+00
1.000000e+00
1.000000e+00
1.000000e+00
1.000000e+00
1.000000e+00
1.000000e+00
1.000000e+00
1.000000e+00
1.000000e+00
1.000000e+00
1.000000e+00
1.000000e+00
1.000000e+00
1.000000e+00
1.000000e+00
1.000000e+00
1.000000e+00
1.000000e+00
1.000000e+00
1.000000e+00
1.000000e+00
1.000000e+00
1.000000e+00
1.000000e+00
1.000000e+00
1.000000e+00
1.000000e+00
1.000000e+00
1.000000e+00
1.000000e+00
1.000000e+00
1.000000e+00
1.000000e+00
1.000000e+00
1.000000e+00
1.000000e+00
1.000000e+00
1.000000e+00
1.000000e+00
1.000000e+00
1.000000e+00
1.000000e+00
1.000000e+00
1.000000e+00
1.000000e+00
1.000000e+00
1.000000e+00
1.000000e+00
1.000000e+00
1.000000e+00
1.000000e+00
1.000000e+00
1.000000e+00
1.000000e+00
1.000000e+00
1.000000e+00
1.000000e+00
1.000000e+00
1.000000e+00
1.000000e+00
1.000000e+00
1.000000e+00
1.000000e+00
1.000000e+00
1.000000e+00
1.000000e+00
1.000000e+00
1.000000e+00
1.000000e+00
1.000000e+00
1.000000e+00
1.000000e+00
1.000000e+00
1.000000e+00
1.000000e+00
1.000000e+00
1.000000e+00
1.000000e+00
1.000000e+00
1.000000e+00
1.000000e+00
1.000000e+00
1.000000e+00
1.000000e+00
1.000000e+00
1.000000e+00
1.000000e+00
1.000000e+00
1.000000e+00
1.000000e+00
1.000000e+00
1.000000e+00
1.000000e+00
1.000000e+00
1.000000e+00
1.000000e+00
1.000000e+00
1.000000e+00
1.000000e+00
1.000000e+00
1.000000e+00
1.000000e+00
1.000000e+00
1.000000e+00
1.000000e+00
1.000000e+00
1.000000e+00
1.000000e+00
1.000000e+00
1.000000e+00
1.000000e+00
1.000000e+00
1.000000e+00
1.000000e+00
1.000000e+00
1.000000e+00
1.000000e+00
1.000000e+00
1.000000e+00
1.000000e+00
1.000000e+00
1.000000e+00
1.000000e+00
1.000000e+00
1.000000e+00
1.000000e+00
1.000000e+00
1.000000e+00
1.000000e+00
1.000000e+00
1.000000e+00
1.000000e+00
1.000000e+00
1.000000e+00
1.000000e+00
1.000000e+00
1.000000e+00
1.000000e+00
1.000000e+00
1.000000e+00
1.000000e+00
1.000000e+00
1.000000e+00
1.000000e+00
1.000000e+00
1.000000e+00
1.000000e+00
1.000000e+00
1.000000e+00
1.000000e+00
9.999999e-01
9.999999e-01
9.999998e-01
9.999997e-01
9.999995e-01
9.999992e-01
9.999987e-01
9.999978e-01
9.999964e-01
9.999940e-01
9.999901e-01
9.999837e-01
9.999731e-01
9.999557e-01
9.999270e-01
9.998797e-01
9.998016e-01
9.996729e-01
9.994609e-01
9.991114e-01
9.985358e-01
9.975883e-01
9.960300e-01
9.934713e-01
9.892814e-01
9.824501e-01
9.713908e-01
9.536909e-01
9.258760e-01
8.833971e-01
8.212736e-01
7.359454e-01
6.283162e-01
5.062497e-01
3.834336e-01
2.738851e-01
1.861839e-01
1.218529e-01
7.762948e-02
4.856817e-02
3.003200e-02
1.843314e-02
1.126195e-02
6.861120e-03
4.172745e-03
2.535060e-03
1.539127e-03
9.340933e-04
5.667646e-04
3.438367e-04
2.085758e-04
1.265180e-04
7.674092e-05
4.654711e-05
2.823282e-05
1.712426e-05
1.038650e-05
6.299760e-06
3.821050e-06
2.317594e-06
1.405733e-06
8.526314e-07
5.171857e-07
3.137026e-07
1.903074e-07
1.154436e-07
7.005636e-08
4.250987e-08
2.581932e-08
1.568074e-08
9.546342e-09
5.812451e-09
3.560830e-09
2.183654e-09
1.359904e-09
8.501856e-10
5.512812e-10
3.610814e-10
2.548822e-10
1.825653e-10
1.469375e-10
1.182783e-10
1.083353e-10
9.598700e-11
9.525236e-11
8.912171e-11
9.156398e-11
8.790951e-11
9.133633e-11
8.875811e-11
9.238371e-11
9.034695e-11
9.390094e-11
9.219092e-11
9.559009e-11
9.411349e-11
9.733958e-11
9.605000e-11
9.910905e-11
9.797751e-11
1.008812e-10
9.988793e-11
1.026498e-10
1.017787e-10
1.044110e-10
1.036494e-10
1.061636e-10
1.054997e-10
1.079060e-10
1.073301e-10
1.096377e-10
1.091408e-10
1.113572e-10
1.109319e-10
1.130644e-10
1.127034e-10
1.147584e-10
1.144557e-10
1.164387e-10
1.161886e-10
1.181047e-10
1.179025e-10
1.197558e-10
1.195968e-10
1.213915e-10
1.212717e-10
1.230117e-10
1.229272e-10
1.246155e-10
1.245633e-10
1.262030e-10
1.261797e-10
1.277735e-10
1.277765e-10
1.293267e-10
1.293533e-10
1.308623e-10
1.309105e-10
1.323802e-10
1.324475e-10
1.338799e-10
1.339642e-10
1.353612e-10
1.354611e-10
1.368235e-10
1.369372e-10
1.382671e-10
1.383929e-10
1.396915e-10
1.398280e-10
1.410961e-10
1.412420e-10
1.424811e-10
1.426352e-10
1.438460e-10
1.440069e-10
1.451907e-10
1.453574e-10
1.465150e-10
1.466863e-10
1.478181e-10
1.479937e-10
1.491008e-10
1.492793e-10
1.503622e-10
1.505427e-10
1.516022e-10
1.517840e-10
1.528203e-10
1.530026e-10
1.540165e-10
1.541984e-10
1.551901e-10
1.553710e-10
1.563414e-10
1.565206e-10
1.574699e-10
1.576468e-10
1.585754e-10
1.587493e-10
1.596576e-10
1.598284e-10
1.607165e-10
1.608834e-10
1.617521e-10
1.619146e-10
1.627639e-10
1.629217e-10
1.637518e-10
1.639044e-10
1.647157e-10
1.648627e-10
1.656555e-10
1.657964e-10
1.665711e-10
1.667057e-10
1.674622e-10
1.675901e-10
1.683287e-10
1.684493e-10
1.691706e-10
1.692839e-10
1.699876e-10
1.700927e-10
1.707794e-10
1.708766e-10
1.715461e-10
1.716347e-10
1.722872e-10
1.723674e-10
1.730034e-10
1.730744e-10
1.736938e-10
1.737557e-10
1.743584e-10
1.744109e-10
1.749976e-10
1.750403e-10
1.756105e-10
1.756434e-10
1.761978e-10
1.762202e-10
1.767588e-10
1.767708e-10
1.772932e-10
1.772952e-10
1.778022e-10
1.777932e-10
1.782846e-10
1.782646e-10
1.787409e-10
1.787096e-10
1.791703e-10
1.791281e-10
1.795735e-10
1.795197e-10
1.799502e-10
1.798846e-10
1.803001e-10
1.802223e-10
1.806229e-10
1.805334e-10
1.809192e-10
1.808174e-10
1.811885e-10
1.810745e-10
1.814312e-10
1.813046e-10
1.816470e-10
1.815076e-10
1.818355e-10
1.816837e-10
1.819972e-10
1.818326e-10
1.821320e-10
1.819541e-10
1.822393e-10
1.820487e-10
1.823199e-10
1.821158e-10
1.823733e-10
1.821558e-10
1.823997e-10
