1.572679e-10
1.574983e-10
1.572550e-10
1.574739e-10
1.572192e-10
1.574267e-10
1.571602e-10
1.573567e-10
1.570782e-10
1.572630e-10
1.569726e-10
1.571467e-10
1.568440e-10
1.570074e-10
1.566924e-10
1.568453e-10
1.565178e-10
1.566600e-10
1.563200e-10
1.564520e-10
1.560995e-10
1.562207e-10
1.558555e-10
1.559669e-10
1.555887e-10
1.556898e-10
1.552989e-10
1.553904e-10
1.549866e-10
1.550681e-10
1.546512e-10
1.547233e-10
1.542929e-10
1.543554e-10
1.539114e-10
1.539647e-10
1.535076e-10
1.535517e-10
1.530808e-10
1.531164e-10
1.526315e-10
1.526578e-10
1.521595e-10
1.521774e-10
1.516651e-10
1.516748e-10
1.511482e-10
1.511500e-10
1.506087e-10
1.506026e-10
1.500470e-10
1.500332e-10
1.494628e-10
1.494413e-10
1.488563e-10
1.488278e-10
1.482277e-10
1.481921e-10
1.475767e-10
1.475347e-10
1.469043e-10
1.468559e-10
1.462102e-10
1.461556e-10
1.454939e-10
1.454336e-10
1.447559e-10
1.446901e-10
1.439964e-10
1.439254e-10
1.432153e-10
1.431399e-10
1.424132e-10
1.423330e-10
1.415894e-10
1.415054e-10
1.407448e-10
1.406571e-10
1.398791e-10
1.397884e-10
1.389925e-10
1.388991e-10
1.380851e-10
1.379894e-10
1.371572e-10
1.370595e-10
1.362084e-10
1.361097e-10
1.352397e-10
1.351404e-10
1.342503e-10
1.341514e-10
1.332418e-10
1.331428e-10
1.322128e-10
1.321155e-10
1.311643e-10
1.310686e-10
1.300957e-10
1.300027e-10
1.290079e-10
1.289183e-10
1.279009e-10
1.278161e-10
1.267751e-10
1.266952e-10
1.256306e-10
1.255567e-10
1.244672e-10
1.244009e-10
1.232855e-10
1.232279e-10
1.220857e-10
1.220375e-10
1.208678e-10
1.208303e-10
1.196316e-10
1.196061e-10
1.183774e-10
1.183655e-10
1.171054e-10
1.171085e-10
1.158155e-10
1.158355e-10
1.145083e-10
1.145468e-10
1.131836e-10
1.132429e-10
1.118416e-10
1.119235e-10
1.104821e-10
1.105889e-10
1.091057e-10
1.092400e-10
1.077122e-10
1.078772e-10
1.063023e-10
1.065003e-10
1.048752e-10
1.051100e-10
1.034314e-10
1.037068e-10
1.019711e-10
1.022913e-10
1.004940e-10
1.008632e-10
9.900020e-11
9.942352e-11
9.748979e-11
9.797257e-11
9.596240e-11
9.651119e-11
9.441847e-11
9.503981e-11
9.285733e-11
9.355927e-11
9.127943e-11
9.207030e-11
8.968393e-11
9.057410e-11
8.807055e-11
8.907097e-11
8.643886e-11
8.756268e-11
8.478995e-11
8.605294e-11
8.312578e-11
8.454815e-11
8.145462e-11
8.306406e-11
7.979922e-11
8.164325e-11
7.822398e-11
8.039630e-11
7.690643e-11
7.962075e-11
7.633078e-11
8.012213e-11
7.781736e-11
8.408602e-11
8.495915e-11
9.744583e-11
1.075283e-10
1.363271e-10
1.720949e-10
2.445520e-10
3.508921e-10
5.412332e-10
8.402795e-10
1.350140e-09
2.174032e-09
3.551351e-09
5.803115e-09
9.537150e-09
1.567169e-08
2.581041e-08
4.250111e-08
7.004775e-08
1.154351e-07
1.902991e-07
3.136944e-07
5.171776e-07
8.526235e-07
1.405726e-06
2.317587e-06
3.821043e-06
6.299753e-06
1.038650e-05
1.712425e-05
2.823281e-05
4.654710e-05
7.674091e-05
1.265180e-04
2.085758e-04
3.438367e-04
5.667646e-04
9.340932e-04
1.539127e-03
2.535060e-03
4.172745e-03
6.861120e-03
1.126195e-02
1.843314e-02
3.003200e-02
4.856816e-02
7.762948e-02
1.218529e-01
1.861839e-01
2.738851e-01
3.834335e-01
5.062497e-01
6.283162e-01
7.359454e-01
8.212736e-01
8.833971e-01
9.258760e-01
9.536909e-01
9.713908e-01
9.824501e-01
9.892814e-01
9.934713e-01
9.960300e-01
9.975883e-01
9.985358e-01
9.991114e-01
9.994609e-01
9.996729e-01
9.998016e-01
9.998797e-01
9.999270e-01
9.999557e-01
9.999731e-01
9.999837e-01
9.999901e-01
9.999940e-01
9.999964e-01
9.999978e-01
9.999987e-01
9.999992e-01
9.999995e-01
9.999997e-01
9.999998e-01
9.999999e-01
9.999999e-01
1.000000e+00
1.000000e+00
1.000000e+00
1.000000e+00
1.000000e+00
1.000000e+00
1.000000e+00
1.000000e+00
1.000000e+00
1.000000e+00
1.000000e+00
1.000000e+00
1.000000e+00
1.000000e+00
1.000000e+00
1.000000e+00
1.000000e+00
1.000000e+00
1.000000e+00
1.000000e+00
1.000000e+00
1.000000e+00
1.000000e+00
1.000000e+00
1.000000e+00
1.000000e+00
1.000000e+00
1.000000e+00
1.000000e+00
1.000000e+00
1.000000e+00
1.000000e+00
1.000000e+00
1.000000e+00
1.000000e+00
1.000000e+00
1.000000e+00
1.000000e+00
1.000000e+00
1.000000e+00
1.000000e+00
1.000000e+00
1.000000e+00
1.000000e+00
1.000000e+00
1.000000e+00
1.000000e+00
1.000000e+00
1.000000e+00
1.000000e+00
1.000000e+00
1.000000e+00
1.000000e+00
1.000000e+00
1.000000e+00
1.000000e+00
1.000000e+00
1.000000e+00
1.000000e+00
1.000000e+00
1.000000e+00
1.000000e+00
1.000000e+00
1.000000e+00
1.000000e+00
1.000000e+00
1.000000e+00
1.000000e+00
1.000000e+00
1.000000e+00
1.000000e+00
1.000000e+00
1.000000e+00
1.000000e+00
1.000000e+00
1.000000e+00
1.000000e+00
1.000000e+00
1.000000e+00
1.000000e+00
1.000000e+00
1.000000e+00
1.000000e+00
1.000000e+00
1.000000e+00
1.000000e+00
1.000000e+00
1.000000e+00
1.000000e+00
1.000000e+00
1.000000e+00
1.000000e+00
1.000000e+00
1.000000e+00
1.000000e+00
1.000000e+00
1.000000e+00
1.000000e+00
1.000000e+00
1.000000e+00
1.000000e+00
1.000000e+00
1.000000e+00
1.000000e+00
1.000000e+00
1.000000e+00
1.000000e+00
1.000000e+00
1.000000e+00
1.000000e+00
1.000000e+00
1.000000e+00
1.000000e+00
1.000000e+00
1.000000e+00
1.000000e+00
1.000000e+00
1.000000e+00
1.000000e+00
1.000000e+00
1.000000e+00
1.000000e+00
1.000000e+00
1.000000e+00
1.000000e+00
1.000000e+00
1.000000e+00
1.000000e+00
1.000000e+00
1.000000e+00
1.000000e+00
1.000000e+00
1.000000e+00
1.000000e+00
1.000000e+00
1.000000e+00
1.000000e+00
1.000000e+00
1.000000e+00
1.000000e+00
1.000000e+00
1.000000e+00
1.000000e+00
1.000000e+00
1.000000e+00
1.000000e+00
1.000000e+00
1.000000e+00
1.000000e+00
1.000000e+00
1.000000e+00
1.000000e+00
1.000000e+00
1.000000e+00
1.000000e+00
1.000000e+00
1.000000e+00
1.000000e+00
1.000000e+00
1.000000e+00
1.000000e+00
1.000000e+00
1.000000e+00
1.000000e+00
1.000000e+00
1.000000e+00
1.000000e+00
1.000000e+00
1.000000e+00
1.000000e+00
1.000000e+00
1.000000e+00
1.000000e+00
1.000000e+00
1.000000e+00
1.000000e+00
1.000000e+00
1.000000e+00
1.000000e+00
1.000000e+00
1.000000e+00
1.000000e+00
1.000000e+00
1.000000e+00
1.000000e+00
1.000000e+00
1.000000e+00
1.000000e+00
1.000000e+00
1.000000e+00
1.000000e+00
1.000000e+00
1.000000e+00
1.000000e+00
1.000000e+00
1.000000e+00
1.000000e+00
1.000000e+00
1.000000e+00
1.000000e+00
1.000000e+00
1.000000e+00
1.000000e+00
1.000000e+00
1.000000e+00
1.000000e+00
1.000000e+00
1.000000e+00
1.000000e+00
1.000000e+00
1.000000e+00
1.000000e+00
1.000000e+00
1.000000e+00
1.000000e+00
1.000000e+00
1.000000e+00
1.000000e+00
1.000000e+00
1.000000e+00
1.000000e+00
1.000000e+00
1.000000e+00
1.000000e+00
1.000000e+00
1.000000e+00
1.000000e+00
1.000000e+00
1.000000e+00
1.000000e+00
1.000000e+00
1.000000e+00
1.000000e+00
1.000000e+00
1.000000e+00
1.000000e+00
1.000000e+00
1.000000e+00
1.000000e+00
1.000000e+00
1.000000e+00
1.000000e+00
1.000000e+00
1.000000e+00
1.000000e+00
1.000000e+00
1.000000e+00
1.000000e+00
1.000000e+00
1.000000e+00
1.000000e+00
1.000000e+00
1.000000e+00
1.000000e+00
1.000000e+00
1.000000e+00
1.000000e+00
1.000000e+00
1.000000e+00
1.000000e+00
1.000000e+00
1.000000e+00
1.000000e+00
1.000000e+00
1.000000e+00
1.000000e+00
1.000000e+00
1.000000e+00
1.000000e+00
1.000000e+00
1.000000e+00
1.000000e+00
1.000000e+00
1.000000e+00
1.000000e+00
1.000000e+00
1.000000e+00
1.000000e+00
1.000000e+00
1.000000e+00
1.000000e+00
1.000000e+00
1.000000e+00
1.000000e+00
1.000000e+00
1.000000e+00
1.000000e+00
1.000000e+00
1.000000e+00
1.000000e+00
1.000000e+00
1.000000e+00
1.000000e+00
1.000000e+00
1.000000e+00
1.000000e+00
1.000000e+00
1.000000e+00
1.000000e+00
1.000000e+00
1.000000e+00
1.000000e+00
1.000000e+00
1.000000e+00
1.000000e+00
1.000000e+00
1.000000e+00
1.000000e+00
1.000000e+00
1.000000e+00
1.000000e+00
1.000000e+00
1.000000e+00
1.000000e+00
1.000000e+00
1.000000e+00
1.000000e+00
1.000000e+00
1.000000e+00
1.000000e+00
1.000000e+00
1.000000e+00
1.000000e+00
1.000000e+00
1.000000e+00
1.000000e+00
1.000000e+00
1.000000e+00
1.000000e+00
1.000000e+00
1.000000e+00
1.000000e+00
1.000000e+00
1.000000e+00
1.000000e+00
1.000000e+00
1.000000e+00
1.000000e+00
1.000000e+00
1.000000e+00
1.000000e+00
1.000000e+00
1.000000e+00
1.000000e+00
1.000000e+00
1.000000e+00
1.000000e+00
1.000000e+00
1.000000e+00
1.000000e+00
1.000000e+00
1.000000e+00
1.000000e+00
1.000000e+00
1.000000e+00
1.000000e+00
1.000000e+00
1.000000e+00
1.000000e+00
1.000000e+00
1.000000e+00
1.000000e+00
1.000000e+00
1.000000e+00
1.000000e+00
1.000000e+00
1.000000e+00
1.000000e+00
1.000000e+00
1.000000e+00
1.000000e+00
1.000000e+00
1.000000e+00
1.000000e+00
1.000000e+00
1.000000e+00
1.000000e+00
1.000000e+00
1.000000e+00
1.000000e+00
1.000000e+00
1.000000e+00
1.000000e+00
1.000000e+00
1.000000e+00
1.000000e+00
1.000000e+00
1.000000e+00
1.000000e+00
1.000000e+00
1.000000e+00
1.000000e+00
1.000000e+00
1.000000e+00
1.000000e+00
1.000000e+00
1.000000e+00
1.000000e+00
1.000000e+00
1.000000e+00
1.000000e+00
1.000000e+00
1.000000e+00
1.000000e+00
1.000000e+00
1.000000e+00
1.000000e+00
1.000000e+00
1.000000e+00
1.000000e+00
1.000000e+00
1.000000e+00
1.000000e+00
1.000000e+00
1.000000e+00
1.000000e+00
1.000000e+00
1.000000e+00
1.000000e+00
1.000000e+00
1.000000e+00
1.000000e+00
1.000000e+00
1.000000e+00
1.000000e+00
1.000000e+00
1.000000e+00
1.000000e+00
1.000000e+00
1.000000e+00
1.000000e+00
1.000000e+00
1.000000e+00
1.000000e+00
1.000000e+00
1.000000e+00
1.000000e+00
1.000000e+00
1.000000e+00
1.000000e+00
1.000000e+00
1.000000e+00
1.000000e+00
1.000000e+00
1.000000e+00
1.000000e+00
1.000000e+00
1.000000e+00
1.000000e+00
1.000000e+00
1.000000e+00
1.000000e+00
1.000000e+00
1.000000e+00
1.000000e+00
1.000000e+00
1.000000e+00
1.000000e+00
1.000000e+00
1.000000e+00
1.000000e+00
1.000000e+00
1.000000e+00
1.000000e+00
1.000000e+00
1.000000e+00
1.000000e+00
1.000000e+00
1.000000e+00
1.000000e+00
1.000000e+00
1.000000e+00
1.000000e+00
1.000000e+00
1.000000e+00
1.000000e+00
1.000000e+00
1.000000e+00
1.000000e+00
1.000000e+00
1.000000e+00
1.000000e+00
1.000000e+00
1.000000e+00
1.000000e+00
1.000000e+00
1.000000e+00
1.000000e+00
1.000000e+00
1.000000e+00
1.000000e+00
1.000000e+00
1.000000e+00
1.000000e+00
1.000000e+00
1.000000e+00
1.000000e+00
9.999999e-01
9.999999e-01
9.999998e-01
9.999997e-01
9.999995e-01
9.999992e-01
9.999987e-01
9.999978e-01
9.999964e-01
9.999940e-01
9.999901e-01
9.999837e-01
9.999731e-01
9.999557e-01
9.999270e-01
9.998797e-01
9.998016e-01
9.996729e-01
9.994609e-01
9.991114e-01
9.985358e-01
9.975883e-01
9.960300e-01
9.934713e-01
9.892814e-01
9.824501e-01
9.713908e-01
9.536909e-01
9.258760e-01
8.833971e-01
8.212736e-01
7.359454e-01
6.283162e-01
5.062497e-01
3.834335e-01
2.738851e-01
1.861839e-01
1.218529e-01
7.762948e-02
4.856816e-02
3.003200e-02
1.843314e-02
1.126195e-02
6.861120e-03
4.172745e-03
2.535060e-03
1.539127e-03
9.340932e-04
5.667646e-04
3.438367e-04
2.085758e-04
1.265180e-04
7.674091e-05
4.654710e-05
2.823281e-05
1.712425e-05
1.038650e-05
6.299753e-06
3.821043e-06
2.317587e-06
1.405726e-06
8.526235e-07
5.171776e-07
3.136945e-07
1.902991e-07
1.154351e-07
7.004777e-08
4.250114e-08
2.581044e-08
1.567172e-08
9.537183e-09
5.803150e-09
3.551387e-09
2.174069e-09
1.350179e-09
8.403199e-10
5.412749e-10
3.509351e-10
2.445964e-10
1.721405e-10
1.363737e-10
1.075761e-10
9.749473e-11
8.500911e-11
8.413675e-11
7.786927e-11
8.017520e-11
7.638462e-11
7.967532e-11
7.696188e-11
8.045281e-11
7.828121e-11
8.170131e-11
7.985784e-11
8.312362e-11
8.151491e-11
8.460899e-11
8.318740e-11
8.611550e-11
8.485340e-11
8.762679e-11
8.650375e-11
8.913648e-11
8.813683e-11
9.064083e-11
8.975126e-11
9.213835e-11
9.134782e-11
9.362799e-11
9.292633e-11
9.510909e-11
9.448758e-11
9.658008e-11
9.603146e-11
9.804091e-11
9.755791e-11
9.949103e-11
9.906714e-11
1.009295e-10
1.005596e-10
1.023560e-10
1.020350e-10
1.037702e-10
1.034935e-10
1.051713e-10
1.049350e-10
1.065592e-10
1.063596e-10
1.079333e-10
1.077670e-10
1.092934e-10
1.091578e-10
1.106394e-10
1.105311e-10
1.119707e-10
1.118872e-10
1.132868e-10
1.132259e-10
1.145876e-10
1.145476e-10
1.158731e-10
1.158517e-10
1.171432e-10
1.171387e-10
1.183971e-10
1.184077e-10
1.196348e-10
1.196591e-10
1.208562e-10
1.208924e-10
1.220608e-10
1.221075e-10
1.232483e-10
1.233046e-10
1.244190e-10
1.244838e-10
1.255721e-10
1.256441e-10
1.267080e-10
1.267864e-10
1.278260e-10
1.279098e-10
1.289263e-10
1.290148e-10
1.300086e-10
1.301007e-10
1.310726e-10
1.311674e-10
1.321175e-10
1.322142e-10
1.331437e-10
1.332420e-10
1.341509e-10
1.342499e-10
1.351391e-10
1.352377e-10
1.361071e-10
1.362054e-10
1.370559e-10
1.371530e-10
1.379849e-10
1.380803e-10
1.388939e-10
1.389870e-10
1.397826e-10
1.398732e-10
1.406510e-10
1.407383e-10
1.414986e-10
1.415824e-10
1.423258e-10
1.424056e-10
1.431322e-10
1.432077e-10
1.439177e-10
1.439889e-10
1.446827e-10
1.447487e-10
1.454265e-10
1.454869e-10
1.461488e-10
1.462035e-10
1.468497e-10
1.468983e-10
1.475289e-10
1.475715e-10
1.481871e-10
1.482230e-10
1.488233e-10
1.488522e-10
1.494376e-10
1.494598e-10
1.500303e-10
1.500448e-10
1.506008e-10
1.506074e-10
1.511489e-10
1.511475e-10
1.516751e-10
1.516656e-10
1.521783e-10
1.521607e-10
1.526595e-10
1.526335e-10
1.531186e-10
1.530835e-10
1.535551e-10
1.535114e-10
1.539689e-10
1.539162e-10
1.543606e-10
1.542986e-10
1.547293e-10
1.546575e-10
1.550749e-10
1.549939e-10
1.553979e-10
1.553072e-10
1.556986e-10
1.555975e-10
1.559753e-10
1.558645e-10
1.562296e-10
1.561085e-10
1.564607e-10
1.563291e-10
1.566691e-10
1.565268e-10
1.568542e-10
1.567012e-10
1.570160e-10
1.568524e-10
1.571545e-10
1.569799e-10
1.572703e-10
1.570843e-10
1.573622e-10
1.571649e-10
1.574310e-10
1.572230e-10
1.574770e-10
1.572572e-10
1.574996e-10
