1.359183e-10
1.361490e-10
1.359072e-10
1.361285e-10
1.358763e-10
1.360877e-10
1.358256e-10
1.360268e-10
1.357545e-10
1.359464e-10
1.356633e-10
1.358461e-10
1.355523e-10
1.357258e-10
1.354215e-10
1.355860e-10
1.352711e-10
1.354266e-10
1.351012e-10
1.352477e-10
1.349110e-10
1.350487e-10
1.347011e-10
1.348308e-10
1.344718e-10
1.345927e-10
1.342222e-10
1.343352e-10
1.339532e-10
1.340579e-10
1.336645e-10
1.337614e-10
1.333561e-10
1.334449e-10
1.330281e-10
1.331095e-10
1.326806e-10
1.327544e-10
1.323137e-10
1.323799e-10
1.319269e-10
1.319861e-10
1.315209e-10
1.315733e-10
1.310954e-10
1.311408e-10
1.306504e-10
1.306895e-10
1.301863e-10
1.302191e-10
1.297029e-10
1.297294e-10
1.292000e-10
1.292206e-10
1.286780e-10
1.286931e-10
1.281371e-10
1.281470e-10
1.275772e-10
1.275819e-10
1.269985e-10
1.269983e-10
1.264009e-10
1.263960e-10
1.257844e-10
1.257753e-10
1.251493e-10
1.251367e-10
1.244959e-10
1.244795e-10
1.238241e-10
1.238044e-10
1.231338e-10
1.231112e-10
1.224252e-10
1.223998e-10
1.216980e-10
1.216707e-10
1.209530e-10
1.209238e-10
1.201901e-10
1.201598e-10
1.194094e-10
1.193782e-10
1.186107e-10
1.185791e-10
1.177946e-10
1.177634e-10
1.169608e-10
1.169301e-10
1.161096e-10
1.160803e-10
1.152409e-10
1.152138e-10
1.143555e-10
1.143308e-10
1.134527e-10
1.134309e-10
1.125329e-10
1.125156e-10
1.115965e-10
1.115840e-10
1.106437e-10
1.106370e-10
1.096746e-10
1.096743e-10
1.086891e-10
1.086964e-10
1.076876e-10
1.077033e-10
1.066703e-10
1.066954e-10
1.056369e-10
1.056732e-10
1.045882e-10
1.046361e-10
1.035232e-10
1.035846e-10
1.024434e-10
1.025195e-10
1.013477e-10
1.014401e-10
1.002367e-10
1.003472e-10
9.911072e-11
9.924089e-11
9.796952e-11
9.812140e-11
9.681317e-11
9.698875e-11
9.564177e-11
9.584383e-11
9.445572e-11
9.468637e-11
9.325496e-11
9.351686e-11
9.203927e-11
9.233581e-11
9.080886e-11
9.114315e-11
8.956352e-11
8.993933e-11
8.830381e-11
8.872508e-11
8.702938e-11
8.750106e-11
8.574075e-11
8.626727e-11
8.443712e-11
8.502404e-11
8.311879e-11
8.377288e-11
8.178569e-11
8.251316e-11
8.043721e-11
8.124629e-11
7.907347e-11
7.997258e-11
7.769413e-11
7.869333e-11
7.629863e-11
7.740891e-11
7.488693e-11
7.612183e-11
7.345974e-11
7.483453e-11
7.201900e-11
7.355350e-11
7.057260e-11
7.229534e-11
6.914347e-11
7.110151e-11
6.779627e-11
7.008311e-11
6.670803e-11
6.953765e-11
6.636319e-11
7.027096e-11
6.808232e-11
7.446788e-11
7.545786e-11
8.806256e-11
9.826279e-11
1.271799e-10
1.630663e-10
2.356424e-10
3.421014e-10
5.325625e-10
8.317285e-10
1.341709e-09
2.165721e-09
3.543161e-09
5.795046e-09
9.529203e-09
1.566386e-08
2.580271e-08
4.249352e-08
7.004029e-08
1.154277e-07
1.902919e-07
3.136873e-07
5.171706e-07
8.526166e-07
1.405719e-06
2.317580e-06
3.821036e-06
6.299746e-06
1.038649e-05
1.712424e-05
2.823281e-05
4.654710e-05
7.674090e-05
1.265180e-04
2.085758e-04
3.438367e-04
5.667646e-04
9.340932e-04
1.539127e-03
2.535060e-03
4.172745e-03
6.861120e-03
1.126195e-02
1.843314e-02
3.003199e-02
4.856816e-02
7.762948e-02
1.218529e-01
1.861839e-01
2.738851e-01
3.834335e-01
5.062497e-01
6.283162e-01
7.359454e-01
8.212736e-01
8.833971e-01
9.258759e-01
9.536909e-01
9.713908e-01
9.824501e-01
9.892814e-01
9.934713e-01
9.960300e-01
9.975883e-01
9.985358e-01
9.991114e-01
9.994609e-01
9.996729e-01
9.998016e-01
9.998797e-01
9.999270e-01
9.999557e-01
9.999731e-01
9.999837e-01
9.999901e-01
9.999940e-01
9.999964e-01
9.999978e-01
9.999987e-01
9.999992e-01
9.999995e-01
9.999997e-01
9.999998e-01
9.999999e-01
9.999999e-01
1.000000e+00
1.000000e+00
1.000000e+00
1.000000e+00
1.000000e+00
1.000000e+00
1.000000e+00
1.000000e+00
1.000000e+00
1.000000e+00
1.000000e+00
1.000000e+00
1.000000e+00
1.000000e+00
1.000000e+00
1.000000e+00
1.000000e+00
1.000000e+00
1.000000e+00
1.000000e+00
1.000000e+00
1.000000e+00
1.000000e+00
1.000000e+00
1.000000e+00
1.000000e+00
1.000000e+00
1.000000e+00
1.000000e+00
1.000000e+00
1.000000e+00
1.000000e+00
1.000000e+00
1.000000e+00
1.000000e+00
1.000000e+00
1.000000e+00
1.000000e+00
1.000000e+00
1.000000e+00
1.000000e+00
1.000000e+00
1.000000e+00
1.000000e+00
1.000000e+00
1.000000e+00
1.000000e+00
1.000000e+00
1.000000e+00
1.000000e+00
1.000000e+00
1.000000e+00
1.000000e+00
1.000000e+00
1.000000e+00
1.000000e+00
1.000000e+00
1.000000e+00
1.000000e+00
1.000000e+00
1.000000e+00
1.000000e+00
1.000000e+00
1.000000e+00
1.000000e+00
1.000000e+00
1.000000e+00
1.000000e+00
1.000000e+00
1.000000e+00
1.000000e+00
1.000000e+00
1.000000e+00
1.000000e+00
1.000000e+00
1.000000e+00
1.000000e+00
1.000000e+00
1.000000e+00
1.000000e+00
1.000000e+00
1.000000e+00
1.000000e+00
1.000000e+00
1.000000e+00
1.000000e+00
1.000000e+00
1.000000e+00
1.000000e+00
1.000000e+00
1.000000e+00
1.000000e+00
1.000000e+00
1.000000e+00
1.000000e+00
1.000000e+00
1.000000e+00
1.000000e+00
1.000000e+00
1.000000e+00
1.000000e+00
1.000000e+00
1.000000e+00
1.000000e+00
1.000000e+00
1.000000e+00
1.000000e+00
1.000000e+00
1.000000e+00
1.000000e+00
1.000000e+00
1.000000e+00
1.000000e+00
1.000000e+00
1.000000e+00
1.000000e+00
1.000000e+00
1.000000e+00
1.000000e+00
1.000000e+00
1.000000e+00
1.000000e+00
1.000000e+00
1.000000e+00
1.000000e+00
1.000000e+00
1.000000e+00
1.000000e+00
1.000000e+00
1.000000e+00
1.000000e+00
1.000000e+00
1.000000e+00
1.000000e+00
1.000000e+00
1.000000e+00
1.000000e+00
1.000000e+00
1.000000e+00
1.000000e+00
1.000000e+00
1.000000e+00
1.000000e+00
1.000000e+00
1.000000e+00
1.000000e+00
1.000000e+00
1.000000e+00
1.000000e+00
1.000000e+00
1.000000e+00
1.000000e+00
1.000000e+00
1.000000e+00
1.000000e+00
1.000000e+00
1.000000e+00
1.000000e+00
1.000000e+00
1.000000e+00
1.000000e+00
1.000000e+00
1.000000e+00
1.000000e+00
1.000000e+00
1.000000e+00
1.000000e+00
1.000000e+00
1.000000e+00
1.000000e+00
1.000000e+00
1.000000e+00
1.000000e+00
1.000000e+00
1.000000e+00
1.000000e+00
1.000000e+00
1.000000e+00
1.000000e+00
1.000000e+00
1.000000e+00
1.000000e+00
1.000000e+00
1.000000e+00
1.000000e+00
1.000000e+00
1.000000e+00
1.000000e+00
1.000000e+00
1.000000e+00
1.000000e+00
1.000000e+00
1.000000e+00
1.000000e+00
1.000000e+00
1.000000e+00
1.000000e+00
1.000000e+00
1.000000e+00
1.000000e+00
1.000000e+00
1.000000e+00
1.000000e+00
1.000000e+00
1.000000e+00
1.000000e+00
1.000000e+00
1.000000e+00
1.000000e+00
1.000000e+00
1.000000e+00
1.000000e+00
1.000000e+00
1.000000e+00
1.000000e+00
1.000000e+00
1.000000e+00
1.000000e+00
1.000000e+00
1.000000e+00
1.000000e+00
1.000000e+00
1.000000e+00
1.000000e+00
1.000000e+00
1.000000e+00
1.000000e+00
1.000000e+00
1.000000e+00
1.000000e+00
1.000000e+00
1.000000e+00
1.000000e+00
1.000000e+00
1.000000e+00
1.000000e+00
1.000000e+00
1.000000e+00
1.000000e+00
1.000000e+00
1.000000e+00
1.000000e+00
1.000000e+00
1.000000e+00
1.000000e+00
1.000000e+00
1.000000e+00
1.000000e+00
1.000000e+00
1.000000e+00
1.000000e+00
1.000000e+00
1.000000e+00
1.000000e+00
1.000000e+00
1.000000e+00
1.000000e+00
1.000000e+00
1.000000e+00
1.000000e+00
1.000000e+00
1.000000e+00
1.000000e+00
1.000000e+00
1.000000e+00
1.000000e+00
1.000000e+00
1.000000e+00
1.000000e+00
1.000000e+00
1.000000e+00
1.000000e+00
1.000000e+00
1.000000e+00
1.000000e+00
1.000000e+00
1.000000e+00
1.000000e+00
1.000000e+00
1.000000e+00
1.000000e+00
1.000000e+00
1.000000e+00
1.000000e+00
1.000000e+00
1.000000e+00
1.000000e+00
1.000000e+00
1.000000e+00
1.000000e+00
1.000000e+00
1.000000e+00
1.000000e+00
1.000000e+00
1.000000e+00
1.000000e+00
1.000000e+00
1.000000e+00
1.000000e+00
1.000000e+00
1.000000e+00
1.000000e+00
1.000000e+00
1.000000e+00
1.000000e+00
1.000000e+00
1.000000e+00
1.000000e+00
1.000000e+00
1.000000e+00
1.000000e+00
1.000000e+00
1.000000e+00
1.000000e+00
1.000000e+00
1.000000e+00
1.000000e+00
1.000000e+00
1.000000e+00
1.000000e+00
1.000000e+00
1.000000e+00
1.000000e+00
1.000000e+00
1.000000e+00
1.000000e+00
1.000000e+00
1.000000e+00
1.000000e+00
1.000000e+00
1.000000e+00
1.000000e+00
1.000000e+00
1.000000e+00
1.000000e+00
1.000000e+00
1.000000e+00
1.000000e+00
1.000000e+00
1.000000e+00
1.000000e+00
1.000000e+00
1.000000e+00
1.000000e+00
1.000000e+00
1.000000e+00
1.000000e+00
1.000000e+00
1.000000e+00
1.000000e+00
1.000000e+00
1.000000e+00
1.000000e+00
1.000000e+00
1.000000e+00
1.000000e+00
1.000000e+00
1.000000e+00
1.000000e+00
1.000000e+00
1.000000e+00
1.000000e+00
1.000000e+00
1.000000e+00
1.000000e+00
1.000000e+00
1.000000e+00
1.000000e+00
1.000000e+00
1.000000e+00
1.000000e+00
1.000000e+00
1.000000e+00
1.000000e+00
1.000000e+00
1.000000e+00
1.000000e+00
1.000000e+00
1.000000e+00
1.000000e+00
1.000000e+00
1.000000e+00
1.000000e+00
1.000000e+00
1.000000e+00
1.000000e+00
1.000000e+00
1.000000e+00
1.000000e+00
1.000000e+00
1.000000e+00
1.000000e+00
1.000000e+00
1.000000e+00
1.000000e+00
1.000000e+00
1.000000e+00
1.000000e+00
1.000000e+00
1.000000e+00
1.000000e+00
1.000000e+00
1.000000e+00
1.000000e+00
1.000000e+00
1.000000e+00
1.000000e+00
1.000000e+00
1.000000e+00
1.000000e+00
1.000000e+00
1.000000e+00
1.000000e+00
1.000000e+00
1.000000e+00
1.000000e+00
1.000000e+00
1.000000e+00
1.000000e+00
1.000000e+00
1.000000e+00
1.000000e+00
1.000000e+00
1.000000e+00
1.000000e+00
1.000000e+00
1.000000e+00
1.000000e+00
1.000000e+00
1.000000e+00
1.000000e+00
1.000000e+00
1.000000e+00
1.000000e+00
1.000000e+00
1.000000e+00
1.000000e+00
1.000000e+00
1.000000e+00
1.000000e+00
1.000000e+00
1.000000e+00
1.000000e+00
1.000000e+00
1.000000e+00
1.000000e+00
1.000000e+00
1.000000e+00
1.000000e+00
1.000000e+00
1.000000e+00
1.000000e+00
1.000000e+00
1.000000e+00
1.000000e+00
1.000000e+00
1.000000e+00
1.000000e+00
1.000000e+00
1.000000e+00
1.000000e+00
1.000000e+00
1.000000e+00
1.000000e+00
1.000000e+00
1.000000e+00
1.000000e+00
1.000000e+00
1.000000e+00
1.000000e+00
1.000000e+00
1.000000e+00
1.000000e+00
1.000000e+00
1.000000e+00
1.000000e+00
1.000000e+00
1.000000e+00
1.000000e+00
1.000000e+00
1.000000e+00
1.000000e+00
1.000000e+00
1.000000e+00
1.000000e+00
1.000000e+00
1.000000e+00
1.000000e+00
1.000000e+00
1.000000e+00
1.000000e+00
1.000000e+00
1.000000e+00
1.000000e+00
1.000000e+00
1.000000e+00
1.000000e+00
9.999999e-01
9.999999e-01
9.999998e-01
9.999997e-01
9.999995e-01
9.999992e-01
9.999987e-01
9.999978e-01
9.999964e-01
9.999940e-01
9.999901e-01
9.999837e-01
9.999731e-01
9.999557e-01
9.999270e-01
9.998797e-01
9.998016e-01
9.996729e-01
9.994609e-01
9.991114e-01
9.985358e-01
9.975883e-01
9.960300e-01
9.934713e-01
9.892814e-01
9.824501e-01
9.713908e-01
9.536909e-01
9.258759e-01
8.833971e-01
8.212736e-01
7.359454e-01
6.283162e-01
5.062497e-01
3.834335e-01
2.738851e-01
1.861839e-01
1.218529e-01
7.762948e-02
4.856816e-02
3.003199e-02
1.843314e-02
1.126195e-02
6.861120e-03
4.172745e-03
2.535060e-03
1.539127e-03
9.340932e-04
5.667646e-04
3.438367e-04
2.085758e-04
1.265180e-04
7.674090e-05
4.654710e-05
2.823281e-05
1.712424e-05
1.038649e-05
6.299746e-06
3.821036e-06
2.317580e-06
1.405719e-06
8.526166e-07
5.171707e-07
3.136874e-07
1.902919e-07
1.154278e-07
7.004031e-08
4.249355e-08
2.580274e-08
1.566389e-08
9.529237e-09
5.795082e-09
3.543198e-09
2.165759e-09
1.341749e-09
8.317691e-10
5.326048e-10
3.421453e-10
2.356874e-10
1.631124e-10
1.272274e-10
9.831119e-11
8.811224e-11
7.550849e-11
7.451922e-11
6.813472e-11
7.032419e-11
6.641743e-11
6.959289e-11
6.676382e-11
7.014000e-11
6.785367e-11
7.115986e-11
6.920248e-11
7.235540e-11
7.063317e-11
7.361495e-11
7.208129e-11
7.489759e-11
7.352385e-11
7.618678e-11
7.495293e-11
7.747564e-11
7.636597e-11
7.876089e-11
7.776257e-11
8.004170e-11
7.914291e-11
8.131595e-11
8.050738e-11
8.258366e-11
8.185619e-11
8.384315e-11
8.318901e-11
8.509449e-11
8.450668e-11
8.633638e-11
8.580936e-11
8.756884e-11
8.709661e-11
8.879164e-11
8.836937e-11
9.000378e-11
8.962664e-11
9.120488e-11
9.086965e-11
9.239537e-11
9.209755e-11
9.357387e-11
9.331047e-11
9.474077e-11
9.450896e-11
9.589546e-11
9.569207e-11
9.703754e-11
9.686019e-11
9.816675e-11
9.801332e-11
9.928314e-11
9.915124e-11
1.003864e-10
1.002745e-10
1.014761e-10
1.013822e-10
1.025524e-10
1.024746e-10
1.036147e-10
1.035516e-10
1.046628e-10
1.046131e-10
1.056966e-10
1.056590e-10
1.067162e-10
1.066897e-10
1.077213e-10
1.077042e-10
1.087113e-10
1.087030e-10
1.096871e-10
1.096862e-10
1.106473e-10
1.106530e-10
1.115924e-10
1.116040e-10
1.125218e-10
1.125385e-10
1.134359e-10
1.134562e-10
1.143335e-10
1.143576e-10
1.152154e-10
1.152419e-10
1.160806e-10
1.161095e-10
1.169293e-10
1.169595e-10
1.177613e-10
1.177922e-10
1.185764e-10
1.186075e-10
1.193742e-10
1.194052e-10
1.201551e-10
1.201851e-10
1.209186e-10
1.209475e-10
1.216648e-10
1.216918e-10
1.223931e-10
1.224184e-10
1.231040e-10
1.231268e-10
1.237971e-10
1.238170e-10
1.244724e-10
1.244890e-10
1.251298e-10
1.251426e-10
1.257685e-10
1.257778e-10
1.263893e-10
1.263943e-10
1.269919e-10
1.269924e-10
1.275762e-10
1.275720e-10
1.281419e-10
1.281324e-10
1.286889e-10
1.286742e-10
1.292171e-10
1.291967e-10
1.297264e-10
1.297000e-10
1.302167e-10
1.301844e-10
1.306882e-10
1.306497e-10
1.311407e-10
1.310951e-10
1.315734e-10
1.315217e-10
1.319875e-10
1.319285e-10
1.323821e-10
1.323162e-10
1.327574e-10
1.326842e-10
1.331136e-10
1.330326e-10
1.334502e-10
1.333615e-10
1.337669e-10
1.336709e-10
1.340648e-10
1.339605e-10
1.343426e-10
1.342304e-10
1.346013e-10
1.344806e-10
1.348398e-10
1.347106e-10
1.350586e-10
1.349205e-10
1.352572e-10
1.351105e-10
1.354361e-10
1.352805e-10
1.355954e-10
1.354308e-10
1.357345e-10
1.355603e-10
1.358533e-10
1.356703e-10
1.359530e-10
1.357604e-10
1.360324e-10
1.358299e-10
1.360920e-10
1.358799e-10
1.361312e-10
1.359092e-10
1.361504e-10
