1.175667e-10
1.177980e-10
1.175571e-10
1.177802e-10
1.175306e-10
1.177450e-10
1.174868e-10
1.176932e-10
1.174258e-10
1.176240e-10
1.173476e-10
1.175377e-10
1.172522e-10
1.174346e-10
1.171399e-10
1.173146e-10
1.170106e-10
1.171779e-10
1.168641e-10
1.170237e-10
1.167007e-10
1.168531e-10
1.165203e-10
1.166656e-10
1.163229e-10
1.164612e-10
1.161087e-10
1.162401e-10
1.158774e-10
1.160018e-10
1.156294e-10
1.157473e-10
1.153643e-10
1.154757e-10
1.150820e-10
1.151871e-10
1.147827e-10
1.148819e-10
1.144672e-10
1.145600e-10
1.141344e-10
1.142217e-10
1.137848e-10
1.138666e-10
1.134187e-10
1.134951e-10
1.130363e-10
1.131071e-10
1.126369e-10
1.127028e-10
1.122206e-10
1.122820e-10
1.117881e-10
1.118445e-10
1.113388e-10
1.113913e-10
1.108734e-10
1.109219e-10
1.103915e-10
1.104363e-10
1.098937e-10
1.099347e-10
1.093799e-10
1.094174e-10
1.088495e-10
1.088843e-10
1.083028e-10
1.083352e-10
1.077403e-10
1.077698e-10
1.071615e-10
1.071894e-10
1.065670e-10
1.065932e-10
1.059567e-10
1.059812e-10
1.053305e-10
1.053541e-10
1.046889e-10
1.047123e-10
1.040316e-10
1.040550e-10
1.033587e-10
1.033827e-10
1.026708e-10
1.026953e-10
1.019675e-10
1.019935e-10
1.012492e-10
1.012773e-10
1.005158e-10
1.005463e-10
9.976742e-11
9.980083e-11
9.900453e-11
9.904183e-11
9.822665e-11
9.826817e-11
9.743378e-11
9.748080e-11
9.662660e-11
9.667944e-11
9.580514e-11
9.586487e-11
9.496970e-11
9.503703e-11
9.412016e-11
9.419621e-11
9.325696e-11
9.334250e-11
9.238021e-11
9.247653e-11
9.148959e-11
9.159784e-11
9.058543e-11
9.070678e-11
8.966772e-11
8.980305e-11
8.873630e-11
8.888795e-11
8.779194e-11
8.796081e-11
8.683398e-11
8.702200e-11
8.586337e-11
8.607176e-11
8.487944e-11
8.511059e-11
8.388235e-11
8.413831e-11
8.287210e-11
8.315526e-11
8.184892e-11
8.216161e-11
8.081275e-11
8.115786e-11
7.976370e-11
8.014406e-11
7.870143e-11
7.912060e-11
7.762641e-11
7.808815e-11
7.653889e-11
7.704692e-11
7.543827e-11
7.599749e-11
7.432438e-11
7.493961e-11
7.319806e-11
7.387441e-11
7.205830e-11
7.280238e-11
7.090556e-11
7.172390e-11
6.973910e-11
7.063988e-11
6.855910e-11
6.955059e-11
6.736500e-11
6.845730e-11
6.615636e-11
6.736045e-11
6.493261e-11
6.626177e-11
6.369427e-11
6.516432e-11
6.244433e-11
6.407469e-11
6.119005e-11
6.300943e-11
5.995454e-11
6.200995e-11
5.880202e-11
6.118694e-11
5.791023e-11
6.083845e-11
5.776302e-11
6.176981e-11
5.968032e-11
6.616585e-11
6.725615e-11
7.996087e-11
9.026169e-11
1.192800e-10
1.552674e-10
2.279452e-10
3.345059e-10
5.250690e-10
8.243374e-10
1.334420e-09
2.158536e-09
3.536079e-09
5.788067e-09
9.522327e-09
1.565709e-08
2.579604e-08
4.248696e-08
7.003382e-08
1.154214e-07
1.902856e-07
3.136812e-07
5.171646e-07
8.526106e-07
1.405713e-06
2.317574e-06
3.821030e-06
6.299741e-06
1.038648e-05
1.712424e-05
2.823280e-05
4.654709e-05
7.674089e-05
1.265180e-04
2.085758e-04
3.438367e-04
5.667645e-04
9.340932e-04
1.539127e-03
2.535060e-03
4.172745e-03
6.861120e-03
1.126195e-02
1.843314e-02
3.003199e-02
4.856816e-02
7.762948e-02
1.218529e-01
1.861839e-01
2.738851e-01
3.834335e-01
5.062497e-01
6.283162e-01
7.359454e-01
8.212736e-01
8.833970e-01
9.258759e-01
9.536909e-01
9.713908e-01
9.824501e-01
9.892814e-01
9.934713e-01
9.960300e-01
9.975883e-01
9.985358e-01
9.991114e-01
9.994609e-01
9.996729e-01
9.998016e-01
9.998797e-01
9.999270e-01
9.999557e-01
9.999731e-01
9.999837e-01
9.999901e-01
9.999940e-01
9.999964e-01
9.999978e-01
9.999987e-01
9.999992e-01
9.999995e-01
9.999997e-01
9.999998e-01
9.999999e-01
9.999999e-01
1.000000e+00
1.000000e+00
1.000000e+00
1.000000e+00
1.000000e+00
1.000000e+00
1.000000e+00
1.000000e+00
1.000000e+00
1.000000e+00
1.000000e+00
1.000000e+00
1.000000e+00
1.000000e+00
1.000000e+00
1.000000e+00
1.000000e+00
1.000000e+00
1.000000e+00
1.000000e+00
1.000000e+00
1.000000e+00
1.000000e+00
1.000000e+00
1.000000e+00
1.000000e+00
1.000000e+00
1.000000e+00
1.000000e+00
1.000000e+00
1.000000e+00
1.000000e+00
1.000000e+00
1.000000e+00
1.000000e+00
1.000000e+00
1.000000e+00
1.000000e+00
1.000000e+00
1.000000e+00
1.000000e+00
1.000000e+00
1.000000e+00
1.000000e+00
1.000000e+00
1.000000e+00
1.000000e+00
1.000000e+00
1.000000e+00
1.000000e+00
1.000000e+00
1.000000e+00
1.000000e+00
1.000000e+00
1.000000e+00
1.000000e+00
1.000000e+00
1.000000e+00
1.000000e+00
1.000000e+00
1.000000e+00
1.000000e+00
1.000000e+00
1.000000e+00
1.000000e+00
1.000000e+00
1.000000e+00
1.000000e+00
1.000000e+00
1.000000e+00
1.000000e+00
1.000000e+00
1.000000e+00
1.000000e+00
1.000000e+00
1.000000e+00
1.000000e+00
1.000000e+00
1.000000e+00
1.000000e+00
1.000000e+00
1.000000e+00
1.000000e+00
1.000000e+00
1.000000e+00
1.000000e+00
1.000000e+00
1.000000e+00
1.000000e+00
1.000000e+00
1.000000e+00
1.000000e+00
1.000000e+00
1.000000e+00
1.000000e+00
1.000000e+00
1.000000e+00
1.000000e+00
1.000000e+00
1.000000e+00
1.000000e+00
1.000000e+00
1.000000e+00
1.000000e+00
1.000000e+00
1.000000e+00
1.000000e+00
1.000000e+00
1.000000e+00
1.000000e+00
1.000000e+00
1.000000e+00
1.000000e+00
1.000000e+00
1.000000e+00
1.000000e+00
1.000000e+00
1.000000e+00
1.000000e+00
1.000000e+00
1.000000e+00
1.000000e+00
1.000000e+00
1.000000e+00
1.000000e+00
1.000000e+00
1.000000e+00
1.000000e+00
1.000000e+00
1.000000e+00
1.000000e+00
1.000000e+00
1.000000e+00
1.000000e+00
1.000000e+00
1.000000e+00
1.000000e+00
1.000000e+00
1.000000e+00
1.000000e+00
1.000000e+00
1.000000e+00
1.000000e+00
1.000000e+00
1.000000e+00
1.000000e+00
1.000000e+00
1.000000e+00
1.000000e+00
1.000000e+00
1.000000e+00
1.000000e+00
1.000000e+00
1.000000e+00
1.000000e+00
1.000000e+00
1.000000e+00
1.000000e+00
1.000000e+00
1.000000e+00
1.000000e+00
1.000000e+00
1.000000e+00
1.000000e+00
1.000000e+00
1.000000e+00
1.000000e+00
1.000000e+00
1.000000e+00
1.000000e+00
1.000000e+00
1.000000e+00
1.000000e+00
1.000000e+00
1.000000e+00
1.000000e+00
1.000000e+00
1.000000e+00
1.000000e+00
1.000000e+00
1.000000e+00
1.000000e+00
1.000000e+00
1.000000e+00
1.000000e+00
1.000000e+00
1.000000e+00
1.000000e+00
1.000000e+00
1.000000e+00
1.000000e+00
1.000000e+00
1.000000e+00
1.000000e+00
1.000000e+00
1.000000e+00
1.000000e+00
1.000000e+00
1.000000e+00
1.000000e+00
1.000000e+00
1.000000e+00
1.000000e+00
1.000000e+00
1.000000e+00
1.000000e+00
1.000000e+00
1.000000e+00
1.000000e+00
1.000000e+00
1.000000e+00
1.000000e+00
1.000000e+00
1.000000e+00
1.000000e+00
1.000000e+00
1.000000e+00
1.000000e+00
1.000000e+00
1.000000e+00
1.000000e+00
1.000000e+00
1.000000e+00
1.000000e+00
1.000000e+00
1.000000e+00
1.000000e+00
1.000000e+00
1.000000e+00
1.000000e+00
1.000000e+00
1.000000e+00
1.000000e+00
1.000000e+00
1.000000e+00
1.000000e+00
1.000000e+00
1.000000e+00
1.000000e+00
1.000000e+00
1.000000e+00
1.000000e+00
1.000000e+00
1.000000e+00
1.000000e+00
1.000000e+00
1.000000e+00
1.000000e+00
1.000000e+00
1.000000e+00
1.000000e+00
1.000000e+00
1.000000e+00
1.000000e+00
1.000000e+00
1.000000e+00
1.000000e+00
1.000000e+00
1.000000e+00
1.000000e+00
1.000000e+00
1.000000e+00
1.000000e+00
1.000000e+00
1.000000e+00
1.000000e+00
1.000000e+00
1.000000e+00
1.000000e+00
1.000000e+00
1.000000e+00
1.000000e+00
1.000000e+00
1.000000e+00
1.000000e+00
1.000000e+00
1.000000e+00
1.000000e+00
1.000000e+00
1.000000e+00
1.000000e+00
1.000000e+00
1.000000e+00
1.000000e+00
1.000000e+00
1.000000e+00
1.000000e+00
1.000000e+00
1.000000e+00
1.000000e+00
1.000000e+00
1.000000e+00
1.000000e+00
1.000000e+00
1.000000e+00
1.000000e+00
1.000000e+00
1.000000e+00
1.000000e+00
1.000000e+00
1.000000e+00
1.000000e+00
1.000000e+00
1.000000e+00
1.000000e+00
1.000000e+00
1.000000e+00
1.000000e+00
1.000000e+00
1.000000e+00
1.000000e+00
1.000000e+00
1.000000e+00
1.000000e+00
1.000000e+00
1.000000e+00
1.000000e+00
1.000000e+00
1.000000e+00
1.000000e+00
1.000000e+00
1.000000e+00
1.000000e+00
1.000000e+00
1.000000e+00
1.000000e+00
1.000000e+00
1.000000e+00
1.000000e+00
1.000000e+00
1.000000e+00
1.000000e+00
1.000000e+00
1.000000e+00
1.000000e+00
1.000000e+00
1.000000e+00
1.000000e+00
1.000000e+00
1.000000e+00
1.000000e+00
1.000000e+00
1.000000e+00
1.000000e+00
1.000000e+00
1.000000e+00
1.000000e+00
1.000000e+00
1.000000e+00
1.000000e+00
1.000000e+00
1.000000e+00
1.000000e+00
1.000000e+00
1.000000e+00
1.000000e+00
1.000000e+00
1.000000e+00
1.000000e+00
1.000000e+00
1.000000e+00
1.000000e+00
1.000000e+00
1.000000e+00
1.000000e+00
1.000000e+00
1.000000e+00
1.000000e+00
1.000000e+00
1.000000e+00
1.000000e+00
1.000000e+00
1.000000e+00
1.000000e+00
1.000000e+00
1.000000e+00
1.000000e+00
1.000000e+00
1.000000e+00
1.000000e+00
1.000000e+00
1.000000e+00
1.000000e+00
1.000000e+00
1.000000e+00
1.000000e+00
1.000000e+00
1.000000e+00
1.000000e+00
1.000000e+00
1.000000e+00
1.000000e+00
1.000000e+00
1.000000e+00
1.000000e+00
1.000000e+00
1.000000e+00
1.000000e+00
1.000000e+00
1.000000e+00
1.000000e+00
1.000000e+00
1.000000e+00
1.000000e+00
1.000000e+00
1.000000e+00
1.000000e+00
1.000000e+00
1.000000e+00
1.000000e+00
1.000000e+00
1.000000e+00
1.000000e+00
1.000000e+00
1.000000e+00
1.000000e+00
1.000000e+00
1.000000e+00
1.000000e+00
1.000000e+00
1.000000e+00
1.000000e+00
1.000000e+00
1.000000e+00
1.000000e+00
1.000000e+00
1.000000e+00
1.000000e+00
1.000000e+00
1.000000e+00
1.000000e+00
1.000000e+00
1.000000e+00
1.000000e+00
1.000000e+00
1.000000e+00
1.000000e+00
1.000000e+00
1.000000e+00
1.000000e+00
1.000000e+00
1.000000e+00
1.000000e+00
1.000000e+00
1.000000e+00
1.000000e+00
1.000000e+00
1.000000e+00
1.000000e+00
1.000000e+00
1.000000e+00
1.000000e+00
1.000000e+00
1.000000e+00
1.000000e+00
1.000000e+00
1.000000e+00
1.000000e+00
1.000000e+00
1.000000e+00
1.000000e+00
1.000000e+00
1.000000e+00
1.000000e+00
1.000000e+00
1.000000e+00
1.000000e+00
1.000000e+00
1.000000e+00
1.000000e+00
1.000000e+00
1.000000e+00
1.000000e+00
1.000000e+00
1.000000e+00
1.000000e+00
1.000000e+00
1.000000e+00
1.000000e+00
1.000000e+00
1.000000e+00
1.000000e+00
1.000000e+00
1.000000e+00
1.000000e+00
1.000000e+00
1.000000e+00
1.000000e+00
1.000000e+00
1.000000e+00
1.000000e+00
1.000000e+00
1.000000e+00
1.000000e+00
1.000000e+00
1.000000e+00
1.000000e+00
9.999999e-01
9.999999e-01
9.999998e-01
9.999997e-01
9.999995e-01
9.999992e-01
9.999987e-01
9.999978e-01
9.999964e-01
9.999940e-01
9.999901e-01
9.999837e-01
9.999731e-01
9.999557e-01
9.999270e-01
9.998797e-01
9.998016e-01
9.996729e-01
9.994609e-01
9.991114e-01
9.985358e-01
9.975883e-01
9.960300e-01
9.934713e-01
9.892814e-01
9.824501e-01
9.713908e-01
9.536909e-01
9.258759e-01
8.833970e-01
8.212736e-01
7.359454e-01
6.283162e-01
5.062497e-01
3.834335e-01
2.738851e-01
1.861839e-01
1.218529e-01
7.762948e-02
4.856816e-02
3.003199e-02
1.843314e-02
1.126195e-02
6.861120e-03
4.172745e-03
2.535060e-03
1.539127e-03
9.340932e-04
5.667645e-04
3.438367e-04
2.085758e-04
1.265180e-04
7.674089e-05
4.654709e-05
2.823280e-05
1.712424e-05
1.038648e-05
6.299741e-06
3.821030e-06
2.317574e-06
1.405713e-06
8.526107e-07
5.171646e-07
3.136812e-07
1.902857e-07
1.154214e-07
7.003385e-08
4.248699e-08
2.579607e-08
1.565712e-08
9.522360e-09
5.788102e-09
3.536115e-09
2.158573e-09
1.334459e-09
8.243774e-10
5.251105e-10
3.345489e-10
2.279893e-10
1.553129e-10
1.193265e-10
9.030937e-11
8.000978e-11
6.730588e-11
6.621637e-11
5.973211e-11
6.182221e-11
5.781603e-11
6.089262e-11
5.796474e-11
6.124268e-11
5.885842e-11
6.206702e-11
6.001238e-11
6.306772e-11
6.124945e-11
6.413475e-11
6.250511e-11
6.522566e-11
6.375667e-11
6.632445e-11
6.499645e-11
6.742501e-11
6.622175e-11
6.852313e-11
6.743167e-11
6.961798e-11
6.862688e-11
7.070788e-11
6.980760e-11
7.179268e-11
7.097434e-11
7.287093e-11
7.212686e-11
7.394263e-11
7.326600e-11
7.500683e-11
7.439149e-11
7.606343e-11
7.550377e-11
7.711148e-11
7.660250e-11
7.815093e-11
7.768824e-11
7.918100e-11
7.876072e-11
8.020212e-11
7.982043e-11
8.121342e-11
8.086698e-11
8.221462e-11
8.190076e-11
8.320544e-11
8.292123e-11
8.418588e-11
8.392859e-11
8.515533e-11
8.492268e-11
8.611362e-11
8.590378e-11
8.706086e-11
8.687184e-11
8.799700e-11
8.782680e-11
8.892109e-11
8.876822e-11
8.983353e-11
8.969647e-11
9.073398e-11
9.061135e-11
9.162238e-11
9.151269e-11
9.249840e-11
9.240014e-11
9.336176e-11
9.327467e-11
9.421247e-11
9.413526e-11
9.505080e-11
9.498236e-11
9.587636e-11
9.581541e-11
9.668860e-11
9.663470e-11
9.748735e-11
9.744000e-11
9.827333e-11
9.823087e-11
9.904533e-11
9.900714e-11
9.980317e-11
9.976864e-11
1.005470e-10
1.005160e-10
1.012765e-10
1.012481e-10
1.019919e-10
1.019653e-10
1.026926e-10
1.026673e-10
1.033785e-10
1.033545e-10
1.040498e-10
1.040262e-10
1.047062e-10
1.046822e-10
1.053476e-10
1.053234e-10
1.059735e-10
1.059487e-10
1.065847e-10
1.065586e-10
1.071809e-10
1.071528e-10
1.077612e-10
1.077318e-10
1.083262e-10
1.082947e-10
1.088760e-10
1.088416e-10
1.094103e-10
1.093723e-10
1.099282e-10
1.098873e-10
1.104302e-10
1.103859e-10
1.109168e-10
1.108685e-10
1.113866e-10
1.113346e-10
1.118402e-10
1.117840e-10
1.122779e-10
1.122170e-10
1.126993e-10
1.126335e-10
1.131046e-10
1.130335e-10
1.134932e-10
1.134172e-10
1.138653e-10
1.137840e-10
1.142208e-10
1.141341e-10
1.145603e-10
1.144675e-10
1.148828e-10
1.147843e-10
1.151887e-10
1.150845e-10
1.154785e-10
1.153677e-10
1.157510e-10
1.156336e-10
1.160069e-10
1.158825e-10
1.162455e-10
1.161148e-10
1.164677e-10
1.163299e-10
1.166726e-10
1.165276e-10
1.168606e-10
1.167083e-10
1.170314e-10
1.168719e-10
1.171853e-10
1.170182e-10
1.173222e-10
1.171471e-10
1.174416e-10
1.172589e-10
1.175438e-10
1.173533e-10
1.176293e-10
1.174306e-10
1.176976e-10
1.174906e-10
1.177484e-10
1.175333e-10
1.177821e-10
1.175586e-10
1.177987e-10
