1.017975e-10
1.020292e-10
1.017891e-10
1.020133e-10
1.017663e-10
1.019833e-10
1.017282e-10
1.019388e-10
1.016761e-10
1.018793e-10
1.016086e-10
1.018050e-10
1.015263e-10
1.017161e-10
1.014295e-10
1.016128e-10
1.013180e-10
1.014951e-10
1.011920e-10
1.013626e-10
1.010511e-10
1.012155e-10
1.008955e-10
1.010541e-10
1.007254e-10
1.008783e-10
1.005408e-10
1.006878e-10
1.003416e-10
1.004827e-10
1.001277e-10
1.002636e-10
9.989931e-11
1.000298e-10
9.965589e-11
9.978118e-11
9.939854e-11
9.951906e-11
9.912632e-11
9.924228e-11
9.883999e-11
9.895113e-11
9.853895e-11
9.864554e-11
9.822332e-11
9.832563e-11
9.789347e-11
9.799173e-11
9.754936e-11
9.764395e-11
9.719076e-11
9.728168e-11
9.681794e-11
9.690532e-11
9.643086e-11
9.651485e-11
9.602963e-11
9.611079e-11
9.561413e-11
9.569318e-11
9.518497e-11
9.526080e-11
9.474155e-11
9.481571e-11
9.428414e-11
9.435602e-11
9.381246e-11
9.388290e-11
9.332740e-11
9.339640e-11
9.282808e-11
9.289663e-11
9.231549e-11
9.238316e-11
9.178880e-11
9.185624e-11
9.124862e-11
9.131607e-11
9.069490e-11
9.076301e-11
9.012796e-11
9.019724e-11
8.954737e-11
8.961820e-11
8.895384e-11
8.902623e-11
8.834689e-11
8.842188e-11
8.772683e-11
8.780493e-11
8.709389e-11
8.717543e-11
8.644840e-11
8.653350e-11
8.578943e-11
8.587969e-11
8.511808e-11
8.521367e-11
8.443363e-11
8.453555e-11
8.373718e-11
8.384560e-11
8.302786e-11
8.314444e-11
8.230666e-11
8.243162e-11
8.157319e-11
8.170764e-11
8.082751e-11
8.097284e-11
8.007023e-11
8.022705e-11
7.930112e-11
7.947076e-11
7.852036e-11
7.870410e-11
7.772755e-11
7.792639e-11
7.692319e-11
7.713880e-11
7.610740e-11
7.634093e-11
7.527989e-11
7.553352e-11
7.444140e-11
7.471623e-11
7.359097e-11
7.388967e-11
7.272949e-11
7.305384e-11
7.185641e-11
7.220863e-11
7.097239e-11
7.135470e-11
7.007644e-11
7.049272e-11
6.917000e-11
6.962192e-11
6.825168e-11
6.874307e-11
6.732198e-11
6.785655e-11
6.638085e-11
6.696266e-11
6.542866e-11
6.606232e-11
6.446493e-11
6.515521e-11
6.348977e-11
6.424206e-11
6.250250e-11
6.332346e-11
6.150364e-11
6.239953e-11
6.049272e-11
6.147144e-11
5.946937e-11
6.053952e-11
5.843342e-11
5.960493e-11
5.738388e-11
5.866813e-11
5.632084e-11
5.773065e-11
5.524498e-11
5.679607e-11
5.415790e-11
5.587053e-11
5.306827e-11
5.497020e-11
5.199852e-11
5.413703e-11
5.101297e-11
5.348155e-11
5.028877e-11
5.330153e-11
5.031076e-11
5.440248e-11
5.239847e-11
5.896933e-11
6.014528e-11
7.293599e-11
8.332302e-11
1.124275e-10
1.485019e-10
2.212663e-10
3.279144e-10
5.185650e-10
8.179211e-10
1.328092e-09
2.152295e-09
3.529926e-09
5.782004e-09
9.516352e-09
1.565120e-08
2.579024e-08
4.248125e-08
7.002821e-08
1.154159e-07
1.902802e-07
3.136758e-07
5.171593e-07
8.526055e-07
1.405708e-06
2.317569e-06
3.821025e-06
6.299736e-06
1.038648e-05
1.712423e-05
2.823279e-05
4.654709e-05
7.674089e-05
1.265180e-04
2.085758e-04
3.438367e-04
5.667645e-04
9.340931e-04
1.539127e-03
2.535060e-03
4.172745e-03
6.861120e-03
1.126195e-02
1.843314e-02
3.003199e-02
4.856816e-02
7.762947e-02
1.218529e-01
1.861839e-01
2.738850e-01
3.834335e-01
5.062497e-01
6.283162e-01
7.359454e-01
8.212736e-01
8.833970e-01
9.258759e-01
9.536909e-01
9.713908e-01
9.824501e-01
9.892814e-01
9.934713e-01
9.960300e-01
9.975883e-01
9.985358e-01
9.991114e-01
9.994609e-01
9.996729e-01
9.998016e-01
9.998797e-01
9.999270e-01
9.999557e-01
9.999731e-01
9.999837e-01
9.999901e-01
9.999940e-01
9.999964e-01
9.999978e-01
9.999987e-01
9.999992e-01
9.999995e-01
9.999997e-01
9.999998e-01
9.999999e-01
9.999999e-01
1.000000e+00
1.000000e+00
1.000000e+00
1.000000e+00
1.000000e+00
1.000000e+00
1.000000e+00
1.000000e+00
1.000000e+00
1.000000e+00
1.000000e+00
1.000000e+00
1.000000e+00
1.000000e+00
1.000000e+00
1.000000e+00
1.000000e+00
1.000000e+00
1.000000e+00
1.000000e+00
1.000000e+00
1.000000e+00
1.000000e+00
1.000000e+00
1.000000e+00
1.000000e+00
1.000000e+00
1.000000e+00
1.000000e+00
1.000000e+00
1.000000e+00
1.000000e+00
1.000000e+00
1.000000e+00
1.000000e+00
1.000000e+00
1.000000e+00
1.000000e+00
1.000000e+00
1.000000e+00
1.000000e+00
1.000000e+00
1.000000e+00
1.000000e+00
1.000000e+00
1.000000e+00
1.000000e+00
1.000000e+00
1.000000e+00
1.000000e+00
1.000000e+00
1.000000e+00
1.000000e+00
1.000000e+00
1.000000e+00
1.000000e+00
1.000000e+00
1.000000e+00
1.000000e+00
1.000000e+00
1.000000e+00
1.000000e+00
1.000000e+00
1.000000e+00
1.000000e+00
1.000000e+00
1.000000e+00
1.000000e+00
1.000000e+00
1.000000e+00
1.000000e+00
1.000000e+00
1.000000e+00
1.000000e+00
1.000000e+00
1.000000e+00
1.000000e+00
1.000000e+00
1.000000e+00
1.000000e+00
1.000000e+00
1.000000e+00
1.000000e+00
1.000000e+00
1.000000e+00
1.000000e+00
1.000000e+00
1.000000e+00
1.000000e+00
1.000000e+00
1.000000e+00
1.000000e+00
1.000000e+00
1.000000e+00
1.000000e+00
1.000000e+00
1.000000e+00
1.000000e+00
1.000000e+00
1.000000e+00
1.000000e+00
1.000000e+00
1.000000e+00
1.000000e+00
1.000000e+00
1.000000e+00
1.000000e+00
1.000000e+00
1.000000e+00
1.000000e+00
1.000000e+00
1.000000e+00
1.000000e+00
1.000000e+00
1.000000e+00
1.000000e+00
1.000000e+00
1.000000e+00
1.000000e+00
1.000000e+00
1.000000e+00
1.000000e+00
1.000000e+00
1.000000e+00
1.000000e+00
1.000000e+00
1.000000e+00
1.000000e+00
1.000000e+00
1.000000e+00
1.000000e+00
1.000000e+00
1.000000e+00
1.000000e+00
1.000000e+00
1.000000e+00
1.000000e+00
1.000000e+00
1.000000e+00
1.000000e+00
1.000000e+00
1.000000e+00
1.000000e+00
1.000000e+00
1.000000e+00
1.000000e+00
1.000000e+00
1.000000e+00
1.000000e+00
1.000000e+00
1.000000e+00
1.000000e+00
1.000000e+00
1.000000e+00
1.000000e+00
1.000000e+00
1.000000e+00
1.000000e+00
1.000000e+00
1.000000e+00
1.000000e+00
1.000000e+00
1.000000e+00
1.000000e+00
1.000000e+00
1.000000e+00
1.000000e+00
1.000000e+00
1.000000e+00
1.000000e+00
1.000000e+00
1.000000e+00
1.000000e+00
1.000000e+00
1.000000e+00
1.000000e+00
1.000000e+00
1.000000e+00
1.000000e+00
1.000000e+00
1.000000e+00
1.000000e+00
1.000000e+00
1.000000e+00
1.000000e+00
1.000000e+00
1.000000e+00
1.000000e+00
1.000000e+00
1.000000e+00
1.000000e+00
1.000000e+00
1.000000e+00
1.000000e+00
1.000000e+00
1.000000e+00
1.000000e+00
1.000000e+00
1.000000e+00
1.000000e+00
1.000000e+00
1.000000e+00
1.000000e+00
1.000000e+00
1.000000e+00
1.000000e+00
1.000000e+00
1.000000e+00
1.000000e+00
1.000000e+00
1.000000e+00
1.000000e+00
1.000000e+00
1.000000e+00
1.000000e+00
1.000000e+00
1.000000e+00
1.000000e+00
1.000000e+00
1.000000e+00
1.000000e+00
1.000000e+00
1.000000e+00
1.000000e+00
1.000000e+00
1.000000e+00
1.000000e+00
1.000000e+00
1.000000e+00
1.000000e+00
1.000000e+00
1.000000e+00
1.000000e+00
1.000000e+00
1.000000e+00
1.000000e+00
1.000000e+00
1.000000e+00
1.000000e+00
1.000000e+00
1.000000e+00
1.000000e+00
1.000000e+00
1.000000e+00
1.000000e+00
1.000000e+00
1.000000e+00
1.000000e+00
1.000000e+00
1.000000e+00
1.000000e+00
1.000000e+00
1.000000e+00
1.000000e+00
1.000000e+00
1.000000e+00
1.000000e+00
1.000000e+00
1.000000e+00
1.000000e+00
1.000000e+00
1.000000e+00
1.000000e+00
1.000000e+00
1.000000e+00
1.000000e+00
1.000000e+00
1.000000e+00
1.000000e+00
1.000000e+00
1.000000e+00
1.000000e+00
1.000000e+00
1.000000e+00
1.000000e+00
1.000000e+00
1.000000e+00
1.000000e+00
1.000000e+00
1.000000e+00
1.000000e+00
1.000000e+00
1.000000e+00
1.000000e+00
1.000000e+00
1.000000e+00
1.000000e+00
1.000000e+00
1.000000e+00
1.000000e+00
1.000000e+00
1.000000e+00
1.000000e+00
1.000000e+00
1.000000e+00
1.000000e+00
1.000000e+00
1.000000e+00
1.000000e+00
1.000000e+00
1.000000e+00
1.000000e+00
1.000000e+00
1.000000e+00
1.000000e+00
1.000000e+00
1.000000e+00
1.000000e+00
1.000000e+00
1.000000e+00
1.000000e+00
1.000000e+00
1.000000e+00
1.000000e+00
1.000000e+00
1.000000e+00
1.000000e+00
1.000000e+00
1.000000e+00
1.000000e+00
1.000000e+00
1.000000e+00
1.000000e+00
1.000000e+00
1.000000e+00
1.000000e+00
1.000000e+00
1.000000e+00
1.000000e+00
1.000000e+00
1.000000e+00
1.000000e+00
1.000000e+00
1.000000e+00
1.000000e+00
1.000000e+00
1.000000e+00
1.000000e+00
1.000000e+00
1.000000e+00
1.000000e+00
1.000000e+00
1.000000e+00
1.000000e+00
1.000000e+00
1.000000e+00
1.000000e+00
1.000000e+00
1.000000e+00
1.000000e+00
1.000000e+00
1.000000e+00
1.000000e+00
1.000000e+00
1.000000e+00
1.000000e+00
1.000000e+00
1.000000e+00
1.000000e+00
1.000000e+00
1.000000e+00
1.000000e+00
1.000000e+00
1.000000e+00
1.000000e+00
1.000000e+00
1.000000e+00
1.000000e+00
1.000000e+00
1.000000e+00
1.000000e+00
1.000000e+00
1.000000e+00
1.000000e+00
1.000000e+00
1.000000e+00
1.000000e+00
1.000000e+00
1.000000e+00
1.000000e+00
1.000000e+00
1.000000e+00
1.000000e+00
1.000000e+00
1.000000e+00
1.000000e+00
1.000000e+00
1.000000e+00
1.000000e+00
1.000000e+00
1.000000e+00
1.000000e+00
1.000000e+00
1.000000e+00
1.000000e+00
1.000000e+00
1.000000e+00
1.000000e+00
1.000000e+00
1.000000e+00
1.000000e+00
1.000000e+00
1.000000e+00
1.000000e+00
1.000000e+00
1.000000e+00
1.000000e+00
1.000000e+00
1.000000e+00
1.000000e+00
1.000000e+00
1.000000e+00
1.000000e+00
1.000000e+00
1.000000e+00
1.000000e+00
1.000000e+00
1.000000e+00
1.000000e+00
1.000000e+00
1.000000e+00
1.000000e+00
1.000000e+00
1.000000e+00
1.000000e+00
1.000000e+00
1.000000e+00
1.000000e+00
1.000000e+00
1.000000e+00
1.000000e+00
1.000000e+00
1.000000e+00
1.000000e+00
1.000000e+00
1.000000e+00
1.000000e+00
1.000000e+00
1.000000e+00
1.000000e+00
1.000000e+00
1.000000e+00
1.000000e+00
1.000000e+00
1.000000e+00
1.000000e+00
1.000000e+00
1.000000e+00
1.000000e+00
1.000000e+00
1.000000e+00
1.000000e+00
1.000000e+00
1.000000e+00
1.000000e+00
1.000000e+00
1.000000e+00
1.000000e+00
1.000000e+00
1.000000e+00
1.000000e+00
1.000000e+00
1.000000e+00
1.000000e+00
1.000000e+00
1.000000e+00
1.000000e+00
1.000000e+00
1.000000e+00
1.000000e+00
1.000000e+00
1.000000e+00
1.000000e+00
1.000000e+00
1.000000e+00
1.000000e+00
1.000000e+00
1.000000e+00
1.000000e+00
1.000000e+00
1.000000e+00
1.000000e+00
1.000000e+00
1.000000e+00
1.000000e+00
1.000000e+00
1.000000e+00
1.000000e+00
1.000000e+00
1.000000e+00
1.000000e+00
1.000000e+00
1.000000e+00
1.000000e+00
1.000000e+00
1.000000e+00
1.000000e+00
9.999999e-01
9.999999e-01
9.999998e-01
9.999997e-01
9.999995e-01
9.999992e-01
9.999987e-01
9.999978e-01
9.999964e-01
9.999940e-01
9.999901e-01
9.999837e-01
9.999731e-01
9.999557e-01
9.999270e-01
9.998797e-01
9.998016e-01
9.996729e-01
9.994609e-01
9.991114e-01
9.985358e-01
9.975883e-01
9.960300e-01
9.934713e-01
9.892814e-01
9.824501e-01
9.713908e-01
9.536909e-01
9.258759e-01
8.833970e-01
8.212736e-01
7.359454e-01
6.283162e-01
5.062497e-01
3.834335e-01
2.738850e-01
1.861839e-01
1.218529e-01
7.762947e-02
4.856816e-02
3.003199e-02
1.843314e-02
1.126195e-02
6.861120e-03
4.172745e-03
2.535060e-03
1.539127e-03
9.340931e-04
5.667645e-04
3.438367e-04
2.085758e-04
1.265180e-04
7.674089e-05
4.654709e-05
2.823279e-05
1.712423e-05
1.038648e-05
6.299736e-06
3.821025e-06
2.317569e-06
1.405708e-06
8.526055e-07
5.171593e-07
3.136759e-07
1.902802e-07
1.154159e-07
7.002823e-08
4.248128e-08
2.579027e-08
1.565123e-08
9.516384e-09
5.782037e-09
3.529962e-09
2.152332e-09
1.328130e-09
8.179604e-10
5.186056e-10
3.279566e-10
2.213100e-10
1.485466e-10
1.124735e-10
8.337009e-11
7.298423e-11
6.019424e-11
5.901907e-11
5.244943e-11
5.445422e-11
5.036360e-11
5.335532e-11
5.034340e-11
5.353706e-11
5.106926e-11
5.419404e-11
5.205608e-11
5.502893e-11
5.312739e-11
5.593048e-11
5.421880e-11
5.685769e-11
5.530731e-11
5.779371e-11
5.638473e-11
5.873257e-11
5.744921e-11
5.967082e-11
5.849971e-11
6.060674e-11
5.953721e-11
6.153944e-11
6.056106e-11
6.246831e-11
6.157241e-11
6.339168e-11
6.257106e-11
6.431000e-11
6.355705e-11
6.522216e-11
6.453127e-11
6.612794e-11
6.549350e-11
6.702688e-11
6.644413e-11
6.791889e-11
6.738282e-11
6.880285e-11
6.831002e-11
6.967926e-11
6.922590e-11
7.054735e-11
7.013035e-11
7.140744e-11
7.102358e-11
7.225853e-11
7.190487e-11
7.310075e-11
7.277495e-11
7.393386e-11
7.363360e-11
7.475731e-11
7.448109e-11
7.557172e-11
7.531664e-11
7.637663e-11
7.614148e-11
7.717132e-11
7.695422e-11
7.795592e-11
7.775547e-11
7.873019e-11
7.854511e-11
7.949419e-11
7.932321e-11
8.024797e-11
8.008955e-11
8.099083e-11
8.084405e-11
8.172285e-11
8.158663e-11
8.244416e-11
8.231765e-11
8.315448e-11
8.303674e-11
8.385365e-11
8.374390e-11
8.454126e-11
8.443857e-11
8.521767e-11
8.512119e-11
8.588219e-11
8.579104e-11
8.653439e-11
8.644868e-11
8.717510e-11
8.709317e-11
8.780365e-11
8.772516e-11
8.841955e-11
8.834422e-11
8.902307e-11
8.894996e-11
8.961387e-11
8.954265e-11
9.019180e-11
9.012230e-11
9.075729e-11
9.068857e-11
9.130974e-11
9.124168e-11
9.184897e-11
9.178130e-11
9.237533e-11
9.230761e-11
9.288870e-11
9.282031e-11
9.338913e-11
9.331996e-11
9.387552e-11
9.380557e-11
9.434920e-11
9.427747e-11
9.480888e-11
9.473511e-11
9.525480e-11
9.517909e-11
9.568740e-11
9.560897e-11
9.610635e-11
9.602530e-11
9.651119e-11
9.642720e-11
9.690182e-11
9.681467e-11
9.727857e-11
9.718804e-11
9.764151e-11
9.754736e-11
9.799062e-11
9.789236e-11
9.832507e-11
9.822287e-11
9.864531e-11
9.853895e-11
9.895174e-11
9.884082e-11
9.924361e-11
9.912826e-11
9.952134e-11
9.940149e-11
9.978468e-11
9.965978e-11
1.000338e-10
9.990375e-11
1.002685e-10
1.001329e-10
1.004885e-10
1.003478e-10
1.006942e-10
1.005475e-10
1.008855e-10
1.007330e-10
1.010617e-10
1.009034e-10
1.012233e-10
1.010587e-10
1.013702e-10
1.011997e-10
1.015026e-10
1.013255e-10
1.016203e-10
1.014370e-10
1.017234e-10
1.015329e-10
1.018111e-10
1.016143e-10
1.018844e-10
1.016807e-10
1.019430e-10
1.017322e-10
1.019869e-10
1.017691e-10
1.020157e-10
1.017909e-10
1.020298e-10
