2.816173e-06
2.816108e-06
2.815910e-06
2.815581e-06
2.815120e-06
2.814528e-06
2.813804e-06
2.812949e-06
2.811961e-06
2.810843e-06
2.809593e-06
2.808212e-06
2.806699e-06
2.805056e-06
2.803281e-06
2.801375e-06
2.799338e-06
2.797170e-06
2.794871e-06
2.792442e-06
2.789882e-06
2.787192e-06
2.784372e-06
2.781421e-06
2.778340e-06
2.775130e-06
2.771789e-06
2.768320e-06
2.764720e-06
2.760992e-06
2.757134e-06
2.753148e-06
2.749033e-06
2.744789e-06
2.740417e-06
2.735917e-06
2.731289e-06
2.726533e-06
2.721650e-06
2.716640e-06
2.711502e-06
2.706239e-06
2.700848e-06
2.695331e-06
2.689688e-06
2.683920e-06
2.678026e-06
2.672007e-06
2.665863e-06
2.659594e-06
2.653201e-06
2.646685e-06
2.640044e-06
2.633280e-06
2.626393e-06
2.619383e-06
2.612251e-06
2.604997e-06
2.597620e-06
2.590123e-06
2.582505e-06
2.574766e-06
2.566906e-06
2.558927e-06
2.550828e-06
2.542610e-06
2.534273e-06
2.525817e-06
2.517244e-06
2.508553e-06
2.499745e-06
2.490820e-06
2.481778e-06
2.472621e-06
2.463348e-06
2.453960e-06
2.444458e-06
2.434841e-06
2.425110e-06
2.415267e-06
2.405310e-06
2.395241e-06
2.385060e-06
2.374768e-06
2.364365e-06
2.353851e-06
2.343228e-06
2.332495e-06
2.321653e-06
2.310703e-06
2.299644e-06
2.288479e-06
2.277206e-06
2.265828e-06
2.254343e-06
2.242753e-06
2.231058e-06
2.219260e-06
2.207357e-06
2.195352e-06
2.183243e-06
2.171034e-06
2.158722e-06
2.146311e-06
2.133798e-06
2.121187e-06
2.108476e-06
2.095667e-06
2.082760e-06
2.069756e-06
2.056655e-06
2.043458e-06
2.030166e-06
2.016780e-06
2.003298e-06
1.989724e-06
1.976056e-06
1.962298e-06
1.948446e-06
1.934505e-06
1.920472e-06
1.906351e-06
1.892140e-06
1.877842e-06
1.863455e-06
1.848982e-06
1.834422e-06
1.819778e-06
1.805047e-06
1.790234e-06
1.775335e-06
1.760356e-06
1.745293e-06
1.730150e-06
1.714925e-06
1.699622e-06
1.684237e-06
1.668776e-06
1.653236e-06
1.637620e-06
1.621926e-06
1.606158e-06
1.590314e-06
1.574398e-06
1.558406e-06
1.542344e-06
1.526207e-06
1.510002e-06
1.493725e-06
1.477380e-06
1.460964e-06
1.444483e-06
1.427931e-06
1.411316e-06
1.394633e-06
1.377887e-06
1.361075e-06
1.344202e-06
1.327263e-06
1.310266e-06
1.293205e-06
1.276087e-06
1.258906e-06
1.241671e-06
1.224374e-06
1.207024e-06
1.189614e-06
1.172152e-06
1.154632e-06
1.137063e-06
1.119437e-06
1.101763e-06
1.084033e-06
1.066259e-06
1.048429e-06
1.030557e-06
1.012631e-06
9.946653e-07
9.766473e-07
9.585927e-07
9.404883e-07
9.223519e-07
9.041704e-07
8.859658e-07
8.677272e-07
8.494851e-07
8.312377e-07
8.130358e-07
7.949051e-07
7.769486e-07
7.592703e-07
7.421106e-07
7.257913e-07
7.109213e-07
6.984197e-07
6.898912e-07
6.878848e-07
6.967058e-07
7.233406e-07
7.794271e-07
8.840229e-07
1.068689e-06
1.385305e-06
1.919575e-06
2.812617e-06
4.297290e-06
6.757291e-06
1.082546e-05
1.754488e-05
2.863552e-05
4.693256e-05
7.711024e-05
1.268730e-04
2.089197e-04
3.441744e-04
5.671043e-04
9.344485e-04
1.539520e-03
2.535527e-03
4.173345e-03
6.861949e-03
1.126316e-02
1.843498e-02
3.003484e-02
4.857257e-02
7.763620e-02
1.218628e-01
1.861979e-01
2.739034e-01
3.834553e-01
5.062727e-01
6.283376e-01
7.359632e-01
8.212870e-01
8.834064e-01
9.258821e-01
9.536948e-01
9.713932e-01
9.824515e-01
9.892822e-01
9.934717e-01
9.960301e-01
9.975883e-01
9.985357e-01
9.991112e-01
9.994606e-01
9.996727e-01
9.998013e-01
9.998793e-01
9.999267e-01
9.999554e-01
9.999728e-01
9.999833e-01
9.999897e-01
9.999936e-01
9.999959e-01
9.999973e-01
9.999982e-01
9.999987e-01
9.999990e-01
9.999991e-01
9.999992e-01
9.999993e-01
9.999993e-01
9.999993e-01
9.999993e-01
9.999993e-01
9.999993e-01
9.999993e-01
9.999993e-01
9.999993e-01
9.999992e-01
9.999992e-01
9.999992e-01
9.999992e-01
9.999992e-01
9.999992e-01
9.999991e-01
9.999991e-01
9.999991e-01
9.999991e-01
9.999991e-01
9.999990e-01
9.999990e-01
9.999990e-01
9.999990e-01
9.999990e-01
9.999990e-01
9.999989e-01
9.999989e-01
9.999989e-01
9.999989e-01
9.999989e-01
9.999989e-01
9.999988e-01
9.999988e-01
9.999988e-01
9.999988e-01
9.999988e-01
9.999988e-01
9.999987e-01
9.999987e-01
9.999987e-01
9.999987e-01
9.999987e-01
9.999987e-01
9.999986e-01
9.999986e-01
9.999986e-01
9.999986e-01
9.999986e-01
9.999986e-01
9.999985e-01
9.999985e-01
9.999985e-01
9.999985e-01
9.999985e-01
9.999985e-01
9.999984e-01
9.999984e-01
9.999984e-01
9.999984e-01
9.999984e-01
9.999984e-01
9.999983e-01
9.999983e-01
9.999983e-01
9.999983e-01
9.999983e-01
9.999983e-01
9.999982e-01
9.999982e-01
9.999982e-01
9.999982e-01
9.999982e-01
9.999982e-01
9.999982e-01
9.999981e-01
9.999981e-01
9.999981e-01
9.999981e-01
9.999981e-01
9.999981e-01
9.999980e-01
9.999980e-01
9.999980e-01
9.999980e-01
9.999980e-01
9.999980e-01
9.999980e-01
9.999979e-01
9.999979e-01
9.999979e-01
9.999979e-01
9.999979e-01
9.999979e-01
9.999979e-01
9.999978e-01
9.999978e-01
9.999978e-01
9.999978e-01
9.999978e-01
9.999978e-01
9.999978e-01
9.999977e-01
9.999977e-01
9.999977e-01
9.999977e-01
9.999977e-01
9.999977e-01
9.999977e-01
9.999977e-01
9.999976e-01
9.999976e-01
9.999976e-01
9.999976e-01
9.999976e-01
9.999976e-01
9.999976e-01
9.999975e-01
9.999975e-01
9.999975e-01
9.999975e-01
9.999975e-01
9.999975e-01
9.999975e-01
9.999975e-01
9.999975e-01
9.999974e-01
9.999974e-01
9.999974e-01
9.999974e-01
9.999974e-01
9.999974e-01
9.999974e-01
9.999974e-01
9.999973e-01
9.999973e-01
9.999973e-01
9.999973e-01
9.999973e-01
9.999973e-01
9.999973e-01
9.999973e-01
9.999973e-01
9.999973e-01
9.999972e-01
9.999972e-01
9.999972e-01
9.999972e-01
9.999972e-01
9.999972e-01
9.999972e-01
9.999972e-01
9.999972e-01
9.999972e-01
9.999971e-01
9.999971e-01
9.999971e-01
9.999971e-01
9.999971e-01
9.999971e-01
9.999971e-01
9.999971e-01
9.999971e-01
9.999971e-01
9.999971e-01
9.999970e-01
9.999970e-01
9.999970e-01
9.999970e-01
9.999970e-01
9.999970e-01
9.999970e-01
9.999970e-01
9.999970e-01
9.999970e-01
9.999970e-01
9.999970e-01
9.999970e-01
9.999969e-01
9.999969e-01
9.999969e-01
9.999969e-01
9.999969e-01
9.999969e-01
9.999969e-01
9.999969e-01
9.999969e-01
9.999969e-01
9.999969e-01
9.999969e-01
9.999969e-01
9.999969e-01
9.999969e-01
9.999968e-01
9.999968e-01
9.999968e-01
9.999968e-01
9.999968e-01
9.999968e-01
9.999968e-01
9.999968e-01
9.999968e-01
9.999968e-01
9.999968e-01
9.999968e-01
9.999968e-01
9.999968e-01
9.999968e-01
9.999968e-01
9.999968e-01
9.999968e-01
9.999968e-01
9.999968e-01
9.999968e-01
9.999967e-01
9.999967e-01
9.999967e-01
9.999967e-01
9.999967e-01
9.999967e-01
9.999967e-01
9.999967e-01
9.999967e-01
9.999967e-01
9.999967e-01
9.999967e-01
9.999967e-01
9.999967e-01
9.999967e-01
9.999967e-01
9.999967e-01
9.999967e-01
9.999967e-01
9.999967e-01
9.999967e-01
9.999967e-01
9.999967e-01
9.999967e-01
9.999967e-01
9.999967e-01
9.999967e-01
9.999967e-01
9.999967e-01
9.999967e-01
9.999967e-01
9.999967e-01
9.999967e-01
9.999967e-01
9.999967e-01
9.999967e-01
9.999967e-01
9.999967e-01
9.999967e-01
9.999967e-01
9.999967e-01
9.999967e-01
9.999967e-01
9.999967e-01
9.999967e-01
9.999967e-01
9.999967e-01
9.999967e-01
9.999967e-01
9.999967e-01
9.999967e-01
9.999967e-01
9.999967e-01
9.999967e-01
9.999967e-01
9.999967e-01
9.999967e-01
9.999967e-01
9.999967e-01
9.999967e-01
9.999967e-01
9.999967e-01
9.999967e-01
9.999967e-01
9.999967e-01
9.999967e-01
9.999967e-01
9.999967e-01
9.999967e-01
9.999967e-01
9.999967e-01
9.999967e-01
9.999967e-01
9.999968e-01
9.999968e-01
9.999968e-01
9.999968e-01
9.999968e-01
9.999968e-01
9.999968e-01
9.999968e-01
9.999968e-01
9.999968e-01
9.999968e-01
9.999968e-01
9.999968e-01
9.999968e-01
9.999968e-01
9.999968e-01
9.999968e-01
9.999968e-01
9.999968e-01
9.999968e-01
9.999968e-01
9.999969e-01
9.999969e-01
9.999969e-01
9.999969e-01
9.999969e-01
9.999969e-01
9.999969e-01
9.999969e-01
9.999969e-01
9.999969e-01
9.999969e-01
9.999969e-01
9.999969e-01
9.999969e-01
9.999969e-01
9.999970e-01
9.999970e-01
9.999970e-01
9.999970e-01
9.999970e-01
9.999970e-01
9.999970e-01
9.999970e-01
9.999970e-01
9.999970e-01
9.999970e-01
9.999970e-01
9.999970e-01
9.999971e-01
9.999971e-01
9.999971e-01
9.999971e-01
9.999971e-01
9.999971e-01
9.999971e-01
9.999971e-01
9.999971e-01
9.999971e-01
9.999971e-01
9.999972e-01
9.999972e-01
9.999972e-01
9.999972e-01
9.999972e-01
9.999972e-01
9.999972e-01
9.999972e-01
9.999972e-01
9.999972e-01
9.999973e-01
9.999973e-01
9.999973e-01
9.999973e-01
9.999973e-01
9.999973e-01
9.999973e-01
9.999973e-01
9.999973e-01
9.999973e-01
9.999974e-01
9.999974e-01
9.999974e-01
9.999974e-01
9.999974e-01
9.999974e-01
9.999974e-01
9.999974e-01
9.999975e-01
9.999975e-01
9.999975e-01
9.999975e-01
9.999975e-01
9.999975e-01
9.999975e-01
9.999975e-01
9.999975e-01
9.999976e-01
9.999976e-01
9.999976e-01
9.999976e-01
9.999976e-01
9.999976e-01
9.999976e-01
9.999977e-01
9.999977e-01
9.999977e-01
9.999977e-01
9.999977e-01
9.999977e-01
9.999977e-01
9.999977e-01
9.999978e-01
9.999978e-01
9.999978e-01
9.999978e-01
9.999978e-01
9.999978e-01
9.999978e-01
9.999979e-01
9.999979e-01
9.999979e-01
9.999979e-01
9.999979e-01
9.999979e-01
9.999979e-01
9.999980e-01
9.999980e-01
9.999980e-01
9.999980e-01
9.999980e-01
9.999980e-01
9.999980e-01
9.999981e-01
9.999981e-01
9.999981e-01
9.999981e-01
9.999981e-01
9.999981e-01
9.999982e-01
9.999982e-01
9.999982e-01
9.999982e-01
9.999982e-01
9.999982e-01
9.999982e-01
9.999983e-01
9.999983e-01
9.999983e-01
9.999983e-01
9.999983e-01
9.999983e-01
9.999984e-01
9.999984e-01
9.999984e-01
9.999984e-01
9.999984e-01
9.999984e-01
9.999985e-01
9.999985e-01
9.999985e-01
9.999985e-01
9.999985e-01
9.999985e-01
9.999986e-01
9.999986e-01
9.999986e-01
9.999986e-01
9.999986e-01
9.999986e-01
9.999987e-01
9.999987e-01
9.999987e-01
9.999987e-01
9.999987e-01
9.999987e-01
9.999988e-01
9.999988e-01
9.999988e-01
9.999988e-01
9.999988e-01
9.999988e-01
9.999989e-01
9.999989e-01
9.999989e-01
9.999989e-01
9.999989e-01
9.999989e-01
9.999990e-01
9.999990e-01
9.999990e-01
9.999990e-01
9.999990e-01
9.999990e-01
9.999991e-01
9.999991e-01
9.999991e-01
9.999991e-01
9.999991e-01
9.999992e-01
9.999992e-01
9.999992e-01
9.999992e-01
9.999992e-01
9.999992e-01
9.999993e-01
9.999993e-01
9.999993e-01
9.999993e-01
9.999993e-01
9.999993e-01
9.999993e-01
9.999993e-01
9.999993e-01
9.999992e-01
9.999991e-01
9.999990e-01
9.999987e-01
9.999982e-01
9.999973e-01
9.999959e-01
9.999936e-01
9.999897e-01
9.999833e-01
9.999728e-01
9.999554e-01
9.999267e-01
9.998793e-01
9.998013e-01
9.996727e-01
9.994606e-01
9.991112e-01
9.985357e-01
9.975883e-01
9.960301e-01
9.934717e-01
9.892822e-01
9.824515e-01
9.713932e-01
9.536948e-01
9.258821e-01
8.834064e-01
8.212870e-01
7.359632e-01
6.283376e-01
5.062727e-01
3.834553e-01
2.739034e-01
1.861979e-01
1.218628e-01
7.763620e-02
4.857257e-02
3.003484e-02
1.843498e-02
1.126316e-02
6.861949e-03
4.173345e-03
2.535527e-03
1.539520e-03
9.344485e-04
5.671043e-04
3.441744e-04
2.089197e-04
1.268730e-04
7.711024e-05
4.693256e-05
2.863552e-05
1.754488e-05
1.082546e-05
6.757291e-06
4.297290e-06
2.812617e-06
1.919575e-06
1.385305e-06
1.068689e-06
8.840229e-07
7.794271e-07
7.233406e-07
6.967058e-07
6.878848e-07
6.898912e-07
6.984197e-07
7.109213e-07
7.257913e-07
7.421106e-07
7.592703e-07
7.769486e-07
7.949052e-07
8.130358e-07
8.312377e-07
8.494852e-07
8.677272e-07
8.859658e-07
9.041704e-07
9.223519e-07
9.404883e-07
9.585927e-07
9.766473e-07
9.946653e-07
1.012631e-06
1.030557e-06
1.048429e-06
1.066259e-06
1.084033e-06
1.101763e-06
1.119437e-06
1.137063e-06
1.154632e-06
1.172152e-06
1.189614e-06
1.207024e-06
1.224374e-06
1.241671e-06
1.258906e-06
1.276087e-06
1.293205e-06
1.310266e-06
1.327263e-06
1.344202e-06
1.361075e-06
1.377887e-06
1.394633e-06
1.411316e-06
1.427931e-06
1.444483e-06
1.460964e-06
1.477380e-06
1.493725e-06
1.510002e-06
1.526207e-06
1.542344e-06
1.558406e-06
1.574398e-06
1.590314e-06
1.606158e-06
1.621926e-06
1.637620e-06
1.653236e-06
1.668776e-06
1.684237e-06
1.699622e-06
1.714925e-06
1.730150e-06
1.745293e-06
1.760356e-06
1.775335e-06
1.790234e-06
1.805047e-06
1.819778e-06
1.834422e-06
1.848982e-06
1.863455e-06
1.877842e-06
1.892140e-06
1.906351e-06
1.920472e-06
1.934505e-06
1.948446e-06
1.962298e-06
1.976057e-06
1.989724e-06
2.003298e-06
2.016780e-06
2.030166e-06
2.043459e-06
2.056655e-06
2.069756e-06
2.082760e-06
2.095667e-06
2.108476e-06
2.121187e-06
2.133798e-06
2.146311e-06
2.158722e-06
2.171034e-06
2.183243e-06
2.195352e-06
2.207357e-06
2.219260e-06
2.231058e-06
2.242753e-06
2.254343e-06
2.265828e-06
2.277206e-06
2.288479e-06
2.299644e-06
2.310703e-06
2.321653e-06
2.332495e-06
2.343228e-06
2.353851e-06
2.364365e-06
2.374768e-06
2.385060e-06
2.395241e-06
2.405310e-06
2.415267e-06
2.425110e-06
2.434841e-06
2.444458e-06
2.453960e-06
2.463348e-06
2.472621e-06
2.481778e-06
2.490820e-06
2.499745e-06
2.508553e-06
2.517244e-06
2.525817e-06
2.534273e-06
2.542610e-06
2.550828e-06
2.558927e-06
2.566906e-06
2.574766e-06
2.582505e-06
2.590123e-06
2.597620e-06
2.604997e-06
2.612251e-06
2.619383e-06
2.626393e-06
2.633280e-06
2.640044e-06
2.646685e-06
2.653201e-06
2.659594e-06
2.665863e-06
2.672007e-06
2.678026e-06
2.683920e-06
2.689688e-06
2.695331e-06
2.700848e-06
2.706239e-06
2.711502e-06
2.716640e-06
2.721650e-06
2.726533e-06
2.731289e-06
2.735917e-06
2.740417e-06
2.744789e-06
2.749033e-06
2.753148e-06
2.757134e-06
2.760992e-06
2.764720e-06
2.768320e-06
2.771789e-06
2.775130e-06
2.778340e-06
2.781421e-06
2.784372e-06
2.787192e-06
2.789882e-06
2.792442e-06
2.794871e-06
2.797170e-06
2.799338e-06
2.801375e-06
2.803281e-06
2.805056e-06
2.806699e-06
2.808212e-06
2.809593e-06
2.810843e-06
2.811961e-06
2.812949e-06
2.813804e-06
2.814528e-06
2.815120e-06
2.815581e-06
2.815910e-06
2.816108e-06
