8.822559e-11
8.845702e-11
8.821832e-11
8.844370e-11
8.819778e-11
8.841705e-11
8.816453e-11
8.837808e-11
8.811923e-11
8.832640e-11
8.806061e-11
8.826229e-11
8.798973e-11
8.818585e-11
8.790618e-11
8.809675e-11
8.780998e-11
8.799522e-11
8.770118e-11
8.788137e-11
8.757989e-11
8.775464e-11
8.744588e-11
8.761558e-11
8.729911e-11
8.746398e-11
8.713985e-11
8.730006e-11
8.696821e-11
8.712392e-11
8.678369e-11
8.693524e-11
8.658702e-11
8.673390e-11
8.637768e-11
8.652057e-11
8.615536e-11
8.629419e-11
8.592066e-11
8.605566e-11
8.567347e-11
8.580464e-11
8.541340e-11
8.554152e-11
8.514134e-11
8.526602e-11
8.485646e-11
8.497819e-11
8.455953e-11
8.467843e-11
8.425044e-11
8.436668e-11
8.392864e-11
8.404205e-11
8.359452e-11
8.370571e-11
8.324808e-11
8.335715e-11
8.288942e-11
8.299722e-11
8.251899e-11
8.262524e-11
8.213608e-11
8.224121e-11
8.174139e-11
8.184542e-11
8.133444e-11
8.143786e-11
8.091505e-11
8.101808e-11
8.048401e-11
8.058693e-11
8.004147e-11
8.014428e-11
7.958639e-11
7.969048e-11
7.911993e-11
7.922507e-11
7.864182e-11
7.874823e-11
7.815176e-11
7.826023e-11
7.765050e-11
7.776113e-11
7.713763e-11
7.725087e-11
7.661288e-11
7.672979e-11
7.607753e-11
7.619788e-11
7.553025e-11
7.565520e-11
7.497208e-11
7.510209e-11
7.440282e-11
7.453854e-11
7.382261e-11
7.396428e-11
7.323125e-11
7.338014e-11
7.262890e-11
7.278528e-11
7.201562e-11
7.218082e-11
7.139228e-11
7.156664e-11
7.075784e-11
7.094275e-11
7.011347e-11
7.030987e-11
6.945855e-11
6.966733e-11
6.879364e-11
6.901585e-11
6.811857e-11
6.835549e-11
6.743306e-11
6.768597e-11
6.673745e-11
6.700779e-11
6.603196e-11
6.632106e-11
6.531625e-11
6.562617e-11
6.459067e-11
6.492284e-11
6.385503e-11
6.421169e-11
6.310985e-11
6.349243e-11
6.235434e-11
6.276574e-11
6.158851e-11
6.203110e-11
6.081291e-11
6.128958e-11
6.002798e-11
6.054124e-11
5.923245e-11
5.978612e-11
5.842721e-11
5.902462e-11
5.761192e-11
5.825734e-11
5.678674e-11
5.748430e-11
5.595124e-11
5.670608e-11
5.510525e-11
5.592271e-11
5.424894e-11
5.513534e-11
5.338185e-11
5.434397e-11
5.250395e-11
5.354944e-11
5.161477e-11
5.275247e-11
5.071388e-11
5.195366e-11
4.980105e-11
5.115369e-11
4.887574e-11
5.035483e-11
4.793815e-11
4.955908e-11
4.699091e-11
4.877371e-11
4.604200e-11
4.801459e-11
4.511369e-11
4.732365e-11
4.427103e-11
4.681144e-11
4.369055e-11
4.677553e-11
4.385714e-11
4.802159e-11
4.609074e-11
5.273465e-11
5.398393e-11
6.684819e-11
7.730921e-11
1.064877e-10
1.426363e-10
2.154753e-10
3.221982e-10
5.129234e-10
8.123545e-10
1.322601e-09
2.146879e-09
3.524587e-09
5.776739e-09
9.511163e-09
1.564609e-08
2.578521e-08
4.247629e-08
7.002332e-08
1.154110e-07
1.902755e-07
3.136712e-07
5.171547e-07
8.526009e-07
1.405704e-06
2.317565e-06
3.821021e-06
6.299732e-06
1.038647e-05
1.712423e-05
2.823279e-05
4.654708e-05
7.674088e-05
1.265179e-04
2.085758e-04
3.438367e-04
5.667645e-04
9.340931e-04
1.539127e-03
2.535060e-03
4.172744e-03
6.861120e-03
1.126195e-02
1.843314e-02
3.003199e-02
4.856816e-02
7.762947e-02
1.218529e-01
1.861838e-01
2.738850e-01
3.834335e-01
5.062497e-01
6.283162e-01
7.359454e-01
8.212736e-01
8.833970e-01
9.258759e-01
9.536909e-01
9.713908e-01
9.824501e-01
9.892814e-01
9.934713e-01
9.960300e-01
9.975883e-01
9.985358e-01
9.991114e-01
9.994609e-01
9.996729e-01
9.998016e-01
9.998797e-01
9.999270e-01
9.999557e-01
9.999731e-01
9.999837e-01
9.999901e-01
9.999940e-01
9.999964e-01
9.999978e-01
9.999987e-01
9.999992e-01
9.999995e-01
9.999997e-01
9.999998e-01
9.999999e-01
9.999999e-01
1.000000e+00
1.000000e+00
1.000000e+00
1.000000e+00
1.000000e+00
1.000000e+00
1.000000e+00
1.000000e+00
1.000000e+00
1.000000e+00
1.000000e+00
1.000000e+00
1.000000e+00
1.000000e+00
1.000000e+00
1.000000e+00
1.000000e+00
1.000000e+00
1.000000e+00
1.000000e+00
1.000000e+00
1.000000e+00
1.000000e+00
1.000000e+00
1.000000e+00
1.000000e+00
1.000000e+00
1.000000e+00
1.000000e+00
1.000000e+00
1.000000e+00
1.000000e+00
1.000000e+00
1.000000e+00
1.000000e+00
1.000000e+00
1.000000e+00
1.000000e+00
1.000000e+00
1.000000e+00
1.000000e+00
1.000000e+00
1.000000e+00
1.000000e+00
1.000000e+00
1.000000e+00
1.000000e+00
1.000000e+00
1.000000e+00
1.000000e+00
1.000000e+00
1.000000e+00
1.000000e+00
1.000000e+00
1.000000e+00
1.000000e+00
1.000000e+00
1.000000e+00
1.000000e+00
1.000000e+00
1.000000e+00
1.000000e+00
1.000000e+00
1.000000e+00
1.000000e+00
1.000000e+00
1.000000e+00
1.000000e+00
1.000000e+00
1.000000e+00
1.000000e+00
1.000000e+00
1.000000e+00
1.000000e+00
1.000000e+00
1.000000e+00
1.000000e+00
1.000000e+00
1.000000e+00
1.000000e+00
1.000000e+00
1.000000e+00
1.000000e+00
1.000000e+00
1.000000e+00
1.000000e+00
1.000000e+00
1.000000e+00
1.000000e+00
1.000000e+00
1.000000e+00
1.000000e+00
1.000000e+00
1.000000e+00
1.000000e+00
1.000000e+00
1.000000e+00
1.000000e+00
1.000000e+00
1.000000e+00
1.000000e+00
1.000000e+00
1.000000e+00
1.000000e+00
1.000000e+00
1.000000e+00
1.000000e+00
1.000000e+00
1.000000e+00
1.000000e+00
1.000000e+00
1.000000e+00
1.000000e+00
1.000000e+00
1.000000e+00
1.000000e+00
1.000000e+00
1.000000e+00
1.000000e+00
1.000000e+00
1.000000e+00
1.000000e+00
1.000000e+00
1.000000e+00
1.000000e+00
1.000000e+00
1.000000e+00
1.000000e+00
1.000000e+00
1.000000e+00
1.000000e+00
1.000000e+00
1.000000e+00
1.000000e+00
1.000000e+00
1.000000e+00
1.000000e+00
1.000000e+00
1.000000e+00
1.000000e+00
1.000000e+00
1.000000e+00
1.000000e+00
1.000000e+00
1.000000e+00
1.000000e+00
1.000000e+00
1.000000e+00
1.000000e+00
1.000000e+00
1.000000e+00
1.000000e+00
1.000000e+00
1.000000e+00
1.000000e+00
1.000000e+00
1.000000e+00
1.000000e+00
1.000000e+00
1.000000e+00
1.000000e+00
1.000000e+00
1.000000e+00
1.000000e+00
1.000000e+00
1.000000e+00
1.000000e+00
1.000000e+00
1.000000e+00
1.000000e+00
1.000000e+00
1.000000e+00
1.000000e+00
1.000000e+00
1.000000e+00
1.000000e+00
1.000000e+00
1.000000e+00
1.000000e+00
1.000000e+00
1.000000e+00
1.000000e+00
1.000000e+00
1.000000e+00
1.000000e+00
1.000000e+00
1.000000e+00
1.000000e+00
1.000000e+00
1.000000e+00
1.000000e+00
1.000000e+00
1.000000e+00
1.000000e+00
1.000000e+00
1.000000e+00
1.000000e+00
1.000000e+00
1.000000e+00
1.000000e+00
1.000000e+00
1.000000e+00
1.000000e+00
1.000000e+00
1.000000e+00
1.000000e+00
1.000000e+00
1.000000e+00
1.000000e+00
1.000000e+00
1.000000e+00
1.000000e+00
1.000000e+00
1.000000e+00
1.000000e+00
1.000000e+00
1.000000e+00
1.000000e+00
1.000000e+00
1.000000e+00
1.000000e+00
1.000000e+00
1.000000e+00
1.000000e+00
1.000000e+00
1.000000e+00
1.000000e+00
1.000000e+00
1.000000e+00
1.000000e+00
1.000000e+00
1.000000e+00
1.000000e+00
1.000000e+00
1.000000e+00
1.000000e+00
1.000000e+00
1.000000e+00
1.000000e+00
1.000000e+00
1.000000e+00
1.000000e+00
1.000000e+00
1.000000e+00
1.000000e+00
1.000000e+00
1.000000e+00
1.000000e+00
1.000000e+00
1.000000e+00
1.000000e+00
1.000000e+00
1.000000e+00
1.000000e+00
1.000000e+00
1.000000e+00
1.000000e+00
1.000000e+00
1.000000e+00
1.000000e+00
1.000000e+00
1.000000e+00
1.000000e+00
1.000000e+00
1.000000e+00
1.000000e+00
1.000000e+00
1.000000e+00
1.000000e+00
1.000000e+00
1.000000e+00
1.000000e+00
1.000000e+00
1.000000e+00
1.000000e+00
1.000000e+00
1.000000e+00
1.000000e+00
1.000000e+00
1.000000e+00
1.000000e+00
1.000000e+00
1.000000e+00
1.000000e+00
1.000000e+00
1.000000e+00
1.000000e+00
1.000000e+00
1.000000e+00
1.000000e+00
1.000000e+00
1.000000e+00
1.000000e+00
1.000000e+00
1.000000e+00
1.000000e+00
1.000000e+00
1.000000e+00
1.000000e+00
1.000000e+00
1.000000e+00
1.000000e+00
1.000000e+00
1.000000e+00
1.000000e+00
1.000000e+00
1.000000e+00
1.000000e+00
1.000000e+00
1.000000e+00
1.000000e+00
1.000000e+00
1.000000e+00
1.000000e+00
1.000000e+00
1.000000e+00
1.000000e+00
1.000000e+00
1.000000e+00
1.000000e+00
1.000000e+00
1.000000e+00
1.000000e+00
1.000000e+00
1.000000e+00
1.000000e+00
1.000000e+00
1.000000e+00
1.000000e+00
1.000000e+00
1.000000e+00
1.000000e+00
1.000000e+00
1.000000e+00
1.000000e+00
1.000000e+00
1.000000e+00
1.000000e+00
1.000000e+00
1.000000e+00
1.000000e+00
1.000000e+00
1.000000e+00
1.000000e+00
1.000000e+00
1.000000e+00
1.000000e+00
1.000000e+00
1.000000e+00
1.000000e+00
1.000000e+00
1.000000e+00
1.000000e+00
1.000000e+00
1.000000e+00
1.000000e+00
1.000000e+00
1.000000e+00
1.000000e+00
1.000000e+00
1.000000e+00
1.000000e+00
1.000000e+00
1.000000e+00
1.000000e+00
1.000000e+00
1.000000e+00
1.000000e+00
1.000000e+00
1.000000e+00
1.000000e+00
1.000000e+00
1.000000e+00
1.000000e+00
1.000000e+00
1.000000e+00
1.000000e+00
1.000000e+00
1.000000e+00
1.000000e+00
1.000000e+00
1.000000e+00
1.000000e+00
1.000000e+00
1.000000e+00
1.000000e+00
1.000000e+00
1.000000e+00
1.000000e+00
1.000000e+00
1.000000e+00
1.000000e+00
1.000000e+00
1.000000e+00
1.000000e+00
1.000000e+00
1.000000e+00
1.000000e+00
1.000000e+00
1.000000e+00
1.000000e+00
1.000000e+00
1.000000e+00
1.000000e+00
1.000000e+00
1.000000e+00
1.000000e+00
1.000000e+00
1.000000e+00
1.000000e+00
1.000000e+00
1.000000e+00
1.000000e+00
1.000000e+00
1.000000e+00
1.000000e+00
1.000000e+00
1.000000e+00
1.000000e+00
1.000000e+00
1.000000e+00
1.000000e+00
1.000000e+00
1.000000e+00
1.000000e+00
1.000000e+00
1.000000e+00
1.000000e+00
1.000000e+00
1.000000e+00
1.000000e+00
1.000000e+00
1.000000e+00
1.000000e+00
1.000000e+00
1.000000e+00
1.000000e+00
1.000000e+00
1.000000e+00
1.000000e+00
1.000000e+00
1.000000e+00
1.000000e+00
1.000000e+00
1.000000e+00
1.000000e+00
1.000000e+00
1.000000e+00
1.000000e+00
1.000000e+00
1.000000e+00
1.000000e+00
1.000000e+00
1.000000e+00
1.000000e+00
1.000000e+00
1.000000e+00
1.000000e+00
1.000000e+00
1.000000e+00
1.000000e+00
1.000000e+00
1.000000e+00
1.000000e+00
1.000000e+00
1.000000e+00
1.000000e+00
1.000000e+00
1.000000e+00
1.000000e+00
1.000000e+00
1.000000e+00
1.000000e+00
1.000000e+00
1.000000e+00
1.000000e+00
1.000000e+00
1.000000e+00
1.000000e+00
1.000000e+00
1.000000e+00
1.000000e+00
1.000000e+00
1.000000e+00
1.000000e+00
1.000000e+00
1.000000e+00
1.000000e+00
1.000000e+00
1.000000e+00
1.000000e+00
1.000000e+00
1.000000e+00
1.000000e+00
1.000000e+00
1.000000e+00
1.000000e+00
9.999999e-01
9.999999e-01
9.999998e-01
9.999997e-01
9.999995e-01
9.999992e-01
9.999987e-01
9.999978e-01
9.999964e-01
9.999940e-01
9.999901e-01
9.999837e-01
9.999731e-01
9.999557e-01
9.999270e-01
9.998797e-01
9.998016e-01
9.996729e-01
9.994609e-01
9.991114e-01
9.985358e-01
9.975883e-01
9.960300e-01
9.934713e-01
9.892814e-01
9.824501e-01
9.713908e-01
9.536909e-01
9.258759e-01
8.833970e-01
8.212736e-01
7.359454e-01
6.283162e-01
5.062497e-01
3.834335e-01
2.738850e-01
1.861838e-01
1.218529e-01
7.762947e-02
4.856816e-02
3.003199e-02
1.843314e-02
1.126195e-02
6.861120e-03
4.172744e-03
2.535060e-03
1.539127e-03
9.340931e-04
5.667645e-04
3.438367e-04
2.085758e-04
1.265179e-04
7.674088e-05
4.654708e-05
2.823279e-05
1.712423e-05
1.038647e-05
6.299732e-06
3.821021e-06
2.317565e-06
1.405704e-06
8.526010e-07
5.171548e-07
3.136712e-07
1.902755e-07
1.154111e-07
7.002335e-08
4.247632e-08
2.578524e-08
1.564612e-08
9.511196e-09
5.776774e-09
3.524622e-09
2.146917e-09
1.322640e-09
8.123946e-10
5.129648e-10
3.222410e-10
2.155195e-10
1.426820e-10
1.065344e-10
7.735718e-11
6.689749e-11
5.403394e-11
5.278555e-11
4.614259e-11
4.807460e-11
4.391093e-11
4.683026e-11
4.374628e-11
4.686801e-11
4.432843e-11
4.738165e-11
4.517270e-11
4.807432e-11
4.610251e-11
4.883477e-11
4.705303e-11
4.962181e-11
4.800166e-11
5.041900e-11
4.894057e-11
5.121964e-11
4.986755e-11
5.202072e-11
5.078177e-11
5.282103e-11
5.168366e-11
5.361883e-11
5.257328e-11
5.441381e-11
5.345163e-11
5.520495e-11
5.431833e-11
5.599193e-11
5.517414e-11
5.677447e-11
5.601886e-11
5.755135e-11
5.685308e-11
5.832285e-11
5.767686e-11
5.908851e-11
5.848999e-11
5.984779e-11
5.929296e-11
6.060052e-11
6.008605e-11
6.134648e-11
6.086881e-11
6.208556e-11
6.164158e-11
6.281708e-11
6.240408e-11
6.354101e-11
6.315681e-11
6.425710e-11
6.389939e-11
6.496570e-11
6.463174e-11
6.566564e-11
6.535400e-11
6.635781e-11
6.606699e-11
6.704109e-11
6.676937e-11
6.771622e-11
6.746181e-11
6.838274e-11
6.814410e-11
6.904022e-11
6.881662e-11
6.968892e-11
6.947881e-11
7.032858e-11
7.013073e-11
7.095874e-11
7.077255e-11
7.157996e-11
7.140422e-11
7.219153e-11
7.202539e-11
7.279377e-11
7.263645e-11
7.338652e-11
7.323675e-11
7.396922e-11
7.382672e-11
7.454176e-11
7.440576e-11
7.510448e-11
7.497364e-11
7.565615e-11
7.553047e-11
7.619755e-11
7.607653e-11
7.672823e-11
7.661072e-11
7.724815e-11
7.713413e-11
7.775747e-11
7.764611e-11
7.825546e-11
7.814688e-11
7.874290e-11
7.863621e-11
7.921919e-11
7.911377e-11
7.968382e-11
7.957962e-11
8.013745e-11
8.003409e-11
8.057982e-11
8.047696e-11
8.101114e-11
8.090822e-11
8.143086e-11
8.132733e-11
8.183876e-11
8.173495e-11
8.223483e-11
8.213036e-11
8.261963e-11
8.251344e-11
8.299195e-11
8.288437e-11
8.335271e-11
8.324413e-11
8.370166e-11
8.359086e-11
8.403900e-11
8.392570e-11
8.436402e-11
8.424822e-11
8.467682e-11
8.455842e-11
8.497747e-11
8.485612e-11
8.526602e-11
8.514150e-11
8.554196e-11
8.541429e-11
8.580597e-11
8.567519e-11
8.605766e-11
8.592310e-11
8.629708e-11
8.615891e-11
8.652429e-11
8.638174e-11
8.673906e-11
8.659240e-11
8.694118e-11
8.679046e-11
8.713125e-11
8.697565e-11
8.730838e-11
8.714840e-11
8.747297e-11
8.730844e-11
8.762507e-11
8.745515e-11
8.776407e-11
8.758932e-11
8.789092e-11
8.771067e-11
8.800444e-11
8.781931e-11
8.810591e-11
8.791506e-11
8.819451e-11
8.799794e-11
8.827011e-11
8.806805e-11
8.833323e-11
8.812551e-11
8.838341e-11
8.816980e-11
8.842133e-11
8.820134e-11
8.844603e-11
8.821971e-11
8.845807e-11
