6.647694e-11
6.670914e-11
6.647127e-11
6.669848e-11
6.645573e-11
6.667861e-11
6.643097e-11
6.664941e-11
6.639655e-11
6.661066e-11
6.635237e-11
6.656253e-11
6.629897e-11
6.650497e-11
6.623618e-11
6.643830e-11
6.616419e-11
6.636247e-11
6.608231e-11
6.627748e-11
6.599166e-11
6.618289e-11
6.589129e-11
6.607936e-11
6.578155e-11
6.596618e-11
6.566242e-11
6.584389e-11
6.553408e-11
6.571244e-11
6.539586e-11
6.557177e-11
6.524870e-11
6.542145e-11
6.509165e-11
6.526191e-11
6.492523e-11
6.509310e-11
6.474965e-11
6.491541e-11
6.456441e-11
6.472783e-11
6.436979e-11
6.453155e-11
6.416606e-11
6.432599e-11
6.395273e-11
6.411116e-11
6.373047e-11
6.388751e-11
6.349843e-11
6.365464e-11
6.325751e-11
6.341239e-11
6.300716e-11
6.316148e-11
6.274742e-11
6.290135e-11
6.247897e-11
6.263257e-11
6.220113e-11
6.235484e-11
6.191403e-11
6.206807e-11
6.161821e-11
6.177264e-11
6.131295e-11
6.146800e-11
6.099843e-11
6.115491e-11
6.067541e-11
6.083328e-11
6.034317e-11
6.050277e-11
6.000195e-11
6.016371e-11
5.965178e-11
5.981610e-11
5.929285e-11
5.946010e-11
5.892542e-11
5.909578e-11
5.854900e-11
5.872358e-11
5.816403e-11
5.834244e-11
5.777051e-11
5.795364e-11
5.736805e-11
5.755652e-11
5.695733e-11
5.715145e-11
5.653827e-11
5.673872e-11
5.611078e-11
5.631812e-11
5.567480e-11
5.588952e-11
5.523038e-11
5.545331e-11
5.477752e-11
5.500977e-11
5.431683e-11
5.455908e-11
5.384815e-11
5.410083e-11
5.337142e-11
5.363593e-11
5.288697e-11
5.316414e-11
5.239487e-11
5.268563e-11
5.189515e-11
5.220074e-11
5.138723e-11
5.170903e-11
5.087208e-11
5.121081e-11
5.034906e-11
5.070666e-11
4.981843e-11
5.019607e-11
4.928014e-11
4.967943e-11
4.873402e-11
4.915707e-11
4.818018e-11
4.862855e-11
4.761885e-11
4.809447e-11
4.704964e-11
4.755507e-11
4.647283e-11
4.701051e-11
4.588852e-11
4.646117e-11
4.529627e-11
4.590683e-11
4.469608e-11
4.534811e-11
4.408829e-11
4.478495e-11
4.347267e-11
4.421824e-11
4.284895e-11
4.364803e-11
4.221701e-11
4.307460e-11
4.157719e-11
4.249817e-11
4.092848e-11
4.191986e-11
4.027151e-11
4.133910e-11
3.960515e-11
4.075718e-11
3.892942e-11
4.017453e-11
3.824380e-11
3.959183e-11
3.754796e-11
3.900991e-11
3.684142e-11
3.843048e-11
3.612466e-11
3.785633e-11
3.539985e-11
3.729428e-11
3.467471e-11
3.675987e-11
3.397216e-11
3.629536e-11
3.335671e-11
3.601125e-11
3.300510e-11
3.620482e-11
3.340223e-11
3.768225e-11
3.586742e-11
4.262785e-11
4.399431e-11
5.697587e-11
6.755463e-11
9.685125e-11
1.331180e-10
2.060755e-10
3.129176e-10
5.037619e-10
8.033127e-10
1.313679e-09
2.138078e-09
3.515905e-09
5.768179e-09
9.502724e-09
1.563777e-08
2.577701e-08
4.246822e-08
7.001537e-08
1.154032e-07
1.902677e-07
3.136636e-07
5.171473e-07
8.525936e-07
1.405696e-06
2.317558e-06
3.821014e-06
6.299724e-06
1.038647e-05
1.712422e-05
2.823278e-05
4.654707e-05
7.674088e-05
1.265179e-04
2.085758e-04
3.438367e-04
5.667645e-04
9.340931e-04
1.539127e-03
2.535059e-03
4.172744e-03
6.861119e-03
1.126195e-02
1.843314e-02
3.003199e-02
4.856816e-02
7.762947e-02
1.218529e-01
1.861838e-01
2.738850e-01
3.834335e-01
5.062497e-01
6.283162e-01
7.359454e-01
8.212736e-01
8.833970e-01
9.258759e-01
9.536909e-01
9.713908e-01
9.824501e-01
9.892814e-01
9.934713e-01
9.960300e-01
9.975883e-01
9.985358e-01
9.991114e-01
9.994609e-01
9.996729e-01
9.998016e-01
9.998797e-01
9.999270e-01
9.999557e-01
9.999731e-01
9.999837e-01
9.999901e-01
9.999940e-01
9.999964e-01
9.999978e-01
9.999987e-01
9.999992e-01
9.999995e-01
9.999997e-01
9.999998e-01
9.999999e-01
9.999999e-01
1.000000e+00
1.000000e+00
1.000000e+00
1.000000e+00
1.000000e+00
1.000000e+00
1.000000e+00
1.000000e+00
1.000000e+00
1.000000e+00
1.000000e+00
1.000000e+00
1.000000e+00
1.000000e+00
1.000000e+00
1.000000e+00
1.000000e+00
1.000000e+00
1.000000e+00
1.000000e+00
1.000000e+00
1.000000e+00
1.000000e+00
1.000000e+00
1.000000e+00
1.000000e+00
1.000000e+00
1.000000e+00
1.000000e+00
1.000000e+00
1.000000e+00
1.000000e+00
1.000000e+00
1.000000e+00
1.000000e+00
1.000000e+00
1.000000e+00
1.000000e+00
1.000000e+00
1.000000e+00
1.000000e+00
1.000000e+00
1.000000e+00
1.000000e+00
1.000000e+00
1.000000e+00
1.000000e+00
1.000000e+00
1.000000e+00
1.000000e+00
1.000000e+00
1.000000e+00
1.000000e+00
1.000000e+00
1.000000e+00
1.000000e+00
1.000000e+00
1.000000e+00
1.000000e+00
1.000000e+00
1.000000e+00
1.000000e+00
1.000000e+00
1.000000e+00
1.000000e+00
1.000000e+00
1.000000e+00
1.000000e+00
1.000000e+00
1.000000e+00
1.000000e+00
1.000000e+00
1.000000e+00
1.000000e+00
1.000000e+00
1.000000e+00
1.000000e+00
1.000000e+00
1.000000e+00
1.000000e+00
1.000000e+00
1.000000e+00
1.000000e+00
1.000000e+00
1.000000e+00
1.000000e+00
1.000000e+00
1.000000e+00
1.000000e+00
1.000000e+00
1.000000e+00
1.000000e+00
1.000000e+00
1.000000e+00
1.000000e+00
1.000000e+00
1.000000e+00
1.000000e+00
1.000000e+00
1.000000e+00
1.000000e+00
1.000000e+00
1.000000e+00
1.000000e+00
1.000000e+00
1.000000e+00
1.000000e+00
1.000000e+00
1.000000e+00
1.000000e+00
1.000000e+00
1.000000e+00
1.000000e+00
1.000000e+00
1.000000e+00
1.000000e+00
1.000000e+00
1.000000e+00
1.000000e+00
1.000000e+00
1.000000e+00
1.000000e+00
1.000000e+00
1.000000e+00
1.000000e+00
1.000000e+00
1.000000e+00
1.000000e+00
1.000000e+00
1.000000e+00
1.000000e+00
1.000000e+00
1.000000e+00
1.000000e+00
1.000000e+00
1.000000e+00
1.000000e+00
1.000000e+00
1.000000e+00
1.000000e+00
1.000000e+00
1.000000e+00
1.000000e+00
1.000000e+00
1.000000e+00
1.000000e+00
1.000000e+00
1.000000e+00
1.000000e+00
1.000000e+00
1.000000e+00
1.000000e+00
1.000000e+00
1.000000e+00
1.000000e+00
1.000000e+00
1.000000e+00
1.000000e+00
1.000000e+00
1.000000e+00
1.000000e+00
1.000000e+00
1.000000e+00
1.000000e+00
1.000000e+00
1.000000e+00
1.000000e+00
1.000000e+00
1.000000e+00
1.000000e+00
1.000000e+00
1.000000e+00
1.000000e+00
1.000000e+00
1.000000e+00
1.000000e+00
1.000000e+00
1.000000e+00
1.000000e+00
1.000000e+00
1.000000e+00
1.000000e+00
1.000000e+00
1.000000e+00
1.000000e+00
1.000000e+00
1.000000e+00
1.000000e+00
1.000000e+00
1.000000e+00
1.000000e+00
1.000000e+00
1.000000e+00
1.000000e+00
1.000000e+00
1.000000e+00
1.000000e+00
1.000000e+00
1.000000e+00
1.000000e+00
1.000000e+00
1.000000e+00
1.000000e+00
1.000000e+00
1.000000e+00
1.000000e+00
1.000000e+00
1.000000e+00
1.000000e+00
1.000000e+00
1.000000e+00
1.000000e+00
1.000000e+00
1.000000e+00
1.000000e+00
1.000000e+00
1.000000e+00
1.000000e+00
1.000000e+00
1.000000e+00
1.000000e+00
1.000000e+00
1.000000e+00
1.000000e+00
1.000000e+00
1.000000e+00
1.000000e+00
1.000000e+00
1.000000e+00
1.000000e+00
1.000000e+00
1.000000e+00
1.000000e+00
1.000000e+00
1.000000e+00
1.000000e+00
1.000000e+00
1.000000e+00
1.000000e+00
1.000000e+00
1.000000e+00
1.000000e+00
1.000000e+00
1.000000e+00
1.000000e+00
1.000000e+00
1.000000e+00
1.000000e+00
1.000000e+00
1.000000e+00
1.000000e+00
1.000000e+00
1.000000e+00
1.000000e+00
1.000000e+00
1.000000e+00
1.000000e+00
1.000000e+00
1.000000e+00
1.000000e+00
1.000000e+00
1.000000e+00
1.000000e+00
1.000000e+00
1.000000e+00
1.000000e+00
1.000000e+00
1.000000e+00
1.000000e+00
1.000000e+00
1.000000e+00
1.000000e+00
1.000000e+00
1.000000e+00
1.000000e+00
1.000000e+00
1.000000e+00
1.000000e+00
1.000000e+00
1.000000e+00
1.000000e+00
1.000000e+00
1.000000e+00
1.000000e+00
1.000000e+00
1.000000e+00
1.000000e+00
1.000000e+00
1.000000e+00
1.000000e+00
1.000000e+00
1.000000e+00
1.000000e+00
1.000000e+00
1.000000e+00
1.000000e+00
1.000000e+00
1.000000e+00
1.000000e+00
1.000000e+00
1.000000e+00
1.000000e+00
1.000000e+00
1.000000e+00
1.000000e+00
1.000000e+00
1.000000e+00
1.000000e+00
1.000000e+00
1.000000e+00
1.000000e+00
1.000000e+00
1.000000e+00
1.000000e+00
1.000000e+00
1.000000e+00
1.000000e+00
1.000000e+00
1.000000e+00
1.000000e+00
1.000000e+00
1.000000e+00
1.000000e+00
1.000000e+00
1.000000e+00
1.000000e+00
1.000000e+00
1.000000e+00
1.000000e+00
1.000000e+00
1.000000e+00
1.000000e+00
1.000000e+00
1.000000e+00
1.000000e+00
1.000000e+00
1.000000e+00
1.000000e+00
1.000000e+00
1.000000e+00
1.000000e+00
1.000000e+00
1.000000e+00
1.000000e+00
1.000000e+00
1.000000e+00
1.000000e+00
1.000000e+00
1.000000e+00
1.000000e+00
1.000000e+00
1.000000e+00
1.000000e+00
1.000000e+00
1.000000e+00
1.000000e+00
1.000000e+00
1.000000e+00
1.000000e+00
1.000000e+00
1.000000e+00
1.000000e+00
1.000000e+00
1.000000e+00
1.000000e+00
1.000000e+00
1.000000e+00
1.000000e+00
1.000000e+00
1.000000e+00
1.000000e+00
1.000000e+00
1.000000e+00
1.000000e+00
1.000000e+00
1.000000e+00
1.000000e+00
1.000000e+00
1.000000e+00
1.000000e+00
1.000000e+00
1.000000e+00
1.000000e+00
1.000000e+00
1.000000e+00
1.000000e+00
1.000000e+00
1.000000e+00
1.000000e+00
1.000000e+00
1.000000e+00
1.000000e+00
1.000000e+00
1.000000e+00
1.000000e+00
1.000000e+00
1.000000e+00
1.000000e+00
1.000000e+00
1.000000e+00
1.000000e+00
1.000000e+00
1.000000e+00
1.000000e+00
1.000000e+00
1.000000e+00
1.000000e+00
1.000000e+00
1.000000e+00
1.000000e+00
1.000000e+00
1.000000e+00
1.000000e+00
1.000000e+00
1.000000e+00
1.000000e+00
1.000000e+00
1.000000e+00
1.000000e+00
1.000000e+00
1.000000e+00
1.000000e+00
1.000000e+00
1.000000e+00
1.000000e+00
1.000000e+00
1.000000e+00
1.000000e+00
1.000000e+00
1.000000e+00
1.000000e+00
1.000000e+00
1.000000e+00
1.000000e+00
1.000000e+00
1.000000e+00
1.000000e+00
1.000000e+00
1.000000e+00
1.000000e+00
1.000000e+00
1.000000e+00
1.000000e+00
1.000000e+00
1.000000e+00
1.000000e+00
1.000000e+00
1.000000e+00
1.000000e+00
1.000000e+00
1.000000e+00
1.000000e+00
1.000000e+00
1.000000e+00
1.000000e+00
1.000000e+00
1.000000e+00
1.000000e+00
1.000000e+00
1.000000e+00
1.000000e+00
1.000000e+00
1.000000e+00
1.000000e+00
1.000000e+00
1.000000e+00
1.000000e+00
1.000000e+00
1.000000e+00
1.000000e+00
1.000000e+00
1.000000e+00
1.000000e+00
1.000000e+00
1.000000e+00
1.000000e+00
1.000000e+00
1.000000e+00
1.000000e+00
1.000000e+00
1.000000e+00
1.000000e+00
1.000000e+00
1.000000e+00
1.000000e+00
1.000000e+00
1.000000e+00
1.000000e+00
1.000000e+00
1.000000e+00
1.000000e+00
1.000000e+00
1.000000e+00
1.000000e+00
1.000000e+00
1.000000e+00
1.000000e+00
9.999999e-01
9.999999e-01
9.999998e-01
9.999997e-01
9.999995e-01
9.999992e-01
9.999987e-01
9.999978e-01
9.999964e-01
9.999940e-01
9.999901e-01
9.999837e-01
9.999731e-01
9.999557e-01
9.999270e-01
9.998797e-01
9.998016e-01
9.996729e-01
9.994609e-01
9.991114e-01
9.985358e-01
9.975883e-01
9.960300e-01
9.934713e-01
9.892814e-01
9.824501e-01
9.713908e-01
9.536909e-01
9.258759e-01
8.833970e-01
8.212736e-01
7.359454e-01
6.283162e-01
5.062497e-01
3.834335e-01
2.738850e-01
1.861838e-01
1.218529e-01
7.762947e-02
4.856816e-02
3.003199e-02
1.843314e-02
1.126195e-02
6.861119e-03
4.172744e-03
2.535059e-03
1.539127e-03
9.340931e-04
5.667645e-04
3.438367e-04
2.085758e-04
1.265179e-04
7.674088e-05
4.654707e-05
2.823278e-05
1.712422e-05
1.038647e-05
6.299724e-06
3.821014e-06
2.317558e-06
1.405696e-06
8.525936e-07
5.171473e-07
3.136636e-07
1.902678e-07
1.154032e-07
7.001540e-08
4.246825e-08
2.577704e-08
1.563780e-08
9.502757e-09
5.768213e-09
3.515941e-09
2.138115e-09
1.313717e-09
8.033525e-10
5.038030e-10
3.129602e-10
2.061197e-10
1.331633e-10
9.689755e-11
6.760215e-11
5.702477e-11
4.404410e-11
4.267869e-11
3.591932e-11
3.773504e-11
3.345590e-11
3.625972e-11
3.306072e-11
3.606782e-11
3.341388e-11
3.635336e-11
3.403094e-11
3.681960e-11
3.473477e-11
3.735517e-11
3.546147e-11
3.791872e-11
3.618794e-11
3.849471e-11
3.690637e-11
3.907552e-11
3.761425e-11
3.965867e-11
3.831130e-11
4.024248e-11
3.899780e-11
4.082590e-11
3.967415e-11
4.140827e-11
4.034073e-11
4.198875e-11
4.099754e-11
4.256712e-11
4.164552e-11
4.314243e-11
4.228440e-11
4.371470e-11
4.291500e-11
4.428347e-11
4.353673e-11
4.484840e-11
4.415046e-11
4.540901e-11
4.475609e-11
4.596573e-11
4.535367e-11
4.651735e-11
4.594330e-11
4.706407e-11
4.652501e-11
4.760592e-11
4.709866e-11
4.814199e-11
4.766454e-11
4.867251e-11
4.822270e-11
4.919759e-11
4.877310e-11
4.971673e-11
4.931605e-11
5.023043e-11
4.985135e-11
5.073769e-11
5.037881e-11
5.123901e-11
5.089862e-11
5.173389e-11
5.141093e-11
5.222267e-11
5.191575e-11
5.270501e-11
5.241280e-11
5.318096e-11
5.290240e-11
5.364997e-11
5.338413e-11
5.411260e-11
5.385853e-11
5.456813e-11
5.432510e-11
5.501671e-11
5.478373e-11
5.545847e-11
5.523437e-11
5.589290e-11
5.567719e-11
5.631973e-11
5.611189e-11
5.673928e-11
5.653827e-11
5.715090e-11
5.695633e-11
5.755502e-11
5.736595e-11
5.795064e-11
5.776718e-11
5.833878e-11
5.815981e-11
5.871875e-11
5.854384e-11
5.909029e-11
5.891970e-11
5.945405e-11
5.928646e-11
5.980932e-11
5.964484e-11
6.015610e-11
5.999440e-11
6.049516e-11
6.033529e-11
6.082534e-11
6.066775e-11
6.114742e-11
6.099121e-11
6.146095e-11
6.130579e-11
6.176559e-11
6.161133e-11
6.206174e-11
6.190792e-11
6.234863e-11
6.219508e-11
6.262690e-11
6.247358e-11
6.289669e-11
6.274309e-11
6.315709e-11
6.300316e-11
6.340900e-11
6.325435e-11
6.365170e-11
6.349599e-11
6.388562e-11
6.372891e-11
6.411033e-11
6.395229e-11
6.432610e-11
6.416628e-11
6.453210e-11
6.437084e-11
6.472956e-11
6.456613e-11
6.491729e-11
6.475209e-11
6.509632e-11
6.492917e-11
6.526624e-11
6.509637e-11
6.542689e-11
6.525458e-11
6.557810e-11
6.540279e-11
6.571976e-11
6.554163e-11
6.585232e-11
6.567114e-11
6.597539e-11
6.579104e-11
6.608875e-11
6.590095e-11
6.619288e-11
6.600159e-11
6.628731e-11
6.609246e-11
6.637230e-11
6.617407e-11
6.644812e-11
6.624540e-11
6.651413e-11
6.630768e-11
6.657069e-11
6.636014e-11
6.661788e-11
6.640299e-11
6.665546e-11
6.643613e-11
6.668321e-11
6.645956e-11
6.670159e-11
6.647310e-11
6.671014e-11
