5.025652e-11
5.048945e-11
5.025225e-11
5.048184e-11
5.024059e-11
5.046685e-11
5.022205e-11
5.044487e-11
5.019635e-11
5.041578e-11
5.016343e-11
5.037987e-11
5.012296e-11
5.033685e-11
5.007583e-11
5.028694e-11
5.002143e-11
5.023010e-11
4.996020e-11
5.016626e-11
4.989181e-11
5.009582e-11
4.981643e-11
5.001821e-11
4.973422e-11
4.993334e-11
4.964429e-11
4.984202e-11
4.954787e-11
4.974376e-11
4.944428e-11
4.963824e-11
4.933320e-11
4.952599e-11
4.921547e-11
4.940642e-11
4.909023e-11
4.928036e-11
4.895845e-11
4.914752e-11
4.881956e-11
4.900735e-11
4.867357e-11
4.886064e-11
4.852041e-11
4.870709e-11
4.836054e-11
4.854639e-11
4.819301e-11
4.837930e-11
4.801892e-11
4.820488e-11
4.783768e-11
4.802403e-11
4.764966e-11
4.783623e-11
4.745426e-11
4.764167e-11
4.725220e-11
4.744061e-11
4.704326e-11
4.723294e-11
4.682782e-11
4.701839e-11
4.660483e-11
4.679729e-11
4.637540e-11
4.656975e-11
4.613898e-11
4.633571e-11
4.589579e-11
4.609496e-11
4.564593e-11
4.584760e-11
4.538897e-11
4.559392e-11
4.512518e-11
4.533385e-11
4.485490e-11
4.506734e-11
4.457784e-11
4.479495e-11
4.429468e-11
4.451634e-11
4.400458e-11
4.423162e-11
4.370804e-11
4.394096e-11
4.340517e-11
4.364392e-11
4.309536e-11
4.334139e-11
4.277956e-11
4.303274e-11
4.245726e-11
4.271816e-11
4.212819e-11
4.239786e-11
4.179312e-11
4.207173e-11
4.145140e-11
4.174017e-11
4.110379e-11
4.140344e-11
4.075018e-11
4.106143e-11
4.039047e-11
4.071438e-11
4.002465e-11
4.036221e-11
3.965311e-11
4.000522e-11
3.927564e-11
3.964357e-11
3.889244e-11
3.927730e-11
3.850331e-11
3.890632e-11
3.810835e-11
3.853068e-11
3.770712e-11
3.815048e-11
3.729994e-11
3.776596e-11
3.688716e-11
3.737766e-11
3.646866e-11
3.698514e-11
3.604350e-11
3.658845e-11
3.561268e-11
3.618833e-11
3.517592e-11
3.578438e-11
3.473283e-11
3.537737e-11
3.428385e-11
3.496681e-11
3.382861e-11
3.455336e-11
3.336659e-11
3.413730e-11
3.289863e-11
3.371869e-11
3.242384e-11
3.329814e-11
3.194250e-11
3.287581e-11
3.145434e-11
3.245221e-11
3.095907e-11
3.202760e-11
3.045658e-11
3.160228e-11
2.994610e-11
3.117712e-11
2.942790e-11
3.075262e-11
2.890116e-11
3.032935e-11
2.836537e-11
2.990835e-11
2.782036e-11
2.949080e-11
2.726608e-11
2.908013e-11
2.670542e-11
2.868267e-11
2.614564e-11
2.831407e-11
2.560951e-11
2.801653e-11
2.516160e-11
2.790040e-11
2.497880e-11
2.826345e-11
2.554518e-11
2.991085e-11
2.818129e-11
3.502770e-11
3.647999e-11
4.954825e-11
6.021311e-11
8.959666e-11
1.259503e-10
1.989954e-10
3.059245e-10
4.968570e-10
7.964953e-10
1.306950e-09
2.131437e-09
3.509354e-09
5.761716e-09
9.496350e-09
1.563149e-08
2.577081e-08
4.246211e-08
7.000935e-08
1.153973e-07
1.902619e-07
3.136578e-07
5.171416e-07
8.525880e-07
1.405691e-06
2.317552e-06
3.821009e-06
6.299719e-06
1.038646e-05
1.712422e-05
2.823278e-05
4.654707e-05
7.674087e-05
1.265179e-04
2.085757e-04
3.438366e-04
5.667645e-04
9.340931e-04
1.539127e-03
2.535059e-03
4.172744e-03
6.861119e-03
1.126195e-02
1.843314e-02
3.003199e-02
4.856816e-02
7.762947e-02
1.218529e-01
1.861838e-01
2.738850e-01
3.834335e-01
5.062497e-01
6.283162e-01
7.359454e-01
8.212736e-01
8.833970e-01
9.258759e-01
9.536909e-01
9.713908e-01
9.824501e-01
9.892814e-01
9.934713e-01
9.960300e-01
9.975883e-01
9.985358e-01
9.991114e-01
9.994609e-01
9.996729e-01
9.998016e-01
9.998797e-01
9.999270e-01
9.999557e-01
9.999731e-01
9.999837e-01
9.999901e-01
9.999940e-01
9.999964e-01
9.999978e-01
9.999987e-01
9.999992e-01
9.999995e-01
9.999997e-01
9.999998e-01
9.999999e-01
9.999999e-01
1.000000e+00
1.000000e+00
1.000000e+00
1.000000e+00
1.000000e+00
1.000000e+00
1.000000e+00
1.000000e+00
1.000000e+00
1.000000e+00
1.000000e+00
1.000000e+00
1.000000e+00
1.000000e+00
1.000000e+00
1.000000e+00
1.000000e+00
1.000000e+00
1.000000e+00
1.000000e+00
1.000000e+00
1.000000e+00
1.000000e+00
1.000000e+00
1.000000e+00
1.000000e+00
1.000000e+00
1.000000e+00
1.000000e+00
1.000000e+00
1.000000e+00
1.000000e+00
1.000000e+00
1.000000e+00
1.000000e+00
1.000000e+00
1.000000e+00
1.000000e+00
1.000000e+00
1.000000e+00
1.000000e+00
1.000000e+00
1.000000e+00
1.000000e+00
1.000000e+00
1.000000e+00
1.000000e+00
1.000000e+00
1.000000e+00
1.000000e+00
1.000000e+00
1.000000e+00
1.000000e+00
1.000000e+00
1.000000e+00
1.000000e+00
1.000000e+00
1.000000e+00
1.000000e+00
1.000000e+00
1.000000e+00
1.000000e+00
1.000000e+00
1.000000e+00
1.000000e+00
1.000000e+00
1.000000e+00
1.000000e+00
1.000000e+00
1.000000e+00
1.000000e+00
1.000000e+00
1.000000e+00
1.000000e+00
1.000000e+00
1.000000e+00
1.000000e+00
1.000000e+00
1.000000e+00
1.000000e+00
1.000000e+00
1.000000e+00
1.000000e+00
1.000000e+00
1.000000e+00
1.000000e+00
1.000000e+00
1.000000e+00
1.000000e+00
1.000000e+00
1.000000e+00
1.000000e+00
1.000000e+00
1.000000e+00
1.000000e+00
1.000000e+00
1.000000e+00
1.000000e+00
1.000000e+00
1.000000e+00
1.000000e+00
1.000000e+00
1.000000e+00
1.000000e+00
1.000000e+00
1.000000e+00
1.000000e+00
1.000000e+00
1.000000e+00
1.000000e+00
1.000000e+00
1.000000e+00
1.000000e+00
1.000000e+00
1.000000e+00
1.000000e+00
1.000000e+00
1.000000e+00
1.000000e+00
1.000000e+00
1.000000e+00
1.000000e+00
1.000000e+00
1.000000e+00
1.000000e+00
1.000000e+00
1.000000e+00
1.000000e+00
1.000000e+00
1.000000e+00
1.000000e+00
1.000000e+00
1.000000e+00
1.000000e+00
1.000000e+00
1.000000e+00
1.000000e+00
1.000000e+00
1.000000e+00
1.000000e+00
1.000000e+00
1.000000e+00
1.000000e+00
1.000000e+00
1.000000e+00
1.000000e+00
1.000000e+00
1.000000e+00
1.000000e+00
1.000000e+00
1.000000e+00
1.000000e+00
1.000000e+00
1.000000e+00
1.000000e+00
1.000000e+00
1.000000e+00
1.000000e+00
1.000000e+00
1.000000e+00
1.000000e+00
1.000000e+00
1.000000e+00
1.000000e+00
1.000000e+00
1.000000e+00
1.000000e+00
1.000000e+00
1.000000e+00
1.000000e+00
1.000000e+00
1.000000e+00
1.000000e+00
1.000000e+00
1.000000e+00
1.000000e+00
1.000000e+00
1.000000e+00
1.000000e+00
1.000000e+00
1.000000e+00
1.000000e+00
1.000000e+00
1.000000e+00
1.000000e+00
1.000000e+00
1.000000e+00
1.000000e+00
1.000000e+00
1.000000e+00
1.000000e+00
1.000000e+00
1.000000e+00
1.000000e+00
1.000000e+00
1.000000e+00
1.000000e+00
1.000000e+00
1.000000e+00
1.000000e+00
1.000000e+00
1.000000e+00
1.000000e+00
1.000000e+00
1.000000e+00
1.000000e+00
1.000000e+00
1.000000e+00
1.000000e+00
1.000000e+00
1.000000e+00
1.000000e+00
1.000000e+00
1.000000e+00
1.000000e+00
1.000000e+00
1.000000e+00
1.000000e+00
1.000000e+00
1.000000e+00
1.000000e+00
1.000000e+00
1.000000e+00
1.000000e+00
1.000000e+00
1.000000e+00
1.000000e+00
1.000000e+00
1.000000e+00
1.000000e+00
1.000000e+00
1.000000e+00
1.000000e+00
1.000000e+00
1.000000e+00
1.000000e+00
1.000000e+00
1.000000e+00
1.000000e+00
1.000000e+00
1.000000e+00
1.000000e+00
1.000000e+00
1.000000e+00
1.000000e+00
1.000000e+00
1.000000e+00
1.000000e+00
1.000000e+00
1.000000e+00
1.000000e+00
1.000000e+00
1.000000e+00
1.000000e+00
1.000000e+00
1.000000e+00
1.000000e+00
1.000000e+00
1.000000e+00
1.000000e+00
1.000000e+00
1.000000e+00
1.000000e+00
1.000000e+00
1.000000e+00
1.000000e+00
1.000000e+00
1.000000e+00
1.000000e+00
1.000000e+00
1.000000e+00
1.000000e+00
1.000000e+00
1.000000e+00
1.000000e+00
1.000000e+00
1.000000e+00
1.000000e+00
1.000000e+00
1.000000e+00
1.000000e+00
1.000000e+00
1.000000e+00
1.000000e+00
1.000000e+00
1.000000e+00
1.000000e+00
1.000000e+00
1.000000e+00
1.000000e+00
1.000000e+00
1.000000e+00
1.000000e+00
1.000000e+00
1.000000e+00
1.000000e+00
1.000000e+00
1.000000e+00
1.000000e+00
1.000000e+00
1.000000e+00
1.000000e+00
1.000000e+00
1.000000e+00
1.000000e+00
1.000000e+00
1.000000e+00
1.000000e+00
1.000000e+00
1.000000e+00
1.000000e+00
1.000000e+00
1.000000e+00
1.000000e+00
1.000000e+00
1.000000e+00
1.000000e+00
1.000000e+00
1.000000e+00
1.000000e+00
1.000000e+00
1.000000e+00
1.000000e+00
1.000000e+00
1.000000e+00
1.000000e+00
1.000000e+00
1.000000e+00
1.000000e+00
1.000000e+00
1.000000e+00
1.000000e+00
1.000000e+00
1.000000e+00
1.000000e+00
1.000000e+00
1.000000e+00
1.000000e+00
1.000000e+00
1.000000e+00
1.000000e+00
1.000000e+00
1.000000e+00
1.000000e+00
1.000000e+00
1.000000e+00
1.000000e+00
1.000000e+00
1.000000e+00
1.000000e+00
1.000000e+00
1.000000e+00
1.000000e+00
1.000000e+00
1.000000e+00
1.000000e+00
1.000000e+00
1.000000e+00
1.000000e+00
1.000000e+00
1.000000e+00
1.000000e+00
1.000000e+00
1.000000e+00
1.000000e+00
1.000000e+00
1.000000e+00
1.000000e+00
1.000000e+00
1.000000e+00
1.000000e+00
1.000000e+00
1.000000e+00
1.000000e+00
1.000000e+00
1.000000e+00
1.000000e+00
1.000000e+00
1.000000e+00
1.000000e+00
1.000000e+00
1.000000e+00
1.000000e+00
1.000000e+00
1.000000e+00
1.000000e+00
1.000000e+00
1.000000e+00
1.000000e+00
1.000000e+00
1.000000e+00
1.000000e+00
1.000000e+00
1.000000e+00
1.000000e+00
1.000000e+00
1.000000e+00
1.000000e+00
1.000000e+00
1.000000e+00
1.000000e+00
1.000000e+00
1.000000e+00
1.000000e+00
1.000000e+00
1.000000e+00
1.000000e+00
1.000000e+00
1.000000e+00
1.000000e+00
1.000000e+00
1.000000e+00
1.000000e+00
1.000000e+00
1.000000e+00
1.000000e+00
1.000000e+00
1.000000e+00
1.000000e+00
1.000000e+00
1.000000e+00
1.000000e+00
1.000000e+00
1.000000e+00
1.000000e+00
1.000000e+00
1.000000e+00
1.000000e+00
1.000000e+00
1.000000e+00
1.000000e+00
1.000000e+00
1.000000e+00
1.000000e+00
1.000000e+00
1.000000e+00
1.000000e+00
1.000000e+00
1.000000e+00
1.000000e+00
1.000000e+00
1.000000e+00
1.000000e+00
1.000000e+00
1.000000e+00
1.000000e+00
1.000000e+00
1.000000e+00
1.000000e+00
1.000000e+00
1.000000e+00
1.000000e+00
1.000000e+00
1.000000e+00
1.000000e+00
1.000000e+00
1.000000e+00
1.000000e+00
1.000000e+00
1.000000e+00
1.000000e+00
1.000000e+00
1.000000e+00
1.000000e+00
1.000000e+00
1.000000e+00
1.000000e+00
1.000000e+00
1.000000e+00
1.000000e+00
1.000000e+00
1.000000e+00
1.000000e+00
1.000000e+00
1.000000e+00
1.000000e+00
1.000000e+00
1.000000e+00
1.000000e+00
1.000000e+00
1.000000e+00
1.000000e+00
1.000000e+00
1.000000e+00
1.000000e+00
1.000000e+00
1.000000e+00
1.000000e+00
1.000000e+00
1.000000e+00
1.000000e+00
1.000000e+00
1.000000e+00
1.000000e+00
1.000000e+00
1.000000e+00
1.000000e+00
9.999999e-01
9.999999e-01
9.999998e-01
9.999997e-01
9.999995e-01
9.999992e-01
9.999987e-01
9.999978e-01
9.999964e-01
9.999940e-01
9.999901e-01
9.999837e-01
9.999731e-01
9.999557e-01
9.999270e-01
9.998797e-01
9.998016e-01
9.996729e-01
9.994609e-01
9.991114e-01
9.985358e-01
9.975883e-01
9.960300e-01
9.934713e-01
9.892814e-01
9.824501e-01
9.713908e-01
9.536909e-01
9.258759e-01
8.833970e-01
8.212736e-01
7.359454e-01
6.283162e-01
5.062497e-01
3.834335e-01
2.738850e-01
1.861838e-01
1.218529e-01
7.762947e-02
4.856816e-02
3.003199e-02
1.843314e-02
1.126195e-02
6.861119e-03
4.172744e-03
2.535059e-03
1.539127e-03
9.340931e-04
5.667645e-04
3.438367e-04
2.085757e-04
1.265179e-04
7.674087e-05
4.654707e-05
2.823278e-05
1.712422e-05
1.038646e-05
6.299719e-06
3.821009e-06
2.317552e-06
1.405691e-06
8.525880e-07
5.171416e-07
3.136579e-07
1.902619e-07
1.153973e-07
7.000938e-08
4.246214e-08
2.577084e-08
1.563152e-08
9.496384e-09
5.761751e-09
3.509390e-09
2.131475e-09
1.306989e-09
7.965362e-10
4.968991e-10
3.059679e-10
1.990402e-10
1.259963e-10
8.964351e-11
6.026124e-11
4.959760e-11
3.653028e-11
3.507911e-11
2.823375e-11
2.996409e-11
2.559924e-11
2.831840e-11
2.503453e-11
2.795725e-11
2.521916e-11
2.807499e-11
2.566869e-11
2.837430e-11
2.620659e-11
2.874423e-11
2.676781e-11
2.914363e-11
2.733047e-11
2.955602e-11
2.788625e-11
2.997480e-11
2.843276e-11
3.039718e-11
2.896966e-11
3.082135e-11
2.949713e-11
3.124662e-11
3.001599e-11
3.167216e-11
3.052636e-11
3.209721e-11
3.102874e-11
3.252154e-11
3.152312e-11
3.294426e-11
3.201023e-11
3.336520e-11
3.249012e-11
3.378420e-11
3.296308e-11
3.420098e-11
3.342909e-11
3.461498e-11
3.388889e-11
3.502615e-11
3.434170e-11
3.543388e-11
3.478828e-11
3.583861e-11
3.522876e-11
3.624001e-11
3.566314e-11
3.663725e-11
3.609085e-11
3.703077e-11
3.651279e-11
3.742046e-11
3.692857e-11
3.780604e-11
3.733852e-11
3.818762e-11
3.774270e-11
3.856432e-11
3.814088e-11
3.893702e-11
3.853262e-11
3.930517e-11
3.891909e-11
3.966860e-11
3.929940e-11
4.002743e-11
3.967399e-11
4.038159e-11
4.004264e-11
4.073097e-11
4.040557e-11
4.107548e-11
4.076289e-11
4.141498e-11
4.111400e-11
4.174955e-11
4.145972e-11
4.207906e-11
4.179923e-11
4.240308e-11
4.213258e-11
4.272188e-11
4.245998e-11
4.303458e-11
4.278083e-11
4.334205e-11
4.309580e-11
4.364387e-11
4.340428e-11
4.393946e-11
4.370637e-11
4.422940e-11
4.400186e-11
4.451334e-11
4.429113e-11
4.479100e-11
4.457362e-11
4.506279e-11
4.484962e-11
4.532835e-11
4.511930e-11
4.558753e-11
4.538236e-11
4.584066e-11
4.563844e-11
4.608741e-11
4.588829e-11
4.632811e-11
4.613149e-11
4.656259e-11
4.636846e-11
4.679035e-11
4.659789e-11
4.701184e-11
4.682138e-11
4.722656e-11
4.703754e-11
4.743511e-11
4.724704e-11
4.763678e-11
4.744982e-11
4.783174e-11
4.764528e-11
4.801987e-11
4.783379e-11
4.820133e-11
4.801565e-11
4.837608e-11
4.819034e-11
4.854434e-11
4.835848e-11
4.870554e-11
4.851930e-11
4.885986e-11
4.867301e-11
4.900746e-11
4.882006e-11
4.914819e-11
4.895984e-11
4.928241e-11
4.909306e-11
4.940981e-11
4.921918e-11
4.953005e-11
4.933792e-11
4.964334e-11
4.944967e-11
4.974932e-11
4.955408e-11
4.984863e-11
4.965139e-11
4.994083e-11
4.974166e-11
5.002587e-11
4.982453e-11
5.010392e-11
4.989986e-11
5.017442e-11
4.996831e-11
5.023804e-11
5.002931e-11
5.029460e-11
5.008327e-11
5.034428e-11
5.012990e-11
5.038647e-11
5.016937e-11
5.042161e-11
5.020129e-11
5.044931e-11
5.022593e-11
5.047013e-11
5.024348e-11
5.048389e-11
5.025408e-11
5.049039e-11
