5.776979e-11
5.800194e-11
5.776463e-11
5.799294e-11
5.775125e-11
5.797551e-11
5.772971e-11
5.795037e-11
5.770007e-11
5.791700e-11
5.766188e-11
5.787537e-11
5.761597e-11
5.782591e-11
5.756151e-11
5.776812e-11
5.749889e-11
5.770284e-11
5.742840e-11
5.762923e-11
5.734957e-11
5.754730e-11
5.726253e-11
5.745759e-11
5.716749e-11
5.736012e-11
5.706452e-11
5.725465e-11
5.695322e-11
5.714096e-11
5.683376e-11
5.701911e-11
5.670625e-11
5.688922e-11
5.657008e-11
5.675155e-11
5.642614e-11
5.660572e-11
5.627399e-11
5.645207e-11
5.611372e-11
5.629025e-11
5.594525e-11
5.612077e-11
5.576889e-11
5.594314e-11
5.558454e-11
5.575779e-11
5.539197e-11
5.556489e-11
5.519130e-11
5.536360e-11
5.498274e-11
5.515433e-11
5.476575e-11
5.493733e-11
5.454104e-11
5.471262e-11
5.430795e-11
5.448003e-11
5.406753e-11
5.423995e-11
5.381867e-11
5.399226e-11
5.356227e-11
5.373674e-11
5.329764e-11
5.347384e-11
5.302520e-11
5.320311e-11
5.274514e-11
5.292516e-11
5.245754e-11
5.263978e-11
5.216183e-11
5.234663e-11
5.185868e-11
5.204676e-11
5.154782e-11
5.173917e-11
5.122902e-11
5.142486e-11
5.090317e-11
5.110296e-11
5.056916e-11
5.077355e-11
5.022788e-11
5.043765e-11
4.987921e-11
5.009482e-11
4.952327e-11
4.974510e-11
4.915968e-11
4.938838e-11
4.878886e-11
4.902484e-11
4.841061e-11
4.865458e-11
4.802492e-11
4.827794e-11
4.763218e-11
4.789480e-11
4.723250e-11
4.750561e-11
4.682604e-11
4.711009e-11
4.641232e-11
4.670880e-11
4.599193e-11
4.630152e-11
4.556489e-11
4.588868e-11
4.513101e-11
4.547007e-11
4.469031e-11
4.504580e-11
4.424283e-11
4.461587e-11
4.378864e-11
4.418110e-11
4.332779e-11
4.374068e-11
4.286027e-11
4.329520e-11
4.238604e-11
4.284484e-11
4.190481e-11
4.238959e-11
4.141698e-11
4.192952e-11
4.092215e-11
4.146516e-11
4.042056e-11
4.099604e-11
3.991207e-11
4.052303e-11
3.939687e-11
4.004624e-11
3.887451e-11
3.956557e-11
3.834544e-11
3.908168e-11
3.780909e-11
3.859441e-11
3.726519e-11
3.810491e-11
3.671446e-11
3.761236e-11
3.615569e-11
3.711781e-11
3.558948e-11
3.662187e-11
3.501516e-11
3.612488e-11
3.443290e-11
3.562717e-11
3.384187e-11
3.512962e-11
3.324163e-11
3.463246e-11
3.263206e-11
3.413719e-11
3.201223e-11
3.364492e-11
3.138290e-11
3.315859e-11
3.074618e-11
3.268491e-11
3.010991e-11
3.224004e-11
2.949690e-11
3.186518e-11
2.897155e-11
3.167144e-11
2.871092e-11
3.195610e-11
2.919898e-11
3.352502e-11
3.175604e-11
3.856249e-11
3.997502e-11
5.300294e-11
6.362794e-11
9.297108e-11
1.292846e-10
2.022890e-10
3.091777e-10
5.000694e-10
7.996674e-10
1.310081e-09
2.134527e-09
3.512402e-09
5.764724e-09
9.499317e-09
1.563441e-08
2.577370e-08
4.246495e-08
7.001215e-08
1.154000e-07
1.902646e-07
3.136605e-07
5.171442e-07
8.525906e-07
1.405693e-06
2.317555e-06
3.821011e-06
6.299722e-06
1.038646e-05
1.712422e-05
2.823278e-05
4.654707e-05
7.674087e-05
1.265179e-04
2.085757e-04
3.438367e-04
5.667645e-04
9.340931e-04
1.539127e-03
2.535059e-03
4.172744e-03
6.861119e-03
1.126195e-02
1.843314e-02
3.003199e-02
4.856816e-02
7.762947e-02
1.218529e-01
1.861838e-01
2.738850e-01
3.834335e-01
5.062497e-01
6.283162e-01
7.359454e-01
8.212736e-01
8.833970e-01
9.258759e-01
9.536909e-01
9.713908e-01
9.824501e-01
9.892814e-01
9.934713e-01
9.960300e-01
9.975883e-01
9.985358e-01
9.991114e-01
9.994609e-01
9.996729e-01
9.998016e-01
9.998797e-01
9.999270e-01
9.999557e-01
9.999731e-01
9.999837e-01
9.999901e-01
9.999940e-01
9.999964e-01
9.999978e-01
9.999987e-01
9.999992e-01
9.999995e-01
9.999997e-01
9.999998e-01
9.999999e-01
9.999999e-01
1.000000e+00
1.000000e+00
1.000000e+00
1.000000e+00
1.000000e+00
1.000000e+00
1.000000e+00
1.000000e+00
1.000000e+00
1.000000e+00
1.000000e+00
1.000000e+00
1.000000e+00
1.000000e+00
1.000000e+00
1.000000e+00
1.000000e+00
1.000000e+00
1.000000e+00
1.000000e+00
1.000000e+00
1.000000e+00
1.000000e+00
1.000000e+00
1.000000e+00
1.000000e+00
1.000000e+00
1.000000e+00
1.000000e+00
1.000000e+00
1.000000e+00
1.000000e+00
1.000000e+00
1.000000e+00
1.000000e+00
1.000000e+00
1.000000e+00
1.000000e+00
1.000000e+00
1.000000e+00
1.000000e+00
1.000000e+00
1.000000e+00
1.000000e+00
1.000000e+00
1.000000e+00
1.000000e+00
1.000000e+00
1.000000e+00
1.000000e+00
1.000000e+00
1.000000e+00
1.000000e+00
1.000000e+00
1.000000e+00
1.000000e+00
1.000000e+00
1.000000e+00
1.000000e+00
1.000000e+00
1.000000e+00
1.000000e+00
1.000000e+00
1.000000e+00
1.000000e+00
1.000000e+00
1.000000e+00
1.000000e+00
1.000000e+00
1.000000e+00
1.000000e+00
1.000000e+00
1.000000e+00
1.000000e+00
1.000000e+00
1.000000e+00
1.000000e+00
1.000000e+00
1.000000e+00
1.000000e+00
1.000000e+00
1.000000e+00
1.000000e+00
1.000000e+00
1.000000e+00
1.000000e+00
1.000000e+00
1.000000e+00
1.000000e+00
1.000000e+00
1.000000e+00
1.000000e+00
1.000000e+00
1.000000e+00
1.000000e+00
1.000000e+00
1.000000e+00
1.000000e+00
1.000000e+00
1.000000e+00
1.000000e+00
1.000000e+00
1.000000e+00
1.000000e+00
1.000000e+00
1.000000e+00
1.000000e+00
1.000000e+00
1.000000e+00
1.000000e+00
1.000000e+00
1.000000e+00
1.000000e+00
1.000000e+00
1.000000e+00
1.000000e+00
1.000000e+00
1.000000e+00
1.000000e+00
1.000000e+00
1.000000e+00
1.000000e+00
1.000000e+00
1.000000e+00
1.000000e+00
1.000000e+00
1.000000e+00
1.000000e+00
1.000000e+00
1.000000e+00
1.000000e+00
1.000000e+00
1.000000e+00
1.000000e+00
1.000000e+00
1.000000e+00
1.000000e+00
1.000000e+00
1.000000e+00
1.000000e+00
1.000000e+00
1.000000e+00
1.000000e+00
1.000000e+00
1.000000e+00
1.000000e+00
1.000000e+00
1.000000e+00
1.000000e+00
1.000000e+00
1.000000e+00
1.000000e+00
1.000000e+00
1.000000e+00
1.000000e+00
1.000000e+00
1.000000e+00
1.000000e+00
1.000000e+00
1.000000e+00
1.000000e+00
1.000000e+00
1.000000e+00
1.000000e+00
1.000000e+00
1.000000e+00
1.000000e+00
1.000000e+00
1.000000e+00
1.000000e+00
1.000000e+00
1.000000e+00
1.000000e+00
1.000000e+00
1.000000e+00
1.000000e+00
1.000000e+00
1.000000e+00
1.000000e+00
1.000000e+00
1.000000e+00
1.000000e+00
1.000000e+00
1.000000e+00
1.000000e+00
1.000000e+00
1.000000e+00
1.000000e+00
1.000000e+00
1.000000e+00
1.000000e+00
1.000000e+00
1.000000e+00
1.000000e+00
1.000000e+00
1.000000e+00
1.000000e+00
1.000000e+00
1.000000e+00
1.000000e+00
1.000000e+00
1.000000e+00
1.000000e+00
1.000000e+00
1.000000e+00
1.000000e+00
1.000000e+00
1.000000e+00
1.000000e+00
1.000000e+00
1.000000e+00
1.000000e+00
1.000000e+00
1.000000e+00
1.000000e+00
1.000000e+00
1.000000e+00
1.000000e+00
1.000000e+00
1.000000e+00
1.000000e+00
1.000000e+00
1.000000e+00
1.000000e+00
1.000000e+00
1.000000e+00
1.000000e+00
1.000000e+00
1.000000e+00
1.000000e+00
1.000000e+00
1.000000e+00
1.000000e+00
1.000000e+00
1.000000e+00
1.000000e+00
1.000000e+00
1.000000e+00
1.000000e+00
1.000000e+00
1.000000e+00
1.000000e+00
1.000000e+00
1.000000e+00
1.000000e+00
1.000000e+00
1.000000e+00
1.000000e+00
1.000000e+00
1.000000e+00
1.000000e+00
1.000000e+00
1.000000e+00
1.000000e+00
1.000000e+00
1.000000e+00
1.000000e+00
1.000000e+00
1.000000e+00
1.000000e+00
1.000000e+00
1.000000e+00
1.000000e+00
1.000000e+00
1.000000e+00
1.000000e+00
1.000000e+00
1.000000e+00
1.000000e+00
1.000000e+00
1.000000e+00
1.000000e+00
1.000000e+00
1.000000e+00
1.000000e+00
1.000000e+00
1.000000e+00
1.000000e+00
1.000000e+00
1.000000e+00
1.000000e+00
1.000000e+00
1.000000e+00
1.000000e+00
1.000000e+00
1.000000e+00
1.000000e+00
1.000000e+00
1.000000e+00
1.000000e+00
1.000000e+00
1.000000e+00
1.000000e+00
1.000000e+00
1.000000e+00
1.000000e+00
1.000000e+00
1.000000e+00
1.000000e+00
1.000000e+00
1.000000e+00
1.000000e+00
1.000000e+00
1.000000e+00
1.000000e+00
1.000000e+00
1.000000e+00
1.000000e+00
1.000000e+00
1.000000e+00
1.000000e+00
1.000000e+00
1.000000e+00
1.000000e+00
1.000000e+00
1.000000e+00
1.000000e+00
1.000000e+00
1.000000e+00
1.000000e+00
1.000000e+00
1.000000e+00
1.000000e+00
1.000000e+00
1.000000e+00
1.000000e+00
1.000000e+00
1.000000e+00
1.000000e+00
1.000000e+00
1.000000e+00
1.000000e+00
1.000000e+00
1.000000e+00
1.000000e+00
1.000000e+00
1.000000e+00
1.000000e+00
1.000000e+00
1.000000e+00
1.000000e+00
1.000000e+00
1.000000e+00
1.000000e+00
1.000000e+00
1.000000e+00
1.000000e+00
1.000000e+00
1.000000e+00
1.000000e+00
1.000000e+00
1.000000e+00
1.000000e+00
1.000000e+00
1.000000e+00
1.000000e+00
1.000000e+00
1.000000e+00
1.000000e+00
1.000000e+00
1.000000e+00
1.000000e+00
1.000000e+00
1.000000e+00
1.000000e+00
1.000000e+00
1.000000e+00
1.000000e+00
1.000000e+00
1.000000e+00
1.000000e+00
1.000000e+00
1.000000e+00
1.000000e+00
1.000000e+00
1.000000e+00
1.000000e+00
1.000000e+00
1.000000e+00
1.000000e+00
1.000000e+00
1.000000e+00
1.000000e+00
1.000000e+00
1.000000e+00
1.000000e+00
1.000000e+00
1.000000e+00
1.000000e+00
1.000000e+00
1.000000e+00
1.000000e+00
1.000000e+00
1.000000e+00
1.000000e+00
1.000000e+00
1.000000e+00
1.000000e+00
1.000000e+00
1.000000e+00
1.000000e+00
1.000000e+00
1.000000e+00
1.000000e+00
1.000000e+00
1.000000e+00
1.000000e+00
1.000000e+00
1.000000e+00
1.000000e+00
1.000000e+00
1.000000e+00
1.000000e+00
1.000000e+00
1.000000e+00
1.000000e+00
1.000000e+00
1.000000e+00
1.000000e+00
1.000000e+00
1.000000e+00
1.000000e+00
1.000000e+00
1.000000e+00
1.000000e+00
1.000000e+00
1.000000e+00
1.000000e+00
1.000000e+00
1.000000e+00
1.000000e+00
1.000000e+00
1.000000e+00
1.000000e+00
1.000000e+00
1.000000e+00
1.000000e+00
1.000000e+00
1.000000e+00
1.000000e+00
1.000000e+00
1.000000e+00
1.000000e+00
1.000000e+00
1.000000e+00
1.000000e+00
1.000000e+00
1.000000e+00
1.000000e+00
1.000000e+00
1.000000e+00
1.000000e+00
1.000000e+00
1.000000e+00
1.000000e+00
1.000000e+00
1.000000e+00
1.000000e+00
1.000000e+00
1.000000e+00
1.000000e+00
1.000000e+00
1.000000e+00
1.000000e+00
1.000000e+00
1.000000e+00
1.000000e+00
1.000000e+00
1.000000e+00
1.000000e+00
1.000000e+00
1.000000e+00
1.000000e+00
1.000000e+00
1.000000e+00
1.000000e+00
1.000000e+00
1.000000e+00
1.000000e+00
1.000000e+00
1.000000e+00
1.000000e+00
1.000000e+00
1.000000e+00
1.000000e+00
1.000000e+00
1.000000e+00
1.000000e+00
1.000000e+00
1.000000e+00
1.000000e+00
1.000000e+00
1.000000e+00
1.000000e+00
1.000000e+00
1.000000e+00
1.000000e+00
9.999999e-01
9.999999e-01
9.999998e-01
9.999997e-01
9.999995e-01
9.999992e-01
9.999987e-01
9.999978e-01
9.999964e-01
9.999940e-01
9.999901e-01
9.999837e-01
9.999731e-01
9.999557e-01
9.999270e-01
9.998797e-01
9.998016e-01
9.996729e-01
9.994609e-01
9.991114e-01
9.985358e-01
9.975883e-01
9.960300e-01
9.934713e-01
9.892814e-01
9.824501e-01
9.713908e-01
9.536909e-01
9.258759e-01
8.833970e-01
8.212736e-01
7.359454e-01
6.283162e-01
5.062497e-01
3.834335e-01
2.738850e-01
1.861838e-01
1.218529e-01
7.762947e-02
4.856816e-02
3.003199e-02
1.843314e-02
1.126195e-02
6.861119e-03
4.172744e-03
2.535059e-03
1.539127e-03
9.340931e-04
5.667645e-04
3.438367e-04
2.085757e-04
1.265179e-04
7.674087e-05
4.654707e-05
2.823278e-05
1.712422e-05
1.038646e-05
6.299722e-06
3.821011e-06
2.317555e-06
1.405693e-06
8.525906e-07
5.171443e-07
3.136605e-07
1.902646e-07
1.154001e-07
7.001218e-08
4.246498e-08
2.577373e-08
1.563444e-08
9.499349e-09
5.764758e-09
3.512438e-09
2.134564e-09
1.310119e-09
7.997067e-10
5.001100e-10
3.092198e-10
2.023323e-10
1.293292e-10
9.301665e-11
6.367457e-11
5.305062e-11
4.002393e-11
3.861222e-11
3.180672e-11
3.357642e-11
2.925132e-11
3.200967e-11
2.876516e-11
3.172679e-11
2.902767e-11
3.192208e-11
2.955475e-11
3.229850e-11
3.016931e-11
3.274520e-11
3.080741e-11
3.322065e-11
3.144562e-11
3.370859e-11
3.207673e-11
3.420247e-11
3.269796e-11
3.469913e-11
3.330902e-11
3.519740e-11
3.391026e-11
3.569600e-11
3.450196e-11
3.619421e-11
3.508488e-11
3.669137e-11
3.565881e-11
3.718703e-11
3.622447e-11
3.768058e-11
3.678202e-11
3.817174e-11
3.733158e-11
3.866019e-11
3.787359e-11
3.914558e-11
3.840805e-11
3.962736e-11
3.893519e-11
4.010575e-11
3.945499e-11
4.058009e-11
3.996797e-11
4.105055e-11
4.047385e-11
4.151690e-11
4.097245e-11
4.197848e-11
4.146428e-11
4.243528e-11
4.194906e-11
4.288764e-11
4.242706e-11
4.333495e-11
4.289835e-11
4.377748e-11
4.336315e-11
4.421474e-11
4.382100e-11
4.464684e-11
4.427242e-11
4.507372e-11
4.471690e-11
4.549494e-11
4.515460e-11
4.591094e-11
4.558576e-11
4.632117e-11
4.600997e-11
4.672562e-11
4.642781e-11
4.712436e-11
4.683887e-11
4.751755e-11
4.724343e-11
4.790474e-11
4.764106e-11
4.828582e-11
4.803180e-11
4.866069e-11
4.841599e-11
4.902928e-11
4.879269e-11
4.939166e-11
4.916234e-11
4.974710e-11
4.952483e-11
5.009593e-11
4.987988e-11
5.043793e-11
5.022766e-11
5.077294e-11
5.056783e-11
5.110096e-11
5.090095e-11
5.142203e-11
5.122636e-11
5.173628e-11
5.154421e-11
5.204293e-11
5.185447e-11
5.234246e-11
5.215717e-11
5.263467e-11
5.245243e-11
5.291995e-11
5.273992e-11
5.319800e-11
5.302020e-11
5.346840e-11
5.329220e-11
5.373157e-11
5.355699e-11
5.398709e-11
5.381345e-11
5.423517e-11
5.406231e-11
5.447526e-11
5.430351e-11
5.470835e-11
5.453699e-11
5.493356e-11
5.476203e-11
5.515088e-11
5.497985e-11
5.536077e-11
5.518913e-11
5.556278e-11
5.539058e-11
5.575712e-11
5.558420e-11
5.594336e-11
5.576944e-11
5.612139e-11
5.594664e-11
5.629186e-11
5.611578e-11
5.645456e-11
5.627704e-11
5.660922e-11
5.642997e-11
5.675566e-11
5.657486e-11
5.689421e-11
5.671130e-11
5.702466e-11
5.683976e-11
5.714729e-11
5.696016e-11
5.726203e-11
5.707240e-11
5.736850e-11
5.717649e-11
5.746670e-11
5.727158e-11
5.755646e-11
5.735862e-11
5.763806e-11
5.743739e-11
5.771178e-11
5.750789e-11
5.777712e-11
5.757012e-11
5.783435e-11
5.762374e-11
5.788298e-11
5.766904e-11
5.792355e-11
5.770606e-11
5.795603e-11
5.773471e-11
5.797995e-11
5.775508e-11
5.799566e-11
5.776651e-11
5.800288e-11
