4.378842e-11
4.402140e-11
4.378403e-11
4.401374e-11
4.377382e-11
4.400069e-11
4.375705e-11
4.398154e-11
4.373463e-11
4.395617e-11
4.370582e-11
4.392503e-11
4.367051e-11
4.388750e-11
4.362954e-11
4.384393e-11
4.358230e-11
4.379486e-11
4.352885e-11
4.373923e-11
4.346917e-11
4.367762e-11
4.340339e-11
4.361056e-11
4.333206e-11
4.353695e-11
4.325390e-11
4.345779e-11
4.316980e-11
4.337208e-11
4.307982e-11
4.328105e-11
4.298334e-11
4.318351e-11
4.288064e-11
4.307982e-11
4.277217e-11
4.297041e-11
4.265727e-11
4.285522e-11
4.253636e-11
4.273354e-11
4.240946e-11
4.260614e-11
4.227579e-11
4.247253e-11
4.213629e-11
4.233314e-11
4.199069e-11
4.218803e-11
4.183881e-11
4.203665e-11
4.168110e-11
4.187906e-11
4.151685e-11
4.171602e-11
4.134676e-11
4.154677e-11
4.117062e-11
4.137207e-11
4.098832e-11
4.119127e-11
4.080009e-11
4.100509e-11
4.060580e-11
4.081258e-11
4.040523e-11
4.061440e-11
4.019884e-11
4.041062e-11
3.998640e-11
4.020184e-11
3.976869e-11
3.998690e-11
3.954453e-11
3.976647e-11
3.931450e-11
3.954048e-11
3.907891e-11
3.930922e-11
3.883749e-11
3.907247e-11
3.858985e-11
3.883005e-11
3.833661e-11
3.858225e-11
3.807765e-11
3.832967e-11
3.781342e-11
3.807171e-11
3.754286e-11
3.780876e-11
3.726691e-11
3.754019e-11
3.698547e-11
3.726724e-11
3.669809e-11
3.698886e-11
3.640521e-11
3.670575e-11
3.610706e-11
3.641781e-11
3.580319e-11
3.612555e-11
3.549483e-11
3.582867e-11
3.518053e-11
3.552758e-11
3.486117e-11
3.522227e-11
3.453687e-11
3.491291e-11
3.420753e-11
3.459977e-11
3.387279e-11
3.428224e-11
3.353307e-11
3.396039e-11
3.318773e-11
3.363548e-11
3.283734e-11
3.330630e-11
3.248185e-11
3.297390e-11
3.212097e-11
3.263773e-11
3.175499e-11
3.229850e-11
3.138373e-11
3.195566e-11
3.100681e-11
3.160938e-11
3.062467e-11
3.126055e-11
3.023676e-11
3.090911e-11
2.984402e-11
3.055534e-11
2.944539e-11
3.019923e-11
2.904110e-11
2.984102e-11
2.863115e-11
2.948070e-11
2.821537e-11
2.911943e-11
2.779338e-11
2.875644e-11
2.736494e-11
2.839273e-11
2.693018e-11
2.802930e-11
2.648892e-11
2.766537e-11
2.604028e-11
2.730238e-11
2.558426e-11
2.694006e-11
2.512052e-11
2.658040e-11
2.464823e-11
2.622313e-11
2.416711e-11
2.586992e-11
2.367784e-11
2.552397e-11
2.318190e-11
2.519168e-11
2.268774e-11
2.488920e-11
2.221784e-11
2.465805e-11
2.183631e-11
2.460859e-11
2.172051e-11
2.503908e-11
2.235484e-11
2.675449e-11
2.505879e-11
3.193967e-11
3.342615e-11
4.652839e-11
5.722783e-11
8.664608e-11
1.230345e-10
1.961143e-10
3.030787e-10
4.940461e-10
7.937198e-10
1.304209e-09
2.128732e-09
3.506684e-09
5.759082e-09
9.493752e-09
1.562892e-08
2.576829e-08
4.245962e-08
7.000690e-08
1.153949e-07
1.902595e-07
3.136555e-07
5.171393e-07
8.525857e-07
1.405689e-06
2.317550e-06
3.821006e-06
6.299717e-06
1.038646e-05
1.712421e-05
2.823278e-05
4.654707e-05
7.674087e-05
1.265179e-04
2.085757e-04
3.438366e-04
5.667645e-04
9.340931e-04
1.539127e-03
2.535059e-03
4.172744e-03
6.861119e-03
1.126195e-02
1.843314e-02
3.003199e-02
4.856816e-02
7.762947e-02
1.218529e-01
1.861838e-01
2.738850e-01
3.834335e-01
5.062497e-01
6.283162e-01
7.359454e-01
8.212736e-01
8.833970e-01
9.258759e-01
9.536909e-01
9.713908e-01
9.824501e-01
9.892814e-01
9.934713e-01
9.960300e-01
9.975883e-01
9.985358e-01
9.991114e-01
9.994609e-01
9.996729e-01
9.998016e-01
9.998797e-01
9.999270e-01
9.999557e-01
9.999731e-01
9.999837e-01
9.999901e-01
9.999940e-01
9.999964e-01
9.999978e-01
9.999987e-01
9.999992e-01
9.999995e-01
9.999997e-01
9.999998e-01
9.999999e-01
9.999999e-01
1.000000e+00
1.000000e+00
1.000000e+00
1.000000e+00
1.000000e+00
1.000000e+00
1.000000e+00
1.000000e+00
1.000000e+00
1.000000e+00
1.000000e+00
1.000000e+00
1.000000e+00
1.000000e+00
1.000000e+00
1.000000e+00
1.000000e+00
1.000000e+00
1.000000e+00
1.000000e+00
1.000000e+00
1.000000e+00
1.000000e+00
1.000000e+00
1.000000e+00
1.000000e+00
1.000000e+00
1.000000e+00
1.000000e+00
1.000000e+00
1.000000e+00
1.000000e+00
1.000000e+00
1.000000e+00
1.000000e+00
1.000000e+00
1.000000e+00
1.000000e+00
1.000000e+00
1.000000e+00
1.000000e+00
1.000000e+00
1.000000e+00
1.000000e+00
1.000000e+00
1.000000e+00
1.000000e+00
1.000000e+00
1.000000e+00
1.000000e+00
1.000000e+00
1.000000e+00
1.000000e+00
1.000000e+00
1.000000e+00
1.000000e+00
1.000000e+00
1.000000e+00
1.000000e+00
1.000000e+00
1.000000e+00
1.000000e+00
1.000000e+00
1.000000e+00
1.000000e+00
1.000000e+00
1.000000e+00
1.000000e+00
1.000000e+00
1.000000e+00
1.000000e+00
1.000000e+00
1.000000e+00
1.000000e+00
1.000000e+00
1.000000e+00
1.000000e+00
1.000000e+00
1.000000e+00
1.000000e+00
1.000000e+00
1.000000e+00
1.000000e+00
1.000000e+00
1.000000e+00
1.000000e+00
1.000000e+00
1.000000e+00
1.000000e+00
1.000000e+00
1.000000e+00
1.000000e+00
1.000000e+00
1.000000e+00
1.000000e+00
1.000000e+00
1.000000e+00
1.000000e+00
1.000000e+00
1.000000e+00
1.000000e+00
1.000000e+00
1.000000e+00
1.000000e+00
1.000000e+00
1.000000e+00
1.000000e+00
1.000000e+00
1.000000e+00
1.000000e+00
1.000000e+00
1.000000e+00
1.000000e+00
1.000000e+00
1.000000e+00
1.000000e+00
1.000000e+00
1.000000e+00
1.000000e+00
1.000000e+00
1.000000e+00
1.000000e+00
1.000000e+00
1.000000e+00
1.000000e+00
1.000000e+00
1.000000e+00
1.000000e+00
1.000000e+00
1.000000e+00
1.000000e+00
1.000000e+00
1.000000e+00
1.000000e+00
1.000000e+00
1.000000e+00
1.000000e+00
1.000000e+00
1.000000e+00
1.000000e+00
1.000000e+00
1.000000e+00
1.000000e+00
1.000000e+00
1.000000e+00
1.000000e+00
1.000000e+00
1.000000e+00
1.000000e+00
1.000000e+00
1.000000e+00
1.000000e+00
1.000000e+00
1.000000e+00
1.000000e+00
1.000000e+00
1.000000e+00
1.000000e+00
1.000000e+00
1.000000e+00
1.000000e+00
1.000000e+00
1.000000e+00
1.000000e+00
1.000000e+00
1.000000e+00
1.000000e+00
1.000000e+00
1.000000e+00
1.000000e+00
1.000000e+00
1.000000e+00
1.000000e+00
1.000000e+00
1.000000e+00
1.000000e+00
1.000000e+00
1.000000e+00
1.000000e+00
1.000000e+00
1.000000e+00
1.000000e+00
1.000000e+00
1.000000e+00
1.000000e+00
1.000000e+00
1.000000e+00
1.000000e+00
1.000000e+00
1.000000e+00
1.000000e+00
1.000000e+00
1.000000e+00
1.000000e+00
1.000000e+00
1.000000e+00
1.000000e+00
1.000000e+00
1.000000e+00
1.000000e+00
1.000000e+00
1.000000e+00
1.000000e+00
1.000000e+00
1.000000e+00
1.000000e+00
1.000000e+00
1.000000e+00
1.000000e+00
1.000000e+00
1.000000e+00
1.000000e+00
1.000000e+00
1.000000e+00
1.000000e+00
1.000000e+00
1.000000e+00
1.000000e+00
1.000000e+00
1.000000e+00
1.000000e+00
1.000000e+00
1.000000e+00
1.000000e+00
1.000000e+00
1.000000e+00
1.000000e+00
1.000000e+00
1.000000e+00
1.000000e+00
1.000000e+00
1.000000e+00
1.000000e+00
1.000000e+00
1.000000e+00
1.000000e+00
1.000000e+00
1.000000e+00
1.000000e+00
1.000000e+00
1.000000e+00
1.000000e+00
1.000000e+00
1.000000e+00
1.000000e+00
1.000000e+00
1.000000e+00
1.000000e+00
1.000000e+00
1.000000e+00
1.000000e+00
1.000000e+00
1.000000e+00
1.000000e+00
1.000000e+00
1.000000e+00
1.000000e+00
1.000000e+00
1.000000e+00
1.000000e+00
1.000000e+00
1.000000e+00
1.000000e+00
1.000000e+00
1.000000e+00
1.000000e+00
1.000000e+00
1.000000e+00
1.000000e+00
1.000000e+00
1.000000e+00
1.000000e+00
1.000000e+00
1.000000e+00
1.000000e+00
1.000000e+00
1.000000e+00
1.000000e+00
1.000000e+00
1.000000e+00
1.000000e+00
1.000000e+00
1.000000e+00
1.000000e+00
1.000000e+00
1.000000e+00
1.000000e+00
1.000000e+00
1.000000e+00
1.000000e+00
1.000000e+00
1.000000e+00
1.000000e+00
1.000000e+00
1.000000e+00
1.000000e+00
1.000000e+00
1.000000e+00
1.000000e+00
1.000000e+00
1.000000e+00
1.000000e+00
1.000000e+00
1.000000e+00
1.000000e+00
1.000000e+00
1.000000e+00
1.000000e+00
1.000000e+00
1.000000e+00
1.000000e+00
1.000000e+00
1.000000e+00
1.000000e+00
1.000000e+00
1.000000e+00
1.000000e+00
1.000000e+00
1.000000e+00
1.000000e+00
1.000000e+00
1.000000e+00
1.000000e+00
1.000000e+00
1.000000e+00
1.000000e+00
1.000000e+00
1.000000e+00
1.000000e+00
1.000000e+00
1.000000e+00
1.000000e+00
1.000000e+00
1.000000e+00
1.000000e+00
1.000000e+00
1.000000e+00
1.000000e+00
1.000000e+00
1.000000e+00
1.000000e+00
1.000000e+00
1.000000e+00
1.000000e+00
1.000000e+00
1.000000e+00
1.000000e+00
1.000000e+00
1.000000e+00
1.000000e+00
1.000000e+00
1.000000e+00
1.000000e+00
1.000000e+00
1.000000e+00
1.000000e+00
1.000000e+00
1.000000e+00
1.000000e+00
1.000000e+00
1.000000e+00
1.000000e+00
1.000000e+00
1.000000e+00
1.000000e+00
1.000000e+00
1.000000e+00
1.000000e+00
1.000000e+00
1.000000e+00
1.000000e+00
1.000000e+00
1.000000e+00
1.000000e+00
1.000000e+00
1.000000e+00
1.000000e+00
1.000000e+00
1.000000e+00
1.000000e+00
1.000000e+00
1.000000e+00
1.000000e+00
1.000000e+00
1.000000e+00
1.000000e+00
1.000000e+00
1.000000e+00
1.000000e+00
1.000000e+00
1.000000e+00
1.000000e+00
1.000000e+00
1.000000e+00
1.000000e+00
1.000000e+00
1.000000e+00
1.000000e+00
1.000000e+00
1.000000e+00
1.000000e+00
1.000000e+00
1.000000e+00
1.000000e+00
1.000000e+00
1.000000e+00
1.000000e+00
1.000000e+00
1.000000e+00
1.000000e+00
1.000000e+00
1.000000e+00
1.000000e+00
1.000000e+00
1.000000e+00
1.000000e+00
1.000000e+00
1.000000e+00
1.000000e+00
1.000000e+00
1.000000e+00
1.000000e+00
1.000000e+00
1.000000e+00
1.000000e+00
1.000000e+00
1.000000e+00
1.000000e+00
1.000000e+00
1.000000e+00
1.000000e+00
1.000000e+00
1.000000e+00
1.000000e+00
1.000000e+00
1.000000e+00
1.000000e+00
1.000000e+00
1.000000e+00
1.000000e+00
1.000000e+00
1.000000e+00
1.000000e+00
1.000000e+00
1.000000e+00
1.000000e+00
1.000000e+00
1.000000e+00
1.000000e+00
1.000000e+00
1.000000e+00
1.000000e+00
1.000000e+00
1.000000e+00
1.000000e+00
1.000000e+00
1.000000e+00
1.000000e+00
1.000000e+00
1.000000e+00
1.000000e+00
1.000000e+00
1.000000e+00
1.000000e+00
1.000000e+00
1.000000e+00
1.000000e+00
1.000000e+00
1.000000e+00
1.000000e+00
1.000000e+00
1.000000e+00
1.000000e+00
1.000000e+00
1.000000e+00
1.000000e+00
1.000000e+00
1.000000e+00
1.000000e+00
1.000000e+00
1.000000e+00
1.000000e+00
1.000000e+00
1.000000e+00
1.000000e+00
1.000000e+00
1.000000e+00
1.000000e+00
1.000000e+00
1.000000e+00
1.000000e+00
1.000000e+00
1.000000e+00
1.000000e+00
1.000000e+00
1.000000e+00
1.000000e+00
9.999999e-01
9.999999e-01
9.999998e-01
9.999997e-01
9.999995e-01
9.999992e-01
9.999987e-01
9.999978e-01
9.999964e-01
9.999940e-01
9.999901e-01
9.999837e-01
9.999731e-01
9.999557e-01
9.999270e-01
9.998797e-01
9.998016e-01
9.996729e-01
9.994609e-01
9.991114e-01
9.985358e-01
9.975883e-01
9.960300e-01
9.934713e-01
9.892814e-01
9.824501e-01
9.713908e-01
9.536909e-01
9.258759e-01
8.833970e-01
8.212736e-01
7.359454e-01
6.283162e-01
5.062497e-01
3.834335e-01
2.738850e-01
1.861838e-01
1.218529e-01
7.762947e-02
4.856816e-02
3.003199e-02
1.843314e-02
1.126195e-02
6.861119e-03
4.172744e-03
2.535059e-03
1.539127e-03
9.340931e-04
5.667645e-04
3.438366e-04
2.085757e-04
1.265179e-04
7.674087e-05
4.654707e-05
2.823278e-05
1.712421e-05
1.038646e-05
6.299717e-06
3.821006e-06
2.317550e-06
1.405689e-06
8.525857e-07
5.171393e-07
3.136555e-07
1.902595e-07
1.153949e-07
7.000692e-08
4.245965e-08
2.576832e-08
1.562896e-08
9.493784e-09
5.759115e-09
3.506718e-09
2.128768e-09
1.304247e-09
7.937581e-10
4.940856e-10
3.031194e-10
1.961569e-10
1.230782e-10
8.669099e-11
5.727402e-11
4.657585e-11
3.347422e-11
3.198886e-11
2.510941e-11
2.680584e-11
2.240730e-11
2.509243e-11
2.177480e-11
2.466394e-11
2.189232e-11
2.471479e-11
2.227524e-11
2.494760e-11
2.274703e-11
2.525175e-11
2.324269e-11
2.558564e-11
2.374012e-11
2.593292e-11
2.423128e-11
2.628775e-11
2.471379e-11
2.664646e-11
2.518707e-11
2.700756e-11
2.565209e-11
2.737033e-11
2.610850e-11
2.773393e-11
2.655764e-11
2.809775e-11
2.699874e-11
2.846118e-11
2.743283e-11
2.882383e-11
2.785999e-11
2.918538e-11
2.828088e-11
2.954581e-11
2.869516e-11
2.990413e-11
2.910350e-11
3.026029e-11
2.950534e-11
3.061423e-11
2.990169e-11
3.096562e-11
3.029194e-11
3.131440e-11
3.067674e-11
3.166017e-11
3.105599e-11
3.200323e-11
3.142969e-11
3.234280e-11
3.179762e-11
3.267864e-11
3.216066e-11
3.301170e-11
3.251804e-11
3.334133e-11
3.287093e-11
3.366740e-11
3.321837e-11
3.398987e-11
3.356054e-11
3.430833e-11
3.389777e-11
3.462292e-11
3.422962e-11
3.493400e-11
3.455652e-11
3.524081e-11
3.487843e-11
3.554340e-11
3.519501e-11
3.584227e-11
3.550693e-11
3.613654e-11
3.581335e-11
3.642669e-11
3.611494e-11
3.671230e-11
3.641126e-11
3.699380e-11
3.670225e-11
3.727058e-11
3.698775e-11
3.754236e-11
3.726836e-11
3.780926e-11
3.754302e-11
3.807138e-11
3.781231e-11
3.832823e-11
3.807593e-11
3.858025e-11
3.833384e-11
3.882678e-11
3.858625e-11
3.906830e-11
3.883294e-11
3.930456e-11
3.907369e-11
3.953537e-11
3.930928e-11
3.976047e-11
3.953832e-11
3.998057e-11
3.976214e-11
4.019485e-11
3.998002e-11
4.040424e-11
4.019202e-11
4.060746e-11
4.039824e-11
4.080575e-11
4.059875e-11
4.099793e-11
4.079304e-11
4.118433e-11
4.098166e-11
4.136524e-11
4.116396e-11
4.154099e-11
4.134104e-11
4.171036e-11
4.151168e-11
4.187456e-11
4.167644e-11
4.203232e-11
4.183509e-11
4.218448e-11
4.198797e-11
4.233086e-11
4.213435e-11
4.247092e-11
4.227452e-11
4.260520e-11
4.240863e-11
4.273365e-11
4.253714e-11
4.285605e-11
4.265893e-11
4.297268e-11
4.277473e-11
4.308276e-11
4.288442e-11
4.318740e-11
4.298778e-11
4.328593e-11
4.308504e-11
4.337813e-11
4.317630e-11
4.346457e-11
4.326095e-11
4.354467e-11
4.333989e-11
4.361850e-11
4.341205e-11
4.368650e-11
4.347789e-11
4.374789e-11
4.353762e-11
4.380324e-11
4.359102e-11
4.385303e-11
4.363787e-11
4.389583e-11
4.367862e-11
4.393225e-11
4.371276e-11
4.396300e-11
4.374090e-11
4.398720e-11
4.376233e-11
4.400524e-11
4.377743e-11
4.401679e-11
4.378625e-11
4.402245e-11
