2.911554e-11
2.934830e-11
2.911227e-11
2.934347e-11
2.910511e-11
2.933437e-11
2.909367e-11
2.932132e-11
2.907830e-11
2.930428e-11
2.905870e-11
2.928358e-11
2.903500e-11
2.925821e-11
2.900713e-11
2.922906e-11
2.897538e-11
2.919648e-11
2.893952e-11
2.915979e-11
2.889988e-11
2.911904e-11
2.885592e-11
2.907452e-11
2.880801e-11
2.902589e-11
2.875611e-11
2.897349e-11
2.869982e-11
2.891687e-11
2.863959e-11
2.885658e-11
2.857553e-11
2.879225e-11
2.850686e-11
2.872391e-11
2.843459e-11
2.865153e-11
2.835776e-11
2.857548e-11
2.827749e-11
2.849537e-11
2.819261e-11
2.841161e-11
2.810358e-11
2.832340e-11
2.801065e-11
2.823164e-11
2.791367e-11
2.813577e-11
2.781231e-11
2.803580e-11
2.770689e-11
2.793177e-11
2.759692e-11
2.782402e-11
2.748318e-11
2.771189e-11
2.736528e-11
2.759681e-11
2.724354e-11
2.747741e-11
2.711764e-11
2.735445e-11
2.698780e-11
2.722744e-11
2.685374e-11
2.709710e-11
2.671602e-11
2.696282e-11
2.657413e-11
2.682471e-11
2.642842e-11
2.668327e-11
2.627837e-11
2.653811e-11
2.612444e-11
2.638884e-11
2.596617e-11
2.623596e-11
2.580425e-11
2.607992e-11
2.563821e-11
2.591988e-11
2.546835e-11
2.575623e-11
2.529438e-11
2.558959e-11
2.511663e-11
2.541939e-11
2.493528e-11
2.524608e-11
2.474998e-11
2.506939e-11
2.456085e-11
2.488948e-11
2.436790e-11
2.470618e-11
2.417089e-11
2.451972e-11
2.397044e-11
2.433043e-11
2.376616e-11
2.413847e-11
2.355866e-11
2.394401e-11
2.334744e-11
2.374684e-11
2.313266e-11
2.354655e-11
2.291445e-11
2.334416e-11
2.269285e-11
2.313949e-11
2.246742e-11
2.293227e-11
2.223871e-11
2.272244e-11
2.200623e-11
2.251094e-11
2.177025e-11
2.229666e-11
2.153039e-11
2.208089e-11
2.128703e-11
2.186296e-11
2.104006e-11
2.164319e-11
2.078926e-11
2.142170e-11
2.053419e-11
2.119876e-11
2.027578e-11
2.097439e-11
2.001338e-11
2.074863e-11
1.974676e-11
2.052197e-11
1.947603e-11
2.029443e-11
1.920109e-11
2.006595e-11
1.892148e-11
1.983697e-11
1.863781e-11
1.960854e-11
1.834910e-11
1.937978e-11
1.805589e-11
1.915168e-11
1.775724e-11
1.892464e-11
1.745309e-11
1.869904e-11
1.714351e-11
1.847550e-11
1.682787e-11
1.825429e-11
1.650524e-11
1.803629e-11
1.617600e-11
1.782241e-11
1.583855e-11
1.761369e-11
1.549405e-11
1.741340e-11
1.514444e-11
1.722783e-11
1.479772e-11
1.707334e-11
1.447614e-11
1.699124e-11
1.424444e-11
1.709227e-11
1.427941e-11
1.767392e-11
1.506578e-11
1.954154e-11
1.792266e-11
2.488010e-11
2.644368e-11
3.962353e-11
5.040041e-11
7.989631e-11
1.163628e-10
1.895209e-10
2.965636e-10
4.876102e-10
7.873627e-10
1.297932e-09
2.122534e-09
3.500565e-09
5.753043e-09
9.487793e-09
1.562305e-08
2.576249e-08
4.245390e-08
7.000126e-08
1.153893e-07
1.902540e-07
3.136501e-07
5.171340e-07
8.525805e-07
1.405683e-06
2.317545e-06
3.821001e-06
6.299712e-06
1.038646e-05
1.712421e-05
2.823277e-05
4.654706e-05
7.674086e-05
1.265179e-04
2.085757e-04
3.438366e-04
5.667644e-04
9.340930e-04
1.539127e-03
2.535059e-03
4.172744e-03
6.861119e-03
1.126195e-02
1.843314e-02
3.003199e-02
4.856816e-02
7.762947e-02
1.218529e-01
1.861838e-01
2.738850e-01
3.834335e-01
5.062497e-01
6.283162e-01
7.359454e-01
8.212736e-01
8.833970e-01
9.258759e-01
9.536909e-01
9.713908e-01
9.824501e-01
9.892814e-01
9.934713e-01
9.960300e-01
9.975883e-01
9.985358e-01
9.991114e-01
9.994609e-01
9.996729e-01
9.998016e-01
9.998797e-01
9.999270e-01
9.999557e-01
9.999731e-01
9.999837e-01
9.999901e-01
9.999940e-01
9.999964e-01
9.999978e-01
9.999987e-01
9.999992e-01
9.999995e-01
9.999997e-01
9.999998e-01
9.999999e-01
9.999999e-01
1.000000e+00
1.000000e+00
1.000000e+00
1.000000e+00
1.000000e+00
1.000000e+00
1.000000e+00
1.000000e+00
1.000000e+00
1.000000e+00
1.000000e+00
1.000000e+00
1.000000e+00
1.000000e+00
1.000000e+00
1.000000e+00
1.000000e+00
1.000000e+00
1.000000e+00
1.000000e+00
1.000000e+00
1.000000e+00
1.000000e+00
1.000000e+00
1.000000e+00
1.000000e+00
1.000000e+00
1.000000e+00
1.000000e+00
1.000000e+00
1.000000e+00
1.000000e+00
1.000000e+00
1.000000e+00
1.000000e+00
1.000000e+00
1.000000e+00
1.000000e+00
1.000000e+00
1.000000e+00
1.000000e+00
1.000000e+00
1.000000e+00
1.000000e+00
1.000000e+00
1.000000e+00
1.000000e+00
1.000000e+00
1.000000e+00
1.000000e+00
1.000000e+00
1.000000e+00
1.000000e+00
1.000000e+00
1.000000e+00
1.000000e+00
1.000000e+00
1.000000e+00
1.000000e+00
1.000000e+00
1.000000e+00
1.000000e+00
1.000000e+00
1.000000e+00
1.000000e+00
1.000000e+00
1.000000e+00
1.000000e+00
1.000000e+00
1.000000e+00
1.000000e+00
1.000000e+00
1.000000e+00
1.000000e+00
1.000000e+00
1.000000e+00
1.000000e+00
1.000000e+00
1.000000e+00
1.000000e+00
1.000000e+00
1.000000e+00
1.000000e+00
1.000000e+00
1.000000e+00
1.000000e+00
1.000000e+00
1.000000e+00
1.000000e+00
1.000000e+00
1.000000e+00
1.000000e+00
1.000000e+00
1.000000e+00
1.000000e+00
1.000000e+00
1.000000e+00
1.000000e+00
1.000000e+00
1.000000e+00
1.000000e+00
1.000000e+00
1.000000e+00
1.000000e+00
1.000000e+00
1.000000e+00
1.000000e+00
1.000000e+00
1.000000e+00
1.000000e+00
1.000000e+00
1.000000e+00
1.000000e+00
1.000000e+00
1.000000e+00
1.000000e+00
1.000000e+00
1.000000e+00
1.000000e+00
1.000000e+00
1.000000e+00
1.000000e+00
1.000000e+00
1.000000e+00
1.000000e+00
1.000000e+00
1.000000e+00
1.000000e+00
1.000000e+00
1.000000e+00
1.000000e+00
1.000000e+00
1.000000e+00
1.000000e+00
1.000000e+00
1.000000e+00
1.000000e+00
1.000000e+00
1.000000e+00
1.000000e+00
1.000000e+00
1.000000e+00
1.000000e+00
1.000000e+00
1.000000e+00
1.000000e+00
1.000000e+00
1.000000e+00
1.000000e+00
1.000000e+00
1.000000e+00
1.000000e+00
1.000000e+00
1.000000e+00
1.000000e+00
1.000000e+00
1.000000e+00
1.000000e+00
1.000000e+00
1.000000e+00
1.000000e+00
1.000000e+00
1.000000e+00
1.000000e+00
1.000000e+00
1.000000e+00
1.000000e+00
1.000000e+00
1.000000e+00
1.000000e+00
1.000000e+00
1.000000e+00
1.000000e+00
1.000000e+00
1.000000e+00
1.000000e+00
1.000000e+00
1.000000e+00
1.000000e+00
1.000000e+00
1.000000e+00
1.000000e+00
1.000000e+00
1.000000e+00
1.000000e+00
1.000000e+00
1.000000e+00
1.000000e+00
1.000000e+00
1.000000e+00
1.000000e+00
1.000000e+00
1.000000e+00
1.000000e+00
1.000000e+00
1.000000e+00
1.000000e+00
1.000000e+00
1.000000e+00
1.000000e+00
1.000000e+00
1.000000e+00
1.000000e+00
1.000000e+00
1.000000e+00
1.000000e+00
1.000000e+00
1.000000e+00
1.000000e+00
1.000000e+00
1.000000e+00
1.000000e+00
1.000000e+00
1.000000e+00
1.000000e+00
1.000000e+00
1.000000e+00
1.000000e+00
1.000000e+00
1.000000e+00
1.000000e+00
1.000000e+00
1.000000e+00
1.000000e+00
1.000000e+00
1.000000e+00
1.000000e+00
1.000000e+00
1.000000e+00
1.000000e+00
1.000000e+00
1.000000e+00
1.000000e+00
1.000000e+00
1.000000e+00
1.000000e+00
1.000000e+00
1.000000e+00
1.000000e+00
1.000000e+00
1.000000e+00
1.000000e+00
1.000000e+00
1.000000e+00
1.000000e+00
1.000000e+00
1.000000e+00
1.000000e+00
1.000000e+00
1.000000e+00
1.000000e+00
1.000000e+00
1.000000e+00
1.000000e+00
1.000000e+00
1.000000e+00
1.000000e+00
1.000000e+00
1.000000e+00
1.000000e+00
1.000000e+00
1.000000e+00
1.000000e+00
1.000000e+00
1.000000e+00
1.000000e+00
1.000000e+00
1.000000e+00
1.000000e+00
1.000000e+00
1.000000e+00
1.000000e+00
1.000000e+00
1.000000e+00
1.000000e+00
1.000000e+00
1.000000e+00
1.000000e+00
1.000000e+00
1.000000e+00
1.000000e+00
1.000000e+00
1.000000e+00
1.000000e+00
1.000000e+00
1.000000e+00
1.000000e+00
1.000000e+00
1.000000e+00
1.000000e+00
1.000000e+00
1.000000e+00
1.000000e+00
1.000000e+00
1.000000e+00
1.000000e+00
1.000000e+00
1.000000e+00
1.000000e+00
1.000000e+00
1.000000e+00
1.000000e+00
1.000000e+00
1.000000e+00
1.000000e+00
1.000000e+00
1.000000e+00
1.000000e+00
1.000000e+00
1.000000e+00
1.000000e+00
1.000000e+00
1.000000e+00
1.000000e+00
1.000000e+00
1.000000e+00
1.000000e+00
1.000000e+00
1.000000e+00
1.000000e+00
1.000000e+00
1.000000e+00
1.000000e+00
1.000000e+00
1.000000e+00
1.000000e+00
1.000000e+00
1.000000e+00
1.000000e+00
1.000000e+00
1.000000e+00
1.000000e+00
1.000000e+00
1.000000e+00
1.000000e+00
1.000000e+00
1.000000e+00
1.000000e+00
1.000000e+00
1.000000e+00
1.000000e+00
1.000000e+00
1.000000e+00
1.000000e+00
1.000000e+00
1.000000e+00
1.000000e+00
1.000000e+00
1.000000e+00
1.000000e+00
1.000000e+00
1.000000e+00
1.000000e+00
1.000000e+00
1.000000e+00
1.000000e+00
1.000000e+00
1.000000e+00
1.000000e+00
1.000000e+00
1.000000e+00
1.000000e+00
1.000000e+00
1.000000e+00
1.000000e+00
1.000000e+00
1.000000e+00
1.000000e+00
1.000000e+00
1.000000e+00
1.000000e+00
1.000000e+00
1.000000e+00
1.000000e+00
1.000000e+00
1.000000e+00
1.000000e+00
1.000000e+00
1.000000e+00
1.000000e+00
1.000000e+00
1.000000e+00
1.000000e+00
1.000000e+00
1.000000e+00
1.000000e+00
1.000000e+00
1.000000e+00
1.000000e+00
1.000000e+00
1.000000e+00
1.000000e+00
1.000000e+00
1.000000e+00
1.000000e+00
1.000000e+00
1.000000e+00
1.000000e+00
1.000000e+00
1.000000e+00
1.000000e+00
1.000000e+00
1.000000e+00
1.000000e+00
1.000000e+00
1.000000e+00
1.000000e+00
1.000000e+00
1.000000e+00
1.000000e+00
1.000000e+00
1.000000e+00
1.000000e+00
1.000000e+00
1.000000e+00
1.000000e+00
1.000000e+00
1.000000e+00
1.000000e+00
1.000000e+00
1.000000e+00
1.000000e+00
1.000000e+00
1.000000e+00
1.000000e+00
1.000000e+00
1.000000e+00
1.000000e+00
1.000000e+00
1.000000e+00
1.000000e+00
1.000000e+00
1.000000e+00
1.000000e+00
1.000000e+00
1.000000e+00
1.000000e+00
1.000000e+00
1.000000e+00
1.000000e+00
1.000000e+00
1.000000e+00
1.000000e+00
1.000000e+00
1.000000e+00
1.000000e+00
1.000000e+00
1.000000e+00
1.000000e+00
1.000000e+00
1.000000e+00
1.000000e+00
1.000000e+00
1.000000e+00
1.000000e+00
1.000000e+00
1.000000e+00
1.000000e+00
1.000000e+00
1.000000e+00
1.000000e+00
1.000000e+00
1.000000e+00
1.000000e+00
1.000000e+00
1.000000e+00
1.000000e+00
1.000000e+00
1.000000e+00
1.000000e+00
1.000000e+00
1.000000e+00
1.000000e+00
1.000000e+00
1.000000e+00
1.000000e+00
1.000000e+00
1.000000e+00
1.000000e+00
1.000000e+00
1.000000e+00
1.000000e+00
1.000000e+00
1.000000e+00
1.000000e+00
1.000000e+00
1.000000e+00
1.000000e+00
1.000000e+00
1.000000e+00
1.000000e+00
1.000000e+00
1.000000e+00
1.000000e+00
1.000000e+00
1.000000e+00
1.000000e+00
9.999999e-01
9.999999e-01
9.999998e-01
9.999997e-01
9.999995e-01
9.999992e-01
9.999987e-01
9.999978e-01
9.999964e-01
9.999940e-01
9.999901e-01
9.999837e-01
9.999731e-01
9.999557e-01
9.999270e-01
9.998797e-01
9.998016e-01
9.996729e-01
9.994609e-01
9.991114e-01
9.985358e-01
9.975883e-01
9.960300e-01
9.934713e-01
9.892814e-01
9.824501e-01
9.713908e-01
9.536909e-01
9.258759e-01
8.833970e-01
8.212736e-01
7.359454e-01
6.283162e-01
5.062497e-01
3.834335e-01
2.738850e-01
1.861838e-01
1.218529e-01
7.762947e-02
4.856816e-02
3.003199e-02
1.843314e-02
1.126195e-02
6.861119e-03
4.172744e-03
2.535059e-03
1.539127e-03
9.340930e-04
5.667644e-04
3.438366e-04
2.085757e-04
1.265179e-04
7.674086e-05
4.654706e-05
2.823277e-05
1.712421e-05
1.038646e-05
6.299712e-06
3.821001e-06
2.317545e-06
1.405683e-06
8.525805e-07
5.171340e-07
3.136501e-07
1.902541e-07
1.153893e-07
7.000129e-08
4.245393e-08
2.576252e-08
1.562308e-08
9.487825e-09
5.753077e-09
3.500601e-09
2.122571e-09
1.297970e-09
7.874025e-10
4.876511e-10
2.966061e-10
1.895647e-10
1.164081e-10
7.994266e-11
5.044798e-11
3.967232e-11
2.649342e-11
2.493067e-11
1.797418e-11
1.959399e-11
1.511913e-11
1.772843e-11
1.433476e-11
1.714839e-11
1.430156e-11
1.704892e-11
1.453471e-11
1.713268e-11
1.485773e-11
1.728878e-11
1.520628e-11
1.747591e-11
1.555767e-11
1.767786e-11
1.590356e-11
1.788814e-11
1.624251e-11
1.810363e-11
1.657330e-11
1.832273e-11
1.689687e-11
1.854483e-11
1.721334e-11
1.876910e-11
1.752348e-11
1.899486e-11
1.782730e-11
1.922168e-11
1.812511e-11
1.944861e-11
1.841743e-11
1.967598e-11
1.870482e-11
1.990341e-11
1.898676e-11
2.013023e-11
1.926437e-11
2.035622e-11
1.953709e-11
2.058204e-11
1.980571e-11
2.080608e-11
2.006978e-11
2.102940e-11
2.032968e-11
2.125128e-11
2.058542e-11
2.147132e-11
2.083728e-11
2.168971e-11
2.108486e-11
2.190631e-11
2.132905e-11
2.212130e-11
2.156936e-11
2.233436e-11
2.180622e-11
2.254552e-11
2.203937e-11
2.275458e-11
2.226902e-11
2.296097e-11
2.249478e-11
2.316525e-11
2.271727e-11
2.336764e-11
2.293615e-11
2.356709e-11
2.315192e-11
2.376416e-11
2.336376e-11
2.395922e-11
2.357275e-11
2.415174e-11
2.377831e-11
2.434181e-11
2.398065e-11
2.452916e-11
2.417927e-11
2.471368e-11
2.437472e-11
2.489542e-11
2.456607e-11
2.507389e-11
2.475398e-11
2.524930e-11
2.493794e-11
2.542150e-11
2.511857e-11
2.559075e-11
2.529515e-11
2.575667e-11
2.546779e-11
2.591899e-11
2.563683e-11
2.607797e-11
2.580219e-11
2.623340e-11
2.596318e-11
2.638545e-11
2.612061e-11
2.653378e-11
2.627393e-11
2.667877e-11
2.642359e-11
2.681988e-11
2.656930e-11
2.695827e-11
2.671147e-11
2.709255e-11
2.684952e-11
2.722339e-11
2.698403e-11
2.735079e-11
2.711414e-11
2.747430e-11
2.724054e-11
2.759393e-11
2.736278e-11
2.770989e-11
2.748146e-11
2.782224e-11
2.759559e-11
2.793082e-11
2.770584e-11
2.803502e-11
2.781164e-11
2.813544e-11
2.791367e-11
2.823219e-11
2.801165e-11
2.832479e-11
2.810524e-11
2.841327e-11
2.819467e-11
2.849820e-11
2.828027e-11
2.857886e-11
2.836181e-11
2.865597e-11
2.843925e-11
2.872902e-11
2.851241e-11
2.879813e-11
2.858191e-11
2.886330e-11
2.864692e-11
2.892431e-11
2.870781e-11
2.898159e-11
2.876455e-11
2.903477e-11
2.881739e-11
2.908390e-11
2.886552e-11
2.912892e-11
2.890949e-11
2.916933e-11
2.894912e-11
2.920586e-11
2.898493e-11
2.923850e-11
2.901612e-11
2.926692e-11
2.904321e-11
2.929085e-11
2.906592e-11
2.931122e-11
2.908462e-11
2.932671e-11
2.909872e-11
2.933864e-11
2.910844e-11
2.934619e-11
2.911404e-11
2.934941e-11
