3.329148e-11
3.352468e-11
3.328865e-11
3.351924e-11
3.328043e-11
3.350886e-11
3.326778e-11
3.349443e-11
3.325040e-11
3.347500e-11
3.322814e-11
3.345113e-11
3.320139e-11
3.342282e-11
3.317030e-11
3.339018e-11
3.313411e-11
3.335288e-11
3.309381e-11
3.331135e-11
3.304856e-11
3.326484e-11
3.299883e-11
3.321404e-11
3.294420e-11
3.315859e-11
3.288503e-11
3.309875e-11
3.282158e-11
3.303435e-11
3.275324e-11
3.296580e-11
3.267997e-11
3.289247e-11
3.260275e-11
3.281492e-11
3.252026e-11
3.273248e-11
3.243350e-11
3.264555e-11
3.234168e-11
3.255413e-11
3.224526e-11
3.245826e-11
3.214434e-11
3.235762e-11
3.203887e-11
3.225309e-11
3.192852e-11
3.214412e-11
3.181355e-11
3.203010e-11
3.169404e-11
3.191186e-11
3.156986e-11
3.178918e-11
3.144074e-11
3.166206e-11
3.130679e-11
3.153028e-11
3.116912e-11
3.139472e-11
3.102640e-11
3.125444e-11
3.087908e-11
3.111000e-11
3.072737e-11
3.096134e-11
3.057099e-11
3.080819e-11
3.040995e-11
3.065109e-11
3.024458e-11
3.048939e-11
3.007422e-11
3.032358e-11
2.989947e-11
3.015338e-11
2.972039e-11
2.997935e-11
2.953671e-11
2.980116e-11
2.934863e-11
2.961903e-11
2.915596e-11
2.943235e-11
2.895895e-11
2.924216e-11
2.875739e-11
2.904793e-11
2.855127e-11
2.884987e-11
2.834150e-11
2.864825e-11
2.812706e-11
2.844253e-11
2.790818e-11
2.823353e-11
2.768502e-11
2.802081e-11
2.745765e-11
2.780443e-11
2.722633e-11
2.758477e-11
2.699074e-11
2.736184e-11
2.675099e-11
2.713585e-11
2.650730e-11
2.690637e-11
2.625999e-11
2.667466e-11
2.600842e-11
2.644007e-11
2.575307e-11
2.620226e-11
2.549327e-11
2.596157e-11
2.522949e-11
2.571815e-11
2.496137e-11
2.547201e-11
2.468903e-11
2.522338e-11
2.441308e-11
2.497258e-11
2.413297e-11
2.471928e-11
2.384837e-11
2.446426e-11
2.355971e-11
2.420669e-11
2.326650e-11
2.394746e-11
2.296890e-11
2.368666e-11
2.266715e-11
2.342426e-11
2.236045e-11
2.316047e-11
2.204908e-11
2.289552e-11
2.173312e-11
2.262995e-11
2.141204e-11
2.236389e-11
2.108597e-11
2.209766e-11
2.075445e-11
2.183115e-11
2.041745e-11
2.156553e-11
2.007455e-11
2.130079e-11
1.972533e-11
2.103734e-11
1.936995e-11
2.077616e-11
1.900730e-11
2.051787e-11
1.863698e-11
2.026329e-11
1.825901e-11
2.001344e-11
1.787309e-11
1.977168e-11
1.748185e-11
1.954409e-11
1.709272e-11
1.934741e-11
1.672890e-11
1.922257e-11
1.645428e-11
1.928047e-11
1.644623e-11
1.981870e-11
1.718875e-11
2.164274e-11
2.000178e-11
2.693712e-11
2.847866e-11
4.163631e-11
5.239109e-11
8.186463e-11
1.183085e-10
1.914443e-10
2.984639e-10
4.894876e-10
7.892176e-10
1.299764e-09
2.124343e-09
3.502351e-09
5.754806e-09
9.489533e-09
1.562476e-08
2.576418e-08
4.245557e-08
7.000291e-08
1.153909e-07
1.902556e-07
3.136517e-07
5.171355e-07
8.525820e-07
1.405685e-06
2.317546e-06
3.821003e-06
6.299713e-06
1.038646e-05
1.712421e-05
2.823277e-05
4.654706e-05
7.674086e-05
1.265179e-04
2.085757e-04
3.438366e-04
5.667644e-04
9.340930e-04
1.539127e-03
2.535059e-03
4.172744e-03
6.861119e-03
1.126195e-02
1.843314e-02
3.003199e-02
4.856816e-02
7.762947e-02
1.218529e-01
1.861838e-01
2.738850e-01
3.834335e-01
5.062497e-01
6.283162e-01
7.359454e-01
8.212736e-01
8.833970e-01
9.258759e-01
9.536909e-01
9.713908e-01
9.824501e-01
9.892814e-01
9.934713e-01
9.960300e-01
9.975883e-01
9.985358e-01
9.991114e-01
9.994609e-01
9.996729e-01
9.998016e-01
9.998797e-01
9.999270e-01
9.999557e-01
9.999731e-01
9.999837e-01
9.999901e-01
9.999940e-01
9.999964e-01
9.999978e-01
9.999987e-01
9.999992e-01
9.999995e-01
9.999997e-01
9.999998e-01
9.999999e-01
9.999999e-01
1.000000e+00
1.000000e+00
1.000000e+00
1.000000e+00
1.000000e+00
1.000000e+00
1.000000e+00
1.000000e+00
1.000000e+00
1.000000e+00
1.000000e+00
1.000000e+00
1.000000e+00
1.000000e+00
1.000000e+00
1.000000e+00
1.000000e+00
1.000000e+00
1.000000e+00
1.000000e+00
1.000000e+00
1.000000e+00
1.000000e+00
1.000000e+00
1.000000e+00
1.000000e+00
1.000000e+00
1.000000e+00
1.000000e+00
1.000000e+00
1.000000e+00
1.000000e+00
1.000000e+00
1.000000e+00
1.000000e+00
1.000000e+00
1.000000e+00
1.000000e+00
1.000000e+00
1.000000e+00
1.000000e+00
1.000000e+00
1.000000e+00
1.000000e+00
1.000000e+00
1.000000e+00
1.000000e+00
1.000000e+00
1.000000e+00
1.000000e+00
1.000000e+00
1.000000e+00
1.000000e+00
1.000000e+00
1.000000e+00
1.000000e+00
1.000000e+00
1.000000e+00
1.000000e+00
1.000000e+00
1.000000e+00
1.000000e+00
1.000000e+00
1.000000e+00
1.000000e+00
1.000000e+00
1.000000e+00
1.000000e+00
1.000000e+00
1.000000e+00
1.000000e+00
1.000000e+00
1.000000e+00
1.000000e+00
1.000000e+00
1.000000e+00
1.000000e+00
1.000000e+00
1.000000e+00
1.000000e+00
1.000000e+00
1.000000e+00
1.000000e+00
1.000000e+00
1.000000e+00
1.000000e+00
1.000000e+00
1.000000e+00
1.000000e+00
1.000000e+00
1.000000e+00
1.000000e+00
1.000000e+00
1.000000e+00
1.000000e+00
1.000000e+00
1.000000e+00
1.000000e+00
1.000000e+00
1.000000e+00
1.000000e+00
1.000000e+00
1.000000e+00
1.000000e+00
1.000000e+00
1.000000e+00
1.000000e+00
1.000000e+00
1.000000e+00
1.000000e+00
1.000000e+00
1.000000e+00
1.000000e+00
1.000000e+00
1.000000e+00
1.000000e+00
1.000000e+00
1.000000e+00
1.000000e+00
1.000000e+00
1.000000e+00
1.000000e+00
1.000000e+00
1.000000e+00
1.000000e+00
1.000000e+00
1.000000e+00
1.000000e+00
1.000000e+00
1.000000e+00
1.000000e+00
1.000000e+00
1.000000e+00
1.000000e+00
1.000000e+00
1.000000e+00
1.000000e+00
1.000000e+00
1.000000e+00
1.000000e+00
1.000000e+00
1.000000e+00
1.000000e+00
1.000000e+00
1.000000e+00
1.000000e+00
1.000000e+00
1.000000e+00
1.000000e+00
1.000000e+00
1.000000e+00
1.000000e+00
1.000000e+00
1.000000e+00
1.000000e+00
1.000000e+00
1.000000e+00
1.000000e+00
1.000000e+00
1.000000e+00
1.000000e+00
1.000000e+00
1.000000e+00
1.000000e+00
1.000000e+00
1.000000e+00
1.000000e+00
1.000000e+00
1.000000e+00
1.000000e+00
1.000000e+00
1.000000e+00
1.000000e+00
1.000000e+00
1.000000e+00
1.000000e+00
1.000000e+00
1.000000e+00
1.000000e+00
1.000000e+00
1.000000e+00
1.000000e+00
1.000000e+00
1.000000e+00
1.000000e+00
1.000000e+00
1.000000e+00
1.000000e+00
1.000000e+00
1.000000e+00
1.000000e+00
1.000000e+00
1.000000e+00
1.000000e+00
1.000000e+00
1.000000e+00
1.000000e+00
1.000000e+00
1.000000e+00
1.000000e+00
1.000000e+00
1.000000e+00
1.000000e+00
1.000000e+00
1.000000e+00
1.000000e+00
1.000000e+00
1.000000e+00
1.000000e+00
1.000000e+00
1.000000e+00
1.000000e+00
1.000000e+00
1.000000e+00
1.000000e+00
1.000000e+00
1.000000e+00
1.000000e+00
1.000000e+00
1.000000e+00
1.000000e+00
1.000000e+00
1.000000e+00
1.000000e+00
1.000000e+00
1.000000e+00
1.000000e+00
1.000000e+00
1.000000e+00
1.000000e+00
1.000000e+00
1.000000e+00
1.000000e+00
1.000000e+00
1.000000e+00
1.000000e+00
1.000000e+00
1.000000e+00
1.000000e+00
1.000000e+00
1.000000e+00
1.000000e+00
1.000000e+00
1.000000e+00
1.000000e+00
1.000000e+00
1.000000e+00
1.000000e+00
1.000000e+00
1.000000e+00
1.000000e+00
1.000000e+00
1.000000e+00
1.000000e+00
1.000000e+00
1.000000e+00
1.000000e+00
1.000000e+00
1.000000e+00
1.000000e+00
1.000000e+00
1.000000e+00
1.000000e+00
1.000000e+00
1.000000e+00
1.000000e+00
1.000000e+00
1.000000e+00
1.000000e+00
1.000000e+00
1.000000e+00
1.000000e+00
1.000000e+00
1.000000e+00
1.000000e+00
1.000000e+00
1.000000e+00
1.000000e+00
1.000000e+00
1.000000e+00
1.000000e+00
1.000000e+00
1.000000e+00
1.000000e+00
1.000000e+00
1.000000e+00
1.000000e+00
1.000000e+00
1.000000e+00
1.000000e+00
1.000000e+00
1.000000e+00
1.000000e+00
1.000000e+00
1.000000e+00
1.000000e+00
1.000000e+00
1.000000e+00
1.000000e+00
1.000000e+00
1.000000e+00
1.000000e+00
1.000000e+00
1.000000e+00
1.000000e+00
1.000000e+00
1.000000e+00
1.000000e+00
1.000000e+00
1.000000e+00
1.000000e+00
1.000000e+00
1.000000e+00
1.000000e+00
1.000000e+00
1.000000e+00
1.000000e+00
1.000000e+00
1.000000e+00
1.000000e+00
1.000000e+00
1.000000e+00
1.000000e+00
1.000000e+00
1.000000e+00
1.000000e+00
1.000000e+00
1.000000e+00
1.000000e+00
1.000000e+00
1.000000e+00
1.000000e+00
1.000000e+00
1.000000e+00
1.000000e+00
1.000000e+00
1.000000e+00
1.000000e+00
1.000000e+00
1.000000e+00
1.000000e+00
1.000000e+00
1.000000e+00
1.000000e+00
1.000000e+00
1.000000e+00
1.000000e+00
1.000000e+00
1.000000e+00
1.000000e+00
1.000000e+00
1.000000e+00
1.000000e+00
1.000000e+00
1.000000e+00
1.000000e+00
1.000000e+00
1.000000e+00
1.000000e+00
1.000000e+00
1.000000e+00
1.000000e+00
1.000000e+00
1.000000e+00
1.000000e+00
1.000000e+00
1.000000e+00
1.000000e+00
1.000000e+00
1.000000e+00
1.000000e+00
1.000000e+00
1.000000e+00
1.000000e+00
1.000000e+00
1.000000e+00
1.000000e+00
1.000000e+00
1.000000e+00
1.000000e+00
1.000000e+00
1.000000e+00
1.000000e+00
1.000000e+00
1.000000e+00
1.000000e+00
1.000000e+00
1.000000e+00
1.000000e+00
1.000000e+00
1.000000e+00
1.000000e+00
1.000000e+00
1.000000e+00
1.000000e+00
1.000000e+00
1.000000e+00
1.000000e+00
1.000000e+00
1.000000e+00
1.000000e+00
1.000000e+00
1.000000e+00
1.000000e+00
1.000000e+00
1.000000e+00
1.000000e+00
1.000000e+00
1.000000e+00
1.000000e+00
1.000000e+00
1.000000e+00
1.000000e+00
1.000000e+00
1.000000e+00
1.000000e+00
1.000000e+00
1.000000e+00
1.000000e+00
1.000000e+00
1.000000e+00
1.000000e+00
1.000000e+00
1.000000e+00
1.000000e+00
1.000000e+00
1.000000e+00
1.000000e+00
1.000000e+00
1.000000e+00
1.000000e+00
1.000000e+00
1.000000e+00
1.000000e+00
1.000000e+00
1.000000e+00
1.000000e+00
1.000000e+00
1.000000e+00
1.000000e+00
1.000000e+00
1.000000e+00
1.000000e+00
1.000000e+00
1.000000e+00
1.000000e+00
1.000000e+00
1.000000e+00
1.000000e+00
1.000000e+00
1.000000e+00
1.000000e+00
1.000000e+00
1.000000e+00
1.000000e+00
1.000000e+00
1.000000e+00
1.000000e+00
1.000000e+00
1.000000e+00
1.000000e+00
1.000000e+00
1.000000e+00
1.000000e+00
1.000000e+00
1.000000e+00
1.000000e+00
1.000000e+00
1.000000e+00
1.000000e+00
1.000000e+00
1.000000e+00
1.000000e+00
1.000000e+00
1.000000e+00
1.000000e+00
1.000000e+00
1.000000e+00
1.000000e+00
1.000000e+00
1.000000e+00
1.000000e+00
1.000000e+00
1.000000e+00
1.000000e+00
1.000000e+00
1.000000e+00
1.000000e+00
1.000000e+00
1.000000e+00
1.000000e+00
1.000000e+00
1.000000e+00
1.000000e+00
1.000000e+00
1.000000e+00
1.000000e+00
9.999999e-01
9.999999e-01
9.999998e-01
9.999997e-01
9.999995e-01
9.999992e-01
9.999987e-01
9.999978e-01
9.999964e-01
9.999940e-01
9.999901e-01
9.999837e-01
9.999731e-01
9.999557e-01
9.999270e-01
9.998797e-01
9.998016e-01
9.996729e-01
9.994609e-01
9.991114e-01
9.985358e-01
9.975883e-01
9.960300e-01
9.934713e-01
9.892814e-01
9.824501e-01
9.713908e-01
9.536909e-01
9.258759e-01
8.833970e-01
8.212736e-01
7.359454e-01
6.283162e-01
5.062497e-01
3.834335e-01
2.738850e-01
1.861838e-01
1.218529e-01
7.762947e-02
4.856816e-02
3.003199e-02
1.843314e-02
1.126195e-02
6.861119e-03
4.172744e-03
2.535059e-03
1.539127e-03
9.340930e-04
5.667644e-04
3.438366e-04
2.085757e-04
1.265179e-04
7.674086e-05
4.654706e-05
2.823277e-05
1.712421e-05
1.038646e-05
6.299713e-06
3.821003e-06
2.317546e-06
1.405685e-06
8.525820e-07
5.171355e-07
3.136517e-07
1.902557e-07
1.153910e-07
7.000293e-08
4.245560e-08
2.576421e-08
1.562479e-08
9.489566e-09
5.754840e-09
3.502387e-09
2.124380e-09
1.299802e-09
7.892578e-10
4.895293e-10
2.985072e-10
1.914886e-10
1.183543e-10
8.191137e-11
5.243905e-11
4.168577e-11
2.852901e-11
2.698863e-11
2.005440e-11
2.169614e-11
1.724315e-11
1.987410e-11
1.650236e-11
1.933781e-11
1.651218e-11
1.928130e-11
1.678868e-11
1.940770e-11
1.715394e-11
1.960626e-11
1.754447e-11
1.983508e-11
1.793771e-11
2.007866e-11
1.832523e-11
2.033002e-11
1.870476e-11
2.058648e-11
1.907646e-11
2.084605e-11
1.943989e-11
2.110795e-11
1.979633e-11
2.137163e-11
2.014555e-11
2.163636e-11
2.048817e-11
2.190181e-11
2.082451e-11
2.216677e-11
2.115508e-11
2.243228e-11
2.147993e-11
2.269712e-11
2.179923e-11
2.296097e-11
2.211320e-11
2.322359e-11
2.242240e-11
2.348505e-11
2.272638e-11
2.374495e-11
2.302575e-11
2.400308e-11
2.332085e-11
2.425965e-11
2.361117e-11
2.451395e-11
2.389683e-11
2.476652e-11
2.417849e-11
2.501643e-11
2.445560e-11
2.526418e-11
2.472872e-11
2.550976e-11
2.499784e-11
2.575279e-11
2.526251e-11
2.599304e-11
2.552331e-11
2.623068e-11
2.578027e-11
2.646583e-11
2.603301e-11
2.669814e-11
2.628198e-11
2.692768e-11
2.652684e-11
2.715395e-11
2.676787e-11
2.737754e-11
2.700512e-11
2.759815e-11
2.723827e-11
2.781536e-11
2.746808e-11
2.802969e-11
2.769335e-11
2.824080e-11
2.791478e-11
2.844869e-11
2.813216e-11
2.865275e-11
2.834527e-11
2.885320e-11
2.855427e-11
2.904993e-11
2.875877e-11
2.924300e-11
2.895900e-11
2.943212e-11
2.915507e-11
2.961736e-11
2.934691e-11
2.979894e-11
2.953421e-11
2.997658e-11
2.971712e-11
3.014988e-11
2.989559e-11
3.031925e-11
3.006995e-11
3.048473e-11
3.023937e-11
3.064599e-11
3.040451e-11
3.080292e-11
3.056594e-11
3.095624e-11
3.072242e-11
3.110523e-11
3.087441e-11
3.125017e-11
3.102235e-11
3.139083e-11
3.116540e-11
3.152706e-11
3.130401e-11
3.165912e-11
3.143824e-11
3.178652e-11
3.156747e-11
3.191003e-11
3.169248e-11
3.202882e-11
3.181272e-11
3.214329e-11
3.192846e-11
3.225359e-11
3.203948e-11
3.235906e-11
3.214545e-11
3.245954e-11
3.224720e-11
3.255612e-11
3.234402e-11
3.264833e-11
3.243628e-11
3.273581e-11
3.252437e-11
3.281903e-11
3.260758e-11
3.289774e-11
3.268597e-11
3.297207e-11
3.276007e-11
3.304179e-11
3.282874e-11
3.310652e-11
3.289313e-11
3.316697e-11
3.295281e-11
3.322254e-11
3.300737e-11
3.327388e-11
3.305733e-11
3.331979e-11
3.310274e-11
3.336187e-11
3.314315e-11
3.339917e-11
3.317890e-11
3.343131e-11
3.320944e-11
3.345874e-11
3.323536e-11
3.348161e-11
3.325618e-11
3.349954e-11
3.327172e-11
3.351286e-11
3.328354e-11
3.352152e-11
3.329015e-11
3.352546e-11
