1.108017e-06
1.107991e-06
1.107914e-06
1.107785e-06
1.107605e-06
1.107373e-06
1.107090e-06
1.106755e-06
1.106369e-06
1.105932e-06
1.105442e-06
1.104902e-06
1.104310e-06
1.103667e-06
1.102973e-06
1.102227e-06
1.101430e-06
1.100582e-06
1.099682e-06
1.098732e-06
1.097730e-06
1.096678e-06
1.095574e-06
1.094420e-06
1.093215e-06
1.091959e-06
1.090651e-06
1.089294e-06
1.087886e-06
1.086427e-06
1.084917e-06
1.083358e-06
1.081748e-06
1.080087e-06
1.078377e-06
1.076616e-06
1.074805e-06
1.072945e-06
1.071034e-06
1.069074e-06
1.067063e-06
1.065004e-06
1.062894e-06
1.060736e-06
1.058528e-06
1.056271e-06
1.053965e-06
1.051610e-06
1.049206e-06
1.046753e-06
1.044251e-06
1.041702e-06
1.039103e-06
1.036457e-06
1.033762e-06
1.031019e-06
1.028228e-06
1.025390e-06
1.022503e-06
1.019570e-06
1.016589e-06
1.013561e-06
1.010485e-06
1.007363e-06
1.004194e-06
1.000978e-06
9.977155e-07
9.944072e-07
9.910520e-07
9.876515e-07
9.842044e-07
9.807123e-07
9.771740e-07
9.735909e-07
9.699619e-07
9.662886e-07
9.625697e-07
9.588068e-07
9.549987e-07
9.511469e-07
9.472503e-07
9.433103e-07
9.393259e-07
9.352985e-07
9.312270e-07
9.271130e-07
9.229552e-07
9.187554e-07
9.145121e-07
9.102271e-07
9.058990e-07
9.015298e-07
8.971178e-07
8.926651e-07
8.881700e-07
8.836346e-07
8.790574e-07
8.744402e-07
8.697815e-07
8.650834e-07
8.603442e-07
8.555660e-07
8.507472e-07
8.458899e-07
8.409924e-07
8.360568e-07
8.310815e-07
8.260686e-07
8.210163e-07
8.159271e-07
8.107989e-07
8.056342e-07
8.004311e-07
7.951919e-07
7.899147e-07
7.846021e-07
7.792519e-07
7.738668e-07
7.684446e-07
7.629880e-07
7.574948e-07
7.519678e-07
7.464046e-07
7.408081e-07
7.351760e-07
7.295112e-07
7.238112e-07
7.180791e-07
7.123122e-07
7.065139e-07
7.006813e-07
6.948178e-07
6.889206e-07
6.829930e-07
6.770322e-07
6.710418e-07
6.650185e-07
6.589663e-07
6.528817e-07
6.467688e-07
6.406240e-07
6.344516e-07
6.282477e-07
6.220169e-07
6.157553e-07
6.094673e-07
6.031488e-07
5.968048e-07
5.904309e-07
5.840321e-07
5.776038e-07
5.711513e-07
5.646699e-07
5.581650e-07
5.516316e-07
5.450756e-07
5.384914e-07
5.318855e-07
5.252518e-07
5.185972e-07
5.119152e-07
5.052131e-07
4.984841e-07
4.917358e-07
4.849610e-07
4.781679e-07
4.713485e-07
4.645118e-07
4.576491e-07
4.507701e-07
4.438654e-07
4.369454e-07
4.300000e-07
4.230405e-07
4.160558e-07
4.090582e-07
4.020357e-07
3.950019e-07
3.879438e-07
3.808765e-07
3.737863e-07
3.666905e-07
3.595755e-07
3.524627e-07
3.453408e-07
3.382397e-07
3.311570e-07
3.241432e-07
3.172232e-07
3.104996e-07
3.040760e-07
2.981920e-07
2.931690e-07
2.896154e-07
2.884496e-07
2.912760e-07
3.006427e-07
3.208546e-07
3.588972e-07
4.264080e-07
5.424433e-07
7.385627e-07
1.066646e-06
1.612393e-06
2.516919e-06
4.013080e-06
6.484565e-06
1.056421e-05
1.729506e-05
2.839707e-05
4.670539e-05
7.689416e-05
1.266678e-04
2.087247e-04
3.439889e-04
5.669271e-04
9.342774e-04
1.539351e-03
2.535356e-03
4.173162e-03
6.861740e-03
1.126290e-02
1.843464e-02
3.003435e-02
4.857186e-02
7.763516e-02
1.218613e-01
1.861958e-01
2.739007e-01
3.834521e-01
5.062693e-01
6.283345e-01
7.359606e-01
8.212851e-01
8.834051e-01
9.258813e-01
9.536942e-01
9.713929e-01
9.824513e-01
9.892822e-01
9.934717e-01
9.960302e-01
9.975883e-01
9.985358e-01
9.991114e-01
9.994608e-01
9.996728e-01
9.998014e-01
9.998795e-01
9.999268e-01
9.999555e-01
9.999729e-01
9.999835e-01
9.999899e-01
9.999938e-01
9.999961e-01
9.999975e-01
9.999984e-01
9.999989e-01
9.999992e-01
9.999994e-01
9.999995e-01
9.999996e-01
9.999996e-01
9.999996e-01
9.999996e-01
9.999996e-01
9.999996e-01
9.999996e-01
9.999996e-01
9.999996e-01
9.999996e-01
9.999996e-01
9.999996e-01
9.999996e-01
9.999996e-01
9.999996e-01
9.999995e-01
9.999995e-01
9.999995e-01
9.999995e-01
9.999995e-01
9.999995e-01
9.999995e-01
9.999995e-01
9.999995e-01
9.999995e-01
9.999994e-01
9.999994e-01
9.999994e-01
9.999994e-01
9.999994e-01
9.999994e-01
9.999994e-01
9.999994e-01
9.999994e-01
9.999994e-01
9.999994e-01
9.999993e-01
9.999993e-01
9.999993e-01
9.999993e-01
9.999993e-01
9.999993e-01
9.999993e-01
9.999993e-01
9.999993e-01
9.999993e-01
9.999993e-01
9.999992e-01
9.999992e-01
9.999992e-01
9.999992e-01
9.999992e-01
9.999992e-01
9.999992e-01
9.999992e-01
9.999992e-01
9.999992e-01
9.999992e-01
9.999991e-01
9.999991e-01
9.999991e-01
9.999991e-01
9.999991e-01
9.999991e-01
9.999991e-01
9.999991e-01
9.999991e-01
9.999991e-01
9.999991e-01
9.999991e-01
9.999990e-01
9.999990e-01
9.999990e-01
9.999990e-01
9.999990e-01
9.999990e-01
9.999990e-01
9.999990e-01
9.999990e-01
9.999990e-01
9.999990e-01
9.999990e-01
9.999989e-01
9.999989e-01
9.999989e-01
9.999989e-01
9.999989e-01
9.999989e-01
9.999989e-01
9.999989e-01
9.999989e-01
9.999989e-01
9.999989e-01
9.999989e-01
9.999988e-01
9.999988e-01
9.999988e-01
9.999988e-01
9.999988e-01
9.999988e-01
9.999988e-01
9.999988e-01
9.999988e-01
9.999988e-01
9.999988e-01
9.999988e-01
9.999988e-01
9.999988e-01
9.999987e-01
9.999987e-01
9.999987e-01
9.999987e-01
9.999987e-01
9.999987e-01
9.999987e-01
9.999987e-01
9.999987e-01
9.999987e-01
9.999987e-01
9.999987e-01
9.999987e-01
9.999987e-01
9.999987e-01
9.999986e-01
9.999986e-01
9.999986e-01
9.999986e-01
9.999986e-01
9.999986e-01
9.999986e-01
9.999986e-01
9.999986e-01
9.999986e-01
9.999986e-01
9.999986e-01
9.999986e-01
9.999986e-01
9.999986e-01
9.999986e-01
9.999985e-01
9.999985e-01
9.999985e-01
9.999985e-01
9.999985e-01
9.999985e-01
9.999985e-01
9.999985e-01
9.999985e-01
9.999985e-01
9.999985e-01
9.999985e-01
9.999985e-01
9.999985e-01
9.999985e-01
9.999985e-01
9.999985e-01
9.999985e-01
9.999985e-01
9.999984e-01
9.999984e-01
9.999984e-01
9.999984e-01
9.999984e-01
9.999984e-01
9.999984e-01
9.999984e-01
9.999984e-01
9.999984e-01
9.999984e-01
9.999984e-01
9.999984e-01
9.999984e-01
9.999984e-01
9.999984e-01
9.999984e-01
9.999984e-01
9.999984e-01
9.999984e-01
9.999984e-01
9.999984e-01
9.999984e-01
9.999983e-01
9.999983e-01
9.999983e-01
9.999983e-01
9.999983e-01
9.999983e-01
9.999983e-01
9.999983e-01
9.999983e-01
9.999983e-01
9.999983e-01
9.999983e-01
9.999983e-01
9.999983e-01
9.999983e-01
9.999983e-01
9.999983e-01
9.999983e-01
9.999983e-01
9.999983e-01
9.999983e-01
9.999983e-01
9.999983e-01
9.999983e-01
9.999983e-01
9.999983e-01
9.999983e-01
9.999983e-01
9.999983e-01
9.999983e-01
9.999983e-01
9.999983e-01
9.999983e-01
9.999983e-01
9.999982e-01
9.999982e-01
9.999982e-01
9.999982e-01
9.999982e-01
9.999982e-01
9.999982e-01
9.999982e-01
9.999982e-01
9.999982e-01
9.999982e-01
9.999982e-01
9.999982e-01
9.999982e-01
9.999982e-01
9.999982e-01
9.999982e-01
9.999982e-01
9.999982e-01
9.999982e-01
9.999982e-01
9.999982e-01
9.999982e-01
9.999982e-01
9.999982e-01
9.999982e-01
9.999982e-01
9.999982e-01
9.999982e-01
9.999982e-01
9.999982e-01
9.999982e-01
9.999982e-01
9.999982e-01
9.999982e-01
9.999982e-01
9.999982e-01
9.999982e-01
9.999982e-01
9.999982e-01
9.999982e-01
9.999982e-01
9.999982e-01
9.999982e-01
9.999982e-01
9.999982e-01
9.999982e-01
9.999982e-01
9.999982e-01
9.999982e-01
9.999982e-01
9.999982e-01
9.999982e-01
9.999982e-01
9.999982e-01
9.999982e-01
9.999982e-01
9.999982e-01
9.999982e-01
9.999982e-01
9.999982e-01
9.999982e-01
9.999982e-01
9.999982e-01
9.999982e-01
9.999982e-01
9.999982e-01
9.999982e-01
9.999982e-01
9.999982e-01
9.999982e-01
9.999983e-01
9.999983e-01
9.999983e-01
9.999983e-01
9.999983e-01
9.999983e-01
9.999983e-01
9.999983e-01
9.999983e-01
9.999983e-01
9.999983e-01
9.999983e-01
9.999983e-01
9.999983e-01
9.999983e-01
9.999983e-01
9.999983e-01
9.999983e-01
9.999983e-01
9.999983e-01
9.999983e-01
9.999983e-01
9.999983e-01
9.999983e-01
9.999983e-01
9.999983e-01
9.999983e-01
9.999983e-01
9.999983e-01
9.999983e-01
9.999983e-01
9.999983e-01
9.999983e-01
9.999983e-01
9.999984e-01
9.999984e-01
9.999984e-01
9.999984e-01
9.999984e-01
9.999984e-01
9.999984e-01
9.999984e-01
9.999984e-01
9.999984e-01
9.999984e-01
9.999984e-01
9.999984e-01
9.999984e-01
9.999984e-01
9.999984e-01
9.999984e-01
9.999984e-01
9.999984e-01
9.999984e-01
9.999984e-01
9.999984e-01
9.999984e-01
9.999985e-01
9.999985e-01
9.999985e-01
9.999985e-01
9.999985e-01
9.999985e-01
9.999985e-01
9.999985e-01
9.999985e-01
9.999985e-01
9.999985e-01
9.999985e-01
9.999985e-01
9.999985e-01
9.999985e-01
9.999985e-01
9.999985e-01
9.999985e-01
9.999985e-01
9.999986e-01
9.999986e-01
9.999986e-01
9.999986e-01
9.999986e-01
9.999986e-01
9.999986e-01
9.999986e-01
9.999986e-01
9.999986e-01
9.999986e-01
9.999986e-01
9.999986e-01
9.999986e-01
9.999986e-01
9.999986e-01
9.999987e-01
9.999987e-01
9.999987e-01
9.999987e-01
9.999987e-01
9.999987e-01
9.999987e-01
9.999987e-01
9.999987e-01
9.999987e-01
9.999987e-01
9.999987e-01
9.999987e-01
9.999987e-01
9.999987e-01
9.999988e-01
9.999988e-01
9.999988e-01
9.999988e-01
9.999988e-01
9.999988e-01
9.999988e-01
9.999988e-01
9.999988e-01
9.999988e-01
9.999988e-01
9.999988e-01
9.999988e-01
9.999988e-01
9.999989e-01
9.999989e-01
9.999989e-01
9.999989e-01
9.999989e-01
9.999989e-01
9.999989e-01
9.999989e-01
9.999989e-01
9.999989e-01
9.999989e-01
9.999989e-01
9.999990e-01
9.999990e-01
9.999990e-01
9.999990e-01
9.999990e-01
9.999990e-01
9.999990e-01
9.999990e-01
9.999990e-01
9.999990e-01
9.999990e-01
9.999990e-01
9.999991e-01
9.999991e-01
9.999991e-01
9.999991e-01
9.999991e-01
9.999991e-01
9.999991e-01
9.999991e-01
9.999991e-01
9.999991e-01
9.999991e-01
9.999991e-01
9.999992e-01
9.999992e-01
9.999992e-01
9.999992e-01
9.999992e-01
9.999992e-01
9.999992e-01
9.999992e-01
9.999992e-01
9.999992e-01
9.999992e-01
9.999993e-01
9.999993e-01
9.999993e-01
9.999993e-01
9.999993e-01
9.999993e-01
9.999993e-01
9.999993e-01
9.999993e-01
9.999993e-01
9.999993e-01
9.999994e-01
9.999994e-01
9.999994e-01
9.999994e-01
9.999994e-01
9.999994e-01
9.999994e-01
9.999994e-01
9.999994e-01
9.999994e-01
9.999994e-01
9.999995e-01
9.999995e-01
9.999995e-01
9.999995e-01
9.999995e-01
9.999995e-01
9.999995e-01
9.999995e-01
9.999995e-01
9.999995e-01
9.999996e-01
9.999996e-01
9.999996e-01
9.999996e-01
9.999996e-01
9.999996e-01
9.999996e-01
9.999996e-01
9.999996e-01
9.999996e-01
9.999996e-01
9.999996e-01
9.999996e-01
9.999996e-01
9.999996e-01
9.999995e-01
9.999994e-01
9.999992e-01
9.999989e-01
9.999984e-01
9.999975e-01
9.999961e-01
9.999938e-01
9.999899e-01
9.999835e-01
9.999729e-01
9.999555e-01
9.999268e-01
9.998795e-01
9.998014e-01
9.996728e-01
9.994608e-01
9.991114e-01
9.985358e-01
9.975883e-01
9.960302e-01
9.934717e-01
9.892822e-01
9.824513e-01
9.713929e-01
9.536942e-01
9.258813e-01
8.834051e-01
8.212851e-01
7.359606e-01
6.283345e-01
5.062693e-01
3.834521e-01
2.739007e-01
1.861958e-01
1.218613e-01
7.763516e-02
4.857186e-02
3.003435e-02
1.843464e-02
1.126290e-02
6.861740e-03
4.173162e-03
2.535356e-03
1.539351e-03
9.342774e-04
5.669271e-04
3.439889e-04
2.087247e-04
1.266678e-04
7.689416e-05
4.670539e-05
2.839707e-05
1.729506e-05
1.056421e-05
6.484565e-06
4.013080e-06
2.516919e-06
1.612393e-06
1.066646e-06
7.385627e-07
5.424433e-07
4.264080e-07
3.588972e-07
3.208546e-07
3.006427e-07
2.912760e-07
2.884496e-07
2.896154e-07
2.931690e-07
2.981920e-07
3.040760e-07
3.104996e-07
3.172232e-07
3.241432e-07
3.311570e-07
3.382397e-07
3.453408e-07
3.524628e-07
3.595755e-07
3.666905e-07
3.737863e-07
3.808765e-07
3.879438e-07
3.950019e-07
4.020357e-07
4.090582e-07
4.160558e-07
4.230405e-07
4.300000e-07
4.369454e-07
4.438654e-07
4.507701e-07
4.576491e-07
4.645118e-07
4.713485e-07
4.781679e-07
4.849610e-07
4.917359e-07
4.984841e-07
5.052131e-07
5.119152e-07
5.185972e-07
5.252518e-07
5.318855e-07
5.384914e-07
5.450756e-07
5.516316e-07
5.581650e-07
5.646699e-07
5.711513e-07
5.776038e-07
5.840321e-07
5.904309e-07
5.968049e-07
6.031489e-07
6.094673e-07
6.157553e-07
6.220170e-07
6.282478e-07
6.344516e-07
6.406240e-07
6.467688e-07
6.528817e-07
6.589663e-07
6.650185e-07
6.710418e-07
6.770322e-07
6.829930e-07
6.889206e-07
6.948178e-07
7.006813e-07
7.065139e-07
7.123122e-07
7.180791e-07
7.238112e-07
7.295112e-07
7.351760e-07
7.408082e-07
7.464046e-07
7.519678e-07
7.574948e-07
7.629880e-07
7.684446e-07
7.738668e-07
7.792519e-07
7.846021e-07
7.899147e-07
7.951919e-07
8.004311e-07
8.056342e-07
8.107989e-07
8.159271e-07
8.210163e-07
8.260686e-07
8.310815e-07
8.360568e-07
8.409924e-07
8.458899e-07
8.507472e-07
8.555660e-07
8.603442e-07
8.650834e-07
8.697815e-07
8.744402e-07
8.790574e-07
8.836346e-07
8.881700e-07
8.926651e-07
8.971178e-07
9.015298e-07
9.058990e-07
9.102271e-07
9.145121e-07
9.187554e-07
9.229552e-07
9.271130e-07
9.312270e-07
9.352985e-07
9.393259e-07
9.433103e-07
9.472503e-07
9.511469e-07
9.549987e-07
9.588068e-07
9.625697e-07
9.662886e-07
9.699619e-07
9.735909e-07
9.771740e-07
9.807123e-07
9.842044e-07
9.876515e-07
9.910520e-07
9.944072e-07
9.977155e-07
1.000978e-06
1.004194e-06
1.007363e-06
1.010485e-06
1.013561e-06
1.016589e-06
1.019570e-06
1.022503e-06
1.025390e-06
1.028228e-06
1.031019e-06
1.033762e-06
1.036457e-06
1.039103e-06
1.041702e-06
1.044251e-06
1.046753e-06
1.049206e-06
1.051610e-06
1.053965e-06
1.056271e-06
1.058528e-06
1.060736e-06
1.062894e-06
1.065004e-06
1.067063e-06
1.069074e-06
1.071034e-06
1.072945e-06
1.074805e-06
1.076616e-06
1.078377e-06
1.080087e-06
1.081748e-06
1.083358e-06
1.084917e-06
1.086427e-06
1.087886e-06
1.089294e-06
1.090651e-06
1.091959e-06
1.093215e-06
1.094420e-06
1.095574e-06
1.096678e-06
1.097730e-06
1.098732e-06
1.099682e-06
1.100582e-06
1.101430e-06
1.102227e-06
1.102973e-06
1.103667e-06
1.104310e-06
1.104902e-06
1.105442e-06
1.105932e-06
1.106369e-06
1.106755e-06
1.107090e-06
1.107373e-06
1.107605e-06
1.107785e-06
1.107914e-06
1.107991e-06
