2.539613e-11
2.562939e-11
2.539324e-11
2.562489e-11
2.538686e-11
2.561701e-11
2.537703e-11
2.560546e-11
2.536343e-11
2.559064e-11
2.534650e-11
2.557254e-11
2.532619e-11
2.555078e-11
2.530204e-11
2.552597e-11
2.527439e-11
2.549772e-11
2.524342e-11
2.546596e-11
2.520922e-11
2.543099e-11
2.517109e-11
2.539263e-11
2.512945e-11
2.535072e-11
2.508443e-11
2.530570e-11
2.503620e-11
2.525719e-11
2.498440e-11
2.520589e-11
2.492906e-11
2.515060e-11
2.486999e-11
2.509215e-11
2.480771e-11
2.503031e-11
2.474171e-11
2.496486e-11
2.467210e-11
2.489597e-11
2.459905e-11
2.482409e-11
2.452244e-11
2.474870e-11
2.444239e-11
2.466971e-11
2.435857e-11
2.458761e-11
2.427114e-11
2.450184e-11
2.418016e-11
2.441258e-11
2.408551e-11
2.431988e-11
2.398726e-11
2.422418e-11
2.388539e-11
2.412520e-11
2.378037e-11
2.402278e-11
2.367168e-11
2.391742e-11
2.355982e-11
2.380846e-11
2.344369e-11
2.369643e-11
2.332479e-11
2.358103e-11
2.320188e-11
2.346229e-11
2.307560e-11
2.334039e-11
2.294553e-11
2.321521e-11
2.281209e-11
2.308687e-11
2.267525e-11
2.295558e-11
2.253459e-11
2.282136e-11
2.239092e-11
2.268369e-11
2.224371e-11
2.254313e-11
2.209277e-11
2.239969e-11
2.193851e-11
2.225320e-11
2.178097e-11
2.210399e-11
2.162037e-11
2.195205e-11
2.145611e-11
2.179740e-11
2.128858e-11
2.163980e-11
2.111739e-11
2.147960e-11
2.094314e-11
2.131662e-11
2.076544e-11
2.115119e-11
2.058503e-11
2.098383e-11
2.040113e-11
2.081396e-11
2.021427e-11
2.064193e-11
2.002409e-11
2.046796e-11
1.983097e-11
2.029177e-11
1.963457e-11
2.011380e-11
1.943506e-11
1.993350e-11
1.923195e-11
1.975148e-11
1.902600e-11
1.956757e-11
1.881645e-11
1.938211e-11
1.860395e-11
1.919520e-11
1.838779e-11
1.900669e-11
1.816858e-11
1.881695e-11
1.794520e-11
1.862560e-11
1.771866e-11
1.843314e-11
1.748807e-11
1.823947e-11
1.725420e-11
1.804557e-11
1.701622e-11
1.785078e-11
1.677447e-11
1.765549e-11
1.652822e-11
1.746020e-11
1.627781e-11
1.726547e-11
1.602329e-11
1.707084e-11
1.576422e-11
1.687700e-11
1.549977e-11
1.668460e-11
1.523048e-11
1.649364e-11
1.495559e-11
1.630512e-11
1.467515e-11
1.611916e-11
1.438805e-11
1.593675e-11
1.409400e-11
1.575845e-11
1.379241e-11
1.558564e-11
1.348399e-11
1.542150e-11
1.317052e-11
1.527212e-11
1.286027e-11
1.515410e-11
1.257533e-11
1.510875e-11
1.238043e-11
1.524658e-11
1.245237e-11
1.586492e-11
1.327533e-11
1.776973e-11
1.616957e-11
2.314560e-11
2.472789e-11
3.792650e-11
4.872208e-11
7.823669e-11
1.147223e-10
1.878992e-10
2.949609e-10
4.860260e-10
7.857977e-10
1.296386e-09
2.121007e-09
3.499057e-09
5.751554e-09
9.486323e-09
1.562160e-08
2.576106e-08
4.245249e-08
6.999987e-08
1.153879e-07
1.902527e-07
3.136487e-07
5.171326e-07
8.525792e-07
1.405682e-06
2.317543e-06
3.821000e-06
6.299711e-06
1.038645e-05
1.712421e-05
2.823277e-05
4.654706e-05
7.674086e-05
1.265179e-04
2.085757e-04
3.438366e-04
5.667644e-04
9.340930e-04
1.539127e-03
2.535059e-03
4.172744e-03
6.861119e-03
1.126195e-02
1.843314e-02
3.003199e-02
4.856816e-02
7.762947e-02
1.218529e-01
1.861838e-01
2.738850e-01
3.834335e-01
5.062497e-01
6.283162e-01
7.359454e-01
8.212736e-01
8.833970e-01
9.258759e-01
9.536909e-01
9.713908e-01
9.824501e-01
9.892814e-01
9.934713e-01
9.960300e-01
9.975883e-01
9.985358e-01
9.991114e-01
9.994609e-01
9.996729e-01
9.998016e-01
9.998797e-01
9.999270e-01
9.999557e-01
9.999731e-01
9.999837e-01
9.999901e-01
9.999940e-01
9.999964e-01
9.999978e-01
9.999987e-01
9.999992e-01
9.999995e-01
9.999997e-01
9.999998e-01
9.999999e-01
9.999999e-01
1.000000e+00
1.000000e+00
1.000000e+00
1.000000e+00
1.000000e+00
1.000000e+00
1.000000e+00
1.000000e+00
1.000000e+00
1.000000e+00
1.000000e+00
1.000000e+00
1.000000e+00
1.000000e+00
1.000000e+00
1.000000e+00
1.000000e+00
1.000000e+00
1.000000e+00
1.000000e+00
1.000000e+00
1.000000e+00
1.000000e+00
1.000000e+00
1.000000e+00
1.000000e+00
1.000000e+00
1.000000e+00
1.000000e+00
1.000000e+00
1.000000e+00
1.000000e+00
1.000000e+00
1.000000e+00
1.000000e+00
1.000000e+00
1.000000e+00
1.000000e+00
1.000000e+00
1.000000e+00
1.000000e+00
1.000000e+00
1.000000e+00
1.000000e+00
1.000000e+00
1.000000e+00
1.000000e+00
1.000000e+00
1.000000e+00
1.000000e+00
1.000000e+00
1.000000e+00
1.000000e+00
1.000000e+00
1.000000e+00
1.000000e+00
1.000000e+00
1.000000e+00
1.000000e+00
1.000000e+00
1.000000e+00
1.000000e+00
1.000000e+00
1.000000e+00
1.000000e+00
1.000000e+00
1.000000e+00
1.000000e+00
1.000000e+00
1.000000e+00
1.000000e+00
1.000000e+00
1.000000e+00
1.000000e+00
1.000000e+00
1.000000e+00
1.000000e+00
1.000000e+00
1.000000e+00
1.000000e+00
1.000000e+00
1.000000e+00
1.000000e+00
1.000000e+00
1.000000e+00
1.000000e+00
1.000000e+00
1.000000e+00
1.000000e+00
1.000000e+00
1.000000e+00
1.000000e+00
1.000000e+00
1.000000e+00
1.000000e+00
1.000000e+00
1.000000e+00
1.000000e+00
1.000000e+00
1.000000e+00
1.000000e+00
1.000000e+00
1.000000e+00
1.000000e+00
1.000000e+00
1.000000e+00
1.000000e+00
1.000000e+00
1.000000e+00
1.000000e+00
1.000000e+00
1.000000e+00
1.000000e+00
1.000000e+00
1.000000e+00
1.000000e+00
1.000000e+00
1.000000e+00
1.000000e+00
1.000000e+00
1.000000e+00
1.000000e+00
1.000000e+00
1.000000e+00
1.000000e+00
1.000000e+00
1.000000e+00
1.000000e+00
1.000000e+00
1.000000e+00
1.000000e+00
1.000000e+00
1.000000e+00
1.000000e+00
1.000000e+00
1.000000e+00
1.000000e+00
1.000000e+00
1.000000e+00
1.000000e+00
1.000000e+00
1.000000e+00
1.000000e+00
1.000000e+00
1.000000e+00
1.000000e+00
1.000000e+00
1.000000e+00
1.000000e+00
1.000000e+00
1.000000e+00
1.000000e+00
1.000000e+00
1.000000e+00
1.000000e+00
1.000000e+00
1.000000e+00
1.000000e+00
1.000000e+00
1.000000e+00
1.000000e+00
1.000000e+00
1.000000e+00
1.000000e+00
1.000000e+00
1.000000e+00
1.000000e+00
1.000000e+00
1.000000e+00
1.000000e+00
1.000000e+00
1.000000e+00
1.000000e+00
1.000000e+00
1.000000e+00
1.000000e+00
1.000000e+00
1.000000e+00
1.000000e+00
1.000000e+00
1.000000e+00
1.000000e+00
1.000000e+00
1.000000e+00
1.000000e+00
1.000000e+00
1.000000e+00
1.000000e+00
1.000000e+00
1.000000e+00
1.000000e+00
1.000000e+00
1.000000e+00
1.000000e+00
1.000000e+00
1.000000e+00
1.000000e+00
1.000000e+00
1.000000e+00
1.000000e+00
1.000000e+00
1.000000e+00
1.000000e+00
1.000000e+00
1.000000e+00
1.000000e+00
1.000000e+00
1.000000e+00
1.000000e+00
1.000000e+00
1.000000e+00
1.000000e+00
1.000000e+00
1.000000e+00
1.000000e+00
1.000000e+00
1.000000e+00
1.000000e+00
1.000000e+00
1.000000e+00
1.000000e+00
1.000000e+00
1.000000e+00
1.000000e+00
1.000000e+00
1.000000e+00
1.000000e+00
1.000000e+00
1.000000e+00
1.000000e+00
1.000000e+00
1.000000e+00
1.000000e+00
1.000000e+00
1.000000e+00
1.000000e+00
1.000000e+00
1.000000e+00
1.000000e+00
1.000000e+00
1.000000e+00
1.000000e+00
1.000000e+00
1.000000e+00
1.000000e+00
1.000000e+00
1.000000e+00
1.000000e+00
1.000000e+00
1.000000e+00
1.000000e+00
1.000000e+00
1.000000e+00
1.000000e+00
1.000000e+00
1.000000e+00
1.000000e+00
1.000000e+00
1.000000e+00
1.000000e+00
1.000000e+00
1.000000e+00
1.000000e+00
1.000000e+00
1.000000e+00
1.000000e+00
1.000000e+00
1.000000e+00
1.000000e+00
1.000000e+00
1.000000e+00
1.000000e+00
1.000000e+00
1.000000e+00
1.000000e+00
1.000000e+00
1.000000e+00
1.000000e+00
1.000000e+00
1.000000e+00
1.000000e+00
1.000000e+00
1.000000e+00
1.000000e+00
1.000000e+00
1.000000e+00
1.000000e+00
1.000000e+00
1.000000e+00
1.000000e+00
1.000000e+00
1.000000e+00
1.000000e+00
1.000000e+00
1.000000e+00
1.000000e+00
1.000000e+00
1.000000e+00
1.000000e+00
1.000000e+00
1.000000e+00
1.000000e+00
1.000000e+00
1.000000e+00
1.000000e+00
1.000000e+00
1.000000e+00
1.000000e+00
1.000000e+00
1.000000e+00
1.000000e+00
1.000000e+00
1.000000e+00
1.000000e+00
1.000000e+00
1.000000e+00
1.000000e+00
1.000000e+00
1.000000e+00
1.000000e+00
1.000000e+00
1.000000e+00
1.000000e+00
1.000000e+00
1.000000e+00
1.000000e+00
1.000000e+00
1.000000e+00
1.000000e+00
1.000000e+00
1.000000e+00
1.000000e+00
1.000000e+00
1.000000e+00
1.000000e+00
1.000000e+00
1.000000e+00
1.000000e+00
1.000000e+00
1.000000e+00
1.000000e+00
1.000000e+00
1.000000e+00
1.000000e+00
1.000000e+00
1.000000e+00
1.000000e+00
1.000000e+00
1.000000e+00
1.000000e+00
1.000000e+00
1.000000e+00
1.000000e+00
1.000000e+00
1.000000e+00
1.000000e+00
1.000000e+00
1.000000e+00
1.000000e+00
1.000000e+00
1.000000e+00
1.000000e+00
1.000000e+00
1.000000e+00
1.000000e+00
1.000000e+00
1.000000e+00
1.000000e+00
1.000000e+00
1.000000e+00
1.000000e+00
1.000000e+00
1.000000e+00
1.000000e+00
1.000000e+00
1.000000e+00
1.000000e+00
1.000000e+00
1.000000e+00
1.000000e+00
1.000000e+00
1.000000e+00
1.000000e+00
1.000000e+00
1.000000e+00
1.000000e+00
1.000000e+00
1.000000e+00
1.000000e+00
1.000000e+00
1.000000e+00
1.000000e+00
1.000000e+00
1.000000e+00
1.000000e+00
1.000000e+00
1.000000e+00
1.000000e+00
1.000000e+00
1.000000e+00
1.000000e+00
1.000000e+00
1.000000e+00
1.000000e+00
1.000000e+00
1.000000e+00
1.000000e+00
1.000000e+00
1.000000e+00
1.000000e+00
1.000000e+00
1.000000e+00
1.000000e+00
1.000000e+00
1.000000e+00
1.000000e+00
1.000000e+00
1.000000e+00
1.000000e+00
1.000000e+00
1.000000e+00
1.000000e+00
1.000000e+00
1.000000e+00
1.000000e+00
1.000000e+00
1.000000e+00
1.000000e+00
1.000000e+00
1.000000e+00
1.000000e+00
1.000000e+00
1.000000e+00
1.000000e+00
1.000000e+00
1.000000e+00
1.000000e+00
1.000000e+00
1.000000e+00
1.000000e+00
1.000000e+00
1.000000e+00
1.000000e+00
1.000000e+00
1.000000e+00
1.000000e+00
1.000000e+00
1.000000e+00
1.000000e+00
1.000000e+00
1.000000e+00
1.000000e+00
1.000000e+00
1.000000e+00
1.000000e+00
1.000000e+00
1.000000e+00
1.000000e+00
1.000000e+00
1.000000e+00
1.000000e+00
1.000000e+00
1.000000e+00
1.000000e+00
1.000000e+00
1.000000e+00
1.000000e+00
1.000000e+00
1.000000e+00
1.000000e+00
1.000000e+00
1.000000e+00
1.000000e+00
1.000000e+00
1.000000e+00
1.000000e+00
1.000000e+00
1.000000e+00
1.000000e+00
1.000000e+00
1.000000e+00
1.000000e+00
1.000000e+00
1.000000e+00
1.000000e+00
1.000000e+00
1.000000e+00
1.000000e+00
1.000000e+00
1.000000e+00
1.000000e+00
1.000000e+00
1.000000e+00
1.000000e+00
1.000000e+00
1.000000e+00
1.000000e+00
9.999999e-01
9.999999e-01
9.999998e-01
9.999997e-01
9.999995e-01
9.999992e-01
9.999987e-01
9.999978e-01
9.999964e-01
9.999940e-01
9.999901e-01
9.999837e-01
9.999731e-01
9.999557e-01
9.999270e-01
9.998797e-01
9.998016e-01
9.996729e-01
9.994609e-01
9.991114e-01
9.985358e-01
9.975883e-01
9.960300e-01
9.934713e-01
9.892814e-01
9.824501e-01
9.713908e-01
9.536909e-01
9.258759e-01
8.833970e-01
8.212736e-01
7.359454e-01
6.283162e-01
5.062497e-01
3.834335e-01
2.738850e-01
1.861838e-01
1.218529e-01
7.762947e-02
4.856816e-02
3.003199e-02
1.843314e-02
1.126195e-02
6.861119e-03
4.172744e-03
2.535059e-03
1.539127e-03
9.340930e-04
5.667644e-04
3.438366e-04
2.085757e-04
1.265179e-04
7.674086e-05
4.654706e-05
2.823277e-05
1.712421e-05
1.038645e-05
6.299711e-06
3.821000e-06
2.317543e-06
1.405682e-06
8.525792e-07
5.171327e-07
3.136488e-07
1.902527e-07
1.153880e-07
6.999989e-08
4.245252e-08
2.576109e-08
1.562163e-08
9.486355e-09
5.751588e-09
3.499092e-09
2.121043e-09
1.296424e-09
7.858373e-10
4.860668e-10
2.950028e-10
1.879427e-10
1.147669e-10
7.828266e-11
4.876899e-11
3.797468e-11
2.477685e-11
2.319517e-11
1.622041e-11
1.782141e-11
1.332789e-11
1.591871e-11
1.250661e-11
1.530187e-11
1.243666e-11
1.516581e-11
1.263317e-11
1.521278e-11
1.291955e-11
1.533229e-11
1.323180e-11
1.548317e-11
1.354666e-11
1.564893e-11
1.385692e-11
1.582345e-11
1.415984e-11
1.600337e-11
1.445527e-11
1.618733e-11
1.474360e-11
1.637396e-11
1.502487e-11
1.656308e-11
1.530026e-11
1.675421e-11
1.556938e-11
1.694639e-11
1.583289e-11
1.713901e-11
1.609096e-11
1.733236e-11
1.634437e-11
1.752593e-11
1.659278e-11
1.771933e-11
1.683687e-11
1.791206e-11
1.707617e-11
1.810452e-11
1.731204e-11
1.829609e-11
1.754347e-11
1.848688e-11
1.777117e-11
1.867650e-11
1.799488e-11
1.886491e-11
1.821526e-11
1.905215e-11
1.843148e-11
1.923750e-11
1.864464e-11
1.942146e-11
1.885408e-11
1.960376e-11
1.906064e-11
1.978467e-11
1.926376e-11
1.996386e-11
1.946382e-11
2.014072e-11
1.966033e-11
2.031603e-11
1.985362e-11
2.048944e-11
2.004413e-11
2.066075e-11
2.023176e-11
2.083012e-11
2.041572e-11
2.099759e-11
2.059730e-11
2.116274e-11
2.077571e-11
2.132589e-11
2.095174e-11
2.148676e-11
2.112399e-11
2.164574e-11
2.129358e-11
2.180178e-11
2.145983e-11
2.195533e-11
2.162287e-11
2.210626e-11
2.178263e-11
2.225431e-11
2.193928e-11
2.239964e-11
2.209244e-11
2.254241e-11
2.224226e-11
2.268186e-11
2.238876e-11
2.281852e-11
2.253170e-11
2.295220e-11
2.267125e-11
2.308270e-11
2.280753e-11
2.321027e-11
2.294015e-11
2.333461e-11
2.306960e-11
2.345624e-11
2.319561e-11
2.357481e-11
2.331862e-11
2.369011e-11
2.343786e-11
2.380274e-11
2.355427e-11
2.391198e-11
2.366651e-11
2.401795e-11
2.377587e-11
2.412082e-11
2.388129e-11
2.422040e-11
2.398354e-11
2.431649e-11
2.408207e-11
2.440959e-11
2.417716e-11
2.449890e-11
2.426898e-11
2.458550e-11
2.435702e-11
2.466888e-11
2.444156e-11
2.474826e-11
2.452261e-11
2.482436e-11
2.459971e-11
2.489714e-11
2.467349e-11
2.496658e-11
2.474387e-11
2.503286e-11
2.481088e-11
2.509565e-11
2.487455e-11
2.515554e-11
2.493467e-11
2.521172e-11
2.499073e-11
2.526440e-11
2.504374e-11
2.531375e-11
2.509271e-11
2.535927e-11
2.513839e-11
2.540140e-11
2.518002e-11
2.544032e-11
2.521822e-11
2.547534e-11
2.525280e-11
2.550693e-11
2.528366e-11
2.553485e-11
2.531075e-11
2.555933e-11
2.533407e-11
2.557987e-11
2.535339e-11
2.559714e-11
2.536932e-11
2.561057e-11
2.538147e-11
2.562051e-11
2.539002e-11
2.562706e-11
2.539491e-11
2.563000e-11
