2.222317e-11
2.245665e-11
2.222117e-11
2.245287e-11
2.221534e-11
2.244582e-11
2.220679e-11
2.243566e-11
2.219452e-11
2.242279e-11
2.217948e-11
2.240658e-11
2.216127e-11
2.238765e-11
2.214012e-11
2.236550e-11
2.211598e-11
2.234118e-11
2.208905e-11
2.231421e-11
2.205919e-11
2.228351e-11
2.202633e-11
2.225026e-11
2.199008e-11
2.221412e-11
2.195111e-11
2.217532e-11
2.190875e-11
2.213330e-11
2.186379e-11
2.208828e-11
2.181522e-11
2.204059e-11
2.176387e-11
2.198958e-11
2.170930e-11
2.193579e-11
2.165151e-11
2.187844e-11
2.159029e-11
2.181849e-11
2.152589e-11
2.175538e-11
2.145839e-11
2.168954e-11
2.138817e-11
2.162037e-11
2.131434e-11
2.154876e-11
2.123740e-11
2.147360e-11
2.115735e-11
2.139561e-11
2.107414e-11
2.131451e-11
2.098760e-11
2.123068e-11
2.089823e-11
2.114431e-11
2.080563e-11
2.105471e-11
2.071010e-11
2.096234e-11
2.061135e-11
2.086709e-11
2.050937e-11
2.076883e-11
2.040423e-11
2.066763e-11
2.029604e-11
2.056372e-11
2.018447e-11
2.045702e-11
2.006983e-11
2.034733e-11
1.995221e-11
2.023509e-11
1.983130e-11
2.011968e-11
1.970751e-11
2.000233e-11
1.958067e-11
1.988215e-11
1.945083e-11
1.975908e-11
1.931788e-11
1.963357e-11
1.918155e-11
1.950518e-11
1.904232e-11
1.937472e-11
1.890033e-11
1.924150e-11
1.875533e-11
1.910616e-11
1.860700e-11
1.896833e-11
1.845613e-11
1.882811e-11
1.830197e-11
1.868578e-11
1.814543e-11
1.854128e-11
1.798545e-11
1.839490e-11
1.782302e-11
1.824696e-11
1.765788e-11
1.809686e-11
1.749006e-11
1.794492e-11
1.731937e-11
1.779177e-11
1.714595e-11
1.763700e-11
1.696987e-11
1.748029e-11
1.679074e-11
1.732237e-11
1.660871e-11
1.716288e-11
1.642408e-11
1.700207e-11
1.623623e-11
1.684020e-11
1.604561e-11
1.667705e-11
1.585138e-11
1.651285e-11
1.565442e-11
1.634776e-11
1.545375e-11
1.618150e-11
1.525002e-11
1.601452e-11
1.504219e-11
1.584738e-11
1.483158e-11
1.567979e-11
1.461692e-11
1.551226e-11
1.439876e-11
1.534456e-11
1.417666e-11
1.517808e-11
1.395045e-11
1.501255e-11
1.372019e-11
1.484762e-11
1.348516e-11
1.468464e-11
1.324518e-11
1.452305e-11
1.300021e-11
1.436457e-11
1.274947e-11
1.420880e-11
1.249290e-11
1.405653e-11
1.222933e-11
1.390899e-11
1.195877e-11
1.376760e-11
1.168154e-11
1.363454e-11
1.139955e-11
1.351658e-11
1.112038e-11
1.343026e-11
1.086725e-11
1.341655e-11
1.070416e-11
1.358652e-11
1.080847e-11
1.423722e-11
1.166400e-11
1.617484e-11
1.459100e-11
2.158346e-11
2.318234e-11
3.639766e-11
4.721018e-11
7.674161e-11
1.132437e-10
1.864376e-10
2.935164e-10
4.845985e-10
7.843873e-10
1.294992e-09
2.119631e-09
3.497698e-09
5.750212e-09
9.484999e-09
1.562029e-08
2.575977e-08
4.245122e-08
6.999861e-08
1.153867e-07
1.902515e-07
3.136475e-07
5.171314e-07
8.525780e-07
1.405681e-06
2.317542e-06
3.820999e-06
6.299710e-06
1.038645e-05
1.712421e-05
2.823277e-05
4.654706e-05
7.674086e-05
1.265179e-04
2.085757e-04
3.438366e-04
5.667644e-04
9.340930e-04
1.539126e-03
2.535059e-03
4.172744e-03
6.861119e-03
1.126195e-02
1.843314e-02
3.003199e-02
4.856816e-02
7.762947e-02
1.218529e-01
1.861838e-01
2.738850e-01
3.834335e-01
5.062497e-01
6.283162e-01
7.359454e-01
8.212736e-01
8.833970e-01
9.258759e-01
9.536909e-01
9.713908e-01
9.824501e-01
9.892814e-01
9.934713e-01
9.960300e-01
9.975883e-01
9.985358e-01
9.991114e-01
9.994609e-01
9.996729e-01
9.998016e-01
9.998797e-01
9.999270e-01
9.999557e-01
9.999731e-01
9.999837e-01
9.999901e-01
9.999940e-01
9.999964e-01
9.999978e-01
9.999987e-01
9.999992e-01
9.999995e-01
9.999997e-01
9.999998e-01
9.999999e-01
9.999999e-01
1.000000e+00
1.000000e+00
1.000000e+00
1.000000e+00
1.000000e+00
1.000000e+00
1.000000e+00
1.000000e+00
1.000000e+00
1.000000e+00
1.000000e+00
1.000000e+00
1.000000e+00
1.000000e+00
1.000000e+00
1.000000e+00
1.000000e+00
1.000000e+00
1.000000e+00
1.000000e+00
1.000000e+00
1.000000e+00
1.000000e+00
1.000000e+00
1.000000e+00
1.000000e+00
1.000000e+00
1.000000e+00
1.000000e+00
1.000000e+00
1.000000e+00
1.000000e+00
1.000000e+00
1.000000e+00
1.000000e+00
1.000000e+00
1.000000e+00
1.000000e+00
1.000000e+00
1.000000e+00
1.000000e+00
1.000000e+00
1.000000e+00
1.000000e+00
1.000000e+00
1.000000e+00
1.000000e+00
1.000000e+00
1.000000e+00
1.000000e+00
1.000000e+00
1.000000e+00
1.000000e+00
1.000000e+00
1.000000e+00
1.000000e+00
1.000000e+00
1.000000e+00
1.000000e+00
1.000000e+00
1.000000e+00
1.000000e+00
1.000000e+00
1.000000e+00
1.000000e+00
1.000000e+00
1.000000e+00
1.000000e+00
1.000000e+00
1.000000e+00
1.000000e+00
1.000000e+00
1.000000e+00
1.000000e+00
1.000000e+00
1.000000e+00
1.000000e+00
1.000000e+00
1.000000e+00
1.000000e+00
1.000000e+00
1.000000e+00
1.000000e+00
1.000000e+00
1.000000e+00
1.000000e+00
1.000000e+00
1.000000e+00
1.000000e+00
1.000000e+00
1.000000e+00
1.000000e+00
1.000000e+00
1.000000e+00
1.000000e+00
1.000000e+00
1.000000e+00
1.000000e+00
1.000000e+00
1.000000e+00
1.000000e+00
1.000000e+00
1.000000e+00
1.000000e+00
1.000000e+00
1.000000e+00
1.000000e+00
1.000000e+00
1.000000e+00
1.000000e+00
1.000000e+00
1.000000e+00
1.000000e+00
1.000000e+00
1.000000e+00
1.000000e+00
1.000000e+00
1.000000e+00
1.000000e+00
1.000000e+00
1.000000e+00
1.000000e+00
1.000000e+00
1.000000e+00
1.000000e+00
1.000000e+00
1.000000e+00
1.000000e+00
1.000000e+00
1.000000e+00
1.000000e+00
1.000000e+00
1.000000e+00
1.000000e+00
1.000000e+00
1.000000e+00
1.000000e+00
1.000000e+00
1.000000e+00
1.000000e+00
1.000000e+00
1.000000e+00
1.000000e+00
1.000000e+00
1.000000e+00
1.000000e+00
1.000000e+00
1.000000e+00
1.000000e+00
1.000000e+00
1.000000e+00
1.000000e+00
1.000000e+00
1.000000e+00
1.000000e+00
1.000000e+00
1.000000e+00
1.000000e+00
1.000000e+00
1.000000e+00
1.000000e+00
1.000000e+00
1.000000e+00
1.000000e+00
1.000000e+00
1.000000e+00
1.000000e+00
1.000000e+00
1.000000e+00
1.000000e+00
1.000000e+00
1.000000e+00
1.000000e+00
1.000000e+00
1.000000e+00
1.000000e+00
1.000000e+00
1.000000e+00
1.000000e+00
1.000000e+00
1.000000e+00
1.000000e+00
1.000000e+00
1.000000e+00
1.000000e+00
1.000000e+00
1.000000e+00
1.000000e+00
1.000000e+00
1.000000e+00
1.000000e+00
1.000000e+00
1.000000e+00
1.000000e+00
1.000000e+00
1.000000e+00
1.000000e+00
1.000000e+00
1.000000e+00
1.000000e+00
1.000000e+00
1.000000e+00
1.000000e+00
1.000000e+00
1.000000e+00
1.000000e+00
1.000000e+00
1.000000e+00
1.000000e+00
1.000000e+00
1.000000e+00
1.000000e+00
1.000000e+00
1.000000e+00
1.000000e+00
1.000000e+00
1.000000e+00
1.000000e+00
1.000000e+00
1.000000e+00
1.000000e+00
1.000000e+00
1.000000e+00
1.000000e+00
1.000000e+00
1.000000e+00
1.000000e+00
1.000000e+00
1.000000e+00
1.000000e+00
1.000000e+00
1.000000e+00
1.000000e+00
1.000000e+00
1.000000e+00
1.000000e+00
1.000000e+00
1.000000e+00
1.000000e+00
1.000000e+00
1.000000e+00
1.000000e+00
1.000000e+00
1.000000e+00
1.000000e+00
1.000000e+00
1.000000e+00
1.000000e+00
1.000000e+00
1.000000e+00
1.000000e+00
1.000000e+00
1.000000e+00
1.000000e+00
1.000000e+00
1.000000e+00
1.000000e+00
1.000000e+00
1.000000e+00
1.000000e+00
1.000000e+00
1.000000e+00
1.000000e+00
1.000000e+00
1.000000e+00
1.000000e+00
1.000000e+00
1.000000e+00
1.000000e+00
1.000000e+00
1.000000e+00
1.000000e+00
1.000000e+00
1.000000e+00
1.000000e+00
1.000000e+00
1.000000e+00
1.000000e+00
1.000000e+00
1.000000e+00
1.000000e+00
1.000000e+00
1.000000e+00
1.000000e+00
1.000000e+00
1.000000e+00
1.000000e+00
1.000000e+00
1.000000e+00
1.000000e+00
1.000000e+00
1.000000e+00
1.000000e+00
1.000000e+00
1.000000e+00
1.000000e+00
1.000000e+00
1.000000e+00
1.000000e+00
1.000000e+00
1.000000e+00
1.000000e+00
1.000000e+00
1.000000e+00
1.000000e+00
1.000000e+00
1.000000e+00
1.000000e+00
1.000000e+00
1.000000e+00
1.000000e+00
1.000000e+00
1.000000e+00
1.000000e+00
1.000000e+00
1.000000e+00
1.000000e+00
1.000000e+00
1.000000e+00
1.000000e+00
1.000000e+00
1.000000e+00
1.000000e+00
1.000000e+00
1.000000e+00
1.000000e+00
1.000000e+00
1.000000e+00
1.000000e+00
1.000000e+00
1.000000e+00
1.000000e+00
1.000000e+00
1.000000e+00
1.000000e+00
1.000000e+00
1.000000e+00
1.000000e+00
1.000000e+00
1.000000e+00
1.000000e+00
1.000000e+00
1.000000e+00
1.000000e+00
1.000000e+00
1.000000e+00
1.000000e+00
1.000000e+00
1.000000e+00
1.000000e+00
1.000000e+00
1.000000e+00
1.000000e+00
1.000000e+00
1.000000e+00
1.000000e+00
1.000000e+00
1.000000e+00
1.000000e+00
1.000000e+00
1.000000e+00
1.000000e+00
1.000000e+00
1.000000e+00
1.000000e+00
1.000000e+00
1.000000e+00
1.000000e+00
1.000000e+00
1.000000e+00
1.000000e+00
1.000000e+00
1.000000e+00
1.000000e+00
1.000000e+00
1.000000e+00
1.000000e+00
1.000000e+00
1.000000e+00
1.000000e+00
1.000000e+00
1.000000e+00
1.000000e+00
1.000000e+00
1.000000e+00
1.000000e+00
1.000000e+00
1.000000e+00
1.000000e+00
1.000000e+00
1.000000e+00
1.000000e+00
1.000000e+00
1.000000e+00
1.000000e+00
1.000000e+00
1.000000e+00
1.000000e+00
1.000000e+00
1.000000e+00
1.000000e+00
1.000000e+00
1.000000e+00
1.000000e+00
1.000000e+00
1.000000e+00
1.000000e+00
1.000000e+00
1.000000e+00
1.000000e+00
1.000000e+00
1.000000e+00
1.000000e+00
1.000000e+00
1.000000e+00
1.000000e+00
1.000000e+00
1.000000e+00
1.000000e+00
1.000000e+00
1.000000e+00
1.000000e+00
1.000000e+00
1.000000e+00
1.000000e+00
1.000000e+00
1.000000e+00
1.000000e+00
1.000000e+00
1.000000e+00
1.000000e+00
1.000000e+00
1.000000e+00
1.000000e+00
1.000000e+00
1.000000e+00
1.000000e+00
1.000000e+00
1.000000e+00
1.000000e+00
1.000000e+00
1.000000e+00
1.000000e+00
1.000000e+00
1.000000e+00
1.000000e+00
1.000000e+00
1.000000e+00
1.000000e+00
1.000000e+00
1.000000e+00
1.000000e+00
1.000000e+00
1.000000e+00
1.000000e+00
1.000000e+00
1.000000e+00
1.000000e+00
1.000000e+00
1.000000e+00
1.000000e+00
1.000000e+00
1.000000e+00
1.000000e+00
1.000000e+00
1.000000e+00
1.000000e+00
1.000000e+00
1.000000e+00
1.000000e+00
1.000000e+00
1.000000e+00
1.000000e+00
1.000000e+00
1.000000e+00
1.000000e+00
1.000000e+00
1.000000e+00
1.000000e+00
1.000000e+00
1.000000e+00
1.000000e+00
1.000000e+00
1.000000e+00
1.000000e+00
1.000000e+00
1.000000e+00
1.000000e+00
1.000000e+00
1.000000e+00
1.000000e+00
1.000000e+00
1.000000e+00
1.000000e+00
1.000000e+00
1.000000e+00
1.000000e+00
9.999999e-01
9.999999e-01
9.999998e-01
9.999997e-01
9.999995e-01
9.999992e-01
9.999987e-01
9.999978e-01
9.999964e-01
9.999940e-01
9.999901e-01
9.999837e-01
9.999731e-01
9.999557e-01
9.999270e-01
9.998797e-01
9.998016e-01
9.996729e-01
9.994609e-01
9.991114e-01
9.985358e-01
9.975883e-01
9.960300e-01
9.934713e-01
9.892814e-01
9.824501e-01
9.713908e-01
9.536909e-01
9.258759e-01
8.833970e-01
8.212736e-01
7.359454e-01
6.283162e-01
5.062497e-01
3.834335e-01
2.738850e-01
1.861838e-01
1.218529e-01
7.762947e-02
4.856816e-02
3.003199e-02
1.843314e-02
1.126195e-02
6.861119e-03
4.172744e-03
2.535059e-03
1.539126e-03
9.340930e-04
5.667644e-04
3.438366e-04
2.085757e-04
1.265179e-04
7.674086e-05
4.654706e-05
2.823277e-05
1.712421e-05
1.038645e-05
6.299710e-06
3.820999e-06
2.317542e-06
1.405681e-06
8.525780e-07
5.171315e-07
3.136476e-07
1.902515e-07
1.153867e-07
6.999864e-08
4.245124e-08
2.575980e-08
1.562032e-08
9.485031e-09
5.750246e-09
3.497733e-09
2.119667e-09
1.295031e-09
7.844270e-10
4.846396e-10
2.935591e-10
1.864818e-10
1.132892e-10
7.678813e-11
4.725775e-11
3.644651e-11
2.323236e-11
2.163431e-11
1.464279e-11
1.622713e-11
1.171746e-11
1.429157e-11
1.086359e-11
1.364259e-11
1.076106e-11
1.347400e-11
1.092559e-11
1.348921e-11
1.118006e-11
1.357697e-11
1.146061e-11
1.369649e-11
1.174416e-11
1.383088e-11
1.202327e-11
1.397416e-11
1.229511e-11
1.412320e-11
1.256001e-11
1.427647e-11
1.281764e-11
1.443312e-11
1.306927e-11
1.459211e-11
1.331429e-11
1.475342e-11
1.355377e-11
1.491635e-11
1.378825e-11
1.508021e-11
1.401773e-11
1.524469e-11
1.424250e-11
1.540990e-11
1.446288e-11
1.557554e-11
1.467904e-11
1.574080e-11
1.489120e-11
1.590589e-11
1.509953e-11
1.607048e-11
1.530442e-11
1.623457e-11
1.550537e-11
1.639788e-11
1.570322e-11
1.656014e-11
1.589717e-11
1.672140e-11
1.608846e-11
1.688172e-11
1.627615e-11
1.704048e-11
1.646094e-11
1.719813e-11
1.664247e-11
1.735467e-11
1.682154e-11
1.750949e-11
1.699746e-11
1.766304e-11
1.717071e-11
1.781469e-11
1.734113e-11
1.796530e-11
1.750899e-11
1.811479e-11
1.767431e-11
1.826184e-11
1.783695e-11
1.840766e-11
1.799694e-11
1.855160e-11
1.815431e-11
1.869388e-11
1.830897e-11
1.883416e-11
1.846123e-11
1.897243e-11
1.861056e-11
1.910883e-11
1.875722e-11
1.924305e-11
1.890105e-11
1.937489e-11
1.904205e-11
1.950423e-11
1.917999e-11
1.963124e-11
1.931483e-11
1.975553e-11
1.944661e-11
1.987771e-11
1.957579e-11
1.999678e-11
1.970157e-11
2.011391e-11
1.982470e-11
2.022815e-11
1.994466e-11
2.033979e-11
2.006190e-11
2.044875e-11
2.017597e-11
2.055511e-11
2.028738e-11
2.065903e-11
2.039580e-11
2.076023e-11
2.050121e-11
2.085893e-11
2.060352e-11
2.095485e-11
2.070299e-11
2.104783e-11
2.079897e-11
2.113770e-11
2.089245e-11
2.122508e-11
2.098233e-11
2.130929e-11
2.106909e-11
2.139050e-11
2.115280e-11
2.146905e-11
2.123329e-11
2.154449e-11
2.131084e-11
2.161737e-11
2.138534e-11
2.168732e-11
2.145656e-11
2.175393e-11
2.152478e-11
2.181766e-11
2.158990e-11
2.187844e-11
2.165174e-11
2.193673e-11
2.171069e-11
2.199169e-11
2.176676e-11
2.204381e-11
2.181927e-11
2.209311e-11
2.186884e-11
2.213890e-11
2.191486e-11
2.218192e-11
2.195821e-11
2.222139e-11
2.199763e-11
2.225836e-11
2.203421e-11
2.229189e-11
2.206746e-11
2.232231e-11
2.209766e-11
2.234957e-11
2.212447e-11
2.237432e-11
2.214828e-11
2.239559e-11
2.216871e-11
2.241363e-11
2.218592e-11
2.242850e-11
2.219985e-11
2.244060e-11
2.221084e-11
2.244943e-11
2.221812e-11
2.245509e-11
2.222278e-11
2.245742e-11
