1.950207e-11
1.973544e-11
1.949962e-11
1.973166e-11
1.949452e-11
1.972533e-11
1.948658e-11
1.971640e-11
1.947631e-11
1.970524e-11
1.946238e-11
1.969080e-11
1.944661e-11
1.967393e-11
1.942779e-11
1.965483e-11
1.940659e-11
1.963329e-11
1.938238e-11
1.960865e-11
1.935568e-11
1.958184e-11
1.932599e-11
1.955225e-11
1.929418e-11
1.952005e-11
1.925882e-11
1.948552e-11
1.922140e-11
1.944817e-11
1.918132e-11
1.940881e-11
1.913841e-11
1.936634e-11
1.909245e-11
1.932104e-11
1.904382e-11
1.927308e-11
1.899231e-11
1.922301e-11
1.893835e-11
1.917011e-11
1.888095e-11
1.911427e-11
1.882128e-11
1.905592e-11
1.875866e-11
1.899536e-11
1.869377e-11
1.893224e-11
1.862543e-11
1.886596e-11
1.855444e-11
1.879680e-11
1.848027e-11
1.872535e-11
1.840350e-11
1.865130e-11
1.832362e-11
1.857470e-11
1.824152e-11
1.849576e-11
1.815664e-11
1.841438e-11
1.806894e-11
1.833028e-11
1.797829e-11
1.824341e-11
1.788486e-11
1.815431e-11
1.778855e-11
1.806266e-11
1.768985e-11
1.796852e-11
1.758765e-11
1.787176e-11
1.748335e-11
1.777251e-11
1.737593e-11
1.767153e-11
1.726636e-11
1.756834e-11
1.715333e-11
1.746203e-11
1.703809e-11
1.735356e-11
1.691952e-11
1.724293e-11
1.679867e-11
1.712985e-11
1.667472e-11
1.701506e-11
1.654854e-11
1.689787e-11
1.641975e-11
1.677891e-11
1.628825e-11
1.665762e-11
1.615369e-11
1.653394e-11
1.601652e-11
1.640865e-11
1.587669e-11
1.628170e-11
1.573480e-11
1.615308e-11
1.558997e-11
1.602296e-11
1.544326e-11
1.589145e-11
1.529415e-11
1.575873e-11
1.514278e-11
1.562478e-11
1.498873e-11
1.548933e-11
1.483230e-11
1.535228e-11
1.467276e-11
1.521439e-11
1.451117e-11
1.507500e-11
1.434630e-11
1.493500e-11
1.417955e-11
1.479400e-11
1.400985e-11
1.465217e-11
1.383743e-11
1.450962e-11
1.366196e-11
1.436623e-11
1.348355e-11
1.422218e-11
1.330203e-11
1.407829e-11
1.311778e-11
1.393419e-11
1.292966e-11
1.378975e-11
1.273875e-11
1.364547e-11
1.254391e-11
1.350209e-11
1.234590e-11
1.335959e-11
1.214395e-11
1.321793e-11
1.193812e-11
1.307798e-11
1.172762e-11
1.293965e-11
1.151290e-11
1.280320e-11
1.129274e-11
1.266992e-11
1.106742e-11
1.253958e-11
1.083661e-11
1.241374e-11
1.059930e-11
1.229211e-11
1.035483e-11
1.217648e-11
1.010397e-11
1.206996e-11
9.848566e-12
1.197925e-11
9.596823e-12
1.191997e-11
9.370726e-12
1.193384e-11
9.235390e-12
1.213124e-11
9.367451e-12
1.281053e-11
1.025141e-11
1.477629e-11
1.320677e-11
2.021350e-11
2.182665e-11
3.505607e-11
4.588291e-11
7.542889e-11
1.119457e-10
1.851539e-10
2.922470e-10
4.833440e-10
7.831475e-10
1.293767e-09
2.118420e-09
3.496503e-09
5.749032e-09
9.483834e-09
1.561914e-08
2.575863e-08
4.245010e-08
6.999751e-08
1.153856e-07
1.902504e-07
3.136465e-07
5.171304e-07
8.525770e-07
1.405680e-06
2.317541e-06
3.820998e-06
6.299709e-06
1.038645e-05
1.712420e-05
2.823277e-05
4.654706e-05
7.674086e-05
1.265179e-04
2.085757e-04
3.438366e-04
5.667644e-04
9.340930e-04
1.539126e-03
2.535059e-03
4.172744e-03
6.861119e-03
1.126195e-02
1.843314e-02
3.003199e-02
4.856816e-02
7.762947e-02
1.218529e-01
1.861838e-01
2.738850e-01
3.834335e-01
5.062497e-01
6.283162e-01
7.359454e-01
8.212736e-01
8.833970e-01
9.258759e-01
9.536909e-01
9.713908e-01
9.824501e-01
9.892814e-01
9.934713e-01
9.960300e-01
9.975883e-01
9.985358e-01
9.991114e-01
9.994609e-01
9.996729e-01
9.998016e-01
9.998797e-01
9.999270e-01
9.999557e-01
9.999731e-01
9.999837e-01
9.999901e-01
9.999940e-01
9.999964e-01
9.999978e-01
9.999987e-01
9.999992e-01
9.999995e-01
9.999997e-01
9.999998e-01
9.999999e-01
9.999999e-01
1.000000e+00
1.000000e+00
1.000000e+00
1.000000e+00
1.000000e+00
1.000000e+00
1.000000e+00
1.000000e+00
1.000000e+00
1.000000e+00
1.000000e+00
1.000000e+00
1.000000e+00
1.000000e+00
1.000000e+00
1.000000e+00
1.000000e+00
1.000000e+00
1.000000e+00
1.000000e+00
1.000000e+00
1.000000e+00
1.000000e+00
1.000000e+00
1.000000e+00
1.000000e+00
1.000000e+00
1.000000e+00
1.000000e+00
1.000000e+00
1.000000e+00
1.000000e+00
1.000000e+00
1.000000e+00
1.000000e+00
1.000000e+00
1.000000e+00
1.000000e+00
1.000000e+00
1.000000e+00
1.000000e+00
1.000000e+00
1.000000e+00
1.000000e+00
1.000000e+00
1.000000e+00
1.000000e+00
1.000000e+00
1.000000e+00
1.000000e+00
1.000000e+00
1.000000e+00
1.000000e+00
1.000000e+00
1.000000e+00
1.000000e+00
1.000000e+00
1.000000e+00
1.000000e+00
1.000000e+00
1.000000e+00
1.000000e+00
1.000000e+00
1.000000e+00
1.000000e+00
1.000000e+00
1.000000e+00
1.000000e+00
1.000000e+00
1.000000e+00
1.000000e+00
1.000000e+00
1.000000e+00
1.000000e+00
1.000000e+00
1.000000e+00
1.000000e+00
1.000000e+00
1.000000e+00
1.000000e+00
1.000000e+00
1.000000e+00
1.000000e+00
1.000000e+00
1.000000e+00
1.000000e+00
1.000000e+00
1.000000e+00
1.000000e+00
1.000000e+00
1.000000e+00
1.000000e+00
1.000000e+00
1.000000e+00
1.000000e+00
1.000000e+00
1.000000e+00
1.000000e+00
1.000000e+00
1.000000e+00
1.000000e+00
1.000000e+00
1.000000e+00
1.000000e+00
1.000000e+00
1.000000e+00
1.000000e+00
1.000000e+00
1.000000e+00
1.000000e+00
1.000000e+00
1.000000e+00
1.000000e+00
1.000000e+00
1.000000e+00
1.000000e+00
1.000000e+00
1.000000e+00
1.000000e+00
1.000000e+00
1.000000e+00
1.000000e+00
1.000000e+00
1.000000e+00
1.000000e+00
1.000000e+00
1.000000e+00
1.000000e+00
1.000000e+00
1.000000e+00
1.000000e+00
1.000000e+00
1.000000e+00
1.000000e+00
1.000000e+00
1.000000e+00
1.000000e+00
1.000000e+00
1.000000e+00
1.000000e+00
1.000000e+00
1.000000e+00
1.000000e+00
1.000000e+00
1.000000e+00
1.000000e+00
1.000000e+00
1.000000e+00
1.000000e+00
1.000000e+00
1.000000e+00
1.000000e+00
1.000000e+00
1.000000e+00
1.000000e+00
1.000000e+00
1.000000e+00
1.000000e+00
1.000000e+00
1.000000e+00
1.000000e+00
1.000000e+00
1.000000e+00
1.000000e+00
1.000000e+00
1.000000e+00
1.000000e+00
1.000000e+00
1.000000e+00
1.000000e+00
1.000000e+00
1.000000e+00
1.000000e+00
1.000000e+00
1.000000e+00
1.000000e+00
1.000000e+00
1.000000e+00
1.000000e+00
1.000000e+00
1.000000e+00
1.000000e+00
1.000000e+00
1.000000e+00
1.000000e+00
1.000000e+00
1.000000e+00
1.000000e+00
1.000000e+00
1.000000e+00
1.000000e+00
1.000000e+00
1.000000e+00
1.000000e+00
1.000000e+00
1.000000e+00
1.000000e+00
1.000000e+00
1.000000e+00
1.000000e+00
1.000000e+00
1.000000e+00
1.000000e+00
1.000000e+00
1.000000e+00
1.000000e+00
1.000000e+00
1.000000e+00
1.000000e+00
1.000000e+00
1.000000e+00
1.000000e+00
1.000000e+00
1.000000e+00
1.000000e+00
1.000000e+00
1.000000e+00
1.000000e+00
1.000000e+00
1.000000e+00
1.000000e+00
1.000000e+00
1.000000e+00
1.000000e+00
1.000000e+00
1.000000e+00
1.000000e+00
1.000000e+00
1.000000e+00
1.000000e+00
1.000000e+00
1.000000e+00
1.000000e+00
1.000000e+00
1.000000e+00
1.000000e+00
1.000000e+00
1.000000e+00
1.000000e+00
1.000000e+00
1.000000e+00
1.000000e+00
1.000000e+00
1.000000e+00
1.000000e+00
1.000000e+00
1.000000e+00
1.000000e+00
1.000000e+00
1.000000e+00
1.000000e+00
1.000000e+00
1.000000e+00
1.000000e+00
1.000000e+00
1.000000e+00
1.000000e+00
1.000000e+00
1.000000e+00
1.000000e+00
1.000000e+00
1.000000e+00
1.000000e+00
1.000000e+00
1.000000e+00
1.000000e+00
1.000000e+00
1.000000e+00
1.000000e+00
1.000000e+00
1.000000e+00
1.000000e+00
1.000000e+00
1.000000e+00
1.000000e+00
1.000000e+00
1.000000e+00
1.000000e+00
1.000000e+00
1.000000e+00
1.000000e+00
1.000000e+00
1.000000e+00
1.000000e+00
1.000000e+00
1.000000e+00
1.000000e+00
1.000000e+00
1.000000e+00
1.000000e+00
1.000000e+00
1.000000e+00
1.000000e+00
1.000000e+00
1.000000e+00
1.000000e+00
1.000000e+00
1.000000e+00
1.000000e+00
1.000000e+00
1.000000e+00
1.000000e+00
1.000000e+00
1.000000e+00
1.000000e+00
1.000000e+00
1.000000e+00
1.000000e+00
1.000000e+00
1.000000e+00
1.000000e+00
1.000000e+00
1.000000e+00
1.000000e+00
1.000000e+00
1.000000e+00
1.000000e+00
1.000000e+00
1.000000e+00
1.000000e+00
1.000000e+00
1.000000e+00
1.000000e+00
1.000000e+00
1.000000e+00
1.000000e+00
1.000000e+00
1.000000e+00
1.000000e+00
1.000000e+00
1.000000e+00
1.000000e+00
1.000000e+00
1.000000e+00
1.000000e+00
1.000000e+00
1.000000e+00
1.000000e+00
1.000000e+00
1.000000e+00
1.000000e+00
1.000000e+00
1.000000e+00
1.000000e+00
1.000000e+00
1.000000e+00
1.000000e+00
1.000000e+00
1.000000e+00
1.000000e+00
1.000000e+00
1.000000e+00
1.000000e+00
1.000000e+00
1.000000e+00
1.000000e+00
1.000000e+00
1.000000e+00
1.000000e+00
1.000000e+00
1.000000e+00
1.000000e+00
1.000000e+00
1.000000e+00
1.000000e+00
1.000000e+00
1.000000e+00
1.000000e+00
1.000000e+00
1.000000e+00
1.000000e+00
1.000000e+00
1.000000e+00
1.000000e+00
1.000000e+00
1.000000e+00
1.000000e+00
1.000000e+00
1.000000e+00
1.000000e+00
1.000000e+00
1.000000e+00
1.000000e+00
1.000000e+00
1.000000e+00
1.000000e+00
1.000000e+00
1.000000e+00
1.000000e+00
1.000000e+00
1.000000e+00
1.000000e+00
1.000000e+00
1.000000e+00
1.000000e+00
1.000000e+00
1.000000e+00
1.000000e+00
1.000000e+00
1.000000e+00
1.000000e+00
1.000000e+00
1.000000e+00
1.000000e+00
1.000000e+00
1.000000e+00
1.000000e+00
1.000000e+00
1.000000e+00
1.000000e+00
1.000000e+00
1.000000e+00
1.000000e+00
1.000000e+00
1.000000e+00
1.000000e+00
1.000000e+00
1.000000e+00
1.000000e+00
1.000000e+00
1.000000e+00
1.000000e+00
1.000000e+00
1.000000e+00
1.000000e+00
1.000000e+00
1.000000e+00
1.000000e+00
1.000000e+00
1.000000e+00
1.000000e+00
1.000000e+00
1.000000e+00
1.000000e+00
1.000000e+00
1.000000e+00
1.000000e+00
1.000000e+00
1.000000e+00
1.000000e+00
1.000000e+00
1.000000e+00
1.000000e+00
1.000000e+00
1.000000e+00
1.000000e+00
1.000000e+00
1.000000e+00
1.000000e+00
1.000000e+00
1.000000e+00
1.000000e+00
1.000000e+00
1.000000e+00
1.000000e+00
1.000000e+00
1.000000e+00
1.000000e+00
1.000000e+00
1.000000e+00
1.000000e+00
1.000000e+00
1.000000e+00
1.000000e+00
1.000000e+00
1.000000e+00
1.000000e+00
1.000000e+00
1.000000e+00
1.000000e+00
1.000000e+00
1.000000e+00
1.000000e+00
1.000000e+00
1.000000e+00
1.000000e+00
1.000000e+00
1.000000e+00
1.000000e+00
1.000000e+00
1.000000e+00
1.000000e+00
1.000000e+00
1.000000e+00
1.000000e+00
1.000000e+00
1.000000e+00
1.000000e+00
1.000000e+00
1.000000e+00
1.000000e+00
1.000000e+00
1.000000e+00
1.000000e+00
1.000000e+00
1.000000e+00
1.000000e+00
9.999999e-01
9.999999e-01
9.999998e-01
9.999997e-01
9.999995e-01
9.999992e-01
9.999987e-01
9.999978e-01
9.999964e-01
9.999940e-01
9.999901e-01
9.999837e-01
9.999731e-01
9.999557e-01
9.999270e-01
9.998797e-01
9.998016e-01
9.996729e-01
9.994609e-01
9.991114e-01
9.985358e-01
9.975883e-01
9.960300e-01
9.934713e-01
9.892814e-01
9.824501e-01
9.713908e-01
9.536909e-01
9.258759e-01
8.833970e-01
8.212736e-01
7.359454e-01
6.283162e-01
5.062497e-01
3.834335e-01
2.738850e-01
1.861838e-01
1.218529e-01
7.762947e-02
4.856816e-02
3.003199e-02
1.843314e-02
1.126195e-02
6.861119e-03
4.172744e-03
2.535059e-03
1.539126e-03
9.340930e-04
5.667644e-04
3.438366e-04
2.085757e-04
1.265179e-04
7.674086e-05
4.654706e-05
2.823277e-05
1.712420e-05
1.038645e-05
6.299709e-06
3.820998e-06
2.317541e-06
1.405680e-06
8.525770e-07
5.171304e-07
3.136465e-07
1.902504e-07
1.153856e-07
6.999753e-08
4.245013e-08
2.575866e-08
1.561917e-08
9.483867e-09
5.749067e-09
3.496539e-09
2.118458e-09
1.293807e-09
7.831883e-10
4.833861e-10
2.922907e-10
1.851989e-10
1.119919e-10
7.547613e-11
4.593137e-11
3.510564e-11
2.187717e-11
2.026468e-11
1.325923e-11
1.482992e-11
1.030592e-11
1.286637e-11
9.423962e-12
1.218903e-11
9.293677e-12
1.199302e-11
9.430623e-12
1.198069e-11
9.657997e-12
1.204126e-11
9.911238e-12
1.213374e-11
1.016820e-11
1.224176e-11
1.042100e-11
1.235889e-11
1.066691e-11
1.248174e-11
1.090544e-11
1.260897e-11
1.113737e-11
1.273981e-11
1.136308e-11
1.287365e-11
1.158312e-11
1.300970e-11
1.179751e-11
1.314748e-11
1.200723e-11
1.328682e-11
1.221234e-11
1.342737e-11
1.241324e-11
1.356876e-11
1.260964e-11
1.371048e-11
1.280248e-11
1.385225e-11
1.299122e-11
1.399431e-11
1.317685e-11
1.413597e-11
1.335843e-11
1.427763e-11
1.353734e-11
1.441858e-11
1.371309e-11
1.455913e-11
1.388567e-11
1.469880e-11
1.405492e-11
1.483746e-11
1.422157e-11
1.497541e-11
1.438549e-11
1.511252e-11
1.454714e-11
1.524875e-11
1.470540e-11
1.538358e-11
1.486167e-11
1.551703e-11
1.501521e-11
1.564981e-11
1.516659e-11
1.578154e-11
1.531536e-11
1.591133e-11
1.546185e-11
1.604022e-11
1.560591e-11
1.616784e-11
1.574813e-11
1.629374e-11
1.588757e-11
1.641853e-11
1.602490e-11
1.654155e-11
1.616030e-11
1.666334e-11
1.629302e-11
1.678296e-11
1.642297e-11
1.690054e-11
1.655054e-11
1.701606e-11
1.667544e-11
1.713002e-11
1.679817e-11
1.724160e-11
1.691758e-11
1.735112e-11
1.703487e-11
1.745831e-11
1.714945e-11
1.756384e-11
1.726175e-11
1.766709e-11
1.737088e-11
1.776757e-11
1.747780e-11
1.786576e-11
1.758155e-11
1.796197e-11
1.768308e-11
1.805589e-11
1.778161e-11
1.814748e-11
1.787820e-11
1.823663e-11
1.797185e-11
1.832395e-11
1.806288e-11
1.840839e-11
1.815109e-11
1.849032e-11
1.823636e-11
1.856998e-11
1.831907e-11
1.864686e-11
1.839945e-11
1.872147e-11
1.847628e-11
1.879341e-11
1.855111e-11
1.886274e-11
1.862294e-11
1.893008e-11
1.869233e-11
1.899492e-11
1.875833e-11
1.905631e-11
1.882178e-11
1.911504e-11
1.888212e-11
1.917150e-11
1.894024e-11
1.922529e-11
1.899492e-11
1.927652e-11
1.904754e-11
1.932515e-11
1.909711e-11
1.937134e-11
1.914408e-11
1.941464e-11
1.918765e-11
1.945510e-11
1.922873e-11
1.949302e-11
1.926681e-11
1.952810e-11
1.930239e-11
1.956074e-11
1.933453e-11
1.959050e-11
1.936434e-11
1.961725e-11
1.939093e-11
1.964162e-11
1.941491e-11
1.966322e-11
1.943568e-11
1.968187e-11
1.945433e-11
1.969774e-11
1.946937e-11
1.971112e-11
1.948186e-11
1.972167e-11
1.949096e-11
1.972933e-11
1.949790e-11
1.973410e-11
1.950134e-11
1.973621e-11
