1.715239e-11
1.738565e-11
1.714978e-11
1.738204e-11
1.714534e-11
1.737610e-11
1.713796e-11
1.736822e-11
1.712824e-11
1.735750e-11
1.711598e-11
1.734479e-11
1.710143e-11
1.732980e-11
1.708450e-11
1.731248e-11
1.706513e-11
1.729283e-11
1.704331e-11
1.727074e-11
1.701916e-11
1.724665e-11
1.699269e-11
1.722023e-11
1.696360e-11
1.719164e-11
1.693201e-11
1.716050e-11
1.689832e-11
1.712741e-11
1.686251e-11
1.709199e-11
1.682382e-11
1.705402e-11
1.678252e-11
1.701328e-11
1.673883e-11
1.697098e-11
1.669254e-11
1.692613e-11
1.664408e-11
1.687878e-11
1.659300e-11
1.682943e-11
1.653944e-11
1.677736e-11
1.648337e-11
1.672351e-11
1.642497e-11
1.666717e-11
1.636380e-11
1.660794e-11
1.630035e-11
1.654671e-11
1.623374e-11
1.648298e-11
1.616512e-11
1.641709e-11
1.609368e-11
1.634898e-11
1.602052e-11
1.627909e-11
1.594458e-11
1.620698e-11
1.586614e-11
1.613232e-11
1.578526e-11
1.605532e-11
1.570200e-11
1.597655e-11
1.561606e-11
1.589567e-11
1.552797e-11
1.581218e-11
1.543715e-11
1.572675e-11
1.534367e-11
1.563916e-11
1.524808e-11
1.554956e-11
1.514949e-11
1.545764e-11
1.504874e-11
1.536338e-11
1.494560e-11
1.526723e-11
1.483985e-11
1.516942e-11
1.473149e-11
1.506950e-11
1.462075e-11
1.496786e-11
1.450817e-11
1.486433e-11
1.439310e-11
1.475914e-11
1.427553e-11
1.465211e-11
1.415540e-11
1.454303e-11
1.403311e-11
1.443268e-11
1.390832e-11
1.432110e-11
1.378159e-11
1.420775e-11
1.365252e-11
1.409323e-11
1.352146e-11
1.397765e-11
1.338835e-11
1.386119e-11
1.325307e-11
1.374362e-11
1.311545e-11
1.362432e-11
1.297573e-11
1.350453e-11
1.283357e-11
1.338374e-11
1.268924e-11
1.326217e-11
1.254241e-11
1.313988e-11
1.239370e-11
1.301692e-11
1.224210e-11
1.289346e-11
1.208783e-11
1.276923e-11
1.193090e-11
1.264466e-11
1.177186e-11
1.251993e-11
1.160949e-11
1.239542e-11
1.144457e-11
1.227085e-11
1.127670e-11
1.214651e-11
1.110551e-11
1.202272e-11
1.093131e-11
1.189981e-11
1.075373e-11
1.177780e-11
1.057249e-11
1.165684e-11
1.038752e-11
1.153783e-11
1.019851e-11
1.142109e-11
1.000516e-11
1.130657e-11
9.806933e-12
1.119516e-11
9.603984e-12
1.108713e-11
9.395429e-12
1.098344e-11
9.180545e-12
1.088468e-11
8.958945e-12
1.079192e-11
8.731182e-12
1.070899e-11
8.499035e-12
1.064160e-11
8.270662e-12
1.060585e-11
8.068546e-12
1.064376e-11
7.957357e-12
1.086542e-11
8.113565e-12
1.156891e-11
9.021894e-12
1.355910e-11
1.200184e-11
1.902090e-11
2.064676e-11
3.388867e-11
4.472794e-11
7.428647e-11
1.108159e-10
1.840367e-10
2.911427e-10
4.822525e-10
7.820690e-10
1.292701e-09
2.117368e-09
3.495463e-09
5.748005e-09
9.482820e-09
1.561814e-08
2.575764e-08
4.244912e-08
6.999654e-08
1.153847e-07
1.902495e-07
3.136456e-07
5.171295e-07
8.525761e-07
1.405679e-06
2.317540e-06
3.820997e-06
6.299708e-06
1.038645e-05
1.712420e-05
2.823277e-05
4.654705e-05
7.674085e-05
1.265179e-04
2.085757e-04
3.438366e-04
5.667644e-04
9.340930e-04
1.539126e-03
2.535059e-03
4.172744e-03
6.861119e-03
1.126195e-02
1.843314e-02
3.003199e-02
4.856816e-02
7.762946e-02
1.218529e-01
1.861838e-01
2.738850e-01
3.834335e-01
5.062497e-01
6.283162e-01
7.359454e-01
8.212736e-01
8.833970e-01
9.258759e-01
9.536909e-01
9.713908e-01
9.824501e-01
9.892814e-01
9.934713e-01
9.960300e-01
9.975883e-01
9.985358e-01
9.991114e-01
9.994609e-01
9.996729e-01
9.998016e-01
9.998797e-01
9.999270e-01
9.999557e-01
9.999731e-01
9.999837e-01
9.999901e-01
9.999940e-01
9.999964e-01
9.999978e-01
9.999987e-01
9.999992e-01
9.999995e-01
9.999997e-01
9.999998e-01
9.999999e-01
9.999999e-01
1.000000e+00
1.000000e+00
1.000000e+00
1.000000e+00
1.000000e+00
1.000000e+00
1.000000e+00
1.000000e+00
1.000000e+00
1.000000e+00
1.000000e+00
1.000000e+00
1.000000e+00
1.000000e+00
1.000000e+00
1.000000e+00
1.000000e+00
1.000000e+00
1.000000e+00
1.000000e+00
1.000000e+00
1.000000e+00
1.000000e+00
1.000000e+00
1.000000e+00
1.000000e+00
1.000000e+00
1.000000e+00
1.000000e+00
1.000000e+00
1.000000e+00
1.000000e+00
1.000000e+00
1.000000e+00
1.000000e+00
1.000000e+00
1.000000e+00
1.000000e+00
1.000000e+00
1.000000e+00
1.000000e+00
1.000000e+00
1.000000e+00
1.000000e+00
1.000000e+00
1.000000e+00
1.000000e+00
1.000000e+00
1.000000e+00
1.000000e+00
1.000000e+00
1.000000e+00
1.000000e+00
1.000000e+00
1.000000e+00
1.000000e+00
1.000000e+00
1.000000e+00
1.000000e+00
1.000000e+00
1.000000e+00
1.000000e+00
1.000000e+00
1.000000e+00
1.000000e+00
1.000000e+00
1.000000e+00
1.000000e+00
1.000000e+00
1.000000e+00
1.000000e+00
1.000000e+00
1.000000e+00
1.000000e+00
1.000000e+00
1.000000e+00
1.000000e+00
1.000000e+00
1.000000e+00
1.000000e+00
1.000000e+00
1.000000e+00
1.000000e+00
1.000000e+00
1.000000e+00
1.000000e+00
1.000000e+00
1.000000e+00
1.000000e+00
1.000000e+00
1.000000e+00
1.000000e+00
1.000000e+00
1.000000e+00
1.000000e+00
1.000000e+00
1.000000e+00
1.000000e+00
1.000000e+00
1.000000e+00
1.000000e+00
1.000000e+00
1.000000e+00
1.000000e+00
1.000000e+00
1.000000e+00
1.000000e+00
1.000000e+00
1.000000e+00
1.000000e+00
1.000000e+00
1.000000e+00
1.000000e+00
1.000000e+00
1.000000e+00
1.000000e+00
1.000000e+00
1.000000e+00
1.000000e+00
1.000000e+00
1.000000e+00
1.000000e+00
1.000000e+00
1.000000e+00
1.000000e+00
1.000000e+00
1.000000e+00
1.000000e+00
1.000000e+00
1.000000e+00
1.000000e+00
1.000000e+00
1.000000e+00
1.000000e+00
1.000000e+00
1.000000e+00
1.000000e+00
1.000000e+00
1.000000e+00
1.000000e+00
1.000000e+00
1.000000e+00
1.000000e+00
1.000000e+00
1.000000e+00
1.000000e+00
1.000000e+00
1.000000e+00
1.000000e+00
1.000000e+00
1.000000e+00
1.000000e+00
1.000000e+00
1.000000e+00
1.000000e+00
1.000000e+00
1.000000e+00
1.000000e+00
1.000000e+00
1.000000e+00
1.000000e+00
1.000000e+00
1.000000e+00
1.000000e+00
1.000000e+00
1.000000e+00
1.000000e+00
1.000000e+00
1.000000e+00
1.000000e+00
1.000000e+00
1.000000e+00
1.000000e+00
1.000000e+00
1.000000e+00
1.000000e+00
1.000000e+00
1.000000e+00
1.000000e+00
1.000000e+00
1.000000e+00
1.000000e+00
1.000000e+00
1.000000e+00
1.000000e+00
1.000000e+00
1.000000e+00
1.000000e+00
1.000000e+00
1.000000e+00
1.000000e+00
1.000000e+00
1.000000e+00
1.000000e+00
1.000000e+00
1.000000e+00
1.000000e+00
1.000000e+00
1.000000e+00
1.000000e+00
1.000000e+00
1.000000e+00
1.000000e+00
1.000000e+00
1.000000e+00
1.000000e+00
1.000000e+00
1.000000e+00
1.000000e+00
1.000000e+00
1.000000e+00
1.000000e+00
1.000000e+00
1.000000e+00
1.000000e+00
1.000000e+00
1.000000e+00
1.000000e+00
1.000000e+00
1.000000e+00
1.000000e+00
1.000000e+00
1.000000e+00
1.000000e+00
1.000000e+00
1.000000e+00
1.000000e+00
1.000000e+00
1.000000e+00
1.000000e+00
1.000000e+00
1.000000e+00
1.000000e+00
1.000000e+00
1.000000e+00
1.000000e+00
1.000000e+00
1.000000e+00
1.000000e+00
1.000000e+00
1.000000e+00
1.000000e+00
1.000000e+00
1.000000e+00
1.000000e+00
1.000000e+00
1.000000e+00
1.000000e+00
1.000000e+00
1.000000e+00
1.000000e+00
1.000000e+00
1.000000e+00
1.000000e+00
1.000000e+00
1.000000e+00
1.000000e+00
1.000000e+00
1.000000e+00
1.000000e+00
1.000000e+00
1.000000e+00
1.000000e+00
1.000000e+00
1.000000e+00
1.000000e+00
1.000000e+00
1.000000e+00
1.000000e+00
1.000000e+00
1.000000e+00
1.000000e+00
1.000000e+00
1.000000e+00
1.000000e+00
1.000000e+00
1.000000e+00
1.000000e+00
1.000000e+00
1.000000e+00
1.000000e+00
1.000000e+00
1.000000e+00
1.000000e+00
1.000000e+00
1.000000e+00
1.000000e+00
1.000000e+00
1.000000e+00
1.000000e+00
1.000000e+00
1.000000e+00
1.000000e+00
1.000000e+00
1.000000e+00
1.000000e+00
1.000000e+00
1.000000e+00
1.000000e+00
1.000000e+00
1.000000e+00
1.000000e+00
1.000000e+00
1.000000e+00
1.000000e+00
1.000000e+00
1.000000e+00
1.000000e+00
1.000000e+00
1.000000e+00
1.000000e+00
1.000000e+00
1.000000e+00
1.000000e+00
1.000000e+00
1.000000e+00
1.000000e+00
1.000000e+00
1.000000e+00
1.000000e+00
1.000000e+00
1.000000e+00
1.000000e+00
1.000000e+00
1.000000e+00
1.000000e+00
1.000000e+00
1.000000e+00
1.000000e+00
1.000000e+00
1.000000e+00
1.000000e+00
1.000000e+00
1.000000e+00
1.000000e+00
1.000000e+00
1.000000e+00
1.000000e+00
1.000000e+00
1.000000e+00
1.000000e+00
1.000000e+00
1.000000e+00
1.000000e+00
1.000000e+00
1.000000e+00
1.000000e+00
1.000000e+00
1.000000e+00
1.000000e+00
1.000000e+00
1.000000e+00
1.000000e+00
1.000000e+00
1.000000e+00
1.000000e+00
1.000000e+00
1.000000e+00
1.000000e+00
1.000000e+00
1.000000e+00
1.000000e+00
1.000000e+00
1.000000e+00
1.000000e+00
1.000000e+00
1.000000e+00
1.000000e+00
1.000000e+00
1.000000e+00
1.000000e+00
1.000000e+00
1.000000e+00
1.000000e+00
1.000000e+00
1.000000e+00
1.000000e+00
1.000000e+00
1.000000e+00
1.000000e+00
1.000000e+00
1.000000e+00
1.000000e+00
1.000000e+00
1.000000e+00
1.000000e+00
1.000000e+00
1.000000e+00
1.000000e+00
1.000000e+00
1.000000e+00
1.000000e+00
1.000000e+00
1.000000e+00
1.000000e+00
1.000000e+00
1.000000e+00
1.000000e+00
1.000000e+00
1.000000e+00
1.000000e+00
1.000000e+00
1.000000e+00
1.000000e+00
1.000000e+00
1.000000e+00
1.000000e+00
1.000000e+00
1.000000e+00
1.000000e+00
1.000000e+00
1.000000e+00
1.000000e+00
1.000000e+00
1.000000e+00
1.000000e+00
1.000000e+00
1.000000e+00
1.000000e+00
1.000000e+00
1.000000e+00
1.000000e+00
1.000000e+00
1.000000e+00
1.000000e+00
1.000000e+00
1.000000e+00
1.000000e+00
1.000000e+00
1.000000e+00
1.000000e+00
1.000000e+00
1.000000e+00
1.000000e+00
1.000000e+00
1.000000e+00
1.000000e+00
1.000000e+00
1.000000e+00
1.000000e+00
1.000000e+00
1.000000e+00
1.000000e+00
1.000000e+00
1.000000e+00
1.000000e+00
1.000000e+00
1.000000e+00
1.000000e+00
1.000000e+00
1.000000e+00
1.000000e+00
1.000000e+00
1.000000e+00
1.000000e+00
1.000000e+00
1.000000e+00
1.000000e+00
1.000000e+00
1.000000e+00
1.000000e+00
1.000000e+00
1.000000e+00
1.000000e+00
1.000000e+00
1.000000e+00
1.000000e+00
1.000000e+00
1.000000e+00
1.000000e+00
1.000000e+00
1.000000e+00
1.000000e+00
1.000000e+00
1.000000e+00
1.000000e+00
1.000000e+00
1.000000e+00
1.000000e+00
1.000000e+00
1.000000e+00
1.000000e+00
1.000000e+00
1.000000e+00
1.000000e+00
1.000000e+00
1.000000e+00
1.000000e+00
1.000000e+00
1.000000e+00
1.000000e+00
1.000000e+00
1.000000e+00
1.000000e+00
1.000000e+00
1.000000e+00
1.000000e+00
9.999999e-01
9.999999e-01
9.999998e-01
9.999997e-01
9.999995e-01
9.999992e-01
9.999987e-01
9.999978e-01
9.999964e-01
9.999940e-01
9.999901e-01
9.999837e-01
9.999731e-01
9.999557e-01
9.999270e-01
9.998797e-01
9.998016e-01
9.996729e-01
9.994609e-01
9.991114e-01
9.985358e-01
9.975883e-01
9.960300e-01
9.934713e-01
9.892814e-01
9.824501e-01
9.713908e-01
9.536909e-01
9.258759e-01
8.833970e-01
8.212736e-01
7.359454e-01
6.283162e-01
5.062497e-01
3.834335e-01
2.738850e-01
1.861838e-01
1.218529e-01
7.762947e-02
4.856816e-02
3.003199e-02
1.843314e-02
1.126195e-02
6.861119e-03
4.172744e-03
2.535059e-03
1.539126e-03
9.340930e-04
5.667644e-04
3.438366e-04
2.085757e-04
1.265179e-04
7.674085e-05
4.654705e-05
2.823277e-05
1.712420e-05
1.038645e-05
6.299708e-06
3.820997e-06
2.317540e-06
1.405679e-06
8.525761e-07
5.171295e-07
3.136456e-07
1.902495e-07
1.153847e-07
6.999657e-08
4.244915e-08
2.575767e-08
1.561817e-08
9.482852e-09
5.748039e-09
3.495499e-09
2.117405e-09
1.292740e-09
7.821089e-10
4.822939e-10
2.911857e-10
1.840814e-10
1.108615e-10
7.433337e-11
4.477602e-11
3.393780e-11
2.069689e-11
1.907219e-11
1.205425e-11
1.361250e-11
9.075907e-12
1.162409e-11
8.169465e-12
1.092221e-11
8.015033e-12
1.070205e-11
8.127832e-12
1.066586e-11
8.331336e-12
1.070288e-11
8.560985e-12
1.077183e-11
8.794632e-12
1.085643e-11
9.024004e-12
1.095035e-11
9.247103e-12
1.105066e-11
9.463152e-12
1.115547e-11
9.672929e-12
1.126421e-11
9.876489e-12
1.137651e-11
1.007477e-11
1.149070e-11
1.026790e-11
1.160705e-11
1.045619e-11
1.172518e-11
1.063999e-11
1.184480e-11
1.081985e-11
1.196526e-11
1.099582e-11
1.208617e-11
1.116812e-11
1.220779e-11
1.133676e-11
1.232980e-11
1.150241e-11
1.245193e-11
1.166467e-11
1.257411e-11
1.182449e-11
1.269601e-11
1.198086e-11
1.281758e-11
1.213435e-11
1.293826e-11
1.228517e-11
1.305861e-11
1.243383e-11
1.317835e-11
1.257972e-11
1.329781e-11
1.272343e-11
1.341632e-11
1.286482e-11
1.353412e-11
1.300376e-11
1.365097e-11
1.314054e-11
1.376699e-11
1.327527e-11
1.388201e-11
1.340772e-11
1.399564e-11
1.353823e-11
1.410860e-11
1.366651e-11
1.422040e-11
1.379297e-11
1.433120e-11
1.391742e-11
1.444089e-11
1.403999e-11
1.454931e-11
1.416067e-11
1.465633e-11
1.427902e-11
1.476202e-11
1.439499e-11
1.486533e-11
1.450884e-11
1.496769e-11
1.462036e-11
1.506822e-11
1.472966e-11
1.516670e-11
1.483630e-11
1.526351e-11
1.494099e-11
1.535833e-11
1.504313e-11
1.545147e-11
1.514328e-11
1.554257e-11
1.524070e-11
1.563144e-11
1.533601e-11
1.571848e-11
1.542849e-11
1.580341e-11
1.551914e-11
1.588646e-11
1.560707e-11
1.596773e-11
1.569350e-11
1.604705e-11
1.577716e-11
1.612471e-11
1.585865e-11
1.619960e-11
1.593742e-11
1.627237e-11
1.601419e-11
1.634332e-11
1.608846e-11
1.641215e-11
1.616024e-11
1.647843e-11
1.622957e-11
1.654277e-11
1.629669e-11
1.660494e-11
1.636108e-11
1.666467e-11
1.642281e-11
1.672196e-11
1.648226e-11
1.677664e-11
1.653905e-11
1.682915e-11
1.659345e-11
1.687944e-11
1.664513e-11
1.692751e-11
1.669437e-11
1.697315e-11
1.674128e-11
1.701667e-11
1.678602e-11
1.705791e-11
1.682809e-11
1.709677e-11
1.686756e-11
1.713280e-11
1.690470e-11
1.716721e-11
1.693917e-11
1.719919e-11
1.697126e-11
1.722811e-11
1.700062e-11
1.725486e-11
1.702732e-11
1.727923e-11
1.705175e-11
1.730144e-11
1.707356e-11
1.732092e-11
1.709266e-11
1.733752e-11
1.710904e-11
1.735201e-11
1.712275e-11
1.736400e-11
1.713407e-11
1.737338e-11
1.714251e-11
1.738026e-11
1.714867e-11
1.738465e-11
1.715189e-11
1.738665e-11
