1.498646e-11
1.521966e-11
1.498440e-11
1.521677e-11
1.498035e-11
1.521183e-11
1.497391e-11
1.520484e-11
1.496570e-11
1.519584e-11
1.495537e-11
1.518508e-11
1.494294e-11
1.517242e-11
1.492817e-11
1.515743e-11
1.491174e-11
1.514106e-11
1.489342e-11
1.512290e-11
1.487332e-11
1.510259e-11
1.485068e-11
1.508038e-11
1.482614e-11
1.505646e-11
1.479955e-11
1.503037e-11
1.477096e-11
1.500261e-11
1.474021e-11
1.497286e-11
1.470746e-11
1.494055e-11
1.467254e-11
1.490669e-11
1.463540e-11
1.487122e-11
1.459616e-11
1.483308e-11
1.455469e-11
1.479311e-11
1.451128e-11
1.475181e-11
1.446598e-11
1.470801e-11
1.441813e-11
1.466238e-11
1.436812e-11
1.461459e-11
1.431627e-11
1.456513e-11
1.426215e-11
1.451339e-11
1.420564e-11
1.445982e-11
1.414685e-11
1.440414e-11
1.408601e-11
1.434669e-11
1.402334e-11
1.428757e-11
1.395839e-11
1.422634e-11
1.389105e-11
1.416278e-11
1.382172e-11
1.409756e-11
1.375000e-11
1.403055e-11
1.367617e-11
1.396155e-11
1.360023e-11
1.389067e-11
1.352207e-11
1.381811e-11
1.344164e-11
1.374356e-11
1.335881e-11
1.366690e-11
1.327399e-11
1.358852e-11
1.318712e-11
1.350869e-11
1.309813e-11
1.342698e-11
1.300643e-11
1.334349e-11
1.291323e-11
1.325834e-11
1.281736e-11
1.317169e-11
1.271994e-11
1.308359e-11
1.261996e-11
1.299366e-11
1.251765e-11
1.290212e-11
1.241363e-11
1.280920e-11
1.230732e-11
1.271516e-11
1.219885e-11
1.261957e-11
1.208866e-11
1.252293e-11
1.197620e-11
1.242551e-11
1.186218e-11
1.232697e-11
1.174588e-11
1.222711e-11
1.162798e-11
1.212674e-11
1.150802e-11
1.202566e-11
1.138584e-11
1.192335e-11
1.126144e-11
1.182066e-11
1.113509e-11
1.171702e-11
1.100631e-11
1.161304e-11
1.087574e-11
1.150852e-11
1.074257e-11
1.140343e-11
1.060713e-11
1.129763e-11
1.046907e-11
1.119194e-11
1.032846e-11
1.108641e-11
1.018513e-11
1.098066e-11
1.003919e-11
1.087491e-11
9.890477e-12
1.076988e-11
9.738488e-12
1.066525e-11
9.583390e-12
1.056139e-11
9.425238e-12
1.045919e-11
9.263923e-12
1.035844e-11
9.098833e-12
1.025896e-11
8.929468e-12
1.016170e-11
8.755829e-12
1.006717e-11
8.577639e-12
9.975742e-12
8.394452e-12
9.887868e-12
8.205880e-12
9.804102e-12
8.010870e-12
9.725165e-12
7.809753e-12
9.652945e-12
7.602141e-12
9.590384e-12
7.390366e-12
9.543033e-12
7.182255e-12
9.527601e-12
7.000567e-12
9.585999e-12
6.909584e-12
9.827861e-12
7.085998e-12
1.055150e-11
8.014533e-12
1.256190e-11
1.101502e-11
1.804429e-11
1.968015e-11
3.293238e-11
4.378203e-11
7.335060e-11
1.098904e-10
1.831217e-10
2.902378e-10
4.813577e-10
7.811842e-10
1.291827e-09
2.116503e-09
3.494609e-09
5.747161e-09
9.481986e-09
1.561731e-08
2.575683e-08
4.244832e-08
6.999575e-08
1.153839e-07
1.902487e-07
3.136448e-07
5.171287e-07
8.525753e-07
1.405678e-06
2.317540e-06
3.820996e-06
6.299707e-06
1.038645e-05
1.712420e-05
2.823276e-05
4.654705e-05
7.674085e-05
1.265179e-04
2.085757e-04
3.438366e-04
5.667644e-04
9.340930e-04
1.539126e-03
2.535059e-03
4.172744e-03
6.861119e-03
1.126195e-02
1.843314e-02
3.003199e-02
4.856816e-02
7.762946e-02
1.218529e-01
1.861838e-01
2.738850e-01
3.834335e-01
5.062497e-01
6.283162e-01
7.359454e-01
8.212736e-01
8.833970e-01
9.258759e-01
9.536909e-01
9.713908e-01
9.824501e-01
9.892814e-01
9.934713e-01
9.960300e-01
9.975883e-01
9.985358e-01
9.991114e-01
9.994609e-01
9.996729e-01
9.998016e-01
9.998797e-01
9.999270e-01
9.999557e-01
9.999731e-01
9.999837e-01
9.999901e-01
9.999940e-01
9.999964e-01
9.999978e-01
9.999987e-01
9.999992e-01
9.999995e-01
9.999997e-01
9.999998e-01
9.999999e-01
9.999999e-01
1.000000e+00
1.000000e+00
1.000000e+00
1.000000e+00
1.000000e+00
1.000000e+00
1.000000e+00
1.000000e+00
1.000000e+00
1.000000e+00
1.000000e+00
1.000000e+00
1.000000e+00
1.000000e+00
1.000000e+00
1.000000e+00
1.000000e+00
1.000000e+00
1.000000e+00
1.000000e+00
1.000000e+00
1.000000e+00
1.000000e+00
1.000000e+00
1.000000e+00
1.000000e+00
1.000000e+00
1.000000e+00
1.000000e+00
1.000000e+00
1.000000e+00
1.000000e+00
1.000000e+00
1.000000e+00
1.000000e+00
1.000000e+00
1.000000e+00
1.000000e+00
1.000000e+00
1.000000e+00
1.000000e+00
1.000000e+00
1.000000e+00
1.000000e+00
1.000000e+00
1.000000e+00
1.000000e+00
1.000000e+00
1.000000e+00
1.000000e+00
1.000000e+00
1.000000e+00
1.000000e+00
1.000000e+00
1.000000e+00
1.000000e+00
1.000000e+00
1.000000e+00
1.000000e+00
1.000000e+00
1.000000e+00
1.000000e+00
1.000000e+00
1.000000e+00
1.000000e+00
1.000000e+00
1.000000e+00
1.000000e+00
1.000000e+00
1.000000e+00
1.000000e+00
1.000000e+00
1.000000e+00
1.000000e+00
1.000000e+00
1.000000e+00
1.000000e+00
1.000000e+00
1.000000e+00
1.000000e+00
1.000000e+00
1.000000e+00
1.000000e+00
1.000000e+00
1.000000e+00
1.000000e+00
1.000000e+00
1.000000e+00
1.000000e+00
1.000000e+00
1.000000e+00
1.000000e+00
1.000000e+00
1.000000e+00
1.000000e+00
1.000000e+00
1.000000e+00
1.000000e+00
1.000000e+00
1.000000e+00
1.000000e+00
1.000000e+00
1.000000e+00
1.000000e+00
1.000000e+00
1.000000e+00
1.000000e+00
1.000000e+00
1.000000e+00
1.000000e+00
1.000000e+00
1.000000e+00
1.000000e+00
1.000000e+00
1.000000e+00
1.000000e+00
1.000000e+00
1.000000e+00
1.000000e+00
1.000000e+00
1.000000e+00
1.000000e+00
1.000000e+00
1.000000e+00
1.000000e+00
1.000000e+00
1.000000e+00
1.000000e+00
1.000000e+00
1.000000e+00
1.000000e+00
1.000000e+00
1.000000e+00
1.000000e+00
1.000000e+00
1.000000e+00
1.000000e+00
1.000000e+00
1.000000e+00
1.000000e+00
1.000000e+00
1.000000e+00
1.000000e+00
1.000000e+00
1.000000e+00
1.000000e+00
1.000000e+00
1.000000e+00
1.000000e+00
1.000000e+00
1.000000e+00
1.000000e+00
1.000000e+00
1.000000e+00
1.000000e+00
1.000000e+00
1.000000e+00
1.000000e+00
1.000000e+00
1.000000e+00
1.000000e+00
1.000000e+00
1.000000e+00
1.000000e+00
1.000000e+00
1.000000e+00
1.000000e+00
1.000000e+00
1.000000e+00
1.000000e+00
1.000000e+00
1.000000e+00
1.000000e+00
1.000000e+00
1.000000e+00
1.000000e+00
1.000000e+00
1.000000e+00
1.000000e+00
1.000000e+00
1.000000e+00
1.000000e+00
1.000000e+00
1.000000e+00
1.000000e+00
1.000000e+00
1.000000e+00
1.000000e+00
1.000000e+00
1.000000e+00
1.000000e+00
1.000000e+00
1.000000e+00
1.000000e+00
1.000000e+00
1.000000e+00
1.000000e+00
1.000000e+00
1.000000e+00
1.000000e+00
1.000000e+00
1.000000e+00
1.000000e+00
1.000000e+00
1.000000e+00
1.000000e+00
1.000000e+00
1.000000e+00
1.000000e+00
1.000000e+00
1.000000e+00
1.000000e+00
1.000000e+00
1.000000e+00
1.000000e+00
1.000000e+00
1.000000e+00
1.000000e+00
1.000000e+00
1.000000e+00
1.000000e+00
1.000000e+00
1.000000e+00
1.000000e+00
1.000000e+00
1.000000e+00
1.000000e+00
1.000000e+00
1.000000e+00
1.000000e+00
1.000000e+00
1.000000e+00
1.000000e+00
1.000000e+00
1.000000e+00
1.000000e+00
1.000000e+00
1.000000e+00
1.000000e+00
1.000000e+00
1.000000e+00
1.000000e+00
1.000000e+00
1.000000e+00
1.000000e+00
1.000000e+00
1.000000e+00
1.000000e+00
1.000000e+00
1.000000e+00
1.000000e+00
1.000000e+00
1.000000e+00
1.000000e+00
1.000000e+00
1.000000e+00
1.000000e+00
1.000000e+00
1.000000e+00
1.000000e+00
1.000000e+00
1.000000e+00
1.000000e+00
1.000000e+00
1.000000e+00
1.000000e+00
1.000000e+00
1.000000e+00
1.000000e+00
1.000000e+00
1.000000e+00
1.000000e+00
1.000000e+00
1.000000e+00
1.000000e+00
1.000000e+00
1.000000e+00
1.000000e+00
1.000000e+00
1.000000e+00
1.000000e+00
1.000000e+00
1.000000e+00
1.000000e+00
1.000000e+00
1.000000e+00
1.000000e+00
1.000000e+00
1.000000e+00
1.000000e+00
1.000000e+00
1.000000e+00
1.000000e+00
1.000000e+00
1.000000e+00
1.000000e+00
1.000000e+00
1.000000e+00
1.000000e+00
1.000000e+00
1.000000e+00
1.000000e+00
1.000000e+00
1.000000e+00
1.000000e+00
1.000000e+00
1.000000e+00
1.000000e+00
1.000000e+00
1.000000e+00
1.000000e+00
1.000000e+00
1.000000e+00
1.000000e+00
1.000000e+00
1.000000e+00
1.000000e+00
1.000000e+00
1.000000e+00
1.000000e+00
1.000000e+00
1.000000e+00
1.000000e+00
1.000000e+00
1.000000e+00
1.000000e+00
1.000000e+00
1.000000e+00
1.000000e+00
1.000000e+00
1.000000e+00
1.000000e+00
1.000000e+00
1.000000e+00
1.000000e+00
1.000000e+00
1.000000e+00
1.000000e+00
1.000000e+00
1.000000e+00
1.000000e+00
1.000000e+00
1.000000e+00
1.000000e+00
1.000000e+00
1.000000e+00
1.000000e+00
1.000000e+00
1.000000e+00
1.000000e+00
1.000000e+00
1.000000e+00
1.000000e+00
1.000000e+00
1.000000e+00
1.000000e+00
1.000000e+00
1.000000e+00
1.000000e+00
1.000000e+00
1.000000e+00
1.000000e+00
1.000000e+00
1.000000e+00
1.000000e+00
1.000000e+00
1.000000e+00
1.000000e+00
1.000000e+00
1.000000e+00
1.000000e+00
1.000000e+00
1.000000e+00
1.000000e+00
1.000000e+00
1.000000e+00
1.000000e+00
1.000000e+00
1.000000e+00
1.000000e+00
1.000000e+00
1.000000e+00
1.000000e+00
1.000000e+00
1.000000e+00
1.000000e+00
1.000000e+00
1.000000e+00
1.000000e+00
1.000000e+00
1.000000e+00
1.000000e+00
1.000000e+00
1.000000e+00
1.000000e+00
1.000000e+00
1.000000e+00
1.000000e+00
1.000000e+00
1.000000e+00
1.000000e+00
1.000000e+00
1.000000e+00
1.000000e+00
1.000000e+00
1.000000e+00
1.000000e+00
1.000000e+00
1.000000e+00
1.000000e+00
1.000000e+00
1.000000e+00
1.000000e+00
1.000000e+00
1.000000e+00
1.000000e+00
1.000000e+00
1.000000e+00
1.000000e+00
1.000000e+00
1.000000e+00
1.000000e+00
1.000000e+00
1.000000e+00
1.000000e+00
1.000000e+00
1.000000e+00
1.000000e+00
1.000000e+00
1.000000e+00
1.000000e+00
1.000000e+00
1.000000e+00
1.000000e+00
1.000000e+00
1.000000e+00
1.000000e+00
1.000000e+00
1.000000e+00
1.000000e+00
1.000000e+00
1.000000e+00
1.000000e+00
1.000000e+00
1.000000e+00
1.000000e+00
1.000000e+00
1.000000e+00
1.000000e+00
1.000000e+00
1.000000e+00
1.000000e+00
1.000000e+00
1.000000e+00
1.000000e+00
1.000000e+00
1.000000e+00
1.000000e+00
1.000000e+00
1.000000e+00
1.000000e+00
1.000000e+00
1.000000e+00
1.000000e+00
1.000000e+00
1.000000e+00
1.000000e+00
1.000000e+00
1.000000e+00
1.000000e+00
1.000000e+00
1.000000e+00
1.000000e+00
1.000000e+00
1.000000e+00
1.000000e+00
1.000000e+00
1.000000e+00
1.000000e+00
1.000000e+00
1.000000e+00
1.000000e+00
1.000000e+00
1.000000e+00
1.000000e+00
1.000000e+00
1.000000e+00
1.000000e+00
1.000000e+00
1.000000e+00
1.000000e+00
1.000000e+00
1.000000e+00
1.000000e+00
1.000000e+00
1.000000e+00
1.000000e+00
9.999999e-01
9.999999e-01
9.999998e-01
9.999997e-01
9.999995e-01
9.999992e-01
9.999987e-01
9.999978e-01
9.999964e-01
9.999940e-01
9.999901e-01
9.999837e-01
9.999731e-01
9.999557e-01
9.999270e-01
9.998797e-01
9.998016e-01
9.996729e-01
9.994609e-01
9.991114e-01
9.985358e-01
9.975883e-01
9.960300e-01
9.934713e-01
9.892814e-01
9.824501e-01
9.713908e-01
9.536909e-01
9.258759e-01
8.833970e-01
8.212736e-01
7.359454e-01
6.283162e-01
5.062497e-01
3.834335e-01
2.738850e-01
1.861838e-01
1.218529e-01
7.762946e-02
4.856816e-02
3.003199e-02
1.843314e-02
1.126195e-02
6.861119e-03
4.172744e-03
2.535059e-03
1.539126e-03
9.340930e-04
5.667644e-04
3.438366e-04
2.085757e-04
1.265179e-04
7.674085e-05
4.654705e-05
2.823276e-05
1.712420e-05
1.038645e-05
6.299707e-06
3.820996e-06
2.317540e-06
1.405678e-06
8.525753e-07
5.171288e-07
3.136448e-07
1.902487e-07
1.153839e-07
6.999578e-08
4.244835e-08
2.575686e-08
1.561735e-08
9.482018e-09
5.747195e-09
3.494644e-09
2.116540e-09
1.291865e-09
7.812234e-10
4.813981e-10
2.902797e-10
1.831648e-10
1.099347e-10
7.339607e-11
4.382861e-11
3.298017e-11
1.972883e-11
1.809397e-11
1.106543e-11
1.261341e-11
8.066936e-12
1.060479e-11
7.140344e-12
9.882983e-12
6.965706e-12
9.642620e-12
7.058076e-12
9.586054e-12
7.241652e-12
9.603096e-12
7.451373e-12
9.651946e-12
7.664702e-12
9.716616e-12
7.873868e-12
9.790280e-12
8.076650e-12
9.870160e-12
8.272827e-12
9.954981e-12
8.462508e-12
1.004408e-11
8.646250e-12
1.013589e-11
8.824830e-12
1.023059e-11
8.998025e-12
1.032763e-11
9.166834e-12
1.042605e-11
9.331036e-12
1.052575e-11
9.491352e-12
1.062672e-11
9.647949e-12
1.072858e-11
9.800938e-12
1.083095e-11
9.950318e-12
1.093392e-11
1.009692e-11
1.103689e-11
1.024014e-11
1.114014e-11
1.038092e-11
1.124328e-11
1.051847e-11
1.134604e-11
1.065359e-11
1.144818e-11
1.078604e-11
1.155015e-11
1.091599e-11
1.165179e-11
1.104361e-11
1.175277e-11
1.116929e-11
1.185324e-11
1.129280e-11
1.195327e-11
1.141404e-11
1.205241e-11
1.153316e-11
1.215056e-11
1.165035e-11
1.224854e-11
1.176587e-11
1.234557e-11
1.187950e-11
1.244138e-11
1.199102e-11
1.253647e-11
1.210088e-11
1.263079e-11
1.220879e-11
1.272416e-11
1.231520e-11
1.281641e-11
1.241951e-11
1.290740e-11
1.252198e-11
1.299705e-11
1.262279e-11
1.308542e-11
1.272127e-11
1.317285e-11
1.281769e-11
1.325812e-11
1.291228e-11
1.334199e-11
1.300454e-11
1.342465e-11
1.309508e-11
1.350542e-11
1.318312e-11
1.358436e-11
1.326922e-11
1.366179e-11
1.335348e-11
1.373762e-11
1.343553e-11
1.381156e-11
1.351552e-11
1.388384e-11
1.359340e-11
1.395473e-11
1.366929e-11
1.402384e-11
1.374351e-11
1.409128e-11
1.381545e-11
1.415701e-11
1.388523e-11
1.422046e-11
1.395306e-11
1.428235e-11
1.401873e-11
1.434258e-11
1.408229e-11
1.440081e-11
1.414396e-11
1.445688e-11
1.420319e-11
1.451134e-11
1.426026e-11
1.456357e-11
1.431494e-11
1.461370e-11
1.436767e-11
1.466210e-11
1.441841e-11
1.470868e-11
1.446721e-11
1.475314e-11
1.451317e-11
1.479555e-11
1.455758e-11
1.483624e-11
1.459971e-11
1.487482e-11
1.463996e-11
1.491163e-11
1.467776e-11
1.494632e-11
1.471345e-11
1.497874e-11
1.474715e-11
1.500955e-11
1.477857e-11
1.503853e-11
1.480771e-11
1.506500e-11
1.483502e-11
1.508932e-11
1.485972e-11
1.511202e-11
1.488243e-11
1.513228e-11
1.490263e-11
1.515033e-11
1.492118e-11
1.516653e-11
1.493716e-11
1.518075e-11
1.495104e-11
1.519262e-11
1.496236e-11
1.520239e-11
1.497169e-11
1.521017e-11
1.497846e-11
1.521566e-11
1.498368e-11
1.521933e-11
1.498618e-11
1.522077e-11
