1.158251e-11
1.181566e-11
1.158096e-11
1.181338e-11
1.157729e-11
1.180928e-11
1.157208e-11
1.180350e-11
1.156514e-11
1.179634e-11
1.155676e-11
1.178746e-11
1.154671e-11
1.177763e-11
1.153511e-11
1.176609e-11
1.152212e-11
1.175327e-11
1.150757e-11
1.173905e-11
1.149142e-11
1.172307e-11
1.147338e-11
1.170569e-11
1.145362e-11
1.168687e-11
1.143274e-11
1.166656e-11
1.141043e-11
1.164507e-11
1.138589e-11
1.162181e-11
1.136014e-11
1.159695e-11
1.133288e-11
1.157097e-11
1.130357e-11
1.154360e-11
1.127287e-11
1.151418e-11
1.124051e-11
1.148348e-11
1.120620e-11
1.145101e-11
1.117023e-11
1.141720e-11
1.113265e-11
1.138178e-11
1.109329e-11
1.134515e-11
1.105221e-11
1.130673e-11
1.100947e-11
1.126627e-11
1.096456e-11
1.122463e-11
1.091793e-11
1.118156e-11
1.086986e-11
1.113687e-11
1.082046e-11
1.109141e-11
1.076911e-11
1.104428e-11
1.071593e-11
1.099498e-11
1.066136e-11
1.094458e-11
1.060468e-11
1.089290e-11
1.054634e-11
1.083961e-11
1.048611e-11
1.078476e-11
1.042449e-11
1.072875e-11
1.036082e-11
1.067119e-11
1.029543e-11
1.061229e-11
1.022821e-11
1.055195e-11
1.015960e-11
1.049028e-11
1.008887e-11
1.042705e-11
1.001615e-11
1.036277e-11
9.941659e-12
1.029671e-11
9.865608e-12
1.022993e-11
9.788170e-12
1.016209e-11
9.708623e-12
1.009293e-11
9.627243e-12
1.002215e-11
9.544310e-12
9.950818e-12
9.459711e-12
9.878376e-12
9.373224e-12
9.805101e-12
9.285184e-12
9.730938e-12
9.195533e-12
9.655998e-12
9.104606e-12
9.580781e-12
9.011736e-12
9.504952e-12
8.917700e-12
9.428680e-12
8.821721e-12
9.351797e-12
8.724299e-12
9.274137e-12
8.624823e-12
9.196255e-12
8.523404e-12
9.118095e-12
8.420320e-12
9.039658e-12
8.316015e-12
8.961776e-12
8.209045e-12
8.883172e-12
8.100187e-12
8.804235e-12
7.989276e-12
8.725909e-12
7.876089e-12
8.647583e-12
7.760459e-12
8.569812e-12
7.642442e-12
8.492429e-12
7.522316e-12
8.415990e-12
7.399470e-12
8.340773e-12
7.273571e-12
8.266388e-12
7.145007e-12
8.193612e-12
7.013279e-12
8.122614e-12
6.878165e-12
8.053391e-12
6.739054e-12
7.986667e-12
6.595891e-12
7.922829e-12
6.448730e-12
7.862544e-12
6.297241e-12
7.806145e-12
6.139866e-12
7.754020e-12
5.977163e-12
7.707279e-12
5.808076e-12
7.667533e-12
5.632994e-12
7.637557e-12
5.454193e-12
7.623346e-12
5.279333e-12
7.641277e-12
5.131062e-12
7.732925e-12
5.073775e-12
8.009093e-12
5.284384e-12
8.766765e-12
6.247336e-12
1.081191e-11
9.282186e-12
1.632894e-11
1.798239e-11
3.125189e-11
4.211920e-11
7.170547e-11
1.082626e-10
1.815118e-10
2.886457e-10
4.797835e-10
7.796284e-10
1.290289e-09
2.114984e-09
3.493108e-09
5.745678e-09
9.480521e-09
1.561587e-08
2.575540e-08
4.244691e-08
6.999436e-08
1.153825e-07
1.902473e-07
3.136435e-07
5.171274e-07
8.525740e-07
1.405677e-06
2.317538e-06
3.820995e-06
6.299706e-06
1.038645e-05
1.712420e-05
2.823276e-05
4.654705e-05
7.674085e-05
1.265179e-04
2.085757e-04
3.438366e-04
5.667644e-04
9.340930e-04
1.539126e-03
2.535059e-03
4.172744e-03
6.861119e-03
1.126195e-02
1.843314e-02
3.003199e-02
4.856816e-02
7.762946e-02
1.218529e-01
1.861838e-01
2.738850e-01
3.834335e-01
5.062497e-01
6.283162e-01
7.359454e-01
8.212736e-01
8.833970e-01
9.258759e-01
9.536909e-01
9.713908e-01
9.824501e-01
9.892814e-01
9.934713e-01
9.960300e-01
9.975883e-01
9.985358e-01
9.991114e-01
9.994609e-01
9.996729e-01
9.998016e-01
9.998797e-01
9.999270e-01
9.999557e-01
9.999731e-01
9.999837e-01
9.999901e-01
9.999940e-01
9.999964e-01
9.999978e-01
9.999987e-01
9.999992e-01
9.999995e-01
9.999997e-01
9.999998e-01
9.999999e-01
9.999999e-01
1.000000e+00
1.000000e+00
1.000000e+00
1.000000e+00
1.000000e+00
1.000000e+00
1.000000e+00
1.000000e+00
1.000000e+00
1.000000e+00
1.000000e+00
1.000000e+00
1.000000e+00
1.000000e+00
1.000000e+00
1.000000e+00
1.000000e+00
1.000000e+00
1.000000e+00
1.000000e+00
1.000000e+00
1.000000e+00
1.000000e+00
1.000000e+00
1.000000e+00
1.000000e+00
1.000000e+00
1.000000e+00
1.000000e+00
1.000000e+00
1.000000e+00
1.000000e+00
1.000000e+00
1.000000e+00
1.000000e+00
1.000000e+00
1.000000e+00
1.000000e+00
1.000000e+00
1.000000e+00
1.000000e+00
1.000000e+00
1.000000e+00
1.000000e+00
1.000000e+00
1.000000e+00
1.000000e+00
1.000000e+00
1.000000e+00
1.000000e+00
1.000000e+00
1.000000e+00
1.000000e+00
1.000000e+00
1.000000e+00
1.000000e+00
1.000000e+00
1.000000e+00
1.000000e+00
1.000000e+00
1.000000e+00
1.000000e+00
1.000000e+00
1.000000e+00
1.000000e+00
1.000000e+00
1.000000e+00
1.000000e+00
1.000000e+00
1.000000e+00
1.000000e+00
1.000000e+00
1.000000e+00
1.000000e+00
1.000000e+00
1.000000e+00
1.000000e+00
1.000000e+00
1.000000e+00
1.000000e+00
1.000000e+00
1.000000e+00
1.000000e+00
1.000000e+00
1.000000e+00
1.000000e+00
1.000000e+00
1.000000e+00
1.000000e+00
1.000000e+00
1.000000e+00
1.000000e+00
1.000000e+00
1.000000e+00
1.000000e+00
1.000000e+00
1.000000e+00
1.000000e+00
1.000000e+00
1.000000e+00
1.000000e+00
1.000000e+00
1.000000e+00
1.000000e+00
1.000000e+00
1.000000e+00
1.000000e+00
1.000000e+00
1.000000e+00
1.000000e+00
1.000000e+00
1.000000e+00
1.000000e+00
1.000000e+00
1.000000e+00
1.000000e+00
1.000000e+00
1.000000e+00
1.000000e+00
1.000000e+00
1.000000e+00
1.000000e+00
1.000000e+00
1.000000e+00
1.000000e+00
1.000000e+00
1.000000e+00
1.000000e+00
1.000000e+00
1.000000e+00
1.000000e+00
1.000000e+00
1.000000e+00
1.000000e+00
1.000000e+00
1.000000e+00
1.000000e+00
1.000000e+00
1.000000e+00
1.000000e+00
1.000000e+00
1.000000e+00
1.000000e+00
1.000000e+00
1.000000e+00
1.000000e+00
1.000000e+00
1.000000e+00
1.000000e+00
1.000000e+00
1.000000e+00
1.000000e+00
1.000000e+00
1.000000e+00
1.000000e+00
1.000000e+00
1.000000e+00
1.000000e+00
1.000000e+00
1.000000e+00
1.000000e+00
1.000000e+00
1.000000e+00
1.000000e+00
1.000000e+00
1.000000e+00
1.000000e+00
1.000000e+00
1.000000e+00
1.000000e+00
1.000000e+00
1.000000e+00
1.000000e+00
1.000000e+00
1.000000e+00
1.000000e+00
1.000000e+00
1.000000e+00
1.000000e+00
1.000000e+00
1.000000e+00
1.000000e+00
1.000000e+00
1.000000e+00
1.000000e+00
1.000000e+00
1.000000e+00
1.000000e+00
1.000000e+00
1.000000e+00
1.000000e+00
1.000000e+00
1.000000e+00
1.000000e+00
1.000000e+00
1.000000e+00
1.000000e+00
1.000000e+00
1.000000e+00
1.000000e+00
1.000000e+00
1.000000e+00
1.000000e+00
1.000000e+00
1.000000e+00
1.000000e+00
1.000000e+00
1.000000e+00
1.000000e+00
1.000000e+00
1.000000e+00
1.000000e+00
1.000000e+00
1.000000e+00
1.000000e+00
1.000000e+00
1.000000e+00
1.000000e+00
1.000000e+00
1.000000e+00
1.000000e+00
1.000000e+00
1.000000e+00
1.000000e+00
1.000000e+00
1.000000e+00
1.000000e+00
1.000000e+00
1.000000e+00
1.000000e+00
1.000000e+00
1.000000e+00
1.000000e+00
1.000000e+00
1.000000e+00
1.000000e+00
1.000000e+00
1.000000e+00
1.000000e+00
1.000000e+00
1.000000e+00
1.000000e+00
1.000000e+00
1.000000e+00
1.000000e+00
1.000000e+00
1.000000e+00
1.000000e+00
1.000000e+00
1.000000e+00
1.000000e+00
1.000000e+00
1.000000e+00
1.000000e+00
1.000000e+00
1.000000e+00
1.000000e+00
1.000000e+00
1.000000e+00
1.000000e+00
1.000000e+00
1.000000e+00
1.000000e+00
1.000000e+00
1.000000e+00
1.000000e+00
1.000000e+00
1.000000e+00
1.000000e+00
1.000000e+00
1.000000e+00
1.000000e+00
1.000000e+00
1.000000e+00
1.000000e+00
1.000000e+00
1.000000e+00
1.000000e+00
1.000000e+00
1.000000e+00
1.000000e+00
1.000000e+00
1.000000e+00
1.000000e+00
1.000000e+00
1.000000e+00
1.000000e+00
1.000000e+00
1.000000e+00
1.000000e+00
1.000000e+00
1.000000e+00
1.000000e+00
1.000000e+00
1.000000e+00
1.000000e+00
1.000000e+00
1.000000e+00
1.000000e+00
1.000000e+00
1.000000e+00
1.000000e+00
1.000000e+00
1.000000e+00
1.000000e+00
1.000000e+00
1.000000e+00
1.000000e+00
1.000000e+00
1.000000e+00
1.000000e+00
1.000000e+00
1.000000e+00
1.000000e+00
1.000000e+00
1.000000e+00
1.000000e+00
1.000000e+00
1.000000e+00
1.000000e+00
1.000000e+00
1.000000e+00
1.000000e+00
1.000000e+00
1.000000e+00
1.000000e+00
1.000000e+00
1.000000e+00
1.000000e+00
1.000000e+00
1.000000e+00
1.000000e+00
1.000000e+00
1.000000e+00
1.000000e+00
1.000000e+00
1.000000e+00
1.000000e+00
1.000000e+00
1.000000e+00
1.000000e+00
1.000000e+00
1.000000e+00
1.000000e+00
1.000000e+00
1.000000e+00
1.000000e+00
1.000000e+00
1.000000e+00
1.000000e+00
1.000000e+00
1.000000e+00
1.000000e+00
1.000000e+00
1.000000e+00
1.000000e+00
1.000000e+00
1.000000e+00
1.000000e+00
1.000000e+00
1.000000e+00
1.000000e+00
1.000000e+00
1.000000e+00
1.000000e+00
1.000000e+00
1.000000e+00
1.000000e+00
1.000000e+00
1.000000e+00
1.000000e+00
1.000000e+00
1.000000e+00
1.000000e+00
1.000000e+00
1.000000e+00
1.000000e+00
1.000000e+00
1.000000e+00
1.000000e+00
1.000000e+00
1.000000e+00
1.000000e+00
1.000000e+00
1.000000e+00
1.000000e+00
1.000000e+00
1.000000e+00
1.000000e+00
1.000000e+00
1.000000e+00
1.000000e+00
1.000000e+00
1.000000e+00
1.000000e+00
1.000000e+00
1.000000e+00
1.000000e+00
1.000000e+00
1.000000e+00
1.000000e+00
1.000000e+00
1.000000e+00
1.000000e+00
1.000000e+00
1.000000e+00
1.000000e+00
1.000000e+00
1.000000e+00
1.000000e+00
1.000000e+00
1.000000e+00
1.000000e+00
1.000000e+00
1.000000e+00
1.000000e+00
1.000000e+00
1.000000e+00
1.000000e+00
1.000000e+00
1.000000e+00
1.000000e+00
1.000000e+00
1.000000e+00
1.000000e+00
1.000000e+00
1.000000e+00
1.000000e+00
1.000000e+00
1.000000e+00
1.000000e+00
1.000000e+00
1.000000e+00
1.000000e+00
1.000000e+00
1.000000e+00
1.000000e+00
1.000000e+00
1.000000e+00
1.000000e+00
1.000000e+00
1.000000e+00
1.000000e+00
1.000000e+00
1.000000e+00
1.000000e+00
1.000000e+00
1.000000e+00
1.000000e+00
1.000000e+00
1.000000e+00
1.000000e+00
1.000000e+00
1.000000e+00
1.000000e+00
1.000000e+00
1.000000e+00
1.000000e+00
1.000000e+00
1.000000e+00
1.000000e+00
1.000000e+00
1.000000e+00
1.000000e+00
1.000000e+00
1.000000e+00
1.000000e+00
1.000000e+00
1.000000e+00
1.000000e+00
1.000000e+00
1.000000e+00
1.000000e+00
1.000000e+00
1.000000e+00
1.000000e+00
1.000000e+00
1.000000e+00
1.000000e+00
1.000000e+00
1.000000e+00
1.000000e+00
1.000000e+00
1.000000e+00
1.000000e+00
1.000000e+00
1.000000e+00
1.000000e+00
1.000000e+00
1.000000e+00
1.000000e+00
1.000000e+00
1.000000e+00
1.000000e+00
1.000000e+00
1.000000e+00
1.000000e+00
9.999999e-01
9.999999e-01
9.999998e-01
9.999997e-01
9.999995e-01
9.999992e-01
9.999987e-01
9.999978e-01
9.999964e-01
9.999940e-01
9.999901e-01
9.999837e-01
9.999731e-01
9.999557e-01
9.999270e-01
9.998797e-01
9.998016e-01
9.996729e-01
9.994609e-01
9.991114e-01
9.985358e-01
9.975883e-01
9.960300e-01
9.934713e-01
9.892814e-01
9.824501e-01
9.713908e-01
9.536909e-01
9.258759e-01
8.833970e-01
8.212736e-01
7.359454e-01
6.283162e-01
5.062497e-01
3.834335e-01
2.738850e-01
1.861838e-01
1.218529e-01
7.762946e-02
4.856816e-02
3.003199e-02
1.843314e-02
1.126195e-02
6.861119e-03
4.172744e-03
2.535059e-03
1.539126e-03
9.340930e-04
5.667644e-04
3.438366e-04
2.085757e-04
1.265179e-04
7.674085e-05
4.654705e-05
2.823276e-05
1.712420e-05
1.038645e-05
6.299706e-06
3.820995e-06
2.317538e-06
1.405677e-06
8.525740e-07
5.171274e-07
3.136435e-07
1.902474e-07
1.153825e-07
6.999439e-08
4.244694e-08
2.575543e-08
1.561590e-08
9.480554e-09
5.745712e-09
3.493143e-09
2.115021e-09
1.290328e-09
7.796684e-10
4.798252e-10
2.886890e-10
1.815563e-10
1.083084e-10
7.175233e-11
4.216721e-11
3.130118e-11
1.803246e-11
1.638023e-11
9.334422e-12
1.086514e-11
6.301515e-12
8.821999e-12
5.340450e-12
8.066103e-12
5.131728e-12
7.791767e-12
5.190515e-12
7.701784e-12
5.340339e-12
7.685075e-12
5.516754e-12
7.700840e-12
5.697331e-12
7.732870e-12
5.874079e-12
7.774337e-12
6.044554e-12
7.822076e-12
6.208811e-12
7.875478e-12
6.366907e-12
7.932821e-12
6.519507e-12
7.993550e-12
6.666834e-12
8.057277e-12
6.809442e-12
8.123391e-12
6.947720e-12
8.191670e-12
7.081669e-12
8.261614e-12
7.212286e-12
8.332890e-12
7.339240e-12
8.405554e-12
7.463086e-12
8.478773e-12
7.583767e-12
8.552881e-12
7.701839e-12
8.627710e-12
7.817025e-12
8.702761e-12
7.930046e-12
8.778589e-12
8.040235e-12
8.853973e-12
8.148315e-12
8.929468e-12
8.254286e-12
9.005130e-12
8.357870e-12
9.080514e-12
8.459566e-12
9.155787e-12
8.559542e-12
9.230894e-12
8.657852e-12
9.305778e-12
8.754331e-12
9.380441e-12
8.849088e-12
9.454548e-12
8.942180e-12
9.528323e-12
9.033663e-12
9.601486e-12
9.123924e-12
9.674150e-12
9.212076e-12
9.746315e-12
9.299062e-12
9.817980e-12
9.384882e-12
9.889090e-12
9.469425e-12
9.959644e-12
9.552026e-12
1.002937e-11
9.633461e-12
1.009792e-11
9.713286e-12
1.016592e-11
9.791279e-12
1.023287e-11
9.867884e-12
1.029837e-11
9.942769e-12
1.036282e-11
1.001604e-11
1.042622e-11
1.008743e-11
1.048844e-11
1.015721e-11
1.054928e-11
1.022549e-11
1.060907e-11
1.029188e-11
1.066736e-11
1.035683e-11
1.072442e-11
1.041978e-11
1.078004e-11
1.048112e-11
1.083456e-11
1.054112e-11
1.088785e-11
1.059991e-11
1.094025e-11
1.065670e-11
1.099110e-11
1.071226e-11
1.104017e-11
1.076605e-11
1.108824e-11
1.081768e-11
1.113476e-11
1.086786e-11
1.117972e-11
1.091638e-11
1.122313e-11
1.096340e-11
1.126543e-11
1.100869e-11
1.130612e-11
1.105227e-11
1.134554e-11
1.109413e-11
1.138306e-11
1.113432e-11
1.141948e-11
1.117273e-11
1.145389e-11
1.120909e-11
1.148703e-11
1.124417e-11
1.151829e-11
1.127742e-11
1.154815e-11
1.130918e-11
1.157691e-11
1.133910e-11
1.160416e-11
1.136741e-11
1.162948e-11
1.139433e-11
1.165346e-11
1.141914e-11
1.167605e-11
1.144268e-11
1.169675e-11
1.146411e-11
1.171596e-11
1.148370e-11
1.173328e-11
1.150163e-11
1.174905e-11
1.151756e-11
1.176337e-11
1.153211e-11
1.177580e-11
1.154460e-11
1.178685e-11
1.155553e-11
1.179601e-11
1.156453e-11
1.180350e-11
1.157180e-11
1.180939e-11
1.157707e-11
1.181338e-11
1.158101e-11
1.181638e-11
1.158268e-11
1.181699e-11
