1.023359e-11
1.046691e-11
1.023187e-11
1.046435e-11
1.022860e-11
1.046058e-11
1.022371e-11
1.045541e-11
1.021744e-11
1.044903e-11
1.020978e-11
1.044154e-11
1.020078e-11
1.043238e-11
1.019074e-11
1.042222e-11
1.017869e-11
1.041095e-11
1.016592e-11
1.039807e-11
1.015105e-11
1.038419e-11
1.013523e-11
1.036876e-11
1.011791e-11
1.035194e-11
1.009931e-11
1.033451e-11
1.007933e-11
1.031525e-11
1.005807e-11
1.029477e-11
1.003464e-11
1.027289e-11
1.001021e-11
1.024980e-11
9.983903e-12
1.022549e-11
9.956647e-12
1.019951e-11
9.927559e-12
1.017225e-11
9.897028e-12
1.014394e-11
9.864665e-12
1.011408e-11
9.831469e-12
1.008255e-11
9.795997e-12
1.005018e-11
9.759249e-12
1.001582e-11
9.720391e-12
9.980072e-12
9.680368e-12
9.943046e-12
9.638568e-12
9.904799e-12
9.595436e-12
9.864998e-12
9.550860e-12
9.824308e-12
9.504675e-12
9.781898e-12
9.456658e-12
9.738155e-12
9.407142e-12
9.693246e-12
9.355905e-12
9.646728e-12
9.303003e-12
9.599266e-12
9.248935e-12
9.550361e-12
9.193146e-12
9.500678e-12
9.135470e-12
9.449275e-12
9.076850e-12
9.396428e-12
9.015899e-12
9.342971e-12
8.953671e-12
9.287793e-12
8.889445e-12
9.231504e-12
8.823831e-12
9.173995e-12
8.756551e-12
9.115320e-12
8.687939e-12
9.055978e-12
8.617607e-12
8.995416e-12
8.546053e-12
8.933576e-12
8.472278e-12
8.871237e-12
8.397227e-12
8.807899e-12
8.320511e-12
8.743561e-12
8.242629e-12
8.678835e-12
8.163081e-12
8.613110e-12
8.082202e-12
8.547385e-12
7.999601e-12
8.480661e-12
7.916445e-12
8.413825e-12
7.831125e-12
8.346768e-12
7.744749e-12
8.279322e-12
7.656320e-12
8.211432e-12
7.566836e-12
8.143375e-12
7.475354e-12
8.074985e-12
7.382317e-12
8.006762e-12
7.287393e-12
7.938594e-12
7.191248e-12
7.870038e-12
7.092438e-12
7.801815e-12
6.992018e-12
7.733869e-12
6.889322e-12
7.666479e-12
6.784850e-12
7.599477e-12
6.677769e-12
7.533418e-12
6.568579e-12
7.468137e-12
6.456669e-12
7.403966e-12
6.342760e-12
7.341128e-12
6.225465e-12
7.280287e-12
6.105505e-12
7.220946e-12
5.982104e-12
7.163992e-12
5.855316e-12
7.109258e-12
5.724532e-12
7.057577e-12
5.589917e-12
7.009948e-12
5.450529e-12
6.966039e-12
5.306477e-12
6.926459e-12
5.156209e-12
6.892875e-12
5.000167e-12
6.865952e-12
4.837908e-12
6.849021e-12
4.672207e-12
6.848022e-12
4.510614e-12
6.879219e-12
4.375833e-12
6.984635e-12
4.331868e-12
7.274348e-12
4.556522e-12
8.045675e-12
5.533074e-12
1.010464e-11
8.582135e-12
1.563583e-11
1.729589e-11
3.057299e-11
4.144712e-11
7.104056e-11
1.076049e-10
1.808612e-10
2.880024e-10
4.791474e-10
7.789992e-10
1.289667e-09
2.114369e-09
3.492500e-09
5.745078e-09
9.479928e-09
1.561528e-08
2.575482e-08
4.244634e-08
6.999380e-08
1.153819e-07
1.902468e-07
3.136429e-07
5.171269e-07
8.525735e-07
1.405676e-06
2.317538e-06
3.820995e-06
6.299705e-06
1.038645e-05
1.712420e-05
2.823276e-05
4.654705e-05
7.674085e-05
1.265179e-04
2.085757e-04
3.438366e-04
5.667644e-04
9.340930e-04
1.539126e-03
2.535059e-03
4.172744e-03
6.861119e-03
1.126195e-02
1.843314e-02
3.003199e-02
4.856816e-02
7.762946e-02
1.218529e-01
1.861838e-01
2.738850e-01
3.834335e-01
5.062497e-01
6.283162e-01
7.359454e-01
8.212736e-01
8.833970e-01
9.258759e-01
9.536909e-01
9.713908e-01
9.824501e-01
9.892814e-01
9.934713e-01
9.960300e-01
9.975883e-01
9.985358e-01
9.991114e-01
9.994609e-01
9.996729e-01
9.998016e-01
9.998797e-01
9.999270e-01
9.999557e-01
9.999731e-01
9.999837e-01
9.999901e-01
9.999940e-01
9.999964e-01
9.999978e-01
9.999987e-01
9.999992e-01
9.999995e-01
9.999997e-01
9.999998e-01
9.999999e-01
9.999999e-01
1.000000e+00
1.000000e+00
1.000000e+00
1.000000e+00
1.000000e+00
1.000000e+00
1.000000e+00
1.000000e+00
1.000000e+00
1.000000e+00
1.000000e+00
1.000000e+00
1.000000e+00
1.000000e+00
1.000000e+00
1.000000e+00
1.000000e+00
1.000000e+00
1.000000e+00
1.000000e+00
1.000000e+00
1.000000e+00
1.000000e+00
1.000000e+00
1.000000e+00
1.000000e+00
1.000000e+00
1.000000e+00
1.000000e+00
1.000000e+00
1.000000e+00
1.000000e+00
1.000000e+00
1.000000e+00
1.000000e+00
1.000000e+00
1.000000e+00
1.000000e+00
1.000000e+00
1.000000e+00
1.000000e+00
1.000000e+00
1.000000e+00
1.000000e+00
1.000000e+00
1.000000e+00
1.000000e+00
1.000000e+00
1.000000e+00
1.000000e+00
1.000000e+00
1.000000e+00
1.000000e+00
1.000000e+00
1.000000e+00
1.000000e+00
1.000000e+00
1.000000e+00
1.000000e+00
1.000000e+00
1.000000e+00
1.000000e+00
1.000000e+00
1.000000e+00
1.000000e+00
1.000000e+00
1.000000e+00
1.000000e+00
1.000000e+00
1.000000e+00
1.000000e+00
1.000000e+00
1.000000e+00
1.000000e+00
1.000000e+00
1.000000e+00
1.000000e+00
1.000000e+00
1.000000e+00
1.000000e+00
1.000000e+00
1.000000e+00
1.000000e+00
1.000000e+00
1.000000e+00
1.000000e+00
1.000000e+00
1.000000e+00
1.000000e+00
1.000000e+00
1.000000e+00
1.000000e+00
1.000000e+00
1.000000e+00
1.000000e+00
1.000000e+00
1.000000e+00
1.000000e+00
1.000000e+00
1.000000e+00
1.000000e+00
1.000000e+00
1.000000e+00
1.000000e+00
1.000000e+00
1.000000e+00
1.000000e+00
1.000000e+00
1.000000e+00
1.000000e+00
1.000000e+00
1.000000e+00
1.000000e+00
1.000000e+00
1.000000e+00
1.000000e+00
1.000000e+00
1.000000e+00
1.000000e+00
1.000000e+00
1.000000e+00
1.000000e+00
1.000000e+00
1.000000e+00
1.000000e+00
1.000000e+00
1.000000e+00
1.000000e+00
1.000000e+00
1.000000e+00
1.000000e+00
1.000000e+00
1.000000e+00
1.000000e+00
1.000000e+00
1.000000e+00
1.000000e+00
1.000000e+00
1.000000e+00
1.000000e+00
1.000000e+00
1.000000e+00
1.000000e+00
1.000000e+00
1.000000e+00
1.000000e+00
1.000000e+00
1.000000e+00
1.000000e+00
1.000000e+00
1.000000e+00
1.000000e+00
1.000000e+00
1.000000e+00
1.000000e+00
1.000000e+00
1.000000e+00
1.000000e+00
1.000000e+00
1.000000e+00
1.000000e+00
1.000000e+00
1.000000e+00
1.000000e+00
1.000000e+00
1.000000e+00
1.000000e+00
1.000000e+00
1.000000e+00
1.000000e+00
1.000000e+00
1.000000e+00
1.000000e+00
1.000000e+00
1.000000e+00
1.000000e+00
1.000000e+00
1.000000e+00
1.000000e+00
1.000000e+00
1.000000e+00
1.000000e+00
1.000000e+00
1.000000e+00
1.000000e+00
1.000000e+00
1.000000e+00
1.000000e+00
1.000000e+00
1.000000e+00
1.000000e+00
1.000000e+00
1.000000e+00
1.000000e+00
1.000000e+00
1.000000e+00
1.000000e+00
1.000000e+00
1.000000e+00
1.000000e+00
1.000000e+00
1.000000e+00
1.000000e+00
1.000000e+00
1.000000e+00
1.000000e+00
1.000000e+00
1.000000e+00
1.000000e+00
1.000000e+00
1.000000e+00
1.000000e+00
1.000000e+00
1.000000e+00
1.000000e+00
1.000000e+00
1.000000e+00
1.000000e+00
1.000000e+00
1.000000e+00
1.000000e+00
1.000000e+00
1.000000e+00
1.000000e+00
1.000000e+00
1.000000e+00
1.000000e+00
1.000000e+00
1.000000e+00
1.000000e+00
1.000000e+00
1.000000e+00
1.000000e+00
1.000000e+00
1.000000e+00
1.000000e+00
1.000000e+00
1.000000e+00
1.000000e+00
1.000000e+00
1.000000e+00
1.000000e+00
1.000000e+00
1.000000e+00
1.000000e+00
1.000000e+00
1.000000e+00
1.000000e+00
1.000000e+00
1.000000e+00
1.000000e+00
1.000000e+00
1.000000e+00
1.000000e+00
1.000000e+00
1.000000e+00
1.000000e+00
1.000000e+00
1.000000e+00
1.000000e+00
1.000000e+00
1.000000e+00
1.000000e+00
1.000000e+00
1.000000e+00
1.000000e+00
1.000000e+00
1.000000e+00
1.000000e+00
1.000000e+00
1.000000e+00
1.000000e+00
1.000000e+00
1.000000e+00
1.000000e+00
1.000000e+00
1.000000e+00
1.000000e+00
1.000000e+00
1.000000e+00
1.000000e+00
1.000000e+00
1.000000e+00
1.000000e+00
1.000000e+00
1.000000e+00
1.000000e+00
1.000000e+00
1.000000e+00
1.000000e+00
1.000000e+00
1.000000e+00
1.000000e+00
1.000000e+00
1.000000e+00
1.000000e+00
1.000000e+00
1.000000e+00
1.000000e+00
1.000000e+00
1.000000e+00
1.000000e+00
1.000000e+00
1.000000e+00
1.000000e+00
1.000000e+00
1.000000e+00
1.000000e+00
1.000000e+00
1.000000e+00
1.000000e+00
1.000000e+00
1.000000e+00
1.000000e+00
1.000000e+00
1.000000e+00
1.000000e+00
1.000000e+00
1.000000e+00
1.000000e+00
1.000000e+00
1.000000e+00
1.000000e+00
1.000000e+00
1.000000e+00
1.000000e+00
1.000000e+00
1.000000e+00
1.000000e+00
1.000000e+00
1.000000e+00
1.000000e+00
1.000000e+00
1.000000e+00
1.000000e+00
1.000000e+00
1.000000e+00
1.000000e+00
1.000000e+00
1.000000e+00
1.000000e+00
1.000000e+00
1.000000e+00
1.000000e+00
1.000000e+00
1.000000e+00
1.000000e+00
1.000000e+00
1.000000e+00
1.000000e+00
1.000000e+00
1.000000e+00
1.000000e+00
1.000000e+00
1.000000e+00
1.000000e+00
1.000000e+00
1.000000e+00
1.000000e+00
1.000000e+00
1.000000e+00
1.000000e+00
1.000000e+00
1.000000e+00
1.000000e+00
1.000000e+00
1.000000e+00
1.000000e+00
1.000000e+00
1.000000e+00
1.000000e+00
1.000000e+00
1.000000e+00
1.000000e+00
1.000000e+00
1.000000e+00
1.000000e+00
1.000000e+00
1.000000e+00
1.000000e+00
1.000000e+00
1.000000e+00
1.000000e+00
1.000000e+00
1.000000e+00
1.000000e+00
1.000000e+00
1.000000e+00
1.000000e+00
1.000000e+00
1.000000e+00
1.000000e+00
1.000000e+00
1.000000e+00
1.000000e+00
1.000000e+00
1.000000e+00
1.000000e+00
1.000000e+00
1.000000e+00
1.000000e+00
1.000000e+00
1.000000e+00
1.000000e+00
1.000000e+00
1.000000e+00
1.000000e+00
1.000000e+00
1.000000e+00
1.000000e+00
1.000000e+00
1.000000e+00
1.000000e+00
1.000000e+00
1.000000e+00
1.000000e+00
1.000000e+00
1.000000e+00
1.000000e+00
1.000000e+00
1.000000e+00
1.000000e+00
1.000000e+00
1.000000e+00
1.000000e+00
1.000000e+00
1.000000e+00
1.000000e+00
1.000000e+00
1.000000e+00
1.000000e+00
1.000000e+00
1.000000e+00
1.000000e+00
1.000000e+00
1.000000e+00
1.000000e+00
1.000000e+00
1.000000e+00
1.000000e+00
1.000000e+00
1.000000e+00
1.000000e+00
1.000000e+00
1.000000e+00
1.000000e+00
1.000000e+00
1.000000e+00
1.000000e+00
1.000000e+00
1.000000e+00
1.000000e+00
1.000000e+00
1.000000e+00
1.000000e+00
1.000000e+00
1.000000e+00
1.000000e+00
1.000000e+00
1.000000e+00
1.000000e+00
1.000000e+00
1.000000e+00
1.000000e+00
1.000000e+00
1.000000e+00
1.000000e+00
1.000000e+00
1.000000e+00
1.000000e+00
1.000000e+00
1.000000e+00
1.000000e+00
1.000000e+00
1.000000e+00
1.000000e+00
1.000000e+00
1.000000e+00
1.000000e+00
1.000000e+00
1.000000e+00
1.000000e+00
1.000000e+00
1.000000e+00
1.000000e+00
1.000000e+00
1.000000e+00
1.000000e+00
1.000000e+00
1.000000e+00
1.000000e+00
1.000000e+00
1.000000e+00
1.000000e+00
1.000000e+00
1.000000e+00
1.000000e+00
9.999999e-01
9.999999e-01
9.999998e-01
9.999997e-01
9.999995e-01
9.999992e-01
9.999987e-01
9.999978e-01
9.999964e-01
9.999940e-01
9.999901e-01
9.999837e-01
9.999731e-01
9.999557e-01
9.999270e-01
9.998797e-01
9.998016e-01
9.996729e-01
9.994609e-01
9.991114e-01
9.985358e-01
9.975883e-01
9.960300e-01
9.934713e-01
9.892814e-01
9.824501e-01
9.713908e-01
9.536909e-01
9.258759e-01
8.833970e-01
8.212736e-01
7.359454e-01
6.283162e-01
5.062497e-01
3.834335e-01
2.738850e-01
1.861838e-01
1.218529e-01
7.762946e-02
4.856816e-02
3.003199e-02
1.843314e-02
1.126195e-02
6.861119e-03
4.172744e-03
2.535059e-03
1.539126e-03
9.340930e-04
5.667644e-04
3.438366e-04
2.085757e-04
1.265179e-04
7.674085e-05
4.654705e-05
2.823276e-05
1.712420e-05
1.038645e-05
6.299705e-06
3.820995e-06
2.317538e-06
1.405676e-06
8.525735e-07
5.171269e-07
3.136429e-07
1.902468e-07
1.153820e-07
6.999382e-08
4.244637e-08
2.575485e-08
1.561531e-08
9.479961e-09
5.745112e-09
3.492536e-09
2.114407e-09
1.289706e-09
7.790393e-10
4.791888e-10
2.880453e-10
1.809056e-10
1.076506e-10
7.108725e-11
4.149520e-11
3.062217e-11
1.734624e-11
1.568695e-11
8.634482e-12
1.015799e-11
5.587419e-12
8.101075e-12
4.612644e-12
7.331302e-12
4.389933e-12
7.043477e-12
4.435230e-12
6.939782e-12
4.571565e-12
6.909862e-12
4.734935e-12
6.912526e-12
4.902245e-12
6.931233e-12
5.066170e-12
6.959544e-12
5.223877e-12
6.995182e-12
5.375422e-12
7.035816e-12
5.520862e-12
7.080447e-12
5.660972e-12
7.129020e-12
5.795975e-12
7.180367e-12
5.926482e-12
7.234546e-12
6.052436e-12
7.290835e-12
6.175005e-12
7.348899e-12
6.293688e-12
7.408574e-12
6.409373e-12
7.469636e-12
6.521395e-12
7.531642e-12
6.630974e-12
7.594536e-12
6.737610e-12
7.657985e-12
6.841860e-12
7.722212e-12
6.943668e-12
7.786827e-12
7.043532e-12
7.851608e-12
7.140621e-12
7.916556e-12
7.236101e-12
7.981726e-12
7.329359e-12
8.047008e-12
7.421008e-12
8.112067e-12
7.510770e-12
8.177237e-12
7.599144e-12
8.242296e-12
7.685630e-12
8.307133e-12
7.771062e-12
8.371637e-12
7.854550e-12
8.436196e-12
7.937206e-12
8.500312e-12
8.017809e-12
8.564149e-12
8.097689e-12
8.627543e-12
8.176071e-12
8.690659e-12
8.253564e-12
8.753775e-12
8.329615e-12
8.816003e-12
8.404721e-12
8.877510e-12
8.477996e-12
8.938683e-12
8.550216e-12
8.998746e-12
8.620327e-12
9.058199e-12
8.689605e-12
9.116541e-12
8.757495e-12
9.173884e-12
8.823497e-12
9.230505e-12
8.887946e-12
9.285850e-12
8.951340e-12
9.339973e-12
9.012791e-12
9.393264e-12
9.072965e-12
9.445278e-12
9.131029e-12
9.495960e-12
9.188317e-12
9.545642e-12
9.243772e-12
9.594270e-12
9.298062e-12
9.641732e-12
9.351020e-12
9.688139e-12
9.402423e-12
9.733270e-12
9.452106e-12
9.777512e-12
9.500511e-12
9.820200e-12
9.546919e-12
9.861556e-12
9.592327e-12
9.901746e-12
9.636236e-12
9.940548e-12
9.678591e-12
9.978407e-12
9.719059e-12
1.001454e-11
9.758527e-12
1.004935e-11
9.795942e-12
1.008305e-11
9.831969e-12
1.011502e-11
9.866052e-12
1.014566e-11
9.898637e-12
1.017475e-11
9.930057e-12
1.020256e-11
9.960088e-12
1.022948e-11
9.988455e-12
1.025474e-11
1.001582e-11
1.027872e-11
1.004113e-11
1.030181e-11
1.006506e-11
1.032308e-11
1.008738e-11
1.034306e-11
1.010836e-11
1.036160e-11
1.012784e-11
1.037859e-11
1.014544e-11
1.039424e-11
1.016126e-11
1.040801e-11
1.017603e-11
1.042055e-11
1.018863e-11
1.043188e-11
1.020023e-11
1.044148e-11
1.020950e-11
1.044975e-11
1.021755e-11
1.045641e-11
1.022410e-11
1.046141e-11
1.022904e-11
1.046524e-11
1.023226e-11
1.046735e-11
1.023409e-11
1.046785e-11
