8.035350e-12
8.268441e-12
8.033685e-12
8.266221e-12
8.030299e-12
8.262557e-12
8.026024e-12
8.258172e-12
8.020584e-12
8.252843e-12
8.014256e-12
8.246404e-12
8.006373e-12
8.238688e-12
7.997658e-12
8.230194e-12
7.987777e-12
8.220702e-12
7.976397e-12
8.209988e-12
7.964074e-12
8.198053e-12
7.951084e-12
8.185452e-12
7.936374e-12
8.171908e-12
7.920664e-12
8.157253e-12
7.903678e-12
8.141654e-12
7.885859e-12
8.124945e-12
7.866874e-12
8.106849e-12
7.845946e-12
8.087642e-12
7.823964e-12
8.067380e-12
7.800816e-12
8.046230e-12
7.776613e-12
8.023915e-12
7.751466e-12
8.001044e-12
7.724432e-12
7.976564e-12
7.696732e-12
7.950973e-12
7.667367e-12
7.924716e-12
7.636891e-12
7.896683e-12
7.604917e-12
7.867540e-12
7.571777e-12
7.837786e-12
7.537138e-12
7.806755e-12
7.501333e-12
7.774781e-12
7.464418e-12
7.741752e-12
7.426282e-12
7.707612e-12
7.386591e-12
7.672418e-12
7.345569e-12
7.635725e-12
7.302825e-12
7.598366e-12
7.259138e-12
7.560064e-12
7.214340e-12
7.520984e-12
7.168544e-12
7.481016e-12
7.121026e-12
7.439604e-12
7.072565e-12
7.397805e-12
7.022383e-12
7.354894e-12
6.970979e-12
7.310486e-12
6.918022e-12
7.265355e-12
6.864009e-12
7.219558e-12
6.808387e-12
7.172984e-12
6.751821e-12
7.125411e-12
6.693313e-12
7.077505e-12
6.634027e-12
7.028322e-12
6.573297e-12
6.978418e-12
6.511180e-12
6.927847e-12
6.447454e-12
6.876943e-12
6.382561e-12
6.825485e-12
6.316725e-12
6.773970e-12
6.250278e-12
6.722345e-12
6.181777e-12
6.669942e-12
6.112888e-12
6.617651e-12
6.042278e-12
6.565581e-12
5.970613e-12
6.512846e-12
5.897560e-12
6.460110e-12
5.823397e-12
6.407819e-12
5.747625e-12
6.355416e-12
5.670797e-12
6.303291e-12
5.592415e-12
6.251777e-12
5.512757e-12
6.200318e-12
5.431322e-12
6.149248e-12
5.348000e-12
6.098344e-12
5.262457e-12
6.048162e-12
5.175360e-12
5.999090e-12
5.086320e-12
5.951073e-12
4.995560e-12
5.904166e-12
4.902079e-12
5.858480e-12
4.806655e-12
5.814627e-12
4.708456e-12
5.772827e-12
4.607648e-12
5.732692e-12
4.503731e-12
5.695222e-12
4.396872e-12
5.660472e-12
4.286127e-12
5.629164e-12
4.171496e-12
5.601686e-12
4.052370e-12
5.578371e-12
3.928857e-12
5.559719e-12
3.799794e-12
5.546674e-12
3.664402e-12
5.540846e-12
3.523459e-12
5.545064e-12
3.379241e-12
5.565715e-12
3.239242e-12
5.619005e-12
3.126666e-12
5.746403e-12
3.104850e-12
6.058209e-12
3.351541e-12
6.852074e-12
4.350575e-12
8.933632e-12
7.422174e-12
1.448724e-11
1.615896e-11
2.944728e-11
4.033318e-11
6.993822e-11
1.065141e-10
1.797823e-10
2.869353e-10
4.780920e-10
7.779554e-10
1.288636e-09
2.113349e-09
3.491492e-09
5.744082e-09
9.478945e-09
1.561431e-08
2.575387e-08
4.244539e-08
6.999286e-08
1.153810e-07
1.902459e-07
3.136420e-07
5.171260e-07
8.525726e-07
1.405676e-06
2.317537e-06
3.820994e-06
6.299704e-06
1.038645e-05
1.712420e-05
2.823276e-05
4.654705e-05
7.674085e-05
1.265179e-04
2.085757e-04
3.438366e-04
5.667644e-04
9.340930e-04
1.539126e-03
2.535059e-03
4.172744e-03
6.861119e-03
1.126195e-02
1.843314e-02
3.003199e-02
4.856815e-02
7.762946e-02
1.218529e-01
1.861838e-01
2.738850e-01
3.834335e-01
5.062497e-01
6.283162e-01
7.359454e-01
8.212736e-01
8.833970e-01
9.258759e-01
9.536909e-01
9.713908e-01
9.824501e-01
9.892814e-01
9.934713e-01
9.960300e-01
9.975883e-01
9.985358e-01
9.991114e-01
9.994609e-01
9.996729e-01
9.998016e-01
9.998797e-01
9.999270e-01
9.999557e-01
9.999731e-01
9.999837e-01
9.999901e-01
9.999940e-01
9.999964e-01
9.999978e-01
9.999987e-01
9.999992e-01
9.999995e-01
9.999997e-01
9.999998e-01
9.999999e-01
9.999999e-01
1.000000e+00
1.000000e+00
1.000000e+00
1.000000e+00
1.000000e+00
1.000000e+00
1.000000e+00
1.000000e+00
1.000000e+00
1.000000e+00
1.000000e+00
1.000000e+00
1.000000e+00
1.000000e+00
1.000000e+00
1.000000e+00
1.000000e+00
1.000000e+00
1.000000e+00
1.000000e+00
1.000000e+00
1.000000e+00
1.000000e+00
1.000000e+00
1.000000e+00
1.000000e+00
1.000000e+00
1.000000e+00
1.000000e+00
1.000000e+00
1.000000e+00
1.000000e+00
1.000000e+00
1.000000e+00
1.000000e+00
1.000000e+00
1.000000e+00
1.000000e+00
1.000000e+00
1.000000e+00
1.000000e+00
1.000000e+00
1.000000e+00
1.000000e+00
1.000000e+00
1.000000e+00
1.000000e+00
1.000000e+00
1.000000e+00
1.000000e+00
1.000000e+00
1.000000e+00
1.000000e+00
1.000000e+00
1.000000e+00
1.000000e+00
1.000000e+00
1.000000e+00
1.000000e+00
1.000000e+00
1.000000e+00
1.000000e+00
1.000000e+00
1.000000e+00
1.000000e+00
1.000000e+00
1.000000e+00
1.000000e+00
1.000000e+00
1.000000e+00
1.000000e+00
1.000000e+00
1.000000e+00
1.000000e+00
1.000000e+00
1.000000e+00
1.000000e+00
1.000000e+00
1.000000e+00
1.000000e+00
1.000000e+00
1.000000e+00
1.000000e+00
1.000000e+00
1.000000e+00
1.000000e+00
1.000000e+00
1.000000e+00
1.000000e+00
1.000000e+00
1.000000e+00
1.000000e+00
1.000000e+00
1.000000e+00
1.000000e+00
1.000000e+00
1.000000e+00
1.000000e+00
1.000000e+00
1.000000e+00
1.000000e+00
1.000000e+00
1.000000e+00
1.000000e+00
1.000000e+00
1.000000e+00
1.000000e+00
1.000000e+00
1.000000e+00
1.000000e+00
1.000000e+00
1.000000e+00
1.000000e+00
1.000000e+00
1.000000e+00
1.000000e+00
1.000000e+00
1.000000e+00
1.000000e+00
1.000000e+00
1.000000e+00
1.000000e+00
1.000000e+00
1.000000e+00
1.000000e+00
1.000000e+00
1.000000e+00
1.000000e+00
1.000000e+00
1.000000e+00
1.000000e+00
1.000000e+00
1.000000e+00
1.000000e+00
1.000000e+00
1.000000e+00
1.000000e+00
1.000000e+00
1.000000e+00
1.000000e+00
1.000000e+00
1.000000e+00
1.000000e+00
1.000000e+00
1.000000e+00
1.000000e+00
1.000000e+00
1.000000e+00
1.000000e+00
1.000000e+00
1.000000e+00
1.000000e+00
1.000000e+00
1.000000e+00
1.000000e+00
1.000000e+00
1.000000e+00
1.000000e+00
1.000000e+00
1.000000e+00
1.000000e+00
1.000000e+00
1.000000e+00
1.000000e+00
1.000000e+00
1.000000e+00
1.000000e+00
1.000000e+00
1.000000e+00
1.000000e+00
1.000000e+00
1.000000e+00
1.000000e+00
1.000000e+00
1.000000e+00
1.000000e+00
1.000000e+00
1.000000e+00
1.000000e+00
1.000000e+00
1.000000e+00
1.000000e+00
1.000000e+00
1.000000e+00
1.000000e+00
1.000000e+00
1.000000e+00
1.000000e+00
1.000000e+00
1.000000e+00
1.000000e+00
1.000000e+00
1.000000e+00
1.000000e+00
1.000000e+00
1.000000e+00
1.000000e+00
1.000000e+00
1.000000e+00
1.000000e+00
1.000000e+00
1.000000e+00
1.000000e+00
1.000000e+00
1.000000e+00
1.000000e+00
1.000000e+00
1.000000e+00
1.000000e+00
1.000000e+00
1.000000e+00
1.000000e+00
1.000000e+00
1.000000e+00
1.000000e+00
1.000000e+00
1.000000e+00
1.000000e+00
1.000000e+00
1.000000e+00
1.000000e+00
1.000000e+00
1.000000e+00
1.000000e+00
1.000000e+00
1.000000e+00
1.000000e+00
1.000000e+00
1.000000e+00
1.000000e+00
1.000000e+00
1.000000e+00
1.000000e+00
1.000000e+00
1.000000e+00
1.000000e+00
1.000000e+00
1.000000e+00
1.000000e+00
1.000000e+00
1.000000e+00
1.000000e+00
1.000000e+00
1.000000e+00
1.000000e+00
1.000000e+00
1.000000e+00
1.000000e+00
1.000000e+00
1.000000e+00
1.000000e+00
1.000000e+00
1.000000e+00
1.000000e+00
1.000000e+00
1.000000e+00
1.000000e+00
1.000000e+00
1.000000e+00
1.000000e+00
1.000000e+00
1.000000e+00
1.000000e+00
1.000000e+00
1.000000e+00
1.000000e+00
1.000000e+00
1.000000e+00
1.000000e+00
1.000000e+00
1.000000e+00
1.000000e+00
1.000000e+00
1.000000e+00
1.000000e+00
1.000000e+00
1.000000e+00
1.000000e+00
1.000000e+00
1.000000e+00
1.000000e+00
1.000000e+00
1.000000e+00
1.000000e+00
1.000000e+00
1.000000e+00
1.000000e+00
1.000000e+00
1.000000e+00
1.000000e+00
1.000000e+00
1.000000e+00
1.000000e+00
1.000000e+00
1.000000e+00
1.000000e+00
1.000000e+00
1.000000e+00
1.000000e+00
1.000000e+00
1.000000e+00
1.000000e+00
1.000000e+00
1.000000e+00
1.000000e+00
1.000000e+00
1.000000e+00
1.000000e+00
1.000000e+00
1.000000e+00
1.000000e+00
1.000000e+00
1.000000e+00
1.000000e+00
1.000000e+00
1.000000e+00
1.000000e+00
1.000000e+00
1.000000e+00
1.000000e+00
1.000000e+00
1.000000e+00
1.000000e+00
1.000000e+00
1.000000e+00
1.000000e+00
1.000000e+00
1.000000e+00
1.000000e+00
1.000000e+00
1.000000e+00
1.000000e+00
1.000000e+00
1.000000e+00
1.000000e+00
1.000000e+00
1.000000e+00
1.000000e+00
1.000000e+00
1.000000e+00
1.000000e+00
1.000000e+00
1.000000e+00
1.000000e+00
1.000000e+00
1.000000e+00
1.000000e+00
1.000000e+00
1.000000e+00
1.000000e+00
1.000000e+00
1.000000e+00
1.000000e+00
1.000000e+00
1.000000e+00
1.000000e+00
1.000000e+00
1.000000e+00
1.000000e+00
1.000000e+00
1.000000e+00
1.000000e+00
1.000000e+00
1.000000e+00
1.000000e+00
1.000000e+00
1.000000e+00
1.000000e+00
1.000000e+00
1.000000e+00
1.000000e+00
1.000000e+00
1.000000e+00
1.000000e+00
1.000000e+00
1.000000e+00
1.000000e+00
1.000000e+00
1.000000e+00
1.000000e+00
1.000000e+00
1.000000e+00
1.000000e+00
1.000000e+00
1.000000e+00
1.000000e+00
1.000000e+00
1.000000e+00
1.000000e+00
1.000000e+00
1.000000e+00
1.000000e+00
1.000000e+00
1.000000e+00
1.000000e+00
1.000000e+00
1.000000e+00
1.000000e+00
1.000000e+00
1.000000e+00
1.000000e+00
1.000000e+00
1.000000e+00
1.000000e+00
1.000000e+00
1.000000e+00
1.000000e+00
1.000000e+00
1.000000e+00
1.000000e+00
1.000000e+00
1.000000e+00
1.000000e+00
1.000000e+00
1.000000e+00
1.000000e+00
1.000000e+00
1.000000e+00
1.000000e+00
1.000000e+00
1.000000e+00
1.000000e+00
1.000000e+00
1.000000e+00
1.000000e+00
1.000000e+00
1.000000e+00
1.000000e+00
1.000000e+00
1.000000e+00
1.000000e+00
1.000000e+00
1.000000e+00
1.000000e+00
1.000000e+00
1.000000e+00
1.000000e+00
1.000000e+00
1.000000e+00
1.000000e+00
1.000000e+00
1.000000e+00
1.000000e+00
1.000000e+00
1.000000e+00
1.000000e+00
1.000000e+00
1.000000e+00
1.000000e+00
1.000000e+00
1.000000e+00
1.000000e+00
1.000000e+00
1.000000e+00
1.000000e+00
1.000000e+00
1.000000e+00
1.000000e+00
1.000000e+00
1.000000e+00
1.000000e+00
1.000000e+00
1.000000e+00
1.000000e+00
1.000000e+00
1.000000e+00
1.000000e+00
1.000000e+00
1.000000e+00
1.000000e+00
1.000000e+00
1.000000e+00
1.000000e+00
1.000000e+00
1.000000e+00
1.000000e+00
1.000000e+00
1.000000e+00
1.000000e+00
1.000000e+00
1.000000e+00
1.000000e+00
1.000000e+00
1.000000e+00
1.000000e+00
1.000000e+00
1.000000e+00
1.000000e+00
1.000000e+00
1.000000e+00
1.000000e+00
1.000000e+00
1.000000e+00
1.000000e+00
1.000000e+00
1.000000e+00
1.000000e+00
9.999999e-01
9.999999e-01
9.999998e-01
9.999997e-01
9.999995e-01
9.999992e-01
9.999987e-01
9.999978e-01
9.999964e-01
9.999940e-01
9.999901e-01
9.999837e-01
9.999731e-01
9.999557e-01
9.999270e-01
9.998797e-01
9.998016e-01
9.996729e-01
9.994609e-01
9.991114e-01
9.985358e-01
9.975883e-01
9.960300e-01
9.934713e-01
9.892814e-01
9.824501e-01
9.713908e-01
9.536909e-01
9.258759e-01
8.833970e-01
8.212736e-01
7.359454e-01
6.283162e-01
5.062497e-01
3.834335e-01
2.738850e-01
1.861838e-01
1.218529e-01
7.762946e-02
4.856815e-02
3.003199e-02
1.843314e-02
1.126195e-02
6.861119e-03
4.172744e-03
2.535059e-03
1.539126e-03
9.340930e-04
5.667644e-04
3.438366e-04
2.085757e-04
1.265179e-04
7.674085e-05
4.654705e-05
2.823276e-05
1.712420e-05
1.038645e-05
6.299704e-06
3.820994e-06
2.317537e-06
1.405676e-06
8.525726e-07
5.171260e-07
3.136420e-07
1.902459e-07
1.153810e-07
6.999289e-08
4.244542e-08
2.575389e-08
1.561434e-08
9.478976e-09
5.744116e-09
3.491527e-09
2.113385e-09
1.288673e-09
7.779941e-10
4.781319e-10
2.869764e-10
1.798249e-10
1.065582e-10
6.998341e-11
4.037970e-11
2.949513e-11
1.620787e-11
1.453698e-11
7.473133e-12
8.985479e-12
4.403478e-12
6.906142e-12
3.406386e-12
6.113776e-12
3.161416e-12
5.803691e-12
3.184897e-12
5.678125e-12
3.299472e-12
5.626721e-12
3.441303e-12
5.607736e-12
3.586909e-12
5.605461e-12
3.729461e-12
5.612621e-12
3.866185e-12
5.626777e-12
3.996858e-12
5.646372e-12
4.121425e-12
5.670742e-12
4.240996e-12
5.698997e-12
4.355960e-12
5.730527e-12
4.466927e-12
5.765277e-12
4.573286e-12
5.801748e-12
4.676315e-12
5.840550e-12
4.775791e-12
5.881129e-12
4.872214e-12
5.923151e-12
4.965750e-12
5.966505e-12
5.056788e-12
6.011247e-12
5.145218e-12
6.056822e-12
5.231815e-12
6.103340e-12
5.316136e-12
6.150747e-12
5.398515e-12
6.198375e-12
5.478784e-12
6.246170e-12
5.557221e-12
6.294409e-12
5.633660e-12
6.342871e-12
5.708878e-12
6.391887e-12
5.782763e-12
6.441403e-12
5.855538e-12
6.490974e-12
5.926704e-12
6.540324e-12
5.996703e-12
6.590062e-12
6.065537e-12
6.639689e-12
6.133205e-12
6.689094e-12
6.199485e-12
6.738499e-12
6.265377e-12
6.788015e-12
6.329881e-12
6.837475e-12
6.393497e-12
6.886602e-12
6.456169e-12
6.935841e-12
6.517786e-12
6.984580e-12
6.578738e-12
7.032652e-12
6.637801e-12
7.080170e-12
6.695755e-12
7.127132e-12
6.752821e-12
7.173706e-12
6.808498e-12
7.219503e-12
6.863565e-12
7.264855e-12
6.916689e-12
7.308987e-12
6.968925e-12
7.352396e-12
7.019774e-12
7.395085e-12
7.069345e-12
7.436440e-12
7.117584e-12
7.477075e-12
7.164769e-12
7.517154e-12
7.210565e-12
7.556289e-12
7.255585e-12
7.594758e-12
7.299494e-12
7.632450e-12
7.342238e-12
7.669199e-12
7.383594e-12
7.705003e-12
7.423784e-12
7.739420e-12
7.462198e-12
7.772949e-12
7.499890e-12
7.805478e-12
7.536194e-12
7.837231e-12
7.571554e-12
7.868262e-12
7.605638e-12
7.897627e-12
7.638501e-12
7.926548e-12
7.669698e-12
7.953915e-12
7.699785e-12
7.979895e-12
7.728207e-12
8.004986e-12
7.756074e-12
8.028911e-12
7.782219e-12
8.052004e-12
7.807199e-12
8.074041e-12
7.830792e-12
8.095136e-12
7.853440e-12
8.114731e-12
7.874756e-12
8.133161e-12
7.894685e-12
8.150425e-12
7.913281e-12
8.166856e-12
7.930712e-12
8.182233e-12
7.946865e-12
8.196444e-12
7.962131e-12
8.209544e-12
7.975176e-12
8.220979e-12
7.987611e-12
8.231249e-12
7.998213e-12
8.240464e-12
8.007428e-12
8.248069e-12
8.015200e-12
8.254397e-12
8.022139e-12
8.259948e-12
8.027135e-12
8.264112e-12
8.031242e-12
8.267276e-12
8.034129e-12
8.269274e-12
8.035628e-12
8.269718e-12
