9.055423e-12
9.288736e-12
9.053813e-12
9.286405e-12
9.050538e-12
9.282852e-12
9.046375e-12
9.278023e-12
9.040213e-12
9.271861e-12
9.032997e-12
9.264811e-12
9.024559e-12
9.256040e-12
9.014733e-12
9.246715e-12
9.003687e-12
9.236056e-12
8.991530e-12
9.224510e-12
8.978263e-12
9.211631e-12
8.963497e-12
9.197532e-12
8.947509e-12
9.182488e-12
8.930523e-12
9.166223e-12
8.911871e-12
9.148626e-12
8.892054e-12
9.129975e-12
8.870293e-12
9.109713e-12
8.847756e-12
9.088452e-12
8.823497e-12
9.065748e-12
8.798018e-12
9.042100e-12
8.770873e-12
9.016787e-12
8.742618e-12
8.990531e-12
8.713086e-12
8.963386e-12
8.682333e-12
8.935130e-12
8.649970e-12
8.905376e-12
8.616441e-12
8.874346e-12
8.581191e-12
8.842371e-12
8.544665e-12
8.809009e-12
8.506584e-12
8.774481e-12
8.467393e-12
8.739010e-12
8.426926e-12
8.702372e-12
8.384737e-12
8.664569e-12
8.341161e-12
8.625045e-12
8.296364e-12
8.584577e-12
8.249790e-12
8.543111e-12
8.201717e-12
8.500256e-12
8.152090e-12
8.456291e-12
8.101464e-12
8.411438e-12
8.049228e-12
8.365253e-12
7.995604e-12
8.318402e-12
7.940315e-12
8.270218e-12
7.884027e-12
8.221201e-12
7.826129e-12
8.171019e-12
7.766787e-12
8.119949e-12
7.705891e-12
8.067991e-12
7.643719e-12
8.015200e-12
7.580048e-12
7.961076e-12
7.515100e-12
7.906398e-12
7.448264e-12
7.850942e-12
7.380541e-12
7.794598e-12
7.311096e-12
7.737699e-12
7.240153e-12
7.680190e-12
7.167988e-12
7.622125e-12
7.094769e-12
7.563505e-12
7.019940e-12
7.504553e-12
6.944223e-12
7.445711e-12
6.866729e-12
7.386758e-12
6.788514e-12
7.327250e-12
6.708634e-12
7.267797e-12
6.627310e-12
7.208067e-12
6.544376e-12
7.148726e-12
6.460388e-12
7.088996e-12
6.374290e-12
7.029766e-12
6.286971e-12
6.970480e-12
6.197487e-12
6.911693e-12
6.106449e-12
6.853129e-12
6.013190e-12
6.795120e-12
5.918321e-12
6.737833e-12
5.820788e-12
6.681211e-12
5.721368e-12
6.625811e-12
5.619505e-12
6.571410e-12
5.515088e-12
6.519008e-12
5.408174e-12
6.468104e-12
5.298706e-12
6.419254e-12
5.185852e-12
6.372902e-12
5.069833e-12
6.329326e-12
4.950207e-12
6.288858e-12
4.826750e-12
6.252221e-12
4.698686e-12
6.219580e-12
4.565681e-12
6.191714e-12
4.426681e-12
6.169398e-12
4.282075e-12
6.153966e-12
4.131639e-12
6.148360e-12
3.977541e-12
6.159295e-12
3.827605e-12
6.202150e-12
3.704648e-12
6.319278e-12
3.672895e-12
6.621093e-12
3.909317e-12
7.404743e-12
4.898137e-12
9.475754e-12
7.959411e-12
1.501910e-11
1.668565e-11
2.996886e-11
4.084943e-11
7.044920e-11
1.070199e-10
1.802828e-10
2.874305e-10
4.785818e-10
7.784402e-10
1.289115e-09
2.113823e-09
3.491961e-09
5.744545e-09
9.479402e-09
1.561476e-08
2.575431e-08
4.244583e-08
6.999330e-08
1.153815e-07
1.902463e-07
3.136424e-07
5.171264e-07
8.525730e-07
1.405676e-06
2.317537e-06
3.820994e-06
6.299705e-06
1.038645e-05
1.712420e-05
2.823276e-05
4.654705e-05
7.674085e-05
1.265179e-04
2.085757e-04
3.438366e-04
5.667644e-04
9.340930e-04
1.539126e-03
2.535059e-03
4.172744e-03
6.861119e-03
1.126195e-02
1.843314e-02
3.003199e-02
4.856815e-02
7.762946e-02
1.218529e-01
1.861838e-01
2.738850e-01
3.834335e-01
5.062497e-01
6.283162e-01
7.359454e-01
8.212736e-01
8.833970e-01
9.258759e-01
9.536909e-01
9.713908e-01
9.824501e-01
9.892814e-01
9.934713e-01
9.960300e-01
9.975883e-01
9.985358e-01
9.991114e-01
9.994609e-01
9.996729e-01
9.998016e-01
9.998797e-01
9.999270e-01
9.999557e-01
9.999731e-01
9.999837e-01
9.999901e-01
9.999940e-01
9.999964e-01
9.999978e-01
9.999987e-01
9.999992e-01
9.999995e-01
9.999997e-01
9.999998e-01
9.999999e-01
9.999999e-01
1.000000e+00
1.000000e+00
1.000000e+00
1.000000e+00
1.000000e+00
1.000000e+00
1.000000e+00
1.000000e+00
1.000000e+00
1.000000e+00
1.000000e+00
1.000000e+00
1.000000e+00
1.000000e+00
1.000000e+00
1.000000e+00
1.000000e+00
1.000000e+00
1.000000e+00
1.000000e+00
1.000000e+00
1.000000e+00
1.000000e+00
1.000000e+00
1.000000e+00
1.000000e+00
1.000000e+00
1.000000e+00
1.000000e+00
1.000000e+00
1.000000e+00
1.000000e+00
1.000000e+00
1.000000e+00
1.000000e+00
1.000000e+00
1.000000e+00
1.000000e+00
1.000000e+00
1.000000e+00
1.000000e+00
1.000000e+00
1.000000e+00
1.000000e+00
1.000000e+00
1.000000e+00
1.000000e+00
1.000000e+00
1.000000e+00
1.000000e+00
1.000000e+00
1.000000e+00
1.000000e+00
1.000000e+00
1.000000e+00
1.000000e+00
1.000000e+00
1.000000e+00
1.000000e+00
1.000000e+00
1.000000e+00
1.000000e+00
1.000000e+00
1.000000e+00
1.000000e+00
1.000000e+00
1.000000e+00
1.000000e+00
1.000000e+00
1.000000e+00
1.000000e+00
1.000000e+00
1.000000e+00
1.000000e+00
1.000000e+00
1.000000e+00
1.000000e+00
1.000000e+00
1.000000e+00
1.000000e+00
1.000000e+00
1.000000e+00
1.000000e+00
1.000000e+00
1.000000e+00
1.000000e+00
1.000000e+00
1.000000e+00
1.000000e+00
1.000000e+00
1.000000e+00
1.000000e+00
1.000000e+00
1.000000e+00
1.000000e+00
1.000000e+00
1.000000e+00
1.000000e+00
1.000000e+00
1.000000e+00
1.000000e+00
1.000000e+00
1.000000e+00
1.000000e+00
1.000000e+00
1.000000e+00
1.000000e+00
1.000000e+00
1.000000e+00
1.000000e+00
1.000000e+00
1.000000e+00
1.000000e+00
1.000000e+00
1.000000e+00
1.000000e+00
1.000000e+00
1.000000e+00
1.000000e+00
1.000000e+00
1.000000e+00
1.000000e+00
1.000000e+00
1.000000e+00
1.000000e+00
1.000000e+00
1.000000e+00
1.000000e+00
1.000000e+00
1.000000e+00
1.000000e+00
1.000000e+00
1.000000e+00
1.000000e+00
1.000000e+00
1.000000e+00
1.000000e+00
1.000000e+00
1.000000e+00
1.000000e+00
1.000000e+00
1.000000e+00
1.000000e+00
1.000000e+00
1.000000e+00
1.000000e+00
1.000000e+00
1.000000e+00
1.000000e+00
1.000000e+00
1.000000e+00
1.000000e+00
1.000000e+00
1.000000e+00
1.000000e+00
1.000000e+00
1.000000e+00
1.000000e+00
1.000000e+00
1.000000e+00
1.000000e+00
1.000000e+00
1.000000e+00
1.000000e+00
1.000000e+00
1.000000e+00
1.000000e+00
1.000000e+00
1.000000e+00
1.000000e+00
1.000000e+00
1.000000e+00
1.000000e+00
1.000000e+00
1.000000e+00
1.000000e+00
1.000000e+00
1.000000e+00
1.000000e+00
1.000000e+00
1.000000e+00
1.000000e+00
1.000000e+00
1.000000e+00
1.000000e+00
1.000000e+00
1.000000e+00
1.000000e+00
1.000000e+00
1.000000e+00
1.000000e+00
1.000000e+00
1.000000e+00
1.000000e+00
1.000000e+00
1.000000e+00
1.000000e+00
1.000000e+00
1.000000e+00
1.000000e+00
1.000000e+00
1.000000e+00
1.000000e+00
1.000000e+00
1.000000e+00
1.000000e+00
1.000000e+00
1.000000e+00
1.000000e+00
1.000000e+00
1.000000e+00
1.000000e+00
1.000000e+00
1.000000e+00
1.000000e+00
1.000000e+00
1.000000e+00
1.000000e+00
1.000000e+00
1.000000e+00
1.000000e+00
1.000000e+00
1.000000e+00
1.000000e+00
1.000000e+00
1.000000e+00
1.000000e+00
1.000000e+00
1.000000e+00
1.000000e+00
1.000000e+00
1.000000e+00
1.000000e+00
1.000000e+00
1.000000e+00
1.000000e+00
1.000000e+00
1.000000e+00
1.000000e+00
1.000000e+00
1.000000e+00
1.000000e+00
1.000000e+00
1.000000e+00
1.000000e+00
1.000000e+00
1.000000e+00
1.000000e+00
1.000000e+00
1.000000e+00
1.000000e+00
1.000000e+00
1.000000e+00
1.000000e+00
1.000000e+00
1.000000e+00
1.000000e+00
1.000000e+00
1.000000e+00
1.000000e+00
1.000000e+00
1.000000e+00
1.000000e+00
1.000000e+00
1.000000e+00
1.000000e+00
1.000000e+00
1.000000e+00
1.000000e+00
1.000000e+00
1.000000e+00
1.000000e+00
1.000000e+00
1.000000e+00
1.000000e+00
1.000000e+00
1.000000e+00
1.000000e+00
1.000000e+00
1.000000e+00
1.000000e+00
1.000000e+00
1.000000e+00
1.000000e+00
1.000000e+00
1.000000e+00
1.000000e+00
1.000000e+00
1.000000e+00
1.000000e+00
1.000000e+00
1.000000e+00
1.000000e+00
1.000000e+00
1.000000e+00
1.000000e+00
1.000000e+00
1.000000e+00
1.000000e+00
1.000000e+00
1.000000e+00
1.000000e+00
1.000000e+00
1.000000e+00
1.000000e+00
1.000000e+00
1.000000e+00
1.000000e+00
1.000000e+00
1.000000e+00
1.000000e+00
1.000000e+00
1.000000e+00
1.000000e+00
1.000000e+00
1.000000e+00
1.000000e+00
1.000000e+00
1.000000e+00
1.000000e+00
1.000000e+00
1.000000e+00
1.000000e+00
1.000000e+00
1.000000e+00
1.000000e+00
1.000000e+00
1.000000e+00
1.000000e+00
1.000000e+00
1.000000e+00
1.000000e+00
1.000000e+00
1.000000e+00
1.000000e+00
1.000000e+00
1.000000e+00
1.000000e+00
1.000000e+00
1.000000e+00
1.000000e+00
1.000000e+00
1.000000e+00
1.000000e+00
1.000000e+00
1.000000e+00
1.000000e+00
1.000000e+00
1.000000e+00
1.000000e+00
1.000000e+00
1.000000e+00
1.000000e+00
1.000000e+00
1.000000e+00
1.000000e+00
1.000000e+00
1.000000e+00
1.000000e+00
1.000000e+00
1.000000e+00
1.000000e+00
1.000000e+00
1.000000e+00
1.000000e+00
1.000000e+00
1.000000e+00
1.000000e+00
1.000000e+00
1.000000e+00
1.000000e+00
1.000000e+00
1.000000e+00
1.000000e+00
1.000000e+00
1.000000e+00
1.000000e+00
1.000000e+00
1.000000e+00
1.000000e+00
1.000000e+00
1.000000e+00
1.000000e+00
1.000000e+00
1.000000e+00
1.000000e+00
1.000000e+00
1.000000e+00
1.000000e+00
1.000000e+00
1.000000e+00
1.000000e+00
1.000000e+00
1.000000e+00
1.000000e+00
1.000000e+00
1.000000e+00
1.000000e+00
1.000000e+00
1.000000e+00
1.000000e+00
1.000000e+00
1.000000e+00
1.000000e+00
1.000000e+00
1.000000e+00
1.000000e+00
1.000000e+00
1.000000e+00
1.000000e+00
1.000000e+00
1.000000e+00
1.000000e+00
1.000000e+00
1.000000e+00
1.000000e+00
1.000000e+00
1.000000e+00
1.000000e+00
1.000000e+00
1.000000e+00
1.000000e+00
1.000000e+00
1.000000e+00
1.000000e+00
1.000000e+00
1.000000e+00
1.000000e+00
1.000000e+00
1.000000e+00
1.000000e+00
1.000000e+00
1.000000e+00
1.000000e+00
1.000000e+00
1.000000e+00
1.000000e+00
1.000000e+00
1.000000e+00
1.000000e+00
1.000000e+00
1.000000e+00
1.000000e+00
1.000000e+00
1.000000e+00
1.000000e+00
1.000000e+00
1.000000e+00
1.000000e+00
1.000000e+00
1.000000e+00
1.000000e+00
1.000000e+00
1.000000e+00
1.000000e+00
1.000000e+00
1.000000e+00
1.000000e+00
1.000000e+00
1.000000e+00
1.000000e+00
1.000000e+00
1.000000e+00
1.000000e+00
1.000000e+00
1.000000e+00
1.000000e+00
1.000000e+00
1.000000e+00
1.000000e+00
1.000000e+00
1.000000e+00
1.000000e+00
1.000000e+00
1.000000e+00
1.000000e+00
1.000000e+00
1.000000e+00
1.000000e+00
1.000000e+00
1.000000e+00
1.000000e+00
1.000000e+00
1.000000e+00
1.000000e+00
1.000000e+00
1.000000e+00
1.000000e+00
1.000000e+00
1.000000e+00
1.000000e+00
1.000000e+00
1.000000e+00
1.000000e+00
1.000000e+00
1.000000e+00
1.000000e+00
9.999999e-01
9.999999e-01
9.999998e-01
9.999997e-01
9.999995e-01
9.999992e-01
9.999987e-01
9.999978e-01
9.999964e-01
9.999940e-01
9.999901e-01
9.999837e-01
9.999731e-01
9.999557e-01
9.999270e-01
9.998797e-01
9.998016e-01
9.996729e-01
9.994609e-01
9.991114e-01
9.985358e-01
9.975883e-01
9.960300e-01
9.934713e-01
9.892814e-01
9.824501e-01
9.713908e-01
9.536909e-01
9.258759e-01
8.833970e-01
8.212736e-01
7.359454e-01
6.283162e-01
5.062497e-01
3.834335e-01
2.738850e-01
1.861838e-01
1.218529e-01
7.762946e-02
4.856815e-02
3.003199e-02
1.843314e-02
1.126195e-02
6.861119e-03
4.172744e-03
2.535059e-03
1.539126e-03
9.340930e-04
5.667644e-04
3.438366e-04
2.085757e-04
1.265179e-04
7.674085e-05
4.654705e-05
2.823276e-05
1.712420e-05
1.038645e-05
6.299705e-06
3.820994e-06
2.317537e-06
1.405676e-06
8.525730e-07
5.171264e-07
3.136425e-07
1.902463e-07
1.153815e-07
6.999332e-08
4.244586e-08
2.575434e-08
1.561479e-08
9.479435e-09
5.744580e-09
3.491997e-09
2.113861e-09
1.289154e-09
7.784808e-10
4.786239e-10
2.874740e-10
1.803276e-10
1.070660e-10
7.049644e-11
4.089795e-11
3.001838e-11
1.673633e-11
1.507056e-11
8.011924e-12
9.529377e-12
4.952372e-12
7.460088e-12
3.965606e-12
6.678103e-12
3.730960e-12
6.378509e-12
3.764544e-12
6.262990e-12
3.889167e-12
6.221579e-12
4.040934e-12
6.212642e-12
4.196588e-12
6.219691e-12
4.348744e-12
6.236511e-12
4.494793e-12
6.260492e-12
4.635070e-12
6.289469e-12
4.769185e-12
6.323275e-12
4.898026e-12
6.360690e-12
5.022038e-12
6.401102e-12
5.141665e-12
6.444290e-12
5.257073e-12
6.489864e-12
5.368872e-12
6.537326e-12
5.476952e-12
6.586787e-12
5.582312e-12
6.637357e-12
5.684231e-12
6.689593e-12
5.783929e-12
6.742440e-12
5.880796e-12
6.796674e-12
5.975609e-12
6.851186e-12
6.067979e-12
6.906531e-12
6.158407e-12
6.962153e-12
6.246503e-12
7.018053e-12
6.332879e-12
7.074008e-12
6.417034e-12
7.130296e-12
6.500078e-12
7.186751e-12
6.580958e-12
7.243095e-12
6.660672e-12
7.299883e-12
6.739165e-12
7.356060e-12
6.815826e-12
7.412737e-12
6.891487e-12
7.469025e-12
6.965928e-12
7.525258e-12
7.039036e-12
7.581435e-12
7.111201e-12
7.637335e-12
7.182421e-12
7.693346e-12
7.252587e-12
7.748913e-12
7.321421e-12
7.804146e-12
7.389256e-12
7.859047e-12
7.455536e-12
7.913115e-12
7.521095e-12
7.966461e-12
7.584655e-12
8.018863e-12
7.647161e-12
8.070933e-12
7.708167e-12
8.121337e-12
7.767731e-12
8.171464e-12
7.826184e-12
8.220702e-12
7.883139e-12
8.268997e-12
7.938705e-12
8.316237e-12
7.993162e-12
8.362533e-12
8.045897e-12
8.408052e-12
8.097745e-12
8.452350e-12
8.148093e-12
8.496148e-12
8.197498e-12
8.538781e-12
8.245626e-12
8.580747e-12
8.292478e-12
8.621548e-12
8.337608e-12
8.660961e-12
8.381962e-12
8.699430e-12
8.424206e-12
8.736623e-12
8.465506e-12
8.772871e-12
8.505197e-12
8.807788e-12
8.543721e-12
8.841872e-12
8.580969e-12
8.874623e-12
8.616774e-12
8.906265e-12
8.651080e-12
8.936629e-12
8.684331e-12
8.966106e-12
8.715972e-12
8.994139e-12
8.746337e-12
9.020895e-12
8.775425e-12
9.046708e-12
8.803014e-12
9.071410e-12
8.829382e-12
9.094558e-12
8.854473e-12
9.116818e-12
8.877787e-12
9.137580e-12
8.900103e-12
9.157008e-12
8.920642e-12
9.175327e-12
8.939904e-12
9.192369e-12
8.957612e-12
9.207801e-12
8.974099e-12
9.221901e-12
8.988643e-12
9.234780e-12
9.002021e-12
9.246215e-12
9.013623e-12
9.256595e-12
9.024448e-12
9.265366e-12
9.033219e-12
9.273027e-12
9.040713e-12
9.279133e-12
9.046652e-12
9.284018e-12
9.051260e-12
9.287238e-12
9.054202e-12
9.289236e-12
9.055756e-12
9.289902e-12
