4.385815e-07
4.385716e-07
4.385410e-07
4.384907e-07
4.384196e-07
4.383288e-07
4.382173e-07
4.380860e-07
4.379340e-07
4.377623e-07
4.375700e-07
4.373579e-07
4.371251e-07
4.368727e-07
4.365996e-07
4.363069e-07
4.359935e-07
4.356605e-07
4.353070e-07
4.349338e-07
4.345401e-07
4.341268e-07
4.336929e-07
4.332396e-07
4.327658e-07
4.322725e-07
4.317588e-07
4.312256e-07
4.306721e-07
4.300991e-07
4.295059e-07
4.288933e-07
4.282604e-07
4.276083e-07
4.269359e-07
4.262444e-07
4.255327e-07
4.248018e-07
4.240509e-07
4.232809e-07
4.224908e-07
4.216818e-07
4.208529e-07
4.200050e-07
4.191372e-07
4.182506e-07
4.173442e-07
4.164191e-07
4.154743e-07
4.145108e-07
4.135276e-07
4.125260e-07
4.115047e-07
4.104651e-07
4.094059e-07
4.083285e-07
4.072316e-07
4.061165e-07
4.049821e-07
4.038297e-07
4.026580e-07
4.014683e-07
4.002596e-07
3.990330e-07
3.977874e-07
3.965240e-07
3.952418e-07
3.939420e-07
3.926233e-07
3.912872e-07
3.899325e-07
3.885604e-07
3.871697e-07
3.857619e-07
3.843356e-07
3.828923e-07
3.814307e-07
3.799521e-07
3.784554e-07
3.769419e-07
3.754103e-07
3.738622e-07
3.722961e-07
3.707136e-07
3.691133e-07
3.674967e-07
3.658625e-07
3.642121e-07
3.625442e-07
3.608604e-07
3.591592e-07
3.574422e-07
3.557080e-07
3.539582e-07
3.521912e-07
3.504089e-07
3.486097e-07
3.467952e-07
3.449639e-07
3.431176e-07
3.412546e-07
3.393768e-07
3.374824e-07
3.355735e-07
3.336482e-07
3.317085e-07
3.297525e-07
3.277824e-07
3.257962e-07
3.237960e-07
3.217799e-07
3.197500e-07
3.177044e-07
3.156452e-07
3.135704e-07
3.114824e-07
3.093788e-07
3.072622e-07
3.051303e-07
3.029856e-07
3.008257e-07
2.986532e-07
2.964658e-07
2.942660e-07
2.920514e-07
2.898247e-07
2.875833e-07
2.853301e-07
2.830624e-07
2.807832e-07
2.784895e-07
2.761846e-07
2.738655e-07
2.715354e-07
2.691911e-07
2.668362e-07
2.644674e-07
2.620882e-07
2.596951e-07
2.572920e-07
2.548752e-07
2.524486e-07
2.500085e-07
2.475590e-07
2.450960e-07
2.426239e-07
2.401385e-07
2.376444e-07
2.351371e-07
2.326214e-07
2.300926e-07
2.275557e-07
2.250059e-07
2.224484e-07
2.198780e-07
2.173004e-07
2.147099e-07
2.121126e-07
2.095025e-07
2.068861e-07
2.042568e-07
2.016217e-07
1.989738e-07
1.963205e-07
1.936544e-07
1.909835e-07
1.882997e-07
1.856116e-07
1.829106e-07
1.802059e-07
1.774881e-07
1.747674e-07
1.720334e-07
1.692972e-07
1.665477e-07
1.637967e-07
1.610323e-07
1.582677e-07
1.554898e-07
1.527134e-07
1.499247e-07
1.471408e-07
1.443478e-07
1.415669e-07
1.387867e-07
1.360368e-07
1.333147e-07
1.306706e-07
1.281293e-07
1.257930e-07
1.237652e-07
1.222854e-07
1.216747e-07
1.225411e-07
1.258031e-07
1.330645e-07
1.468734e-07
1.715342e-07
2.140321e-07
2.860040e-07
4.065055e-07
6.070951e-07
9.396505e-07
1.489870e-06
2.398865e-06
3.899483e-06
6.375405e-06
1.045944e-05
1.719463e-05
2.830087e-05
4.661321e-05
7.680571e-05
1.265825e-04
2.086418e-04
3.439071e-04
5.668440e-04
9.341893e-04
1.539252e-03
2.535235e-03
4.173005e-03
6.861519e-03
1.126258e-02
1.843414e-02
3.003358e-02
4.857065e-02
7.763332e-02
1.218586e-01
1.861919e-01
2.738957e-01
3.834461e-01
5.062630e-01
6.283287e-01
7.359558e-01
8.212814e-01
8.834025e-01
9.258796e-01
9.536932e-01
9.713922e-01
9.824510e-01
9.892819e-01
9.934716e-01
9.960301e-01
9.975883e-01
9.985358e-01
9.991114e-01
9.994608e-01
9.996729e-01
9.998015e-01
9.998796e-01
9.999269e-01
9.999556e-01
9.999730e-01
9.999836e-01
9.999900e-01
9.999939e-01
9.999962e-01
9.999977e-01
9.999985e-01
9.999990e-01
9.999994e-01
9.999995e-01
9.999997e-01
9.999997e-01
9.999998e-01
9.999998e-01
9.999998e-01
9.999998e-01
9.999998e-01
9.999998e-01
9.999998e-01
9.999998e-01
9.999998e-01
9.999998e-01
9.999998e-01
9.999998e-01
9.999998e-01
9.999998e-01
9.999998e-01
9.999998e-01
9.999997e-01
9.999997e-01
9.999997e-01
9.999997e-01
9.999997e-01
9.999997e-01
9.999997e-01
9.999997e-01
9.999997e-01
9.999997e-01
9.999997e-01
9.999997e-01
9.999997e-01
9.999997e-01
9.999997e-01
9.999997e-01
9.999997e-01
9.999997e-01
9.999997e-01
9.999996e-01
9.999996e-01
9.999996e-01
9.999996e-01
9.999996e-01
9.999996e-01
9.999996e-01
9.999996e-01
9.999996e-01
9.999996e-01
9.999996e-01
9.999996e-01
9.999996e-01
9.999996e-01
9.999996e-01
9.999996e-01
9.999996e-01
9.999996e-01
9.999996e-01
9.999996e-01
9.999996e-01
9.999995e-01
9.999995e-01
9.999995e-01
9.999995e-01
9.999995e-01
9.999995e-01
9.999995e-01
9.999995e-01
9.999995e-01
9.999995e-01
9.999995e-01
9.999995e-01
9.999995e-01
9.999995e-01
9.999995e-01
9.999995e-01
9.999995e-01
9.999995e-01
9.999995e-01
9.999995e-01
9.999995e-01
9.999995e-01
9.999994e-01
9.999994e-01
9.999994e-01
9.999994e-01
9.999994e-01
9.999994e-01
9.999994e-01
9.999994e-01
9.999994e-01
9.999994e-01
9.999994e-01
9.999994e-01
9.999994e-01
9.999994e-01
9.999994e-01
9.999994e-01
9.999994e-01
9.999994e-01
9.999994e-01
9.999994e-01
9.999994e-01
9.999994e-01
9.999994e-01
9.999994e-01
9.999993e-01
9.999993e-01
9.999993e-01
9.999993e-01
9.999993e-01
9.999993e-01
9.999993e-01
9.999993e-01
9.999993e-01
9.999993e-01
9.999993e-01
9.999993e-01
9.999993e-01
9.999993e-01
9.999993e-01
9.999993e-01
9.999993e-01
9.999993e-01
9.999993e-01
9.999993e-01
9.999993e-01
9.999993e-01
9.999993e-01
9.999993e-01
9.999993e-01
9.999993e-01
9.999993e-01
9.999992e-01
9.999992e-01
9.999992e-01
9.999992e-01
9.999992e-01
9.999992e-01
9.999992e-01
9.999992e-01
9.999992e-01
9.999992e-01
9.999992e-01
9.999992e-01
9.999992e-01
9.999992e-01
9.999992e-01
9.999992e-01
9.999992e-01
9.999992e-01
9.999992e-01
9.999992e-01
9.999992e-01
9.999992e-01
9.999992e-01
9.999992e-01
9.999992e-01
9.999992e-01
9.999992e-01
9.999992e-01
9.999992e-01
9.999992e-01
9.999992e-01
9.999992e-01
9.999992e-01
9.999992e-01
9.999992e-01
9.999991e-01
9.999991e-01
9.999991e-01
9.999991e-01
9.999991e-01
9.999991e-01
9.999991e-01
9.999991e-01
9.999991e-01
9.999991e-01
9.999991e-01
9.999991e-01
9.999991e-01
9.999991e-01
9.999991e-01
9.999991e-01
9.999991e-01
9.999991e-01
9.999991e-01
9.999991e-01
9.999991e-01
9.999991e-01
9.999991e-01
9.999991e-01
9.999991e-01
9.999991e-01
9.999991e-01
9.999991e-01
9.999991e-01
9.999991e-01
9.999991e-01
9.999991e-01
9.999991e-01
9.999991e-01
9.999991e-01
9.999991e-01
9.999991e-01
9.999991e-01
9.999991e-01
9.999991e-01
9.999991e-01
9.999991e-01
9.999991e-01
9.999991e-01
9.999991e-01
9.999991e-01
9.999991e-01
9.999991e-01
9.999991e-01
9.999991e-01
9.999991e-01
9.999991e-01
9.999991e-01
9.999991e-01
9.999991e-01
9.999991e-01
9.999991e-01
9.999991e-01
9.999991e-01
9.999991e-01
9.999991e-01
9.999991e-01
9.999991e-01
9.999991e-01
9.999990e-01
9.999990e-01
9.999990e-01
9.999990e-01
9.999990e-01
9.999990e-01
9.999990e-01
9.999990e-01
9.999990e-01
9.999990e-01
9.999990e-01
9.999990e-01
9.999990e-01
9.999990e-01
9.999990e-01
9.999990e-01
9.999990e-01
9.999990e-01
9.999990e-01
9.999990e-01
9.999990e-01
9.999990e-01
9.999990e-01
9.999990e-01
9.999990e-01
9.999990e-01
9.999990e-01
9.999990e-01
9.999990e-01
9.999990e-01
9.999990e-01
9.999990e-01
9.999990e-01
9.999990e-01
9.999990e-01
9.999990e-01
9.999990e-01
9.999990e-01
9.999990e-01
9.999990e-01
9.999990e-01
9.999990e-01
9.999990e-01
9.999991e-01
9.999991e-01
9.999991e-01
9.999991e-01
9.999991e-01
9.999991e-01
9.999991e-01
9.999991e-01
9.999991e-01
9.999991e-01
9.999991e-01
9.999991e-01
9.999991e-01
9.999991e-01
9.999991e-01
9.999991e-01
9.999991e-01
9.999991e-01
9.999991e-01
9.999991e-01
9.999991e-01
9.999991e-01
9.999991e-01
9.999991e-01
9.999991e-01
9.999991e-01
9.999991e-01
9.999991e-01
9.999991e-01
9.999991e-01
9.999991e-01
9.999991e-01
9.999991e-01
9.999991e-01
9.999991e-01
9.999991e-01
9.999991e-01
9.999991e-01
9.999991e-01
9.999991e-01
9.999991e-01
9.999991e-01
9.999991e-01
9.999991e-01
9.999991e-01
9.999991e-01
9.999991e-01
9.999991e-01
9.999991e-01
9.999991e-01
9.999991e-01
9.999991e-01
9.999991e-01
9.999991e-01
9.999991e-01
9.999991e-01
9.999991e-01
9.999991e-01
9.999991e-01
9.999991e-01
9.999991e-01
9.999991e-01
9.999991e-01
9.999991e-01
9.999992e-01
9.999992e-01
9.999992e-01
9.999992e-01
9.999992e-01
9.999992e-01
9.999992e-01
9.999992e-01
9.999992e-01
9.999992e-01
9.999992e-01
9.999992e-01
9.999992e-01
9.999992e-01
9.999992e-01
9.999992e-01
9.999992e-01
9.999992e-01
9.999992e-01
9.999992e-01
9.999992e-01
9.999992e-01
9.999992e-01
9.999992e-01
9.999992e-01
9.999992e-01
9.999992e-01
9.999992e-01
9.999992e-01
9.999992e-01
9.999992e-01
9.999992e-01
9.999992e-01
9.999992e-01
9.999992e-01
9.999993e-01
9.999993e-01
9.999993e-01
9.999993e-01
9.999993e-01
9.999993e-01
9.999993e-01
9.999993e-01
9.999993e-01
9.999993e-01
9.999993e-01
9.999993e-01
9.999993e-01
9.999993e-01
9.999993e-01
9.999993e-01
9.999993e-01
9.999993e-01
9.999993e-01
9.999993e-01
9.999993e-01
9.999993e-01
9.999993e-01
9.999993e-01
9.999993e-01
9.999993e-01
9.999993e-01
9.999994e-01
9.999994e-01
9.999994e-01
9.999994e-01
9.999994e-01
9.999994e-01
9.999994e-01
9.999994e-01
9.999994e-01
9.999994e-01
9.999994e-01
9.999994e-01
9.999994e-01
9.999994e-01
9.999994e-01
9.999994e-01
9.999994e-01
9.999994e-01
9.999994e-01
9.999994e-01
9.999994e-01
9.999994e-01
9.999994e-01
9.999994e-01
9.999995e-01
9.999995e-01
9.999995e-01
9.999995e-01
9.999995e-01
9.999995e-01
9.999995e-01
9.999995e-01
9.999995e-01
9.999995e-01
9.999995e-01
9.999995e-01
9.999995e-01
9.999995e-01
9.999995e-01
9.999995e-01
9.999995e-01
9.999995e-01
9.999995e-01
9.999995e-01
9.999995e-01
9.999995e-01
9.999996e-01
9.999996e-01
9.999996e-01
9.999996e-01
9.999996e-01
9.999996e-01
9.999996e-01
9.999996e-01
9.999996e-01
9.999996e-01
9.999996e-01
9.999996e-01
9.999996e-01
9.999996e-01
9.999996e-01
9.999996e-01
9.999996e-01
9.999996e-01
9.999996e-01
9.999996e-01
9.999996e-01
9.999997e-01
9.999997e-01
9.999997e-01
9.999997e-01
9.999997e-01
9.999997e-01
9.999997e-01
9.999997e-01
9.999997e-01
9.999997e-01
9.999997e-01
9.999997e-01
9.999997e-01
9.999997e-01
9.999997e-01
9.999997e-01
9.999997e-01
9.999997e-01
9.999997e-01
9.999998e-01
9.999998e-01
9.999998e-01
9.999998e-01
9.999998e-01
9.999998e-01
9.999998e-01
9.999998e-01
9.999998e-01
9.999998e-01
9.999998e-01
9.999998e-01
9.999998e-01
9.999998e-01
9.999998e-01
9.999998e-01
9.999997e-01
9.999997e-01
9.999995e-01
9.999994e-01
9.999990e-01
9.999985e-01
9.999977e-01
9.999962e-01
9.999939e-01
9.999900e-01
9.999836e-01
9.999730e-01
9.999556e-01
9.999269e-01
9.998796e-01
9.998015e-01
9.996729e-01
9.994608e-01
9.991114e-01
9.985358e-01
9.975883e-01
9.960301e-01
9.934716e-01
9.892819e-01
9.824510e-01
9.713922e-01
9.536932e-01
9.258796e-01
8.834025e-01
8.212814e-01
7.359558e-01
6.283287e-01
5.062630e-01
3.834461e-01
2.738957e-01
1.861919e-01
1.218586e-01
7.763332e-02
4.857065e-02
3.003358e-02
1.843414e-02
1.126258e-02
6.861519e-03
4.173005e-03
2.535235e-03
1.539252e-03
9.341893e-04
5.668440e-04
3.439071e-04
2.086418e-04
1.265825e-04
7.680571e-05
4.661321e-05
2.830087e-05
1.719463e-05
1.045944e-05
6.375405e-06
3.899483e-06
2.398865e-06
1.489870e-06
9.396506e-07
6.070951e-07
4.065055e-07
2.860040e-07
2.140321e-07
1.715342e-07
1.468734e-07
1.330645e-07
1.258031e-07
1.225411e-07
1.216747e-07
1.222854e-07
1.237652e-07
1.257930e-07
1.281293e-07
1.306706e-07
1.333147e-07
1.360368e-07
1.387867e-07
1.415670e-07
1.443478e-07
1.471408e-07
1.499247e-07
1.527134e-07
1.554898e-07
1.582677e-07
1.610324e-07
1.637968e-07
1.665477e-07
1.692972e-07
1.720334e-07
1.747674e-07
1.774881e-07
1.802059e-07
1.829106e-07
1.856116e-07
1.882997e-07
1.909835e-07
1.936544e-07
1.963205e-07
1.989738e-07
2.016217e-07
2.042568e-07
2.068861e-07
2.095025e-07
2.121127e-07
2.147099e-07
2.173004e-07
2.198780e-07
2.224485e-07
2.250059e-07
2.275558e-07
2.300926e-07
2.326214e-07
2.351371e-07
2.376444e-07
2.401386e-07
2.426240e-07
2.450960e-07
2.475590e-07
2.500085e-07
2.524487e-07
2.548752e-07
2.572920e-07
2.596951e-07
2.620882e-07
2.644674e-07
2.668363e-07
2.691911e-07
2.715354e-07
2.738655e-07
2.761846e-07
2.784895e-07
2.807832e-07
2.830624e-07
2.853301e-07
2.875833e-07
2.898247e-07
2.920514e-07
2.942660e-07
2.964658e-07
2.986533e-07
3.008257e-07
3.029856e-07
3.051303e-07
3.072622e-07
3.093788e-07
3.114824e-07
3.135704e-07
3.156452e-07
3.177044e-07
3.197500e-07
3.217799e-07
3.237960e-07
3.257962e-07
3.277824e-07
3.297525e-07
3.317085e-07
3.336482e-07
3.355735e-07
3.374824e-07
3.393768e-07
3.412546e-07
3.431176e-07
3.449639e-07
3.467952e-07
3.486097e-07
3.504089e-07
3.521912e-07
3.539582e-07
3.557080e-07
3.574422e-07
3.591592e-07
3.608604e-07
3.625442e-07
3.642121e-07
3.658625e-07
3.674967e-07
3.691133e-07
3.707136e-07
3.722961e-07
3.738622e-07
3.754103e-07
3.769419e-07
3.784554e-07
3.799521e-07
3.814307e-07
3.828923e-07
3.843356e-07
3.857619e-07
3.871697e-07
3.885604e-07
3.899325e-07
3.912872e-07
3.926233e-07
3.939420e-07
3.952418e-07
3.965240e-07
3.977874e-07
3.990330e-07
4.002596e-07
4.014683e-07
4.026580e-07
4.038297e-07
4.049821e-07
4.061165e-07
4.072316e-07
4.083285e-07
4.094059e-07
4.104651e-07
4.115047e-07
4.125260e-07
4.135276e-07
4.145108e-07
4.154743e-07
4.164191e-07
4.173442e-07
4.182506e-07
4.191372e-07
4.200050e-07
4.208529e-07
4.216818e-07
4.224908e-07
4.232809e-07
4.240509e-07
4.248018e-07
4.255327e-07
4.262444e-07
4.269359e-07
4.276083e-07
4.282604e-07
4.288933e-07
4.295059e-07
4.300991e-07
4.306721e-07
4.312256e-07
4.317588e-07
4.322725e-07
4.327658e-07
4.332396e-07
4.336929e-07
4.341268e-07
4.345401e-07
4.349338e-07
4.353070e-07
4.356605e-07
4.359935e-07
4.363069e-07
4.365996e-07
4.368727e-07
4.371251e-07
4.373579e-07
4.375700e-07
4.377623e-07
4.379340e-07
4.380860e-07
4.382173e-07
4.383288e-07
4.384196e-07
4.384907e-07
4.385410e-07
4.385716e-07
