6.313949e-12
6.547207e-12
6.312062e-12
6.544987e-12
6.309286e-12
6.542156e-12
6.305845e-12
6.538547e-12
6.301626e-12
6.533829e-12
6.295908e-12
6.528666e-12
6.289413e-12
6.522782e-12
6.282641e-12
6.515899e-12
6.274536e-12
6.508238e-12
6.265655e-12
6.500078e-12
6.255607e-12
6.491141e-12
6.245282e-12
6.481482e-12
6.233514e-12
6.470824e-12
6.221246e-12
6.459389e-12
6.207534e-12
6.447398e-12
6.193657e-12
6.434353e-12
6.178169e-12
6.420531e-12
6.161738e-12
6.405598e-12
6.144307e-12
6.390277e-12
6.126100e-12
6.374012e-12
6.106893e-12
6.356582e-12
6.086187e-12
6.338430e-12
6.064649e-12
6.319500e-12
6.042389e-12
6.299572e-12
6.018852e-12
6.278922e-12
5.994372e-12
6.257217e-12
5.968281e-12
6.234624e-12
5.941747e-12
6.210976e-12
5.913714e-12
6.186607e-12
5.884626e-12
6.161460e-12
5.854484e-12
6.135592e-12
5.823675e-12
6.108780e-12
5.791478e-12
6.081136e-12
5.758172e-12
6.052547e-12
5.723533e-12
6.023404e-12
5.688339e-12
5.993428e-12
5.652034e-12
5.962675e-12
5.614675e-12
5.931255e-12
5.575984e-12
5.899281e-12
5.536571e-12
5.866252e-12
5.495826e-12
5.832612e-12
5.454137e-12
5.798306e-12
5.410672e-12
5.763334e-12
5.366596e-12
5.727363e-12
5.321021e-12
5.691003e-12
5.274725e-12
5.653922e-12
5.227319e-12
5.616785e-12
5.179135e-12
5.578760e-12
5.129230e-12
5.540235e-12
5.078327e-12
5.500878e-12
5.026035e-12
5.461520e-12
4.973244e-12
5.421774e-12
4.919065e-12
5.381806e-12
4.863998e-12
5.341894e-12
4.807765e-12
5.302148e-12
4.750811e-12
5.261902e-12
4.692857e-12
5.222267e-12
4.634071e-12
5.182521e-12
4.573786e-12
5.143053e-12
4.512779e-12
5.103584e-12
4.450107e-12
5.064338e-12
4.386380e-12
5.025536e-12
4.321377e-12
4.987621e-12
4.255207e-12
4.949652e-12
4.187262e-12
4.912015e-12
4.117762e-12
4.875378e-12
4.046430e-12
4.839684e-12
3.973821e-12
4.804657e-12
3.899547e-12
4.771183e-12
3.822942e-12
4.738820e-12
3.744172e-12
4.708123e-12
3.663680e-12
4.678979e-12
3.580414e-12
4.651834e-12
3.494538e-12
4.627076e-12
3.405720e-12
4.604761e-12
3.314127e-12
4.585554e-12
3.218759e-12
4.569789e-12
3.120060e-12
4.557743e-12
3.016642e-12
4.550360e-12
2.909117e-12
4.547585e-12
2.795542e-12
4.550804e-12
2.676470e-12
4.561018e-12
2.551626e-12
4.581724e-12
2.423839e-12
4.618750e-12
2.300493e-12
4.688083e-12
2.203848e-12
4.831802e-12
2.198575e-12
5.160261e-12
2.461864e-12
5.970668e-12
3.477607e-12
8.068768e-12
6.565970e-12
1.363937e-11
1.531936e-11
2.861633e-11
3.951084e-11
6.912426e-11
1.057088e-10
1.789852e-10
2.861467e-10
4.773116e-10
7.771838e-10
1.287873e-09
2.112595e-09
3.490746e-09
5.743345e-09
9.478216e-09
1.561359e-08
2.575315e-08
4.244469e-08
6.999217e-08
1.153803e-07
1.902452e-07
3.136413e-07
5.171253e-07
8.525720e-07
1.405675e-06
2.317536e-06
3.820993e-06
6.299704e-06
1.038645e-05
1.712420e-05
2.823276e-05
4.654705e-05
7.674085e-05
1.265179e-04
2.085757e-04
3.438366e-04
5.667644e-04
9.340930e-04
1.539126e-03
2.535059e-03
4.172744e-03
6.861119e-03
1.126195e-02
1.843314e-02
3.003199e-02
4.856815e-02
7.762946e-02
1.218529e-01
1.861838e-01
2.738850e-01
3.834335e-01
5.062497e-01
6.283162e-01
7.359454e-01
8.212736e-01
8.833970e-01
9.258759e-01
9.536909e-01
9.713908e-01
9.824501e-01
9.892814e-01
9.934713e-01
9.960300e-01
9.975883e-01
9.985358e-01
9.991114e-01
9.994609e-01
9.996729e-01
9.998016e-01
9.998797e-01
9.999270e-01
9.999557e-01
9.999731e-01
9.999837e-01
9.999901e-01
9.999940e-01
9.999964e-01
9.999978e-01
9.999987e-01
9.999992e-01
9.999995e-01
9.999997e-01
9.999998e-01
9.999999e-01
9.999999e-01
1.000000e+00
1.000000e+00
1.000000e+00
1.000000e+00
1.000000e+00
1.000000e+00
1.000000e+00
1.000000e+00
1.000000e+00
1.000000e+00
1.000000e+00
1.000000e+00
1.000000e+00
1.000000e+00
1.000000e+00
1.000000e+00
1.000000e+00
1.000000e+00
1.000000e+00
1.000000e+00
1.000000e+00
1.000000e+00
1.000000e+00
1.000000e+00
1.000000e+00
1.000000e+00
1.000000e+00
1.000000e+00
1.000000e+00
1.000000e+00
1.000000e+00
1.000000e+00
1.000000e+00
1.000000e+00
1.000000e+00
1.000000e+00
1.000000e+00
1.000000e+00
1.000000e+00
1.000000e+00
1.000000e+00
1.000000e+00
1.000000e+00
1.000000e+00
1.000000e+00
1.000000e+00
1.000000e+00
1.000000e+00
1.000000e+00
1.000000e+00
1.000000e+00
1.000000e+00
1.000000e+00
1.000000e+00
1.000000e+00
1.000000e+00
1.000000e+00
1.000000e+00
1.000000e+00
1.000000e+00
1.000000e+00
1.000000e+00
1.000000e+00
1.000000e+00
1.000000e+00
1.000000e+00
1.000000e+00
1.000000e+00
1.000000e+00
1.000000e+00
1.000000e+00
1.000000e+00
1.000000e+00
1.000000e+00
1.000000e+00
1.000000e+00
1.000000e+00
1.000000e+00
1.000000e+00
1.000000e+00
1.000000e+00
1.000000e+00
1.000000e+00
1.000000e+00
1.000000e+00
1.000000e+00
1.000000e+00
1.000000e+00
1.000000e+00
1.000000e+00
1.000000e+00
1.000000e+00
1.000000e+00
1.000000e+00
1.000000e+00
1.000000e+00
1.000000e+00
1.000000e+00
1.000000e+00
1.000000e+00
1.000000e+00
1.000000e+00
1.000000e+00
1.000000e+00
1.000000e+00
1.000000e+00
1.000000e+00
1.000000e+00
1.000000e+00
1.000000e+00
1.000000e+00
1.000000e+00
1.000000e+00
1.000000e+00
1.000000e+00
1.000000e+00
1.000000e+00
1.000000e+00
1.000000e+00
1.000000e+00
1.000000e+00
1.000000e+00
1.000000e+00
1.000000e+00
1.000000e+00
1.000000e+00
1.000000e+00
1.000000e+00
1.000000e+00
1.000000e+00
1.000000e+00
1.000000e+00
1.000000e+00
1.000000e+00
1.000000e+00
1.000000e+00
1.000000e+00
1.000000e+00
1.000000e+00
1.000000e+00
1.000000e+00
1.000000e+00
1.000000e+00
1.000000e+00
1.000000e+00
1.000000e+00
1.000000e+00
1.000000e+00
1.000000e+00
1.000000e+00
1.000000e+00
1.000000e+00
1.000000e+00
1.000000e+00
1.000000e+00
1.000000e+00
1.000000e+00
1.000000e+00
1.000000e+00
1.000000e+00
1.000000e+00
1.000000e+00
1.000000e+00
1.000000e+00
1.000000e+00
1.000000e+00
1.000000e+00
1.000000e+00
1.000000e+00
1.000000e+00
1.000000e+00
1.000000e+00
1.000000e+00
1.000000e+00
1.000000e+00
1.000000e+00
1.000000e+00
1.000000e+00
1.000000e+00
1.000000e+00
1.000000e+00
1.000000e+00
1.000000e+00
1.000000e+00
1.000000e+00
1.000000e+00
1.000000e+00
1.000000e+00
1.000000e+00
1.000000e+00
1.000000e+00
1.000000e+00
1.000000e+00
1.000000e+00
1.000000e+00
1.000000e+00
1.000000e+00
1.000000e+00
1.000000e+00
1.000000e+00
1.000000e+00
1.000000e+00
1.000000e+00
1.000000e+00
1.000000e+00
1.000000e+00
1.000000e+00
1.000000e+00
1.000000e+00
1.000000e+00
1.000000e+00
1.000000e+00
1.000000e+00
1.000000e+00
1.000000e+00
1.000000e+00
1.000000e+00
1.000000e+00
1.000000e+00
1.000000e+00
1.000000e+00
1.000000e+00
1.000000e+00
1.000000e+00
1.000000e+00
1.000000e+00
1.000000e+00
1.000000e+00
1.000000e+00
1.000000e+00
1.000000e+00
1.000000e+00
1.000000e+00
1.000000e+00
1.000000e+00
1.000000e+00
1.000000e+00
1.000000e+00
1.000000e+00
1.000000e+00
1.000000e+00
1.000000e+00
1.000000e+00
1.000000e+00
1.000000e+00
1.000000e+00
1.000000e+00
1.000000e+00
1.000000e+00
1.000000e+00
1.000000e+00
1.000000e+00
1.000000e+00
1.000000e+00
1.000000e+00
1.000000e+00
1.000000e+00
1.000000e+00
1.000000e+00
1.000000e+00
1.000000e+00
1.000000e+00
1.000000e+00
1.000000e+00
1.000000e+00
1.000000e+00
1.000000e+00
1.000000e+00
1.000000e+00
1.000000e+00
1.000000e+00
1.000000e+00
1.000000e+00
1.000000e+00
1.000000e+00
1.000000e+00
1.000000e+00
1.000000e+00
1.000000e+00
1.000000e+00
1.000000e+00
1.000000e+00
1.000000e+00
1.000000e+00
1.000000e+00
1.000000e+00
1.000000e+00
1.000000e+00
1.000000e+00
1.000000e+00
1.000000e+00
1.000000e+00
1.000000e+00
1.000000e+00
1.000000e+00
1.000000e+00
1.000000e+00
1.000000e+00
1.000000e+00
1.000000e+00
1.000000e+00
1.000000e+00
1.000000e+00
1.000000e+00
1.000000e+00
1.000000e+00
1.000000e+00
1.000000e+00
1.000000e+00
1.000000e+00
1.000000e+00
1.000000e+00
1.000000e+00
1.000000e+00
1.000000e+00
1.000000e+00
1.000000e+00
1.000000e+00
1.000000e+00
1.000000e+00
1.000000e+00
1.000000e+00
1.000000e+00
1.000000e+00
1.000000e+00
1.000000e+00
1.000000e+00
1.000000e+00
1.000000e+00
1.000000e+00
1.000000e+00
1.000000e+00
1.000000e+00
1.000000e+00
1.000000e+00
1.000000e+00
1.000000e+00
1.000000e+00
1.000000e+00
1.000000e+00
1.000000e+00
1.000000e+00
1.000000e+00
1.000000e+00
1.000000e+00
1.000000e+00
1.000000e+00
1.000000e+00
1.000000e+00
1.000000e+00
1.000000e+00
1.000000e+00
1.000000e+00
1.000000e+00
1.000000e+00
1.000000e+00
1.000000e+00
1.000000e+00
1.000000e+00
1.000000e+00
1.000000e+00
1.000000e+00
1.000000e+00
1.000000e+00
1.000000e+00
1.000000e+00
1.000000e+00
1.000000e+00
1.000000e+00
1.000000e+00
1.000000e+00
1.000000e+00
1.000000e+00
1.000000e+00
1.000000e+00
1.000000e+00
1.000000e+00
1.000000e+00
1.000000e+00
1.000000e+00
1.000000e+00
1.000000e+00
1.000000e+00
1.000000e+00
1.000000e+00
1.000000e+00
1.000000e+00
1.000000e+00
1.000000e+00
1.000000e+00
1.000000e+00
1.000000e+00
1.000000e+00
1.000000e+00
1.000000e+00
1.000000e+00
1.000000e+00
1.000000e+00
1.000000e+00
1.000000e+00
1.000000e+00
1.000000e+00
1.000000e+00
1.000000e+00
1.000000e+00
1.000000e+00
1.000000e+00
1.000000e+00
1.000000e+00
1.000000e+00
1.000000e+00
1.000000e+00
1.000000e+00
1.000000e+00
1.000000e+00
1.000000e+00
1.000000e+00
1.000000e+00
1.000000e+00
1.000000e+00
1.000000e+00
1.000000e+00
1.000000e+00
1.000000e+00
1.000000e+00
1.000000e+00
1.000000e+00
1.000000e+00
1.000000e+00
1.000000e+00
1.000000e+00
1.000000e+00
1.000000e+00
1.000000e+00
1.000000e+00
1.000000e+00
1.000000e+00
1.000000e+00
1.000000e+00
1.000000e+00
1.000000e+00
1.000000e+00
1.000000e+00
1.000000e+00
1.000000e+00
1.000000e+00
1.000000e+00
1.000000e+00
1.000000e+00
1.000000e+00
1.000000e+00
1.000000e+00
1.000000e+00
1.000000e+00
1.000000e+00
1.000000e+00
1.000000e+00
1.000000e+00
1.000000e+00
1.000000e+00
1.000000e+00
1.000000e+00
1.000000e+00
1.000000e+00
1.000000e+00
1.000000e+00
1.000000e+00
1.000000e+00
1.000000e+00
1.000000e+00
1.000000e+00
1.000000e+00
1.000000e+00
1.000000e+00
1.000000e+00
1.000000e+00
1.000000e+00
1.000000e+00
1.000000e+00
1.000000e+00
1.000000e+00
1.000000e+00
1.000000e+00
1.000000e+00
1.000000e+00
1.000000e+00
1.000000e+00
1.000000e+00
1.000000e+00
1.000000e+00
1.000000e+00
1.000000e+00
1.000000e+00
1.000000e+00
1.000000e+00
1.000000e+00
1.000000e+00
9.999999e-01
9.999999e-01
9.999998e-01
9.999997e-01
9.999995e-01
9.999992e-01
9.999987e-01
9.999978e-01
9.999964e-01
9.999940e-01
9.999901e-01
9.999837e-01
9.999731e-01
9.999557e-01
9.999270e-01
9.998797e-01
9.998016e-01
9.996729e-01
9.994609e-01
9.991114e-01
9.985358e-01
9.975883e-01
9.960300e-01
9.934713e-01
9.892814e-01
9.824501e-01
9.713908e-01
9.536909e-01
9.258759e-01
8.833970e-01
8.212736e-01
7.359454e-01
6.283162e-01
5.062497e-01
3.834335e-01
2.738850e-01
1.861838e-01
1.218529e-01
7.762946e-02
4.856815e-02
3.003199e-02
1.843314e-02
1.126195e-02
6.861119e-03
4.172744e-03
2.535059e-03
1.539126e-03
9.340930e-04
5.667644e-04
3.438366e-04
2.085757e-04
1.265179e-04
7.674085e-05
4.654705e-05
2.823276e-05
1.712420e-05
1.038645e-05
6.299704e-06
3.820993e-06
2.317536e-06
1.405675e-06
8.525720e-07
5.171254e-07
3.136414e-07
1.902452e-07
1.153804e-07
6.999219e-08
4.244472e-08
2.575318e-08
1.561362e-08
9.478249e-09
5.743380e-09
3.490783e-09
2.112633e-09
1.287912e-09
7.772243e-10
4.773537e-10
2.861897e-10
1.790296e-10
1.057545e-10
6.917111e-11
3.955886e-11
2.866568e-11
1.536993e-11
1.369083e-11
6.618539e-12
8.122447e-12
3.532230e-12
6.026235e-12
2.518652e-12
5.217882e-12
2.257250e-12
4.891532e-12
2.264244e-12
4.749479e-12
2.362444e-12
4.681810e-12
2.487954e-12
4.646505e-12
2.617573e-12
4.627965e-12
2.744305e-12
4.619249e-12
2.864764e-12
4.617640e-12
2.979672e-12
4.621470e-12
3.088529e-12
4.630185e-12
3.192724e-12
4.642842e-12
3.292144e-12
4.658662e-12
3.387290e-12
4.677703e-12
3.478384e-12
4.699408e-12
3.565981e-12
4.722778e-12
3.650635e-12
4.748424e-12
3.732292e-12
4.775846e-12
3.810896e-12
4.804490e-12
3.887501e-12
4.834466e-12
3.961498e-12
4.865719e-12
4.033496e-12
4.897693e-12
4.103273e-12
4.930889e-12
4.171608e-12
4.964307e-12
4.237610e-12
4.998113e-12
4.302336e-12
5.032808e-12
4.365230e-12
5.068002e-12
4.427236e-12
5.103640e-12
4.488021e-12
5.139666e-12
4.547140e-12
5.176082e-12
4.605150e-12
5.212664e-12
4.662548e-12
5.249357e-12
4.718781e-12
5.286271e-12
4.773848e-12
5.323630e-12
4.827860e-12
5.360767e-12
4.881540e-12
5.398404e-12
4.934109e-12
5.435985e-12
4.986400e-12
5.473622e-12
5.037248e-12
5.511425e-12
5.087875e-12
5.548728e-12
5.137224e-12
5.586087e-12
5.185741e-12
5.622669e-12
5.232925e-12
5.659417e-12
5.279499e-12
5.695389e-12
5.325240e-12
5.730583e-12
5.369427e-12
5.765610e-12
5.412615e-12
5.800027e-12
5.455081e-12
5.833556e-12
5.496437e-12
5.866752e-12
5.536682e-12
5.899226e-12
5.575485e-12
5.930922e-12
5.613954e-12
5.962009e-12
5.651146e-12
5.992373e-12
5.687395e-12
6.022183e-12
5.722534e-12
6.051659e-12
5.757284e-12
6.080247e-12
5.790757e-12
6.108059e-12
5.823120e-12
6.134981e-12
5.854262e-12
6.161516e-12
5.884793e-12
6.187051e-12
5.914380e-12
6.211753e-12
5.942913e-12
6.235790e-12
5.970169e-12
6.259104e-12
5.996814e-12
6.281642e-12
6.022183e-12
6.303125e-12
6.046774e-12
6.323997e-12
6.069645e-12
6.343814e-12
6.092016e-12
6.362633e-12
6.113055e-12
6.380618e-12
6.133150e-12
6.397716e-12
6.152356e-12
6.414425e-12
6.170897e-12
6.429857e-12
6.187939e-12
6.444678e-12
6.204259e-12
6.458167e-12
6.219081e-12
6.471212e-12
6.233292e-12
6.483147e-12
6.246281e-12
6.493750e-12
6.257883e-12
6.503742e-12
6.268264e-12
6.512790e-12
6.277923e-12
6.520562e-12
6.286527e-12
6.527667e-12
6.294021e-12
6.533551e-12
6.300016e-12
6.538547e-12
6.305401e-12
6.542655e-12
6.309286e-12
6.545486e-12
6.312117e-12
6.547540e-12
6.313783e-12
6.548762e-12
6.314671e-12
6.548595e-12
