7.140899e-12
7.374157e-12
7.139400e-12
7.371936e-12
7.136403e-12
7.369050e-12
7.132572e-12
7.364831e-12
7.127465e-12
7.359668e-12
7.121581e-12
7.353895e-12
7.114365e-12
7.346956e-12
7.106316e-12
7.339018e-12
7.096879e-12
7.330136e-12
7.086665e-12
7.320478e-12
7.075285e-12
7.309819e-12
7.063239e-12
7.298551e-12
7.049861e-12
7.285894e-12
7.035317e-12
7.272849e-12
7.019885e-12
7.258694e-12
7.003564e-12
7.243428e-12
6.986023e-12
7.227219e-12
6.967482e-12
7.210066e-12
6.947387e-12
7.191858e-12
6.926348e-12
7.172651e-12
6.904255e-12
7.152390e-12
6.880996e-12
7.131462e-12
6.856293e-12
7.109535e-12
6.831036e-12
7.086498e-12
6.804113e-12
7.062295e-12
6.776024e-12
7.036982e-12
6.746603e-12
7.010836e-12
6.716072e-12
6.983303e-12
6.684209e-12
6.954881e-12
6.651180e-12
6.925849e-12
6.617207e-12
6.896150e-12
6.582179e-12
6.865564e-12
6.546041e-12
6.833423e-12
6.508516e-12
6.800560e-12
6.469658e-12
6.766976e-12
6.429690e-12
6.732448e-12
6.388556e-12
6.696865e-12
6.346368e-12
6.660505e-12
6.302847e-12
6.623646e-12
6.258383e-12
6.585510e-12
6.212253e-12
6.546708e-12
6.165068e-12
6.506906e-12
6.116607e-12
6.466272e-12
6.067036e-12
6.425083e-12
6.016077e-12
6.383061e-12
5.964174e-12
6.340484e-12
5.910938e-12
6.297629e-12
5.856648e-12
6.253609e-12
5.801137e-12
6.208922e-12
5.744349e-12
6.163903e-12
5.686174e-12
6.118495e-12
5.626999e-12
6.072753e-12
5.566880e-12
6.027012e-12
5.506151e-12
5.980938e-12
5.443812e-12
5.935308e-12
5.381195e-12
5.889012e-12
5.316969e-12
5.843159e-12
5.251688e-12
5.796974e-12
5.185241e-12
5.751122e-12
5.117518e-12
5.705103e-12
5.048240e-12
5.659195e-12
4.977962e-12
5.613787e-12
4.906409e-12
5.568990e-12
4.833245e-12
5.524137e-12
4.758471e-12
5.479839e-12
4.682144e-12
5.435985e-12
4.603762e-12
5.393130e-12
4.523770e-12
5.351164e-12
4.442002e-12
5.310252e-12
4.358347e-12
5.270451e-12
4.272360e-12
5.232537e-12
4.184153e-12
5.195788e-12
4.093448e-12
5.161316e-12
4.000189e-12
5.128897e-12
3.904099e-12
5.099310e-12
3.804845e-12
5.072609e-12
3.702039e-12
5.049017e-12
3.595402e-12
5.029588e-12
3.484713e-12
5.014433e-12
3.369083e-12
5.003997e-12
3.248068e-12
4.999556e-12
3.121448e-12
5.002110e-12
2.988887e-12
5.014877e-12
2.853162e-12
5.043910e-12
2.721712e-12
5.105805e-12
2.617628e-12
5.241585e-12
2.604528e-12
5.562384e-12
2.860268e-12
6.365242e-12
3.868350e-12
8.455570e-12
6.948830e-12
1.401840e-11
1.569483e-11
2.898770e-11
3.987816e-11
6.948792e-11
1.060686e-10
1.793412e-10
2.864988e-10
4.776602e-10
7.775287e-10
1.288214e-09
2.112932e-09
3.491080e-09
5.743675e-09
9.478542e-09
1.561391e-08
2.575347e-08
4.244500e-08
6.999248e-08
1.153806e-07
1.902455e-07
3.136416e-07
5.171256e-07
8.525723e-07
1.405675e-06
2.317537e-06
3.820993e-06
6.299704e-06
1.038645e-05
1.712420e-05
2.823276e-05
4.654705e-05
7.674085e-05
1.265179e-04
2.085757e-04
3.438366e-04
5.667644e-04
9.340930e-04
1.539126e-03
2.535059e-03
4.172744e-03
6.861119e-03
1.126195e-02
1.843314e-02
3.003199e-02
4.856815e-02
7.762946e-02
1.218529e-01
1.861838e-01
2.738850e-01
3.834335e-01
5.062497e-01
6.283162e-01
7.359454e-01
8.212736e-01
8.833970e-01
9.258759e-01
9.536909e-01
9.713908e-01
9.824501e-01
9.892814e-01
9.934713e-01
9.960300e-01
9.975883e-01
9.985358e-01
9.991114e-01
9.994609e-01
9.996729e-01
9.998016e-01
9.998797e-01
9.999270e-01
9.999557e-01
9.999731e-01
9.999837e-01
9.999901e-01
9.999940e-01
9.999964e-01
9.999978e-01
9.999987e-01
9.999992e-01
9.999995e-01
9.999997e-01
9.999998e-01
9.999999e-01
9.999999e-01
1.000000e+00
1.000000e+00
1.000000e+00
1.000000e+00
1.000000e+00
1.000000e+00
1.000000e+00
1.000000e+00
1.000000e+00
1.000000e+00
1.000000e+00
1.000000e+00
1.000000e+00
1.000000e+00
1.000000e+00
1.000000e+00
1.000000e+00
1.000000e+00
1.000000e+00
1.000000e+00
1.000000e+00
1.000000e+00
1.000000e+00
1.000000e+00
1.000000e+00
1.000000e+00
1.000000e+00
1.000000e+00
1.000000e+00
1.000000e+00
1.000000e+00
1.000000e+00
1.000000e+00
1.000000e+00
1.000000e+00
1.000000e+00
1.000000e+00
1.000000e+00
1.000000e+00
1.000000e+00
1.000000e+00
1.000000e+00
1.000000e+00
1.000000e+00
1.000000e+00
1.000000e+00
1.000000e+00
1.000000e+00
1.000000e+00
1.000000e+00
1.000000e+00
1.000000e+00
1.000000e+00
1.000000e+00
1.000000e+00
1.000000e+00
1.000000e+00
1.000000e+00
1.000000e+00
1.000000e+00
1.000000e+00
1.000000e+00
1.000000e+00
1.000000e+00
1.000000e+00
1.000000e+00
1.000000e+00
1.000000e+00
1.000000e+00
1.000000e+00
1.000000e+00
1.000000e+00
1.000000e+00
1.000000e+00
1.000000e+00
1.000000e+00
1.000000e+00
1.000000e+00
1.000000e+00
1.000000e+00
1.000000e+00
1.000000e+00
1.000000e+00
1.000000e+00
1.000000e+00
1.000000e+00
1.000000e+00
1.000000e+00
1.000000e+00
1.000000e+00
1.000000e+00
1.000000e+00
1.000000e+00
1.000000e+00
1.000000e+00
1.000000e+00
1.000000e+00
1.000000e+00
1.000000e+00
1.000000e+00
1.000000e+00
1.000000e+00
1.000000e+00
1.000000e+00
1.000000e+00
1.000000e+00
1.000000e+00
1.000000e+00
1.000000e+00
1.000000e+00
1.000000e+00
1.000000e+00
1.000000e+00
1.000000e+00
1.000000e+00
1.000000e+00
1.000000e+00
1.000000e+00
1.000000e+00
1.000000e+00
1.000000e+00
1.000000e+00
1.000000e+00
1.000000e+00
1.000000e+00
1.000000e+00
1.000000e+00
1.000000e+00
1.000000e+00
1.000000e+00
1.000000e+00
1.000000e+00
1.000000e+00
1.000000e+00
1.000000e+00
1.000000e+00
1.000000e+00
1.000000e+00
1.000000e+00
1.000000e+00
1.000000e+00
1.000000e+00
1.000000e+00
1.000000e+00
1.000000e+00
1.000000e+00
1.000000e+00
1.000000e+00
1.000000e+00
1.000000e+00
1.000000e+00
1.000000e+00
1.000000e+00
1.000000e+00
1.000000e+00
1.000000e+00
1.000000e+00
1.000000e+00
1.000000e+00
1.000000e+00
1.000000e+00
1.000000e+00
1.000000e+00
1.000000e+00
1.000000e+00
1.000000e+00
1.000000e+00
1.000000e+00
1.000000e+00
1.000000e+00
1.000000e+00
1.000000e+00
1.000000e+00
1.000000e+00
1.000000e+00
1.000000e+00
1.000000e+00
1.000000e+00
1.000000e+00
1.000000e+00
1.000000e+00
1.000000e+00
1.000000e+00
1.000000e+00
1.000000e+00
1.000000e+00
1.000000e+00
1.000000e+00
1.000000e+00
1.000000e+00
1.000000e+00
1.000000e+00
1.000000e+00
1.000000e+00
1.000000e+00
1.000000e+00
1.000000e+00
1.000000e+00
1.000000e+00
1.000000e+00
1.000000e+00
1.000000e+00
1.000000e+00
1.000000e+00
1.000000e+00
1.000000e+00
1.000000e+00
1.000000e+00
1.000000e+00
1.000000e+00
1.000000e+00
1.000000e+00
1.000000e+00
1.000000e+00
1.000000e+00
1.000000e+00
1.000000e+00
1.000000e+00
1.000000e+00
1.000000e+00
1.000000e+00
1.000000e+00
1.000000e+00
1.000000e+00
1.000000e+00
1.000000e+00
1.000000e+00
1.000000e+00
1.000000e+00
1.000000e+00
1.000000e+00
1.000000e+00
1.000000e+00
1.000000e+00
1.000000e+00
1.000000e+00
1.000000e+00
1.000000e+00
1.000000e+00
1.000000e+00
1.000000e+00
1.000000e+00
1.000000e+00
1.000000e+00
1.000000e+00
1.000000e+00
1.000000e+00
1.000000e+00
1.000000e+00
1.000000e+00
1.000000e+00
1.000000e+00
1.000000e+00
1.000000e+00
1.000000e+00
1.000000e+00
1.000000e+00
1.000000e+00
1.000000e+00
1.000000e+00
1.000000e+00
1.000000e+00
1.000000e+00
1.000000e+00
1.000000e+00
1.000000e+00
1.000000e+00
1.000000e+00
1.000000e+00
1.000000e+00
1.000000e+00
1.000000e+00
1.000000e+00
1.000000e+00
1.000000e+00
1.000000e+00
1.000000e+00
1.000000e+00
1.000000e+00
1.000000e+00
1.000000e+00
1.000000e+00
1.000000e+00
1.000000e+00
1.000000e+00
1.000000e+00
1.000000e+00
1.000000e+00
1.000000e+00
1.000000e+00
1.000000e+00
1.000000e+00
1.000000e+00
1.000000e+00
1.000000e+00
1.000000e+00
1.000000e+00
1.000000e+00
1.000000e+00
1.000000e+00
1.000000e+00
1.000000e+00
1.000000e+00
1.000000e+00
1.000000e+00
1.000000e+00
1.000000e+00
1.000000e+00
1.000000e+00
1.000000e+00
1.000000e+00
1.000000e+00
1.000000e+00
1.000000e+00
1.000000e+00
1.000000e+00
1.000000e+00
1.000000e+00
1.000000e+00
1.000000e+00
1.000000e+00
1.000000e+00
1.000000e+00
1.000000e+00
1.000000e+00
1.000000e+00
1.000000e+00
1.000000e+00
1.000000e+00
1.000000e+00
1.000000e+00
1.000000e+00
1.000000e+00
1.000000e+00
1.000000e+00
1.000000e+00
1.000000e+00
1.000000e+00
1.000000e+00
1.000000e+00
1.000000e+00
1.000000e+00
1.000000e+00
1.000000e+00
1.000000e+00
1.000000e+00
1.000000e+00
1.000000e+00
1.000000e+00
1.000000e+00
1.000000e+00
1.000000e+00
1.000000e+00
1.000000e+00
1.000000e+00
1.000000e+00
1.000000e+00
1.000000e+00
1.000000e+00
1.000000e+00
1.000000e+00
1.000000e+00
1.000000e+00
1.000000e+00
1.000000e+00
1.000000e+00
1.000000e+00
1.000000e+00
1.000000e+00
1.000000e+00
1.000000e+00
1.000000e+00
1.000000e+00
1.000000e+00
1.000000e+00
1.000000e+00
1.000000e+00
1.000000e+00
1.000000e+00
1.000000e+00
1.000000e+00
1.000000e+00
1.000000e+00
1.000000e+00
1.000000e+00
1.000000e+00
1.000000e+00
1.000000e+00
1.000000e+00
1.000000e+00
1.000000e+00
1.000000e+00
1.000000e+00
1.000000e+00
1.000000e+00
1.000000e+00
1.000000e+00
1.000000e+00
1.000000e+00
1.000000e+00
1.000000e+00
1.000000e+00
1.000000e+00
1.000000e+00
1.000000e+00
1.000000e+00
1.000000e+00
1.000000e+00
1.000000e+00
1.000000e+00
1.000000e+00
1.000000e+00
1.000000e+00
1.000000e+00
1.000000e+00
1.000000e+00
1.000000e+00
1.000000e+00
1.000000e+00
1.000000e+00
1.000000e+00
1.000000e+00
1.000000e+00
1.000000e+00
1.000000e+00
1.000000e+00
1.000000e+00
1.000000e+00
1.000000e+00
1.000000e+00
1.000000e+00
1.000000e+00
1.000000e+00
1.000000e+00
1.000000e+00
1.000000e+00
1.000000e+00
1.000000e+00
1.000000e+00
1.000000e+00
1.000000e+00
1.000000e+00
1.000000e+00
1.000000e+00
1.000000e+00
1.000000e+00
1.000000e+00
1.000000e+00
1.000000e+00
1.000000e+00
1.000000e+00
1.000000e+00
1.000000e+00
1.000000e+00
1.000000e+00
1.000000e+00
1.000000e+00
1.000000e+00
1.000000e+00
1.000000e+00
1.000000e+00
1.000000e+00
1.000000e+00
1.000000e+00
1.000000e+00
1.000000e+00
1.000000e+00
1.000000e+00
1.000000e+00
1.000000e+00
1.000000e+00
1.000000e+00
1.000000e+00
1.000000e+00
1.000000e+00
1.000000e+00
1.000000e+00
1.000000e+00
1.000000e+00
1.000000e+00
1.000000e+00
1.000000e+00
1.000000e+00
1.000000e+00
1.000000e+00
1.000000e+00
1.000000e+00
1.000000e+00
1.000000e+00
1.000000e+00
1.000000e+00
1.000000e+00
1.000000e+00
1.000000e+00
1.000000e+00
1.000000e+00
1.000000e+00
9.999999e-01
9.999999e-01
9.999998e-01
9.999997e-01
9.999995e-01
9.999992e-01
9.999987e-01
9.999978e-01
9.999964e-01
9.999940e-01
9.999901e-01
9.999837e-01
9.999731e-01
9.999557e-01
9.999270e-01
9.998797e-01
9.998016e-01
9.996729e-01
9.994609e-01
9.991114e-01
9.985358e-01
9.975883e-01
9.960300e-01
9.934713e-01
9.892814e-01
9.824501e-01
9.713908e-01
9.536909e-01
9.258759e-01
8.833970e-01
8.212736e-01
7.359454e-01
6.283162e-01
5.062497e-01
3.834335e-01
2.738850e-01
1.861838e-01
1.218529e-01
7.762946e-02
4.856815e-02
3.003199e-02
1.843314e-02
1.126195e-02
6.861119e-03
4.172744e-03
2.535059e-03
1.539126e-03
9.340930e-04
5.667644e-04
3.438366e-04
2.085757e-04
1.265179e-04
7.674085e-05
4.654705e-05
2.823276e-05
1.712420e-05
1.038645e-05
6.299704e-06
3.820993e-06
2.317537e-06
1.405675e-06
8.525723e-07
5.171257e-07
3.136417e-07
1.902455e-07
1.153807e-07
6.999250e-08
4.244503e-08
2.575350e-08
1.561394e-08
9.478574e-09
5.743709e-09
3.491115e-09
2.112969e-09
1.288252e-09
7.775688e-10
4.777019e-10
2.865419e-10
1.793856e-10
1.061142e-10
6.953466e-11
3.992612e-11
2.903688e-11
1.574513e-11
1.406986e-11
7.001344e-12
8.508971e-12
3.922362e-12
6.420364e-12
2.916001e-12
5.619116e-12
2.662315e-12
5.300149e-12
2.676914e-12
5.165868e-12
2.782607e-12
5.105527e-12
2.915446e-12
5.077883e-12
3.052891e-12
5.067169e-12
3.187006e-12
5.066003e-12
3.315348e-12
5.071832e-12
3.437861e-12
5.083489e-12
3.554212e-12
5.099754e-12
3.666012e-12
5.119849e-12
3.772871e-12
5.143441e-12
3.875622e-12
5.169809e-12
3.974265e-12
5.199119e-12
4.069800e-12
5.230039e-12
4.161615e-12
5.263179e-12
4.250600e-12
5.297818e-12
4.336809e-12
5.334011e-12
4.420631e-12
5.371259e-12
4.501732e-12
5.409451e-12
4.580836e-12
5.448642e-12
4.657885e-12
5.488776e-12
4.733047e-12
5.529299e-12
4.806211e-12
5.570211e-12
4.877820e-12
5.611345e-12
4.947487e-12
5.653644e-12
5.016043e-12
5.695888e-12
5.083267e-12
5.738465e-12
5.149492e-12
5.781375e-12
5.214107e-12
5.824619e-12
5.277723e-12
5.867640e-12
5.339951e-12
5.910827e-12
5.401235e-12
5.954126e-12
5.461742e-12
5.997591e-12
5.521417e-12
6.041390e-12
5.580092e-12
6.084744e-12
5.637990e-12
6.128487e-12
5.695278e-12
6.172285e-12
5.751399e-12
6.215528e-12
5.806633e-12
6.258494e-12
5.861200e-12
6.301182e-12
5.914214e-12
6.343259e-12
5.966283e-12
6.384782e-12
6.017187e-12
6.425638e-12
6.067258e-12
6.465883e-12
6.115719e-12
6.505851e-12
6.163625e-12
6.544598e-12
6.209977e-12
6.582679e-12
6.255219e-12
6.620371e-12
6.299350e-12
6.656786e-12
6.342427e-12
6.692924e-12
6.384449e-12
6.728007e-12
6.425360e-12
6.762702e-12
6.465606e-12
6.796952e-12
6.504686e-12
6.830092e-12
6.542877e-12
6.862233e-12
6.579792e-12
6.893708e-12
6.615264e-12
6.924294e-12
6.649958e-12
6.954159e-12
6.683210e-12
6.982692e-12
6.715739e-12
7.010781e-12
6.746770e-12
7.037593e-12
6.777079e-12
7.063405e-12
6.805390e-12
7.088219e-12
6.832812e-12
7.111922e-12
6.859124e-12
7.134571e-12
6.884382e-12
7.156387e-12
6.908363e-12
7.177203e-12
6.931233e-12
7.197132e-12
6.953216e-12
7.216505e-12
6.973977e-12
7.234380e-12
6.993517e-12
7.251089e-12
7.012113e-12
7.267298e-12
7.029100e-12
7.282286e-12
7.045364e-12
7.296164e-12
7.060241e-12
7.309209e-12
7.074008e-12
7.320811e-12
7.086332e-12
7.331691e-12
7.097989e-12
7.341017e-12
7.107703e-12
7.349454e-12
7.116419e-12
7.356671e-12
7.123746e-12
7.362666e-12
7.129797e-12
7.367496e-12
7.134460e-12
7.371048e-12
7.138179e-12
7.373768e-12
7.140399e-12
7.375156e-12
7.141288e-12
7.375545e-12
