4.947820e-12
5.181133e-12
4.946266e-12
5.179412e-12
4.943934e-12
5.176970e-12
4.940881e-12
5.173806e-12
4.937273e-12
5.170253e-12
4.932499e-12
5.165479e-12
4.927114e-12
5.160761e-12
4.921508e-12
5.155432e-12
4.914791e-12
5.149769e-12
4.907852e-12
5.143330e-12
4.900302e-12
5.136724e-12
4.892087e-12
5.129341e-12
4.882816e-12
5.121403e-12
4.873379e-12
5.113132e-12
4.862999e-12
5.104472e-12
4.852396e-12
5.095313e-12
4.840683e-12
5.085043e-12
4.828082e-12
5.074385e-12
4.814815e-12
5.062839e-12
4.800826e-12
5.050904e-12
4.786227e-12
5.038414e-12
4.770573e-12
5.025202e-12
4.754031e-12
5.011214e-12
4.736989e-12
4.996781e-12
4.718781e-12
4.981737e-12
4.700018e-12
4.965972e-12
4.680312e-12
4.949596e-12
4.660161e-12
4.932665e-12
4.638789e-12
4.915124e-12
4.616585e-12
4.896972e-12
4.593825e-12
4.878431e-12
4.570344e-12
4.859113e-12
4.545586e-12
4.839296e-12
4.519940e-12
4.818479e-12
4.493350e-12
4.797052e-12
4.465872e-12
4.775180e-12
4.437894e-12
4.752643e-12
4.408307e-12
4.729162e-12
4.377942e-12
4.705625e-12
4.347245e-12
4.681311e-12
4.315048e-12
4.656775e-12
4.282297e-12
4.631462e-12
4.248768e-12
4.605871e-12
4.213907e-12
4.579392e-12
4.177936e-12
4.552581e-12
4.141243e-12
4.525491e-12
4.103662e-12
4.497847e-12
4.065026e-12
4.469980e-12
4.025447e-12
4.441336e-12
3.984368e-12
4.412581e-12
3.942846e-12
4.383383e-12
3.900047e-12
4.354350e-12
3.856859e-12
4.324929e-12
3.812339e-12
4.295508e-12
3.766765e-12
4.266143e-12
3.720912e-12
4.237166e-12
3.673783e-12
4.208467e-12
3.625600e-12
4.179934e-12
3.576694e-12
4.151512e-12
3.527068e-12
4.123424e-12
3.475664e-12
4.095557e-12
3.423262e-12
4.068135e-12
3.369638e-12
4.041267e-12
3.314848e-12
4.014789e-12
3.258394e-12
3.989087e-12
3.200440e-12
3.964051e-12
3.140821e-12
3.939904e-12
3.079925e-12
3.916645e-12
3.016976e-12
3.894607e-12
2.951972e-12
3.873513e-12
2.884692e-12
3.854361e-12
2.815859e-12
3.836820e-12
2.744027e-12
3.821277e-12
2.669809e-12
3.808232e-12
2.592759e-12
3.797906e-12
2.513045e-12
3.790412e-12
2.429612e-12
3.786360e-12
2.342682e-12
3.786527e-12
2.251477e-12
3.791023e-12
2.155776e-12
3.800738e-12
2.054523e-12
3.815781e-12
1.947387e-12
3.838208e-12
1.834755e-12
3.870737e-12
1.718958e-12
3.919920e-12
1.607714e-12
4.001632e-12
1.523337e-12
4.157452e-12
1.530442e-12
4.497902e-12
1.805944e-12
5.320799e-12
2.833678e-12
7.431167e-12
5.934253e-12
1.301381e-11
1.470019e-11
2.800299e-11
3.890366e-11
6.852324e-11
1.051141e-10
1.783967e-10
2.855644e-10
4.767358e-10
7.766143e-10
1.287309e-09
2.112038e-09
3.490196e-09
5.742800e-09
9.477677e-09
1.561306e-08
2.575263e-08
4.244417e-08
6.999165e-08
1.153798e-07
1.902447e-07
3.136409e-07
5.171248e-07
8.525715e-07
1.405674e-06
2.317536e-06
3.820993e-06
6.299703e-06
1.038645e-05
1.712420e-05
2.823276e-05
4.654705e-05
7.674085e-05
1.265179e-04
2.085757e-04
3.438366e-04
5.667644e-04
9.340930e-04
1.539126e-03
2.535059e-03
4.172744e-03
6.861119e-03
1.126195e-02
1.843314e-02
3.003199e-02
4.856815e-02
7.762946e-02
1.218529e-01
1.861838e-01
2.738850e-01
3.834335e-01
5.062497e-01
6.283162e-01
7.359454e-01
8.212736e-01
8.833970e-01
9.258759e-01
9.536909e-01
9.713908e-01
9.824501e-01
9.892814e-01
9.934713e-01
9.960300e-01
9.975883e-01
9.985358e-01
9.991114e-01
9.994609e-01
9.996729e-01
9.998016e-01
9.998797e-01
9.999270e-01
9.999557e-01
9.999731e-01
9.999837e-01
9.999901e-01
9.999940e-01
9.999964e-01
9.999978e-01
9.999987e-01
9.999992e-01
9.999995e-01
9.999997e-01
9.999998e-01
9.999999e-01
9.999999e-01
1.000000e+00
1.000000e+00
1.000000e+00
1.000000e+00
1.000000e+00
1.000000e+00
1.000000e+00
1.000000e+00
1.000000e+00
1.000000e+00
1.000000e+00
1.000000e+00
1.000000e+00
1.000000e+00
1.000000e+00
1.000000e+00
1.000000e+00
1.000000e+00
1.000000e+00
1.000000e+00
1.000000e+00
1.000000e+00
1.000000e+00
1.000000e+00
1.000000e+00
1.000000e+00
1.000000e+00
1.000000e+00
1.000000e+00
1.000000e+00
1.000000e+00
1.000000e+00
1.000000e+00
1.000000e+00
1.000000e+00
1.000000e+00
1.000000e+00
1.000000e+00
1.000000e+00
1.000000e+00
1.000000e+00
1.000000e+00
1.000000e+00
1.000000e+00
1.000000e+00
1.000000e+00
1.000000e+00
1.000000e+00
1.000000e+00
1.000000e+00
1.000000e+00
1.000000e+00
1.000000e+00
1.000000e+00
1.000000e+00
1.000000e+00
1.000000e+00
1.000000e+00
1.000000e+00
1.000000e+00
1.000000e+00
1.000000e+00
1.000000e+00
1.000000e+00
1.000000e+00
1.000000e+00
1.000000e+00
1.000000e+00
1.000000e+00
1.000000e+00
1.000000e+00
1.000000e+00
1.000000e+00
1.000000e+00
1.000000e+00
1.000000e+00
1.000000e+00
1.000000e+00
1.000000e+00
1.000000e+00
1.000000e+00
1.000000e+00
1.000000e+00
1.000000e+00
1.000000e+00
1.000000e+00
1.000000e+00
1.000000e+00
1.000000e+00
1.000000e+00
1.000000e+00
1.000000e+00
1.000000e+00
1.000000e+00
1.000000e+00
1.000000e+00
1.000000e+00
1.000000e+00
1.000000e+00
1.000000e+00
1.000000e+00
1.000000e+00
1.000000e+00
1.000000e+00
1.000000e+00
1.000000e+00
1.000000e+00
1.000000e+00
1.000000e+00
1.000000e+00
1.000000e+00
1.000000e+00
1.000000e+00
1.000000e+00
1.000000e+00
1.000000e+00
1.000000e+00
1.000000e+00
1.000000e+00
1.000000e+00
1.000000e+00
1.000000e+00
1.000000e+00
1.000000e+00
1.000000e+00
1.000000e+00
1.000000e+00
1.000000e+00
1.000000e+00
1.000000e+00
1.000000e+00
1.000000e+00
1.000000e+00
1.000000e+00
1.000000e+00
1.000000e+00
1.000000e+00
1.000000e+00
1.000000e+00
1.000000e+00
1.000000e+00
1.000000e+00
1.000000e+00
1.000000e+00
1.000000e+00
1.000000e+00
1.000000e+00
1.000000e+00
1.000000e+00
1.000000e+00
1.000000e+00
1.000000e+00
1.000000e+00
1.000000e+00
1.000000e+00
1.000000e+00
1.000000e+00
1.000000e+00
1.000000e+00
1.000000e+00
1.000000e+00
1.000000e+00
1.000000e+00
1.000000e+00
1.000000e+00
1.000000e+00
1.000000e+00
1.000000e+00
1.000000e+00
1.000000e+00
1.000000e+00
1.000000e+00
1.000000e+00
1.000000e+00
1.000000e+00
1.000000e+00
1.000000e+00
1.000000e+00
1.000000e+00
1.000000e+00
1.000000e+00
1.000000e+00
1.000000e+00
1.000000e+00
1.000000e+00
1.000000e+00
1.000000e+00
1.000000e+00
1.000000e+00
1.000000e+00
1.000000e+00
1.000000e+00
1.000000e+00
1.000000e+00
1.000000e+00
1.000000e+00
1.000000e+00
1.000000e+00
1.000000e+00
1.000000e+00
1.000000e+00
1.000000e+00
1.000000e+00
1.000000e+00
1.000000e+00
1.000000e+00
1.000000e+00
1.000000e+00
1.000000e+00
1.000000e+00
1.000000e+00
1.000000e+00
1.000000e+00
1.000000e+00
1.000000e+00
1.000000e+00
1.000000e+00
1.000000e+00
1.000000e+00
1.000000e+00
1.000000e+00
1.000000e+00
1.000000e+00
1.000000e+00
1.000000e+00
1.000000e+00
1.000000e+00
1.000000e+00
1.000000e+00
1.000000e+00
1.000000e+00
1.000000e+00
1.000000e+00
1.000000e+00
1.000000e+00
1.000000e+00
1.000000e+00
1.000000e+00
1.000000e+00
1.000000e+00
1.000000e+00
1.000000e+00
1.000000e+00
1.000000e+00
1.000000e+00
1.000000e+00
1.000000e+00
1.000000e+00
1.000000e+00
1.000000e+00
1.000000e+00
1.000000e+00
1.000000e+00
1.000000e+00
1.000000e+00
1.000000e+00
1.000000e+00
1.000000e+00
1.000000e+00
1.000000e+00
1.000000e+00
1.000000e+00
1.000000e+00
1.000000e+00
1.000000e+00
1.000000e+00
1.000000e+00
1.000000e+00
1.000000e+00
1.000000e+00
1.000000e+00
1.000000e+00
1.000000e+00
1.000000e+00
1.000000e+00
1.000000e+00
1.000000e+00
1.000000e+00
1.000000e+00
1.000000e+00
1.000000e+00
1.000000e+00
1.000000e+00
1.000000e+00
1.000000e+00
1.000000e+00
1.000000e+00
1.000000e+00
1.000000e+00
1.000000e+00
1.000000e+00
1.000000e+00
1.000000e+00
1.000000e+00
1.000000e+00
1.000000e+00
1.000000e+00
1.000000e+00
1.000000e+00
1.000000e+00
1.000000e+00
1.000000e+00
1.000000e+00
1.000000e+00
1.000000e+00
1.000000e+00
1.000000e+00
1.000000e+00
1.000000e+00
1.000000e+00
1.000000e+00
1.000000e+00
1.000000e+00
1.000000e+00
1.000000e+00
1.000000e+00
1.000000e+00
1.000000e+00
1.000000e+00
1.000000e+00
1.000000e+00
1.000000e+00
1.000000e+00
1.000000e+00
1.000000e+00
1.000000e+00
1.000000e+00
1.000000e+00
1.000000e+00
1.000000e+00
1.000000e+00
1.000000e+00
1.000000e+00
1.000000e+00
1.000000e+00
1.000000e+00
1.000000e+00
1.000000e+00
1.000000e+00
1.000000e+00
1.000000e+00
1.000000e+00
1.000000e+00
1.000000e+00
1.000000e+00
1.000000e+00
1.000000e+00
1.000000e+00
1.000000e+00
1.000000e+00
1.000000e+00
1.000000e+00
1.000000e+00
1.000000e+00
1.000000e+00
1.000000e+00
1.000000e+00
1.000000e+00
1.000000e+00
1.000000e+00
1.000000e+00
1.000000e+00
1.000000e+00
1.000000e+00
1.000000e+00
1.000000e+00
1.000000e+00
1.000000e+00
1.000000e+00
1.000000e+00
1.000000e+00
1.000000e+00
1.000000e+00
1.000000e+00
1.000000e+00
1.000000e+00
1.000000e+00
1.000000e+00
1.000000e+00
1.000000e+00
1.000000e+00
1.000000e+00
1.000000e+00
1.000000e+00
1.000000e+00
1.000000e+00
1.000000e+00
1.000000e+00
1.000000e+00
1.000000e+00
1.000000e+00
1.000000e+00
1.000000e+00
1.000000e+00
1.000000e+00
1.000000e+00
1.000000e+00
1.000000e+00
1.000000e+00
1.000000e+00
1.000000e+00
1.000000e+00
1.000000e+00
1.000000e+00
1.000000e+00
1.000000e+00
1.000000e+00
1.000000e+00
1.000000e+00
1.000000e+00
1.000000e+00
1.000000e+00
1.000000e+00
1.000000e+00
1.000000e+00
1.000000e+00
1.000000e+00
1.000000e+00
1.000000e+00
1.000000e+00
1.000000e+00
1.000000e+00
1.000000e+00
1.000000e+00
1.000000e+00
1.000000e+00
1.000000e+00
1.000000e+00
1.000000e+00
1.000000e+00
1.000000e+00
1.000000e+00
1.000000e+00
1.000000e+00
1.000000e+00
1.000000e+00
1.000000e+00
1.000000e+00
1.000000e+00
1.000000e+00
1.000000e+00
1.000000e+00
1.000000e+00
1.000000e+00
1.000000e+00
1.000000e+00
1.000000e+00
1.000000e+00
1.000000e+00
1.000000e+00
1.000000e+00
1.000000e+00
1.000000e+00
1.000000e+00
1.000000e+00
1.000000e+00
1.000000e+00
1.000000e+00
1.000000e+00
1.000000e+00
1.000000e+00
1.000000e+00
1.000000e+00
1.000000e+00
1.000000e+00
1.000000e+00
1.000000e+00
1.000000e+00
1.000000e+00
1.000000e+00
1.000000e+00
1.000000e+00
1.000000e+00
1.000000e+00
1.000000e+00
1.000000e+00
1.000000e+00
1.000000e+00
1.000000e+00
1.000000e+00
1.000000e+00
1.000000e+00
1.000000e+00
1.000000e+00
1.000000e+00
1.000000e+00
1.000000e+00
1.000000e+00
1.000000e+00
1.000000e+00
1.000000e+00
1.000000e+00
1.000000e+00
1.000000e+00
1.000000e+00
1.000000e+00
1.000000e+00
9.999999e-01
9.999999e-01
9.999998e-01
9.999997e-01
9.999995e-01
9.999992e-01
9.999987e-01
9.999978e-01
9.999964e-01
9.999940e-01
9.999901e-01
9.999837e-01
9.999731e-01
9.999557e-01
9.999270e-01
9.998797e-01
9.998016e-01
9.996729e-01
9.994609e-01
9.991114e-01
9.985358e-01
9.975883e-01
9.960300e-01
9.934713e-01
9.892814e-01
9.824501e-01
9.713908e-01
9.536909e-01
9.258759e-01
8.833970e-01
8.212736e-01
7.359454e-01
6.283162e-01
5.062497e-01
3.834335e-01
2.738850e-01
1.861838e-01
1.218529e-01
7.762946e-02
4.856815e-02
3.003199e-02
1.843314e-02
1.126195e-02
6.861119e-03
4.172744e-03
2.535059e-03
1.539126e-03
9.340930e-04
5.667644e-04
3.438366e-04
2.085757e-04
1.265179e-04
7.674085e-05
4.654705e-05
2.823276e-05
1.712420e-05
1.038645e-05
6.299703e-06
3.820993e-06
2.317536e-06
1.405674e-06
8.525715e-07
5.171249e-07
3.136409e-07
1.902447e-07
1.153799e-07
6.999168e-08
4.244420e-08
2.575266e-08
1.561309e-08
9.477711e-09
5.742835e-09
3.490232e-09
2.112076e-09
1.287349e-09
7.766557e-10
4.767787e-10
2.856086e-10
1.784425e-10
1.051611e-10
6.857126e-11
3.895267e-11
2.805334e-11
1.475153e-11
1.306621e-11
5.987766e-12
7.485290e-12
2.888856e-12
5.376977e-12
1.862677e-12
4.555745e-12
1.589229e-12
4.217293e-12
1.583900e-12
4.062917e-12
1.669775e-12
3.982759e-12
1.782907e-12
3.935463e-12
1.900424e-12
3.904599e-12
2.014777e-12
3.883893e-12
2.123468e-12
3.870182e-12
2.225942e-12
3.861966e-12
2.323253e-12
3.858636e-12
2.415124e-12
3.859357e-12
2.502720e-12
3.863188e-12
2.585709e-12
3.870182e-12
2.664757e-12
3.879397e-12
2.740697e-12
3.891221e-12
2.813083e-12
3.905043e-12
2.882750e-12
3.920586e-12
2.950029e-12
3.937795e-12
3.014977e-12
3.956169e-12
3.077372e-12
3.975764e-12
3.137823e-12
3.996414e-12
3.196332e-12
4.018064e-12
3.253064e-12
4.039880e-12
3.307854e-12
4.062806e-12
3.361200e-12
4.086176e-12
3.413048e-12
4.110157e-12
3.463618e-12
4.134526e-12
3.513079e-12
4.159229e-12
3.561040e-12
4.184098e-12
3.607947e-12
4.209633e-12
3.654022e-12
4.235223e-12
3.698986e-12
4.261258e-12
3.743283e-12
4.287626e-12
3.786693e-12
4.314327e-12
3.829603e-12
4.340972e-12
3.871570e-12
4.367839e-12
3.912981e-12
4.395206e-12
3.953782e-12
4.422684e-12
3.993972e-12
4.450107e-12
4.033274e-12
4.476974e-12
4.071687e-12
4.503953e-12
4.109157e-12
4.530376e-12
4.145684e-12
4.556744e-12
4.181822e-12
4.582446e-12
4.216516e-12
4.607981e-12
4.250378e-12
4.632905e-12
4.283573e-12
4.657552e-12
4.315659e-12
4.681922e-12
4.347134e-12
4.705514e-12
4.377720e-12
4.728495e-12
4.407530e-12
4.751310e-12
4.436451e-12
4.773626e-12
4.464540e-12
4.795664e-12
4.492351e-12
4.817424e-12
4.519440e-12
4.838907e-12
4.545697e-12
4.859668e-12
4.571010e-12
4.879430e-12
4.595213e-12
4.898804e-12
4.618639e-12
4.917622e-12
4.641565e-12
4.935719e-12
4.663325e-12
4.952927e-12
4.684142e-12
4.970135e-12
4.704626e-12
4.986289e-12
4.723888e-12
5.002221e-12
4.742484e-12
5.017209e-12
4.760470e-12
5.031864e-12
4.777401e-12
5.045520e-12
4.793721e-12
5.058953e-12
4.809209e-12
5.071665e-12
4.824141e-12
5.083822e-12
4.838241e-12
5.095535e-12
4.851619e-12
5.106304e-12
4.863832e-12
5.116463e-12
4.875766e-12
5.125900e-12
4.886369e-12
5.134948e-12
4.896472e-12
5.142775e-12
4.905465e-12
5.150103e-12
4.913514e-12
5.156486e-12
4.921008e-12
5.162204e-12
4.927392e-12
5.167644e-12
4.932832e-12
5.171807e-12
4.937495e-12
5.175416e-12
4.941658e-12
5.178247e-12
4.944600e-12
5.180467e-12
4.946710e-12
5.181799e-12
4.948153e-12
5.182632e-12
4.948542e-12
5.182244e-12
