4.387879e-12
4.621192e-12
4.386158e-12
4.619471e-12
4.384104e-12
4.617196e-12
4.381162e-12
4.614309e-12
4.378053e-12
4.611089e-12
4.373724e-12
4.607092e-12
4.369061e-12
4.603207e-12
4.364009e-12
4.598211e-12
4.358347e-12
4.593770e-12
4.352352e-12
4.588441e-12
4.345690e-12
4.582612e-12
4.338419e-12
4.576450e-12
4.330536e-12
4.569789e-12
4.322154e-12
4.562739e-12
4.313550e-12
4.555301e-12
4.303780e-12
4.547251e-12
4.293677e-12
4.538592e-12
4.282741e-12
4.529543e-12
4.270972e-12
4.519829e-12
4.258649e-12
4.509504e-12
4.245659e-12
4.498679e-12
4.231837e-12
4.487410e-12
4.217404e-12
4.475698e-12
4.202250e-12
4.463208e-12
4.186540e-12
4.450440e-12
4.169887e-12
4.436784e-12
4.152234e-12
4.422407e-12
4.133693e-12
4.407252e-12
4.114487e-12
4.392042e-12
4.094503e-12
4.375944e-12
4.074019e-12
4.359735e-12
4.052203e-12
4.342582e-12
4.030332e-12
4.325262e-12
4.007239e-12
4.307055e-12
3.983425e-12
4.288014e-12
3.958667e-12
4.269141e-12
3.933187e-12
4.249323e-12
3.906597e-12
4.228895e-12
3.879286e-12
4.207967e-12
3.850920e-12
4.186651e-12
3.821887e-12
4.164946e-12
3.791967e-12
4.142520e-12
3.761269e-12
4.119594e-12
3.729128e-12
4.096279e-12
3.696377e-12
4.072687e-12
3.662959e-12
4.048761e-12
3.628764e-12
4.024503e-12
3.593181e-12
3.999912e-12
3.556822e-12
3.974654e-12
3.519629e-12
3.949230e-12
3.481271e-12
3.923362e-12
3.442135e-12
3.897882e-12
3.402278e-12
3.872458e-12
3.361755e-12
3.847089e-12
3.320288e-12
3.821998e-12
3.278045e-12
3.796852e-12
3.235190e-12
3.772205e-12
3.191336e-12
3.747669e-12
3.146650e-12
3.723244e-12
3.100575e-12
3.699041e-12
3.053446e-12
3.675671e-12
3.005374e-12
3.652578e-12
2.956357e-12
3.630152e-12
2.905565e-12
3.607892e-12
2.853606e-12
3.586409e-12
2.800038e-12
3.565759e-12
2.744915e-12
3.545830e-12
2.688016e-12
3.527123e-12
2.629619e-12
3.509470e-12
2.569278e-12
3.493039e-12
2.506662e-12
3.478828e-12
2.442380e-12
3.465950e-12
2.375711e-12
3.455458e-12
2.306377e-12
3.447242e-12
2.234379e-12
3.441636e-12
2.159328e-12
3.439193e-12
2.080724e-12
3.440026e-12
1.998568e-12
3.445022e-12
1.912526e-12
3.454292e-12
1.821265e-12
3.468670e-12
1.725009e-12
3.488654e-12
1.622980e-12
3.516132e-12
1.515232e-12
3.553380e-12
1.404266e-12
3.607503e-12
1.297906e-12
3.694323e-12
1.218747e-12
3.855360e-12
1.230960e-12
4.201306e-12
1.511624e-12
5.029366e-12
2.545131e-12
7.145173e-12
5.651202e-12
1.273331e-11
1.442241e-11
2.772810e-11
3.863115e-11
6.825340e-11
1.048470e-10
1.781325e-10
2.853030e-10
4.764769e-10
7.763582e-10
1.287056e-09
2.111787e-09
3.489948e-09
5.742555e-09
9.477435e-09
1.561282e-08
2.575239e-08
4.244393e-08
6.999142e-08
1.153796e-07
1.902445e-07
3.136406e-07
5.171246e-07
8.525713e-07
1.405674e-06
2.317536e-06
3.820992e-06
6.299703e-06
1.038645e-05
1.712420e-05
2.823276e-05
4.654705e-05
7.674085e-05
1.265179e-04
2.085757e-04
3.438366e-04
5.667644e-04
9.340930e-04
1.539126e-03
2.535059e-03
4.172744e-03
6.861119e-03
1.126195e-02
1.843314e-02
3.003199e-02
4.856815e-02
7.762946e-02
1.218529e-01
1.861838e-01
2.738850e-01
3.834335e-01
5.062497e-01
6.283162e-01
7.359454e-01
8.212736e-01
8.833970e-01
9.258759e-01
9.536909e-01
9.713908e-01
9.824501e-01
9.892814e-01
9.934713e-01
9.960300e-01
9.975883e-01
9.985358e-01
9.991114e-01
9.994609e-01
9.996729e-01
9.998016e-01
9.998797e-01
9.999270e-01
9.999557e-01
9.999731e-01
9.999837e-01
9.999901e-01
9.999940e-01
9.999964e-01
9.999978e-01
9.999987e-01
9.999992e-01
9.999995e-01
9.999997e-01
9.999998e-01
9.999999e-01
9.999999e-01
1.000000e+00
1.000000e+00
1.000000e+00
1.000000e+00
1.000000e+00
1.000000e+00
1.000000e+00
1.000000e+00
1.000000e+00
1.000000e+00
1.000000e+00
1.000000e+00
1.000000e+00
1.000000e+00
1.000000e+00
1.000000e+00
1.000000e+00
1.000000e+00
1.000000e+00
1.000000e+00
1.000000e+00
1.000000e+00
1.000000e+00
1.000000e+00
1.000000e+00
1.000000e+00
1.000000e+00
1.000000e+00
1.000000e+00
1.000000e+00
1.000000e+00
1.000000e+00
1.000000e+00
1.000000e+00
1.000000e+00
1.000000e+00
1.000000e+00
1.000000e+00
1.000000e+00
1.000000e+00
1.000000e+00
1.000000e+00
1.000000e+00
1.000000e+00
1.000000e+00
1.000000e+00
1.000000e+00
1.000000e+00
1.000000e+00
1.000000e+00
1.000000e+00
1.000000e+00
1.000000e+00
1.000000e+00
1.000000e+00
1.000000e+00
1.000000e+00
1.000000e+00
1.000000e+00
1.000000e+00
1.000000e+00
1.000000e+00
1.000000e+00
1.000000e+00
1.000000e+00
1.000000e+00
1.000000e+00
1.000000e+00
1.000000e+00
1.000000e+00
1.000000e+00
1.000000e+00
1.000000e+00
1.000000e+00
1.000000e+00
1.000000e+00
1.000000e+00
1.000000e+00
1.000000e+00
1.000000e+00
1.000000e+00
1.000000e+00
1.000000e+00
1.000000e+00
1.000000e+00
1.000000e+00
1.000000e+00
1.000000e+00
1.000000e+00
1.000000e+00
1.000000e+00
1.000000e+00
1.000000e+00
1.000000e+00
1.000000e+00
1.000000e+00
1.000000e+00
1.000000e+00
1.000000e+00
1.000000e+00
1.000000e+00
1.000000e+00
1.000000e+00
1.000000e+00
1.000000e+00
1.000000e+00
1.000000e+00
1.000000e+00
1.000000e+00
1.000000e+00
1.000000e+00
1.000000e+00
1.000000e+00
1.000000e+00
1.000000e+00
1.000000e+00
1.000000e+00
1.000000e+00
1.000000e+00
1.000000e+00
1.000000e+00
1.000000e+00
1.000000e+00
1.000000e+00
1.000000e+00
1.000000e+00
1.000000e+00
1.000000e+00
1.000000e+00
1.000000e+00
1.000000e+00
1.000000e+00
1.000000e+00
1.000000e+00
1.000000e+00
1.000000e+00
1.000000e+00
1.000000e+00
1.000000e+00
1.000000e+00
1.000000e+00
1.000000e+00
1.000000e+00
1.000000e+00
1.000000e+00
1.000000e+00
1.000000e+00
1.000000e+00
1.000000e+00
1.000000e+00
1.000000e+00
1.000000e+00
1.000000e+00
1.000000e+00
1.000000e+00
1.000000e+00
1.000000e+00
1.000000e+00
1.000000e+00
1.000000e+00
1.000000e+00
1.000000e+00
1.000000e+00
1.000000e+00
1.000000e+00
1.000000e+00
1.000000e+00
1.000000e+00
1.000000e+00
1.000000e+00
1.000000e+00
1.000000e+00
1.000000e+00
1.000000e+00
1.000000e+00
1.000000e+00
1.000000e+00
1.000000e+00
1.000000e+00
1.000000e+00
1.000000e+00
1.000000e+00
1.000000e+00
1.000000e+00
1.000000e+00
1.000000e+00
1.000000e+00
1.000000e+00
1.000000e+00
1.000000e+00
1.000000e+00
1.000000e+00
1.000000e+00
1.000000e+00
1.000000e+00
1.000000e+00
1.000000e+00
1.000000e+00
1.000000e+00
1.000000e+00
1.000000e+00
1.000000e+00
1.000000e+00
1.000000e+00
1.000000e+00
1.000000e+00
1.000000e+00
1.000000e+00
1.000000e+00
1.000000e+00
1.000000e+00
1.000000e+00
1.000000e+00
1.000000e+00
1.000000e+00
1.000000e+00
1.000000e+00
1.000000e+00
1.000000e+00
1.000000e+00
1.000000e+00
1.000000e+00
1.000000e+00
1.000000e+00
1.000000e+00
1.000000e+00
1.000000e+00
1.000000e+00
1.000000e+00
1.000000e+00
1.000000e+00
1.000000e+00
1.000000e+00
1.000000e+00
1.000000e+00
1.000000e+00
1.000000e+00
1.000000e+00
1.000000e+00
1.000000e+00
1.000000e+00
1.000000e+00
1.000000e+00
1.000000e+00
1.000000e+00
1.000000e+00
1.000000e+00
1.000000e+00
1.000000e+00
1.000000e+00
1.000000e+00
1.000000e+00
1.000000e+00
1.000000e+00
1.000000e+00
1.000000e+00
1.000000e+00
1.000000e+00
1.000000e+00
1.000000e+00
1.000000e+00
1.000000e+00
1.000000e+00
1.000000e+00
1.000000e+00
1.000000e+00
1.000000e+00
1.000000e+00
1.000000e+00
1.000000e+00
1.000000e+00
1.000000e+00
1.000000e+00
1.000000e+00
1.000000e+00
1.000000e+00
1.000000e+00
1.000000e+00
1.000000e+00
1.000000e+00
1.000000e+00
1.000000e+00
1.000000e+00
1.000000e+00
1.000000e+00
1.000000e+00
1.000000e+00
1.000000e+00
1.000000e+00
1.000000e+00
1.000000e+00
1.000000e+00
1.000000e+00
1.000000e+00
1.000000e+00
1.000000e+00
1.000000e+00
1.000000e+00
1.000000e+00
1.000000e+00
1.000000e+00
1.000000e+00
1.000000e+00
1.000000e+00
1.000000e+00
1.000000e+00
1.000000e+00
1.000000e+00
1.000000e+00
1.000000e+00
1.000000e+00
1.000000e+00
1.000000e+00
1.000000e+00
1.000000e+00
1.000000e+00
1.000000e+00
1.000000e+00
1.000000e+00
1.000000e+00
1.000000e+00
1.000000e+00
1.000000e+00
1.000000e+00
1.000000e+00
1.000000e+00
1.000000e+00
1.000000e+00
1.000000e+00
1.000000e+00
1.000000e+00
1.000000e+00
1.000000e+00
1.000000e+00
1.000000e+00
1.000000e+00
1.000000e+00
1.000000e+00
1.000000e+00
1.000000e+00
1.000000e+00
1.000000e+00
1.000000e+00
1.000000e+00
1.000000e+00
1.000000e+00
1.000000e+00
1.000000e+00
1.000000e+00
1.000000e+00
1.000000e+00
1.000000e+00
1.000000e+00
1.000000e+00
1.000000e+00
1.000000e+00
1.000000e+00
1.000000e+00
1.000000e+00
1.000000e+00
1.000000e+00
1.000000e+00
1.000000e+00
1.000000e+00
1.000000e+00
1.000000e+00
1.000000e+00
1.000000e+00
1.000000e+00
1.000000e+00
1.000000e+00
1.000000e+00
1.000000e+00
1.000000e+00
1.000000e+00
1.000000e+00
1.000000e+00
1.000000e+00
1.000000e+00
1.000000e+00
1.000000e+00
1.000000e+00
1.000000e+00
1.000000e+00
1.000000e+00
1.000000e+00
1.000000e+00
1.000000e+00
1.000000e+00
1.000000e+00
1.000000e+00
1.000000e+00
1.000000e+00
1.000000e+00
1.000000e+00
1.000000e+00
1.000000e+00
1.000000e+00
1.000000e+00
1.000000e+00
1.000000e+00
1.000000e+00
1.000000e+00
1.000000e+00
1.000000e+00
1.000000e+00
1.000000e+00
1.000000e+00
1.000000e+00
1.000000e+00
1.000000e+00
1.000000e+00
1.000000e+00
1.000000e+00
1.000000e+00
1.000000e+00
1.000000e+00
1.000000e+00
1.000000e+00
1.000000e+00
1.000000e+00
1.000000e+00
1.000000e+00
1.000000e+00
1.000000e+00
1.000000e+00
1.000000e+00
1.000000e+00
1.000000e+00
1.000000e+00
1.000000e+00
1.000000e+00
1.000000e+00
1.000000e+00
1.000000e+00
1.000000e+00
1.000000e+00
1.000000e+00
1.000000e+00
1.000000e+00
1.000000e+00
1.000000e+00
1.000000e+00
1.000000e+00
1.000000e+00
1.000000e+00
1.000000e+00
1.000000e+00
1.000000e+00
1.000000e+00
1.000000e+00
1.000000e+00
1.000000e+00
1.000000e+00
1.000000e+00
1.000000e+00
1.000000e+00
1.000000e+00
1.000000e+00
1.000000e+00
1.000000e+00
1.000000e+00
1.000000e+00
1.000000e+00
1.000000e+00
1.000000e+00
1.000000e+00
1.000000e+00
1.000000e+00
1.000000e+00
1.000000e+00
1.000000e+00
1.000000e+00
1.000000e+00
1.000000e+00
1.000000e+00
1.000000e+00
1.000000e+00
1.000000e+00
1.000000e+00
1.000000e+00
1.000000e+00
1.000000e+00
1.000000e+00
1.000000e+00
1.000000e+00
1.000000e+00
1.000000e+00
1.000000e+00
1.000000e+00
1.000000e+00
1.000000e+00
1.000000e+00
1.000000e+00
1.000000e+00
1.000000e+00
1.000000e+00
9.999999e-01
9.999999e-01
9.999998e-01
9.999997e-01
9.999995e-01
9.999992e-01
9.999987e-01
9.999978e-01
9.999964e-01
9.999940e-01
9.999901e-01
9.999837e-01
9.999731e-01
9.999557e-01
9.999270e-01
9.998797e-01
9.998016e-01
9.996729e-01
9.994609e-01
9.991114e-01
9.985358e-01
9.975883e-01
9.960300e-01
9.934713e-01
9.892814e-01
9.824501e-01
9.713908e-01
9.536909e-01
9.258759e-01
8.833970e-01
8.212736e-01
7.359454e-01
6.283162e-01
5.062497e-01
3.834335e-01
2.738850e-01
1.861838e-01
1.218529e-01
7.762946e-02
4.856815e-02
3.003199e-02
1.843314e-02
1.126195e-02
6.861119e-03
4.172744e-03
2.535059e-03
1.539126e-03
9.340930e-04
5.667644e-04
3.438366e-04
2.085757e-04
1.265179e-04
7.674085e-05
4.654705e-05
2.823276e-05
1.712420e-05
1.038645e-05
6.299703e-06
3.820992e-06
2.317536e-06
1.405674e-06
8.525713e-07
5.171246e-07
3.136407e-07
1.902445e-07
1.153796e-07
6.999145e-08
4.244396e-08
2.575242e-08
1.561285e-08
9.477469e-09
5.742591e-09
3.489985e-09
2.111826e-09
1.287096e-09
7.764001e-10
4.765202e-10
2.853477e-10
1.781786e-10
1.048944e-10
6.830203e-11
3.868100e-11
2.777906e-11
1.447448e-11
1.278649e-11
5.705214e-12
7.200462e-12
2.601364e-12
5.086820e-12
1.570188e-12
4.260647e-12
1.291411e-12
3.916534e-12
1.280642e-12
3.756995e-12
1.361355e-12
3.671896e-12
1.469491e-12
3.619605e-12
1.582068e-12
3.583633e-12
1.691258e-12
3.557932e-12
1.794953e-12
3.539280e-12
1.892764e-12
3.526346e-12
1.984857e-12
3.517797e-12
2.072009e-12
3.513634e-12
2.154610e-12
3.512912e-12
2.232936e-12
3.515188e-12
2.307488e-12
3.520240e-12
2.378653e-12
3.527234e-12
2.446765e-12
3.536615e-12
2.512102e-12
3.547718e-12
2.574885e-12
3.560097e-12
2.634948e-12
3.573697e-12
2.692735e-12
3.589073e-12
2.748801e-12
3.605172e-12
2.802758e-12
3.622269e-12
2.854939e-12
3.639866e-12
2.905509e-12
3.658185e-12
2.954248e-12
3.677281e-12
3.001710e-12
3.696599e-12
3.047951e-12
3.716638e-12
3.093137e-12
3.737122e-12
3.136935e-12
3.758049e-12
3.179790e-12
3.779588e-12
3.221756e-12
3.801015e-12
3.263001e-12
3.823164e-12
3.303302e-12
3.845757e-12
3.342993e-12
3.868295e-12
3.381739e-12
3.891332e-12
3.419987e-12
3.914702e-12
3.457679e-12
3.938239e-12
3.495093e-12
3.961886e-12
3.531231e-12
3.985645e-12
3.567147e-12
4.009182e-12
3.602119e-12
4.032719e-12
3.636091e-12
4.055700e-12
3.669398e-12
4.078682e-12
3.702039e-12
4.101275e-12
3.733513e-12
4.123590e-12
3.764433e-12
4.145573e-12
3.794354e-12
4.167000e-12
3.823830e-12
4.188427e-12
3.852307e-12
4.209022e-12
3.879841e-12
4.229284e-12
3.906597e-12
4.248879e-12
3.932576e-12
4.268585e-12
3.958112e-12
4.287515e-12
3.982870e-12
4.306666e-12
4.006850e-12
4.325040e-12
4.030720e-12
4.343359e-12
4.053424e-12
4.360956e-12
4.075462e-12
4.377831e-12
4.096834e-12
4.394374e-12
4.117262e-12
4.410194e-12
4.136747e-12
4.425516e-12
4.155620e-12
4.440226e-12
4.173495e-12
4.454548e-12
4.191036e-12
4.468259e-12
4.207634e-12
4.481193e-12
4.223399e-12
4.493406e-12
4.237999e-12
4.505119e-12
4.252376e-12
4.516665e-12
4.266199e-12
4.527712e-12
4.279299e-12
4.538148e-12
4.291567e-12
4.547807e-12
4.303224e-12
4.557466e-12
4.314271e-12
4.566181e-12
4.324485e-12
4.574285e-12
4.334200e-12
4.581890e-12
4.343192e-12
4.588940e-12
4.350964e-12
4.595324e-12
4.358403e-12
4.601319e-12
4.364731e-12
4.606093e-12
4.370559e-12
4.610645e-12
4.375666e-12
4.614309e-12
4.379497e-12
4.616973e-12
4.382938e-12
4.619138e-12
4.385381e-12
4.621248e-12
4.387157e-12
4.622136e-12
4.388268e-12
4.622747e-12
4.388212e-12
4.622136e-12
