3.901213e-12
4.134471e-12
3.899991e-12
4.132916e-12
3.897993e-12
4.131140e-12
3.895551e-12
4.128753e-12
3.891998e-12
4.125367e-12
3.888445e-12
4.121870e-12
3.884171e-12
4.118594e-12
3.879841e-12
4.114153e-12
3.874456e-12
4.109824e-12
3.868739e-12
4.105161e-12
3.862577e-12
4.099776e-12
3.855916e-12
4.094169e-12
3.848533e-12
4.088008e-12
3.840817e-12
4.081790e-12
3.832767e-12
4.075185e-12
3.824163e-12
4.067802e-12
3.814671e-12
4.060363e-12
3.805012e-12
4.052314e-12
3.794298e-12
4.043987e-12
3.783529e-12
4.035050e-12
3.771594e-12
4.025391e-12
3.759104e-12
4.015288e-12
3.745948e-12
4.005019e-12
3.732292e-12
3.993639e-12
3.717748e-12
3.982259e-12
3.702372e-12
3.970269e-12
3.686385e-12
3.957279e-12
3.669787e-12
3.944289e-12
3.652190e-12
3.930689e-12
3.634426e-12
3.916811e-12
3.615774e-12
3.902600e-12
3.596567e-12
3.887446e-12
3.576250e-12
3.871903e-12
3.555101e-12
3.855749e-12
3.533229e-12
3.839429e-12
3.510636e-12
3.822165e-12
3.487155e-12
3.804457e-12
3.462841e-12
3.786138e-12
3.437806e-12
3.767819e-12
3.412104e-12
3.748724e-12
3.385348e-12
3.729350e-12
3.357647e-12
3.709699e-12
3.329226e-12
3.688994e-12
3.300193e-12
3.668510e-12
3.269662e-12
3.647305e-12
3.238687e-12
3.625711e-12
3.206879e-12
3.604284e-12
3.174350e-12
3.581802e-12
3.140599e-12
3.559708e-12
3.106237e-12
3.537171e-12
3.070488e-12
3.514522e-12
3.034462e-12
3.491707e-12
2.997547e-12
3.469280e-12
2.959799e-12
3.446465e-12
2.921219e-12
3.424427e-12
2.882139e-12
3.402167e-12
2.842115e-12
3.380629e-12
2.801259e-12
3.358980e-12
2.759459e-12
3.337775e-12
2.716771e-12
3.317069e-12
2.672917e-12
3.296530e-12
2.628064e-12
3.276934e-12
2.582212e-12
3.257783e-12
2.535083e-12
3.238854e-12
2.486455e-12
3.221035e-12
2.436662e-12
3.204104e-12
2.385370e-12
3.188116e-12
2.332246e-12
3.173128e-12
2.277234e-12
3.159084e-12
2.220835e-12
3.146428e-12
2.162104e-12
3.135991e-12
2.101652e-12
3.126943e-12
2.038536e-12
3.120282e-12
1.973199e-12
3.116174e-12
1.905198e-12
3.114620e-12
1.834366e-12
3.116285e-12
1.759759e-12
3.121114e-12
1.681877e-12
3.130274e-12
1.599887e-12
3.143930e-12
1.513178e-12
3.162415e-12
1.421196e-12
3.187173e-12
1.323719e-12
3.219258e-12
1.220524e-12
3.261280e-12
1.114553e-12
3.320177e-12
1.012801e-12
3.411715e-12
9.384715e-13
3.577416e-12
9.552914e-13
3.928191e-12
1.240896e-12
4.760692e-12
2.278955e-12
6.881384e-12
5.389689e-12
1.247463e-11
1.416595e-11
2.747402e-11
3.837980e-11
6.800466e-11
1.046008e-10
1.778887e-10
2.850620e-10
4.762388e-10
7.761224e-10
1.286823e-09
2.111557e-09
3.489720e-09
5.742330e-09
9.477213e-09
1.561260e-08
2.575217e-08
4.244372e-08
6.999121e-08
1.153794e-07
1.902443e-07
3.136404e-07
5.171244e-07
8.525711e-07
1.405674e-06
2.317536e-06
3.820992e-06
6.299703e-06
1.038645e-05
1.712420e-05
2.823276e-05
4.654705e-05
7.674085e-05
1.265179e-04
2.085757e-04
3.438366e-04
5.667644e-04
9.340930e-04
1.539126e-03
2.535059e-03
4.172744e-03
6.861119e-03
1.126195e-02
1.843314e-02
3.003199e-02
4.856815e-02
7.762946e-02
1.218529e-01
1.861838e-01
2.738850e-01
3.834335e-01
5.062497e-01
6.283162e-01
7.359454e-01
8.212736e-01
8.833970e-01
9.258759e-01
9.536909e-01
9.713908e-01
9.824501e-01
9.892814e-01
9.934713e-01
9.960300e-01
9.975883e-01
9.985358e-01
9.991114e-01
9.994609e-01
9.996729e-01
9.998016e-01
9.998797e-01
9.999270e-01
9.999557e-01
9.999731e-01
9.999837e-01
9.999901e-01
9.999940e-01
9.999964e-01
9.999978e-01
9.999987e-01
9.999992e-01
9.999995e-01
9.999997e-01
9.999998e-01
9.999999e-01
9.999999e-01
1.000000e+00
1.000000e+00
1.000000e+00
1.000000e+00
1.000000e+00
1.000000e+00
1.000000e+00
1.000000e+00
1.000000e+00
1.000000e+00
1.000000e+00
1.000000e+00
1.000000e+00
1.000000e+00
1.000000e+00
1.000000e+00
1.000000e+00
1.000000e+00
1.000000e+00
1.000000e+00
1.000000e+00
1.000000e+00
1.000000e+00
1.000000e+00
1.000000e+00
1.000000e+00
1.000000e+00
1.000000e+00
1.000000e+00
1.000000e+00
1.000000e+00
1.000000e+00
1.000000e+00
1.000000e+00
1.000000e+00
1.000000e+00
1.000000e+00
1.000000e+00
1.000000e+00
1.000000e+00
1.000000e+00
1.000000e+00
1.000000e+00
1.000000e+00
1.000000e+00
1.000000e+00
1.000000e+00
1.000000e+00
1.000000e+00
1.000000e+00
1.000000e+00
1.000000e+00
1.000000e+00
1.000000e+00
1.000000e+00
1.000000e+00
1.000000e+00
1.000000e+00
1.000000e+00
1.000000e+00
1.000000e+00
1.000000e+00
1.000000e+00
1.000000e+00
1.000000e+00
1.000000e+00
1.000000e+00
1.000000e+00
1.000000e+00
1.000000e+00
1.000000e+00
1.000000e+00
1.000000e+00
1.000000e+00
1.000000e+00
1.000000e+00
1.000000e+00
1.000000e+00
1.000000e+00
1.000000e+00
1.000000e+00
1.000000e+00
1.000000e+00
1.000000e+00
1.000000e+00
1.000000e+00
1.000000e+00
1.000000e+00
1.000000e+00
1.000000e+00
1.000000e+00
1.000000e+00
1.000000e+00
1.000000e+00
1.000000e+00
1.000000e+00
1.000000e+00
1.000000e+00
1.000000e+00
1.000000e+00
1.000000e+00
1.000000e+00
1.000000e+00
1.000000e+00
1.000000e+00
1.000000e+00
1.000000e+00
1.000000e+00
1.000000e+00
1.000000e+00
1.000000e+00
1.000000e+00
1.000000e+00
1.000000e+00
1.000000e+00
1.000000e+00
1.000000e+00
1.000000e+00
1.000000e+00
1.000000e+00
1.000000e+00
1.000000e+00
1.000000e+00
1.000000e+00
1.000000e+00
1.000000e+00
1.000000e+00
1.000000e+00
1.000000e+00
1.000000e+00
1.000000e+00
1.000000e+00
1.000000e+00
1.000000e+00
1.000000e+00
1.000000e+00
1.000000e+00
1.000000e+00
1.000000e+00
1.000000e+00
1.000000e+00
1.000000e+00
1.000000e+00
1.000000e+00
1.000000e+00
1.000000e+00
1.000000e+00
1.000000e+00
1.000000e+00
1.000000e+00
1.000000e+00
1.000000e+00
1.000000e+00
1.000000e+00
1.000000e+00
1.000000e+00
1.000000e+00
1.000000e+00
1.000000e+00
1.000000e+00
1.000000e+00
1.000000e+00
1.000000e+00
1.000000e+00
1.000000e+00
1.000000e+00
1.000000e+00
1.000000e+00
1.000000e+00
1.000000e+00
1.000000e+00
1.000000e+00
1.000000e+00
1.000000e+00
1.000000e+00
1.000000e+00
1.000000e+00
1.000000e+00
1.000000e+00
1.000000e+00
1.000000e+00
1.000000e+00
1.000000e+00
1.000000e+00
1.000000e+00
1.000000e+00
1.000000e+00
1.000000e+00
1.000000e+00
1.000000e+00
1.000000e+00
1.000000e+00
1.000000e+00
1.000000e+00
1.000000e+00
1.000000e+00
1.000000e+00
1.000000e+00
1.000000e+00
1.000000e+00
1.000000e+00
1.000000e+00
1.000000e+00
1.000000e+00
1.000000e+00
1.000000e+00
1.000000e+00
1.000000e+00
1.000000e+00
1.000000e+00
1.000000e+00
1.000000e+00
1.000000e+00
1.000000e+00
1.000000e+00
1.000000e+00
1.000000e+00
1.000000e+00
1.000000e+00
1.000000e+00
1.000000e+00
1.000000e+00
1.000000e+00
1.000000e+00
1.000000e+00
1.000000e+00
1.000000e+00
1.000000e+00
1.000000e+00
1.000000e+00
1.000000e+00
1.000000e+00
1.000000e+00
1.000000e+00
1.000000e+00
1.000000e+00
1.000000e+00
1.000000e+00
1.000000e+00
1.000000e+00
1.000000e+00
1.000000e+00
1.000000e+00
1.000000e+00
1.000000e+00
1.000000e+00
1.000000e+00
1.000000e+00
1.000000e+00
1.000000e+00
1.000000e+00
1.000000e+00
1.000000e+00
1.000000e+00
1.000000e+00
1.000000e+00
1.000000e+00
1.000000e+00
1.000000e+00
1.000000e+00
1.000000e+00
1.000000e+00
1.000000e+00
1.000000e+00
1.000000e+00
1.000000e+00
1.000000e+00
1.000000e+00
1.000000e+00
1.000000e+00
1.000000e+00
1.000000e+00
1.000000e+00
1.000000e+00
1.000000e+00
1.000000e+00
1.000000e+00
1.000000e+00
1.000000e+00
1.000000e+00
1.000000e+00
1.000000e+00
1.000000e+00
1.000000e+00
1.000000e+00
1.000000e+00
1.000000e+00
1.000000e+00
1.000000e+00
1.000000e+00
1.000000e+00
1.000000e+00
1.000000e+00
1.000000e+00
1.000000e+00
1.000000e+00
1.000000e+00
1.000000e+00
1.000000e+00
1.000000e+00
1.000000e+00
1.000000e+00
1.000000e+00
1.000000e+00
1.000000e+00
1.000000e+00
1.000000e+00
1.000000e+00
1.000000e+00
1.000000e+00
1.000000e+00
1.000000e+00
1.000000e+00
1.000000e+00
1.000000e+00
1.000000e+00
1.000000e+00
1.000000e+00
1.000000e+00
1.000000e+00
1.000000e+00
1.000000e+00
1.000000e+00
1.000000e+00
1.000000e+00
1.000000e+00
1.000000e+00
1.000000e+00
1.000000e+00
1.000000e+00
1.000000e+00
1.000000e+00
1.000000e+00
1.000000e+00
1.000000e+00
1.000000e+00
1.000000e+00
1.000000e+00
1.000000e+00
1.000000e+00
1.000000e+00
1.000000e+00
1.000000e+00
1.000000e+00
1.000000e+00
1.000000e+00
1.000000e+00
1.000000e+00
1.000000e+00
1.000000e+00
1.000000e+00
1.000000e+00
1.000000e+00
1.000000e+00
1.000000e+00
1.000000e+00
1.000000e+00
1.000000e+00
1.000000e+00
1.000000e+00
1.000000e+00
1.000000e+00
1.000000e+00
1.000000e+00
1.000000e+00
1.000000e+00
1.000000e+00
1.000000e+00
1.000000e+00
1.000000e+00
1.000000e+00
1.000000e+00
1.000000e+00
1.000000e+00
1.000000e+00
1.000000e+00
1.000000e+00
1.000000e+00
1.000000e+00
1.000000e+00
1.000000e+00
1.000000e+00
1.000000e+00
1.000000e+00
1.000000e+00
1.000000e+00
1.000000e+00
1.000000e+00
1.000000e+00
1.000000e+00
1.000000e+00
1.000000e+00
1.000000e+00
1.000000e+00
1.000000e+00
1.000000e+00
1.000000e+00
1.000000e+00
1.000000e+00
1.000000e+00
1.000000e+00
1.000000e+00
1.000000e+00
1.000000e+00
1.000000e+00
1.000000e+00
1.000000e+00
1.000000e+00
1.000000e+00
1.000000e+00
1.000000e+00
1.000000e+00
1.000000e+00
1.000000e+00
1.000000e+00
1.000000e+00
1.000000e+00
1.000000e+00
1.000000e+00
1.000000e+00
1.000000e+00
1.000000e+00
1.000000e+00
1.000000e+00
1.000000e+00
1.000000e+00
1.000000e+00
1.000000e+00
1.000000e+00
1.000000e+00
1.000000e+00
1.000000e+00
1.000000e+00
1.000000e+00
1.000000e+00
1.000000e+00
1.000000e+00
1.000000e+00
1.000000e+00
1.000000e+00
1.000000e+00
1.000000e+00
1.000000e+00
1.000000e+00
1.000000e+00
1.000000e+00
1.000000e+00
1.000000e+00
1.000000e+00
1.000000e+00
1.000000e+00
1.000000e+00
1.000000e+00
1.000000e+00
1.000000e+00
1.000000e+00
1.000000e+00
1.000000e+00
1.000000e+00
1.000000e+00
1.000000e+00
1.000000e+00
1.000000e+00
1.000000e+00
1.000000e+00
1.000000e+00
1.000000e+00
1.000000e+00
1.000000e+00
1.000000e+00
1.000000e+00
1.000000e+00
1.000000e+00
1.000000e+00
1.000000e+00
1.000000e+00
1.000000e+00
1.000000e+00
1.000000e+00
1.000000e+00
1.000000e+00
1.000000e+00
1.000000e+00
1.000000e+00
1.000000e+00
1.000000e+00
1.000000e+00
1.000000e+00
1.000000e+00
1.000000e+00
1.000000e+00
1.000000e+00
1.000000e+00
1.000000e+00
1.000000e+00
1.000000e+00
1.000000e+00
9.999999e-01
9.999999e-01
9.999998e-01
9.999997e-01
9.999995e-01
9.999992e-01
9.999987e-01
9.999978e-01
9.999964e-01
9.999940e-01
9.999901e-01
9.999837e-01
9.999731e-01
9.999557e-01
9.999270e-01
9.998797e-01
9.998016e-01
9.996729e-01
9.994609e-01
9.991114e-01
9.985358e-01
9.975883e-01
9.960300e-01
9.934713e-01
9.892814e-01
9.824501e-01
9.713908e-01
9.536909e-01
9.258759e-01
8.833970e-01
8.212736e-01
7.359454e-01
6.283162e-01
5.062497e-01
3.834335e-01
2.738850e-01
1.861838e-01
1.218529e-01
7.762946e-02
4.856815e-02
3.003199e-02
1.843314e-02
1.126195e-02
6.861119e-03
4.172744e-03
2.535059e-03
1.539126e-03
9.340930e-04
5.667644e-04
3.438366e-04
2.085757e-04
1.265179e-04
7.674085e-05
4.654705e-05
2.823276e-05
1.712420e-05
1.038645e-05
6.299703e-06
3.820992e-06
2.317536e-06
1.405674e-06
8.525711e-07
5.171244e-07
3.136404e-07
1.902443e-07
1.153794e-07
6.999124e-08
4.244375e-08
2.575220e-08
1.561263e-08
9.477245e-09
5.742364e-09
3.489755e-09
2.111593e-09
1.286861e-09
7.761624e-10
4.762801e-10
2.851046e-10
1.779330e-10
1.046461e-10
6.805112e-11
3.842754e-11
2.752282e-11
1.421580e-11
1.252537e-11
5.441647e-12
6.934286e-12
2.332690e-12
4.815592e-12
1.296296e-12
3.984590e-12
1.012690e-12
3.635592e-12
9.975909e-13
3.471667e-12
1.073475e-12
3.381739e-12
1.176892e-12
3.324674e-12
1.284750e-12
3.284428e-12
1.389611e-12
3.253675e-12
1.488754e-12
3.230749e-12
1.582123e-12
3.213374e-12
1.669720e-12
3.200773e-12
1.752598e-12
3.192113e-12
1.830924e-12
3.187339e-12
1.905198e-12
3.185285e-12
1.975586e-12
3.186285e-12
2.042921e-12
3.189227e-12
2.106870e-12
3.194611e-12
2.168099e-12
3.201550e-12
2.226663e-12
3.210099e-12
2.282952e-12
3.220091e-12
2.337075e-12
3.231360e-12
2.389200e-12
3.243850e-12
2.439604e-12
3.257172e-12
2.488176e-12
3.271050e-12
2.535083e-12
3.285927e-12
2.580713e-12
3.301637e-12
2.624789e-12
3.318068e-12
2.667755e-12
3.334943e-12
2.709499e-12
3.352041e-12
2.750411e-12
3.369693e-12
2.789990e-12
3.388345e-12
2.829292e-12
3.406886e-12
2.867206e-12
3.426037e-12
2.904510e-12
3.445522e-12
2.941147e-12
3.465117e-12
2.977174e-12
3.485157e-12
3.012313e-12
3.505640e-12
3.047229e-12
3.526179e-12
3.081591e-12
3.547274e-12
3.115286e-12
3.567868e-12
3.148148e-12
3.588907e-12
3.180622e-12
3.609724e-12
3.211820e-12
3.630374e-12
3.242961e-12
3.650913e-12
3.272826e-12
3.671008e-12
3.302192e-12
3.690659e-12
3.330336e-12
3.710421e-12
3.358147e-12
3.729295e-12
3.384959e-12
3.748113e-12
3.410938e-12
3.766598e-12
3.436085e-12
3.784306e-12
3.460843e-12
3.802125e-12
3.484713e-12
3.819667e-12
3.508249e-12
3.836931e-12
3.531175e-12
3.854139e-12
3.553824e-12
3.870793e-12
3.575473e-12
3.886946e-12
3.596567e-12
3.902656e-12
3.616552e-12
3.918310e-12
3.636147e-12
3.932799e-12
3.654521e-12
3.946787e-12
3.672229e-12
3.960221e-12
3.689438e-12
3.973488e-12
3.706091e-12
3.986145e-12
3.721967e-12
3.998413e-12
3.737011e-12
4.010126e-12
3.751444e-12
4.021006e-12
3.765321e-12
4.031775e-12
3.778033e-12
4.041878e-12
3.790634e-12
4.051481e-12
3.802458e-12
4.061029e-12
3.814060e-12
4.069467e-12
3.824663e-12
4.078127e-12
3.834766e-12
4.086120e-12
3.844036e-12
4.093614e-12
3.852918e-12
4.100387e-12
3.861023e-12
4.106604e-12
3.868295e-12
4.112155e-12
3.874734e-12
4.117318e-12
3.880840e-12
4.121758e-12
3.886169e-12
4.125811e-12
3.890666e-12
4.128975e-12
3.894329e-12
4.131473e-12
3.897271e-12
4.133527e-12
3.899381e-12
4.134915e-12
3.900824e-12
4.135747e-12
3.901657e-12
4.136025e-12
3.901879e-12
4.135414e-12
