3.491596e-12
3.724743e-12
3.490042e-12
3.722911e-12
3.488210e-12
3.721246e-12
3.485545e-12
3.718748e-12
3.482770e-12
3.716361e-12
3.479217e-12
3.713307e-12
3.475775e-12
3.709866e-12
3.471223e-12
3.706369e-12
3.466560e-12
3.702483e-12
3.461731e-12
3.698375e-12
3.456013e-12
3.693490e-12
3.449574e-12
3.688272e-12
3.443135e-12
3.683109e-12
3.435918e-12
3.677281e-12
3.428646e-12
3.671063e-12
3.420764e-12
3.664791e-12
3.412159e-12
3.658185e-12
3.403111e-12
3.650802e-12
3.393674e-12
3.643474e-12
3.383349e-12
3.635314e-12
3.372747e-12
3.627321e-12
3.361422e-12
3.618550e-12
3.349598e-12
3.609169e-12
3.337164e-12
3.599343e-12
3.323841e-12
3.589185e-12
3.310019e-12
3.578138e-12
3.295253e-12
3.566814e-12
3.279821e-12
3.554657e-12
3.263390e-12
3.542722e-12
3.246903e-12
3.530010e-12
3.229417e-12
3.516798e-12
3.211487e-12
3.503475e-12
3.192668e-12
3.489264e-12
3.173295e-12
3.474776e-12
3.153366e-12
3.460288e-12
3.132494e-12
3.444911e-12
3.111178e-12
3.429590e-12
3.088807e-12
3.413436e-12
3.065770e-12
3.396783e-12
3.042067e-12
3.380018e-12
3.017309e-12
3.362810e-12
2.992273e-12
3.344935e-12
2.965628e-12
3.326728e-12
2.938483e-12
3.307798e-12
2.910394e-12
3.289147e-12
2.881750e-12
3.270217e-12
2.852385e-12
3.250733e-12
2.822242e-12
3.231249e-12
2.790990e-12
3.211487e-12
2.759126e-12
3.191281e-12
2.726319e-12
3.171463e-12
2.692846e-12
3.151535e-12
2.658651e-12
3.131884e-12
2.623901e-12
3.112510e-12
2.588596e-12
3.093303e-12
2.552680e-12
3.074430e-12
2.515876e-12
3.056000e-12
2.478295e-12
3.037570e-12
2.439715e-12
3.019640e-12
2.400080e-12
3.001654e-12
2.359168e-12
2.984724e-12
2.317591e-12
2.968181e-12
2.274958e-12
2.952139e-12
2.231215e-12
2.936706e-12
2.185752e-12
2.922218e-12
2.139400e-12
2.908507e-12
2.091660e-12
2.896128e-12
2.042144e-12
2.884748e-12
1.991129e-12
2.874811e-12
1.938394e-12
2.866318e-12
1.883826e-12
2.859435e-12
1.826872e-12
2.854661e-12
1.767975e-12
2.851719e-12
1.706746e-12
2.851441e-12
1.642242e-12
2.853606e-12
1.575073e-12
2.858991e-12
1.504685e-12
2.868150e-12
1.430689e-12
2.881140e-12
1.352640e-12
2.898459e-12
1.269984e-12
2.921219e-12
1.181888e-12
2.950085e-12
1.088574e-12
2.985889e-12
9.898193e-13
3.032297e-12
8.876788e-13
3.095413e-12
7.902012e-13
3.191225e-12
7.199796e-13
3.361422e-12
7.410739e-13
3.715861e-12
1.030731e-12
4.552803e-12
2.072786e-12
6.677492e-12
5.188072e-12
1.227446e-11
1.396822e-11
2.727829e-11
3.818595e-11
6.781264e-11
1.044107e-10
1.777007e-10
2.848758e-10
4.760544e-10
7.759401e-10
1.286642e-09
2.111378e-09
3.489544e-09
5.742156e-09
9.477040e-09
1.561243e-08
2.575201e-08
4.244355e-08
6.999105e-08
1.153792e-07
1.902441e-07
3.136403e-07
5.171243e-07
8.525709e-07
1.405674e-06
2.317535e-06
3.820992e-06
6.299703e-06
1.038645e-05
1.712420e-05
2.823276e-05
4.654705e-05
7.674085e-05
1.265179e-04
2.085757e-04
3.438366e-04
5.667644e-04
9.340930e-04
1.539126e-03
2.535059e-03
4.172744e-03
6.861119e-03
1.126195e-02
1.843314e-02
3.003199e-02
4.856815e-02
7.762946e-02
1.218529e-01
1.861838e-01
2.738850e-01
3.834335e-01
5.062497e-01
6.283162e-01
7.359454e-01
8.212736e-01
8.833970e-01
9.258759e-01
9.536909e-01
9.713908e-01
9.824501e-01
9.892814e-01
9.934713e-01
9.960300e-01
9.975883e-01
9.985358e-01
9.991114e-01
9.994609e-01
9.996729e-01
9.998016e-01
9.998797e-01
9.999270e-01
9.999557e-01
9.999731e-01
9.999837e-01
9.999901e-01
9.999940e-01
9.999964e-01
9.999978e-01
9.999987e-01
9.999992e-01
9.999995e-01
9.999997e-01
9.999998e-01
9.999999e-01
9.999999e-01
1.000000e+00
1.000000e+00
1.000000e+00
1.000000e+00
1.000000e+00
1.000000e+00
1.000000e+00
1.000000e+00
1.000000e+00
1.000000e+00
1.000000e+00
1.000000e+00
1.000000e+00
1.000000e+00
1.000000e+00
1.000000e+00
1.000000e+00
1.000000e+00
1.000000e+00
1.000000e+00
1.000000e+00
1.000000e+00
1.000000e+00
1.000000e+00
1.000000e+00
1.000000e+00
1.000000e+00
1.000000e+00
1.000000e+00
1.000000e+00
1.000000e+00
1.000000e+00
1.000000e+00
1.000000e+00
1.000000e+00
1.000000e+00
1.000000e+00
1.000000e+00
1.000000e+00
1.000000e+00
1.000000e+00
1.000000e+00
1.000000e+00
1.000000e+00
1.000000e+00
1.000000e+00
1.000000e+00
1.000000e+00
1.000000e+00
1.000000e+00
1.000000e+00
1.000000e+00
1.000000e+00
1.000000e+00
1.000000e+00
1.000000e+00
1.000000e+00
1.000000e+00
1.000000e+00
1.000000e+00
1.000000e+00
1.000000e+00
1.000000e+00
1.000000e+00
1.000000e+00
1.000000e+00
1.000000e+00
1.000000e+00
1.000000e+00
1.000000e+00
1.000000e+00
1.000000e+00
1.000000e+00
1.000000e+00
1.000000e+00
1.000000e+00
1.000000e+00
1.000000e+00
1.000000e+00
1.000000e+00
1.000000e+00
1.000000e+00
1.000000e+00
1.000000e+00
1.000000e+00
1.000000e+00
1.000000e+00
1.000000e+00
1.000000e+00
1.000000e+00
1.000000e+00
1.000000e+00
1.000000e+00
1.000000e+00
1.000000e+00
1.000000e+00
1.000000e+00
1.000000e+00
1.000000e+00
1.000000e+00
1.000000e+00
1.000000e+00
1.000000e+00
1.000000e+00
1.000000e+00
1.000000e+00
1.000000e+00
1.000000e+00
1.000000e+00
1.000000e+00
1.000000e+00
1.000000e+00
1.000000e+00
1.000000e+00
1.000000e+00
1.000000e+00
1.000000e+00
1.000000e+00
1.000000e+00
1.000000e+00
1.000000e+00
1.000000e+00
1.000000e+00
1.000000e+00
1.000000e+00
1.000000e+00
1.000000e+00
1.000000e+00
1.000000e+00
1.000000e+00
1.000000e+00
1.000000e+00
1.000000e+00
1.000000e+00
1.000000e+00
1.000000e+00
1.000000e+00
1.000000e+00
1.000000e+00
1.000000e+00
1.000000e+00
1.000000e+00
1.000000e+00
1.000000e+00
1.000000e+00
1.000000e+00
1.000000e+00
1.000000e+00
1.000000e+00
1.000000e+00
1.000000e+00
1.000000e+00
1.000000e+00
1.000000e+00
1.000000e+00
1.000000e+00
1.000000e+00
1.000000e+00
1.000000e+00
1.000000e+00
1.000000e+00
1.000000e+00
1.000000e+00
1.000000e+00
1.000000e+00
1.000000e+00
1.000000e+00
1.000000e+00
1.000000e+00
1.000000e+00
1.000000e+00
1.000000e+00
1.000000e+00
1.000000e+00
1.000000e+00
1.000000e+00
1.000000e+00
1.000000e+00
1.000000e+00
1.000000e+00
1.000000e+00
1.000000e+00
1.000000e+00
1.000000e+00
1.000000e+00
1.000000e+00
1.000000e+00
1.000000e+00
1.000000e+00
1.000000e+00
1.000000e+00
1.000000e+00
1.000000e+00
1.000000e+00
1.000000e+00
1.000000e+00
1.000000e+00
1.000000e+00
1.000000e+00
1.000000e+00
1.000000e+00
1.000000e+00
1.000000e+00
1.000000e+00
1.000000e+00
1.000000e+00
1.000000e+00
1.000000e+00
1.000000e+00
1.000000e+00
1.000000e+00
1.000000e+00
1.000000e+00
1.000000e+00
1.000000e+00
1.000000e+00
1.000000e+00
1.000000e+00
1.000000e+00
1.000000e+00
1.000000e+00
1.000000e+00
1.000000e+00
1.000000e+00
1.000000e+00
1.000000e+00
1.000000e+00
1.000000e+00
1.000000e+00
1.000000e+00
1.000000e+00
1.000000e+00
1.000000e+00
1.000000e+00
1.000000e+00
1.000000e+00
1.000000e+00
1.000000e+00
1.000000e+00
1.000000e+00
1.000000e+00
1.000000e+00
1.000000e+00
1.000000e+00
1.000000e+00
1.000000e+00
1.000000e+00
1.000000e+00
1.000000e+00
1.000000e+00
1.000000e+00
1.000000e+00
1.000000e+00
1.000000e+00
1.000000e+00
1.000000e+00
1.000000e+00
1.000000e+00
1.000000e+00
1.000000e+00
1.000000e+00
1.000000e+00
1.000000e+00
1.000000e+00
1.000000e+00
1.000000e+00
1.000000e+00
1.000000e+00
1.000000e+00
1.000000e+00
1.000000e+00
1.000000e+00
1.000000e+00
1.000000e+00
1.000000e+00
1.000000e+00
1.000000e+00
1.000000e+00
1.000000e+00
1.000000e+00
1.000000e+00
1.000000e+00
1.000000e+00
1.000000e+00
1.000000e+00
1.000000e+00
1.000000e+00
1.000000e+00
1.000000e+00
1.000000e+00
1.000000e+00
1.000000e+00
1.000000e+00
1.000000e+00
1.000000e+00
1.000000e+00
1.000000e+00
1.000000e+00
1.000000e+00
1.000000e+00
1.000000e+00
1.000000e+00
1.000000e+00
1.000000e+00
1.000000e+00
1.000000e+00
1.000000e+00
1.000000e+00
1.000000e+00
1.000000e+00
1.000000e+00
1.000000e+00
1.000000e+00
1.000000e+00
1.000000e+00
1.000000e+00
1.000000e+00
1.000000e+00
1.000000e+00
1.000000e+00
1.000000e+00
1.000000e+00
1.000000e+00
1.000000e+00
1.000000e+00
1.000000e+00
1.000000e+00
1.000000e+00
1.000000e+00
1.000000e+00
1.000000e+00
1.000000e+00
1.000000e+00
1.000000e+00
1.000000e+00
1.000000e+00
1.000000e+00
1.000000e+00
1.000000e+00
1.000000e+00
1.000000e+00
1.000000e+00
1.000000e+00
1.000000e+00
1.000000e+00
1.000000e+00
1.000000e+00
1.000000e+00
1.000000e+00
1.000000e+00
1.000000e+00
1.000000e+00
1.000000e+00
1.000000e+00
1.000000e+00
1.000000e+00
1.000000e+00
1.000000e+00
1.000000e+00
1.000000e+00
1.000000e+00
1.000000e+00
1.000000e+00
1.000000e+00
1.000000e+00
1.000000e+00
1.000000e+00
1.000000e+00
1.000000e+00
1.000000e+00
1.000000e+00
1.000000e+00
1.000000e+00
1.000000e+00
1.000000e+00
1.000000e+00
1.000000e+00
1.000000e+00
1.000000e+00
1.000000e+00
1.000000e+00
1.000000e+00
1.000000e+00
1.000000e+00
1.000000e+00
1.000000e+00
1.000000e+00
1.000000e+00
1.000000e+00
1.000000e+00
1.000000e+00
1.000000e+00
1.000000e+00
1.000000e+00
1.000000e+00
1.000000e+00
1.000000e+00
1.000000e+00
1.000000e+00
1.000000e+00
1.000000e+00
1.000000e+00
1.000000e+00
1.000000e+00
1.000000e+00
1.000000e+00
1.000000e+00
1.000000e+00
1.000000e+00
1.000000e+00
1.000000e+00
1.000000e+00
1.000000e+00
1.000000e+00
1.000000e+00
1.000000e+00
1.000000e+00
1.000000e+00
1.000000e+00
1.000000e+00
1.000000e+00
1.000000e+00
1.000000e+00
1.000000e+00
1.000000e+00
1.000000e+00
1.000000e+00
1.000000e+00
1.000000e+00
1.000000e+00
1.000000e+00
1.000000e+00
1.000000e+00
1.000000e+00
1.000000e+00
1.000000e+00
1.000000e+00
1.000000e+00
1.000000e+00
1.000000e+00
1.000000e+00
1.000000e+00
1.000000e+00
1.000000e+00
1.000000e+00
1.000000e+00
1.000000e+00
1.000000e+00
1.000000e+00
1.000000e+00
1.000000e+00
1.000000e+00
1.000000e+00
1.000000e+00
1.000000e+00
1.000000e+00
1.000000e+00
1.000000e+00
1.000000e+00
1.000000e+00
1.000000e+00
1.000000e+00
1.000000e+00
1.000000e+00
1.000000e+00
1.000000e+00
1.000000e+00
1.000000e+00
1.000000e+00
1.000000e+00
1.000000e+00
1.000000e+00
1.000000e+00
1.000000e+00
1.000000e+00
1.000000e+00
1.000000e+00
1.000000e+00
1.000000e+00
1.000000e+00
1.000000e+00
1.000000e+00
1.000000e+00
1.000000e+00
1.000000e+00
1.000000e+00
1.000000e+00
1.000000e+00
1.000000e+00
1.000000e+00
1.000000e+00
1.000000e+00
1.000000e+00
1.000000e+00
1.000000e+00
1.000000e+00
1.000000e+00
9.999999e-01
9.999999e-01
9.999998e-01
9.999997e-01
9.999995e-01
9.999992e-01
9.999987e-01
9.999978e-01
9.999964e-01
9.999940e-01
9.999901e-01
9.999837e-01
9.999731e-01
9.999557e-01
9.999270e-01
9.998797e-01
9.998016e-01
9.996729e-01
9.994609e-01
9.991114e-01
9.985358e-01
9.975883e-01
9.960300e-01
9.934713e-01
9.892814e-01
9.824501e-01
9.713908e-01
9.536909e-01
9.258759e-01
8.833970e-01
8.212736e-01
7.359454e-01
6.283162e-01
5.062497e-01
3.834335e-01
2.738850e-01
1.861838e-01
1.218529e-01
7.762946e-02
4.856815e-02
3.003199e-02
1.843314e-02
1.126195e-02
6.861119e-03
4.172744e-03
2.535059e-03
1.539126e-03
9.340930e-04
5.667644e-04
3.438366e-04
2.085757e-04
1.265179e-04
7.674085e-05
4.654705e-05
2.823276e-05
1.712420e-05
1.038645e-05
6.299703e-06
3.820992e-06
2.317535e-06
1.405674e-06
8.525709e-07
5.171243e-07
3.136403e-07
1.902441e-07
1.153793e-07
6.999107e-08
4.244358e-08
2.575204e-08
1.561246e-08
9.477073e-09
5.742190e-09
3.489579e-09
2.111416e-09
1.286681e-09
7.759806e-10
4.760962e-10
2.849189e-10
1.777453e-10
1.044567e-10
6.785983e-11
3.823403e-11
2.732764e-11
1.401840e-11
1.232597e-11
5.240253e-12
6.731005e-12
2.127187e-12
4.608203e-12
1.087186e-12
3.773093e-12
7.991385e-13
3.420153e-12
7.795986e-13
3.251732e-12
8.517076e-13
3.157752e-12
9.509615e-13
3.096579e-12
1.054712e-12
3.052003e-12
1.155354e-12
3.017475e-12
1.250389e-12
2.990441e-12
1.339762e-12
2.968958e-12
1.423583e-12
2.952305e-12
1.502354e-12
2.939815e-12
1.576572e-12
2.930989e-12
1.646960e-12
2.925327e-12
1.713463e-12
2.922107e-12
1.776690e-12
2.921441e-12
1.836864e-12
2.922773e-12
1.894429e-12
2.926048e-12
1.949219e-12
2.930711e-12
2.001455e-12
2.936595e-12
2.051748e-12
2.944311e-12
2.100153e-12
2.952971e-12
2.146838e-12
2.962575e-12
2.191747e-12
2.972900e-12
2.234990e-12
2.984057e-12
2.276901e-12
2.995992e-12
2.317702e-12
3.009093e-12
2.357281e-12
3.022638e-12
2.395806e-12
3.036793e-12
2.433220e-12
3.051448e-12
2.470080e-12
3.066603e-12
2.505829e-12
3.082090e-12
2.540745e-12
3.098077e-12
2.575218e-12
3.114398e-12
2.608358e-12
3.130940e-12
2.641221e-12
3.147871e-12
2.673695e-12
3.165579e-12
2.705558e-12
3.183342e-12
2.737366e-12
3.201439e-12
2.768341e-12
3.219702e-12
2.798595e-12
3.238354e-12
2.828626e-12
3.256340e-12
2.857659e-12
3.274714e-12
2.886080e-12
3.292755e-12
2.913780e-12
3.310963e-12
2.940870e-12
3.328782e-12
2.967071e-12
3.345935e-12
2.992717e-12
3.362810e-12
3.017198e-12
3.379574e-12
3.041400e-12
3.395673e-12
3.064382e-12
3.411604e-12
3.086864e-12
3.426981e-12
3.108624e-12
3.442746e-12
3.130163e-12
3.457901e-12
3.151146e-12
3.473000e-12
3.171574e-12
3.487988e-12
3.191447e-12
3.502365e-12
3.210987e-12
3.516409e-12
3.229750e-12
3.530287e-12
3.247624e-12
3.543610e-12
3.264888e-12
3.556766e-12
3.281375e-12
3.569034e-12
3.297751e-12
3.581080e-12
3.313072e-12
3.592571e-12
3.327616e-12
3.603839e-12
3.341938e-12
3.614220e-12
3.354816e-12
3.623990e-12
3.367306e-12
3.633094e-12
3.379297e-12
3.642420e-12
3.390510e-12
3.651024e-12
3.401612e-12
3.659406e-12
3.411882e-12
3.667511e-12
3.421707e-12
3.674894e-12
3.431089e-12
3.681777e-12
3.439693e-12
3.688716e-12
3.447798e-12
3.694711e-12
3.455125e-12
3.700651e-12
3.461897e-12
3.705591e-12
3.468004e-12
3.710143e-12
3.473499e-12
3.714140e-12
3.478384e-12
3.717970e-12
3.482548e-12
3.720857e-12
3.485934e-12
3.723244e-12
3.488598e-12
3.724465e-12
3.490319e-12
3.726131e-12
3.491873e-12
3.726575e-12
3.492540e-12
3.726630e-12
3.492595e-12
3.726186e-12
