3.157585e-12
3.390732e-12
3.156031e-12
3.388956e-12
3.154033e-12
3.387179e-12
3.151313e-12
3.384681e-12
3.148537e-12
3.382017e-12
3.145206e-12
3.378964e-12
3.140932e-12
3.375467e-12
3.136713e-12
3.371359e-12
3.131717e-12
3.367695e-12
3.126888e-12
3.363532e-12
3.121503e-12
3.359202e-12
3.115730e-12
3.354428e-12
3.109513e-12
3.349598e-12
3.102907e-12
3.344214e-12
3.095690e-12
3.338663e-12
3.088030e-12
3.332612e-12
3.080092e-12
3.325895e-12
3.071265e-12
3.319178e-12
3.062051e-12
3.311962e-12
3.052059e-12
3.304246e-12
3.041789e-12
3.296308e-12
3.031075e-12
3.287981e-12
3.019474e-12
3.279266e-12
3.007317e-12
3.269884e-12
2.994605e-12
3.260225e-12
2.981226e-12
3.250011e-12
2.967182e-12
3.239242e-12
2.952416e-12
3.227918e-12
2.936928e-12
3.216483e-12
2.920941e-12
3.204437e-12
2.904343e-12
3.192169e-12
2.886968e-12
3.179346e-12
2.869149e-12
3.166023e-12
2.850442e-12
3.152367e-12
2.831291e-12
3.138600e-12
2.811085e-12
3.124168e-12
2.790601e-12
3.109624e-12
2.769507e-12
3.094691e-12
2.747635e-12
3.079093e-12
2.724709e-12
3.063161e-12
2.701228e-12
3.047229e-12
2.677136e-12
3.030687e-12
2.652156e-12
3.013756e-12
2.626288e-12
2.996603e-12
2.599865e-12
2.979172e-12
2.572664e-12
2.961686e-12
2.544631e-12
2.943590e-12
2.515876e-12
2.925549e-12
2.486178e-12
2.907119e-12
2.455591e-12
2.888745e-12
2.424394e-12
2.870204e-12
2.392364e-12
2.851830e-12
2.360001e-12
2.833733e-12
2.326916e-12
2.816247e-12
2.293388e-12
2.798650e-12
2.258860e-12
2.781608e-12
2.223888e-12
2.764733e-12
2.188028e-12
2.748413e-12
2.151557e-12
2.732425e-12
2.113976e-12
2.716993e-12
2.075673e-12
2.702005e-12
2.036205e-12
2.687794e-12
1.995792e-12
2.674194e-12
1.954326e-12
2.661205e-12
1.911415e-12
2.648770e-12
1.867229e-12
2.637668e-12
1.821709e-12
2.627565e-12
1.774525e-12
2.618517e-12
1.726008e-12
2.610967e-12
1.675826e-12
2.604972e-12
1.623479e-12
2.600697e-12
1.569467e-12
2.598144e-12
1.513012e-12
2.598366e-12
1.454670e-12
2.600864e-12
1.393552e-12
2.606360e-12
1.329270e-12
2.614797e-12
1.262157e-12
2.627010e-12
1.191436e-12
2.643386e-12
1.116607e-12
2.664258e-12
1.037115e-12
2.690292e-12
9.528489e-13
2.722211e-12
8.626988e-13
2.762013e-12
7.674417e-13
2.811640e-12
6.685208e-13
2.877865e-12
5.744294e-13
2.977119e-12
5.078715e-13
3.150813e-12
5.326295e-13
3.509193e-12
8.257284e-13
4.349854e-12
1.871781e-12
6.478207e-12
4.990508e-12
1.207928e-11
1.377493e-11
2.708705e-11
3.799661e-11
6.762552e-11
1.042255e-10
1.775175e-10
2.846944e-10
4.758751e-10
7.757627e-10
1.286467e-09
2.111205e-09
3.489372e-09
5.741986e-09
9.476873e-09
1.561226e-08
2.575184e-08
4.244339e-08
6.999089e-08
1.153791e-07
1.902439e-07
3.136401e-07
5.171241e-07
8.525708e-07
1.405674e-06
2.317535e-06
3.820992e-06
6.299702e-06
1.038645e-05
1.712420e-05
2.823276e-05
4.654705e-05
7.674085e-05
1.265179e-04
2.085757e-04
3.438366e-04
5.667644e-04
9.340930e-04
1.539126e-03
2.535059e-03
4.172744e-03
6.861119e-03
1.126195e-02
1.843314e-02
3.003199e-02
4.856815e-02
7.762946e-02
1.218529e-01
1.861838e-01
2.738850e-01
3.834335e-01
5.062497e-01
6.283162e-01
7.359454e-01
8.212736e-01
8.833970e-01
9.258759e-01
9.536909e-01
9.713908e-01
9.824501e-01
9.892814e-01
9.934713e-01
9.960300e-01
9.975883e-01
9.985358e-01
9.991114e-01
9.994609e-01
9.996729e-01
9.998016e-01
9.998797e-01
9.999270e-01
9.999557e-01
9.999731e-01
9.999837e-01
9.999901e-01
9.999940e-01
9.999964e-01
9.999978e-01
9.999987e-01
9.999992e-01
9.999995e-01
9.999997e-01
9.999998e-01
9.999999e-01
9.999999e-01
1.000000e+00
1.000000e+00
1.000000e+00
1.000000e+00
1.000000e+00
1.000000e+00
1.000000e+00
1.000000e+00
1.000000e+00
1.000000e+00
1.000000e+00
1.000000e+00
1.000000e+00
1.000000e+00
1.000000e+00
1.000000e+00
1.000000e+00
1.000000e+00
1.000000e+00
1.000000e+00
1.000000e+00
1.000000e+00
1.000000e+00
1.000000e+00
1.000000e+00
1.000000e+00
1.000000e+00
1.000000e+00
1.000000e+00
1.000000e+00
1.000000e+00
1.000000e+00
1.000000e+00
1.000000e+00
1.000000e+00
1.000000e+00
1.000000e+00
1.000000e+00
1.000000e+00
1.000000e+00
1.000000e+00
1.000000e+00
1.000000e+00
1.000000e+00
1.000000e+00
1.000000e+00
1.000000e+00
1.000000e+00
1.000000e+00
1.000000e+00
1.000000e+00
1.000000e+00
1.000000e+00
1.000000e+00
1.000000e+00
1.000000e+00
1.000000e+00
1.000000e+00
1.000000e+00
1.000000e+00
1.000000e+00
1.000000e+00
1.000000e+00
1.000000e+00
1.000000e+00
1.000000e+00
1.000000e+00
1.000000e+00
1.000000e+00
1.000000e+00
1.000000e+00
1.000000e+00
1.000000e+00
1.000000e+00
1.000000e+00
1.000000e+00
1.000000e+00
1.000000e+00
1.000000e+00
1.000000e+00
1.000000e+00
1.000000e+00
1.000000e+00
1.000000e+00
1.000000e+00
1.000000e+00
1.000000e+00
1.000000e+00
1.000000e+00
1.000000e+00
1.000000e+00
1.000000e+00
1.000000e+00
1.000000e+00
1.000000e+00
1.000000e+00
1.000000e+00
1.000000e+00
1.000000e+00
1.000000e+00
1.000000e+00
1.000000e+00
1.000000e+00
1.000000e+00
1.000000e+00
1.000000e+00
1.000000e+00
1.000000e+00
1.000000e+00
1.000000e+00
1.000000e+00
1.000000e+00
1.000000e+00
1.000000e+00
1.000000e+00
1.000000e+00
1.000000e+00
1.000000e+00
1.000000e+00
1.000000e+00
1.000000e+00
1.000000e+00
1.000000e+00
1.000000e+00
1.000000e+00
1.000000e+00
1.000000e+00
1.000000e+00
1.000000e+00
1.000000e+00
1.000000e+00
1.000000e+00
1.000000e+00
1.000000e+00
1.000000e+00
1.000000e+00
1.000000e+00
1.000000e+00
1.000000e+00
1.000000e+00
1.000000e+00
1.000000e+00
1.000000e+00
1.000000e+00
1.000000e+00
1.000000e+00
1.000000e+00
1.000000e+00
1.000000e+00
1.000000e+00
1.000000e+00
1.000000e+00
1.000000e+00
1.000000e+00
1.000000e+00
1.000000e+00
1.000000e+00
1.000000e+00
1.000000e+00
1.000000e+00
1.000000e+00
1.000000e+00
1.000000e+00
1.000000e+00
1.000000e+00
1.000000e+00
1.000000e+00
1.000000e+00
1.000000e+00
1.000000e+00
1.000000e+00
1.000000e+00
1.000000e+00
1.000000e+00
1.000000e+00
1.000000e+00
1.000000e+00
1.000000e+00
1.000000e+00
1.000000e+00
1.000000e+00
1.000000e+00
1.000000e+00
1.000000e+00
1.000000e+00
1.000000e+00
1.000000e+00
1.000000e+00
1.000000e+00
1.000000e+00
1.000000e+00
1.000000e+00
1.000000e+00
1.000000e+00
1.000000e+00
1.000000e+00
1.000000e+00
1.000000e+00
1.000000e+00
1.000000e+00
1.000000e+00
1.000000e+00
1.000000e+00
1.000000e+00
1.000000e+00
1.000000e+00
1.000000e+00
1.000000e+00
1.000000e+00
1.000000e+00
1.000000e+00
1.000000e+00
1.000000e+00
1.000000e+00
1.000000e+00
1.000000e+00
1.000000e+00
1.000000e+00
1.000000e+00
1.000000e+00
1.000000e+00
1.000000e+00
1.000000e+00
1.000000e+00
1.000000e+00
1.000000e+00
1.000000e+00
1.000000e+00
1.000000e+00
1.000000e+00
1.000000e+00
1.000000e+00
1.000000e+00
1.000000e+00
1.000000e+00
1.000000e+00
1.000000e+00
1.000000e+00
1.000000e+00
1.000000e+00
1.000000e+00
1.000000e+00
1.000000e+00
1.000000e+00
1.000000e+00
1.000000e+00
1.000000e+00
1.000000e+00
1.000000e+00
1.000000e+00
1.000000e+00
1.000000e+00
1.000000e+00
1.000000e+00
1.000000e+00
1.000000e+00
1.000000e+00
1.000000e+00
1.000000e+00
1.000000e+00
1.000000e+00
1.000000e+00
1.000000e+00
1.000000e+00
1.000000e+00
1.000000e+00
1.000000e+00
1.000000e+00
1.000000e+00
1.000000e+00
1.000000e+00
1.000000e+00
1.000000e+00
1.000000e+00
1.000000e+00
1.000000e+00
1.000000e+00
1.000000e+00
1.000000e+00
1.000000e+00
1.000000e+00
1.000000e+00
1.000000e+00
1.000000e+00
1.000000e+00
1.000000e+00
1.000000e+00
1.000000e+00
1.000000e+00
1.000000e+00
1.000000e+00
1.000000e+00
1.000000e+00
1.000000e+00
1.000000e+00
1.000000e+00
1.000000e+00
1.000000e+00
1.000000e+00
1.000000e+00
1.000000e+00
1.000000e+00
1.000000e+00
1.000000e+00
1.000000e+00
1.000000e+00
1.000000e+00
1.000000e+00
1.000000e+00
1.000000e+00
1.000000e+00
1.000000e+00
1.000000e+00
1.000000e+00
1.000000e+00
1.000000e+00
1.000000e+00
1.000000e+00
1.000000e+00
1.000000e+00
1.000000e+00
1.000000e+00
1.000000e+00
1.000000e+00
1.000000e+00
1.000000e+00
1.000000e+00
1.000000e+00
1.000000e+00
1.000000e+00
1.000000e+00
1.000000e+00
1.000000e+00
1.000000e+00
1.000000e+00
1.000000e+00
1.000000e+00
1.000000e+00
1.000000e+00
1.000000e+00
1.000000e+00
1.000000e+00
1.000000e+00
1.000000e+00
1.000000e+00
1.000000e+00
1.000000e+00
1.000000e+00
1.000000e+00
1.000000e+00
1.000000e+00
1.000000e+00
1.000000e+00
1.000000e+00
1.000000e+00
1.000000e+00
1.000000e+00
1.000000e+00
1.000000e+00
1.000000e+00
1.000000e+00
1.000000e+00
1.000000e+00
1.000000e+00
1.000000e+00
1.000000e+00
1.000000e+00
1.000000e+00
1.000000e+00
1.000000e+00
1.000000e+00
1.000000e+00
1.000000e+00
1.000000e+00
1.000000e+00
1.000000e+00
1.000000e+00
1.000000e+00
1.000000e+00
1.000000e+00
1.000000e+00
1.000000e+00
1.000000e+00
1.000000e+00
1.000000e+00
1.000000e+00
1.000000e+00
1.000000e+00
1.000000e+00
1.000000e+00
1.000000e+00
1.000000e+00
1.000000e+00
1.000000e+00
1.000000e+00
1.000000e+00
1.000000e+00
1.000000e+00
1.000000e+00
1.000000e+00
1.000000e+00
1.000000e+00
1.000000e+00
1.000000e+00
1.000000e+00
1.000000e+00
1.000000e+00
1.000000e+00
1.000000e+00
1.000000e+00
1.000000e+00
1.000000e+00
1.000000e+00
1.000000e+00
1.000000e+00
1.000000e+00
1.000000e+00
1.000000e+00
1.000000e+00
1.000000e+00
1.000000e+00
1.000000e+00
1.000000e+00
1.000000e+00
1.000000e+00
1.000000e+00
1.000000e+00
1.000000e+00
1.000000e+00
1.000000e+00
1.000000e+00
1.000000e+00
1.000000e+00
1.000000e+00
1.000000e+00
1.000000e+00
1.000000e+00
1.000000e+00
1.000000e+00
1.000000e+00
1.000000e+00
1.000000e+00
1.000000e+00
1.000000e+00
1.000000e+00
1.000000e+00
1.000000e+00
1.000000e+00
1.000000e+00
1.000000e+00
1.000000e+00
1.000000e+00
1.000000e+00
1.000000e+00
1.000000e+00
1.000000e+00
1.000000e+00
1.000000e+00
1.000000e+00
1.000000e+00
1.000000e+00
1.000000e+00
1.000000e+00
1.000000e+00
1.000000e+00
1.000000e+00
1.000000e+00
1.000000e+00
1.000000e+00
1.000000e+00
1.000000e+00
1.000000e+00
1.000000e+00
1.000000e+00
1.000000e+00
1.000000e+00
1.000000e+00
1.000000e+00
1.000000e+00
1.000000e+00
1.000000e+00
1.000000e+00
1.000000e+00
1.000000e+00
1.000000e+00
1.000000e+00
1.000000e+00
1.000000e+00
1.000000e+00
1.000000e+00
1.000000e+00
1.000000e+00
1.000000e+00
1.000000e+00
1.000000e+00
1.000000e+00
1.000000e+00
9.999999e-01
9.999999e-01
9.999998e-01
9.999997e-01
9.999995e-01
9.999992e-01
9.999987e-01
9.999978e-01
9.999964e-01
9.999940e-01
9.999901e-01
9.999837e-01
9.999731e-01
9.999557e-01
9.999270e-01
9.998797e-01
9.998016e-01
9.996729e-01
9.994609e-01
9.991114e-01
9.985358e-01
9.975883e-01
9.960300e-01
9.934713e-01
9.892814e-01
9.824501e-01
9.713908e-01
9.536909e-01
9.258759e-01
8.833970e-01
8.212736e-01
7.359454e-01
6.283162e-01
5.062497e-01
3.834335e-01
2.738850e-01
1.861838e-01
1.218529e-01
7.762946e-02
4.856815e-02
3.003199e-02
1.843314e-02
1.126195e-02
6.861119e-03
4.172744e-03
2.535059e-03
1.539126e-03
9.340930e-04
5.667644e-04
3.438366e-04
2.085757e-04
1.265179e-04
7.674085e-05
4.654705e-05
2.823276e-05
1.712420e-05
1.038645e-05
6.299703e-06
3.820992e-06
2.317535e-06
1.405674e-06
8.525708e-07
5.171241e-07
3.136401e-07
1.902440e-07
1.153791e-07
6.999091e-08
4.244342e-08
2.575187e-08
1.561229e-08
9.476905e-09
5.742020e-09
3.489407e-09
2.111242e-09
1.286505e-09
7.758026e-10
4.759161e-10
2.847368e-10
1.775611e-10
1.042703e-10
6.767148e-11
3.804390e-11
2.713535e-11
1.382433e-11
1.212969e-11
5.041911e-12
6.530609e-12
1.925071e-12
4.404088e-12
8.810175e-13
3.565148e-12
5.894729e-13
3.208545e-12
5.662693e-13
3.036738e-12
6.348810e-13
2.939204e-12
7.308043e-13
2.874589e-12
8.310019e-13
2.826406e-12
9.280909e-13
2.788492e-12
1.019795e-12
2.757961e-12
1.105616e-12
2.733258e-12
1.186162e-12
2.713274e-12
1.261657e-12
2.697564e-12
1.332823e-12
2.685574e-12
1.400269e-12
2.676970e-12
1.463940e-12
2.670864e-12
1.524003e-12
2.667311e-12
1.581402e-12
2.665868e-12
1.636136e-12
2.666478e-12
1.688427e-12
2.668588e-12
1.738332e-12
2.672307e-12
1.786127e-12
2.677469e-12
1.832312e-12
2.683742e-12
1.876443e-12
2.691070e-12
1.918965e-12
2.699174e-12
1.959877e-12
2.707945e-12
1.999623e-12
2.717715e-12
2.038036e-12
2.728429e-12
2.075229e-12
2.739753e-12
2.111922e-12
2.751910e-12
2.147671e-12
2.764622e-12
2.182032e-12
2.777611e-12
2.215950e-12
2.791212e-12
2.249034e-12
2.805534e-12
2.281619e-12
2.820244e-12
2.313427e-12
2.835288e-12
2.344902e-12
2.850831e-12
2.375877e-12
2.866984e-12
2.406519e-12
2.883194e-12
2.436384e-12
2.899792e-12
2.465750e-12
2.916611e-12
2.494893e-12
2.933487e-12
2.523148e-12
2.950418e-12
2.550959e-12
2.967182e-12
2.577827e-12
2.983780e-12
2.604084e-12
3.000378e-12
2.629896e-12
3.016920e-12
2.654876e-12
3.033018e-12
2.678857e-12
3.048728e-12
2.702616e-12
3.064216e-12
2.725542e-12
3.079481e-12
2.747802e-12
3.094691e-12
2.769340e-12
3.109124e-12
2.790324e-12
3.123779e-12
2.810641e-12
3.137823e-12
2.830569e-12
3.151923e-12
2.849943e-12
3.165634e-12
2.868761e-12
3.178957e-12
2.887079e-12
3.192224e-12
2.905010e-12
3.205214e-12
2.921940e-12
3.217704e-12
2.938594e-12
3.230194e-12
2.954859e-12
3.241796e-12
2.970180e-12
3.253064e-12
2.984724e-12
3.264000e-12
2.998657e-12
3.274325e-12
3.012257e-12
3.284373e-12
3.024969e-12
3.293865e-12
3.037015e-12
3.302858e-12
3.048728e-12
3.311629e-12
3.059886e-12
3.320066e-12
3.070544e-12
3.327949e-12
3.080258e-12
3.335554e-12
3.089862e-12
3.342548e-12
3.098632e-12
3.349210e-12
3.106959e-12
3.355649e-12
3.114675e-12
3.361644e-12
3.122058e-12
3.367251e-12
3.128553e-12
3.372302e-12
3.134659e-12
3.376466e-12
3.139877e-12
3.380407e-12
3.144540e-12
3.383738e-12
3.148426e-12
3.386513e-12
3.151701e-12
3.388734e-12
3.154477e-12
3.390621e-12
3.156475e-12
3.391953e-12
3.157863e-12
3.392675e-12
3.158418e-12
3.392786e-12
3.158473e-12
3.392120e-12
