2.562950e-12
2.796319e-12
2.561673e-12
2.794820e-12
2.559841e-12
2.793266e-12
2.557510e-12
2.791045e-12
2.554956e-12
2.788658e-12
2.551848e-12
2.786105e-12
2.548572e-12
2.783218e-12
2.545075e-12
2.780332e-12
2.541245e-12
2.777667e-12
2.537470e-12
2.774669e-12
2.533140e-12
2.771283e-12
2.528366e-12
2.767730e-12
2.523481e-12
2.764122e-12
2.517819e-12
2.760181e-12
2.512657e-12
2.756295e-12
2.506440e-12
2.751799e-12
2.500111e-12
2.747136e-12
2.493117e-12
2.742029e-12
2.485734e-12
2.736644e-12
2.477463e-12
2.730871e-12
2.469192e-12
2.724820e-12
2.460421e-12
2.718326e-12
2.450817e-12
2.711609e-12
2.440770e-12
2.704614e-12
2.430445e-12
2.697398e-12
2.419620e-12
2.689349e-12
2.407741e-12
2.680911e-12
2.395140e-12
2.672251e-12
2.382483e-12
2.663203e-12
2.368883e-12
2.653988e-12
2.355116e-12
2.644385e-12
2.340517e-12
2.634504e-12
2.325751e-12
2.624012e-12
2.309763e-12
2.613076e-12
2.293443e-12
2.602141e-12
2.275957e-12
2.590483e-12
2.258527e-12
2.578660e-12
2.239930e-12
2.566392e-12
2.220890e-12
2.553957e-12
2.201128e-12
2.541189e-12
2.180922e-12
2.528533e-12
2.160105e-12
2.515377e-12
2.138567e-12
2.501555e-12
2.115641e-12
2.487899e-12
2.092659e-12
2.473799e-12
2.068679e-12
2.459810e-12
2.044476e-12
2.445322e-12
2.019107e-12
2.430833e-12
1.993128e-12
2.416123e-12
1.966427e-12
2.401190e-12
1.938838e-12
2.386369e-12
1.910083e-12
2.371547e-12
1.881550e-12
2.357226e-12
1.852074e-12
2.343070e-12
1.822098e-12
2.329248e-12
1.791289e-12
2.315925e-12
1.760259e-12
2.303324e-12
1.728562e-12
2.290723e-12
1.695866e-12
2.278566e-12
1.662170e-12
2.267297e-12
1.627920e-12
2.256417e-12
1.592504e-12
2.246481e-12
1.556810e-12
2.237155e-12
1.519285e-12
2.228440e-12
1.480926e-12
2.220613e-12
1.441125e-12
2.213674e-12
1.399936e-12
2.207956e-12
1.357192e-12
2.203293e-12
1.313061e-12
2.200018e-12
1.267098e-12
2.198464e-12
1.219358e-12
2.198686e-12
1.169620e-12
2.200629e-12
1.117939e-12
2.205403e-12
1.063927e-12
2.212619e-12
1.007416e-12
2.222333e-12
9.477974e-13
2.235601e-12
8.851808e-13
2.252531e-12
8.188450e-13
2.273626e-12
7.490675e-13
2.299272e-12
6.741829e-13
2.329581e-12
5.943579e-13
2.366385e-12
5.089262e-13
2.410461e-12
4.182210e-13
2.464917e-12
3.241296e-13
2.536082e-12
2.350342e-13
2.640332e-12
1.732503e-13
2.818579e-12
2.031153e-13
3.182121e-12
5.012102e-13
4.027945e-12
1.552702e-12
6.162015e-12
4.676926e-12
1.176831e-11
1.346651e-11
2.678124e-11
3.769351e-11
6.732526e-11
1.039282e-10
1.772230e-10
2.844028e-10
4.755863e-10
7.754770e-10
1.286184e-09
2.110925e-09
3.489095e-09
5.741712e-09
9.476601e-09
1.561199e-08
2.575158e-08
4.244313e-08
6.999063e-08
1.153788e-07
1.902437e-07
3.136399e-07
5.171239e-07
8.525705e-07
1.405674e-06
2.317535e-06
3.820992e-06
6.299702e-06
1.038645e-05
1.712420e-05
2.823276e-05
4.654705e-05
7.674085e-05
1.265179e-04
2.085757e-04
3.438366e-04
5.667644e-04
9.340930e-04
1.539126e-03
2.535059e-03
4.172744e-03
6.861119e-03
1.126195e-02
1.843314e-02
3.003199e-02
4.856815e-02
7.762946e-02
1.218529e-01
1.861838e-01
2.738850e-01
3.834335e-01
5.062497e-01
6.283162e-01
7.359454e-01
8.212736e-01
8.833970e-01
9.258759e-01
9.536909e-01
9.713908e-01
9.824501e-01
9.892814e-01
9.934713e-01
9.960300e-01
9.975883e-01
9.985358e-01
9.991114e-01
9.994609e-01
9.996729e-01
9.998016e-01
9.998797e-01
9.999270e-01
9.999557e-01
9.999731e-01
9.999837e-01
9.999901e-01
9.999940e-01
9.999964e-01
9.999978e-01
9.999987e-01
9.999992e-01
9.999995e-01
9.999997e-01
9.999998e-01
9.999999e-01
9.999999e-01
1.000000e+00
1.000000e+00
1.000000e+00
1.000000e+00
1.000000e+00
1.000000e+00
1.000000e+00
1.000000e+00
1.000000e+00
1.000000e+00
1.000000e+00
1.000000e+00
1.000000e+00
1.000000e+00
1.000000e+00
1.000000e+00
1.000000e+00
1.000000e+00
1.000000e+00
1.000000e+00
1.000000e+00
1.000000e+00
1.000000e+00
1.000000e+00
1.000000e+00
1.000000e+00
1.000000e+00
1.000000e+00
1.000000e+00
1.000000e+00
1.000000e+00
1.000000e+00
1.000000e+00
1.000000e+00
1.000000e+00
1.000000e+00
1.000000e+00
1.000000e+00
1.000000e+00
1.000000e+00
1.000000e+00
1.000000e+00
1.000000e+00
1.000000e+00
1.000000e+00
1.000000e+00
1.000000e+00
1.000000e+00
1.000000e+00
1.000000e+00
1.000000e+00
1.000000e+00
1.000000e+00
1.000000e+00
1.000000e+00
1.000000e+00
1.000000e+00
1.000000e+00
1.000000e+00
1.000000e+00
1.000000e+00
1.000000e+00
1.000000e+00
1.000000e+00
1.000000e+00
1.000000e+00
1.000000e+00
1.000000e+00
1.000000e+00
1.000000e+00
1.000000e+00
1.000000e+00
1.000000e+00
1.000000e+00
1.000000e+00
1.000000e+00
1.000000e+00
1.000000e+00
1.000000e+00
1.000000e+00
1.000000e+00
1.000000e+00
1.000000e+00
1.000000e+00
1.000000e+00
1.000000e+00
1.000000e+00
1.000000e+00
1.000000e+00
1.000000e+00
1.000000e+00
1.000000e+00
1.000000e+00
1.000000e+00
1.000000e+00
1.000000e+00
1.000000e+00
1.000000e+00
1.000000e+00
1.000000e+00
1.000000e+00
1.000000e+00
1.000000e+00
1.000000e+00
1.000000e+00
1.000000e+00
1.000000e+00
1.000000e+00
1.000000e+00
1.000000e+00
1.000000e+00
1.000000e+00
1.000000e+00
1.000000e+00
1.000000e+00
1.000000e+00
1.000000e+00
1.000000e+00
1.000000e+00
1.000000e+00
1.000000e+00
1.000000e+00
1.000000e+00
1.000000e+00
1.000000e+00
1.000000e+00
1.000000e+00
1.000000e+00
1.000000e+00
1.000000e+00
1.000000e+00
1.000000e+00
1.000000e+00
1.000000e+00
1.000000e+00
1.000000e+00
1.000000e+00
1.000000e+00
1.000000e+00
1.000000e+00
1.000000e+00
1.000000e+00
1.000000e+00
1.000000e+00
1.000000e+00
1.000000e+00
1.000000e+00
1.000000e+00
1.000000e+00
1.000000e+00
1.000000e+00
1.000000e+00
1.000000e+00
1.000000e+00
1.000000e+00
1.000000e+00
1.000000e+00
1.000000e+00
1.000000e+00
1.000000e+00
1.000000e+00
1.000000e+00
1.000000e+00
1.000000e+00
1.000000e+00
1.000000e+00
1.000000e+00
1.000000e+00
1.000000e+00
1.000000e+00
1.000000e+00
1.000000e+00
1.000000e+00
1.000000e+00
1.000000e+00
1.000000e+00
1.000000e+00
1.000000e+00
1.000000e+00
1.000000e+00
1.000000e+00
1.000000e+00
1.000000e+00
1.000000e+00
1.000000e+00
1.000000e+00
1.000000e+00
1.000000e+00
1.000000e+00
1.000000e+00
1.000000e+00
1.000000e+00
1.000000e+00
1.000000e+00
1.000000e+00
1.000000e+00
1.000000e+00
1.000000e+00
1.000000e+00
1.000000e+00
1.000000e+00
1.000000e+00
1.000000e+00
1.000000e+00
1.000000e+00
1.000000e+00
1.000000e+00
1.000000e+00
1.000000e+00
1.000000e+00
1.000000e+00
1.000000e+00
1.000000e+00
1.000000e+00
1.000000e+00
1.000000e+00
1.000000e+00
1.000000e+00
1.000000e+00
1.000000e+00
1.000000e+00
1.000000e+00
1.000000e+00
1.000000e+00
1.000000e+00
1.000000e+00
1.000000e+00
1.000000e+00
1.000000e+00
1.000000e+00
1.000000e+00
1.000000e+00
1.000000e+00
1.000000e+00
1.000000e+00
1.000000e+00
1.000000e+00
1.000000e+00
1.000000e+00
1.000000e+00
1.000000e+00
1.000000e+00
1.000000e+00
1.000000e+00
1.000000e+00
1.000000e+00
1.000000e+00
1.000000e+00
1.000000e+00
1.000000e+00
1.000000e+00
1.000000e+00
1.000000e+00
1.000000e+00
1.000000e+00
1.000000e+00
1.000000e+00
1.000000e+00
1.000000e+00
1.000000e+00
1.000000e+00
1.000000e+00
1.000000e+00
1.000000e+00
1.000000e+00
1.000000e+00
1.000000e+00
1.000000e+00
1.000000e+00
1.000000e+00
1.000000e+00
1.000000e+00
1.000000e+00
1.000000e+00
1.000000e+00
1.000000e+00
1.000000e+00
1.000000e+00
1.000000e+00
1.000000e+00
1.000000e+00
1.000000e+00
1.000000e+00
1.000000e+00
1.000000e+00
1.000000e+00
1.000000e+00
1.000000e+00
1.000000e+00
1.000000e+00
1.000000e+00
1.000000e+00
1.000000e+00
1.000000e+00
1.000000e+00
1.000000e+00
1.000000e+00
1.000000e+00
1.000000e+00
1.000000e+00
1.000000e+00
1.000000e+00
1.000000e+00
1.000000e+00
1.000000e+00
1.000000e+00
1.000000e+00
1.000000e+00
1.000000e+00
1.000000e+00
1.000000e+00
1.000000e+00
1.000000e+00
1.000000e+00
1.000000e+00
1.000000e+00
1.000000e+00
1.000000e+00
1.000000e+00
1.000000e+00
1.000000e+00
1.000000e+00
1.000000e+00
1.000000e+00
1.000000e+00
1.000000e+00
1.000000e+00
1.000000e+00
1.000000e+00
1.000000e+00
1.000000e+00
1.000000e+00
1.000000e+00
1.000000e+00
1.000000e+00
1.000000e+00
1.000000e+00
1.000000e+00
1.000000e+00
1.000000e+00
1.000000e+00
1.000000e+00
1.000000e+00
1.000000e+00
1.000000e+00
1.000000e+00
1.000000e+00
1.000000e+00
1.000000e+00
1.000000e+00
1.000000e+00
1.000000e+00
1.000000e+00
1.000000e+00
1.000000e+00
1.000000e+00
1.000000e+00
1.000000e+00
1.000000e+00
1.000000e+00
1.000000e+00
1.000000e+00
1.000000e+00
1.000000e+00
1.000000e+00
1.000000e+00
1.000000e+00
1.000000e+00
1.000000e+00
1.000000e+00
1.000000e+00
1.000000e+00
1.000000e+00
1.000000e+00
1.000000e+00
1.000000e+00
1.000000e+00
1.000000e+00
1.000000e+00
1.000000e+00
1.000000e+00
1.000000e+00
1.000000e+00
1.000000e+00
1.000000e+00
1.000000e+00
1.000000e+00
1.000000e+00
1.000000e+00
1.000000e+00
1.000000e+00
1.000000e+00
1.000000e+00
1.000000e+00
1.000000e+00
1.000000e+00
1.000000e+00
1.000000e+00
1.000000e+00
1.000000e+00
1.000000e+00
1.000000e+00
1.000000e+00
1.000000e+00
1.000000e+00
1.000000e+00
1.000000e+00
1.000000e+00
1.000000e+00
1.000000e+00
1.000000e+00
1.000000e+00
1.000000e+00
1.000000e+00
1.000000e+00
1.000000e+00
1.000000e+00
1.000000e+00
1.000000e+00
1.000000e+00
1.000000e+00
1.000000e+00
1.000000e+00
1.000000e+00
1.000000e+00
1.000000e+00
1.000000e+00
1.000000e+00
1.000000e+00
1.000000e+00
1.000000e+00
1.000000e+00
1.000000e+00
1.000000e+00
1.000000e+00
1.000000e+00
1.000000e+00
1.000000e+00
1.000000e+00
1.000000e+00
1.000000e+00
1.000000e+00
1.000000e+00
1.000000e+00
1.000000e+00
1.000000e+00
1.000000e+00
1.000000e+00
1.000000e+00
1.000000e+00
1.000000e+00
1.000000e+00
1.000000e+00
1.000000e+00
1.000000e+00
1.000000e+00
1.000000e+00
1.000000e+00
1.000000e+00
1.000000e+00
1.000000e+00
1.000000e+00
1.000000e+00
1.000000e+00
1.000000e+00
1.000000e+00
1.000000e+00
1.000000e+00
1.000000e+00
1.000000e+00
1.000000e+00
1.000000e+00
1.000000e+00
1.000000e+00
1.000000e+00
1.000000e+00
1.000000e+00
1.000000e+00
1.000000e+00
1.000000e+00
1.000000e+00
1.000000e+00
1.000000e+00
1.000000e+00
1.000000e+00
1.000000e+00
1.000000e+00
1.000000e+00
1.000000e+00
1.000000e+00
1.000000e+00
1.000000e+00
1.000000e+00
1.000000e+00
1.000000e+00
1.000000e+00
1.000000e+00
9.999999e-01
9.999999e-01
9.999998e-01
9.999997e-01
9.999995e-01
9.999992e-01
9.999987e-01
9.999978e-01
9.999964e-01
9.999940e-01
9.999901e-01
9.999837e-01
9.999731e-01
9.999557e-01
9.999270e-01
9.998797e-01
9.998016e-01
9.996729e-01
9.994609e-01
9.991114e-01
9.985358e-01
9.975883e-01
9.960300e-01
9.934713e-01
9.892814e-01
9.824501e-01
9.713908e-01
9.536909e-01
9.258759e-01
8.833970e-01
8.212736e-01
7.359454e-01
6.283162e-01
5.062497e-01
3.834335e-01
2.738850e-01
1.861838e-01
1.218529e-01
7.762946e-02
4.856815e-02
3.003199e-02
1.843314e-02
1.126195e-02
6.861119e-03
4.172744e-03
2.535059e-03
1.539126e-03
9.340930e-04
5.667644e-04
3.438366e-04
2.085757e-04
1.265179e-04
7.674085e-05
4.654705e-05
2.823276e-05
1.712420e-05
1.038645e-05
6.299702e-06
3.820992e-06
2.317535e-06
1.405674e-06
8.525705e-07
5.171239e-07
3.136399e-07
1.902437e-07
1.153788e-07
6.999065e-08
4.244316e-08
2.575161e-08
1.561203e-08
9.476634e-09
5.741747e-09
3.489131e-09
2.110962e-09
1.286223e-09
7.755173e-10
4.756278e-10
2.844455e-10
1.772671e-10
1.039737e-10
6.737200e-11
3.774142e-11
2.683015e-11
1.351652e-11
1.181916e-11
4.728884e-12
6.214973e-12
1.607159e-12
4.083733e-12
5.581646e-13
3.239853e-12
2.619571e-13
2.878142e-12
2.334799e-13
2.701561e-12
2.972067e-13
2.599032e-12
3.880785e-13
2.529754e-12
4.838907e-13
2.477074e-12
5.760947e-13
2.434553e-12
6.634138e-13
2.399414e-12
7.447376e-13
2.370049e-12
8.207324e-13
2.345235e-12
8.911760e-13
2.324918e-12
9.577894e-13
2.308209e-12
1.020350e-12
2.294553e-12
1.079303e-12
2.283784e-12
1.134814e-12
2.275735e-12
1.187828e-12
2.270018e-12
1.237954e-12
2.265965e-12
1.285638e-12
2.263467e-12
1.330824e-12
2.262857e-12
1.374456e-12
2.263356e-12
1.415978e-12
2.265355e-12
1.456335e-12
2.268574e-12
1.494305e-12
2.272516e-12
1.531442e-12
2.277345e-12
1.566913e-12
2.282952e-12
1.601386e-12
2.289391e-12
1.634137e-12
2.296385e-12
1.666556e-12
2.304101e-12
1.697642e-12
2.312539e-12
1.728118e-12
2.321421e-12
1.757705e-12
2.330802e-12
1.786848e-12
2.341349e-12
1.815381e-12
2.352063e-12
1.843470e-12
2.362999e-12
1.870670e-12
2.374656e-12
1.897815e-12
2.386813e-12
1.924239e-12
2.399414e-12
1.951050e-12
2.412626e-12
1.976419e-12
2.425615e-12
2.002010e-12
2.439049e-12
2.026712e-12
2.452150e-12
2.050804e-12
2.465361e-12
2.073841e-12
2.478351e-12
2.096934e-12
2.491507e-12
2.119083e-12
2.504441e-12
2.140899e-12
2.517320e-12
2.161771e-12
2.530143e-12
2.182421e-12
2.542855e-12
2.202460e-12
2.555012e-12
2.221612e-12
2.566725e-12
2.239764e-12
2.578437e-12
2.258027e-12
2.590095e-12
2.275624e-12
2.601586e-12
2.293166e-12
2.612965e-12
2.309652e-12
2.624234e-12
2.326195e-12
2.635114e-12
2.341571e-12
2.645550e-12
2.356670e-12
2.655709e-12
2.370659e-12
2.665257e-12
2.384815e-12
2.674694e-12
2.397860e-12
2.683631e-12
2.410683e-12
2.692402e-12
2.422784e-12
2.701006e-12
2.434775e-12
2.709610e-12
2.446154e-12
2.717326e-12
2.456868e-12
2.724543e-12
2.466638e-12
2.731648e-12
2.476241e-12
2.738254e-12
2.485179e-12
2.744860e-12
2.494338e-12
2.751133e-12
2.502387e-12
2.756795e-12
2.510159e-12
2.762346e-12
2.517486e-12
2.767564e-12
2.524370e-12
2.772116e-12
2.529921e-12
2.776390e-12
2.535805e-12
2.780332e-12
2.540856e-12
2.783718e-12
2.545297e-12
2.786604e-12
2.549183e-12
2.789269e-12
2.552847e-12
2.791767e-12
2.555789e-12
2.793599e-12
2.558287e-12
2.794875e-12
2.560119e-12
2.796152e-12
2.561784e-12
2.797207e-12
2.562839e-12
2.797707e-12
2.563727e-12
2.797929e-12
2.563449e-12
2.797429e-12
