2.834288e-12
3.067546e-12
2.832790e-12
3.065825e-12
2.830902e-12
3.064160e-12
2.828571e-12
3.062439e-12
2.826184e-12
3.059941e-12
2.823075e-12
3.057110e-12
2.819578e-12
3.054335e-12
2.815970e-12
3.051170e-12
2.811862e-12
3.047951e-12
2.807199e-12
3.044121e-12
2.802647e-12
3.040512e-12
2.797429e-12
3.036627e-12
2.791878e-12
3.032241e-12
2.785994e-12
3.027467e-12
2.779776e-12
3.022971e-12
2.772726e-12
3.017808e-12
2.765732e-12
3.012590e-12
2.758183e-12
3.006539e-12
2.749800e-12
3.000433e-12
2.741085e-12
2.994160e-12
2.731981e-12
2.987222e-12
2.722267e-12
2.979894e-12
2.711942e-12
2.972289e-12
2.700895e-12
2.964351e-12
2.689848e-12
2.956135e-12
2.678024e-12
2.947365e-12
2.665257e-12
2.937761e-12
2.651657e-12
2.928158e-12
2.637612e-12
2.917666e-12
2.623013e-12
2.906952e-12
2.607525e-12
2.896183e-12
2.591871e-12
2.885248e-12
2.575828e-12
2.873701e-12
2.559286e-12
2.861655e-12
2.541523e-12
2.849609e-12
2.523204e-12
2.837341e-12
2.504608e-12
2.824296e-12
2.485068e-12
2.811085e-12
2.464973e-12
2.797595e-12
2.444156e-12
2.783551e-12
2.422729e-12
2.769451e-12
2.400358e-12
2.754907e-12
2.377376e-12
2.739919e-12
2.353506e-12
2.724820e-12
2.329026e-12
2.709277e-12
2.303657e-12
2.693457e-12
2.277512e-12
2.677913e-12
2.250811e-12
2.661704e-12
2.223388e-12
2.645550e-12
2.195077e-12
2.629119e-12
2.165823e-12
2.612854e-12
2.136014e-12
2.596645e-12
2.105593e-12
2.580602e-12
2.074618e-12
2.564726e-12
2.043088e-12
2.549516e-12
2.010836e-12
2.534806e-12
1.978195e-12
2.520262e-12
1.944556e-12
2.506051e-12
1.910194e-12
2.492118e-12
1.874556e-12
2.478961e-12
1.838418e-12
2.466083e-12
1.801226e-12
2.453648e-12
1.762868e-12
2.442269e-12
1.723566e-12
2.431610e-12
1.683154e-12
2.421674e-12
1.641243e-12
2.412792e-12
1.598111e-12
2.405021e-12
1.553480e-12
2.398859e-12
1.507516e-12
2.393585e-12
1.459444e-12
2.390088e-12
1.409872e-12
2.388256e-12
1.358302e-12
2.388645e-12
1.304734e-12
2.391087e-12
1.248446e-12
2.395861e-12
1.189882e-12
2.403744e-12
1.128153e-12
2.414846e-12
1.063261e-12
2.429446e-12
9.950929e-13
2.448208e-12
9.228174e-13
2.471634e-12
8.457679e-13
2.500278e-12
7.641110e-13
2.535194e-12
6.767920e-13
2.577327e-12
5.841438e-13
2.629785e-12
4.881096e-13
2.699285e-12
3.970713e-13
2.801093e-12
3.330114e-13
2.977230e-12
3.604339e-13
3.338274e-12
6.564194e-13
4.181933e-12
1.705525e-12
6.313283e-12
4.827083e-12
1.191724e-11
1.361439e-11
2.692774e-11
3.783879e-11
6.746925e-11
1.040708e-10
1.773640e-10
2.845426e-10
4.757246e-10
7.756140e-10
1.286320e-09
2.111059e-09
3.489228e-09
5.741844e-09
9.476732e-09
1.561212e-08
2.575170e-08
4.244326e-08
6.999075e-08
1.153789e-07
1.902438e-07
3.136400e-07
5.171240e-07
8.525706e-07
1.405674e-06
2.317535e-06
3.820992e-06
6.299702e-06
1.038645e-05
1.712420e-05
2.823276e-05
4.654705e-05
7.674085e-05
1.265179e-04
2.085757e-04
3.438366e-04
5.667644e-04
9.340930e-04
1.539126e-03
2.535059e-03
4.172744e-03
6.861119e-03
1.126195e-02
1.843314e-02
3.003199e-02
4.856815e-02
7.762946e-02
1.218529e-01
1.861838e-01
2.738850e-01
3.834335e-01
5.062497e-01
6.283162e-01
7.359454e-01
8.212736e-01
8.833970e-01
9.258759e-01
9.536909e-01
9.713908e-01
9.824501e-01
9.892814e-01
9.934713e-01
9.960300e-01
9.975883e-01
9.985358e-01
9.991114e-01
9.994609e-01
9.996729e-01
9.998016e-01
9.998797e-01
9.999270e-01
9.999557e-01
9.999731e-01
9.999837e-01
9.999901e-01
9.999940e-01
9.999964e-01
9.999978e-01
9.999987e-01
9.999992e-01
9.999995e-01
9.999997e-01
9.999998e-01
9.999999e-01
9.999999e-01
1.000000e+00
1.000000e+00
1.000000e+00
1.000000e+00
1.000000e+00
1.000000e+00
1.000000e+00
1.000000e+00
1.000000e+00
1.000000e+00
1.000000e+00
1.000000e+00
1.000000e+00
1.000000e+00
1.000000e+00
1.000000e+00
1.000000e+00
1.000000e+00
1.000000e+00
1.000000e+00
1.000000e+00
1.000000e+00
1.000000e+00
1.000000e+00
1.000000e+00
1.000000e+00
1.000000e+00
1.000000e+00
1.000000e+00
1.000000e+00
1.000000e+00
1.000000e+00
1.000000e+00
1.000000e+00
1.000000e+00
1.000000e+00
1.000000e+00
1.000000e+00
1.000000e+00
1.000000e+00
1.000000e+00
1.000000e+00
1.000000e+00
1.000000e+00
1.000000e+00
1.000000e+00
1.000000e+00
1.000000e+00
1.000000e+00
1.000000e+00
1.000000e+00
1.000000e+00
1.000000e+00
1.000000e+00
1.000000e+00
1.000000e+00
1.000000e+00
1.000000e+00
1.000000e+00
1.000000e+00
1.000000e+00
1.000000e+00
1.000000e+00
1.000000e+00
1.000000e+00
1.000000e+00
1.000000e+00
1.000000e+00
1.000000e+00
1.000000e+00
1.000000e+00
1.000000e+00
1.000000e+00
1.000000e+00
1.000000e+00
1.000000e+00
1.000000e+00
1.000000e+00
1.000000e+00
1.000000e+00
1.000000e+00
1.000000e+00
1.000000e+00
1.000000e+00
1.000000e+00
1.000000e+00
1.000000e+00
1.000000e+00
1.000000e+00
1.000000e+00
1.000000e+00
1.000000e+00
1.000000e+00
1.000000e+00
1.000000e+00
1.000000e+00
1.000000e+00
1.000000e+00
1.000000e+00
1.000000e+00
1.000000e+00
1.000000e+00
1.000000e+00
1.000000e+00
1.000000e+00
1.000000e+00
1.000000e+00
1.000000e+00
1.000000e+00
1.000000e+00
1.000000e+00
1.000000e+00
1.000000e+00
1.000000e+00
1.000000e+00
1.000000e+00
1.000000e+00
1.000000e+00
1.000000e+00
1.000000e+00
1.000000e+00
1.000000e+00
1.000000e+00
1.000000e+00
1.000000e+00
1.000000e+00
1.000000e+00
1.000000e+00
1.000000e+00
1.000000e+00
1.000000e+00
1.000000e+00
1.000000e+00
1.000000e+00
1.000000e+00
1.000000e+00
1.000000e+00
1.000000e+00
1.000000e+00
1.000000e+00
1.000000e+00
1.000000e+00
1.000000e+00
1.000000e+00
1.000000e+00
1.000000e+00
1.000000e+00
1.000000e+00
1.000000e+00
1.000000e+00
1.000000e+00
1.000000e+00
1.000000e+00
1.000000e+00
1.000000e+00
1.000000e+00
1.000000e+00
1.000000e+00
1.000000e+00
1.000000e+00
1.000000e+00
1.000000e+00
1.000000e+00
1.000000e+00
1.000000e+00
1.000000e+00
1.000000e+00
1.000000e+00
1.000000e+00
1.000000e+00
1.000000e+00
1.000000e+00
1.000000e+00
1.000000e+00
1.000000e+00
1.000000e+00
1.000000e+00
1.000000e+00
1.000000e+00
1.000000e+00
1.000000e+00
1.000000e+00
1.000000e+00
1.000000e+00
1.000000e+00
1.000000e+00
1.000000e+00
1.000000e+00
1.000000e+00
1.000000e+00
1.000000e+00
1.000000e+00
1.000000e+00
1.000000e+00
1.000000e+00
1.000000e+00
1.000000e+00
1.000000e+00
1.000000e+00
1.000000e+00
1.000000e+00
1.000000e+00
1.000000e+00
1.000000e+00
1.000000e+00
1.000000e+00
1.000000e+00
1.000000e+00
1.000000e+00
1.000000e+00
1.000000e+00
1.000000e+00
1.000000e+00
1.000000e+00
1.000000e+00
1.000000e+00
1.000000e+00
1.000000e+00
1.000000e+00
1.000000e+00
1.000000e+00
1.000000e+00
1.000000e+00
1.000000e+00
1.000000e+00
1.000000e+00
1.000000e+00
1.000000e+00
1.000000e+00
1.000000e+00
1.000000e+00
1.000000e+00
1.000000e+00
1.000000e+00
1.000000e+00
1.000000e+00
1.000000e+00
1.000000e+00
1.000000e+00
1.000000e+00
1.000000e+00
1.000000e+00
1.000000e+00
1.000000e+00
1.000000e+00
1.000000e+00
1.000000e+00
1.000000e+00
1.000000e+00
1.000000e+00
1.000000e+00
1.000000e+00
1.000000e+00
1.000000e+00
1.000000e+00
1.000000e+00
1.000000e+00
1.000000e+00
1.000000e+00
1.000000e+00
1.000000e+00
1.000000e+00
1.000000e+00
1.000000e+00
1.000000e+00
1.000000e+00
1.000000e+00
1.000000e+00
1.000000e+00
1.000000e+00
1.000000e+00
1.000000e+00
1.000000e+00
1.000000e+00
1.000000e+00
1.000000e+00
1.000000e+00
1.000000e+00
1.000000e+00
1.000000e+00
1.000000e+00
1.000000e+00
1.000000e+00
1.000000e+00
1.000000e+00
1.000000e+00
1.000000e+00
1.000000e+00
1.000000e+00
1.000000e+00
1.000000e+00
1.000000e+00
1.000000e+00
1.000000e+00
1.000000e+00
1.000000e+00
1.000000e+00
1.000000e+00
1.000000e+00
1.000000e+00
1.000000e+00
1.000000e+00
1.000000e+00
1.000000e+00
1.000000e+00
1.000000e+00
1.000000e+00
1.000000e+00
1.000000e+00
1.000000e+00
1.000000e+00
1.000000e+00
1.000000e+00
1.000000e+00
1.000000e+00
1.000000e+00
1.000000e+00
1.000000e+00
1.000000e+00
1.000000e+00
1.000000e+00
1.000000e+00
1.000000e+00
1.000000e+00
1.000000e+00
1.000000e+00
1.000000e+00
1.000000e+00
1.000000e+00
1.000000e+00
1.000000e+00
1.000000e+00
1.000000e+00
1.000000e+00
1.000000e+00
1.000000e+00
1.000000e+00
1.000000e+00
1.000000e+00
1.000000e+00
1.000000e+00
1.000000e+00
1.000000e+00
1.000000e+00
1.000000e+00
1.000000e+00
1.000000e+00
1.000000e+00
1.000000e+00
1.000000e+00
1.000000e+00
1.000000e+00
1.000000e+00
1.000000e+00
1.000000e+00
1.000000e+00
1.000000e+00
1.000000e+00
1.000000e+00
1.000000e+00
1.000000e+00
1.000000e+00
1.000000e+00
1.000000e+00
1.000000e+00
1.000000e+00
1.000000e+00
1.000000e+00
1.000000e+00
1.000000e+00
1.000000e+00
1.000000e+00
1.000000e+00
1.000000e+00
1.000000e+00
1.000000e+00
1.000000e+00
1.000000e+00
1.000000e+00
1.000000e+00
1.000000e+00
1.000000e+00
1.000000e+00
1.000000e+00
1.000000e+00
1.000000e+00
1.000000e+00
1.000000e+00
1.000000e+00
1.000000e+00
1.000000e+00
1.000000e+00
1.000000e+00
1.000000e+00
1.000000e+00
1.000000e+00
1.000000e+00
1.000000e+00
1.000000e+00
1.000000e+00
1.000000e+00
1.000000e+00
1.000000e+00
1.000000e+00
1.000000e+00
1.000000e+00
1.000000e+00
1.000000e+00
1.000000e+00
1.000000e+00
1.000000e+00
1.000000e+00
1.000000e+00
1.000000e+00
1.000000e+00
1.000000e+00
1.000000e+00
1.000000e+00
1.000000e+00
1.000000e+00
1.000000e+00
1.000000e+00
1.000000e+00
1.000000e+00
1.000000e+00
1.000000e+00
1.000000e+00
1.000000e+00
1.000000e+00
1.000000e+00
1.000000e+00
1.000000e+00
1.000000e+00
1.000000e+00
1.000000e+00
1.000000e+00
1.000000e+00
1.000000e+00
1.000000e+00
1.000000e+00
1.000000e+00
1.000000e+00
1.000000e+00
1.000000e+00
1.000000e+00
1.000000e+00
1.000000e+00
1.000000e+00
1.000000e+00
1.000000e+00
1.000000e+00
1.000000e+00
1.000000e+00
1.000000e+00
1.000000e+00
1.000000e+00
1.000000e+00
1.000000e+00
1.000000e+00
1.000000e+00
1.000000e+00
1.000000e+00
1.000000e+00
1.000000e+00
1.000000e+00
1.000000e+00
1.000000e+00
1.000000e+00
1.000000e+00
1.000000e+00
1.000000e+00
1.000000e+00
1.000000e+00
1.000000e+00
1.000000e+00
1.000000e+00
1.000000e+00
1.000000e+00
1.000000e+00
1.000000e+00
1.000000e+00
1.000000e+00
1.000000e+00
1.000000e+00
1.000000e+00
1.000000e+00
1.000000e+00
1.000000e+00
1.000000e+00
1.000000e+00
1.000000e+00
1.000000e+00
1.000000e+00
1.000000e+00
1.000000e+00
1.000000e+00
1.000000e+00
9.999999e-01
9.999999e-01
9.999998e-01
9.999997e-01
9.999995e-01
9.999992e-01
9.999987e-01
9.999978e-01
9.999964e-01
9.999940e-01
9.999901e-01
9.999837e-01
9.999731e-01
9.999557e-01
9.999270e-01
9.998797e-01
9.998016e-01
9.996729e-01
9.994609e-01
9.991114e-01
9.985358e-01
9.975883e-01
9.960300e-01
9.934713e-01
9.892814e-01
9.824501e-01
9.713908e-01
9.536909e-01
9.258759e-01
8.833970e-01
8.212736e-01
7.359454e-01
6.283162e-01
5.062497e-01
3.834335e-01
2.738850e-01
1.861838e-01
1.218529e-01
7.762946e-02
4.856815e-02
3.003199e-02
1.843314e-02
1.126195e-02
6.861119e-03
4.172744e-03
2.535059e-03
1.539126e-03
9.340930e-04
5.667644e-04
3.438366e-04
2.085757e-04
1.265179e-04
7.674085e-05
4.654705e-05
2.823276e-05
1.712420e-05
1.038645e-05
6.299702e-06
3.820992e-06
2.317535e-06
1.405674e-06
8.525706e-07
5.171240e-07
3.136400e-07
1.902438e-07
1.153790e-07
6.999078e-08
4.244328e-08
2.575173e-08
1.561215e-08
9.476764e-09
5.741878e-09
3.489263e-09
2.111096e-09
1.286358e-09
7.756537e-10
4.757658e-10
2.845849e-10
1.774080e-10
1.041157e-10
6.751533e-11
3.788614e-11
2.697625e-11
1.366379e-11
1.196793e-11
4.878820e-12
6.366074e-12
1.759259e-12
4.236722e-12
7.123746e-13
3.395062e-12
4.181100e-13
3.035683e-12
3.924083e-13
2.861267e-12
4.581890e-13
2.760958e-12
5.510592e-13
2.693457e-12
6.484813e-13
2.642886e-12
7.429057e-13
2.602363e-12
8.322787e-13
2.569334e-12
9.156564e-13
2.541800e-12
9.933721e-13
2.519429e-12
1.066425e-12
2.501277e-12
1.135148e-12
2.486622e-12
1.199874e-12
2.475131e-12
1.260936e-12
2.466694e-12
1.318556e-12
2.460754e-12
1.373623e-12
2.456813e-12
1.425748e-12
2.454703e-12
1.475375e-12
2.454315e-12
1.522504e-12
2.455647e-12
1.568023e-12
2.458145e-12
1.611544e-12
2.461586e-12
1.653178e-12
2.466471e-12
1.693146e-12
2.472245e-12
1.732059e-12
2.478850e-12
1.769196e-12
2.486289e-12
1.805445e-12
2.494505e-12
1.840361e-12
2.503886e-12
1.874723e-12
2.513378e-12
1.907752e-12
2.523648e-12
1.940115e-12
2.534639e-12
1.971756e-12
2.546074e-12
2.002898e-12
2.558065e-12
2.032929e-12
2.570222e-12
2.062683e-12
2.583156e-12
2.091827e-12
2.596756e-12
2.120581e-12
2.610356e-12
2.149003e-12
2.624512e-12
2.176981e-12
2.639222e-12
2.203959e-12
2.653877e-12
2.231049e-12
2.668810e-12
2.257472e-12
2.683520e-12
2.283007e-12
2.698286e-12
2.307987e-12
2.713274e-12
2.332412e-12
2.727762e-12
2.356171e-12
2.741973e-12
2.378930e-12
2.756184e-12
2.401190e-12
2.770173e-12
2.423173e-12
2.784051e-12
2.444378e-12
2.797429e-12
2.464862e-12
2.810474e-12
2.484346e-12
2.823519e-12
2.503664e-12
2.836009e-12
2.522205e-12
2.848444e-12
2.540523e-12
2.861100e-12
2.558231e-12
2.873368e-12
2.576050e-12
2.885359e-12
2.592926e-12
2.897016e-12
2.608858e-12
2.908396e-12
2.624345e-12
2.919553e-12
2.639555e-12
2.930045e-12
2.653877e-12
2.940204e-12
2.667755e-12
2.950196e-12
2.681133e-12
2.959799e-12
2.694123e-12
2.969014e-12
2.706113e-12
2.977618e-12
2.717659e-12
2.985778e-12
2.728484e-12
2.993827e-12
2.739198e-12
3.001543e-12
2.749134e-12
3.008482e-12
2.758349e-12
3.015643e-12
2.767120e-12
3.022083e-12
2.775780e-12
3.028355e-12
2.783940e-12
3.034073e-12
2.791101e-12
3.039569e-12
2.798151e-12
3.044953e-12
2.804590e-12
3.049450e-12
2.810474e-12
3.053446e-12
2.815581e-12
3.057277e-12
2.820133e-12
3.060663e-12
2.824352e-12
3.063660e-12
2.827849e-12
3.065825e-12
2.830736e-12
3.067657e-12
2.832679e-12
3.068934e-12
2.834399e-12
3.069822e-12
2.835288e-12
3.069545e-12
2.835454e-12
3.069489e-12
2.835010e-12
3.068878e-12
