2.333911e-12
2.567224e-12
2.332801e-12
2.566003e-12
2.330802e-12
2.564393e-12
2.328748e-12
2.562006e-12
2.326139e-12
2.560063e-12
2.323530e-12
2.557787e-12
2.320144e-12
2.554956e-12
2.316758e-12
2.552014e-12
2.312761e-12
2.549017e-12
2.308487e-12
2.545852e-12
2.304157e-12
2.542522e-12
2.299494e-12
2.538525e-12
2.293887e-12
2.534584e-12
2.288614e-12
2.530587e-12
2.282674e-12
2.526201e-12
2.276679e-12
2.521650e-12
2.269962e-12
2.516820e-12
2.262690e-12
2.511380e-12
2.254863e-12
2.505995e-12
2.247091e-12
2.499778e-12
2.238321e-12
2.494005e-12
2.229494e-12
2.487677e-12
2.220057e-12
2.480849e-12
2.210232e-12
2.473355e-12
2.199074e-12
2.465972e-12
2.188139e-12
2.457923e-12
2.176259e-12
2.449430e-12
2.164047e-12
2.440603e-12
2.150835e-12
2.431721e-12
2.137568e-12
2.422340e-12
2.123468e-12
2.412626e-12
2.109146e-12
2.402745e-12
2.094214e-12
2.392586e-12
2.078782e-12
2.382095e-12
2.062517e-12
2.371436e-12
2.045808e-12
2.360001e-12
2.028377e-12
2.348788e-12
2.010669e-12
2.337353e-12
1.991907e-12
2.325251e-12
1.972755e-12
2.312817e-12
1.952716e-12
2.300493e-12
1.932343e-12
2.287837e-12
1.911193e-12
2.274791e-12
1.889489e-12
2.261469e-12
1.866451e-12
2.247924e-12
1.843581e-12
2.234435e-12
1.819545e-12
2.221001e-12
1.795286e-12
2.207179e-12
1.769918e-12
2.193412e-12
1.743938e-12
2.179368e-12
1.717237e-12
2.165768e-12
1.690426e-12
2.152001e-12
1.662670e-12
2.139011e-12
1.634470e-12
2.126133e-12
1.605549e-12
2.113365e-12
1.576350e-12
2.101264e-12
1.545986e-12
2.089717e-12
1.515676e-12
2.078726e-12
1.484424e-12
2.068179e-12
1.452616e-12
2.057854e-12
1.419420e-12
2.048806e-12
1.386113e-12
2.040368e-12
1.351419e-12
2.032596e-12
1.315947e-12
2.025768e-12
1.279088e-12
2.019773e-12
1.241229e-12
2.014666e-12
1.201983e-12
2.011169e-12
1.161515e-12
2.008504e-12
1.119549e-12
2.007894e-12
1.076250e-12
2.009060e-12
1.031009e-12
2.011447e-12
9.838796e-13
2.016165e-12
9.345302e-13
2.023381e-12
8.830159e-13
2.032929e-12
8.291701e-13
2.045863e-12
7.726597e-13
2.061629e-12
7.125411e-13
2.081058e-12
6.494250e-13
2.105205e-12
5.821454e-13
2.133738e-12
5.105916e-13
2.167488e-12
4.337641e-13
2.207401e-12
3.516076e-13
2.254641e-12
2.639000e-13
2.312484e-12
1.735279e-13
2.386535e-12
8.726353e-14
2.494005e-12
2.875478e-14
2.675749e-12
6.167289e-14
3.042233e-12
3.633205e-13
3.891221e-12
1.417200e-12
6.027900e-12
4.544365e-12
1.163725e-11
1.333694e-11
2.665329e-11
3.756739e-11
6.720041e-11
1.038049e-10
1.771013e-10
2.842829e-10
4.754678e-10
7.753599e-10
1.286069e-09
2.110811e-09
3.488982e-09
5.741601e-09
9.476492e-09
1.561189e-08
2.575147e-08
4.244302e-08
6.999052e-08
1.153787e-07
1.902436e-07
3.136398e-07
5.171238e-07
8.525704e-07
1.405673e-06
2.317535e-06
3.820992e-06
6.299702e-06
1.038645e-05
1.712420e-05
2.823276e-05
4.654705e-05
7.674085e-05
1.265179e-04
2.085757e-04
3.438366e-04
5.667644e-04
9.340930e-04
1.539126e-03
2.535059e-03
4.172744e-03
6.861119e-03
1.126195e-02
1.843314e-02
3.003199e-02
4.856815e-02
7.762946e-02
1.218529e-01
1.861838e-01
2.738850e-01
3.834335e-01
5.062497e-01
6.283162e-01
7.359454e-01
8.212736e-01
8.833970e-01
9.258759e-01
9.536909e-01
9.713908e-01
9.824501e-01
9.892814e-01
9.934713e-01
9.960300e-01
9.975883e-01
9.985358e-01
9.991114e-01
9.994609e-01
9.996729e-01
9.998016e-01
9.998797e-01
9.999270e-01
9.999557e-01
9.999731e-01
9.999837e-01
9.999901e-01
9.999940e-01
9.999964e-01
9.999978e-01
9.999987e-01
9.999992e-01
9.999995e-01
9.999997e-01
9.999998e-01
9.999999e-01
9.999999e-01
1.000000e+00
1.000000e+00
1.000000e+00
1.000000e+00
1.000000e+00
1.000000e+00
1.000000e+00
1.000000e+00
1.000000e+00
1.000000e+00
1.000000e+00
1.000000e+00
1.000000e+00
1.000000e+00
1.000000e+00
1.000000e+00
1.000000e+00
1.000000e+00
1.000000e+00
1.000000e+00
1.000000e+00
1.000000e+00
1.000000e+00
1.000000e+00
1.000000e+00
1.000000e+00
1.000000e+00
1.000000e+00
1.000000e+00
1.000000e+00
1.000000e+00
1.000000e+00
1.000000e+00
1.000000e+00
1.000000e+00
1.000000e+00
1.000000e+00
1.000000e+00
1.000000e+00
1.000000e+00
1.000000e+00
1.000000e+00
1.000000e+00
1.000000e+00
1.000000e+00
1.000000e+00
1.000000e+00
1.000000e+00
1.000000e+00
1.000000e+00
1.000000e+00
1.000000e+00
1.000000e+00
1.000000e+00
1.000000e+00
1.000000e+00
1.000000e+00
1.000000e+00
1.000000e+00
1.000000e+00
1.000000e+00
1.000000e+00
1.000000e+00
1.000000e+00
1.000000e+00
1.000000e+00
1.000000e+00
1.000000e+00
1.000000e+00
1.000000e+00
1.000000e+00
1.000000e+00
1.000000e+00
1.000000e+00
1.000000e+00
1.000000e+00
1.000000e+00
1.000000e+00
1.000000e+00
1.000000e+00
1.000000e+00
1.000000e+00
1.000000e+00
1.000000e+00
1.000000e+00
1.000000e+00
1.000000e+00
1.000000e+00
1.000000e+00
1.000000e+00
1.000000e+00
1.000000e+00
1.000000e+00
1.000000e+00
1.000000e+00
1.000000e+00
1.000000e+00
1.000000e+00
1.000000e+00
1.000000e+00
1.000000e+00
1.000000e+00
1.000000e+00
1.000000e+00
1.000000e+00
1.000000e+00
1.000000e+00
1.000000e+00
1.000000e+00
1.000000e+00
1.000000e+00
1.000000e+00
1.000000e+00
1.000000e+00
1.000000e+00
1.000000e+00
1.000000e+00
1.000000e+00
1.000000e+00
1.000000e+00
1.000000e+00
1.000000e+00
1.000000e+00
1.000000e+00
1.000000e+00
1.000000e+00
1.000000e+00
1.000000e+00
1.000000e+00
1.000000e+00
1.000000e+00
1.000000e+00
1.000000e+00
1.000000e+00
1.000000e+00
1.000000e+00
1.000000e+00
1.000000e+00
1.000000e+00
1.000000e+00
1.000000e+00
1.000000e+00
1.000000e+00
1.000000e+00
1.000000e+00
1.000000e+00
1.000000e+00
1.000000e+00
1.000000e+00
1.000000e+00
1.000000e+00
1.000000e+00
1.000000e+00
1.000000e+00
1.000000e+00
1.000000e+00
1.000000e+00
1.000000e+00
1.000000e+00
1.000000e+00
1.000000e+00
1.000000e+00
1.000000e+00
1.000000e+00
1.000000e+00
1.000000e+00
1.000000e+00
1.000000e+00
1.000000e+00
1.000000e+00
1.000000e+00
1.000000e+00
1.000000e+00
1.000000e+00
1.000000e+00
1.000000e+00
1.000000e+00
1.000000e+00
1.000000e+00
1.000000e+00
1.000000e+00
1.000000e+00
1.000000e+00
1.000000e+00
1.000000e+00
1.000000e+00
1.000000e+00
1.000000e+00
1.000000e+00
1.000000e+00
1.000000e+00
1.000000e+00
1.000000e+00
1.000000e+00
1.000000e+00
1.000000e+00
1.000000e+00
1.000000e+00
1.000000e+00
1.000000e+00
1.000000e+00
1.000000e+00
1.000000e+00
1.000000e+00
1.000000e+00
1.000000e+00
1.000000e+00
1.000000e+00
1.000000e+00
1.000000e+00
1.000000e+00
1.000000e+00
1.000000e+00
1.000000e+00
1.000000e+00
1.000000e+00
1.000000e+00
1.000000e+00
1.000000e+00
1.000000e+00
1.000000e+00
1.000000e+00
1.000000e+00
1.000000e+00
1.000000e+00
1.000000e+00
1.000000e+00
1.000000e+00
1.000000e+00
1.000000e+00
1.000000e+00
1.000000e+00
1.000000e+00
1.000000e+00
1.000000e+00
1.000000e+00
1.000000e+00
1.000000e+00
1.000000e+00
1.000000e+00
1.000000e+00
1.000000e+00
1.000000e+00
1.000000e+00
1.000000e+00
1.000000e+00
1.000000e+00
1.000000e+00
1.000000e+00
1.000000e+00
1.000000e+00
1.000000e+00
1.000000e+00
1.000000e+00
1.000000e+00
1.000000e+00
1.000000e+00
1.000000e+00
1.000000e+00
1.000000e+00
1.000000e+00
1.000000e+00
1.000000e+00
1.000000e+00
1.000000e+00
1.000000e+00
1.000000e+00
1.000000e+00
1.000000e+00
1.000000e+00
1.000000e+00
1.000000e+00
1.000000e+00
1.000000e+00
1.000000e+00
1.000000e+00
1.000000e+00
1.000000e+00
1.000000e+00
1.000000e+00
1.000000e+00
1.000000e+00
1.000000e+00
1.000000e+00
1.000000e+00
1.000000e+00
1.000000e+00
1.000000e+00
1.000000e+00
1.000000e+00
1.000000e+00
1.000000e+00
1.000000e+00
1.000000e+00
1.000000e+00
1.000000e+00
1.000000e+00
1.000000e+00
1.000000e+00
1.000000e+00
1.000000e+00
1.000000e+00
1.000000e+00
1.000000e+00
1.000000e+00
1.000000e+00
1.000000e+00
1.000000e+00
1.000000e+00
1.000000e+00
1.000000e+00
1.000000e+00
1.000000e+00
1.000000e+00
1.000000e+00
1.000000e+00
1.000000e+00
1.000000e+00
1.000000e+00
1.000000e+00
1.000000e+00
1.000000e+00
1.000000e+00
1.000000e+00
1.000000e+00
1.000000e+00
1.000000e+00
1.000000e+00
1.000000e+00
1.000000e+00
1.000000e+00
1.000000e+00
1.000000e+00
1.000000e+00
1.000000e+00
1.000000e+00
1.000000e+00
1.000000e+00
1.000000e+00
1.000000e+00
1.000000e+00
1.000000e+00
1.000000e+00
1.000000e+00
1.000000e+00
1.000000e+00
1.000000e+00
1.000000e+00
1.000000e+00
1.000000e+00
1.000000e+00
1.000000e+00
1.000000e+00
1.000000e+00
1.000000e+00
1.000000e+00
1.000000e+00
1.000000e+00
1.000000e+00
1.000000e+00
1.000000e+00
1.000000e+00
1.000000e+00
1.000000e+00
1.000000e+00
1.000000e+00
1.000000e+00
1.000000e+00
1.000000e+00
1.000000e+00
1.000000e+00
1.000000e+00
1.000000e+00
1.000000e+00
1.000000e+00
1.000000e+00
1.000000e+00
1.000000e+00
1.000000e+00
1.000000e+00
1.000000e+00
1.000000e+00
1.000000e+00
1.000000e+00
1.000000e+00
1.000000e+00
1.000000e+00
1.000000e+00
1.000000e+00
1.000000e+00
1.000000e+00
1.000000e+00
1.000000e+00
1.000000e+00
1.000000e+00
1.000000e+00
1.000000e+00
1.000000e+00
1.000000e+00
1.000000e+00
1.000000e+00
1.000000e+00
1.000000e+00
1.000000e+00
1.000000e+00
1.000000e+00
1.000000e+00
1.000000e+00
1.000000e+00
1.000000e+00
1.000000e+00
1.000000e+00
1.000000e+00
1.000000e+00
1.000000e+00
1.000000e+00
1.000000e+00
1.000000e+00
1.000000e+00
1.000000e+00
1.000000e+00
1.000000e+00
1.000000e+00
1.000000e+00
1.000000e+00
1.000000e+00
1.000000e+00
1.000000e+00
1.000000e+00
1.000000e+00
1.000000e+00
1.000000e+00
1.000000e+00
1.000000e+00
1.000000e+00
1.000000e+00
1.000000e+00
1.000000e+00
1.000000e+00
1.000000e+00
1.000000e+00
1.000000e+00
1.000000e+00
1.000000e+00
1.000000e+00
1.000000e+00
1.000000e+00
1.000000e+00
1.000000e+00
1.000000e+00
1.000000e+00
1.000000e+00
1.000000e+00
1.000000e+00
1.000000e+00
1.000000e+00
1.000000e+00
1.000000e+00
1.000000e+00
1.000000e+00
1.000000e+00
1.000000e+00
1.000000e+00
1.000000e+00
1.000000e+00
1.000000e+00
1.000000e+00
1.000000e+00
1.000000e+00
1.000000e+00
1.000000e+00
1.000000e+00
1.000000e+00
1.000000e+00
1.000000e+00
1.000000e+00
1.000000e+00
1.000000e+00
1.000000e+00
1.000000e+00
1.000000e+00
1.000000e+00
1.000000e+00
1.000000e+00
1.000000e+00
1.000000e+00
1.000000e+00
1.000000e+00
1.000000e+00
1.000000e+00
1.000000e+00
1.000000e+00
1.000000e+00
1.000000e+00
1.000000e+00
1.000000e+00
1.000000e+00
9.999999e-01
9.999999e-01
9.999998e-01
9.999997e-01
9.999995e-01
9.999992e-01
9.999987e-01
9.999978e-01
9.999964e-01
9.999940e-01
9.999901e-01
9.999837e-01
9.999731e-01
9.999557e-01
9.999270e-01
9.998797e-01
9.998016e-01
9.996729e-01
9.994609e-01
9.991114e-01
9.985358e-01
9.975883e-01
9.960300e-01
9.934713e-01
9.892814e-01
9.824501e-01
9.713908e-01
9.536909e-01
9.258759e-01
8.833970e-01
8.212736e-01
7.359454e-01
6.283162e-01
5.062497e-01
3.834335e-01
2.738850e-01
1.861838e-01
1.218529e-01
7.762946e-02
4.856815e-02
3.003199e-02
1.843314e-02
1.126195e-02
6.861119e-03
4.172744e-03
2.535059e-03
1.539126e-03
9.340930e-04
5.667644e-04
3.438366e-04
2.085757e-04
1.265179e-04
7.674085e-05
4.654705e-05
2.823276e-05
1.712420e-05
1.038645e-05
6.299702e-06
3.820992e-06
2.317535e-06
1.405673e-06
8.525704e-07
5.171238e-07
3.136398e-07
1.902436e-07
1.153787e-07
6.999055e-08
4.244305e-08
2.575150e-08
1.561192e-08
9.476524e-09
5.741635e-09
3.489018e-09
2.110848e-09
1.286107e-09
7.753996e-10
4.755090e-10
2.843253e-10
1.771452e-10
1.038502e-10
6.724699e-11
3.761524e-11
2.670242e-11
1.338690e-11
1.168821e-11
4.596434e-12
6.080692e-12
1.471046e-12
3.946010e-12
4.187206e-13
3.098799e-12
1.190714e-13
2.734091e-12
8.798517e-14
2.554013e-12
1.480482e-13
2.448430e-12
2.360889e-13
2.375766e-12
3.282374e-13
2.320033e-12
4.177769e-13
2.274292e-12
5.015988e-13
2.236156e-12
5.798140e-13
2.203737e-12
6.527556e-13
2.176537e-12
7.211454e-13
2.153222e-12
7.848167e-13
2.133904e-12
8.447132e-13
2.117750e-12
9.010015e-13
2.104206e-12
9.539591e-13
2.093326e-12
1.003753e-12
2.084832e-12
1.051603e-12
2.078282e-12
1.096734e-12
2.073619e-12
1.140088e-12
2.070288e-12
1.180833e-12
2.069012e-12
1.220746e-12
2.068790e-12
1.258438e-12
2.069733e-12
1.294687e-12
2.071732e-12
1.329381e-12
2.074285e-12
1.362965e-12
2.078060e-12
1.395328e-12
2.082778e-12
1.426859e-12
2.088107e-12
1.457334e-12
2.094658e-12
1.487699e-12
2.102152e-12
1.516731e-12
2.109424e-12
1.545153e-12
2.117750e-12
1.572853e-12
2.126577e-12
1.599998e-12
2.136014e-12
1.626921e-12
2.146283e-12
1.653455e-12
2.156719e-12
1.679157e-12
2.167821e-12
1.705081e-12
2.179534e-12
1.730394e-12
2.191636e-12
1.755485e-12
2.203904e-12
1.779799e-12
2.216394e-12
1.803779e-12
2.228884e-12
1.826983e-12
2.241429e-12
1.850076e-12
2.253642e-12
1.871892e-12
2.266132e-12
1.893541e-12
2.278677e-12
1.914635e-12
2.290612e-12
1.935063e-12
2.302492e-12
1.954326e-12
2.314315e-12
1.973532e-12
2.325751e-12
1.992073e-12
2.337019e-12
2.010336e-12
2.348233e-12
2.027600e-12
2.359668e-12
2.045253e-12
2.370770e-12
2.061795e-12
2.381595e-12
2.078338e-12
2.392364e-12
2.094158e-12
2.402967e-12
2.109868e-12
2.413347e-12
2.124412e-12
2.423728e-12
2.139011e-12
2.433109e-12
2.152722e-12
2.442824e-12
2.166434e-12
2.452205e-12
2.179035e-12
2.460976e-12
2.191580e-12
2.469469e-12
2.203127e-12
2.477796e-12
2.214506e-12
2.485734e-12
2.225109e-12
2.493228e-12
2.235490e-12
2.499945e-12
2.244649e-12
2.506717e-12
2.254141e-12
2.513378e-12
2.262857e-12
2.519651e-12
2.271350e-12
2.525535e-12
2.279121e-12
2.531531e-12
2.286504e-12
2.536860e-12
2.293499e-12
2.542022e-12
2.300438e-12
2.546463e-12
2.306377e-12
2.551126e-12
2.311873e-12
2.554845e-12
2.316702e-12
2.557954e-12
2.320866e-12
2.560840e-12
2.324307e-12
2.563283e-12
2.327583e-12
2.565559e-12
2.330192e-12
2.567002e-12
2.332357e-12
2.567835e-12
2.333467e-12
2.568834e-12
2.334688e-12
2.569223e-12
2.334855e-12
2.569001e-12
2.335021e-12
2.568501e-12
