1.749833e-07
1.749795e-07
1.749673e-07
1.749475e-07
1.749193e-07
1.748836e-07
1.748394e-07
1.747877e-07
1.747275e-07
1.746598e-07
1.745836e-07
1.745000e-07
1.744079e-07
1.743083e-07
1.742003e-07
1.740848e-07
1.739608e-07
1.738294e-07
1.736896e-07
1.735423e-07
1.733866e-07
1.732234e-07
1.730519e-07
1.728729e-07
1.726856e-07
1.724908e-07
1.722877e-07
1.720772e-07
1.718584e-07
1.716322e-07
1.713976e-07
1.711557e-07
1.709055e-07
1.706480e-07
1.703822e-07
1.701091e-07
1.698278e-07
1.695392e-07
1.692423e-07
1.689382e-07
1.686259e-07
1.683064e-07
1.679787e-07
1.676439e-07
1.673009e-07
1.669507e-07
1.665924e-07
1.662271e-07
1.658536e-07
1.654730e-07
1.650844e-07
1.646888e-07
1.642851e-07
1.638744e-07
1.634557e-07
1.630302e-07
1.625966e-07
1.621561e-07
1.617077e-07
1.612525e-07
1.607893e-07
1.603194e-07
1.598416e-07
1.593570e-07
1.588646e-07
1.583656e-07
1.578587e-07
1.573452e-07
1.568240e-07
1.562962e-07
1.557606e-07
1.552185e-07
1.546688e-07
1.541126e-07
1.535488e-07
1.529786e-07
1.524007e-07
1.518166e-07
1.512249e-07
1.506269e-07
1.500214e-07
1.494098e-07
1.487906e-07
1.481654e-07
1.475327e-07
1.468940e-07
1.462478e-07
1.455958e-07
1.449363e-07
1.442710e-07
1.435984e-07
1.429200e-07
1.422343e-07
1.415429e-07
1.408442e-07
1.401400e-07
1.394285e-07
1.387116e-07
1.379874e-07
1.372578e-07
1.365211e-07
1.357791e-07
1.350300e-07
1.342757e-07
1.335143e-07
1.327478e-07
1.319742e-07
1.311957e-07
1.304102e-07
1.296197e-07
1.288224e-07
1.280202e-07
1.272111e-07
1.263974e-07
1.255767e-07
1.247515e-07
1.239195e-07
1.230830e-07
1.222397e-07
1.213920e-07
1.205377e-07
1.196791e-07
1.188137e-07
1.179443e-07
1.170682e-07
1.161881e-07
1.153014e-07
1.144108e-07
1.135136e-07
1.126128e-07
1.117053e-07
1.107942e-07
1.098766e-07
1.089556e-07
1.080280e-07
1.070972e-07
1.061598e-07
1.052194e-07
1.042723e-07
1.033225e-07
1.023660e-07
1.014068e-07
1.004410e-07
9.947278e-08
9.849790e-08
9.752073e-08
9.653692e-08
9.555103e-08
9.455845e-08
9.356403e-08
9.256287e-08
9.156010e-08
9.055054e-08
8.953962e-08
8.852184e-08
8.750295e-08
8.647713e-08
8.545048e-08
8.441679e-08
8.338258e-08
8.234121e-08
8.129963e-08
8.025076e-08
7.920203e-08
7.814584e-08
7.709017e-08
7.602683e-08
7.496443e-08
7.389413e-08
7.282522e-08
7.174817e-08
7.067300e-08
6.958939e-08
6.850825e-08
6.741838e-08
6.633169e-08
6.523601e-08
6.414451e-08
6.304403e-08
6.194930e-08
6.084641e-08
5.975242e-08
5.865334e-08
5.757038e-08
5.649181e-08
5.544742e-08
5.443445e-08
5.350308e-08
5.267805e-08
5.206154e-08
5.175681e-08
5.200333e-08
5.312217e-08
5.572124e-08
6.071883e-08
6.971876e-08
8.526894e-08
1.116735e-07
1.559176e-07
2.296375e-07
3.518887e-07
5.542287e-07
8.885341e-07
1.440502e-06
2.351238e-06
3.853588e-06
6.331223e-06
1.041694e-05
1.715376e-05
2.826153e-05
4.657526e-05
7.676890e-05
1.265464e-04
2.086058e-04
3.438700e-04
5.668040e-04
9.341436e-04
1.539196e-03
2.535160e-03
4.172898e-03
6.861359e-03
1.126233e-02
1.843375e-02
3.003296e-02
4.856969e-02
7.763183e-02
1.218564e-01
1.861888e-01
2.738916e-01
3.834413e-01
5.062579e-01
6.283239e-01
7.359518e-01
8.212784e-01
8.834004e-01
9.258782e-01
9.536923e-01
9.713917e-01
9.824506e-01
9.892817e-01
9.934715e-01
9.960301e-01
9.975883e-01
9.985358e-01
9.991114e-01
9.994608e-01
9.996729e-01
9.998016e-01
9.998796e-01
9.999270e-01
9.999557e-01
9.999731e-01
9.999837e-01
9.999901e-01
9.999939e-01
9.999963e-01
9.999977e-01
9.999986e-01
9.999991e-01
9.999994e-01
9.999996e-01
9.999997e-01
9.999998e-01
9.999998e-01
9.999999e-01
9.999999e-01
9.999999e-01
9.999999e-01
9.999999e-01
9.999999e-01
9.999999e-01
9.999999e-01
9.999999e-01
9.999999e-01
9.999999e-01
9.999999e-01
9.999999e-01
9.999999e-01
9.999999e-01
9.999999e-01
9.999999e-01
9.999999e-01
9.999999e-01
9.999999e-01
9.999999e-01
9.999998e-01
9.999998e-01
9.999998e-01
9.999998e-01
9.999998e-01
9.999998e-01
9.999998e-01
9.999998e-01
9.999998e-01
9.999998e-01
9.999998e-01
9.999998e-01
9.999998e-01
9.999998e-01
9.999998e-01
9.999998e-01
9.999998e-01
9.999998e-01
9.999998e-01
9.999998e-01
9.999998e-01
9.999998e-01
9.999998e-01
9.999998e-01
9.999998e-01
9.999998e-01
9.999998e-01
9.999998e-01
9.999998e-01
9.999998e-01
9.999998e-01
9.999998e-01
9.999998e-01
9.999998e-01
9.999998e-01
9.999998e-01
9.999998e-01
9.999998e-01
9.999997e-01
9.999997e-01
9.999997e-01
9.999997e-01
9.999997e-01
9.999997e-01
9.999997e-01
9.999997e-01
9.999997e-01
9.999997e-01
9.999997e-01
9.999997e-01
9.999997e-01
9.999997e-01
9.999997e-01
9.999997e-01
9.999997e-01
9.999997e-01
9.999997e-01
9.999997e-01
9.999997e-01
9.999997e-01
9.999997e-01
9.999997e-01
9.999997e-01
9.999997e-01
9.999997e-01
9.999997e-01
9.999997e-01
9.999997e-01
9.999997e-01
9.999997e-01
9.999997e-01
9.999997e-01
9.999997e-01
9.999997e-01
9.999997e-01
9.999997e-01
9.999997e-01
9.999997e-01
9.999997e-01
9.999997e-01
9.999997e-01
9.999996e-01
9.999996e-01
9.999996e-01
9.999996e-01
9.999996e-01
9.999996e-01
9.999996e-01
9.999996e-01
9.999996e-01
9.999996e-01
9.999996e-01
9.999996e-01
9.999996e-01
9.999996e-01
9.999996e-01
9.999996e-01
9.999996e-01
9.999996e-01
9.999996e-01
9.999996e-01
9.999996e-01
9.999996e-01
9.999996e-01
9.999996e-01
9.999996e-01
9.999996e-01
9.999996e-01
9.999996e-01
9.999996e-01
9.999996e-01
9.999996e-01
9.999996e-01
9.999996e-01
9.999996e-01
9.999996e-01
9.999996e-01
9.999996e-01
9.999996e-01
9.999996e-01
9.999996e-01
9.999996e-01
9.999996e-01
9.999996e-01
9.999996e-01
9.999996e-01
9.999996e-01
9.999996e-01
9.999996e-01
9.999996e-01
9.999996e-01
9.999996e-01
9.999996e-01
9.999996e-01
9.999996e-01
9.999996e-01
9.999996e-01
9.999996e-01
9.999995e-01
9.999995e-01
9.999995e-01
9.999995e-01
9.999995e-01
9.999995e-01
9.999995e-01
9.999995e-01
9.999995e-01
9.999995e-01
9.999995e-01
9.999995e-01
9.999995e-01
9.999995e-01
9.999995e-01
9.999995e-01
9.999995e-01
9.999995e-01
9.999995e-01
9.999995e-01
9.999995e-01
9.999995e-01
9.999995e-01
9.999995e-01
9.999995e-01
9.999995e-01
9.999995e-01
9.999995e-01
9.999995e-01
9.999995e-01
9.999995e-01
9.999995e-01
9.999995e-01
9.999995e-01
9.999995e-01
9.999995e-01
9.999995e-01
9.999995e-01
9.999995e-01
9.999995e-01
9.999995e-01
9.999995e-01
9.999995e-01
9.999995e-01
9.999995e-01
9.999995e-01
9.999995e-01
9.999995e-01
9.999995e-01
9.999995e-01
9.999995e-01
9.999995e-01
9.999995e-01
9.999995e-01
9.999995e-01
9.999995e-01
9.999995e-01
9.999995e-01
9.999995e-01
9.999995e-01
9.999995e-01
9.999995e-01
9.999995e-01
9.999995e-01
9.999995e-01
9.999995e-01
9.999995e-01
9.999995e-01
9.999995e-01
9.999995e-01
9.999995e-01
9.999995e-01
9.999995e-01
9.999995e-01
9.999995e-01
9.999995e-01
9.999995e-01
9.999995e-01
9.999995e-01
9.999995e-01
9.999995e-01
9.999995e-01
9.999995e-01
9.999995e-01
9.999995e-01
9.999995e-01
9.999995e-01
9.999995e-01
9.999995e-01
9.999995e-01
9.999995e-01
9.999995e-01
9.999995e-01
9.999995e-01
9.999995e-01
9.999995e-01
9.999995e-01
9.999995e-01
9.999995e-01
9.999995e-01
9.999995e-01
9.999995e-01
9.999995e-01
9.999995e-01
9.999995e-01
9.999995e-01
9.999995e-01
9.999995e-01
9.999995e-01
9.999995e-01
9.999995e-01
9.999995e-01
9.999995e-01
9.999995e-01
9.999995e-01
9.999995e-01
9.999995e-01
9.999995e-01
9.999995e-01
9.999995e-01
9.999995e-01
9.999995e-01
9.999995e-01
9.999995e-01
9.999995e-01
9.999995e-01
9.999995e-01
9.999995e-01
9.999995e-01
9.999995e-01
9.999995e-01
9.999995e-01
9.999995e-01
9.999995e-01
9.999995e-01
9.999995e-01
9.999995e-01
9.999995e-01
9.999995e-01
9.999995e-01
9.999995e-01
9.999995e-01
9.999995e-01
9.999995e-01
9.999995e-01
9.999995e-01
9.999995e-01
9.999995e-01
9.999995e-01
9.999995e-01
9.999995e-01
9.999995e-01
9.999995e-01
9.999995e-01
9.999995e-01
9.999995e-01
9.999995e-01
9.999995e-01
9.999995e-01
9.999995e-01
9.999995e-01
9.999995e-01
9.999995e-01
9.999995e-01
9.999995e-01
9.999995e-01
9.999995e-01
9.999995e-01
9.999995e-01
9.999995e-01
9.999995e-01
9.999995e-01
9.999995e-01
9.999995e-01
9.999995e-01
9.999995e-01
9.999995e-01
9.999995e-01
9.999995e-01
9.999996e-01
9.999996e-01
9.999996e-01
9.999996e-01
9.999996e-01
9.999996e-01
9.999996e-01
9.999996e-01
9.999996e-01
9.999996e-01
9.999996e-01
9.999996e-01
9.999996e-01
9.999996e-01
9.999996e-01
9.999996e-01
9.999996e-01
9.999996e-01
9.999996e-01
9.999996e-01
9.999996e-01
9.999996e-01
9.999996e-01
9.999996e-01
9.999996e-01
9.999996e-01
9.999996e-01
9.999996e-01
9.999996e-01
9.999996e-01
9.999996e-01
9.999996e-01
9.999996e-01
9.999996e-01
9.999996e-01
9.999996e-01
9.999996e-01
9.999996e-01
9.999996e-01
9.999996e-01
9.999996e-01
9.999996e-01
9.999996e-01
9.999996e-01
9.999996e-01
9.999996e-01
9.999996e-01
9.999996e-01
9.999996e-01
9.999996e-01
9.999996e-01
9.999996e-01
9.999996e-01
9.999996e-01
9.999996e-01
9.999996e-01
9.999996e-01
9.999997e-01
9.999997e-01
9.999997e-01
9.999997e-01
9.999997e-01
9.999997e-01
9.999997e-01
9.999997e-01
9.999997e-01
9.999997e-01
9.999997e-01
9.999997e-01
9.999997e-01
9.999997e-01
9.999997e-01
9.999997e-01
9.999997e-01
9.999997e-01
9.999997e-01
9.999997e-01
9.999997e-01
9.999997e-01
9.999997e-01
9.999997e-01
9.999997e-01
9.999997e-01
9.999997e-01
9.999997e-01
9.999997e-01
9.999997e-01
9.999997e-01
9.999997e-01
9.999997e-01
9.999997e-01
9.999997e-01
9.999997e-01
9.999997e-01
9.999997e-01
9.999997e-01
9.999997e-01
9.999997e-01
9.999997e-01
9.999997e-01
9.999998e-01
9.999998e-01
9.999998e-01
9.999998e-01
9.999998e-01
9.999998e-01
9.999998e-01
9.999998e-01
9.999998e-01
9.999998e-01
9.999998e-01
9.999998e-01
9.999998e-01
9.999998e-01
9.999998e-01
9.999998e-01
9.999998e-01
9.999998e-01
9.999998e-01
9.999998e-01
9.999998e-01
9.999998e-01
9.999998e-01
9.999998e-01
9.999998e-01
9.999998e-01
9.999998e-01
9.999998e-01
9.999998e-01
9.999998e-01
9.999998e-01
9.999998e-01
9.999998e-01
9.999998e-01
9.999998e-01
9.999998e-01
9.999998e-01
9.999998e-01
9.999999e-01
9.999999e-01
9.999999e-01
9.999999e-01
9.999999e-01
9.999999e-01
9.999999e-01
9.999999e-01
9.999999e-01
9.999999e-01
9.999999e-01
9.999999e-01
9.999999e-01
9.999999e-01
9.999999e-01
9.999999e-01
9.999999e-01
9.999999e-01
9.999999e-01
9.999999e-01
9.999999e-01
9.999998e-01
9.999998e-01
9.999997e-01
9.999996e-01
9.999994e-01
9.999991e-01
9.999986e-01
9.999977e-01
9.999963e-01
9.999939e-01
9.999901e-01
9.999837e-01
9.999731e-01
9.999557e-01
9.999270e-01
9.998796e-01
9.998016e-01
9.996729e-01
9.994608e-01
9.991114e-01
9.985358e-01
9.975883e-01
9.960301e-01
9.934715e-01
9.892817e-01
9.824506e-01
9.713917e-01
9.536923e-01
9.258782e-01
8.834004e-01
8.212784e-01
7.359518e-01
6.283239e-01
5.062579e-01
3.834413e-01
2.738916e-01
1.861888e-01
1.218564e-01
7.763183e-02
4.856969e-02
3.003296e-02
1.843375e-02
1.126233e-02
6.861359e-03
4.172898e-03
2.535160e-03
1.539196e-03
9.341436e-04
5.668040e-04
3.438700e-04
2.086058e-04
1.265464e-04
7.676890e-05
4.657526e-05
2.826153e-05
1.715376e-05
1.041694e-05
6.331223e-06
3.853588e-06
2.351238e-06
1.440502e-06
8.885341e-07
5.542287e-07
3.518887e-07
2.296375e-07
1.559176e-07
1.116735e-07
8.526894e-08
6.971877e-08
6.071884e-08
5.572124e-08
5.312218e-08
5.200334e-08
5.175682e-08
5.206155e-08
5.267806e-08
5.350309e-08
5.443446e-08
5.544743e-08
5.649182e-08
5.757039e-08
5.865335e-08
5.975243e-08
6.084642e-08
6.194931e-08
6.304404e-08
6.414452e-08
6.523603e-08
6.633170e-08
6.741839e-08
6.850826e-08
6.958940e-08
7.067301e-08
7.174818e-08
7.282524e-08
7.389415e-08
7.496444e-08
7.602684e-08
7.709018e-08
7.814585e-08
7.920205e-08
8.025078e-08
8.129965e-08
8.234122e-08
8.338259e-08
8.441680e-08
8.545049e-08
8.647714e-08
8.750296e-08
8.852185e-08
8.953963e-08
9.055056e-08
9.156011e-08
9.256289e-08
9.356404e-08
9.455847e-08
9.555104e-08
9.653693e-08
9.752074e-08
9.849791e-08
9.947279e-08
1.004410e-07
1.014068e-07
1.023660e-07
1.033225e-07
1.042724e-07
1.052194e-07
1.061598e-07
1.070972e-07
1.080280e-07
1.089556e-07
1.098766e-07
1.107943e-07
1.117053e-07
1.126128e-07
1.135136e-07
1.144108e-07
1.153014e-07
1.161881e-07
1.170682e-07
1.179443e-07
1.188137e-07
1.196791e-07
1.205377e-07
1.213921e-07
1.222397e-07
1.230830e-07
1.239195e-07
1.247515e-07
1.255767e-07
1.263974e-07
1.272111e-07
1.280202e-07
1.288224e-07
1.296198e-07
1.304102e-07
1.311957e-07
1.319742e-07
1.327478e-07
1.335143e-07
1.342757e-07
1.350300e-07
1.357791e-07
1.365211e-07
1.372578e-07
1.379874e-07
1.387116e-07
1.394285e-07
1.401400e-07
1.408442e-07
1.415429e-07
1.422343e-07
1.429200e-07
1.435984e-07
1.442710e-07
1.449363e-07
1.455958e-07
1.462478e-07
1.468940e-07
1.475327e-07
1.481654e-07
1.487906e-07
1.494098e-07
1.500214e-07
1.506269e-07
1.512249e-07
1.518166e-07
1.524007e-07
1.529786e-07
1.535488e-07
1.541126e-07
1.546688e-07
1.552185e-07
1.557606e-07
1.562961e-07
1.568240e-07
1.573452e-07
1.578587e-07
1.583656e-07
1.588646e-07
1.593570e-07
1.598416e-07
1.603194e-07
1.607893e-07
1.612525e-07
1.617077e-07
1.621561e-07
1.625966e-07
1.630302e-07
1.634557e-07
1.638744e-07
1.642851e-07
1.646888e-07
1.650844e-07
1.654730e-07
1.658536e-07
1.662271e-07
1.665924e-07
1.669507e-07
1.673009e-07
1.676439e-07
1.679787e-07
1.683064e-07
1.686259e-07
1.689382e-07
1.692423e-07
1.695392e-07
1.698278e-07
1.701091e-07
1.703822e-07
1.706480e-07
1.709055e-07
1.711557e-07
1.713976e-07
1.716322e-07
1.718584e-07
1.720772e-07
1.722877e-07
1.724908e-07
1.726856e-07
1.728729e-07
1.730519e-07
1.732234e-07
1.733866e-07
1.735423e-07
1.736896e-07
1.738294e-07
1.739608e-07
1.740848e-07
1.742003e-07
1.743083e-07
1.744079e-07
1.745000e-07
1.745836e-07
1.746598e-07
1.747275e-07
1.747877e-07
1.748394e-07
1.748836e-07
1.749193e-07
1.749475e-07
1.749673e-07
1.749795e-07
