2.053746e-12
2.287115e-12
2.052469e-12
2.285838e-12
2.051026e-12
2.284450e-12
2.049139e-12
2.282841e-12
2.047140e-12
2.280953e-12
2.044531e-12
2.278733e-12
2.041645e-12
2.276401e-12
2.038369e-12
2.273959e-12
2.034872e-12
2.271516e-12
2.031597e-12
2.268852e-12
2.027600e-12
2.266187e-12
2.023548e-12
2.263134e-12
2.019218e-12
2.260359e-12
2.014666e-12
2.257305e-12
2.009781e-12
2.254086e-12
2.004785e-12
2.250478e-12
1.999345e-12
2.246980e-12
1.993405e-12
2.242928e-12
1.987299e-12
2.239153e-12
1.980915e-12
2.235045e-12
1.974088e-12
2.230605e-12
1.966760e-12
2.225387e-12
1.958822e-12
2.220391e-12
1.950440e-12
2.215006e-12
1.941447e-12
2.209399e-12
1.932565e-12
2.203127e-12
1.922462e-12
2.196854e-12
1.912137e-12
2.189915e-12
1.901146e-12
2.182698e-12
1.889655e-12
2.175482e-12
1.877831e-12
2.167988e-12
1.865563e-12
2.160327e-12
1.852740e-12
2.152334e-12
1.839418e-12
2.144063e-12
1.825207e-12
2.135347e-12
1.810774e-12
2.126244e-12
1.795564e-12
2.117140e-12
1.780021e-12
2.107647e-12
1.763367e-12
2.097600e-12
1.746214e-12
2.087552e-12
1.728229e-12
2.077116e-12
1.710077e-12
2.066292e-12
1.690592e-12
2.055245e-12
1.670886e-12
2.043810e-12
1.650124e-12
2.032430e-12
1.628808e-12
2.020939e-12
1.606937e-12
2.009226e-12
1.584510e-12
1.997569e-12
1.561251e-12
1.985634e-12
1.537326e-12
1.973588e-12
1.512346e-12
1.961875e-12
1.487199e-12
1.949996e-12
1.461442e-12
1.938727e-12
1.435019e-12
1.927236e-12
1.407874e-12
1.916634e-12
1.380229e-12
1.906086e-12
1.351641e-12
1.896261e-12
1.322997e-12
1.886269e-12
1.292910e-12
1.877332e-12
1.262268e-12
1.868616e-12
1.230738e-12
1.860734e-12
1.198597e-12
1.853628e-12
1.165401e-12
1.847467e-12
1.131317e-12
1.841971e-12
1.096012e-12
1.837586e-12
1.059763e-12
1.834088e-12
1.022071e-12
1.831979e-12
9.830470e-13
1.830924e-12
9.425238e-13
1.831590e-12
9.003909e-13
1.833422e-12
8.563150e-13
1.837308e-12
8.102963e-13
1.843303e-12
7.621126e-13
1.851685e-12
7.124301e-13
1.862788e-12
6.594725e-13
1.876610e-12
6.040723e-13
1.893874e-12
5.456191e-13
1.914968e-12
4.838907e-13
1.940392e-12
4.180545e-13
1.970535e-12
3.479439e-13
2.005784e-12
2.729483e-13
2.047418e-12
1.924017e-13
2.096490e-12
1.068590e-13
2.156331e-12
1.842970e-14
2.233047e-12
-6.539214e-14
2.342515e-12
-1.216804e-13
2.526201e-12
-8.670842e-14
2.895129e-12
2.169931e-13
3.746559e-12
1.273648e-12
5.885681e-12
4.403589e-12
1.149753e-11
1.319878e-11
2.651657e-11
3.743195e-11
6.706657e-11
1.036721e-10
1.769699e-10
2.841528e-10
4.753392e-10
7.752330e-10
1.285943e-09
2.110687e-09
3.488860e-09
5.741480e-09
9.476373e-09
1.561177e-08
2.575135e-08
4.244291e-08
6.999041e-08
1.153786e-07
1.902435e-07
3.136397e-07
5.171237e-07
8.525703e-07
1.405673e-06
2.317535e-06
3.820991e-06
6.299702e-06
1.038645e-05
1.712420e-05
2.823276e-05
4.654705e-05
7.674085e-05
1.265179e-04
2.085757e-04
3.438366e-04
5.667644e-04
9.340930e-04
1.539126e-03
2.535059e-03
4.172744e-03
6.861119e-03
1.126195e-02
1.843314e-02
3.003199e-02
4.856815e-02
7.762946e-02
1.218529e-01
1.861838e-01
2.738850e-01
3.834335e-01
5.062497e-01
6.283162e-01
7.359454e-01
8.212736e-01
8.833970e-01
9.258759e-01
9.536909e-01
9.713908e-01
9.824501e-01
9.892814e-01
9.934713e-01
9.960300e-01
9.975883e-01
9.985358e-01
9.991114e-01
9.994609e-01
9.996729e-01
9.998016e-01
9.998797e-01
9.999270e-01
9.999557e-01
9.999731e-01
9.999837e-01
9.999901e-01
9.999940e-01
9.999964e-01
9.999978e-01
9.999987e-01
9.999992e-01
9.999995e-01
9.999997e-01
9.999998e-01
9.999999e-01
9.999999e-01
1.000000e+00
1.000000e+00
1.000000e+00
1.000000e+00
1.000000e+00
1.000000e+00
1.000000e+00
1.000000e+00
1.000000e+00
1.000000e+00
1.000000e+00
1.000000e+00
1.000000e+00
1.000000e+00
1.000000e+00
1.000000e+00
1.000000e+00
1.000000e+00
1.000000e+00
1.000000e+00
1.000000e+00
1.000000e+00
1.000000e+00
1.000000e+00
1.000000e+00
1.000000e+00
1.000000e+00
1.000000e+00
1.000000e+00
1.000000e+00
1.000000e+00
1.000000e+00
1.000000e+00
1.000000e+00
1.000000e+00
1.000000e+00
1.000000e+00
1.000000e+00
1.000000e+00
1.000000e+00
1.000000e+00
1.000000e+00
1.000000e+00
1.000000e+00
1.000000e+00
1.000000e+00
1.000000e+00
1.000000e+00
1.000000e+00
1.000000e+00
1.000000e+00
1.000000e+00
1.000000e+00
1.000000e+00
1.000000e+00
1.000000e+00
1.000000e+00
1.000000e+00
1.000000e+00
1.000000e+00
1.000000e+00
1.000000e+00
1.000000e+00
1.000000e+00
1.000000e+00
1.000000e+00
1.000000e+00
1.000000e+00
1.000000e+00
1.000000e+00
1.000000e+00
1.000000e+00
1.000000e+00
1.000000e+00
1.000000e+00
1.000000e+00
1.000000e+00
1.000000e+00
1.000000e+00
1.000000e+00
1.000000e+00
1.000000e+00
1.000000e+00
1.000000e+00
1.000000e+00
1.000000e+00
1.000000e+00
1.000000e+00
1.000000e+00
1.000000e+00
1.000000e+00
1.000000e+00
1.000000e+00
1.000000e+00
1.000000e+00
1.000000e+00
1.000000e+00
1.000000e+00
1.000000e+00
1.000000e+00
1.000000e+00
1.000000e+00
1.000000e+00
1.000000e+00
1.000000e+00
1.000000e+00
1.000000e+00
1.000000e+00
1.000000e+00
1.000000e+00
1.000000e+00
1.000000e+00
1.000000e+00
1.000000e+00
1.000000e+00
1.000000e+00
1.000000e+00
1.000000e+00
1.000000e+00
1.000000e+00
1.000000e+00
1.000000e+00
1.000000e+00
1.000000e+00
1.000000e+00
1.000000e+00
1.000000e+00
1.000000e+00
1.000000e+00
1.000000e+00
1.000000e+00
1.000000e+00
1.000000e+00
1.000000e+00
1.000000e+00
1.000000e+00
1.000000e+00
1.000000e+00
1.000000e+00
1.000000e+00
1.000000e+00
1.000000e+00
1.000000e+00
1.000000e+00
1.000000e+00
1.000000e+00
1.000000e+00
1.000000e+00
1.000000e+00
1.000000e+00
1.000000e+00
1.000000e+00
1.000000e+00
1.000000e+00
1.000000e+00
1.000000e+00
1.000000e+00
1.000000e+00
1.000000e+00
1.000000e+00
1.000000e+00
1.000000e+00
1.000000e+00
1.000000e+00
1.000000e+00
1.000000e+00
1.000000e+00
1.000000e+00
1.000000e+00
1.000000e+00
1.000000e+00
1.000000e+00
1.000000e+00
1.000000e+00
1.000000e+00
1.000000e+00
1.000000e+00
1.000000e+00
1.000000e+00
1.000000e+00
1.000000e+00
1.000000e+00
1.000000e+00
1.000000e+00
1.000000e+00
1.000000e+00
1.000000e+00
1.000000e+00
1.000000e+00
1.000000e+00
1.000000e+00
1.000000e+00
1.000000e+00
1.000000e+00
1.000000e+00
1.000000e+00
1.000000e+00
1.000000e+00
1.000000e+00
1.000000e+00
1.000000e+00
1.000000e+00
1.000000e+00
1.000000e+00
1.000000e+00
1.000000e+00
1.000000e+00
1.000000e+00
1.000000e+00
1.000000e+00
1.000000e+00
1.000000e+00
1.000000e+00
1.000000e+00
1.000000e+00
1.000000e+00
1.000000e+00
1.000000e+00
1.000000e+00
1.000000e+00
1.000000e+00
1.000000e+00
1.000000e+00
1.000000e+00
1.000000e+00
1.000000e+00
1.000000e+00
1.000000e+00
1.000000e+00
1.000000e+00
1.000000e+00
1.000000e+00
1.000000e+00
1.000000e+00
1.000000e+00
1.000000e+00
1.000000e+00
1.000000e+00
1.000000e+00
1.000000e+00
1.000000e+00
1.000000e+00
1.000000e+00
1.000000e+00
1.000000e+00
1.000000e+00
1.000000e+00
1.000000e+00
1.000000e+00
1.000000e+00
1.000000e+00
1.000000e+00
1.000000e+00
1.000000e+00
1.000000e+00
1.000000e+00
1.000000e+00
1.000000e+00
1.000000e+00
1.000000e+00
1.000000e+00
1.000000e+00
1.000000e+00
1.000000e+00
1.000000e+00
1.000000e+00
1.000000e+00
1.000000e+00
1.000000e+00
1.000000e+00
1.000000e+00
1.000000e+00
1.000000e+00
1.000000e+00
1.000000e+00
1.000000e+00
1.000000e+00
1.000000e+00
1.000000e+00
1.000000e+00
1.000000e+00
1.000000e+00
1.000000e+00
1.000000e+00
1.000000e+00
1.000000e+00
1.000000e+00
1.000000e+00
1.000000e+00
1.000000e+00
1.000000e+00
1.000000e+00
1.000000e+00
1.000000e+00
1.000000e+00
1.000000e+00
1.000000e+00
1.000000e+00
1.000000e+00
1.000000e+00
1.000000e+00
1.000000e+00
1.000000e+00
1.000000e+00
1.000000e+00
1.000000e+00
1.000000e+00
1.000000e+00
1.000000e+00
1.000000e+00
1.000000e+00
1.000000e+00
1.000000e+00
1.000000e+00
1.000000e+00
1.000000e+00
1.000000e+00
1.000000e+00
1.000000e+00
1.000000e+00
1.000000e+00
1.000000e+00
1.000000e+00
1.000000e+00
1.000000e+00
1.000000e+00
1.000000e+00
1.000000e+00
1.000000e+00
1.000000e+00
1.000000e+00
1.000000e+00
1.000000e+00
1.000000e+00
1.000000e+00
1.000000e+00
1.000000e+00
1.000000e+00
1.000000e+00
1.000000e+00
1.000000e+00
1.000000e+00
1.000000e+00
1.000000e+00
1.000000e+00
1.000000e+00
1.000000e+00
1.000000e+00
1.000000e+00
1.000000e+00
1.000000e+00
1.000000e+00
1.000000e+00
1.000000e+00
1.000000e+00
1.000000e+00
1.000000e+00
1.000000e+00
1.000000e+00
1.000000e+00
1.000000e+00
1.000000e+00
1.000000e+00
1.000000e+00
1.000000e+00
1.000000e+00
1.000000e+00
1.000000e+00
1.000000e+00
1.000000e+00
1.000000e+00
1.000000e+00
1.000000e+00
1.000000e+00
1.000000e+00
1.000000e+00
1.000000e+00
1.000000e+00
1.000000e+00
1.000000e+00
1.000000e+00
1.000000e+00
1.000000e+00
1.000000e+00
1.000000e+00
1.000000e+00
1.000000e+00
1.000000e+00
1.000000e+00
1.000000e+00
1.000000e+00
1.000000e+00
1.000000e+00
1.000000e+00
1.000000e+00
1.000000e+00
1.000000e+00
1.000000e+00
1.000000e+00
1.000000e+00
1.000000e+00
1.000000e+00
1.000000e+00
1.000000e+00
1.000000e+00
1.000000e+00
1.000000e+00
1.000000e+00
1.000000e+00
1.000000e+00
1.000000e+00
1.000000e+00
1.000000e+00
1.000000e+00
1.000000e+00
1.000000e+00
1.000000e+00
1.000000e+00
1.000000e+00
1.000000e+00
1.000000e+00
1.000000e+00
1.000000e+00
1.000000e+00
1.000000e+00
1.000000e+00
1.000000e+00
1.000000e+00
1.000000e+00
1.000000e+00
1.000000e+00
1.000000e+00
1.000000e+00
1.000000e+00
1.000000e+00
1.000000e+00
1.000000e+00
1.000000e+00
1.000000e+00
1.000000e+00
1.000000e+00
1.000000e+00
1.000000e+00
1.000000e+00
1.000000e+00
1.000000e+00
1.000000e+00
1.000000e+00
1.000000e+00
1.000000e+00
1.000000e+00
1.000000e+00
1.000000e+00
1.000000e+00
1.000000e+00
1.000000e+00
1.000000e+00
1.000000e+00
1.000000e+00
1.000000e+00
1.000000e+00
1.000000e+00
1.000000e+00
1.000000e+00
1.000000e+00
1.000000e+00
1.000000e+00
1.000000e+00
1.000000e+00
1.000000e+00
1.000000e+00
1.000000e+00
1.000000e+00
1.000000e+00
1.000000e+00
1.000000e+00
1.000000e+00
1.000000e+00
1.000000e+00
1.000000e+00
1.000000e+00
1.000000e+00
1.000000e+00
1.000000e+00
1.000000e+00
1.000000e+00
1.000000e+00
1.000000e+00
1.000000e+00
1.000000e+00
1.000000e+00
1.000000e+00
1.000000e+00
1.000000e+00
1.000000e+00
1.000000e+00
1.000000e+00
9.999999e-01
9.999999e-01
9.999998e-01
9.999997e-01
9.999995e-01
9.999992e-01
9.999987e-01
9.999978e-01
9.999964e-01
9.999940e-01
9.999901e-01
9.999837e-01
9.999731e-01
9.999557e-01
9.999270e-01
9.998797e-01
9.998016e-01
9.996729e-01
9.994609e-01
9.991114e-01
9.985358e-01
9.975883e-01
9.960300e-01
9.934713e-01
9.892814e-01
9.824501e-01
9.713908e-01
9.536909e-01
9.258759e-01
8.833970e-01
8.212736e-01
7.359454e-01
6.283162e-01
5.062497e-01
3.834335e-01
2.738850e-01
1.861838e-01
1.218529e-01
7.762946e-02
4.856815e-02
3.003199e-02
1.843314e-02
1.126195e-02
6.861119e-03
4.172744e-03
2.535059e-03
1.539126e-03
9.340930e-04
5.667644e-04
3.438366e-04
2.085757e-04
1.265179e-04
7.674085e-05
4.654705e-05
2.823276e-05
1.712420e-05
1.038645e-05
6.299702e-06
3.820991e-06
2.317535e-06
1.405673e-06
8.525703e-07
5.171237e-07
3.136397e-07
1.902435e-07
1.153786e-07
6.999044e-08
4.244294e-08
2.575138e-08
1.561180e-08
9.476405e-09
5.741514e-09
3.488895e-09
2.110723e-09
1.285981e-09
7.752722e-10
4.753801e-10
2.841951e-10
1.770134e-10
1.037173e-10
6.711265e-11
3.747957e-11
2.656525e-11
1.324874e-11
1.154854e-11
4.455381e-12
5.938527e-12
1.327605e-12
3.801293e-12
2.729483e-13
2.951583e-12
-2.919887e-14
2.584821e-12
-6.256107e-14
2.402467e-12
-4.440892e-15
2.294775e-12
8.104628e-14
2.220113e-12
1.714184e-13
2.162104e-12
2.587930e-13
2.114697e-12
3.409495e-13
2.074507e-12
4.174994e-13
2.040257e-12
4.886647e-13
2.011502e-12
5.553336e-13
1.986855e-12
6.177836e-13
1.966038e-12
6.761258e-13
1.948219e-12
7.309708e-13
1.933620e-12
7.823742e-13
1.921296e-12
8.310574e-13
1.911304e-12
8.775203e-13
1.903144e-12
9.210410e-13
1.897149e-12
9.627299e-13
1.892542e-12
1.002365e-12
1.889600e-12
1.040501e-12
1.888045e-12
1.076861e-12
1.887657e-12
1.111888e-12
1.888212e-12
1.145362e-12
1.889766e-12
1.177780e-12
1.892209e-12
1.208922e-12
1.895761e-12
1.239231e-12
1.899814e-12
1.268596e-12
1.904921e-12
1.297185e-12
1.910416e-12
1.324663e-12
1.916411e-12
1.351252e-12
1.923017e-12
1.377176e-12
1.930289e-12
1.403211e-12
1.938005e-12
1.427913e-12
1.946221e-12
1.452505e-12
1.954825e-12
1.476597e-12
1.964151e-12
1.500355e-12
1.974088e-12
1.523615e-12
1.984191e-12
1.546818e-12
1.994294e-12
1.569411e-12
2.005007e-12
1.591394e-12
2.015499e-12
1.612876e-12
2.026324e-12
1.634026e-12
2.037093e-12
1.654399e-12
2.047917e-12
1.674272e-12
2.058076e-12
1.693201e-12
2.068401e-12
1.711631e-12
2.078560e-12
1.729172e-12
2.088385e-12
1.746769e-12
2.097822e-12
1.763034e-12
2.107314e-12
1.779354e-12
2.116418e-12
1.794787e-12
2.125522e-12
1.810052e-12
2.134626e-12
1.824818e-12
2.143508e-12
1.839362e-12
2.152556e-12
1.853406e-12
2.161160e-12
1.866729e-12
2.169431e-12
1.879608e-12
2.177647e-12
1.892209e-12
2.185363e-12
1.904032e-12
2.193024e-12
1.915579e-12
2.200129e-12
1.926126e-12
2.206790e-12
1.936229e-12
2.213285e-12
1.945999e-12
2.219669e-12
1.955547e-12
2.225387e-12
1.964207e-12
2.231215e-12
1.972478e-12
2.236378e-12
1.980416e-12
2.241596e-12
1.987965e-12
2.246869e-12
1.995348e-12
2.251532e-12
2.002343e-12
2.256195e-12
2.009060e-12
2.260636e-12
2.015110e-12
2.264522e-12
2.020994e-12
2.268741e-12
2.026490e-12
2.272404e-12
2.031653e-12
2.275791e-12
2.036205e-12
2.278677e-12
2.040257e-12
2.281286e-12
2.043476e-12
2.283507e-12
2.046530e-12
2.285505e-12
2.049527e-12
2.286837e-12
2.051248e-12
2.287948e-12
2.052802e-12
2.288503e-12
2.053802e-12
2.289002e-12
2.054579e-12
2.289058e-12
2.054801e-12
2.288836e-12
2.054579e-12
2.288281e-12
