1.934009e-12
2.167655e-12
1.932898e-12
2.166045e-12
1.930955e-12
2.164546e-12
1.929179e-12
2.162770e-12
1.926626e-12
2.160605e-12
1.923683e-12
2.158052e-12
1.920741e-12
2.155665e-12
1.917411e-12
2.152889e-12
1.913580e-12
2.149947e-12
1.909695e-12
2.146838e-12
1.905531e-12
2.143785e-12
1.901090e-12
2.140454e-12
1.896261e-12
2.137235e-12
1.891431e-12
2.133627e-12
1.886213e-12
2.129963e-12
1.880662e-12
2.126133e-12
1.874279e-12
2.121858e-12
1.868228e-12
2.116918e-12
1.861067e-12
2.112532e-12
1.853961e-12
2.107592e-12
1.846301e-12
2.102318e-12
1.838196e-12
2.096878e-12
1.829925e-12
2.091105e-12
1.821099e-12
2.085221e-12
1.811384e-12
2.078615e-12
1.801281e-12
2.071676e-12
1.790790e-12
2.064848e-12
1.779799e-12
2.057243e-12
1.768141e-12
2.049472e-12
1.756151e-12
2.041922e-12
1.743994e-12
2.033818e-12
1.731115e-12
2.025435e-12
1.717404e-12
2.016720e-12
1.703526e-12
2.007894e-12
1.689038e-12
1.998901e-12
1.674216e-12
1.989520e-12
1.658784e-12
1.980194e-12
1.642630e-12
1.970590e-12
1.626255e-12
1.960709e-12
1.609213e-12
1.950606e-12
1.591449e-12
1.940337e-12
1.573297e-12
1.929790e-12
1.554756e-12
1.919631e-12
1.535549e-12
1.908751e-12
1.515454e-12
1.898093e-12
1.494971e-12
1.887490e-12
1.474043e-12
1.876721e-12
1.452671e-12
1.865952e-12
1.429912e-12
1.855016e-12
1.407374e-12
1.844191e-12
1.383837e-12
1.833811e-12
1.360134e-12
1.823652e-12
1.335432e-12
1.813438e-12
1.310452e-12
1.803890e-12
1.285361e-12
1.794953e-12
1.259493e-12
1.786404e-12
1.232847e-12
1.778078e-12
1.205647e-12
1.770306e-12
1.177780e-12
1.763423e-12
1.149414e-12
1.756706e-12
1.119937e-12
1.750933e-12
1.089795e-12
1.745937e-12
1.058709e-12
1.741662e-12
1.026734e-12
1.738165e-12
9.933721e-13
1.735889e-12
9.591772e-13
1.734501e-12
9.234835e-13
1.734446e-12
8.867351e-13
1.735778e-12
8.484324e-13
1.738387e-12
8.080203e-13
1.742384e-12
7.663314e-13
1.748490e-12
7.226997e-13
1.756484e-12
6.764034e-13
1.766920e-12
6.284973e-13
1.779688e-12
5.778156e-13
1.795786e-12
5.242473e-13
1.814882e-12
4.675704e-13
1.837808e-12
4.073963e-13
1.864897e-12
3.436140e-13
1.896650e-12
2.750022e-13
1.933398e-12
2.011169e-13
1.976364e-12
1.222356e-13
2.026657e-12
3.758105e-14
2.087719e-12
-4.973799e-14
2.165046e-12
-1.328382e-13
2.275680e-12
-1.883493e-13
2.460365e-12
-1.522116e-13
2.830014e-12
1.526557e-13
3.682443e-12
1.209977e-12
5.822398e-12
4.340639e-12
1.143502e-11
1.313666e-11
2.645473e-11
3.737022e-11
6.700518e-11
1.036112e-10
1.769090e-10
2.840924e-10
4.752794e-10
7.751731e-10
1.285884e-09
2.110628e-09
3.488801e-09
5.741421e-09
9.476314e-09
1.561171e-08
2.575130e-08
4.244285e-08
6.999035e-08
1.153785e-07
1.902434e-07
3.136396e-07
5.171236e-07
8.525703e-07
1.405673e-06
2.317535e-06
3.820991e-06
6.299702e-06
1.038645e-05
1.712420e-05
2.823276e-05
4.654705e-05
7.674085e-05
1.265179e-04
2.085757e-04
3.438366e-04
5.667644e-04
9.340930e-04
1.539126e-03
2.535059e-03
4.172744e-03
6.861119e-03
1.126195e-02
1.843314e-02
3.003199e-02
4.856815e-02
7.762946e-02
1.218529e-01
1.861838e-01
2.738850e-01
3.834335e-01
5.062497e-01
6.283162e-01
7.359454e-01
8.212736e-01
8.833970e-01
9.258759e-01
9.536909e-01
9.713908e-01
9.824501e-01
9.892814e-01
9.934713e-01
9.960300e-01
9.975883e-01
9.985358e-01
9.991114e-01
9.994609e-01
9.996729e-01
9.998016e-01
9.998797e-01
9.999270e-01
9.999557e-01
9.999731e-01
9.999837e-01
9.999901e-01
9.999940e-01
9.999964e-01
9.999978e-01
9.999987e-01
9.999992e-01
9.999995e-01
9.999997e-01
9.999998e-01
9.999999e-01
9.999999e-01
1.000000e+00
1.000000e+00
1.000000e+00
1.000000e+00
1.000000e+00
1.000000e+00
1.000000e+00
1.000000e+00
1.000000e+00
1.000000e+00
1.000000e+00
1.000000e+00
1.000000e+00
1.000000e+00
1.000000e+00
1.000000e+00
1.000000e+00
1.000000e+00
1.000000e+00
1.000000e+00
1.000000e+00
1.000000e+00
1.000000e+00
1.000000e+00
1.000000e+00
1.000000e+00
1.000000e+00
1.000000e+00
1.000000e+00
1.000000e+00
1.000000e+00
1.000000e+00
1.000000e+00
1.000000e+00
1.000000e+00
1.000000e+00
1.000000e+00
1.000000e+00
1.000000e+00
1.000000e+00
1.000000e+00
1.000000e+00
1.000000e+00
1.000000e+00
1.000000e+00
1.000000e+00
1.000000e+00
1.000000e+00
1.000000e+00
1.000000e+00
1.000000e+00
1.000000e+00
1.000000e+00
1.000000e+00
1.000000e+00
1.000000e+00
1.000000e+00
1.000000e+00
1.000000e+00
1.000000e+00
1.000000e+00
1.000000e+00
1.000000e+00
1.000000e+00
1.000000e+00
1.000000e+00
1.000000e+00
1.000000e+00
1.000000e+00
1.000000e+00
1.000000e+00
1.000000e+00
1.000000e+00
1.000000e+00
1.000000e+00
1.000000e+00
1.000000e+00
1.000000e+00
1.000000e+00
1.000000e+00
1.000000e+00
1.000000e+00
1.000000e+00
1.000000e+00
1.000000e+00
1.000000e+00
1.000000e+00
1.000000e+00
1.000000e+00
1.000000e+00
1.000000e+00
1.000000e+00
1.000000e+00
1.000000e+00
1.000000e+00
1.000000e+00
1.000000e+00
1.000000e+00
1.000000e+00
1.000000e+00
1.000000e+00
1.000000e+00
1.000000e+00
1.000000e+00
1.000000e+00
1.000000e+00
1.000000e+00
1.000000e+00
1.000000e+00
1.000000e+00
1.000000e+00
1.000000e+00
1.000000e+00
1.000000e+00
1.000000e+00
1.000000e+00
1.000000e+00
1.000000e+00
1.000000e+00
1.000000e+00
1.000000e+00
1.000000e+00
1.000000e+00
1.000000e+00
1.000000e+00
1.000000e+00
1.000000e+00
1.000000e+00
1.000000e+00
1.000000e+00
1.000000e+00
1.000000e+00
1.000000e+00
1.000000e+00
1.000000e+00
1.000000e+00
1.000000e+00
1.000000e+00
1.000000e+00
1.000000e+00
1.000000e+00
1.000000e+00
1.000000e+00
1.000000e+00
1.000000e+00
1.000000e+00
1.000000e+00
1.000000e+00
1.000000e+00
1.000000e+00
1.000000e+00
1.000000e+00
1.000000e+00
1.000000e+00
1.000000e+00
1.000000e+00
1.000000e+00
1.000000e+00
1.000000e+00
1.000000e+00
1.000000e+00
1.000000e+00
1.000000e+00
1.000000e+00
1.000000e+00
1.000000e+00
1.000000e+00
1.000000e+00
1.000000e+00
1.000000e+00
1.000000e+00
1.000000e+00
1.000000e+00
1.000000e+00
1.000000e+00
1.000000e+00
1.000000e+00
1.000000e+00
1.000000e+00
1.000000e+00
1.000000e+00
1.000000e+00
1.000000e+00
1.000000e+00
1.000000e+00
1.000000e+00
1.000000e+00
1.000000e+00
1.000000e+00
1.000000e+00
1.000000e+00
1.000000e+00
1.000000e+00
1.000000e+00
1.000000e+00
1.000000e+00
1.000000e+00
1.000000e+00
1.000000e+00
1.000000e+00
1.000000e+00
1.000000e+00
1.000000e+00
1.000000e+00
1.000000e+00
1.000000e+00
1.000000e+00
1.000000e+00
1.000000e+00
1.000000e+00
1.000000e+00
1.000000e+00
1.000000e+00
1.000000e+00
1.000000e+00
1.000000e+00
1.000000e+00
1.000000e+00
1.000000e+00
1.000000e+00
1.000000e+00
1.000000e+00
1.000000e+00
1.000000e+00
1.000000e+00
1.000000e+00
1.000000e+00
1.000000e+00
1.000000e+00
1.000000e+00
1.000000e+00
1.000000e+00
1.000000e+00
1.000000e+00
1.000000e+00
1.000000e+00
1.000000e+00
1.000000e+00
1.000000e+00
1.000000e+00
1.000000e+00
1.000000e+00
1.000000e+00
1.000000e+00
1.000000e+00
1.000000e+00
1.000000e+00
1.000000e+00
1.000000e+00
1.000000e+00
1.000000e+00
1.000000e+00
1.000000e+00
1.000000e+00
1.000000e+00
1.000000e+00
1.000000e+00
1.000000e+00
1.000000e+00
1.000000e+00
1.000000e+00
1.000000e+00
1.000000e+00
1.000000e+00
1.000000e+00
1.000000e+00
1.000000e+00
1.000000e+00
1.000000e+00
1.000000e+00
1.000000e+00
1.000000e+00
1.000000e+00
1.000000e+00
1.000000e+00
1.000000e+00
1.000000e+00
1.000000e+00
1.000000e+00
1.000000e+00
1.000000e+00
1.000000e+00
1.000000e+00
1.000000e+00
1.000000e+00
1.000000e+00
1.000000e+00
1.000000e+00
1.000000e+00
1.000000e+00
1.000000e+00
1.000000e+00
1.000000e+00
1.000000e+00
1.000000e+00
1.000000e+00
1.000000e+00
1.000000e+00
1.000000e+00
1.000000e+00
1.000000e+00
1.000000e+00
1.000000e+00
1.000000e+00
1.000000e+00
1.000000e+00
1.000000e+00
1.000000e+00
1.000000e+00
1.000000e+00
1.000000e+00
1.000000e+00
1.000000e+00
1.000000e+00
1.000000e+00
1.000000e+00
1.000000e+00
1.000000e+00
1.000000e+00
1.000000e+00
1.000000e+00
1.000000e+00
1.000000e+00
1.000000e+00
1.000000e+00
1.000000e+00
1.000000e+00
1.000000e+00
1.000000e+00
1.000000e+00
1.000000e+00
1.000000e+00
1.000000e+00
1.000000e+00
1.000000e+00
1.000000e+00
1.000000e+00
1.000000e+00
1.000000e+00
1.000000e+00
1.000000e+00
1.000000e+00
1.000000e+00
1.000000e+00
1.000000e+00
1.000000e+00
1.000000e+00
1.000000e+00
1.000000e+00
1.000000e+00
1.000000e+00
1.000000e+00
1.000000e+00
1.000000e+00
1.000000e+00
1.000000e+00
1.000000e+00
1.000000e+00
1.000000e+00
1.000000e+00
1.000000e+00
1.000000e+00
1.000000e+00
1.000000e+00
1.000000e+00
1.000000e+00
1.000000e+00
1.000000e+00
1.000000e+00
1.000000e+00
1.000000e+00
1.000000e+00
1.000000e+00
1.000000e+00
1.000000e+00
1.000000e+00
1.000000e+00
1.000000e+00
1.000000e+00
1.000000e+00
1.000000e+00
1.000000e+00
1.000000e+00
1.000000e+00
1.000000e+00
1.000000e+00
1.000000e+00
1.000000e+00
1.000000e+00
1.000000e+00
1.000000e+00
1.000000e+00
1.000000e+00
1.000000e+00
1.000000e+00
1.000000e+00
1.000000e+00
1.000000e+00
1.000000e+00
1.000000e+00
1.000000e+00
1.000000e+00
1.000000e+00
1.000000e+00
1.000000e+00
1.000000e+00
1.000000e+00
1.000000e+00
1.000000e+00
1.000000e+00
1.000000e+00
1.000000e+00
1.000000e+00
1.000000e+00
1.000000e+00
1.000000e+00
1.000000e+00
1.000000e+00
1.000000e+00
1.000000e+00
1.000000e+00
1.000000e+00
1.000000e+00
1.000000e+00
1.000000e+00
1.000000e+00
1.000000e+00
1.000000e+00
1.000000e+00
1.000000e+00
1.000000e+00
1.000000e+00
1.000000e+00
1.000000e+00
1.000000e+00
1.000000e+00
1.000000e+00
1.000000e+00
1.000000e+00
1.000000e+00
1.000000e+00
1.000000e+00
1.000000e+00
1.000000e+00
1.000000e+00
1.000000e+00
1.000000e+00
1.000000e+00
1.000000e+00
1.000000e+00
1.000000e+00
1.000000e+00
1.000000e+00
1.000000e+00
1.000000e+00
1.000000e+00
1.000000e+00
1.000000e+00
1.000000e+00
1.000000e+00
1.000000e+00
1.000000e+00
1.000000e+00
1.000000e+00
1.000000e+00
1.000000e+00
1.000000e+00
1.000000e+00
1.000000e+00
1.000000e+00
1.000000e+00
1.000000e+00
1.000000e+00
1.000000e+00
1.000000e+00
1.000000e+00
1.000000e+00
1.000000e+00
1.000000e+00
1.000000e+00
1.000000e+00
1.000000e+00
1.000000e+00
1.000000e+00
1.000000e+00
1.000000e+00
1.000000e+00
1.000000e+00
1.000000e+00
1.000000e+00
1.000000e+00
1.000000e+00
1.000000e+00
1.000000e+00
1.000000e+00
1.000000e+00
1.000000e+00
9.999999e-01
9.999999e-01
9.999998e-01
9.999997e-01
9.999995e-01
9.999992e-01
9.999987e-01
9.999978e-01
9.999964e-01
9.999940e-01
9.999901e-01
9.999837e-01
9.999731e-01
9.999557e-01
9.999270e-01
9.998797e-01
9.998016e-01
9.996729e-01
9.994609e-01
9.991114e-01
9.985358e-01
9.975883e-01
9.960300e-01
9.934713e-01
9.892814e-01
9.824501e-01
9.713908e-01
9.536909e-01
9.258759e-01
8.833970e-01
8.212736e-01
7.359454e-01
6.283162e-01
5.062497e-01
3.834335e-01
2.738850e-01
1.861838e-01
1.218529e-01
7.762946e-02
4.856815e-02
3.003199e-02
1.843314e-02
1.126195e-02
6.861119e-03
4.172744e-03
2.535059e-03
1.539126e-03
9.340930e-04
5.667644e-04
3.438366e-04
2.085757e-04
1.265179e-04
7.674085e-05
4.654705e-05
2.823276e-05
1.712420e-05
1.038645e-05
6.299702e-06
3.820991e-06
2.317535e-06
1.405673e-06
8.525703e-07
5.171236e-07
3.136396e-07
1.902434e-07
1.153786e-07
6.999038e-08
4.244288e-08
2.575133e-08
1.561174e-08
9.476348e-09
5.741456e-09
3.488837e-09
2.110665e-09
1.285923e-09
7.752138e-10
4.753213e-10
2.841360e-10
1.769542e-10
1.036575e-10
6.705259e-11
3.741873e-11
2.650435e-11
1.318734e-11
1.148687e-11
4.393430e-12
5.876188e-12
1.264711e-12
3.737954e-12
2.092215e-13
2.887468e-12
-9.381385e-14
2.519707e-12
-1.280087e-13
2.336409e-12
-7.094325e-14
2.227718e-12
1.360023e-14
2.151723e-12
1.025846e-13
2.092659e-12
1.889044e-13
2.043810e-12
2.690626e-13
2.002121e-12
3.444467e-13
1.966316e-12
4.139467e-13
1.935840e-12
4.790612e-13
1.909695e-12
5.392908e-13
1.886824e-12
5.960787e-13
1.867562e-12
6.492029e-13
1.851130e-12
6.991629e-13
1.837197e-12
7.459589e-13
1.825096e-12
7.902012e-13
1.815159e-12
8.320566e-13
1.807388e-12
8.719137e-13
1.800671e-12
9.096057e-13
1.795730e-12
9.456880e-13
1.792122e-12
9.798828e-13
1.789513e-12
1.012912e-12
1.788014e-12
1.044054e-12
1.787459e-12
1.074474e-12
1.787848e-12
1.103284e-12
1.789180e-12
1.131706e-12
1.791400e-12
1.158906e-12
1.794287e-12
1.185052e-12
1.797618e-12
1.210976e-12
1.801947e-12
1.235900e-12
1.806666e-12
1.260103e-12
1.812162e-12
1.284028e-12
1.818046e-12
1.307232e-12
1.824707e-12
1.330325e-12
1.831812e-12
1.352918e-12
1.839862e-12
1.375233e-12
1.848133e-12
1.397493e-12
1.857070e-12
1.419198e-12
1.866118e-12
1.440181e-12
1.875222e-12
1.461331e-12
1.884548e-12
1.481315e-12
1.894263e-12
1.501410e-12
1.903921e-12
1.520672e-12
1.913691e-12
1.539602e-12
1.923517e-12
1.558309e-12
1.933120e-12
1.576295e-12
1.942779e-12
1.593503e-12
1.952272e-12
1.610490e-12
1.961487e-12
1.626865e-12
1.971034e-12
1.642964e-12
1.979972e-12
1.658396e-12
1.989131e-12
1.673717e-12
1.998568e-12
1.688871e-12
2.007672e-12
1.703582e-12
2.016776e-12
1.717515e-12
2.025713e-12
1.731393e-12
2.034262e-12
1.744493e-12
2.042755e-12
1.757594e-12
2.051304e-12
1.770084e-12
2.059353e-12
1.781797e-12
2.067235e-12
1.793454e-12
2.074563e-12
1.804557e-12
2.081890e-12
1.814826e-12
2.088829e-12
1.824929e-12
2.095435e-12
1.834533e-12
2.101985e-12
1.843692e-12
2.107869e-12
1.852352e-12
2.113976e-12
1.860789e-12
2.119582e-12
1.868672e-12
2.125189e-12
1.876610e-12
2.130351e-12
1.883216e-12
2.135514e-12
1.890321e-12
2.139788e-12
1.896594e-12
2.144507e-12
1.902645e-12
2.148781e-12
1.907918e-12
2.152334e-12
1.912970e-12
2.155887e-12
1.917577e-12
2.158995e-12
1.921685e-12
2.161993e-12
1.925182e-12
2.164102e-12
1.928124e-12
2.165990e-12
1.930567e-12
2.167710e-12
1.932676e-12
2.168488e-12
1.934120e-12
2.169154e-12
1.935063e-12
2.169653e-12
1.935341e-12
2.169320e-12
1.935230e-12
2.168654e-12
