1.776690e-12
2.010170e-12
1.775247e-12
2.008782e-12
1.773748e-12
2.007394e-12
1.771749e-12
2.005340e-12
1.769640e-12
2.003508e-12
1.767031e-12
2.001621e-12
1.764311e-12
1.999456e-12
1.761480e-12
1.997180e-12
1.758260e-12
1.994849e-12
1.754874e-12
1.992573e-12
1.751543e-12
1.990186e-12
1.747824e-12
1.987577e-12
1.743716e-12
1.984968e-12
1.739164e-12
1.982192e-12
1.734946e-12
1.979250e-12
1.730283e-12
1.975975e-12
1.725120e-12
1.972811e-12
1.719458e-12
1.969258e-12
1.713518e-12
1.965428e-12
1.707356e-12
1.961542e-12
1.701084e-12
1.957268e-12
1.693867e-12
1.953271e-12
1.686873e-12
1.948885e-12
1.679656e-12
1.944278e-12
1.671496e-12
1.939282e-12
1.662837e-12
1.934064e-12
1.654066e-12
1.928568e-12
1.644573e-12
1.922906e-12
1.634748e-12
1.916745e-12
1.623979e-12
1.910527e-12
1.613487e-12
1.904310e-12
1.602274e-12
1.897593e-12
1.590450e-12
1.890599e-12
1.578015e-12
1.883271e-12
1.565248e-12
1.876110e-12
1.552036e-12
1.868228e-12
1.538381e-12
1.860623e-12
1.523837e-12
1.852629e-12
1.509015e-12
1.844136e-12
1.493472e-12
1.835754e-12
1.477374e-12
1.826983e-12
1.460831e-12
1.818323e-12
1.443790e-12
1.809219e-12
1.425915e-12
1.800005e-12
1.407430e-12
1.790790e-12
1.388167e-12
1.781186e-12
1.368572e-12
1.771749e-12
1.348255e-12
1.762201e-12
1.327216e-12
1.752487e-12
1.305123e-12
1.742773e-12
1.282585e-12
1.733003e-12
1.259270e-12
1.723177e-12
1.235789e-12
1.713796e-12
1.211142e-12
1.704969e-12
1.186440e-12
1.696254e-12
1.161238e-12
1.688372e-12
1.135203e-12
1.680656e-12
1.108613e-12
1.673439e-12
1.081357e-12
1.666889e-12
1.052991e-12
1.660616e-12
1.024014e-12
1.655287e-12
9.939272e-13
1.650402e-12
9.635071e-13
1.646627e-12
9.316437e-13
1.643408e-12
8.986700e-13
1.641243e-12
8.645307e-13
1.640132e-12
8.292811e-13
1.640132e-12
7.923107e-13
1.641243e-12
7.540635e-13
1.643963e-12
7.138179e-13
1.648404e-12
6.722956e-13
1.654510e-12
6.288858e-13
1.663003e-12
5.832557e-13
1.673772e-12
5.355716e-13
1.687095e-12
4.853895e-13
1.703748e-12
4.322098e-13
1.723011e-12
3.760325e-13
1.746769e-12
3.163025e-13
1.773970e-12
2.529088e-13
1.806277e-12
1.849076e-13
1.843803e-12
1.120770e-13
1.887712e-12
3.380629e-14
1.938893e-12
-4.984901e-14
2.000455e-12
-1.367795e-13
2.078837e-12
-2.184919e-13
2.190081e-12
-2.732259e-13
2.376099e-12
-2.359224e-13
2.746914e-12
7.022161e-14
3.600342e-12
1.128875e-12
5.741352e-12
4.260203e-12
1.135531e-11
1.305772e-11
2.637618e-11
3.729250e-11
6.692802e-11
1.035350e-10
1.768337e-10
2.840173e-10
4.752051e-10
7.750995e-10
1.285811e-09
2.110555e-09
3.488730e-09
5.741351e-09
9.476244e-09
1.561164e-08
2.575123e-08
4.244278e-08
6.999029e-08
1.153785e-07
1.902434e-07
3.136395e-07
5.171235e-07
8.525702e-07
1.405673e-06
2.317535e-06
3.820991e-06
6.299702e-06
1.038645e-05
1.712420e-05
2.823276e-05
4.654705e-05
7.674085e-05
1.265179e-04
2.085757e-04
3.438366e-04
5.667644e-04
9.340930e-04
1.539126e-03
2.535059e-03
4.172744e-03
6.861119e-03
1.126195e-02
1.843314e-02
3.003199e-02
4.856815e-02
7.762946e-02
1.218529e-01
1.861838e-01
2.738850e-01
3.834335e-01
5.062497e-01
6.283162e-01
7.359454e-01
8.212736e-01
8.833970e-01
9.258759e-01
9.536909e-01
9.713908e-01
9.824501e-01
9.892814e-01
9.934713e-01
9.960300e-01
9.975883e-01
9.985358e-01
9.991114e-01
9.994609e-01
9.996729e-01
9.998016e-01
9.998797e-01
9.999270e-01
9.999557e-01
9.999731e-01
9.999837e-01
9.999901e-01
9.999940e-01
9.999964e-01
9.999978e-01
9.999987e-01
9.999992e-01
9.999995e-01
9.999997e-01
9.999998e-01
9.999999e-01
9.999999e-01
1.000000e+00
1.000000e+00
1.000000e+00
1.000000e+00
1.000000e+00
1.000000e+00
1.000000e+00
1.000000e+00
1.000000e+00
1.000000e+00
1.000000e+00
1.000000e+00
1.000000e+00
1.000000e+00
1.000000e+00
1.000000e+00
1.000000e+00
1.000000e+00
1.000000e+00
1.000000e+00
1.000000e+00
1.000000e+00
1.000000e+00
1.000000e+00
1.000000e+00
1.000000e+00
1.000000e+00
1.000000e+00
1.000000e+00
1.000000e+00
1.000000e+00
1.000000e+00
1.000000e+00
1.000000e+00
1.000000e+00
1.000000e+00
1.000000e+00
1.000000e+00
1.000000e+00
1.000000e+00
1.000000e+00
1.000000e+00
1.000000e+00
1.000000e+00
1.000000e+00
1.000000e+00
1.000000e+00
1.000000e+00
1.000000e+00
1.000000e+00
1.000000e+00
1.000000e+00
1.000000e+00
1.000000e+00
1.000000e+00
1.000000e+00
1.000000e+00
1.000000e+00
1.000000e+00
1.000000e+00
1.000000e+00
1.000000e+00
1.000000e+00
1.000000e+00
1.000000e+00
1.000000e+00
1.000000e+00
1.000000e+00
1.000000e+00
1.000000e+00
1.000000e+00
1.000000e+00
1.000000e+00
1.000000e+00
1.000000e+00
1.000000e+00
1.000000e+00
1.000000e+00
1.000000e+00
1.000000e+00
1.000000e+00
1.000000e+00
1.000000e+00
1.000000e+00
1.000000e+00
1.000000e+00
1.000000e+00
1.000000e+00
1.000000e+00
1.000000e+00
1.000000e+00
1.000000e+00
1.000000e+00
1.000000e+00
1.000000e+00
1.000000e+00
1.000000e+00
1.000000e+00
1.000000e+00
1.000000e+00
1.000000e+00
1.000000e+00
1.000000e+00
1.000000e+00
1.000000e+00
1.000000e+00
1.000000e+00
1.000000e+00
1.000000e+00
1.000000e+00
1.000000e+00
1.000000e+00
1.000000e+00
1.000000e+00
1.000000e+00
1.000000e+00
1.000000e+00
1.000000e+00
1.000000e+00
1.000000e+00
1.000000e+00
1.000000e+00
1.000000e+00
1.000000e+00
1.000000e+00
1.000000e+00
1.000000e+00
1.000000e+00
1.000000e+00
1.000000e+00
1.000000e+00
1.000000e+00
1.000000e+00
1.000000e+00
1.000000e+00
1.000000e+00
1.000000e+00
1.000000e+00
1.000000e+00
1.000000e+00
1.000000e+00
1.000000e+00
1.000000e+00
1.000000e+00
1.000000e+00
1.000000e+00
1.000000e+00
1.000000e+00
1.000000e+00
1.000000e+00
1.000000e+00
1.000000e+00
1.000000e+00
1.000000e+00
1.000000e+00
1.000000e+00
1.000000e+00
1.000000e+00
1.000000e+00
1.000000e+00
1.000000e+00
1.000000e+00
1.000000e+00
1.000000e+00
1.000000e+00
1.000000e+00
1.000000e+00
1.000000e+00
1.000000e+00
1.000000e+00
1.000000e+00
1.000000e+00
1.000000e+00
1.000000e+00
1.000000e+00
1.000000e+00
1.000000e+00
1.000000e+00
1.000000e+00
1.000000e+00
1.000000e+00
1.000000e+00
1.000000e+00
1.000000e+00
1.000000e+00
1.000000e+00
1.000000e+00
1.000000e+00
1.000000e+00
1.000000e+00
1.000000e+00
1.000000e+00
1.000000e+00
1.000000e+00
1.000000e+00
1.000000e+00
1.000000e+00
1.000000e+00
1.000000e+00
1.000000e+00
1.000000e+00
1.000000e+00
1.000000e+00
1.000000e+00
1.000000e+00
1.000000e+00
1.000000e+00
1.000000e+00
1.000000e+00
1.000000e+00
1.000000e+00
1.000000e+00
1.000000e+00
1.000000e+00
1.000000e+00
1.000000e+00
1.000000e+00
1.000000e+00
1.000000e+00
1.000000e+00
1.000000e+00
1.000000e+00
1.000000e+00
1.000000e+00
1.000000e+00
1.000000e+00
1.000000e+00
1.000000e+00
1.000000e+00
1.000000e+00
1.000000e+00
1.000000e+00
1.000000e+00
1.000000e+00
1.000000e+00
1.000000e+00
1.000000e+00
1.000000e+00
1.000000e+00
1.000000e+00
1.000000e+00
1.000000e+00
1.000000e+00
1.000000e+00
1.000000e+00
1.000000e+00
1.000000e+00
1.000000e+00
1.000000e+00
1.000000e+00
1.000000e+00
1.000000e+00
1.000000e+00
1.000000e+00
1.000000e+00
1.000000e+00
1.000000e+00
1.000000e+00
1.000000e+00
1.000000e+00
1.000000e+00
1.000000e+00
1.000000e+00
1.000000e+00
1.000000e+00
1.000000e+00
1.000000e+00
1.000000e+00
1.000000e+00
1.000000e+00
1.000000e+00
1.000000e+00
1.000000e+00
1.000000e+00
1.000000e+00
1.000000e+00
1.000000e+00
1.000000e+00
1.000000e+00
1.000000e+00
1.000000e+00
1.000000e+00
1.000000e+00
1.000000e+00
1.000000e+00
1.000000e+00
1.000000e+00
1.000000e+00
1.000000e+00
1.000000e+00
1.000000e+00
1.000000e+00
1.000000e+00
1.000000e+00
1.000000e+00
1.000000e+00
1.000000e+00
1.000000e+00
1.000000e+00
1.000000e+00
1.000000e+00
1.000000e+00
1.000000e+00
1.000000e+00
1.000000e+00
1.000000e+00
1.000000e+00
1.000000e+00
1.000000e+00
1.000000e+00
1.000000e+00
1.000000e+00
1.000000e+00
1.000000e+00
1.000000e+00
1.000000e+00
1.000000e+00
1.000000e+00
1.000000e+00
1.000000e+00
1.000000e+00
1.000000e+00
1.000000e+00
1.000000e+00
1.000000e+00
1.000000e+00
1.000000e+00
1.000000e+00
1.000000e+00
1.000000e+00
1.000000e+00
1.000000e+00
1.000000e+00
1.000000e+00
1.000000e+00
1.000000e+00
1.000000e+00
1.000000e+00
1.000000e+00
1.000000e+00
1.000000e+00
1.000000e+00
1.000000e+00
1.000000e+00
1.000000e+00
1.000000e+00
1.000000e+00
1.000000e+00
1.000000e+00
1.000000e+00
1.000000e+00
1.000000e+00
1.000000e+00
1.000000e+00
1.000000e+00
1.000000e+00
1.000000e+00
1.000000e+00
1.000000e+00
1.000000e+00
1.000000e+00
1.000000e+00
1.000000e+00
1.000000e+00
1.000000e+00
1.000000e+00
1.000000e+00
1.000000e+00
1.000000e+00
1.000000e+00
1.000000e+00
1.000000e+00
1.000000e+00
1.000000e+00
1.000000e+00
1.000000e+00
1.000000e+00
1.000000e+00
1.000000e+00
1.000000e+00
1.000000e+00
1.000000e+00
1.000000e+00
1.000000e+00
1.000000e+00
1.000000e+00
1.000000e+00
1.000000e+00
1.000000e+00
1.000000e+00
1.000000e+00
1.000000e+00
1.000000e+00
1.000000e+00
1.000000e+00
1.000000e+00
1.000000e+00
1.000000e+00
1.000000e+00
1.000000e+00
1.000000e+00
1.000000e+00
1.000000e+00
1.000000e+00
1.000000e+00
1.000000e+00
1.000000e+00
1.000000e+00
1.000000e+00
1.000000e+00
1.000000e+00
1.000000e+00
1.000000e+00
1.000000e+00
1.000000e+00
1.000000e+00
1.000000e+00
1.000000e+00
1.000000e+00
1.000000e+00
1.000000e+00
1.000000e+00
1.000000e+00
1.000000e+00
1.000000e+00
1.000000e+00
1.000000e+00
1.000000e+00
1.000000e+00
1.000000e+00
1.000000e+00
1.000000e+00
1.000000e+00
1.000000e+00
1.000000e+00
1.000000e+00
1.000000e+00
1.000000e+00
1.000000e+00
1.000000e+00
1.000000e+00
1.000000e+00
1.000000e+00
1.000000e+00
1.000000e+00
1.000000e+00
1.000000e+00
1.000000e+00
1.000000e+00
1.000000e+00
1.000000e+00
1.000000e+00
1.000000e+00
1.000000e+00
1.000000e+00
1.000000e+00
1.000000e+00
1.000000e+00
1.000000e+00
1.000000e+00
1.000000e+00
1.000000e+00
1.000000e+00
1.000000e+00
1.000000e+00
1.000000e+00
1.000000e+00
1.000000e+00
1.000000e+00
1.000000e+00
1.000000e+00
1.000000e+00
1.000000e+00
1.000000e+00
1.000000e+00
1.000000e+00
1.000000e+00
1.000000e+00
1.000000e+00
1.000000e+00
1.000000e+00
1.000000e+00
1.000000e+00
1.000000e+00
1.000000e+00
1.000000e+00
1.000000e+00
1.000000e+00
1.000000e+00
1.000000e+00
1.000000e+00
1.000000e+00
1.000000e+00
1.000000e+00
1.000000e+00
1.000000e+00
1.000000e+00
9.999999e-01
9.999999e-01
9.999998e-01
9.999997e-01
9.999995e-01
9.999992e-01
9.999987e-01
9.999978e-01
9.999964e-01
9.999940e-01
9.999901e-01
9.999837e-01
9.999731e-01
9.999557e-01
9.999270e-01
9.998797e-01
9.998016e-01
9.996729e-01
9.994609e-01
9.991114e-01
9.985358e-01
9.975883e-01
9.960300e-01
9.934713e-01
9.892814e-01
9.824501e-01
9.713908e-01
9.536909e-01
9.258759e-01
8.833970e-01
8.212736e-01
7.359454e-01
6.283162e-01
5.062497e-01
3.834335e-01
2.738850e-01
1.861838e-01
1.218529e-01
7.762946e-02
4.856815e-02
3.003199e-02
1.843314e-02
1.126195e-02
6.861119e-03
4.172744e-03
2.535059e-03
1.539126e-03
9.340930e-04
5.667644e-04
3.438366e-04
2.085757e-04
1.265179e-04
7.674085e-05
4.654705e-05
2.823276e-05
1.712420e-05
1.038645e-05
6.299702e-06
3.820991e-06
2.317535e-06
1.405673e-06
8.525702e-07
5.171236e-07
3.136396e-07
1.902434e-07
1.153785e-07
6.999031e-08
4.244281e-08
2.575126e-08
1.561167e-08
9.476278e-09
5.741386e-09
3.488766e-09
2.110593e-09
1.285850e-09
7.751403e-10
4.752475e-10
2.840612e-10
1.768786e-10
1.035816e-10
6.697576e-11
3.734146e-11
2.642642e-11
1.310874e-11
1.140749e-11
4.313494e-12
5.795697e-12
1.183609e-12
3.656242e-12
1.267875e-13
2.804756e-12
-1.769696e-13
2.435718e-12
-2.125522e-13
2.251421e-12
-1.563194e-13
2.141953e-12
-7.266410e-14
2.064959e-12
1.565414e-14
2.005063e-12
1.008083e-13
1.955491e-12
1.808553e-13
1.913469e-12
2.552403e-13
1.877221e-12
3.242961e-13
1.846079e-12
3.885225e-13
1.818878e-12
4.487521e-13
1.795730e-12
5.045964e-13
1.775968e-12
5.572209e-13
1.758760e-12
6.067924e-13
1.744493e-12
6.533107e-13
1.732225e-12
6.971645e-13
1.722178e-12
7.388534e-13
1.713740e-12
7.780998e-13
1.706857e-12
8.156809e-13
1.701805e-12
8.513190e-13
1.697809e-12
8.856804e-13
1.695144e-12
9.182100e-13
1.693257e-12
9.491297e-13
1.692424e-12
9.790502e-13
1.692479e-12
1.007916e-12
1.693590e-12
1.035672e-12
1.695033e-12
1.062594e-12
1.697475e-12
1.088352e-12
1.700584e-12
1.113609e-12
1.704303e-12
1.138090e-12
1.708800e-12
1.162015e-12
1.713574e-12
1.185385e-12
1.719180e-12
1.208367e-12
1.725564e-12
1.230793e-12
1.732059e-12
1.252720e-12
1.739275e-12
1.274092e-12
1.746547e-12
1.295297e-12
1.754430e-12
1.316169e-12
1.762368e-12
1.336542e-12
1.770972e-12
1.356304e-12
1.779243e-12
1.375455e-12
1.787848e-12
1.394107e-12
1.796174e-12
1.412426e-12
1.804334e-12
1.429634e-12
1.812772e-12
1.446843e-12
1.820988e-12
1.463552e-12
1.829259e-12
1.479372e-12
1.837142e-12
1.494693e-12
1.844969e-12
1.509570e-12
1.852685e-12
1.523948e-12
1.860512e-12
1.538214e-12
1.867950e-12
1.551537e-12
1.875777e-12
1.565248e-12
1.883382e-12
1.578293e-12
1.890654e-12
1.590672e-12
1.897871e-12
1.602718e-12
1.904921e-12
1.614486e-12
1.912026e-12
1.625866e-12
1.918687e-12
1.636857e-12
1.925182e-12
1.647127e-12
1.931677e-12
1.657285e-12
1.937506e-12
1.666833e-12
1.943612e-12
1.675826e-12
1.949108e-12
1.684486e-12
1.954548e-12
1.693035e-12
1.959655e-12
1.700917e-12
1.964484e-12
1.708356e-12
1.969314e-12
1.715461e-12
1.973699e-12
1.722567e-12
1.978306e-12
1.728950e-12
1.982359e-12
1.735223e-12
1.986467e-12
1.740830e-12
1.990130e-12
1.746270e-12
1.993905e-12
1.751155e-12
1.996903e-12
1.755984e-12
1.999789e-12
1.759870e-12
2.002620e-12
1.763756e-12
2.004841e-12
1.767197e-12
2.006950e-12
1.770084e-12
2.008615e-12
1.772360e-12
2.010003e-12
1.774414e-12
2.010947e-12
1.775802e-12
2.011669e-12
1.777023e-12
2.011946e-12
1.777301e-12
2.012002e-12
1.777911e-12
2.011946e-12
1.777467e-12
2.011225e-12
