1.635581e-12
1.868949e-12
1.634082e-12
1.867728e-12
1.632749e-12
1.866174e-12
1.630474e-12
1.864231e-12
1.628420e-12
1.862233e-12
1.625589e-12
1.859846e-12
1.622424e-12
1.857126e-12
1.619038e-12
1.854461e-12
1.615541e-12
1.852074e-12
1.611600e-12
1.849132e-12
1.607769e-12
1.846301e-12
1.603606e-12
1.843192e-12
1.599332e-12
1.840195e-12
1.594502e-12
1.837031e-12
1.589395e-12
1.833700e-12
1.584177e-12
1.829981e-12
1.578793e-12
1.826261e-12
1.572797e-12
1.822154e-12
1.566469e-12
1.817824e-12
1.559586e-12
1.813327e-12
1.552536e-12
1.808609e-12
1.544764e-12
1.803668e-12
1.536715e-12
1.798284e-12
1.528278e-12
1.792566e-12
1.519396e-12
1.787237e-12
1.509959e-12
1.780964e-12
1.500133e-12
1.774247e-12
1.489808e-12
1.767697e-12
1.479150e-12
1.760925e-12
1.467770e-12
1.753708e-12
1.456113e-12
1.746547e-12
1.444012e-12
1.738831e-12
1.431522e-12
1.730949e-12
1.418088e-12
1.722733e-12
1.404377e-12
1.714517e-12
1.390221e-12
1.706024e-12
1.375400e-12
1.697364e-12
1.360301e-12
1.688316e-12
1.344369e-12
1.679101e-12
1.328104e-12
1.669886e-12
1.311562e-12
1.660783e-12
1.294076e-12
1.651235e-12
1.276201e-12
1.641520e-12
1.257716e-12
1.631750e-12
1.239064e-12
1.621980e-12
1.219469e-12
1.612321e-12
1.199429e-12
1.602829e-12
1.179168e-12
1.593115e-12
1.158018e-12
1.583345e-12
1.136091e-12
1.573630e-12
1.113831e-12
1.564138e-12
1.090905e-12
1.554978e-12
1.067924e-12
1.546208e-12
1.043998e-12
1.537825e-12
1.019740e-12
1.529832e-12
9.950929e-13
1.522504e-12
9.701129e-13
1.516010e-12
9.443557e-13
1.509792e-12
9.180434e-13
1.504352e-12
8.911205e-13
1.499523e-12
8.638090e-13
1.495581e-12
8.352763e-13
1.492362e-12
8.061329e-13
1.490197e-12
7.762679e-13
1.488809e-12
7.452372e-13
1.488587e-12
7.128187e-13
1.489253e-12
6.796230e-13
1.491529e-12
6.447620e-13
1.494804e-12
6.087353e-13
1.499911e-12
5.710987e-13
1.506462e-12
5.315193e-13
1.514899e-12
4.903300e-13
1.525668e-12
4.471978e-13
1.538936e-12
4.017897e-13
1.554590e-12
3.538281e-13
1.573353e-12
3.032574e-13
1.595446e-12
2.498002e-13
1.621370e-12
1.925127e-13
1.651512e-12
1.316169e-13
1.686429e-12
6.644685e-14
1.726785e-12
-3.774758e-15
1.773082e-12
-7.954748e-14
1.827039e-12
-1.602607e-13
1.891376e-12
-2.441936e-13
1.972533e-12
-3.234080e-13
2.086720e-12
-3.751999e-13
2.275180e-12
-3.356204e-13
2.648604e-12
-2.708944e-14
3.504419e-12
1.034284e-12
5.648482e-12
4.168388e-12
1.126493e-11
1.296818e-11
2.628803e-11
3.720557e-11
6.684231e-11
1.034504e-10
1.767503e-10
2.839351e-10
4.751238e-10
7.750196e-10
1.285732e-09
2.110478e-09
3.488653e-09
5.741276e-09
9.476170e-09
1.561157e-08
2.575116e-08
4.244271e-08
6.999022e-08
1.153784e-07
1.902433e-07
3.136395e-07
5.171235e-07
8.525701e-07
1.405673e-06
2.317535e-06
3.820991e-06
6.299702e-06
1.038644e-05
1.712420e-05
2.823276e-05
4.654705e-05
7.674085e-05
1.265179e-04
2.085757e-04
3.438366e-04
5.667644e-04
9.340930e-04
1.539126e-03
2.535059e-03
4.172744e-03
6.861119e-03
1.126195e-02
1.843314e-02
3.003199e-02
4.856815e-02
7.762946e-02
1.218529e-01
1.861838e-01
2.738850e-01
3.834335e-01
5.062497e-01
6.283162e-01
7.359454e-01
8.212736e-01
8.833970e-01
9.258759e-01
9.536909e-01
9.713908e-01
9.824501e-01
9.892814e-01
9.934713e-01
9.960300e-01
9.975883e-01
9.985358e-01
9.991114e-01
9.994609e-01
9.996729e-01
9.998016e-01
9.998797e-01
9.999270e-01
9.999557e-01
9.999731e-01
9.999837e-01
9.999901e-01
9.999940e-01
9.999964e-01
9.999978e-01
9.999987e-01
9.999992e-01
9.999995e-01
9.999997e-01
9.999998e-01
9.999999e-01
9.999999e-01
1.000000e+00
1.000000e+00
1.000000e+00
1.000000e+00
1.000000e+00
1.000000e+00
1.000000e+00
1.000000e+00
1.000000e+00
1.000000e+00
1.000000e+00
1.000000e+00
1.000000e+00
1.000000e+00
1.000000e+00
1.000000e+00
1.000000e+00
1.000000e+00
1.000000e+00
1.000000e+00
1.000000e+00
1.000000e+00
1.000000e+00
1.000000e+00
1.000000e+00
1.000000e+00
1.000000e+00
1.000000e+00
1.000000e+00
1.000000e+00
1.000000e+00
1.000000e+00
1.000000e+00
1.000000e+00
1.000000e+00
1.000000e+00
1.000000e+00
1.000000e+00
1.000000e+00
1.000000e+00
1.000000e+00
1.000000e+00
1.000000e+00
1.000000e+00
1.000000e+00
1.000000e+00
1.000000e+00
1.000000e+00
1.000000e+00
1.000000e+00
1.000000e+00
1.000000e+00
1.000000e+00
1.000000e+00
1.000000e+00
1.000000e+00
1.000000e+00
1.000000e+00
1.000000e+00
1.000000e+00
1.000000e+00
1.000000e+00
1.000000e+00
1.000000e+00
1.000000e+00
1.000000e+00
1.000000e+00
1.000000e+00
1.000000e+00
1.000000e+00
1.000000e+00
1.000000e+00
1.000000e+00
1.000000e+00
1.000000e+00
1.000000e+00
1.000000e+00
1.000000e+00
1.000000e+00
1.000000e+00
1.000000e+00
1.000000e+00
1.000000e+00
1.000000e+00
1.000000e+00
1.000000e+00
1.000000e+00
1.000000e+00
1.000000e+00
1.000000e+00
1.000000e+00
1.000000e+00
1.000000e+00
1.000000e+00
1.000000e+00
1.000000e+00
1.000000e+00
1.000000e+00
1.000000e+00
1.000000e+00
1.000000e+00
1.000000e+00
1.000000e+00
1.000000e+00
1.000000e+00
1.000000e+00
1.000000e+00
1.000000e+00
1.000000e+00
1.000000e+00
1.000000e+00
1.000000e+00
1.000000e+00
1.000000e+00
1.000000e+00
1.000000e+00
1.000000e+00
1.000000e+00
1.000000e+00
1.000000e+00
1.000000e+00
1.000000e+00
1.000000e+00
1.000000e+00
1.000000e+00
1.000000e+00
1.000000e+00
1.000000e+00
1.000000e+00
1.000000e+00
1.000000e+00
1.000000e+00
1.000000e+00
1.000000e+00
1.000000e+00
1.000000e+00
1.000000e+00
1.000000e+00
1.000000e+00
1.000000e+00
1.000000e+00
1.000000e+00
1.000000e+00
1.000000e+00
1.000000e+00
1.000000e+00
1.000000e+00
1.000000e+00
1.000000e+00
1.000000e+00
1.000000e+00
1.000000e+00
1.000000e+00
1.000000e+00
1.000000e+00
1.000000e+00
1.000000e+00
1.000000e+00
1.000000e+00
1.000000e+00
1.000000e+00
1.000000e+00
1.000000e+00
1.000000e+00
1.000000e+00
1.000000e+00
1.000000e+00
1.000000e+00
1.000000e+00
1.000000e+00
1.000000e+00
1.000000e+00
1.000000e+00
1.000000e+00
1.000000e+00
1.000000e+00
1.000000e+00
1.000000e+00
1.000000e+00
1.000000e+00
1.000000e+00
1.000000e+00
1.000000e+00
1.000000e+00
1.000000e+00
1.000000e+00
1.000000e+00
1.000000e+00
1.000000e+00
1.000000e+00
1.000000e+00
1.000000e+00
1.000000e+00
1.000000e+00
1.000000e+00
1.000000e+00
1.000000e+00
1.000000e+00
1.000000e+00
1.000000e+00
1.000000e+00
1.000000e+00
1.000000e+00
1.000000e+00
1.000000e+00
1.000000e+00
1.000000e+00
1.000000e+00
1.000000e+00
1.000000e+00
1.000000e+00
1.000000e+00
1.000000e+00
1.000000e+00
1.000000e+00
1.000000e+00
1.000000e+00
1.000000e+00
1.000000e+00
1.000000e+00
1.000000e+00
1.000000e+00
1.000000e+00
1.000000e+00
1.000000e+00
1.000000e+00
1.000000e+00
1.000000e+00
1.000000e+00
1.000000e+00
1.000000e+00
1.000000e+00
1.000000e+00
1.000000e+00
1.000000e+00
1.000000e+00
1.000000e+00
1.000000e+00
1.000000e+00
1.000000e+00
1.000000e+00
1.000000e+00
1.000000e+00
1.000000e+00
1.000000e+00
1.000000e+00
1.000000e+00
1.000000e+00
1.000000e+00
1.000000e+00
1.000000e+00
1.000000e+00
1.000000e+00
1.000000e+00
1.000000e+00
1.000000e+00
1.000000e+00
1.000000e+00
1.000000e+00
1.000000e+00
1.000000e+00
1.000000e+00
1.000000e+00
1.000000e+00
1.000000e+00
1.000000e+00
1.000000e+00
1.000000e+00
1.000000e+00
1.000000e+00
1.000000e+00
1.000000e+00
1.000000e+00
1.000000e+00
1.000000e+00
1.000000e+00
1.000000e+00
1.000000e+00
1.000000e+00
1.000000e+00
1.000000e+00
1.000000e+00
1.000000e+00
1.000000e+00
1.000000e+00
1.000000e+00
1.000000e+00
1.000000e+00
1.000000e+00
1.000000e+00
1.000000e+00
1.000000e+00
1.000000e+00
1.000000e+00
1.000000e+00
1.000000e+00
1.000000e+00
1.000000e+00
1.000000e+00
1.000000e+00
1.000000e+00
1.000000e+00
1.000000e+00
1.000000e+00
1.000000e+00
1.000000e+00
1.000000e+00
1.000000e+00
1.000000e+00
1.000000e+00
1.000000e+00
1.000000e+00
1.000000e+00
1.000000e+00
1.000000e+00
1.000000e+00
1.000000e+00
1.000000e+00
1.000000e+00
1.000000e+00
1.000000e+00
1.000000e+00
1.000000e+00
1.000000e+00
1.000000e+00
1.000000e+00
1.000000e+00
1.000000e+00
1.000000e+00
1.000000e+00
1.000000e+00
1.000000e+00
1.000000e+00
1.000000e+00
1.000000e+00
1.000000e+00
1.000000e+00
1.000000e+00
1.000000e+00
1.000000e+00
1.000000e+00
1.000000e+00
1.000000e+00
1.000000e+00
1.000000e+00
1.000000e+00
1.000000e+00
1.000000e+00
1.000000e+00
1.000000e+00
1.000000e+00
1.000000e+00
1.000000e+00
1.000000e+00
1.000000e+00
1.000000e+00
1.000000e+00
1.000000e+00
1.000000e+00
1.000000e+00
1.000000e+00
1.000000e+00
1.000000e+00
1.000000e+00
1.000000e+00
1.000000e+00
1.000000e+00
1.000000e+00
1.000000e+00
1.000000e+00
1.000000e+00
1.000000e+00
1.000000e+00
1.000000e+00
1.000000e+00
1.000000e+00
1.000000e+00
1.000000e+00
1.000000e+00
1.000000e+00
1.000000e+00
1.000000e+00
1.000000e+00
1.000000e+00
1.000000e+00
1.000000e+00
1.000000e+00
1.000000e+00
1.000000e+00
1.000000e+00
1.000000e+00
1.000000e+00
1.000000e+00
1.000000e+00
1.000000e+00
1.000000e+00
1.000000e+00
1.000000e+00
1.000000e+00
1.000000e+00
1.000000e+00
1.000000e+00
1.000000e+00
1.000000e+00
1.000000e+00
1.000000e+00
1.000000e+00
1.000000e+00
1.000000e+00
1.000000e+00
1.000000e+00
1.000000e+00
1.000000e+00
1.000000e+00
1.000000e+00
1.000000e+00
1.000000e+00
1.000000e+00
1.000000e+00
1.000000e+00
1.000000e+00
1.000000e+00
1.000000e+00
1.000000e+00
1.000000e+00
1.000000e+00
1.000000e+00
1.000000e+00
1.000000e+00
1.000000e+00
1.000000e+00
1.000000e+00
1.000000e+00
1.000000e+00
1.000000e+00
1.000000e+00
1.000000e+00
1.000000e+00
1.000000e+00
1.000000e+00
1.000000e+00
1.000000e+00
1.000000e+00
1.000000e+00
1.000000e+00
1.000000e+00
1.000000e+00
1.000000e+00
1.000000e+00
1.000000e+00
1.000000e+00
1.000000e+00
1.000000e+00
1.000000e+00
1.000000e+00
1.000000e+00
1.000000e+00
1.000000e+00
1.000000e+00
1.000000e+00
1.000000e+00
1.000000e+00
1.000000e+00
1.000000e+00
1.000000e+00
1.000000e+00
1.000000e+00
1.000000e+00
1.000000e+00
1.000000e+00
1.000000e+00
1.000000e+00
1.000000e+00
1.000000e+00
1.000000e+00
1.000000e+00
1.000000e+00
1.000000e+00
1.000000e+00
1.000000e+00
1.000000e+00
1.000000e+00
1.000000e+00
1.000000e+00
1.000000e+00
1.000000e+00
1.000000e+00
1.000000e+00
1.000000e+00
1.000000e+00
1.000000e+00
1.000000e+00
1.000000e+00
1.000000e+00
1.000000e+00
1.000000e+00
1.000000e+00
9.999999e-01
9.999999e-01
9.999998e-01
9.999997e-01
9.999995e-01
9.999992e-01
9.999987e-01
9.999978e-01
9.999964e-01
9.999940e-01
9.999901e-01
9.999837e-01
9.999731e-01
9.999557e-01
9.999270e-01
9.998797e-01
9.998016e-01
9.996729e-01
9.994609e-01
9.991114e-01
9.985358e-01
9.975883e-01
9.960300e-01
9.934713e-01
9.892814e-01
9.824501e-01
9.713908e-01
9.536909e-01
9.258759e-01
8.833970e-01
8.212736e-01
7.359454e-01
6.283162e-01
5.062497e-01
3.834335e-01
2.738850e-01
1.861838e-01
1.218529e-01
7.762946e-02
4.856815e-02
3.003199e-02
1.843314e-02
1.126195e-02
6.861119e-03
4.172744e-03
2.535059e-03
1.539126e-03
9.340930e-04
5.667644e-04
3.438366e-04
2.085757e-04
1.265179e-04
7.674085e-05
4.654705e-05
2.823276e-05
1.712420e-05
1.038645e-05
6.299702e-06
3.820991e-06
2.317535e-06
1.405673e-06
8.525701e-07
5.171235e-07
3.136395e-07
1.902433e-07
1.153784e-07
6.999024e-08
4.244274e-08
2.575119e-08
1.561160e-08
9.476203e-09
5.741311e-09
3.488689e-09
2.110516e-09
1.285771e-09
7.750600e-10
4.751657e-10
2.839783e-10
1.767945e-10
1.034960e-10
6.688916e-11
3.725342e-11
2.633704e-11
1.301803e-11
1.131567e-11
4.220291e-12
5.701106e-12
1.088130e-12
3.559431e-12
2.847722e-14
2.705280e-12
-2.780554e-13
2.333522e-12
-3.160250e-13
2.146727e-12
-2.624012e-13
2.034373e-12
-1.814660e-13
1.954992e-12
-9.581225e-14
1.892708e-12
-1.282308e-14
1.840639e-12
6.455947e-14
1.795841e-12
1.363909e-13
1.756928e-12
2.028377e-13
1.723066e-12
2.646217e-13
1.693590e-12
3.220757e-13
1.667888e-12
3.755884e-13
1.645351e-12
4.253264e-13
1.625700e-12
4.722889e-13
1.608602e-12
5.164758e-13
1.594169e-12
5.577205e-13
1.581513e-12
5.969669e-13
1.570855e-12
6.341039e-13
1.561806e-12
6.696310e-13
1.554423e-12
7.031042e-13
1.548317e-12
7.351342e-13
1.543710e-12
7.657763e-13
1.539879e-12
7.950862e-13
1.537270e-12
8.230083e-13
1.535438e-12
8.502088e-13
1.534883e-12
8.761880e-13
1.534828e-12
9.017231e-13
1.535938e-12
9.262036e-13
1.537659e-12
9.499068e-13
1.539990e-12
9.732770e-13
1.543266e-12
9.961476e-13
1.547373e-12
1.018352e-12
1.551925e-12
1.040390e-12
1.557365e-12
1.062150e-12
1.563250e-12
1.083744e-12
1.570022e-12
1.104838e-12
1.577016e-12
1.125655e-12
1.584843e-12
1.146361e-12
1.592892e-12
1.166844e-12
1.601330e-12
1.186662e-12
1.609768e-12
1.206257e-12
1.618483e-12
1.225020e-12
1.627032e-12
1.243561e-12
1.635747e-12
1.261435e-12
1.644573e-12
1.278644e-12
1.653233e-12
1.295630e-12
1.661560e-12
1.312006e-12
1.670386e-12
1.328049e-12
1.678824e-12
1.343481e-12
1.687039e-12
1.358746e-12
1.695422e-12
1.373568e-12
1.703915e-12
1.387890e-12
1.712241e-12
1.402212e-12
1.720957e-12
1.416145e-12
1.729228e-12
1.429912e-12
1.737388e-12
1.442679e-12
1.745437e-12
1.455280e-12
1.753209e-12
1.467659e-12
1.760925e-12
1.479483e-12
1.768363e-12
1.490752e-12
1.775413e-12
1.501410e-12
1.782241e-12
1.511680e-12
1.788625e-12
1.521783e-12
1.795508e-12
1.531220e-12
1.801670e-12
1.540268e-12
1.807388e-12
1.548872e-12
1.812994e-12
1.557532e-12
1.818656e-12
1.565470e-12
1.824207e-12
1.573131e-12
1.829648e-12
1.580625e-12
1.834477e-12
1.587508e-12
1.839418e-12
1.594003e-12
1.843858e-12
1.600220e-12
1.847800e-12
1.605882e-12
1.851963e-12
1.611378e-12
1.855405e-12
1.615874e-12
1.858513e-12
1.619926e-12
1.861122e-12
1.623479e-12
1.863343e-12
1.627032e-12
1.865785e-12
1.629585e-12
1.867395e-12
1.631695e-12
1.868616e-12
1.633527e-12
1.869394e-12
1.635025e-12
1.870171e-12
1.635692e-12
1.870448e-12
1.636191e-12
1.870615e-12
1.636302e-12
1.869893e-12
