1.198541e-12
1.432077e-12
1.197320e-12
1.430578e-12
1.195877e-12
1.429412e-12
1.194211e-12
1.427969e-12
1.192380e-12
1.426526e-12
1.190270e-12
1.424971e-12
1.187994e-12
1.423417e-12
1.185940e-12
1.422029e-12
1.183387e-12
1.420586e-12
1.181277e-12
1.419143e-12
1.178779e-12
1.417588e-12
1.175837e-12
1.415812e-12
1.172451e-12
1.414258e-12
1.169342e-12
1.412259e-12
1.165568e-12
1.410372e-12
1.162015e-12
1.408373e-12
1.157796e-12
1.406264e-12
1.153577e-12
1.403710e-12
1.149025e-12
1.401435e-12
1.143918e-12
1.398659e-12
1.138423e-12
1.395717e-12
1.133149e-12
1.392775e-12
1.126987e-12
1.389722e-12
1.120881e-12
1.386447e-12
1.114275e-12
1.383116e-12
1.107614e-12
1.379230e-12
1.099842e-12
1.375122e-12
1.091738e-12
1.370459e-12
1.083189e-12
1.366074e-12
1.074474e-12
1.361522e-12
1.065203e-12
1.356804e-12
1.055656e-12
1.351808e-12
1.045553e-12
1.346756e-12
1.035116e-12
1.340983e-12
1.023903e-12
1.335376e-12
1.012357e-12
1.329603e-12
1.000477e-12
1.323441e-12
9.878209e-13
1.317224e-12
9.747758e-13
1.310896e-12
9.615087e-13
1.304568e-12
9.474088e-13
1.298184e-12
9.334200e-13
1.291522e-12
9.183210e-13
1.284750e-12
9.027223e-13
1.277700e-12
8.861800e-13
1.270872e-12
8.698597e-13
1.264100e-12
8.523737e-13
1.257217e-12
8.348322e-13
1.250111e-12
8.162915e-13
1.243283e-12
7.973067e-13
1.236122e-12
7.776002e-13
1.229239e-12
7.571721e-13
1.222522e-12
7.364109e-13
1.216305e-12
7.154277e-13
1.210476e-12
6.938894e-13
1.205369e-12
6.717960e-13
1.200651e-12
6.491474e-13
1.196598e-12
6.264989e-13
1.192713e-12
6.024625e-13
1.189771e-12
5.778156e-13
1.187384e-12
5.526135e-13
1.185607e-12
5.268563e-13
1.184997e-12
5.000445e-13
1.185441e-12
4.728440e-13
1.186495e-12
4.440337e-13
1.188882e-12
4.145018e-13
1.191935e-12
3.834710e-13
1.196598e-12
3.514411e-13
1.202816e-12
3.180789e-13
1.210532e-12
2.831069e-13
1.219969e-12
2.464140e-13
1.231404e-12
2.083334e-13
1.244893e-12
1.677547e-13
1.261102e-12
1.255107e-13
1.279754e-12
8.054668e-14
1.301348e-12
3.286260e-14
1.326494e-12
-1.809664e-14
1.355194e-12
-7.199796e-14
1.388223e-12
-1.303402e-13
1.425915e-12
-1.926237e-13
1.469103e-12
-2.599032e-13
1.518619e-12
-3.324563e-13
1.575462e-12
-4.101719e-13
1.642964e-12
-4.912737e-13
1.727174e-12
-5.673240e-13
1.844580e-12
-6.156187e-13
2.036482e-12
-5.725975e-13
2.413458e-12
-2.602918e-13
3.273048e-12
8.046341e-13
5.420775e-12
3.942957e-12
1.104128e-11
1.274669e-11
2.606865e-11
3.698819e-11
6.662698e-11
1.032374e-10
1.765393e-10
2.837267e-10
4.749175e-10
7.748156e-10
1.285530e-09
2.110279e-09
3.488456e-09
5.741081e-09
9.475979e-09
1.561138e-08
2.575097e-08
4.244253e-08
6.999003e-08
1.153782e-07
1.902431e-07
3.136393e-07
5.171233e-07
8.525700e-07
1.405673e-06
2.317534e-06
3.820991e-06
6.299702e-06
1.038644e-05
1.712420e-05
2.823276e-05
4.654705e-05
7.674085e-05
1.265179e-04
2.085757e-04
3.438366e-04
5.667644e-04
9.340930e-04
1.539126e-03
2.535059e-03
4.172744e-03
6.861119e-03
1.126195e-02
1.843314e-02
3.003199e-02
4.856815e-02
7.762946e-02
1.218529e-01
1.861838e-01
2.738850e-01
3.834335e-01
5.062497e-01
6.283162e-01
7.359454e-01
8.212736e-01
8.833970e-01
9.258759e-01
9.536909e-01
9.713908e-01
9.824501e-01
9.892814e-01
9.934713e-01
9.960300e-01
9.975883e-01
9.985358e-01
9.991114e-01
9.994609e-01
9.996729e-01
9.998016e-01
9.998797e-01
9.999270e-01
9.999557e-01
9.999731e-01
9.999837e-01
9.999901e-01
9.999940e-01
9.999964e-01
9.999978e-01
9.999987e-01
9.999992e-01
9.999995e-01
9.999997e-01
9.999998e-01
9.999999e-01
9.999999e-01
1.000000e+00
1.000000e+00
1.000000e+00
1.000000e+00
1.000000e+00
1.000000e+00
1.000000e+00
1.000000e+00
1.000000e+00
1.000000e+00
1.000000e+00
1.000000e+00
1.000000e+00
1.000000e+00
1.000000e+00
1.000000e+00
1.000000e+00
1.000000e+00
1.000000e+00
1.000000e+00
1.000000e+00
1.000000e+00
1.000000e+00
1.000000e+00
1.000000e+00
1.000000e+00
1.000000e+00
1.000000e+00
1.000000e+00
1.000000e+00
1.000000e+00
1.000000e+00
1.000000e+00
1.000000e+00
1.000000e+00
1.000000e+00
1.000000e+00
1.000000e+00
1.000000e+00
1.000000e+00
1.000000e+00
1.000000e+00
1.000000e+00
1.000000e+00
1.000000e+00
1.000000e+00
1.000000e+00
1.000000e+00
1.000000e+00
1.000000e+00
1.000000e+00
1.000000e+00
1.000000e+00
1.000000e+00
1.000000e+00
1.000000e+00
1.000000e+00
1.000000e+00
1.000000e+00
1.000000e+00
1.000000e+00
1.000000e+00
1.000000e+00
1.000000e+00
1.000000e+00
1.000000e+00
1.000000e+00
1.000000e+00
1.000000e+00
1.000000e+00
1.000000e+00
1.000000e+00
1.000000e+00
1.000000e+00
1.000000e+00
1.000000e+00
1.000000e+00
1.000000e+00
1.000000e+00
1.000000e+00
1.000000e+00
1.000000e+00
1.000000e+00
1.000000e+00
1.000000e+00
1.000000e+00
1.000000e+00
1.000000e+00
1.000000e+00
1.000000e+00
1.000000e+00
1.000000e+00
1.000000e+00
1.000000e+00
1.000000e+00
1.000000e+00
1.000000e+00
1.000000e+00
1.000000e+00
1.000000e+00
1.000000e+00
1.000000e+00
1.000000e+00
1.000000e+00
1.000000e+00
1.000000e+00
1.000000e+00
1.000000e+00
1.000000e+00
1.000000e+00
1.000000e+00
1.000000e+00
1.000000e+00
1.000000e+00
1.000000e+00
1.000000e+00
1.000000e+00
1.000000e+00
1.000000e+00
1.000000e+00
1.000000e+00
1.000000e+00
1.000000e+00
1.000000e+00
1.000000e+00
1.000000e+00
1.000000e+00
1.000000e+00
1.000000e+00
1.000000e+00
1.000000e+00
1.000000e+00
1.000000e+00
1.000000e+00
1.000000e+00
1.000000e+00
1.000000e+00
1.000000e+00
1.000000e+00
1.000000e+00
1.000000e+00
1.000000e+00
1.000000e+00
1.000000e+00
1.000000e+00
1.000000e+00
1.000000e+00
1.000000e+00
1.000000e+00
1.000000e+00
1.000000e+00
1.000000e+00
1.000000e+00
1.000000e+00
1.000000e+00
1.000000e+00
1.000000e+00
1.000000e+00
1.000000e+00
1.000000e+00
1.000000e+00
1.000000e+00
1.000000e+00
1.000000e+00
1.000000e+00
1.000000e+00
1.000000e+00
1.000000e+00
1.000000e+00
1.000000e+00
1.000000e+00
1.000000e+00
1.000000e+00
1.000000e+00
1.000000e+00
1.000000e+00
1.000000e+00
1.000000e+00
1.000000e+00
1.000000e+00
1.000000e+00
1.000000e+00
1.000000e+00
1.000000e+00
1.000000e+00
1.000000e+00
1.000000e+00
1.000000e+00
1.000000e+00
1.000000e+00
1.000000e+00
1.000000e+00
1.000000e+00
1.000000e+00
1.000000e+00
1.000000e+00
1.000000e+00
1.000000e+00
1.000000e+00
1.000000e+00
1.000000e+00
1.000000e+00
1.000000e+00
1.000000e+00
1.000000e+00
1.000000e+00
1.000000e+00
1.000000e+00
1.000000e+00
1.000000e+00
1.000000e+00
1.000000e+00
1.000000e+00
1.000000e+00
1.000000e+00
1.000000e+00
1.000000e+00
1.000000e+00
1.000000e+00
1.000000e+00
1.000000e+00
1.000000e+00
1.000000e+00
1.000000e+00
1.000000e+00
1.000000e+00
1.000000e+00
1.000000e+00
1.000000e+00
1.000000e+00
1.000000e+00
1.000000e+00
1.000000e+00
1.000000e+00
1.000000e+00
1.000000e+00
1.000000e+00
1.000000e+00
1.000000e+00
1.000000e+00
1.000000e+00
1.000000e+00
1.000000e+00
1.000000e+00
1.000000e+00
1.000000e+00
1.000000e+00
1.000000e+00
1.000000e+00
1.000000e+00
1.000000e+00
1.000000e+00
1.000000e+00
1.000000e+00
1.000000e+00
1.000000e+00
1.000000e+00
1.000000e+00
1.000000e+00
1.000000e+00
1.000000e+00
1.000000e+00
1.000000e+00
1.000000e+00
1.000000e+00
1.000000e+00
1.000000e+00
1.000000e+00
1.000000e+00
1.000000e+00
1.000000e+00
1.000000e+00
1.000000e+00
1.000000e+00
1.000000e+00
1.000000e+00
1.000000e+00
1.000000e+00
1.000000e+00
1.000000e+00
1.000000e+00
1.000000e+00
1.000000e+00
1.000000e+00
1.000000e+00
1.000000e+00
1.000000e+00
1.000000e+00
1.000000e+00
1.000000e+00
1.000000e+00
1.000000e+00
1.000000e+00
1.000000e+00
1.000000e+00
1.000000e+00
1.000000e+00
1.000000e+00
1.000000e+00
1.000000e+00
1.000000e+00
1.000000e+00
1.000000e+00
1.000000e+00
1.000000e+00
1.000000e+00
1.000000e+00
1.000000e+00
1.000000e+00
1.000000e+00
1.000000e+00
1.000000e+00
1.000000e+00
1.000000e+00
1.000000e+00
1.000000e+00
1.000000e+00
1.000000e+00
1.000000e+00
1.000000e+00
1.000000e+00
1.000000e+00
1.000000e+00
1.000000e+00
1.000000e+00
1.000000e+00
1.000000e+00
1.000000e+00
1.000000e+00
1.000000e+00
1.000000e+00
1.000000e+00
1.000000e+00
1.000000e+00
1.000000e+00
1.000000e+00
1.000000e+00
1.000000e+00
1.000000e+00
1.000000e+00
1.000000e+00
1.000000e+00
1.000000e+00
1.000000e+00
1.000000e+00
1.000000e+00
1.000000e+00
1.000000e+00
1.000000e+00
1.000000e+00
1.000000e+00
1.000000e+00
1.000000e+00
1.000000e+00
1.000000e+00
1.000000e+00
1.000000e+00
1.000000e+00
1.000000e+00
1.000000e+00
1.000000e+00
1.000000e+00
1.000000e+00
1.000000e+00
1.000000e+00
1.000000e+00
1.000000e+00
1.000000e+00
1.000000e+00
1.000000e+00
1.000000e+00
1.000000e+00
1.000000e+00
1.000000e+00
1.000000e+00
1.000000e+00
1.000000e+00
1.000000e+00
1.000000e+00
1.000000e+00
1.000000e+00
1.000000e+00
1.000000e+00
1.000000e+00
1.000000e+00
1.000000e+00
1.000000e+00
1.000000e+00
1.000000e+00
1.000000e+00
1.000000e+00
1.000000e+00
1.000000e+00
1.000000e+00
1.000000e+00
1.000000e+00
1.000000e+00
1.000000e+00
1.000000e+00
1.000000e+00
1.000000e+00
1.000000e+00
1.000000e+00
1.000000e+00
1.000000e+00
1.000000e+00
1.000000e+00
1.000000e+00
1.000000e+00
1.000000e+00
1.000000e+00
1.000000e+00
1.000000e+00
1.000000e+00
1.000000e+00
1.000000e+00
1.000000e+00
1.000000e+00
1.000000e+00
1.000000e+00
1.000000e+00
1.000000e+00
1.000000e+00
1.000000e+00
1.000000e+00
1.000000e+00
1.000000e+00
1.000000e+00
1.000000e+00
1.000000e+00
1.000000e+00
1.000000e+00
1.000000e+00
1.000000e+00
1.000000e+00
1.000000e+00
1.000000e+00
1.000000e+00
1.000000e+00
1.000000e+00
1.000000e+00
1.000000e+00
1.000000e+00
1.000000e+00
1.000000e+00
1.000000e+00
1.000000e+00
1.000000e+00
1.000000e+00
1.000000e+00
1.000000e+00
1.000000e+00
1.000000e+00
1.000000e+00
1.000000e+00
1.000000e+00
1.000000e+00
1.000000e+00
1.000000e+00
1.000000e+00
1.000000e+00
1.000000e+00
1.000000e+00
1.000000e+00
1.000000e+00
1.000000e+00
1.000000e+00
1.000000e+00
1.000000e+00
1.000000e+00
1.000000e+00
1.000000e+00
1.000000e+00
1.000000e+00
1.000000e+00
1.000000e+00
1.000000e+00
1.000000e+00
1.000000e+00
1.000000e+00
1.000000e+00
1.000000e+00
1.000000e+00
1.000000e+00
1.000000e+00
1.000000e+00
1.000000e+00
1.000000e+00
1.000000e+00
1.000000e+00
1.000000e+00
1.000000e+00
1.000000e+00
1.000000e+00
1.000000e+00
1.000000e+00
1.000000e+00
9.999999e-01
9.999999e-01
9.999998e-01
9.999997e-01
9.999995e-01
9.999992e-01
9.999987e-01
9.999978e-01
9.999964e-01
9.999940e-01
9.999901e-01
9.999837e-01
9.999731e-01
9.999557e-01
9.999270e-01
9.998797e-01
9.998016e-01
9.996729e-01
9.994609e-01
9.991114e-01
9.985358e-01
9.975883e-01
9.960300e-01
9.934713e-01
9.892814e-01
9.824501e-01
9.713908e-01
9.536909e-01
9.258759e-01
8.833970e-01
8.212736e-01
7.359454e-01
6.283162e-01
5.062497e-01
3.834335e-01
2.738850e-01
1.861838e-01
1.218529e-01
7.762946e-02
4.856815e-02
3.003199e-02
1.843314e-02
1.126195e-02
6.861119e-03
4.172744e-03
2.535059e-03
1.539126e-03
9.340930e-04
5.667644e-04
3.438366e-04
2.085757e-04
1.265179e-04
7.674085e-05
4.654705e-05
2.823276e-05
1.712420e-05
1.038644e-05
6.299702e-06
3.820991e-06
2.317534e-06
1.405673e-06
8.525700e-07
5.171233e-07
3.136393e-07
1.902431e-07
1.153783e-07
6.999006e-08
4.244256e-08
2.575100e-08
1.561141e-08
9.476012e-09
5.741117e-09
3.488493e-09
2.110317e-09
1.285570e-09
7.748571e-10
4.749606e-10
2.837709e-10
1.765851e-10
1.032843e-10
6.667528e-11
3.703760e-11
2.611888e-11
1.279810e-11
1.109357e-11
3.996248e-12
5.475120e-12
8.599788e-13
3.329559e-12
-2.027822e-13
2.471745e-12
-5.130341e-13
2.096545e-12
-5.546674e-13
1.906197e-12
-5.048739e-13
1.790623e-12
-4.268808e-13
1.707912e-12
-3.447798e-13
1.642186e-12
-2.649547e-13
1.586786e-12
-1.907363e-13
1.539158e-12
-1.219580e-13
1.497080e-12
-5.845324e-14
1.460276e-12
1.665335e-16
1.427913e-12
5.467848e-14
1.399048e-12
1.054712e-13
1.373679e-12
1.524336e-13
1.351308e-12
1.962874e-13
1.331546e-12
2.374212e-13
1.314171e-12
2.767231e-13
1.298794e-12
3.129164e-13
1.285139e-12
3.470557e-13
1.273204e-12
3.794187e-13
1.262879e-12
4.103939e-13
1.254052e-12
4.394818e-13
1.246669e-12
4.675704e-13
1.240230e-12
4.939382e-13
1.234957e-12
5.193068e-13
1.230238e-12
5.436207e-13
1.226796e-12
5.671574e-13
1.224687e-12
5.899170e-13
1.222966e-12
6.119549e-13
1.222245e-12
6.332157e-13
1.222189e-12
6.542544e-13
1.222966e-12
6.744605e-13
1.224576e-12
6.945000e-13
1.226685e-12
7.140399e-13
1.229350e-12
7.330248e-13
1.232625e-12
7.515100e-13
1.236511e-12
7.702172e-13
1.240841e-12
7.879808e-13
1.245670e-12
8.059664e-13
1.250888e-12
8.233414e-13
1.256606e-12
8.405499e-13
1.261935e-12
8.572587e-13
1.267986e-12
8.730794e-13
1.273648e-12
8.885115e-13
1.279588e-12
9.039436e-13
1.285583e-12
9.183210e-13
1.291467e-12
9.327539e-13
1.297462e-12
9.462986e-13
1.303291e-12
9.599543e-13
1.309119e-12
9.726664e-13
1.314837e-12
9.850454e-13
1.320444e-12
9.971468e-13
1.326161e-12
1.009193e-12
1.331935e-12
1.020739e-12
1.338152e-12
1.032230e-12
1.343814e-12
1.043221e-12
1.349809e-12
1.054046e-12
1.355138e-12
1.064038e-12
1.360523e-12
1.073919e-12
1.365852e-12
1.082967e-12
1.370626e-12
1.092015e-12
1.375400e-12
1.100398e-12
1.379896e-12
1.108669e-12
1.384559e-12
1.116385e-12
1.389000e-12
1.124045e-12
1.392941e-12
1.131040e-12
1.397105e-12
1.137701e-12
1.400602e-12
1.143807e-12
1.404377e-12
1.150080e-12
1.407818e-12
1.155742e-12
1.411427e-12
1.161515e-12
1.414480e-12
1.166622e-12
1.417699e-12
1.171452e-12
1.420031e-12
1.176059e-12
1.422973e-12
1.180112e-12
1.425304e-12
1.183831e-12
1.427469e-12
1.187550e-12
1.429246e-12
1.190492e-12
1.431077e-12
1.192990e-12
1.432465e-12
1.195100e-12
1.433687e-12
1.197487e-12
1.434408e-12
1.198597e-12
1.434797e-12
1.199374e-12
1.434686e-12
1.199763e-12
1.434519e-12
1.200151e-12
1.434353e-12
1.199874e-12
1.433964e-12
1.199540e-12
1.433076e-12
