1.457057e-12
1.690648e-12
1.456002e-12
1.689038e-12
1.454392e-12
1.688039e-12
1.452505e-12
1.686429e-12
1.450728e-12
1.684763e-12
1.448341e-12
1.682987e-12
1.446065e-12
1.681100e-12
1.443401e-12
1.679212e-12
1.440570e-12
1.677436e-12
1.437461e-12
1.674882e-12
1.434353e-12
1.672995e-12
1.430855e-12
1.670719e-12
1.427247e-12
1.668499e-12
1.423139e-12
1.666001e-12
1.419198e-12
1.663725e-12
1.414924e-12
1.661005e-12
1.410261e-12
1.658451e-12
1.405154e-12
1.654898e-12
1.399658e-12
1.651845e-12
1.394163e-12
1.648848e-12
1.388334e-12
1.645351e-12
1.381839e-12
1.641409e-12
1.375178e-12
1.637468e-12
1.368405e-12
1.633194e-12
1.360467e-12
1.628753e-12
1.352529e-12
1.623868e-12
1.343814e-12
1.618594e-12
1.334821e-12
1.613210e-12
1.325273e-12
1.607436e-12
1.315004e-12
1.601663e-12
1.304845e-12
1.595835e-12
1.293965e-12
1.589617e-12
1.282807e-12
1.583345e-12
1.270983e-12
1.576128e-12
1.258327e-12
1.569356e-12
1.245504e-12
1.561973e-12
1.232070e-12
1.554479e-12
1.217970e-12
1.546763e-12
1.203537e-12
1.538936e-12
1.188549e-12
1.530831e-12
1.173006e-12
1.522893e-12
1.156797e-12
1.514289e-12
1.140144e-12
1.505962e-12
1.122991e-12
1.497302e-12
1.105060e-12
1.488365e-12
1.086131e-12
1.479650e-12
1.067313e-12
1.471101e-12
1.047940e-12
1.462330e-12
1.027622e-12
1.453559e-12
1.006584e-12
1.444567e-12
9.851564e-13
1.436018e-12
9.632295e-13
1.427802e-12
9.409140e-13
1.419975e-12
9.180989e-13
1.412259e-12
8.946177e-13
1.405320e-12
8.709145e-13
1.398881e-12
8.467116e-13
1.392997e-12
8.216205e-13
1.387279e-12
7.959744e-13
1.382172e-12
7.696066e-13
1.377898e-12
7.424061e-13
1.374234e-12
7.142065e-13
1.371736e-12
6.855072e-13
1.369682e-12
6.557532e-13
1.368516e-12
6.250001e-13
1.368794e-12
5.930811e-13
1.369516e-12
5.599965e-13
1.372236e-12
5.256906e-13
1.376177e-12
4.900524e-13
1.381339e-12
4.528600e-13
1.388667e-12
4.140577e-13
1.397715e-12
3.734790e-13
1.409040e-12
3.307354e-13
1.422862e-12
2.858824e-13
1.439127e-12
2.388090e-13
1.458611e-12
1.889600e-13
1.481371e-12
1.358913e-13
1.507794e-12
7.904788e-14
1.538547e-12
1.904032e-14
1.574019e-12
-4.568568e-14
1.614875e-12
-1.152411e-13
1.662115e-12
-1.904588e-13
1.716294e-12
-2.706724e-13
1.781408e-12
-3.537726e-13
1.863676e-12
-4.321543e-13
1.978473e-12
-4.831135e-13
2.167877e-12
-4.421463e-13
2.542577e-12
-1.324496e-13
3.399614e-12
9.298118e-13
5.544509e-12
4.065082e-12
1.116235e-11
1.286604e-11
2.618672e-11
3.710476e-11
6.674217e-11
1.033511e-10
1.766515e-10
2.838370e-10
4.750265e-10
7.749230e-10
1.285636e-09
2.110383e-09
3.488559e-09
5.741182e-09
9.476077e-09
1.561148e-08
2.575106e-08
4.244262e-08
6.999013e-08
1.153783e-07
1.902432e-07
3.136394e-07
5.171234e-07
8.525700e-07
1.405673e-06
2.317535e-06
3.820991e-06
6.299702e-06
1.038644e-05
1.712420e-05
2.823276e-05
4.654705e-05
7.674085e-05
1.265179e-04
2.085757e-04
3.438366e-04
5.667644e-04
9.340930e-04
1.539126e-03
2.535059e-03
4.172744e-03
6.861119e-03
1.126195e-02
1.843314e-02
3.003199e-02
4.856815e-02
7.762946e-02
1.218529e-01
1.861838e-01
2.738850e-01
3.834335e-01
5.062497e-01
6.283162e-01
7.359454e-01
8.212736e-01
8.833970e-01
9.258759e-01
9.536909e-01
9.713908e-01
9.824501e-01
9.892814e-01
9.934713e-01
9.960300e-01
9.975883e-01
9.985358e-01
9.991114e-01
9.994609e-01
9.996729e-01
9.998016e-01
9.998797e-01
9.999270e-01
9.999557e-01
9.999731e-01
9.999837e-01
9.999901e-01
9.999940e-01
9.999964e-01
9.999978e-01
9.999987e-01
9.999992e-01
9.999995e-01
9.999997e-01
9.999998e-01
9.999999e-01
9.999999e-01
1.000000e+00
1.000000e+00
1.000000e+00
1.000000e+00
1.000000e+00
1.000000e+00
1.000000e+00
1.000000e+00
1.000000e+00
1.000000e+00
1.000000e+00
1.000000e+00
1.000000e+00
1.000000e+00
1.000000e+00
1.000000e+00
1.000000e+00
1.000000e+00
1.000000e+00
1.000000e+00
1.000000e+00
1.000000e+00
1.000000e+00
1.000000e+00
1.000000e+00
1.000000e+00
1.000000e+00
1.000000e+00
1.000000e+00
1.000000e+00
1.000000e+00
1.000000e+00
1.000000e+00
1.000000e+00
1.000000e+00
1.000000e+00
1.000000e+00
1.000000e+00
1.000000e+00
1.000000e+00
1.000000e+00
1.000000e+00
1.000000e+00
1.000000e+00
1.000000e+00
1.000000e+00
1.000000e+00
1.000000e+00
1.000000e+00
1.000000e+00
1.000000e+00
1.000000e+00
1.000000e+00
1.000000e+00
1.000000e+00
1.000000e+00
1.000000e+00
1.000000e+00
1.000000e+00
1.000000e+00
1.000000e+00
1.000000e+00
1.000000e+00
1.000000e+00
1.000000e+00
1.000000e+00
1.000000e+00
1.000000e+00
1.000000e+00
1.000000e+00
1.000000e+00
1.000000e+00
1.000000e+00
1.000000e+00
1.000000e+00
1.000000e+00
1.000000e+00
1.000000e+00
1.000000e+00
1.000000e+00
1.000000e+00
1.000000e+00
1.000000e+00
1.000000e+00
1.000000e+00
1.000000e+00
1.000000e+00
1.000000e+00
1.000000e+00
1.000000e+00
1.000000e+00
1.000000e+00
1.000000e+00
1.000000e+00
1.000000e+00
1.000000e+00
1.000000e+00
1.000000e+00
1.000000e+00
1.000000e+00
1.000000e+00
1.000000e+00
1.000000e+00
1.000000e+00
1.000000e+00
1.000000e+00
1.000000e+00
1.000000e+00
1.000000e+00
1.000000e+00
1.000000e+00
1.000000e+00
1.000000e+00
1.000000e+00
1.000000e+00
1.000000e+00
1.000000e+00
1.000000e+00
1.000000e+00
1.000000e+00
1.000000e+00
1.000000e+00
1.000000e+00
1.000000e+00
1.000000e+00
1.000000e+00
1.000000e+00
1.000000e+00
1.000000e+00
1.000000e+00
1.000000e+00
1.000000e+00
1.000000e+00
1.000000e+00
1.000000e+00
1.000000e+00
1.000000e+00
1.000000e+00
1.000000e+00
1.000000e+00
1.000000e+00
1.000000e+00
1.000000e+00
1.000000e+00
1.000000e+00
1.000000e+00
1.000000e+00
1.000000e+00
1.000000e+00
1.000000e+00
1.000000e+00
1.000000e+00
1.000000e+00
1.000000e+00
1.000000e+00
1.000000e+00
1.000000e+00
1.000000e+00
1.000000e+00
1.000000e+00
1.000000e+00
1.000000e+00
1.000000e+00
1.000000e+00
1.000000e+00
1.000000e+00
1.000000e+00
1.000000e+00
1.000000e+00
1.000000e+00
1.000000e+00
1.000000e+00
1.000000e+00
1.000000e+00
1.000000e+00
1.000000e+00
1.000000e+00
1.000000e+00
1.000000e+00
1.000000e+00
1.000000e+00
1.000000e+00
1.000000e+00
1.000000e+00
1.000000e+00
1.000000e+00
1.000000e+00
1.000000e+00
1.000000e+00
1.000000e+00
1.000000e+00
1.000000e+00
1.000000e+00
1.000000e+00
1.000000e+00
1.000000e+00
1.000000e+00
1.000000e+00
1.000000e+00
1.000000e+00
1.000000e+00
1.000000e+00
1.000000e+00
1.000000e+00
1.000000e+00
1.000000e+00
1.000000e+00
1.000000e+00
1.000000e+00
1.000000e+00
1.000000e+00
1.000000e+00
1.000000e+00
1.000000e+00
1.000000e+00
1.000000e+00
1.000000e+00
1.000000e+00
1.000000e+00
1.000000e+00
1.000000e+00
1.000000e+00
1.000000e+00
1.000000e+00
1.000000e+00
1.000000e+00
1.000000e+00
1.000000e+00
1.000000e+00
1.000000e+00
1.000000e+00
1.000000e+00
1.000000e+00
1.000000e+00
1.000000e+00
1.000000e+00
1.000000e+00
1.000000e+00
1.000000e+00
1.000000e+00
1.000000e+00
1.000000e+00
1.000000e+00
1.000000e+00
1.000000e+00
1.000000e+00
1.000000e+00
1.000000e+00
1.000000e+00
1.000000e+00
1.000000e+00
1.000000e+00
1.000000e+00
1.000000e+00
1.000000e+00
1.000000e+00
1.000000e+00
1.000000e+00
1.000000e+00
1.000000e+00
1.000000e+00
1.000000e+00
1.000000e+00
1.000000e+00
1.000000e+00
1.000000e+00
1.000000e+00
1.000000e+00
1.000000e+00
1.000000e+00
1.000000e+00
1.000000e+00
1.000000e+00
1.000000e+00
1.000000e+00
1.000000e+00
1.000000e+00
1.000000e+00
1.000000e+00
1.000000e+00
1.000000e+00
1.000000e+00
1.000000e+00
1.000000e+00
1.000000e+00
1.000000e+00
1.000000e+00
1.000000e+00
1.000000e+00
1.000000e+00
1.000000e+00
1.000000e+00
1.000000e+00
1.000000e+00
1.000000e+00
1.000000e+00
1.000000e+00
1.000000e+00
1.000000e+00
1.000000e+00
1.000000e+00
1.000000e+00
1.000000e+00
1.000000e+00
1.000000e+00
1.000000e+00
1.000000e+00
1.000000e+00
1.000000e+00
1.000000e+00
1.000000e+00
1.000000e+00
1.000000e+00
1.000000e+00
1.000000e+00
1.000000e+00
1.000000e+00
1.000000e+00
1.000000e+00
1.000000e+00
1.000000e+00
1.000000e+00
1.000000e+00
1.000000e+00
1.000000e+00
1.000000e+00
1.000000e+00
1.000000e+00
1.000000e+00
1.000000e+00
1.000000e+00
1.000000e+00
1.000000e+00
1.000000e+00
1.000000e+00
1.000000e+00
1.000000e+00
1.000000e+00
1.000000e+00
1.000000e+00
1.000000e+00
1.000000e+00
1.000000e+00
1.000000e+00
1.000000e+00
1.000000e+00
1.000000e+00
1.000000e+00
1.000000e+00
1.000000e+00
1.000000e+00
1.000000e+00
1.000000e+00
1.000000e+00
1.000000e+00
1.000000e+00
1.000000e+00
1.000000e+00
1.000000e+00
1.000000e+00
1.000000e+00
1.000000e+00
1.000000e+00
1.000000e+00
1.000000e+00
1.000000e+00
1.000000e+00
1.000000e+00
1.000000e+00
1.000000e+00
1.000000e+00
1.000000e+00
1.000000e+00
1.000000e+00
1.000000e+00
1.000000e+00
1.000000e+00
1.000000e+00
1.000000e+00
1.000000e+00
1.000000e+00
1.000000e+00
1.000000e+00
1.000000e+00
1.000000e+00
1.000000e+00
1.000000e+00
1.000000e+00
1.000000e+00
1.000000e+00
1.000000e+00
1.000000e+00
1.000000e+00
1.000000e+00
1.000000e+00
1.000000e+00
1.000000e+00
1.000000e+00
1.000000e+00
1.000000e+00
1.000000e+00
1.000000e+00
1.000000e+00
1.000000e+00
1.000000e+00
1.000000e+00
1.000000e+00
1.000000e+00
1.000000e+00
1.000000e+00
1.000000e+00
1.000000e+00
1.000000e+00
1.000000e+00
1.000000e+00
1.000000e+00
1.000000e+00
1.000000e+00
1.000000e+00
1.000000e+00
1.000000e+00
1.000000e+00
1.000000e+00
1.000000e+00
1.000000e+00
1.000000e+00
1.000000e+00
1.000000e+00
1.000000e+00
1.000000e+00
1.000000e+00
1.000000e+00
1.000000e+00
1.000000e+00
1.000000e+00
1.000000e+00
1.000000e+00
1.000000e+00
1.000000e+00
1.000000e+00
1.000000e+00
1.000000e+00
1.000000e+00
1.000000e+00
1.000000e+00
1.000000e+00
1.000000e+00
1.000000e+00
1.000000e+00
1.000000e+00
1.000000e+00
1.000000e+00
1.000000e+00
1.000000e+00
1.000000e+00
1.000000e+00
1.000000e+00
1.000000e+00
1.000000e+00
1.000000e+00
1.000000e+00
1.000000e+00
1.000000e+00
1.000000e+00
1.000000e+00
1.000000e+00
1.000000e+00
1.000000e+00
1.000000e+00
1.000000e+00
1.000000e+00
1.000000e+00
1.000000e+00
1.000000e+00
1.000000e+00
1.000000e+00
1.000000e+00
1.000000e+00
1.000000e+00
1.000000e+00
1.000000e+00
1.000000e+00
1.000000e+00
1.000000e+00
1.000000e+00
1.000000e+00
1.000000e+00
1.000000e+00
1.000000e+00
1.000000e+00
1.000000e+00
1.000000e+00
1.000000e+00
1.000000e+00
1.000000e+00
1.000000e+00
1.000000e+00
9.999999e-01
9.999999e-01
9.999998e-01
9.999997e-01
9.999995e-01
9.999992e-01
9.999987e-01
9.999978e-01
9.999964e-01
9.999940e-01
9.999901e-01
9.999837e-01
9.999731e-01
9.999557e-01
9.999270e-01
9.998797e-01
9.998016e-01
9.996729e-01
9.994609e-01
9.991114e-01
9.985358e-01
9.975883e-01
9.960300e-01
9.934713e-01
9.892814e-01
9.824501e-01
9.713908e-01
9.536909e-01
9.258759e-01
8.833970e-01
8.212736e-01
7.359454e-01
6.283162e-01
5.062497e-01
3.834335e-01
2.738850e-01
1.861838e-01
1.218529e-01
7.762946e-02
4.856815e-02
3.003199e-02
1.843314e-02
1.126195e-02
6.861119e-03
4.172744e-03
2.535059e-03
1.539126e-03
9.340930e-04
5.667644e-04
3.438366e-04
2.085757e-04
1.265179e-04
7.674085e-05
4.654705e-05
2.823276e-05
1.712420e-05
1.038644e-05
6.299702e-06
3.820991e-06
2.317535e-06
1.405673e-06
8.525701e-07
5.171234e-07
3.136394e-07
1.902432e-07
1.153783e-07
6.999015e-08
4.244265e-08
2.575109e-08
1.561151e-08
9.476111e-09
5.741217e-09
3.488595e-09
2.110420e-09
1.285675e-09
7.749636e-10
4.750687e-10
2.838805e-10
1.766962e-10
1.033970e-10
6.678941e-11
3.715311e-11
2.623624e-11
1.291672e-11
1.121386e-11
4.117762e-12
5.598022e-12
9.844348e-13
3.455125e-12
-7.610579e-14
2.600087e-12
-3.836376e-13
2.227052e-12
-4.227729e-13
2.039369e-12
-3.703149e-13
1.925959e-12
-2.907119e-13
1.845579e-12
-2.056688e-13
1.782186e-12
-1.237344e-13
1.729339e-12
-4.707346e-14
1.683820e-12
2.381428e-14
1.644185e-12
8.965051e-14
1.609546e-12
1.506573e-13
1.579681e-12
2.076117e-13
1.553313e-12
2.607359e-13
1.530331e-12
3.101963e-13
1.510236e-12
3.566591e-13
1.492917e-12
4.002354e-13
1.477929e-12
4.413692e-13
1.464828e-12
4.801159e-13
1.453448e-12
5.166978e-13
1.444067e-12
5.515033e-13
1.436129e-12
5.843104e-13
1.429801e-12
6.160628e-13
1.424305e-12
6.462053e-13
1.420197e-12
6.750711e-13
1.417033e-12
7.026602e-13
1.414702e-12
7.291945e-13
1.413758e-12
7.548406e-13
1.413647e-12
7.799872e-13
1.414036e-12
8.040235e-13
1.415479e-12
8.276713e-13
1.417366e-12
8.504863e-13
1.420142e-12
8.725243e-13
1.423694e-12
8.943402e-13
1.427469e-12
9.156564e-13
1.431855e-12
9.363621e-13
1.437073e-12
9.571233e-13
1.442790e-12
9.770518e-13
1.449008e-12
9.973689e-13
1.455946e-12
1.017353e-12
1.463107e-12
1.036560e-12
1.470657e-12
1.055378e-12
1.477540e-12
1.073530e-12
1.485312e-12
1.091405e-12
1.493305e-12
1.109002e-12
1.500966e-12
1.125822e-12
1.508627e-12
1.142419e-12
1.516509e-12
1.158573e-12
1.524114e-12
1.173894e-12
1.531664e-12
1.188882e-12
1.538880e-12
1.203038e-12
1.545875e-12
1.216971e-12
1.553035e-12
1.230627e-12
1.560363e-12
1.243672e-12
1.567579e-12
1.256939e-12
1.574851e-12
1.269540e-12
1.581957e-12
1.282030e-12
1.589173e-12
1.293798e-12
1.595390e-12
1.304956e-12
1.602329e-12
1.316003e-12
1.608658e-12
1.326494e-12
1.614653e-12
1.336264e-12
1.620537e-12
1.345923e-12
1.626033e-12
1.355083e-12
1.631528e-12
1.363687e-12
1.636802e-12
1.371847e-12
1.641409e-12
1.379619e-12
1.646017e-12
1.387113e-12
1.650458e-12
1.394107e-12
1.654676e-12
1.400546e-12
1.658618e-12
1.407097e-12
1.662726e-12
1.413258e-12
1.666667e-12
1.419087e-12
1.670386e-12
1.424527e-12
1.673550e-12
1.429468e-12
1.676770e-12
1.434075e-12
1.679767e-12
1.438405e-12
1.682487e-12
1.442346e-12
1.684652e-12
1.445677e-12
1.686762e-12
1.448952e-12
1.688427e-12
1.451672e-12
1.690204e-12
1.453615e-12
1.690981e-12
1.455280e-12
1.691702e-12
1.456613e-12
1.691980e-12
1.457445e-12
1.692368e-12
1.457723e-12
1.692368e-12
1.457945e-12
1.692091e-12
1.457723e-12
1.691480e-12
