1.344591e-12
1.578071e-12
1.343314e-12
1.576517e-12
1.341705e-12
1.575184e-12
1.339817e-12
1.573408e-12
1.337541e-12
1.571576e-12
1.334988e-12
1.569467e-12
1.332268e-12
1.567579e-12
1.329437e-12
1.565081e-12
1.326272e-12
1.562916e-12
1.322942e-12
1.560418e-12
1.319389e-12
1.558198e-12
1.315503e-12
1.555367e-12
1.311506e-12
1.552758e-12
1.306955e-12
1.549427e-12
1.302514e-12
1.546541e-12
1.297351e-12
1.543099e-12
1.291856e-12
1.539602e-12
1.286471e-12
1.535660e-12
1.280309e-12
1.532108e-12
1.273981e-12
1.528000e-12
1.267264e-12
1.523781e-12
1.260103e-12
1.519063e-12
1.252498e-12
1.514622e-12
1.244782e-12
1.509348e-12
1.236344e-12
1.504186e-12
1.227407e-12
1.498413e-12
1.218081e-12
1.492695e-12
1.208422e-12
1.486533e-12
1.198042e-12
1.480094e-12
1.187161e-12
1.473210e-12
1.175948e-12
1.466383e-12
1.164180e-12
1.459444e-12
1.151745e-12
1.452005e-12
1.139366e-12
1.444345e-12
1.126377e-12
1.436851e-12
1.113054e-12
1.429024e-12
1.098954e-12
1.421308e-12
1.084577e-12
1.413036e-12
1.069644e-12
1.405098e-12
1.054379e-12
1.396661e-12
1.038669e-12
1.388611e-12
1.022737e-12
1.380063e-12
1.006029e-12
1.371792e-12
9.889867e-13
1.363409e-12
9.713341e-13
1.355194e-12
9.530154e-13
1.346367e-12
9.341972e-13
1.337708e-12
9.146017e-13
1.329270e-12
8.947287e-13
1.320777e-12
8.744672e-13
1.312450e-12
8.535950e-13
1.305012e-12
8.327783e-13
1.297407e-12
8.110179e-13
1.290468e-12
7.890355e-13
1.283973e-12
7.666090e-13
1.278200e-12
7.442935e-13
1.272704e-12
7.210899e-13
1.268263e-12
6.974976e-13
1.264100e-12
6.735168e-13
1.260603e-12
6.487588e-13
1.257994e-12
6.231127e-13
1.255940e-12
5.968004e-13
1.254663e-12
5.695444e-13
1.254663e-12
5.414003e-13
1.255274e-12
5.123124e-13
1.256772e-12
4.822254e-13
1.259548e-12
4.510836e-13
1.264100e-12
4.186651e-13
1.269762e-12
3.847478e-13
1.277090e-12
3.493317e-13
1.285971e-12
3.121392e-13
1.296963e-12
2.733924e-13
1.309952e-12
2.326472e-13
1.325606e-12
1.897371e-13
1.343814e-12
1.443290e-13
1.365130e-12
9.625634e-14
1.389944e-12
4.518608e-14
1.418199e-12
-9.547918e-15
1.450451e-12
-6.800116e-14
1.487865e-12
-1.311173e-13
1.530276e-12
-1.990630e-13
1.578959e-12
-2.721712e-13
1.635247e-12
-3.508305e-13
1.702249e-12
-4.320433e-13
1.785905e-12
-5.089262e-13
1.902423e-12
-5.584422e-13
2.093214e-12
-5.161427e-13
2.469358e-12
-2.051137e-13
3.327782e-12
8.587020e-13
5.474066e-12
3.995360e-12
1.109313e-11
1.279776e-11
2.611900e-11
3.703793e-11
6.667600e-11
1.032854e-10
1.765865e-10
2.837726e-10
4.749624e-10
7.748595e-10
1.285573e-09
2.110320e-09
3.488497e-09
5.741120e-09
9.476016e-09
1.561142e-08
2.575100e-08
4.244256e-08
6.999007e-08
1.153783e-07
1.902431e-07
3.136393e-07
5.171233e-07
8.525700e-07
1.405673e-06
2.317534e-06
3.820991e-06
6.299702e-06
1.038644e-05
1.712420e-05
2.823276e-05
4.654705e-05
7.674085e-05
1.265179e-04
2.085757e-04
3.438366e-04
5.667644e-04
9.340930e-04
1.539126e-03
2.535059e-03
4.172744e-03
6.861119e-03
1.126195e-02
1.843314e-02
3.003199e-02
4.856815e-02
7.762946e-02
1.218529e-01
1.861838e-01
2.738850e-01
3.834335e-01
5.062497e-01
6.283162e-01
7.359454e-01
8.212736e-01
8.833970e-01
9.258759e-01
9.536909e-01
9.713908e-01
9.824501e-01
9.892814e-01
9.934713e-01
9.960300e-01
9.975883e-01
9.985358e-01
9.991114e-01
9.994609e-01
9.996729e-01
9.998016e-01
9.998797e-01
9.999270e-01
9.999557e-01
9.999731e-01
9.999837e-01
9.999901e-01
9.999940e-01
9.999964e-01
9.999978e-01
9.999987e-01
9.999992e-01
9.999995e-01
9.999997e-01
9.999998e-01
9.999999e-01
9.999999e-01
1.000000e+00
1.000000e+00
1.000000e+00
1.000000e+00
1.000000e+00
1.000000e+00
1.000000e+00
1.000000e+00
1.000000e+00
1.000000e+00
1.000000e+00
1.000000e+00
1.000000e+00
1.000000e+00
1.000000e+00
1.000000e+00
1.000000e+00
1.000000e+00
1.000000e+00
1.000000e+00
1.000000e+00
1.000000e+00
1.000000e+00
1.000000e+00
1.000000e+00
1.000000e+00
1.000000e+00
1.000000e+00
1.000000e+00
1.000000e+00
1.000000e+00
1.000000e+00
1.000000e+00
1.000000e+00
1.000000e+00
1.000000e+00
1.000000e+00
1.000000e+00
1.000000e+00
1.000000e+00
1.000000e+00
1.000000e+00
1.000000e+00
1.000000e+00
1.000000e+00
1.000000e+00
1.000000e+00
1.000000e+00
1.000000e+00
1.000000e+00
1.000000e+00
1.000000e+00
1.000000e+00
1.000000e+00
1.000000e+00
1.000000e+00
1.000000e+00
1.000000e+00
1.000000e+00
1.000000e+00
1.000000e+00
1.000000e+00
1.000000e+00
1.000000e+00
1.000000e+00
1.000000e+00
1.000000e+00
1.000000e+00
1.000000e+00
1.000000e+00
1.000000e+00
1.000000e+00
1.000000e+00
1.000000e+00
1.000000e+00
1.000000e+00
1.000000e+00
1.000000e+00
1.000000e+00
1.000000e+00
1.000000e+00
1.000000e+00
1.000000e+00
1.000000e+00
1.000000e+00
1.000000e+00
1.000000e+00
1.000000e+00
1.000000e+00
1.000000e+00
1.000000e+00
1.000000e+00
1.000000e+00
1.000000e+00
1.000000e+00
1.000000e+00
1.000000e+00
1.000000e+00
1.000000e+00
1.000000e+00
1.000000e+00
1.000000e+00
1.000000e+00
1.000000e+00
1.000000e+00
1.000000e+00
1.000000e+00
1.000000e+00
1.000000e+00
1.000000e+00
1.000000e+00
1.000000e+00
1.000000e+00
1.000000e+00
1.000000e+00
1.000000e+00
1.000000e+00
1.000000e+00
1.000000e+00
1.000000e+00
1.000000e+00
1.000000e+00
1.000000e+00
1.000000e+00
1.000000e+00
1.000000e+00
1.000000e+00
1.000000e+00
1.000000e+00
1.000000e+00
1.000000e+00
1.000000e+00
1.000000e+00
1.000000e+00
1.000000e+00
1.000000e+00
1.000000e+00
1.000000e+00
1.000000e+00
1.000000e+00
1.000000e+00
1.000000e+00
1.000000e+00
1.000000e+00
1.000000e+00
1.000000e+00
1.000000e+00
1.000000e+00
1.000000e+00
1.000000e+00
1.000000e+00
1.000000e+00
1.000000e+00
1.000000e+00
1.000000e+00
1.000000e+00
1.000000e+00
1.000000e+00
1.000000e+00
1.000000e+00
1.000000e+00
1.000000e+00
1.000000e+00
1.000000e+00
1.000000e+00
1.000000e+00
1.000000e+00
1.000000e+00
1.000000e+00
1.000000e+00
1.000000e+00
1.000000e+00
1.000000e+00
1.000000e+00
1.000000e+00
1.000000e+00
1.000000e+00
1.000000e+00
1.000000e+00
1.000000e+00
1.000000e+00
1.000000e+00
1.000000e+00
1.000000e+00
1.000000e+00
1.000000e+00
1.000000e+00
1.000000e+00
1.000000e+00
1.000000e+00
1.000000e+00
1.000000e+00
1.000000e+00
1.000000e+00
1.000000e+00
1.000000e+00
1.000000e+00
1.000000e+00
1.000000e+00
1.000000e+00
1.000000e+00
1.000000e+00
1.000000e+00
1.000000e+00
1.000000e+00
1.000000e+00
1.000000e+00
1.000000e+00
1.000000e+00
1.000000e+00
1.000000e+00
1.000000e+00
1.000000e+00
1.000000e+00
1.000000e+00
1.000000e+00
1.000000e+00
1.000000e+00
1.000000e+00
1.000000e+00
1.000000e+00
1.000000e+00
1.000000e+00
1.000000e+00
1.000000e+00
1.000000e+00
1.000000e+00
1.000000e+00
1.000000e+00
1.000000e+00
1.000000e+00
1.000000e+00
1.000000e+00
1.000000e+00
1.000000e+00
1.000000e+00
1.000000e+00
1.000000e+00
1.000000e+00
1.000000e+00
1.000000e+00
1.000000e+00
1.000000e+00
1.000000e+00
1.000000e+00
1.000000e+00
1.000000e+00
1.000000e+00
1.000000e+00
1.000000e+00
1.000000e+00
1.000000e+00
1.000000e+00
1.000000e+00
1.000000e+00
1.000000e+00
1.000000e+00
1.000000e+00
1.000000e+00
1.000000e+00
1.000000e+00
1.000000e+00
1.000000e+00
1.000000e+00
1.000000e+00
1.000000e+00
1.000000e+00
1.000000e+00
1.000000e+00
1.000000e+00
1.000000e+00
1.000000e+00
1.000000e+00
1.000000e+00
1.000000e+00
1.000000e+00
1.000000e+00
1.000000e+00
1.000000e+00
1.000000e+00
1.000000e+00
1.000000e+00
1.000000e+00
1.000000e+00
1.000000e+00
1.000000e+00
1.000000e+00
1.000000e+00
1.000000e+00
1.000000e+00
1.000000e+00
1.000000e+00
1.000000e+00
1.000000e+00
1.000000e+00
1.000000e+00
1.000000e+00
1.000000e+00
1.000000e+00
1.000000e+00
1.000000e+00
1.000000e+00
1.000000e+00
1.000000e+00
1.000000e+00
1.000000e+00
1.000000e+00
1.000000e+00
1.000000e+00
1.000000e+00
1.000000e+00
1.000000e+00
1.000000e+00
1.000000e+00
1.000000e+00
1.000000e+00
1.000000e+00
1.000000e+00
1.000000e+00
1.000000e+00
1.000000e+00
1.000000e+00
1.000000e+00
1.000000e+00
1.000000e+00
1.000000e+00
1.000000e+00
1.000000e+00
1.000000e+00
1.000000e+00
1.000000e+00
1.000000e+00
1.000000e+00
1.000000e+00
1.000000e+00
1.000000e+00
1.000000e+00
1.000000e+00
1.000000e+00
1.000000e+00
1.000000e+00
1.000000e+00
1.000000e+00
1.000000e+00
1.000000e+00
1.000000e+00
1.000000e+00
1.000000e+00
1.000000e+00
1.000000e+00
1.000000e+00
1.000000e+00
1.000000e+00
1.000000e+00
1.000000e+00
1.000000e+00
1.000000e+00
1.000000e+00
1.000000e+00
1.000000e+00
1.000000e+00
1.000000e+00
1.000000e+00
1.000000e+00
1.000000e+00
1.000000e+00
1.000000e+00
1.000000e+00
1.000000e+00
1.000000e+00
1.000000e+00
1.000000e+00
1.000000e+00
1.000000e+00
1.000000e+00
1.000000e+00
1.000000e+00
1.000000e+00
1.000000e+00
1.000000e+00
1.000000e+00
1.000000e+00
1.000000e+00
1.000000e+00
1.000000e+00
1.000000e+00
1.000000e+00
1.000000e+00
1.000000e+00
1.000000e+00
1.000000e+00
1.000000e+00
1.000000e+00
1.000000e+00
1.000000e+00
1.000000e+00
1.000000e+00
1.000000e+00
1.000000e+00
1.000000e+00
1.000000e+00
1.000000e+00
1.000000e+00
1.000000e+00
1.000000e+00
1.000000e+00
1.000000e+00
1.000000e+00
1.000000e+00
1.000000e+00
1.000000e+00
1.000000e+00
1.000000e+00
1.000000e+00
1.000000e+00
1.000000e+00
1.000000e+00
1.000000e+00
1.000000e+00
1.000000e+00
1.000000e+00
1.000000e+00
1.000000e+00
1.000000e+00
1.000000e+00
1.000000e+00
1.000000e+00
1.000000e+00
1.000000e+00
1.000000e+00
1.000000e+00
1.000000e+00
1.000000e+00
1.000000e+00
1.000000e+00
1.000000e+00
1.000000e+00
1.000000e+00
1.000000e+00
1.000000e+00
1.000000e+00
1.000000e+00
1.000000e+00
1.000000e+00
1.000000e+00
1.000000e+00
1.000000e+00
1.000000e+00
1.000000e+00
1.000000e+00
1.000000e+00
1.000000e+00
1.000000e+00
1.000000e+00
1.000000e+00
1.000000e+00
1.000000e+00
1.000000e+00
1.000000e+00
1.000000e+00
1.000000e+00
1.000000e+00
1.000000e+00
1.000000e+00
1.000000e+00
1.000000e+00
1.000000e+00
1.000000e+00
1.000000e+00
1.000000e+00
1.000000e+00
1.000000e+00
1.000000e+00
1.000000e+00
1.000000e+00
1.000000e+00
1.000000e+00
1.000000e+00
1.000000e+00
1.000000e+00
1.000000e+00
1.000000e+00
1.000000e+00
1.000000e+00
1.000000e+00
1.000000e+00
1.000000e+00
1.000000e+00
1.000000e+00
1.000000e+00
1.000000e+00
1.000000e+00
1.000000e+00
1.000000e+00
1.000000e+00
1.000000e+00
1.000000e+00
9.999999e-01
9.999999e-01
9.999998e-01
9.999997e-01
9.999995e-01
9.999992e-01
9.999987e-01
9.999978e-01
9.999964e-01
9.999940e-01
9.999901e-01
9.999837e-01
9.999731e-01
9.999557e-01
9.999270e-01
9.998797e-01
9.998016e-01
9.996729e-01
9.994609e-01
9.991114e-01
9.985358e-01
9.975883e-01
9.960300e-01
9.934713e-01
9.892814e-01
9.824501e-01
9.713908e-01
9.536909e-01
9.258759e-01
8.833970e-01
8.212736e-01
7.359454e-01
6.283162e-01
5.062497e-01
3.834335e-01
2.738850e-01
1.861838e-01
1.218529e-01
7.762946e-02
4.856815e-02
3.003199e-02
1.843314e-02
1.126195e-02
6.861119e-03
4.172744e-03
2.535059e-03
1.539126e-03
9.340930e-04
5.667644e-04
3.438366e-04
2.085757e-04
1.265179e-04
7.674085e-05
4.654705e-05
2.823276e-05
1.712420e-05
1.038644e-05
6.299702e-06
3.820991e-06
2.317535e-06
1.405673e-06
8.525700e-07
5.171234e-07
3.136393e-07
1.902432e-07
1.153783e-07
6.999009e-08
4.244259e-08
2.575103e-08
1.561145e-08
9.476050e-09
5.741155e-09
3.488533e-09
2.110358e-09
1.285612e-09
7.749000e-10
4.750045e-10
2.838160e-10
1.766312e-10
1.033312e-10
6.672313e-11
3.708628e-11
2.616840e-11
1.284839e-11
1.114497e-11
4.048040e-12
5.527967e-12
9.136025e-13
3.383738e-12
-1.481593e-13
2.527201e-12
-4.573009e-13
2.153000e-12
-4.976575e-13
1.963818e-12
-4.466427e-13
1.848910e-12
-3.682610e-13
1.766975e-12
-2.850498e-13
1.701805e-12
-2.051137e-13
1.647127e-12
-1.302292e-13
1.599720e-12
-6.084022e-14
1.558254e-12
3.108624e-15
1.522393e-12
6.272760e-14
1.490419e-12
1.177947e-13
1.462330e-12
1.688094e-13
1.437517e-12
2.161604e-13
1.415756e-12
2.610689e-13
1.396439e-12
3.027023e-13
1.379508e-12
3.420042e-13
1.364742e-12
3.789746e-13
1.351697e-12
4.138911e-13
1.340539e-12
4.470313e-13
1.330713e-12
4.783951e-13
1.322442e-12
5.082601e-13
1.315559e-12
5.363487e-13
1.309619e-12
5.633827e-13
1.304512e-12
5.891954e-13
1.300571e-12
6.142864e-13
1.297962e-12
6.384893e-13
1.296074e-12
6.616929e-13
1.295131e-12
6.843415e-13
1.294853e-12
7.061018e-13
1.295575e-12
7.275291e-13
1.296740e-12
7.485124e-13
1.298905e-12
7.689960e-13
1.301570e-12
7.891465e-13
1.305234e-12
8.091861e-13
1.309453e-12
8.288925e-13
1.314282e-12
8.483769e-13
1.319667e-12
8.676393e-13
1.325606e-12
8.862910e-13
1.331824e-12
9.049428e-13
1.338540e-12
9.234280e-13
1.345368e-12
9.412471e-13
1.352751e-12
9.587886e-13
1.360134e-12
9.758305e-13
1.367739e-12
9.925394e-13
1.375011e-12
1.008749e-12
1.382949e-12
1.024902e-12
1.390499e-12
1.040501e-12
1.398381e-12
1.055767e-12
1.406153e-12
1.070588e-12
1.413758e-12
1.085187e-12
1.421474e-12
1.099343e-12
1.429246e-12
1.112777e-12
1.436573e-12
1.126210e-12
1.444400e-12
1.139255e-12
1.451839e-12
1.151801e-12
1.459333e-12
1.164402e-12
1.466549e-12
1.176503e-12
1.473988e-12
1.188161e-12
1.480982e-12
1.199374e-12
1.488087e-12
1.210088e-12
1.494693e-12
1.220413e-12
1.501410e-12
1.230571e-12
1.507627e-12
1.240341e-12
1.513956e-12
1.249667e-12
1.519562e-12
1.258382e-12
1.525058e-12
1.266598e-12
1.530165e-12
1.274203e-12
1.535105e-12
1.281475e-12
1.539713e-12
1.288636e-12
1.544376e-12
1.294964e-12
1.548706e-12
1.301015e-12
1.552536e-12
1.307121e-12
1.556200e-12
1.312561e-12
1.560363e-12
1.318057e-12
1.563638e-12
1.322831e-12
1.567024e-12
1.327161e-12
1.569855e-12
1.331157e-12
1.572631e-12
1.334710e-12
1.574629e-12
1.337819e-12
1.576739e-12
1.340594e-12
1.578127e-12
1.342704e-12
1.579514e-12
1.344425e-12
1.580236e-12
1.345479e-12
1.580680e-12
1.346145e-12
1.580513e-12
1.346312e-12
1.580347e-12
1.345812e-12
1.579459e-12
