1.290079e-12
1.523448e-12
1.289080e-12
1.522227e-12
1.287581e-12
1.521228e-12
1.285971e-12
1.519562e-12
1.284195e-12
1.518508e-12
1.281864e-12
1.516842e-12
1.279754e-12
1.515177e-12
1.277534e-12
1.513456e-12
1.274536e-12
1.511569e-12
1.271816e-12
1.509515e-12
1.268763e-12
1.507794e-12
1.265432e-12
1.505518e-12
1.261768e-12
1.503186e-12
1.257994e-12
1.500799e-12
1.253941e-12
1.498413e-12
1.249889e-12
1.496081e-12
1.245393e-12
1.493472e-12
1.240563e-12
1.490308e-12
1.235234e-12
1.487532e-12
1.229794e-12
1.483980e-12
1.223799e-12
1.480482e-12
1.217360e-12
1.477152e-12
1.210976e-12
1.473266e-12
1.204425e-12
1.469214e-12
1.196598e-12
1.464995e-12
1.188716e-12
1.460221e-12
1.180334e-12
1.455447e-12
1.171729e-12
1.450229e-12
1.162237e-12
1.444955e-12
1.152523e-12
1.439071e-12
1.142086e-12
1.433131e-12
1.131539e-12
1.426748e-12
1.119993e-12
1.420197e-12
1.108391e-12
1.413647e-12
1.096179e-12
1.406986e-12
1.083467e-12
1.400102e-12
1.070533e-12
1.393274e-12
1.056821e-12
1.385947e-12
1.042944e-12
1.378619e-12
1.028677e-12
1.371125e-12
1.013301e-12
1.363576e-12
9.978685e-13
1.355638e-12
9.817702e-13
1.348088e-12
9.651169e-13
1.339984e-12
9.476864e-13
1.331824e-12
9.300893e-13
1.323663e-12
9.118262e-13
1.315725e-12
8.931189e-13
1.307621e-12
8.734680e-13
1.299572e-12
8.532619e-13
1.291522e-12
8.325562e-13
1.283751e-12
8.115175e-13
1.276201e-12
7.897016e-13
1.269040e-12
7.677192e-13
1.262712e-12
7.453482e-13
1.256495e-12
7.225887e-13
1.250888e-12
6.989409e-13
1.246059e-12
6.750156e-13
1.241340e-12
6.505352e-13
1.237566e-12
6.251666e-13
1.234124e-12
5.989098e-13
1.231681e-12
5.720424e-13
1.229850e-12
5.443979e-13
1.229017e-12
5.157541e-13
1.228961e-12
4.860001e-13
1.230016e-12
4.554135e-13
1.232514e-12
4.236056e-13
1.236344e-12
3.906875e-13
1.241562e-12
3.562151e-13
1.248501e-12
3.205214e-13
1.257050e-12
2.829403e-13
1.267375e-12
2.438605e-13
1.279921e-12
2.022271e-13
1.294964e-12
1.587619e-13
1.312561e-12
1.127431e-13
1.333322e-12
6.405987e-14
1.357192e-12
1.204592e-14
1.384892e-12
-4.296563e-14
1.416700e-12
-1.021960e-13
1.453282e-12
-1.655898e-13
1.495304e-12
-2.340905e-13
1.543488e-12
-3.081424e-13
1.599165e-12
-3.871903e-13
1.665501e-12
-4.690692e-13
1.748601e-12
-5.464518e-13
1.864786e-12
-5.961343e-13
2.055744e-12
-5.539458e-13
2.431277e-12
-2.429168e-13
3.289535e-12
8.202328e-13
5.435541e-12
3.956779e-12
1.105449e-11
1.275902e-11
2.608030e-11
3.699913e-11
6.663703e-11
1.032462e-10
1.765475e-10
2.837338e-10
4.749238e-10
7.748209e-10
1.285535e-09
2.110282e-09
3.488458e-09
5.741082e-09
9.475978e-09
1.561138e-08
2.575097e-08
4.244253e-08
6.999003e-08
1.153782e-07
1.902431e-07
3.136393e-07
5.171233e-07
8.525699e-07
1.405673e-06
2.317534e-06
3.820991e-06
6.299702e-06
1.038644e-05
1.712420e-05
2.823276e-05
4.654705e-05
7.674085e-05
1.265179e-04
2.085757e-04
3.438366e-04
5.667644e-04
9.340930e-04
1.539126e-03
2.535059e-03
4.172744e-03
6.861119e-03
1.126195e-02
1.843314e-02
3.003199e-02
4.856815e-02
7.762946e-02
1.218529e-01
1.861838e-01
2.738850e-01
3.834335e-01
5.062497e-01
6.283162e-01
7.359454e-01
8.212736e-01
8.833970e-01
9.258759e-01
9.536909e-01
9.713908e-01
9.824501e-01
9.892814e-01
9.934713e-01
9.960300e-01
9.975883e-01
9.985358e-01
9.991114e-01
9.994609e-01
9.996729e-01
9.998016e-01
9.998797e-01
9.999270e-01
9.999557e-01
9.999731e-01
9.999837e-01
9.999901e-01
9.999940e-01
9.999964e-01
9.999978e-01
9.999987e-01
9.999992e-01
9.999995e-01
9.999997e-01
9.999998e-01
9.999999e-01
9.999999e-01
1.000000e+00
1.000000e+00
1.000000e+00
1.000000e+00
1.000000e+00
1.000000e+00
1.000000e+00
1.000000e+00
1.000000e+00
1.000000e+00
1.000000e+00
1.000000e+00
1.000000e+00
1.000000e+00
1.000000e+00
1.000000e+00
1.000000e+00
1.000000e+00
1.000000e+00
1.000000e+00
1.000000e+00
1.000000e+00
1.000000e+00
1.000000e+00
1.000000e+00
1.000000e+00
1.000000e+00
1.000000e+00
1.000000e+00
1.000000e+00
1.000000e+00
1.000000e+00
1.000000e+00
1.000000e+00
1.000000e+00
1.000000e+00
1.000000e+00
1.000000e+00
1.000000e+00
1.000000e+00
1.000000e+00
1.000000e+00
1.000000e+00
1.000000e+00
1.000000e+00
1.000000e+00
1.000000e+00
1.000000e+00
1.000000e+00
1.000000e+00
1.000000e+00
1.000000e+00
1.000000e+00
1.000000e+00
1.000000e+00
1.000000e+00
1.000000e+00
1.000000e+00
1.000000e+00
1.000000e+00
1.000000e+00
1.000000e+00
1.000000e+00
1.000000e+00
1.000000e+00
1.000000e+00
1.000000e+00
1.000000e+00
1.000000e+00
1.000000e+00
1.000000e+00
1.000000e+00
1.000000e+00
1.000000e+00
1.000000e+00
1.000000e+00
1.000000e+00
1.000000e+00
1.000000e+00
1.000000e+00
1.000000e+00
1.000000e+00
1.000000e+00
1.000000e+00
1.000000e+00
1.000000e+00
1.000000e+00
1.000000e+00
1.000000e+00
1.000000e+00
1.000000e+00
1.000000e+00
1.000000e+00
1.000000e+00
1.000000e+00
1.000000e+00
1.000000e+00
1.000000e+00
1.000000e+00
1.000000e+00
1.000000e+00
1.000000e+00
1.000000e+00
1.000000e+00
1.000000e+00
1.000000e+00
1.000000e+00
1.000000e+00
1.000000e+00
1.000000e+00
1.000000e+00
1.000000e+00
1.000000e+00
1.000000e+00
1.000000e+00
1.000000e+00
1.000000e+00
1.000000e+00
1.000000e+00
1.000000e+00
1.000000e+00
1.000000e+00
1.000000e+00
1.000000e+00
1.000000e+00
1.000000e+00
1.000000e+00
1.000000e+00
1.000000e+00
1.000000e+00
1.000000e+00
1.000000e+00
1.000000e+00
1.000000e+00
1.000000e+00
1.000000e+00
1.000000e+00
1.000000e+00
1.000000e+00
1.000000e+00
1.000000e+00
1.000000e+00
1.000000e+00
1.000000e+00
1.000000e+00
1.000000e+00
1.000000e+00
1.000000e+00
1.000000e+00
1.000000e+00
1.000000e+00
1.000000e+00
1.000000e+00
1.000000e+00
1.000000e+00
1.000000e+00
1.000000e+00
1.000000e+00
1.000000e+00
1.000000e+00
1.000000e+00
1.000000e+00
1.000000e+00
1.000000e+00
1.000000e+00
1.000000e+00
1.000000e+00
1.000000e+00
1.000000e+00
1.000000e+00
1.000000e+00
1.000000e+00
1.000000e+00
1.000000e+00
1.000000e+00
1.000000e+00
1.000000e+00
1.000000e+00
1.000000e+00
1.000000e+00
1.000000e+00
1.000000e+00
1.000000e+00
1.000000e+00
1.000000e+00
1.000000e+00
1.000000e+00
1.000000e+00
1.000000e+00
1.000000e+00
1.000000e+00
1.000000e+00
1.000000e+00
1.000000e+00
1.000000e+00
1.000000e+00
1.000000e+00
1.000000e+00
1.000000e+00
1.000000e+00
1.000000e+00
1.000000e+00
1.000000e+00
1.000000e+00
1.000000e+00
1.000000e+00
1.000000e+00
1.000000e+00
1.000000e+00
1.000000e+00
1.000000e+00
1.000000e+00
1.000000e+00
1.000000e+00
1.000000e+00
1.000000e+00
1.000000e+00
1.000000e+00
1.000000e+00
1.000000e+00
1.000000e+00
1.000000e+00
1.000000e+00
1.000000e+00
1.000000e+00
1.000000e+00
1.000000e+00
1.000000e+00
1.000000e+00
1.000000e+00
1.000000e+00
1.000000e+00
1.000000e+00
1.000000e+00
1.000000e+00
1.000000e+00
1.000000e+00
1.000000e+00
1.000000e+00
1.000000e+00
1.000000e+00
1.000000e+00
1.000000e+00
1.000000e+00
1.000000e+00
1.000000e+00
1.000000e+00
1.000000e+00
1.000000e+00
1.000000e+00
1.000000e+00
1.000000e+00
1.000000e+00
1.000000e+00
1.000000e+00
1.000000e+00
1.000000e+00
1.000000e+00
1.000000e+00
1.000000e+00
1.000000e+00
1.000000e+00
1.000000e+00
1.000000e+00
1.000000e+00
1.000000e+00
1.000000e+00
1.000000e+00
1.000000e+00
1.000000e+00
1.000000e+00
1.000000e+00
1.000000e+00
1.000000e+00
1.000000e+00
1.000000e+00
1.000000e+00
1.000000e+00
1.000000e+00
1.000000e+00
1.000000e+00
1.000000e+00
1.000000e+00
1.000000e+00
1.000000e+00
1.000000e+00
1.000000e+00
1.000000e+00
1.000000e+00
1.000000e+00
1.000000e+00
1.000000e+00
1.000000e+00
1.000000e+00
1.000000e+00
1.000000e+00
1.000000e+00
1.000000e+00
1.000000e+00
1.000000e+00
1.000000e+00
1.000000e+00
1.000000e+00
1.000000e+00
1.000000e+00
1.000000e+00
1.000000e+00
1.000000e+00
1.000000e+00
1.000000e+00
1.000000e+00
1.000000e+00
1.000000e+00
1.000000e+00
1.000000e+00
1.000000e+00
1.000000e+00
1.000000e+00
1.000000e+00
1.000000e+00
1.000000e+00
1.000000e+00
1.000000e+00
1.000000e+00
1.000000e+00
1.000000e+00
1.000000e+00
1.000000e+00
1.000000e+00
1.000000e+00
1.000000e+00
1.000000e+00
1.000000e+00
1.000000e+00
1.000000e+00
1.000000e+00
1.000000e+00
1.000000e+00
1.000000e+00
1.000000e+00
1.000000e+00
1.000000e+00
1.000000e+00
1.000000e+00
1.000000e+00
1.000000e+00
1.000000e+00
1.000000e+00
1.000000e+00
1.000000e+00
1.000000e+00
1.000000e+00
1.000000e+00
1.000000e+00
1.000000e+00
1.000000e+00
1.000000e+00
1.000000e+00
1.000000e+00
1.000000e+00
1.000000e+00
1.000000e+00
1.000000e+00
1.000000e+00
1.000000e+00
1.000000e+00
1.000000e+00
1.000000e+00
1.000000e+00
1.000000e+00
1.000000e+00
1.000000e+00
1.000000e+00
1.000000e+00
1.000000e+00
1.000000e+00
1.000000e+00
1.000000e+00
1.000000e+00
1.000000e+00
1.000000e+00
1.000000e+00
1.000000e+00
1.000000e+00
1.000000e+00
1.000000e+00
1.000000e+00
1.000000e+00
1.000000e+00
1.000000e+00
1.000000e+00
1.000000e+00
1.000000e+00
1.000000e+00
1.000000e+00
1.000000e+00
1.000000e+00
1.000000e+00
1.000000e+00
1.000000e+00
1.000000e+00
1.000000e+00
1.000000e+00
1.000000e+00
1.000000e+00
1.000000e+00
1.000000e+00
1.000000e+00
1.000000e+00
1.000000e+00
1.000000e+00
1.000000e+00
1.000000e+00
1.000000e+00
1.000000e+00
1.000000e+00
1.000000e+00
1.000000e+00
1.000000e+00
1.000000e+00
1.000000e+00
1.000000e+00
1.000000e+00
1.000000e+00
1.000000e+00
1.000000e+00
1.000000e+00
1.000000e+00
1.000000e+00
1.000000e+00
1.000000e+00
1.000000e+00
1.000000e+00
1.000000e+00
1.000000e+00
1.000000e+00
1.000000e+00
1.000000e+00
1.000000e+00
1.000000e+00
1.000000e+00
1.000000e+00
1.000000e+00
1.000000e+00
1.000000e+00
1.000000e+00
1.000000e+00
1.000000e+00
1.000000e+00
1.000000e+00
1.000000e+00
1.000000e+00
1.000000e+00
1.000000e+00
1.000000e+00
1.000000e+00
1.000000e+00
1.000000e+00
1.000000e+00
1.000000e+00
1.000000e+00
1.000000e+00
1.000000e+00
1.000000e+00
1.000000e+00
1.000000e+00
1.000000e+00
1.000000e+00
1.000000e+00
1.000000e+00
1.000000e+00
1.000000e+00
1.000000e+00
1.000000e+00
1.000000e+00
1.000000e+00
1.000000e+00
1.000000e+00
1.000000e+00
1.000000e+00
1.000000e+00
1.000000e+00
1.000000e+00
1.000000e+00
1.000000e+00
1.000000e+00
1.000000e+00
1.000000e+00
1.000000e+00
1.000000e+00
1.000000e+00
1.000000e+00
1.000000e+00
1.000000e+00
1.000000e+00
1.000000e+00
1.000000e+00
9.999999e-01
9.999999e-01
9.999998e-01
9.999997e-01
9.999995e-01
9.999992e-01
9.999987e-01
9.999978e-01
9.999964e-01
9.999940e-01
9.999901e-01
9.999837e-01
9.999731e-01
9.999557e-01
9.999270e-01
9.998797e-01
9.998016e-01
9.996729e-01
9.994609e-01
9.991114e-01
9.985358e-01
9.975883e-01
9.960300e-01
9.934713e-01
9.892814e-01
9.824501e-01
9.713908e-01
9.536909e-01
9.258759e-01
8.833970e-01
8.212736e-01
7.359454e-01
6.283162e-01
5.062497e-01
3.834335e-01
2.738850e-01
1.861838e-01
1.218529e-01
7.762946e-02
4.856815e-02
3.003199e-02
1.843314e-02
1.126195e-02
6.861119e-03
4.172744e-03
2.535059e-03
1.539126e-03
9.340930e-04
5.667644e-04
3.438366e-04
2.085757e-04
1.265179e-04
7.674085e-05
4.654705e-05
2.823276e-05
1.712420e-05
1.038644e-05
6.299702e-06
3.820991e-06
2.317534e-06
1.405673e-06
8.525700e-07
5.171233e-07
3.136393e-07
1.902431e-07
1.153783e-07
6.999006e-08
4.244256e-08
2.575100e-08
1.561141e-08
9.476012e-09
5.741117e-09
3.488495e-09
2.110320e-09
1.285574e-09
7.748619e-10
4.749661e-10
2.837774e-10
1.765923e-10
1.032926e-10
6.668449e-11
3.704748e-11
2.612988e-11
1.280981e-11
1.110628e-11
4.009737e-12
5.489331e-12
8.749113e-13
3.345102e-12
-1.867395e-13
2.488731e-12
-4.955480e-13
2.114975e-12
-5.357936e-13
1.926126e-12
-4.842238e-13
1.811773e-12
-4.050649e-13
1.730283e-12
-3.215761e-13
1.665779e-12
-2.406964e-13
1.611433e-12
-1.654787e-13
1.564693e-12
-9.564571e-14
1.523948e-12
-3.108624e-14
1.488198e-12
2.897682e-14
1.456835e-12
8.437695e-14
1.429301e-12
1.362244e-13
1.405320e-12
1.844080e-13
1.384004e-12
2.298717e-13
1.365463e-12
2.719491e-13
1.349143e-12
3.118616e-13
1.334821e-12
3.494982e-13
1.322553e-12
3.850253e-13
1.311784e-12
4.186096e-13
1.302847e-12
4.506395e-13
1.295131e-12
4.810041e-13
1.288636e-12
5.099254e-13
1.283140e-12
5.374035e-13
1.278588e-12
5.640488e-13
1.275535e-12
5.894174e-13
1.273537e-12
6.142309e-13
1.272094e-12
6.381007e-13
1.271705e-12
6.612488e-13
1.272205e-12
6.836198e-13
1.273259e-12
7.057133e-13
1.274980e-12
7.268075e-13
1.277367e-12
7.477352e-13
1.280476e-12
7.681078e-13
1.284250e-12
7.881473e-13
1.288414e-12
8.077428e-13
1.293354e-12
8.273382e-13
1.298517e-12
8.462675e-13
1.304457e-12
8.653078e-13
1.310785e-12
8.837930e-13
1.317169e-12
9.016676e-13
1.323663e-12
9.190426e-13
1.330436e-12
9.363066e-13
1.337319e-12
9.525714e-13
1.344314e-12
9.688916e-13
1.351419e-12
9.847123e-13
1.358302e-12
1.000311e-12
1.365408e-12
1.014799e-12
1.372347e-12
1.029177e-12
1.379119e-12
1.043221e-12
1.386224e-12
1.056988e-12
1.392941e-12
1.070033e-12
1.399825e-12
1.083023e-12
1.406431e-12
1.095457e-12
1.413314e-12
1.107836e-12
1.419864e-12
1.119604e-12
1.426359e-12
1.131262e-12
1.432965e-12
1.142253e-12
1.439238e-12
1.152911e-12
1.445344e-12
1.163125e-12
1.451284e-12
1.172784e-12
1.456946e-12
1.182276e-12
1.462441e-12
1.191491e-12
1.467826e-12
1.199874e-12
1.472988e-12
1.208034e-12
1.477651e-12
1.215861e-12
1.482425e-12
1.223133e-12
1.486644e-12
1.230127e-12
1.490807e-12
1.236844e-12
1.494749e-12
1.243061e-12
1.498635e-12
1.249001e-12
1.502132e-12
1.254385e-12
1.505296e-12
1.259437e-12
1.508238e-12
1.264100e-12
1.511458e-12
1.268763e-12
1.513956e-12
1.272760e-12
1.516509e-12
1.276534e-12
1.519007e-12
1.279976e-12
1.520895e-12
1.283251e-12
1.522671e-12
1.285527e-12
1.524114e-12
1.287470e-12
1.525002e-12
1.289413e-12
1.525891e-12
1.290579e-12
1.526168e-12
1.291356e-12
1.526224e-12
1.291522e-12
1.526057e-12
1.291522e-12
1.525557e-12
1.291245e-12
1.524669e-12
