9.421353e-13
1.175560e-12
9.410250e-13
1.174394e-12
9.395817e-13
1.173339e-12
9.378054e-13
1.171563e-12
9.359180e-13
1.169953e-12
9.337531e-13
1.168232e-12
9.313106e-13
1.166400e-12
9.288126e-13
1.164568e-12
9.260370e-13
1.162792e-12
9.232615e-13
1.161238e-12
9.204859e-13
1.159406e-12
9.175993e-13
1.157796e-12
9.145462e-13
1.156297e-12
9.113821e-13
1.154410e-12
9.080514e-13
1.152745e-12
9.045542e-13
1.151079e-12
9.008350e-13
1.149081e-12
8.966716e-13
1.147027e-12
8.922862e-13
1.144917e-12
8.875123e-13
1.142364e-12
8.829049e-13
1.140199e-12
8.774648e-13
1.137312e-12
8.715806e-13
1.134259e-12
8.655854e-13
1.130596e-12
8.585910e-13
1.127098e-12
8.512635e-13
1.123213e-12
8.439915e-13
1.119382e-12
8.363865e-13
1.115330e-12
8.282819e-13
1.111389e-12
8.198442e-13
1.107003e-12
8.109624e-13
1.103062e-12
8.024692e-13
1.098899e-12
7.929768e-13
1.094347e-12
7.833179e-13
1.089795e-12
7.729928e-13
1.085076e-12
7.622791e-13
1.079747e-12
7.511769e-13
1.074585e-12
7.394085e-13
1.069089e-12
7.271406e-13
1.063594e-12
7.144840e-13
1.057876e-12
7.013834e-13
1.052602e-12
6.878942e-13
1.046940e-12
6.738499e-13
1.041223e-12
6.596390e-13
1.035505e-12
6.449286e-13
1.030065e-12
6.294409e-13
1.024292e-12
6.138978e-13
1.019185e-12
5.975775e-13
1.013634e-12
5.807577e-13
1.008471e-12
5.633827e-13
1.002920e-12
5.453415e-13
9.980905e-13
5.268563e-13
9.929835e-13
5.083156e-13
9.888201e-13
4.888867e-13
9.847123e-13
4.688472e-13
9.813261e-13
4.488077e-13
9.783285e-13
4.280465e-13
9.761636e-13
4.068412e-13
9.744427e-13
3.851364e-13
9.735546e-13
3.627654e-13
9.733880e-13
3.398393e-13
9.741097e-13
3.161360e-13
9.755530e-13
2.918776e-13
9.783285e-13
2.669531e-13
9.818257e-13
2.405298e-13
9.863221e-13
2.131628e-13
9.921508e-13
1.847966e-13
9.995338e-13
1.552647e-13
1.008027e-12
1.245115e-13
1.018352e-12
9.220402e-14
1.030176e-12
5.812018e-14
1.044220e-12
2.220446e-14
1.060152e-12
-1.559863e-14
1.078748e-12
-5.556666e-14
1.100120e-12
-9.786616e-14
1.124378e-12
-1.426081e-13
1.152634e-12
-1.902922e-13
1.184441e-12
-2.413625e-13
1.220468e-12
-2.961520e-13
1.261491e-12
-3.552714e-13
1.307954e-12
-4.194423e-13
1.360467e-12
-4.889977e-13
1.420752e-12
-5.635492e-13
1.491474e-12
-6.411538e-13
1.578904e-12
-7.136514e-13
1.699585e-12
-7.588929e-13
1.894651e-12
-7.125966e-13
2.274958e-12
-3.975154e-13
3.137213e-12
6.703527e-13
5.287715e-12
3.811174e-12
1.091099e-11
1.261791e-11
2.594136e-11
3.686251e-11
6.650286e-11
1.031145e-10
1.764178e-10
2.836062e-10
4.747983e-10
7.746980e-10
1.285414e-09
2.110164e-09
3.488343e-09
5.740969e-09
9.475867e-09
1.561127e-08
2.575086e-08
4.244242e-08
6.998993e-08
1.153781e-07
1.902430e-07
3.136392e-07
5.171232e-07
8.525699e-07
1.405673e-06
2.317534e-06
3.820991e-06
6.299702e-06
1.038644e-05
1.712420e-05
2.823276e-05
4.654705e-05
7.674085e-05
1.265179e-04
2.085757e-04
3.438366e-04
5.667644e-04
9.340930e-04
1.539126e-03
2.535059e-03
4.172744e-03
6.861119e-03
1.126195e-02
1.843314e-02
3.003199e-02
4.856815e-02
7.762946e-02
1.218529e-01
1.861838e-01
2.738850e-01
3.834335e-01
5.062497e-01
6.283162e-01
7.359454e-01
8.212736e-01
8.833970e-01
9.258759e-01
9.536909e-01
9.713908e-01
9.824501e-01
9.892814e-01
9.934713e-01
9.960300e-01
9.975883e-01
9.985358e-01
9.991114e-01
9.994609e-01
9.996729e-01
9.998016e-01
9.998797e-01
9.999270e-01
9.999557e-01
9.999731e-01
9.999837e-01
9.999901e-01
9.999940e-01
9.999964e-01
9.999978e-01
9.999987e-01
9.999992e-01
9.999995e-01
9.999997e-01
9.999998e-01
9.999999e-01
9.999999e-01
1.000000e+00
1.000000e+00
1.000000e+00
1.000000e+00
1.000000e+00
1.000000e+00
1.000000e+00
1.000000e+00
1.000000e+00
1.000000e+00
1.000000e+00
1.000000e+00
1.000000e+00
1.000000e+00
1.000000e+00
1.000000e+00
1.000000e+00
1.000000e+00
1.000000e+00
1.000000e+00
1.000000e+00
1.000000e+00
1.000000e+00
1.000000e+00
1.000000e+00
1.000000e+00
1.000000e+00
1.000000e+00
1.000000e+00
1.000000e+00
1.000000e+00
1.000000e+00
1.000000e+00
1.000000e+00
1.000000e+00
1.000000e+00
1.000000e+00
1.000000e+00
1.000000e+00
1.000000e+00
1.000000e+00
1.000000e+00
1.000000e+00
1.000000e+00
1.000000e+00
1.000000e+00
1.000000e+00
1.000000e+00
1.000000e+00
1.000000e+00
1.000000e+00
1.000000e+00
1.000000e+00
1.000000e+00
1.000000e+00
1.000000e+00
1.000000e+00
1.000000e+00
1.000000e+00
1.000000e+00
1.000000e+00
1.000000e+00
1.000000e+00
1.000000e+00
1.000000e+00
1.000000e+00
1.000000e+00
1.000000e+00
1.000000e+00
1.000000e+00
1.000000e+00
1.000000e+00
1.000000e+00
1.000000e+00
1.000000e+00
1.000000e+00
1.000000e+00
1.000000e+00
1.000000e+00
1.000000e+00
1.000000e+00
1.000000e+00
1.000000e+00
1.000000e+00
1.000000e+00
1.000000e+00
1.000000e+00
1.000000e+00
1.000000e+00
1.000000e+00
1.000000e+00
1.000000e+00
1.000000e+00
1.000000e+00
1.000000e+00
1.000000e+00
1.000000e+00
1.000000e+00
1.000000e+00
1.000000e+00
1.000000e+00
1.000000e+00
1.000000e+00
1.000000e+00
1.000000e+00
1.000000e+00
1.000000e+00
1.000000e+00
1.000000e+00
1.000000e+00
1.000000e+00
1.000000e+00
1.000000e+00
1.000000e+00
1.000000e+00
1.000000e+00
1.000000e+00
1.000000e+00
1.000000e+00
1.000000e+00
1.000000e+00
1.000000e+00
1.000000e+00
1.000000e+00
1.000000e+00
1.000000e+00
1.000000e+00
1.000000e+00
1.000000e+00
1.000000e+00
1.000000e+00
1.000000e+00
1.000000e+00
1.000000e+00
1.000000e+00
1.000000e+00
1.000000e+00
1.000000e+00
1.000000e+00
1.000000e+00
1.000000e+00
1.000000e+00
1.000000e+00
1.000000e+00
1.000000e+00
1.000000e+00
1.000000e+00
1.000000e+00
1.000000e+00
1.000000e+00
1.000000e+00
1.000000e+00
1.000000e+00
1.000000e+00
1.000000e+00
1.000000e+00
1.000000e+00
1.000000e+00
1.000000e+00
1.000000e+00
1.000000e+00
1.000000e+00
1.000000e+00
1.000000e+00
1.000000e+00
1.000000e+00
1.000000e+00
1.000000e+00
1.000000e+00
1.000000e+00
1.000000e+00
1.000000e+00
1.000000e+00
1.000000e+00
1.000000e+00
1.000000e+00
1.000000e+00
1.000000e+00
1.000000e+00
1.000000e+00
1.000000e+00
1.000000e+00
1.000000e+00
1.000000e+00
1.000000e+00
1.000000e+00
1.000000e+00
1.000000e+00
1.000000e+00
1.000000e+00
1.000000e+00
1.000000e+00
1.000000e+00
1.000000e+00
1.000000e+00
1.000000e+00
1.000000e+00
1.000000e+00
1.000000e+00
1.000000e+00
1.000000e+00
1.000000e+00
1.000000e+00
1.000000e+00
1.000000e+00
1.000000e+00
1.000000e+00
1.000000e+00
1.000000e+00
1.000000e+00
1.000000e+00
1.000000e+00
1.000000e+00
1.000000e+00
1.000000e+00
1.000000e+00
1.000000e+00
1.000000e+00
1.000000e+00
1.000000e+00
1.000000e+00
1.000000e+00
1.000000e+00
1.000000e+00
1.000000e+00
1.000000e+00
1.000000e+00
1.000000e+00
1.000000e+00
1.000000e+00
1.000000e+00
1.000000e+00
1.000000e+00
1.000000e+00
1.000000e+00
1.000000e+00
1.000000e+00
1.000000e+00
1.000000e+00
1.000000e+00
1.000000e+00
1.000000e+00
1.000000e+00
1.000000e+00
1.000000e+00
1.000000e+00
1.000000e+00
1.000000e+00
1.000000e+00
1.000000e+00
1.000000e+00
1.000000e+00
1.000000e+00
1.000000e+00
1.000000e+00
1.000000e+00
1.000000e+00
1.000000e+00
1.000000e+00
1.000000e+00
1.000000e+00
1.000000e+00
1.000000e+00
1.000000e+00
1.000000e+00
1.000000e+00
1.000000e+00
1.000000e+00
1.000000e+00
1.000000e+00
1.000000e+00
1.000000e+00
1.000000e+00
1.000000e+00
1.000000e+00
1.000000e+00
1.000000e+00
1.000000e+00
1.000000e+00
1.000000e+00
1.000000e+00
1.000000e+00
1.000000e+00
1.000000e+00
1.000000e+00
1.000000e+00
1.000000e+00
1.000000e+00
1.000000e+00
1.000000e+00
1.000000e+00
1.000000e+00
1.000000e+00
1.000000e+00
1.000000e+00
1.000000e+00
1.000000e+00
1.000000e+00
1.000000e+00
1.000000e+00
1.000000e+00
1.000000e+00
1.000000e+00
1.000000e+00
1.000000e+00
1.000000e+00
1.000000e+00
1.000000e+00
1.000000e+00
1.000000e+00
1.000000e+00
1.000000e+00
1.000000e+00
1.000000e+00
1.000000e+00
1.000000e+00
1.000000e+00
1.000000e+00
1.000000e+00
1.000000e+00
1.000000e+00
1.000000e+00
1.000000e+00
1.000000e+00
1.000000e+00
1.000000e+00
1.000000e+00
1.000000e+00
1.000000e+00
1.000000e+00
1.000000e+00
1.000000e+00
1.000000e+00
1.000000e+00
1.000000e+00
1.000000e+00
1.000000e+00
1.000000e+00
1.000000e+00
1.000000e+00
1.000000e+00
1.000000e+00
1.000000e+00
1.000000e+00
1.000000e+00
1.000000e+00
1.000000e+00
1.000000e+00
1.000000e+00
1.000000e+00
1.000000e+00
1.000000e+00
1.000000e+00
1.000000e+00
1.000000e+00
1.000000e+00
1.000000e+00
1.000000e+00
1.000000e+00
1.000000e+00
1.000000e+00
1.000000e+00
1.000000e+00
1.000000e+00
1.000000e+00
1.000000e+00
1.000000e+00
1.000000e+00
1.000000e+00
1.000000e+00
1.000000e+00
1.000000e+00
1.000000e+00
1.000000e+00
1.000000e+00
1.000000e+00
1.000000e+00
1.000000e+00
1.000000e+00
1.000000e+00
1.000000e+00
1.000000e+00
1.000000e+00
1.000000e+00
1.000000e+00
1.000000e+00
1.000000e+00
1.000000e+00
1.000000e+00
1.000000e+00
1.000000e+00
1.000000e+00
1.000000e+00
1.000000e+00
1.000000e+00
1.000000e+00
1.000000e+00
1.000000e+00
1.000000e+00
1.000000e+00
1.000000e+00
1.000000e+00
1.000000e+00
1.000000e+00
1.000000e+00
1.000000e+00
1.000000e+00
1.000000e+00
1.000000e+00
1.000000e+00
1.000000e+00
1.000000e+00
1.000000e+00
1.000000e+00
1.000000e+00
1.000000e+00
1.000000e+00
1.000000e+00
1.000000e+00
1.000000e+00
1.000000e+00
1.000000e+00
1.000000e+00
1.000000e+00
1.000000e+00
1.000000e+00
1.000000e+00
1.000000e+00
1.000000e+00
1.000000e+00
1.000000e+00
1.000000e+00
1.000000e+00
1.000000e+00
1.000000e+00
1.000000e+00
1.000000e+00
1.000000e+00
1.000000e+00
1.000000e+00
1.000000e+00
1.000000e+00
1.000000e+00
1.000000e+00
1.000000e+00
1.000000e+00
1.000000e+00
1.000000e+00
1.000000e+00
1.000000e+00
1.000000e+00
1.000000e+00
1.000000e+00
1.000000e+00
1.000000e+00
1.000000e+00
1.000000e+00
1.000000e+00
1.000000e+00
1.000000e+00
1.000000e+00
1.000000e+00
1.000000e+00
1.000000e+00
1.000000e+00
1.000000e+00
1.000000e+00
1.000000e+00
1.000000e+00
1.000000e+00
1.000000e+00
1.000000e+00
1.000000e+00
1.000000e+00
1.000000e+00
1.000000e+00
1.000000e+00
1.000000e+00
1.000000e+00
1.000000e+00
1.000000e+00
1.000000e+00
1.000000e+00
1.000000e+00
1.000000e+00
1.000000e+00
1.000000e+00
1.000000e+00
1.000000e+00
1.000000e+00
1.000000e+00
1.000000e+00
1.000000e+00
1.000000e+00
1.000000e+00
1.000000e+00
1.000000e+00
9.999999e-01
9.999999e-01
9.999998e-01
9.999997e-01
9.999995e-01
9.999992e-01
9.999987e-01
9.999978e-01
9.999964e-01
9.999940e-01
9.999901e-01
9.999837e-01
9.999731e-01
9.999557e-01
9.999270e-01
9.998797e-01
9.998016e-01
9.996729e-01
9.994609e-01
9.991114e-01
9.985358e-01
9.975883e-01
9.960300e-01
9.934713e-01
9.892814e-01
9.824501e-01
9.713908e-01
9.536909e-01
9.258759e-01
8.833970e-01
8.212736e-01
7.359454e-01
6.283162e-01
5.062497e-01
3.834335e-01
2.738850e-01
1.861838e-01
1.218529e-01
7.762946e-02
4.856815e-02
3.003199e-02
1.843314e-02
1.126195e-02
6.861119e-03
4.172744e-03
2.535059e-03
1.539126e-03
9.340930e-04
5.667644e-04
3.438366e-04
2.085757e-04
1.265179e-04
7.674085e-05
4.654705e-05
2.823276e-05
1.712420e-05
1.038644e-05
6.299702e-06
3.820991e-06
2.317534e-06
1.405673e-06
8.525699e-07
5.171232e-07
3.136392e-07
1.902430e-07
1.153782e-07
6.998996e-08
4.244245e-08
2.575089e-08
1.561130e-08
9.475902e-09
5.741005e-09
3.488381e-09
2.110204e-09
1.285455e-09
7.747409e-10
4.748431e-10
2.836522e-10
1.764647e-10
1.031627e-10
6.655243e-11
3.691331e-11
2.599337e-11
1.267109e-11
1.096512e-11
3.866407e-12
5.343892e-12
7.274181e-13
3.195166e-12
-3.388956e-13
2.334410e-12
-6.523115e-13
1.956102e-12
-6.968315e-13
1.762701e-12
-6.496470e-13
1.644018e-12
-5.750955e-13
1.558254e-12
-4.956591e-13
1.489586e-12
-4.192757e-13
1.431077e-12
-3.479994e-13
1.380174e-12
-2.822742e-13
1.335043e-12
-2.221556e-13
1.295297e-12
-1.663114e-13
1.259548e-12
-1.148526e-13
1.227907e-12
-6.716849e-14
1.199485e-12
-2.325917e-14
1.174283e-12
1.815215e-14
1.151412e-12
5.634382e-14
1.131151e-12
9.209300e-14
1.112777e-12
1.256217e-13
1.096623e-12
1.572631e-13
1.082190e-12
1.872391e-13
1.069478e-12
2.153833e-13
1.058043e-12
2.421396e-13
1.048051e-12
2.677858e-13
1.039224e-12
2.917111e-13
1.031453e-12
3.146927e-13
1.024680e-12
3.367862e-13
1.019185e-12
3.581579e-13
1.014466e-12
3.788636e-13
1.010914e-12
3.987366e-13
1.007749e-12
4.178879e-13
1.005418e-12
4.362621e-13
1.003919e-12
4.543588e-13
1.003253e-12
4.720113e-13
1.003087e-12
4.891643e-13
1.003753e-12
5.063727e-13
1.005196e-12
5.234146e-13
1.007416e-12
5.400680e-13
1.009914e-12
5.566658e-13
1.013301e-12
5.729861e-13
1.017075e-12
5.889733e-13
1.021183e-12
6.044609e-13
1.025402e-12
6.195044e-13
1.029787e-12
6.341594e-13
1.034117e-12
6.489254e-13
1.039058e-12
6.625811e-13
1.043610e-12
6.759038e-13
1.048384e-12
6.889489e-13
1.052769e-12
7.012724e-13
1.057543e-12
7.133738e-13
1.062206e-12
7.252532e-13
1.067091e-12
7.369105e-13
1.071865e-12
7.484013e-13
1.076972e-12
7.592815e-13
1.081635e-12
7.701617e-13
1.086964e-12
7.809309e-13
1.092182e-12
7.911449e-13
1.097178e-12
8.011369e-13
1.102063e-12
8.105738e-13
1.107003e-12
8.197332e-13
1.111444e-12
8.286705e-13
1.116107e-12
8.371637e-13
1.120382e-12
8.453238e-13
1.124656e-12
8.530954e-13
1.128875e-12
8.604784e-13
1.132983e-12
8.676948e-13
1.136813e-12
8.742451e-13
1.140421e-12
8.809065e-13
1.143807e-12
8.872347e-13
1.147527e-12
8.931744e-13
1.150802e-12
8.990031e-13
1.154354e-12
9.045542e-13
1.157352e-12
9.095502e-13
1.160572e-12
9.146017e-13
1.163125e-12
9.189316e-13
1.165845e-12
9.231504e-13
1.168399e-12
9.271472e-13
1.170453e-12
9.304224e-13
1.172229e-12
9.330869e-13
1.173894e-12
9.357515e-13
1.174949e-12
9.379164e-13
1.176115e-12
9.395817e-13
1.176725e-12
9.410250e-13
1.177169e-12
9.420242e-13
1.177558e-12
9.427459e-13
1.177780e-12
9.431345e-13
1.177503e-12
9.434120e-13
1.177447e-12
9.431900e-13
1.176781e-12
