1.131484e-12
1.364853e-12
1.130207e-12
1.363243e-12
1.128209e-12
1.361800e-12
1.126266e-12
1.360245e-12
1.124489e-12
1.358358e-12
1.121880e-12
1.356470e-12
1.119327e-12
1.354639e-12
1.116829e-12
1.352529e-12
1.114164e-12
1.350919e-12
1.110889e-12
1.348588e-12
1.107614e-12
1.346423e-12
1.104616e-12
1.344425e-12
1.100897e-12
1.342204e-12
1.097011e-12
1.340039e-12
1.093070e-12
1.337819e-12
1.089295e-12
1.335543e-12
1.084799e-12
1.332989e-12
1.080080e-12
1.329992e-12
1.074751e-12
1.327050e-12
1.069367e-12
1.324052e-12
1.063927e-12
1.320943e-12
1.058154e-12
1.317613e-12
1.051714e-12
1.314004e-12
1.045164e-12
1.310452e-12
1.038059e-12
1.306677e-12
1.030731e-12
1.302458e-12
1.022682e-12
1.297962e-12
1.014466e-12
1.293299e-12
1.005807e-12
1.288636e-12
9.966472e-13
1.283806e-12
9.874324e-13
1.278866e-12
9.779955e-13
1.273925e-12
9.675039e-13
1.268374e-12
9.569012e-13
1.262601e-12
9.454659e-13
1.256772e-12
9.335865e-13
1.250944e-12
9.215961e-13
1.244504e-12
9.086620e-13
1.238121e-12
8.955059e-13
1.231570e-12
8.817391e-13
1.224520e-12
8.676393e-13
1.218192e-12
8.529288e-13
1.211364e-12
8.375522e-13
1.204259e-12
8.223422e-13
1.197487e-12
8.061329e-13
1.190270e-12
7.890910e-13
1.183442e-12
7.717715e-13
1.176337e-12
7.541745e-13
1.169342e-12
7.355228e-13
1.162348e-12
7.164269e-13
1.154854e-12
6.963874e-13
1.148082e-12
6.761813e-13
1.141698e-12
6.555867e-13
1.135481e-12
6.344925e-13
1.129652e-12
6.128986e-13
1.124489e-12
5.910272e-13
1.119771e-12
5.687673e-13
1.116163e-12
5.458967e-13
1.112499e-12
5.221934e-13
1.109612e-12
4.980460e-13
1.107558e-12
4.731771e-13
1.106226e-12
4.473089e-13
1.105671e-12
4.208855e-13
1.106115e-12
3.937406e-13
1.107614e-12
3.650968e-13
1.109890e-12
3.356759e-13
1.113332e-12
3.047562e-13
1.118272e-12
2.729483e-13
1.124767e-12
2.400857e-13
1.132705e-12
2.054468e-13
1.142586e-12
1.692535e-13
1.154576e-12
1.316725e-13
1.168399e-12
9.170442e-14
1.185219e-12
4.962697e-14
1.204259e-12
5.162537e-15
1.226352e-12
-4.168887e-14
1.252332e-12
-9.175993e-14
1.281697e-12
-1.452172e-13
1.315725e-12
-2.025047e-13
1.354195e-12
-2.638445e-13
1.398159e-12
-3.304579e-13
1.448452e-12
-4.022893e-13
1.506018e-12
-4.795053e-13
1.574296e-12
-5.593859e-13
1.659506e-12
-6.343814e-13
1.777911e-12
-6.817880e-13
1.970701e-12
-6.377121e-13
2.348510e-12
-3.247402e-13
3.208878e-12
7.409073e-13
5.357326e-12
3.879785e-12
1.097855e-11
1.268424e-11
2.600670e-11
3.692668e-11
6.656620e-11
1.031768e-10
1.764793e-10
2.836667e-10
4.748579e-10
7.747564e-10
1.285471e-09
2.110220e-09
3.488398e-09
5.741023e-09
9.475920e-09
1.561132e-08
2.575091e-08
4.244247e-08
6.998998e-08
1.153782e-07
1.902431e-07
3.136392e-07
5.171232e-07
8.525699e-07
1.405673e-06
2.317534e-06
3.820991e-06
6.299702e-06
1.038644e-05
1.712420e-05
2.823276e-05
4.654705e-05
7.674085e-05
1.265179e-04
2.085757e-04
3.438366e-04
5.667644e-04
9.340930e-04
1.539126e-03
2.535059e-03
4.172744e-03
6.861119e-03
1.126195e-02
1.843314e-02
3.003199e-02
4.856815e-02
7.762946e-02
1.218529e-01
1.861838e-01
2.738850e-01
3.834335e-01
5.062497e-01
6.283162e-01
7.359454e-01
8.212736e-01
8.833970e-01
9.258759e-01
9.536909e-01
9.713908e-01
9.824501e-01
9.892814e-01
9.934713e-01
9.960300e-01
9.975883e-01
9.985358e-01
9.991114e-01
9.994609e-01
9.996729e-01
9.998016e-01
9.998797e-01
9.999270e-01
9.999557e-01
9.999731e-01
9.999837e-01
9.999901e-01
9.999940e-01
9.999964e-01
9.999978e-01
9.999987e-01
9.999992e-01
9.999995e-01
9.999997e-01
9.999998e-01
9.999999e-01
9.999999e-01
1.000000e+00
1.000000e+00
1.000000e+00
1.000000e+00
1.000000e+00
1.000000e+00
1.000000e+00
1.000000e+00
1.000000e+00
1.000000e+00
1.000000e+00
1.000000e+00
1.000000e+00
1.000000e+00
1.000000e+00
1.000000e+00
1.000000e+00
1.000000e+00
1.000000e+00
1.000000e+00
1.000000e+00
1.000000e+00
1.000000e+00
1.000000e+00
1.000000e+00
1.000000e+00
1.000000e+00
1.000000e+00
1.000000e+00
1.000000e+00
1.000000e+00
1.000000e+00
1.000000e+00
1.000000e+00
1.000000e+00
1.000000e+00
1.000000e+00
1.000000e+00
1.000000e+00
1.000000e+00
1.000000e+00
1.000000e+00
1.000000e+00
1.000000e+00
1.000000e+00
1.000000e+00
1.000000e+00
1.000000e+00
1.000000e+00
1.000000e+00
1.000000e+00
1.000000e+00
1.000000e+00
1.000000e+00
1.000000e+00
1.000000e+00
1.000000e+00
1.000000e+00
1.000000e+00
1.000000e+00
1.000000e+00
1.000000e+00
1.000000e+00
1.000000e+00
1.000000e+00
1.000000e+00
1.000000e+00
1.000000e+00
1.000000e+00
1.000000e+00
1.000000e+00
1.000000e+00
1.000000e+00
1.000000e+00
1.000000e+00
1.000000e+00
1.000000e+00
1.000000e+00
1.000000e+00
1.000000e+00
1.000000e+00
1.000000e+00
1.000000e+00
1.000000e+00
1.000000e+00
1.000000e+00
1.000000e+00
1.000000e+00
1.000000e+00
1.000000e+00
1.000000e+00
1.000000e+00
1.000000e+00
1.000000e+00
1.000000e+00
1.000000e+00
1.000000e+00
1.000000e+00
1.000000e+00
1.000000e+00
1.000000e+00
1.000000e+00
1.000000e+00
1.000000e+00
1.000000e+00
1.000000e+00
1.000000e+00
1.000000e+00
1.000000e+00
1.000000e+00
1.000000e+00
1.000000e+00
1.000000e+00
1.000000e+00
1.000000e+00
1.000000e+00
1.000000e+00
1.000000e+00
1.000000e+00
1.000000e+00
1.000000e+00
1.000000e+00
1.000000e+00
1.000000e+00
1.000000e+00
1.000000e+00
1.000000e+00
1.000000e+00
1.000000e+00
1.000000e+00
1.000000e+00
1.000000e+00
1.000000e+00
1.000000e+00
1.000000e+00
1.000000e+00
1.000000e+00
1.000000e+00
1.000000e+00
1.000000e+00
1.000000e+00
1.000000e+00
1.000000e+00
1.000000e+00
1.000000e+00
1.000000e+00
1.000000e+00
1.000000e+00
1.000000e+00
1.000000e+00
1.000000e+00
1.000000e+00
1.000000e+00
1.000000e+00
1.000000e+00
1.000000e+00
1.000000e+00
1.000000e+00
1.000000e+00
1.000000e+00
1.000000e+00
1.000000e+00
1.000000e+00
1.000000e+00
1.000000e+00
1.000000e+00
1.000000e+00
1.000000e+00
1.000000e+00
1.000000e+00
1.000000e+00
1.000000e+00
1.000000e+00
1.000000e+00
1.000000e+00
1.000000e+00
1.000000e+00
1.000000e+00
1.000000e+00
1.000000e+00
1.000000e+00
1.000000e+00
1.000000e+00
1.000000e+00
1.000000e+00
1.000000e+00
1.000000e+00
1.000000e+00
1.000000e+00
1.000000e+00
1.000000e+00
1.000000e+00
1.000000e+00
1.000000e+00
1.000000e+00
1.000000e+00
1.000000e+00
1.000000e+00
1.000000e+00
1.000000e+00
1.000000e+00
1.000000e+00
1.000000e+00
1.000000e+00
1.000000e+00
1.000000e+00
1.000000e+00
1.000000e+00
1.000000e+00
1.000000e+00
1.000000e+00
1.000000e+00
1.000000e+00
1.000000e+00
1.000000e+00
1.000000e+00
1.000000e+00
1.000000e+00
1.000000e+00
1.000000e+00
1.000000e+00
1.000000e+00
1.000000e+00
1.000000e+00
1.000000e+00
1.000000e+00
1.000000e+00
1.000000e+00
1.000000e+00
1.000000e+00
1.000000e+00
1.000000e+00
1.000000e+00
1.000000e+00
1.000000e+00
1.000000e+00
1.000000e+00
1.000000e+00
1.000000e+00
1.000000e+00
1.000000e+00
1.000000e+00
1.000000e+00
1.000000e+00
1.000000e+00
1.000000e+00
1.000000e+00
1.000000e+00
1.000000e+00
1.000000e+00
1.000000e+00
1.000000e+00
1.000000e+00
1.000000e+00
1.000000e+00
1.000000e+00
1.000000e+00
1.000000e+00
1.000000e+00
1.000000e+00
1.000000e+00
1.000000e+00
1.000000e+00
1.000000e+00
1.000000e+00
1.000000e+00
1.000000e+00
1.000000e+00
1.000000e+00
1.000000e+00
1.000000e+00
1.000000e+00
1.000000e+00
1.000000e+00
1.000000e+00
1.000000e+00
1.000000e+00
1.000000e+00
1.000000e+00
1.000000e+00
1.000000e+00
1.000000e+00
1.000000e+00
1.000000e+00
1.000000e+00
1.000000e+00
1.000000e+00
1.000000e+00
1.000000e+00
1.000000e+00
1.000000e+00
1.000000e+00
1.000000e+00
1.000000e+00
1.000000e+00
1.000000e+00
1.000000e+00
1.000000e+00
1.000000e+00
1.000000e+00
1.000000e+00
1.000000e+00
1.000000e+00
1.000000e+00
1.000000e+00
1.000000e+00
1.000000e+00
1.000000e+00
1.000000e+00
1.000000e+00
1.000000e+00
1.000000e+00
1.000000e+00
1.000000e+00
1.000000e+00
1.000000e+00
1.000000e+00
1.000000e+00
1.000000e+00
1.000000e+00
1.000000e+00
1.000000e+00
1.000000e+00
1.000000e+00
1.000000e+00
1.000000e+00
1.000000e+00
1.000000e+00
1.000000e+00
1.000000e+00
1.000000e+00
1.000000e+00
1.000000e+00
1.000000e+00
1.000000e+00
1.000000e+00
1.000000e+00
1.000000e+00
1.000000e+00
1.000000e+00
1.000000e+00
1.000000e+00
1.000000e+00
1.000000e+00
1.000000e+00
1.000000e+00
1.000000e+00
1.000000e+00
1.000000e+00
1.000000e+00
1.000000e+00
1.000000e+00
1.000000e+00
1.000000e+00
1.000000e+00
1.000000e+00
1.000000e+00
1.000000e+00
1.000000e+00
1.000000e+00
1.000000e+00
1.000000e+00
1.000000e+00
1.000000e+00
1.000000e+00
1.000000e+00
1.000000e+00
1.000000e+00
1.000000e+00
1.000000e+00
1.000000e+00
1.000000e+00
1.000000e+00
1.000000e+00
1.000000e+00
1.000000e+00
1.000000e+00
1.000000e+00
1.000000e+00
1.000000e+00
1.000000e+00
1.000000e+00
1.000000e+00
1.000000e+00
1.000000e+00
1.000000e+00
1.000000e+00
1.000000e+00
1.000000e+00
1.000000e+00
1.000000e+00
1.000000e+00
1.000000e+00
1.000000e+00
1.000000e+00
1.000000e+00
1.000000e+00
1.000000e+00
1.000000e+00
1.000000e+00
1.000000e+00
1.000000e+00
1.000000e+00
1.000000e+00
1.000000e+00
1.000000e+00
1.000000e+00
1.000000e+00
1.000000e+00
1.000000e+00
1.000000e+00
1.000000e+00
1.000000e+00
1.000000e+00
1.000000e+00
1.000000e+00
1.000000e+00
1.000000e+00
1.000000e+00
1.000000e+00
1.000000e+00
1.000000e+00
1.000000e+00
1.000000e+00
1.000000e+00
1.000000e+00
1.000000e+00
1.000000e+00
1.000000e+00
1.000000e+00
1.000000e+00
1.000000e+00
1.000000e+00
1.000000e+00
1.000000e+00
1.000000e+00
1.000000e+00
1.000000e+00
1.000000e+00
1.000000e+00
1.000000e+00
1.000000e+00
1.000000e+00
1.000000e+00
1.000000e+00
1.000000e+00
1.000000e+00
1.000000e+00
1.000000e+00
1.000000e+00
1.000000e+00
1.000000e+00
1.000000e+00
1.000000e+00
1.000000e+00
1.000000e+00
1.000000e+00
1.000000e+00
1.000000e+00
1.000000e+00
1.000000e+00
1.000000e+00
1.000000e+00
1.000000e+00
1.000000e+00
1.000000e+00
1.000000e+00
1.000000e+00
1.000000e+00
1.000000e+00
1.000000e+00
1.000000e+00
1.000000e+00
1.000000e+00
1.000000e+00
1.000000e+00
1.000000e+00
1.000000e+00
1.000000e+00
1.000000e+00
1.000000e+00
1.000000e+00
1.000000e+00
1.000000e+00
1.000000e+00
1.000000e+00
1.000000e+00
1.000000e+00
1.000000e+00
1.000000e+00
1.000000e+00
1.000000e+00
1.000000e+00
1.000000e+00
1.000000e+00
1.000000e+00
1.000000e+00
9.999999e-01
9.999999e-01
9.999998e-01
9.999997e-01
9.999995e-01
9.999992e-01
9.999987e-01
9.999978e-01
9.999964e-01
9.999940e-01
9.999901e-01
9.999837e-01
9.999731e-01
9.999557e-01
9.999270e-01
9.998797e-01
9.998016e-01
9.996729e-01
9.994609e-01
9.991114e-01
9.985358e-01
9.975883e-01
9.960300e-01
9.934713e-01
9.892814e-01
9.824501e-01
9.713908e-01
9.536909e-01
9.258759e-01
8.833970e-01
8.212736e-01
7.359454e-01
6.283162e-01
5.062497e-01
3.834335e-01
2.738850e-01
1.861838e-01
1.218529e-01
7.762946e-02
4.856815e-02
3.003199e-02
1.843314e-02
1.126195e-02
6.861119e-03
4.172744e-03
2.535059e-03
1.539126e-03
9.340930e-04
5.667644e-04
3.438366e-04
2.085757e-04
1.265179e-04
7.674085e-05
4.654705e-05
2.823276e-05
1.712420e-05
1.038644e-05
6.299702e-06
3.820991e-06
2.317534e-06
1.405673e-06
8.525699e-07
5.171233e-07
3.136393e-07
1.902431e-07
1.153782e-07
6.999000e-08
4.244250e-08
2.575094e-08
1.561135e-08
9.475953e-09
5.741058e-09
3.488434e-09
2.110258e-09
1.285510e-09
7.747971e-10
4.749002e-10
2.837103e-10
1.765244e-10
1.032231e-10
6.661377e-11
3.697548e-11
2.605682e-11
1.273526e-11
1.103062e-11
3.932743e-12
5.411005e-12
7.956413e-13
3.264777e-12
-2.684519e-13
2.405853e-12
-5.797585e-13
2.029710e-12
-6.217804e-13
1.838862e-12
-5.723755e-13
1.722233e-12
-4.958256e-13
1.638745e-12
-4.144463e-13
1.572131e-12
-3.352874e-13
1.516010e-12
-2.619016e-13
1.467548e-12
-1.939560e-13
1.424416e-12
-1.315059e-13
1.386946e-12
-7.338574e-14
1.353972e-12
-1.953993e-14
1.324552e-12
3.042011e-14
1.298683e-12
7.693846e-14
1.275591e-12
1.205147e-13
1.255052e-12
1.612044e-13
1.237399e-12
1.995071e-13
1.221467e-12
2.352563e-13
1.207368e-12
2.692846e-13
1.195322e-12
3.014811e-13
1.184830e-12
3.318457e-13
1.175615e-12
3.608780e-13
1.168010e-12
3.888001e-13
1.161404e-12
4.148348e-13
1.155631e-12
4.400369e-13
1.150857e-12
4.639067e-13
1.147304e-12
4.871659e-13
1.144695e-12
5.099809e-13
1.142864e-12
5.317968e-13
1.142197e-12
5.528911e-13
1.142031e-12
5.739853e-13
1.142531e-12
5.940248e-13
1.144029e-12
6.136203e-13
1.145861e-12
6.328271e-13
1.148137e-12
6.520895e-13
1.151690e-12
6.708523e-13
1.155576e-12
6.891154e-13
1.160072e-12
7.073786e-13
1.165179e-12
7.255307e-13
1.170619e-12
7.431278e-13
1.176226e-12
7.602807e-13
1.181777e-12
7.766010e-13
1.187606e-12
7.927548e-13
1.193545e-12
8.086865e-13
1.199596e-12
8.239520e-13
1.205980e-12
8.387735e-13
1.211808e-12
8.534284e-13
1.218026e-12
8.673617e-13
1.224298e-12
8.809620e-13
1.230294e-12
8.938406e-13
1.236289e-12
9.068302e-13
1.242395e-12
9.195422e-13
1.248668e-12
9.315326e-13
1.254663e-12
9.434120e-13
1.260825e-12
9.554024e-13
1.267042e-12
9.663936e-13
1.272982e-12
9.773293e-13
1.278477e-12
9.871548e-13
1.284084e-12
9.973133e-13
1.289802e-12
1.007250e-12
1.295075e-12
1.016132e-12
1.299849e-12
1.024791e-12
1.304623e-12
1.033285e-12
1.309175e-12
1.041389e-12
1.314227e-12
1.049105e-12
1.318667e-12
1.056322e-12
1.322775e-12
1.063760e-12
1.326883e-12
1.070533e-12
1.330935e-12
1.076694e-12
1.334821e-12
1.082912e-12
1.338485e-12
1.089073e-12
1.342149e-12
1.094458e-12
1.345590e-12
1.099620e-12
1.348366e-12
1.104450e-12
1.351697e-12
1.109002e-12
1.354639e-12
1.113387e-12
1.357192e-12
1.117051e-12
1.359191e-12
1.120271e-12
1.361355e-12
1.123268e-12
1.362688e-12
1.126044e-12
1.364409e-12
1.128153e-12
1.365352e-12
1.129652e-12
1.366018e-12
1.131095e-12
1.366796e-12
1.132372e-12
1.367184e-12
1.132539e-12
1.366907e-12
1.132650e-12
1.366629e-12
1.132483e-12
1.366074e-12
