7.053388e-08
7.053252e-08
7.052752e-08
7.051979e-08
7.050842e-08
7.049434e-08
7.047661e-08
7.045616e-08
7.043207e-08
7.040527e-08
7.037483e-08
7.034168e-08
7.030488e-08
7.026539e-08
7.022225e-08
7.017642e-08
7.012694e-08
7.007478e-08
7.001899e-08
6.996051e-08
6.989839e-08
6.983361e-08
6.976519e-08
6.969410e-08
6.961939e-08
6.954203e-08
6.946104e-08
6.937741e-08
6.929015e-08
6.920027e-08
6.910676e-08
6.901064e-08
6.891091e-08
6.880857e-08
6.870262e-08
6.859408e-08
6.848194e-08
6.836722e-08
6.824891e-08
6.812803e-08
6.800357e-08
6.787655e-08
6.774596e-08
6.761283e-08
6.747613e-08
6.733692e-08
6.719414e-08
6.704886e-08
6.690003e-08
6.674872e-08
6.659385e-08
6.643654e-08
6.627567e-08
6.611238e-08
6.594555e-08
6.577630e-08
6.560353e-08
6.542837e-08
6.524969e-08
6.506864e-08
6.488408e-08
6.469719e-08
6.450679e-08
6.431408e-08
6.411787e-08
6.391938e-08
6.371740e-08
6.351316e-08
6.330544e-08
6.309550e-08
6.288209e-08
6.266648e-08
6.244740e-08
6.222617e-08
6.200147e-08
6.177465e-08
6.154438e-08
6.131201e-08
6.107620e-08
6.083834e-08
6.059703e-08
6.035371e-08
6.010695e-08
5.985822e-08
5.960605e-08
5.935195e-08
5.909443e-08
5.883501e-08
5.857217e-08
5.830748e-08
5.803938e-08
5.776947e-08
5.749615e-08
5.722106e-08
5.694258e-08
5.666237e-08
5.637877e-08
5.609349e-08
5.580482e-08
5.551453e-08
5.522084e-08
5.492559e-08
5.462695e-08
5.432679e-08
5.402323e-08
5.371822e-08
5.340982e-08
5.310001e-08
5.278681e-08
5.247227e-08
5.215432e-08
5.183510e-08
5.151248e-08
5.118864e-08
5.086139e-08
5.053299e-08
5.020117e-08
4.986828e-08
4.953195e-08
4.919463e-08
4.885385e-08
4.851216e-08
4.816699e-08
4.782099e-08
4.747150e-08
4.712126e-08
4.676751e-08
4.641309e-08
4.605514e-08
4.569661e-08
4.533452e-08
4.497196e-08
4.460580e-08
4.423926e-08
4.386909e-08
4.349865e-08
4.312453e-08
4.275027e-08
4.237227e-08
4.199424e-08
4.161243e-08
4.123072e-08
4.084517e-08
4.045984e-08
4.007060e-08
3.968175e-08
3.928889e-08
3.889658e-08
3.850017e-08
3.810447e-08
3.770458e-08
3.730558e-08
3.690228e-08
3.650005e-08
3.609340e-08
3.568803e-08
3.527810e-08
3.486967e-08
3.445652e-08
3.404512e-08
3.362881e-08
3.321452e-08
3.279513e-08
3.237804e-08
3.195562e-08
3.153583e-08
3.111045e-08
3.068805e-08
3.025977e-08
2.983486e-08
2.940376e-08
2.897648e-08
2.854265e-08
2.811316e-08
2.767677e-08
2.724536e-08
2.680676e-08
2.637405e-08
2.593409e-08
2.550157e-08
2.506253e-08
2.463401e-08
2.420201e-08
2.378767e-08
2.337925e-08
2.300651e-08
2.266666e-08
2.240984e-08
2.226076e-08
2.232157e-08
2.269550e-08
2.362198e-08
2.542204e-08
2.870355e-08
3.438477e-08
4.406946e-08
6.030544e-08
8.739682e-08
1.323285e-07
2.067367e-07
3.296764e-07
5.327049e-07
8.676979e-07
1.420351e-06
2.331769e-06
3.834793e-06
6.313089e-06
1.039945e-05
1.713687e-05
2.824518e-05
4.655936e-05
7.675328e-05
1.265308e-04
2.085898e-04
3.438528e-04
5.667845e-04
9.341197e-04
1.539164e-03
2.535116e-03
4.172831e-03
6.861257e-03
1.126217e-02
1.843350e-02
3.003256e-02
4.856905e-02
7.763085e-02
1.218549e-01
1.861868e-01
2.738889e-01
3.834381e-01
5.062545e-01
6.283207e-01
7.359491e-01
8.212764e-01
8.833990e-01
9.258772e-01
9.536917e-01
9.713913e-01
9.824504e-01
9.892816e-01
9.934714e-01
9.960300e-01
9.975883e-01
9.985358e-01
9.991114e-01
9.994609e-01
9.996729e-01
9.998016e-01
9.998796e-01
9.999270e-01
9.999557e-01
9.999731e-01
9.999837e-01
9.999901e-01
9.999940e-01
9.999963e-01
9.999978e-01
9.999986e-01
9.999991e-01
9.999995e-01
9.999997e-01
9.999998e-01
9.999998e-01
9.999999e-01
9.999999e-01
9.999999e-01
9.999999e-01
9.999999e-01
9.999999e-01
9.999999e-01
9.999999e-01
9.999999e-01
9.999999e-01
9.999999e-01
9.999999e-01
9.999999e-01
9.999999e-01
9.999999e-01
9.999999e-01
9.999999e-01
9.999999e-01
9.999999e-01
9.999999e-01
9.999999e-01
9.999999e-01
9.999999e-01
9.999999e-01
9.999999e-01
9.999999e-01
9.999999e-01
9.999999e-01
9.999999e-01
9.999999e-01
9.999999e-01
9.999999e-01
9.999999e-01
9.999999e-01
9.999999e-01
9.999999e-01
9.999999e-01
9.999999e-01
9.999999e-01
9.999999e-01
9.999999e-01
9.999999e-01
9.999999e-01
9.999999e-01
9.999999e-01
9.999999e-01
9.999999e-01
9.999999e-01
9.999999e-01
9.999999e-01
9.999999e-01
9.999999e-01
9.999999e-01
9.999999e-01
9.999999e-01
9.999999e-01
9.999999e-01
9.999999e-01
9.999999e-01
9.999999e-01
9.999999e-01
9.999999e-01
9.999999e-01
9.999999e-01
9.999999e-01
9.999999e-01
9.999999e-01
9.999999e-01
9.999999e-01
9.999999e-01
9.999999e-01
9.999999e-01
9.999998e-01
9.999998e-01
9.999998e-01
9.999998e-01
9.999998e-01
9.999998e-01
9.999998e-01
9.999998e-01
9.999998e-01
9.999998e-01
9.999998e-01
9.999998e-01
9.999998e-01
9.999998e-01
9.999998e-01
9.999998e-01
9.999998e-01
9.999998e-01
9.999998e-01
9.999998e-01
9.999998e-01
9.999998e-01
9.999998e-01
9.999998e-01
9.999998e-01
9.999998e-01
9.999998e-01
9.999998e-01
9.999998e-01
9.999998e-01
9.999998e-01
9.999998e-01
9.999998e-01
9.999998e-01
9.999998e-01
9.999998e-01
9.999998e-01
9.999998e-01
9.999998e-01
9.999998e-01
9.999998e-01
9.999998e-01
9.999998e-01
9.999998e-01
9.999998e-01
9.999998e-01
9.999998e-01
9.999998e-01
9.999998e-01
9.999998e-01
9.999998e-01
9.999998e-01
9.999998e-01
9.999998e-01
9.999998e-01
9.999998e-01
9.999998e-01
9.999998e-01
9.999998e-01
9.999998e-01
9.999998e-01
9.999998e-01
9.999998e-01
9.999998e-01
9.999998e-01
9.999998e-01
9.999998e-01
9.999998e-01
9.999998e-01
9.999998e-01
9.999998e-01
9.999998e-01
9.999998e-01
9.999998e-01
9.999998e-01
9.999998e-01
9.999998e-01
9.999998e-01
9.999998e-01
9.999998e-01
9.999998e-01
9.999998e-01
9.999998e-01
9.999998e-01
9.999998e-01
9.999998e-01
9.999998e-01
9.999998e-01
9.999998e-01
9.999998e-01
9.999998e-01
9.999998e-01
9.999998e-01
9.999998e-01
9.999998e-01
9.999998e-01
9.999998e-01
9.999998e-01
9.999998e-01
9.999998e-01
9.999998e-01
9.999998e-01
9.999997e-01
9.999997e-01
9.999997e-01
9.999997e-01
9.999997e-01
9.999997e-01
9.999997e-01
9.999997e-01
9.999997e-01
9.999997e-01
9.999997e-01
9.999997e-01
9.999997e-01
9.999997e-01
9.999997e-01
9.999997e-01
9.999997e-01
9.999997e-01
9.999997e-01
9.999997e-01
9.999997e-01
9.999997e-01
9.999997e-01
9.999997e-01
9.999997e-01
9.999997e-01
9.999997e-01
9.999997e-01
9.999997e-01
9.999997e-01
9.999997e-01
9.999997e-01
9.999997e-01
9.999997e-01
9.999997e-01
9.999997e-01
9.999997e-01
9.999997e-01
9.999997e-01
9.999997e-01
9.999997e-01
9.999997e-01
9.999997e-01
9.999997e-01
9.999997e-01
9.999997e-01
9.999997e-01
9.999997e-01
9.999997e-01
9.999997e-01
9.999997e-01
9.999997e-01
9.999997e-01
9.999997e-01
9.999997e-01
9.999997e-01
9.999997e-01
9.999997e-01
9.999997e-01
9.999997e-01
9.999997e-01
9.999997e-01
9.999997e-01
9.999997e-01
9.999997e-01
9.999997e-01
9.999997e-01
9.999997e-01
9.999997e-01
9.999997e-01
9.999997e-01
9.999997e-01
9.999997e-01
9.999997e-01
9.999997e-01
9.999997e-01
9.999997e-01
9.999997e-01
9.999997e-01
9.999997e-01
9.999997e-01
9.999997e-01
9.999997e-01
9.999997e-01
9.999997e-01
9.999997e-01
9.999997e-01
9.999997e-01
9.999997e-01
9.999997e-01
9.999997e-01
9.999997e-01
9.999997e-01
9.999997e-01
9.999997e-01
9.999997e-01
9.999997e-01
9.999997e-01
9.999997e-01
9.999997e-01
9.999997e-01
9.999997e-01
9.999997e-01
9.999997e-01
9.999997e-01
9.999997e-01
9.999997e-01
9.999997e-01
9.999997e-01
9.999997e-01
9.999997e-01
9.999997e-01
9.999997e-01
9.999997e-01
9.999997e-01
9.999997e-01
9.999997e-01
9.999997e-01
9.999997e-01
9.999997e-01
9.999997e-01
9.999997e-01
9.999997e-01
9.999997e-01
9.999997e-01
9.999997e-01
9.999997e-01
9.999997e-01
9.999997e-01
9.999997e-01
9.999997e-01
9.999997e-01
9.999997e-01
9.999997e-01
9.999997e-01
9.999997e-01
9.999997e-01
9.999997e-01
9.999997e-01
9.999997e-01
9.999997e-01
9.999997e-01
9.999997e-01
9.999997e-01
9.999997e-01
9.999997e-01
9.999997e-01
9.999997e-01
9.999997e-01
9.999997e-01
9.999997e-01
9.999998e-01
9.999998e-01
9.999998e-01
9.999998e-01
9.999998e-01
9.999998e-01
9.999998e-01
9.999998e-01
9.999998e-01
9.999998e-01
9.999998e-01
9.999998e-01
9.999998e-01
9.999998e-01
9.999998e-01
9.999998e-01
9.999998e-01
9.999998e-01
9.999998e-01
9.999998e-01
9.999998e-01
9.999998e-01
9.999998e-01
9.999998e-01
9.999998e-01
9.999998e-01
9.999998e-01
9.999998e-01
9.999998e-01
9.999998e-01
9.999998e-01
9.999998e-01
9.999998e-01
9.999998e-01
9.999998e-01
9.999998e-01
9.999998e-01
9.999998e-01
9.999998e-01
9.999998e-01
9.999998e-01
9.999998e-01
9.999998e-01
9.999998e-01
9.999998e-01
9.999998e-01
9.999998e-01
9.999998e-01
9.999998e-01
9.999998e-01
9.999998e-01
9.999998e-01
9.999998e-01
9.999998e-01
9.999998e-01
9.999998e-01
9.999998e-01
9.999998e-01
9.999998e-01
9.999998e-01
9.999998e-01
9.999998e-01
9.999998e-01
9.999998e-01
9.999998e-01
9.999998e-01
9.999998e-01
9.999998e-01
9.999998e-01
9.999998e-01
9.999998e-01
9.999998e-01
9.999998e-01
9.999998e-01
9.999998e-01
9.999998e-01
9.999998e-01
9.999998e-01
9.999998e-01
9.999998e-01
9.999998e-01
9.999998e-01
9.999998e-01
9.999998e-01
9.999998e-01
9.999998e-01
9.999998e-01
9.999998e-01
9.999998e-01
9.999998e-01
9.999998e-01
9.999998e-01
9.999998e-01
9.999998e-01
9.999998e-01
9.999998e-01
9.999998e-01
9.999998e-01
9.999998e-01
9.999998e-01
9.999998e-01
9.999998e-01
9.999999e-01
9.999999e-01
9.999999e-01
9.999999e-01
9.999999e-01
9.999999e-01
9.999999e-01
9.999999e-01
9.999999e-01
9.999999e-01
9.999999e-01
9.999999e-01
9.999999e-01
9.999999e-01
9.999999e-01
9.999999e-01
9.999999e-01
9.999999e-01
9.999999e-01
9.999999e-01
9.999999e-01
9.999999e-01
9.999999e-01
9.999999e-01
9.999999e-01
9.999999e-01
9.999999e-01
9.999999e-01
9.999999e-01
9.999999e-01
9.999999e-01
9.999999e-01
9.999999e-01
9.999999e-01
9.999999e-01
9.999999e-01
9.999999e-01
9.999999e-01
9.999999e-01
9.999999e-01
9.999999e-01
9.999999e-01
9.999999e-01
9.999999e-01
9.999999e-01
9.999999e-01
9.999999e-01
9.999999e-01
9.999999e-01
9.999999e-01
9.999999e-01
9.999999e-01
9.999999e-01
9.999999e-01
9.999999e-01
9.999999e-01
9.999999e-01
9.999999e-01
9.999999e-01
9.999999e-01
9.999999e-01
9.999999e-01
9.999999e-01
9.999999e-01
9.999999e-01
9.999999e-01
9.999999e-01
9.999999e-01
9.999999e-01
9.999999e-01
9.999999e-01
9.999999e-01
9.999998e-01
9.999998e-01
9.999997e-01
9.999995e-01
9.999991e-01
9.999986e-01
9.999978e-01
9.999963e-01
9.999940e-01
9.999901e-01
9.999837e-01
9.999731e-01
9.999557e-01
9.999270e-01
9.998796e-01
9.998016e-01
9.996729e-01
9.994609e-01
9.991114e-01
9.985358e-01
9.975883e-01
9.960300e-01
9.934714e-01
9.892816e-01
9.824504e-01
9.713913e-01
9.536917e-01
9.258772e-01
8.833990e-01
8.212764e-01
7.359491e-01
6.283207e-01
5.062545e-01
3.834381e-01
2.738889e-01
1.861868e-01
1.218549e-01
7.763085e-02
4.856905e-02
3.003256e-02
1.843350e-02
1.126217e-02
6.861257e-03
4.172831e-03
2.535116e-03
1.539164e-03
9.341197e-04
5.667845e-04
3.438528e-04
2.085898e-04
1.265308e-04
7.675328e-05
4.655936e-05
2.824518e-05
1.713687e-05
1.039945e-05
6.313089e-06
3.834793e-06
2.331769e-06
1.420351e-06
8.676979e-07
5.327049e-07
3.296764e-07
2.067367e-07
1.323285e-07
8.739682e-08
6.030545e-08
4.406946e-08
3.438478e-08
2.870356e-08
2.542205e-08
2.362198e-08
2.269551e-08
2.232158e-08
2.226077e-08
2.240985e-08
2.266667e-08
2.300652e-08
2.337926e-08
2.378768e-08
2.420202e-08
2.463402e-08
2.506254e-08
2.550158e-08
2.593410e-08
2.637406e-08
2.680677e-08
2.724538e-08
2.767678e-08
2.811317e-08
2.854266e-08
2.897649e-08
2.940378e-08
2.983488e-08
3.025978e-08
3.068806e-08
3.111046e-08
3.153584e-08
3.195564e-08
3.237805e-08
3.279514e-08
3.321454e-08
3.362883e-08
3.404513e-08
3.445653e-08
3.486969e-08
3.527811e-08
3.568805e-08
3.609342e-08
3.650007e-08
3.690229e-08
3.730560e-08
3.770460e-08
3.810449e-08
3.850018e-08
3.889659e-08
3.928891e-08
3.968176e-08
4.007062e-08
4.045986e-08
4.084518e-08
4.123074e-08
4.161245e-08
4.199426e-08
4.237228e-08
4.275028e-08
4.312454e-08
4.349866e-08
4.386910e-08
4.423927e-08
4.460581e-08
4.497197e-08
4.533454e-08
4.569662e-08
4.605515e-08
4.641310e-08
4.676752e-08
4.712127e-08
4.747151e-08
4.782100e-08
4.816700e-08
4.851216e-08
4.885386e-08
4.919463e-08
4.953196e-08
4.986829e-08
5.020118e-08
5.053300e-08
5.086139e-08
5.118864e-08
5.151248e-08
5.183511e-08
5.215433e-08
5.247227e-08
5.278681e-08
5.310001e-08
5.340982e-08
5.371823e-08
5.402324e-08
5.432679e-08
5.462695e-08
5.492559e-08
5.522085e-08
5.551453e-08
5.580482e-08
5.609349e-08
5.637877e-08
5.666237e-08
5.694258e-08
5.722106e-08
5.749615e-08
5.776947e-08
5.803938e-08
5.830748e-08
5.857217e-08
5.883501e-08
5.909443e-08
5.935195e-08
5.960605e-08
5.985822e-08
6.010695e-08
6.035371e-08
6.059703e-08
6.083834e-08
6.107620e-08
6.131201e-08
6.154438e-08
6.177465e-08
6.200147e-08
6.222617e-08
6.244740e-08
6.266648e-08
6.288209e-08
6.309550e-08
6.330544e-08
6.351316e-08
6.371740e-08
6.391938e-08
6.411787e-08
6.431408e-08
6.450679e-08
6.469719e-08
6.488408e-08
6.506864e-08
6.524969e-08
6.542837e-08
6.560353e-08
6.577630e-08
6.594555e-08
6.611238e-08
6.627567e-08
6.643654e-08
6.659385e-08
6.674872e-08
6.690003e-08
6.704886e-08
6.719414e-08
6.733692e-08
6.747613e-08
6.761283e-08
6.774596e-08
6.787655e-08
6.800357e-08
6.812803e-08
6.824891e-08
6.836722e-08
6.848194e-08
6.859408e-08
6.870262e-08
6.880857e-08
6.891091e-08
6.901064e-08
6.910677e-08
6.920027e-08
6.929015e-08
6.937741e-08
6.946104e-08
6.954203e-08
6.961940e-08
6.969411e-08
6.976519e-08
6.983361e-08
6.989839e-08
6.996051e-08
7.001899e-08
7.007479e-08
7.012695e-08
7.017642e-08
7.022225e-08
7.026539e-08
7.030488e-08
7.034168e-08
7.037483e-08
7.040527e-08
7.043207e-08
7.045616e-08
7.047661e-08
7.049434e-08
7.050842e-08
7.051980e-08
7.052752e-08
7.053252e-08
