1.137701e-12
1.370903e-12
1.136258e-12
1.369682e-12
1.134481e-12
1.367961e-12
1.132761e-12
1.366462e-12
1.130984e-12
1.365019e-12
1.128597e-12
1.363354e-12
1.126321e-12
1.361578e-12
1.123546e-12
1.359413e-12
1.121159e-12
1.358025e-12
1.118106e-12
1.355804e-12
1.114886e-12
1.353806e-12
1.111722e-12
1.351697e-12
1.108336e-12
1.349865e-12
1.104616e-12
1.347866e-12
1.100897e-12
1.345590e-12
1.097011e-12
1.343259e-12
1.092682e-12
1.340705e-12
1.087797e-12
1.337819e-12
1.082634e-12
1.334932e-12
1.077305e-12
1.331768e-12
1.071643e-12
1.328548e-12
1.065759e-12
1.325384e-12
1.059597e-12
1.322109e-12
1.052880e-12
1.318168e-12
1.045941e-12
1.314449e-12
1.038281e-12
1.309952e-12
1.030065e-12
1.305067e-12
1.021627e-12
1.300127e-12
1.012301e-12
1.295186e-12
1.003198e-12
1.290301e-12
9.937051e-13
1.285194e-12
9.838796e-13
1.279865e-12
9.735546e-13
1.274036e-12
9.624523e-13
1.268374e-12
9.507395e-13
1.262046e-12
9.390266e-13
1.255995e-12
9.268697e-13
1.249945e-12
9.143242e-13
1.243616e-12
9.012791e-13
1.237510e-12
8.875123e-13
1.230571e-12
8.734125e-13
1.224298e-12
8.588685e-13
1.217249e-12
8.434364e-13
1.210199e-12
8.278933e-13
1.203093e-12
8.119616e-13
1.196487e-12
7.956413e-13
1.190159e-12
7.788215e-13
1.183609e-12
7.613354e-13
1.176892e-12
7.432943e-13
1.170064e-12
7.244205e-13
1.163292e-12
7.048806e-13
1.156797e-12
6.851186e-13
1.150635e-12
6.651901e-13
1.144917e-12
6.444845e-13
1.139921e-12
6.234457e-13
1.135425e-12
6.021295e-13
1.131095e-12
5.801470e-13
1.127654e-12
5.575540e-13
1.124545e-12
5.342948e-13
1.122102e-12
5.105361e-13
1.120382e-12
4.858891e-13
1.119493e-12
4.606315e-13
1.119327e-12
4.348744e-13
1.120160e-12
4.077294e-13
1.121825e-12
3.795853e-13
1.124434e-12
3.503309e-13
1.128320e-12
3.198553e-13
1.133260e-12
2.881584e-13
1.139810e-12
2.552958e-13
1.147915e-12
2.204903e-13
1.157574e-12
1.844080e-13
1.169564e-12
1.462164e-13
1.183109e-12
1.064149e-13
1.199763e-12
6.405987e-14
1.218470e-12
1.926237e-14
1.240286e-12
-2.831069e-14
1.265543e-12
-7.871481e-14
1.294520e-12
-1.328937e-13
1.327827e-12
-1.906808e-13
1.365574e-12
-2.528533e-13
1.408762e-12
-3.200773e-13
1.458389e-12
-3.927969e-13
1.515288e-12
-4.705125e-13
1.582956e-12
-5.510592e-13
1.667444e-12
-6.269429e-13
1.784739e-12
-6.752376e-13
1.976919e-12
-6.319945e-13
2.354006e-12
-3.200773e-13
3.213374e-12
7.448486e-13
5.360878e-12
3.882505e-12
1.098088e-11
1.268585e-11
2.600758e-11
3.692702e-11
6.656559e-11
1.031754e-10
1.764773e-10
2.836641e-10
4.748547e-10
7.747526e-10
1.285467e-09
2.110215e-09
3.488392e-09
5.741016e-09
9.475913e-09
1.561131e-08
2.575090e-08
4.244246e-08
6.998997e-08
1.153782e-07
1.902430e-07
3.136392e-07
5.171232e-07
8.525699e-07
1.405673e-06
2.317534e-06
3.820991e-06
6.299702e-06
1.038644e-05
1.712420e-05
2.823276e-05
4.654705e-05
7.674085e-05
1.265179e-04
2.085757e-04
3.438366e-04
5.667644e-04
9.340930e-04
1.539126e-03
2.535059e-03
4.172744e-03
6.861119e-03
1.126195e-02
1.843314e-02
3.003199e-02
4.856815e-02
7.762946e-02
1.218529e-01
1.861838e-01
2.738850e-01
3.834335e-01
5.062497e-01
6.283162e-01
7.359454e-01
8.212736e-01
8.833970e-01
9.258759e-01
9.536909e-01
9.713908e-01
9.824501e-01
9.892814e-01
9.934713e-01
9.960300e-01
9.975883e-01
9.985358e-01
9.991114e-01
9.994609e-01
9.996729e-01
9.998016e-01
9.998797e-01
9.999270e-01
9.999557e-01
9.999731e-01
9.999837e-01
9.999901e-01
9.999940e-01
9.999964e-01
9.999978e-01
9.999987e-01
9.999992e-01
9.999995e-01
9.999997e-01
9.999998e-01
9.999999e-01
9.999999e-01
1.000000e+00
1.000000e+00
1.000000e+00
1.000000e+00
1.000000e+00
1.000000e+00
1.000000e+00
1.000000e+00
1.000000e+00
1.000000e+00
1.000000e+00
1.000000e+00
1.000000e+00
1.000000e+00
1.000000e+00
1.000000e+00
1.000000e+00
1.000000e+00
1.000000e+00
1.000000e+00
1.000000e+00
1.000000e+00
1.000000e+00
1.000000e+00
1.000000e+00
1.000000e+00
1.000000e+00
1.000000e+00
1.000000e+00
1.000000e+00
1.000000e+00
1.000000e+00
1.000000e+00
1.000000e+00
1.000000e+00
1.000000e+00
1.000000e+00
1.000000e+00
1.000000e+00
1.000000e+00
1.000000e+00
1.000000e+00
1.000000e+00
1.000000e+00
1.000000e+00
1.000000e+00
1.000000e+00
1.000000e+00
1.000000e+00
1.000000e+00
1.000000e+00
1.000000e+00
1.000000e+00
1.000000e+00
1.000000e+00
1.000000e+00
1.000000e+00
1.000000e+00
1.000000e+00
1.000000e+00
1.000000e+00
1.000000e+00
1.000000e+00
1.000000e+00
1.000000e+00
1.000000e+00
1.000000e+00
1.000000e+00
1.000000e+00
1.000000e+00
1.000000e+00
1.000000e+00
1.000000e+00
1.000000e+00
1.000000e+00
1.000000e+00
1.000000e+00
1.000000e+00
1.000000e+00
1.000000e+00
1.000000e+00
1.000000e+00
1.000000e+00
1.000000e+00
1.000000e+00
1.000000e+00
1.000000e+00
1.000000e+00
1.000000e+00
1.000000e+00
1.000000e+00
1.000000e+00
1.000000e+00
1.000000e+00
1.000000e+00
1.000000e+00
1.000000e+00
1.000000e+00
1.000000e+00
1.000000e+00
1.000000e+00
1.000000e+00
1.000000e+00
1.000000e+00
1.000000e+00
1.000000e+00
1.000000e+00
1.000000e+00
1.000000e+00
1.000000e+00
1.000000e+00
1.000000e+00
1.000000e+00
1.000000e+00
1.000000e+00
1.000000e+00
1.000000e+00
1.000000e+00
1.000000e+00
1.000000e+00
1.000000e+00
1.000000e+00
1.000000e+00
1.000000e+00
1.000000e+00
1.000000e+00
1.000000e+00
1.000000e+00
1.000000e+00
1.000000e+00
1.000000e+00
1.000000e+00
1.000000e+00
1.000000e+00
1.000000e+00
1.000000e+00
1.000000e+00
1.000000e+00
1.000000e+00
1.000000e+00
1.000000e+00
1.000000e+00
1.000000e+00
1.000000e+00
1.000000e+00
1.000000e+00
1.000000e+00
1.000000e+00
1.000000e+00
1.000000e+00
1.000000e+00
1.000000e+00
1.000000e+00
1.000000e+00
1.000000e+00
1.000000e+00
1.000000e+00
1.000000e+00
1.000000e+00
1.000000e+00
1.000000e+00
1.000000e+00
1.000000e+00
1.000000e+00
1.000000e+00
1.000000e+00
1.000000e+00
1.000000e+00
1.000000e+00
1.000000e+00
1.000000e+00
1.000000e+00
1.000000e+00
1.000000e+00
1.000000e+00
1.000000e+00
1.000000e+00
1.000000e+00
1.000000e+00
1.000000e+00
1.000000e+00
1.000000e+00
1.000000e+00
1.000000e+00
1.000000e+00
1.000000e+00
1.000000e+00
1.000000e+00
1.000000e+00
1.000000e+00
1.000000e+00
1.000000e+00
1.000000e+00
1.000000e+00
1.000000e+00
1.000000e+00
1.000000e+00
1.000000e+00
1.000000e+00
1.000000e+00
1.000000e+00
1.000000e+00
1.000000e+00
1.000000e+00
1.000000e+00
1.000000e+00
1.000000e+00
1.000000e+00
1.000000e+00
1.000000e+00
1.000000e+00
1.000000e+00
1.000000e+00
1.000000e+00
1.000000e+00
1.000000e+00
1.000000e+00
1.000000e+00
1.000000e+00
1.000000e+00
1.000000e+00
1.000000e+00
1.000000e+00
1.000000e+00
1.000000e+00
1.000000e+00
1.000000e+00
1.000000e+00
1.000000e+00
1.000000e+00
1.000000e+00
1.000000e+00
1.000000e+00
1.000000e+00
1.000000e+00
1.000000e+00
1.000000e+00
1.000000e+00
1.000000e+00
1.000000e+00
1.000000e+00
1.000000e+00
1.000000e+00
1.000000e+00
1.000000e+00
1.000000e+00
1.000000e+00
1.000000e+00
1.000000e+00
1.000000e+00
1.000000e+00
1.000000e+00
1.000000e+00
1.000000e+00
1.000000e+00
1.000000e+00
1.000000e+00
1.000000e+00
1.000000e+00
1.000000e+00
1.000000e+00
1.000000e+00
1.000000e+00
1.000000e+00
1.000000e+00
1.000000e+00
1.000000e+00
1.000000e+00
1.000000e+00
1.000000e+00
1.000000e+00
1.000000e+00
1.000000e+00
1.000000e+00
1.000000e+00
1.000000e+00
1.000000e+00
1.000000e+00
1.000000e+00
1.000000e+00
1.000000e+00
1.000000e+00
1.000000e+00
1.000000e+00
1.000000e+00
1.000000e+00
1.000000e+00
1.000000e+00
1.000000e+00
1.000000e+00
1.000000e+00
1.000000e+00
1.000000e+00
1.000000e+00
1.000000e+00
1.000000e+00
1.000000e+00
1.000000e+00
1.000000e+00
1.000000e+00
1.000000e+00
1.000000e+00
1.000000e+00
1.000000e+00
1.000000e+00
1.000000e+00
1.000000e+00
1.000000e+00
1.000000e+00
1.000000e+00
1.000000e+00
1.000000e+00
1.000000e+00
1.000000e+00
1.000000e+00
1.000000e+00
1.000000e+00
1.000000e+00
1.000000e+00
1.000000e+00
1.000000e+00
1.000000e+00
1.000000e+00
1.000000e+00
1.000000e+00
1.000000e+00
1.000000e+00
1.000000e+00
1.000000e+00
1.000000e+00
1.000000e+00
1.000000e+00
1.000000e+00
1.000000e+00
1.000000e+00
1.000000e+00
1.000000e+00
1.000000e+00
1.000000e+00
1.000000e+00
1.000000e+00
1.000000e+00
1.000000e+00
1.000000e+00
1.000000e+00
1.000000e+00
1.000000e+00
1.000000e+00
1.000000e+00
1.000000e+00
1.000000e+00
1.000000e+00
1.000000e+00
1.000000e+00
1.000000e+00
1.000000e+00
1.000000e+00
1.000000e+00
1.000000e+00
1.000000e+00
1.000000e+00
1.000000e+00
1.000000e+00
1.000000e+00
1.000000e+00
1.000000e+00
1.000000e+00
1.000000e+00
1.000000e+00
1.000000e+00
1.000000e+00
1.000000e+00
1.000000e+00
1.000000e+00
1.000000e+00
1.000000e+00
1.000000e+00
1.000000e+00
1.000000e+00
1.000000e+00
1.000000e+00
1.000000e+00
1.000000e+00
1.000000e+00
1.000000e+00
1.000000e+00
1.000000e+00
1.000000e+00
1.000000e+00
1.000000e+00
1.000000e+00
1.000000e+00
1.000000e+00
1.000000e+00
1.000000e+00
1.000000e+00
1.000000e+00
1.000000e+00
1.000000e+00
1.000000e+00
1.000000e+00
1.000000e+00
1.000000e+00
1.000000e+00
1.000000e+00
1.000000e+00
1.000000e+00
1.000000e+00
1.000000e+00
1.000000e+00
1.000000e+00
1.000000e+00
1.000000e+00
1.000000e+00
1.000000e+00
1.000000e+00
1.000000e+00
1.000000e+00
1.000000e+00
1.000000e+00
1.000000e+00
1.000000e+00
1.000000e+00
1.000000e+00
1.000000e+00
1.000000e+00
1.000000e+00
1.000000e+00
1.000000e+00
1.000000e+00
1.000000e+00
1.000000e+00
1.000000e+00
1.000000e+00
1.000000e+00
1.000000e+00
1.000000e+00
1.000000e+00
1.000000e+00
1.000000e+00
1.000000e+00
1.000000e+00
1.000000e+00
1.000000e+00
1.000000e+00
1.000000e+00
1.000000e+00
1.000000e+00
1.000000e+00
1.000000e+00
1.000000e+00
1.000000e+00
1.000000e+00
1.000000e+00
1.000000e+00
1.000000e+00
1.000000e+00
1.000000e+00
1.000000e+00
1.000000e+00
1.000000e+00
1.000000e+00
1.000000e+00
1.000000e+00
1.000000e+00
1.000000e+00
1.000000e+00
1.000000e+00
1.000000e+00
1.000000e+00
1.000000e+00
1.000000e+00
1.000000e+00
1.000000e+00
1.000000e+00
1.000000e+00
1.000000e+00
1.000000e+00
1.000000e+00
1.000000e+00
1.000000e+00
1.000000e+00
1.000000e+00
1.000000e+00
1.000000e+00
1.000000e+00
1.000000e+00
1.000000e+00
1.000000e+00
1.000000e+00
1.000000e+00
1.000000e+00
1.000000e+00
1.000000e+00
1.000000e+00
1.000000e+00
1.000000e+00
9.999999e-01
9.999999e-01
9.999998e-01
9.999997e-01
9.999995e-01
9.999992e-01
9.999987e-01
9.999978e-01
9.999964e-01
9.999940e-01
9.999901e-01
9.999837e-01
9.999731e-01
9.999557e-01
9.999270e-01
9.998797e-01
9.998016e-01
9.996729e-01
9.994609e-01
9.991114e-01
9.985358e-01
9.975883e-01
9.960300e-01
9.934713e-01
9.892814e-01
9.824501e-01
9.713908e-01
9.536909e-01
9.258759e-01
8.833970e-01
8.212736e-01
7.359454e-01
6.283162e-01
5.062497e-01
3.834335e-01
2.738850e-01
1.861838e-01
1.218529e-01
7.762946e-02
4.856815e-02
3.003199e-02
1.843314e-02
1.126195e-02
6.861119e-03
4.172744e-03
2.535059e-03
1.539126e-03
9.340930e-04
5.667644e-04
3.438366e-04
2.085757e-04
1.265179e-04
7.674085e-05
4.654705e-05
2.823276e-05
1.712420e-05
1.038644e-05
6.299702e-06
3.820991e-06
2.317534e-06
1.405673e-06
8.525699e-07
5.171233e-07
3.136392e-07
1.902431e-07
1.153782e-07
6.998999e-08
4.244249e-08
2.575093e-08
1.561134e-08
9.475946e-09
5.741051e-09
3.488428e-09
2.110252e-09
1.285505e-09
7.747926e-10
4.748961e-10
2.837071e-10
1.765215e-10
1.032210e-10
6.661255e-11
3.697515e-11
2.605693e-11
1.273648e-11
1.103234e-11
3.935074e-12
5.414169e-12
7.993606e-13
3.269052e-12
-2.636225e-13
2.411404e-12
-5.737633e-13
2.036260e-12
-6.150636e-13
1.846079e-12
-5.646594e-13
1.730560e-12
-4.867218e-13
1.648182e-12
-4.041212e-13
1.582567e-12
-3.246292e-13
1.527167e-12
-2.504108e-13
1.479150e-12
-1.819656e-13
1.437017e-12
-1.187939e-13
1.399936e-12
-6.022960e-14
1.367129e-12
-5.773160e-15
1.338096e-12
4.451994e-14
1.312783e-12
9.131584e-14
1.290190e-12
1.350586e-13
1.269929e-12
1.759703e-13
1.252221e-12
2.142730e-13
1.236455e-12
2.502443e-13
1.222411e-12
2.842726e-13
1.210254e-12
3.163025e-13
1.199763e-12
3.467227e-13
1.190492e-12
3.757550e-13
1.182721e-12
4.031775e-13
1.175560e-12
4.291012e-13
1.169620e-12
4.539702e-13
1.164735e-12
4.776179e-13
1.160683e-12
5.005996e-13
1.157741e-12
5.231371e-13
1.155798e-12
5.443979e-13
1.154576e-12
5.655476e-13
1.154021e-12
5.854761e-13
1.154077e-12
6.054601e-13
1.155187e-12
6.245560e-13
1.156575e-12
6.433742e-13
1.158462e-12
6.619150e-13
1.161293e-12
6.802892e-13
1.164902e-12
6.982193e-13
1.169176e-12
7.161494e-13
1.173672e-12
7.338019e-13
1.178502e-12
7.510104e-13
1.183997e-12
7.678302e-13
1.189437e-12
7.840950e-13
1.195100e-12
8.003598e-13
1.200928e-12
8.159584e-13
1.206979e-12
8.312795e-13
1.213252e-12
8.462675e-13
1.219469e-12
8.604228e-13
1.225187e-12
8.743006e-13
1.231459e-12
8.877898e-13
1.237288e-12
9.006684e-13
1.242784e-12
9.131584e-13
1.248557e-12
9.253154e-13
1.254608e-12
9.374168e-13
1.260547e-12
9.495738e-13
1.266709e-12
9.610646e-13
1.272815e-12
9.724443e-13
1.278866e-12
9.830470e-13
1.284417e-12
9.930945e-13
1.289857e-12
1.003253e-12
1.295353e-12
1.013134e-12
1.300959e-12
1.022571e-12
1.306177e-12
1.031508e-12
1.311562e-12
1.039890e-12
1.316114e-12
1.048106e-12
1.321221e-12
1.056044e-12
1.325440e-12
1.063205e-12
1.329603e-12
1.070311e-12
1.333655e-12
1.077305e-12
1.337763e-12
1.083911e-12
1.341927e-12
1.090183e-12
1.345812e-12
1.096179e-12
1.349476e-12
1.101619e-12
1.352585e-12
1.106726e-12
1.355804e-12
1.111389e-12
1.358691e-12
1.115996e-12
1.361466e-12
1.120437e-12
1.363964e-12
1.124156e-12
1.366462e-12
1.127543e-12
1.368627e-12
1.130429e-12
1.370071e-12
1.133038e-12
1.371570e-12
1.134981e-12
1.372291e-12
1.136424e-12
1.372902e-12
1.137646e-12
1.373124e-12
1.138312e-12
1.373401e-12
1.138756e-12
1.373124e-12
1.138978e-12
1.372902e-12
1.138645e-12
1.372125e-12
