1.207423e-12
1.440625e-12
1.205702e-12
1.439071e-12
1.204259e-12
1.437628e-12
1.202316e-12
1.436018e-12
1.200706e-12
1.434686e-12
1.198375e-12
1.433187e-12
1.196432e-12
1.431744e-12
1.193934e-12
1.430078e-12
1.191824e-12
1.428690e-12
1.189104e-12
1.426970e-12
1.186440e-12
1.425526e-12
1.183498e-12
1.423639e-12
1.180389e-12
1.422140e-12
1.177280e-12
1.420475e-12
1.173894e-12
1.418643e-12
1.170286e-12
1.416867e-12
1.166456e-12
1.414924e-12
1.162181e-12
1.412648e-12
1.157852e-12
1.410372e-12
1.152967e-12
1.407707e-12
1.147971e-12
1.404932e-12
1.142308e-12
1.402101e-12
1.136591e-12
1.399214e-12
1.130374e-12
1.395994e-12
1.123879e-12
1.392497e-12
1.116662e-12
1.388722e-12
1.109224e-12
1.384615e-12
1.101341e-12
1.380451e-12
1.093015e-12
1.376010e-12
1.084244e-12
1.371625e-12
1.075140e-12
1.366629e-12
1.065592e-12
1.361855e-12
1.055656e-12
1.356526e-12
1.044775e-12
1.350808e-12
1.033951e-12
1.345257e-12
1.022349e-12
1.339207e-12
1.010358e-12
1.333100e-12
9.974799e-13
1.326883e-12
9.846013e-13
1.320610e-12
9.710011e-13
1.314060e-12
9.572343e-13
1.307732e-12
9.424128e-13
1.300848e-12
9.275358e-13
1.294076e-12
9.116596e-13
1.286748e-12
8.951728e-13
1.279421e-12
8.780754e-13
1.272371e-12
8.606449e-13
1.264933e-12
8.426038e-13
1.257494e-12
8.236745e-13
1.250389e-12
8.041345e-13
1.242673e-12
7.841505e-13
1.235845e-12
7.636669e-13
1.228684e-12
7.425172e-13
1.222022e-12
7.207568e-13
1.215805e-12
6.988299e-13
1.210143e-12
6.766254e-13
1.205203e-12
6.538103e-13
1.200706e-12
6.299405e-13
1.196654e-12
6.059597e-13
1.193212e-12
5.811462e-13
1.190270e-12
5.551670e-13
1.187883e-12
5.285772e-13
1.186773e-12
5.013767e-13
1.186218e-12
4.730660e-13
1.186662e-12
4.438117e-13
1.187994e-12
4.129475e-13
1.190326e-12
3.814726e-13
1.194211e-12
3.484990e-13
1.199207e-12
3.141931e-13
1.206091e-12
2.782774e-13
1.214806e-12
2.410294e-13
1.225464e-12
2.017830e-13
1.238176e-12
1.609268e-13
1.253553e-12
1.172951e-13
1.271039e-12
7.144285e-14
1.291967e-12
2.264855e-14
1.315725e-12
-2.919887e-14
1.343592e-12
-8.448797e-14
1.375344e-12
-1.436073e-13
1.411926e-12
-2.072231e-13
1.453837e-12
-2.756684e-13
1.502021e-12
-3.499423e-13
1.557587e-12
-4.288236e-13
1.623757e-12
-5.111467e-13
1.706468e-12
-5.887513e-13
1.822154e-12
-6.388778e-13
2.012279e-12
-5.973000e-13
2.387757e-12
-2.869927e-13
3.245682e-12
7.763234e-13
5.391243e-12
3.912037e-12
1.100953e-11
1.271394e-11
2.603473e-11
3.695338e-11
6.659090e-11
1.031998e-10
1.765007e-10
2.836868e-10
4.748765e-10
7.747734e-10
1.285487e-09
2.110234e-09
3.488410e-09
5.741034e-09
9.475930e-09
1.561133e-08
2.575092e-08
4.244248e-08
6.998998e-08
1.153782e-07
1.902431e-07
3.136392e-07
5.171232e-07
8.525699e-07
1.405673e-06
2.317534e-06
3.820991e-06
6.299702e-06
1.038644e-05
1.712420e-05
2.823276e-05
4.654705e-05
7.674085e-05
1.265179e-04
2.085757e-04
3.438366e-04
5.667644e-04
9.340930e-04
1.539126e-03
2.535059e-03
4.172744e-03
6.861119e-03
1.126195e-02
1.843314e-02
3.003199e-02
4.856815e-02
7.762946e-02
1.218529e-01
1.861838e-01
2.738850e-01
3.834335e-01
5.062497e-01
6.283162e-01
7.359454e-01
8.212736e-01
8.833970e-01
9.258759e-01
9.536909e-01
9.713908e-01
9.824501e-01
9.892814e-01
9.934713e-01
9.960300e-01
9.975883e-01
9.985358e-01
9.991114e-01
9.994609e-01
9.996729e-01
9.998016e-01
9.998797e-01
9.999270e-01
9.999557e-01
9.999731e-01
9.999837e-01
9.999901e-01
9.999940e-01
9.999964e-01
9.999978e-01
9.999987e-01
9.999992e-01
9.999995e-01
9.999997e-01
9.999998e-01
9.999999e-01
9.999999e-01
1.000000e+00
1.000000e+00
1.000000e+00
1.000000e+00
1.000000e+00
1.000000e+00
1.000000e+00
1.000000e+00
1.000000e+00
1.000000e+00
1.000000e+00
1.000000e+00
1.000000e+00
1.000000e+00
1.000000e+00
1.000000e+00
1.000000e+00
1.000000e+00
1.000000e+00
1.000000e+00
1.000000e+00
1.000000e+00
1.000000e+00
1.000000e+00
1.000000e+00
1.000000e+00
1.000000e+00
1.000000e+00
1.000000e+00
1.000000e+00
1.000000e+00
1.000000e+00
1.000000e+00
1.000000e+00
1.000000e+00
1.000000e+00
1.000000e+00
1.000000e+00
1.000000e+00
1.000000e+00
1.000000e+00
1.000000e+00
1.000000e+00
1.000000e+00
1.000000e+00
1.000000e+00
1.000000e+00
1.000000e+00
1.000000e+00
1.000000e+00
1.000000e+00
1.000000e+00
1.000000e+00
1.000000e+00
1.000000e+00
1.000000e+00
1.000000e+00
1.000000e+00
1.000000e+00
1.000000e+00
1.000000e+00
1.000000e+00
1.000000e+00
1.000000e+00
1.000000e+00
1.000000e+00
1.000000e+00
1.000000e+00
1.000000e+00
1.000000e+00
1.000000e+00
1.000000e+00
1.000000e+00
1.000000e+00
1.000000e+00
1.000000e+00
1.000000e+00
1.000000e+00
1.000000e+00
1.000000e+00
1.000000e+00
1.000000e+00
1.000000e+00
1.000000e+00
1.000000e+00
1.000000e+00
1.000000e+00
1.000000e+00
1.000000e+00
1.000000e+00
1.000000e+00
1.000000e+00
1.000000e+00
1.000000e+00
1.000000e+00
1.000000e+00
1.000000e+00
1.000000e+00
1.000000e+00
1.000000e+00
1.000000e+00
1.000000e+00
1.000000e+00
1.000000e+00
1.000000e+00
1.000000e+00
1.000000e+00
1.000000e+00
1.000000e+00
1.000000e+00
1.000000e+00
1.000000e+00
1.000000e+00
1.000000e+00
1.000000e+00
1.000000e+00
1.000000e+00
1.000000e+00
1.000000e+00
1.000000e+00
1.000000e+00
1.000000e+00
1.000000e+00
1.000000e+00
1.000000e+00
1.000000e+00
1.000000e+00
1.000000e+00
1.000000e+00
1.000000e+00
1.000000e+00
1.000000e+00
1.000000e+00
1.000000e+00
1.000000e+00
1.000000e+00
1.000000e+00
1.000000e+00
1.000000e+00
1.000000e+00
1.000000e+00
1.000000e+00
1.000000e+00
1.000000e+00
1.000000e+00
1.000000e+00
1.000000e+00
1.000000e+00
1.000000e+00
1.000000e+00
1.000000e+00
1.000000e+00
1.000000e+00
1.000000e+00
1.000000e+00
1.000000e+00
1.000000e+00
1.000000e+00
1.000000e+00
1.000000e+00
1.000000e+00
1.000000e+00
1.000000e+00
1.000000e+00
1.000000e+00
1.000000e+00
1.000000e+00
1.000000e+00
1.000000e+00
1.000000e+00
1.000000e+00
1.000000e+00
1.000000e+00
1.000000e+00
1.000000e+00
1.000000e+00
1.000000e+00
1.000000e+00
1.000000e+00
1.000000e+00
1.000000e+00
1.000000e+00
1.000000e+00
1.000000e+00
1.000000e+00
1.000000e+00
1.000000e+00
1.000000e+00
1.000000e+00
1.000000e+00
1.000000e+00
1.000000e+00
1.000000e+00
1.000000e+00
1.000000e+00
1.000000e+00
1.000000e+00
1.000000e+00
1.000000e+00
1.000000e+00
1.000000e+00
1.000000e+00
1.000000e+00
1.000000e+00
1.000000e+00
1.000000e+00
1.000000e+00
1.000000e+00
1.000000e+00
1.000000e+00
1.000000e+00
1.000000e+00
1.000000e+00
1.000000e+00
1.000000e+00
1.000000e+00
1.000000e+00
1.000000e+00
1.000000e+00
1.000000e+00
1.000000e+00
1.000000e+00
1.000000e+00
1.000000e+00
1.000000e+00
1.000000e+00
1.000000e+00
1.000000e+00
1.000000e+00
1.000000e+00
1.000000e+00
1.000000e+00
1.000000e+00
1.000000e+00
1.000000e+00
1.000000e+00
1.000000e+00
1.000000e+00
1.000000e+00
1.000000e+00
1.000000e+00
1.000000e+00
1.000000e+00
1.000000e+00
1.000000e+00
1.000000e+00
1.000000e+00
1.000000e+00
1.000000e+00
1.000000e+00
1.000000e+00
1.000000e+00
1.000000e+00
1.000000e+00
1.000000e+00
1.000000e+00
1.000000e+00
1.000000e+00
1.000000e+00
1.000000e+00
1.000000e+00
1.000000e+00
1.000000e+00
1.000000e+00
1.000000e+00
1.000000e+00
1.000000e+00
1.000000e+00
1.000000e+00
1.000000e+00
1.000000e+00
1.000000e+00
1.000000e+00
1.000000e+00
1.000000e+00
1.000000e+00
1.000000e+00
1.000000e+00
1.000000e+00
1.000000e+00
1.000000e+00
1.000000e+00
1.000000e+00
1.000000e+00
1.000000e+00
1.000000e+00
1.000000e+00
1.000000e+00
1.000000e+00
1.000000e+00
1.000000e+00
1.000000e+00
1.000000e+00
1.000000e+00
1.000000e+00
1.000000e+00
1.000000e+00
1.000000e+00
1.000000e+00
1.000000e+00
1.000000e+00
1.000000e+00
1.000000e+00
1.000000e+00
1.000000e+00
1.000000e+00
1.000000e+00
1.000000e+00
1.000000e+00
1.000000e+00
1.000000e+00
1.000000e+00
1.000000e+00
1.000000e+00
1.000000e+00
1.000000e+00
1.000000e+00
1.000000e+00
1.000000e+00
1.000000e+00
1.000000e+00
1.000000e+00
1.000000e+00
1.000000e+00
1.000000e+00
1.000000e+00
1.000000e+00
1.000000e+00
1.000000e+00
1.000000e+00
1.000000e+00
1.000000e+00
1.000000e+00
1.000000e+00
1.000000e+00
1.000000e+00
1.000000e+00
1.000000e+00
1.000000e+00
1.000000e+00
1.000000e+00
1.000000e+00
1.000000e+00
1.000000e+00
1.000000e+00
1.000000e+00
1.000000e+00
1.000000e+00
1.000000e+00
1.000000e+00
1.000000e+00
1.000000e+00
1.000000e+00
1.000000e+00
1.000000e+00
1.000000e+00
1.000000e+00
1.000000e+00
1.000000e+00
1.000000e+00
1.000000e+00
1.000000e+00
1.000000e+00
1.000000e+00
1.000000e+00
1.000000e+00
1.000000e+00
1.000000e+00
1.000000e+00
1.000000e+00
1.000000e+00
1.000000e+00
1.000000e+00
1.000000e+00
1.000000e+00
1.000000e+00
1.000000e+00
1.000000e+00
1.000000e+00
1.000000e+00
1.000000e+00
1.000000e+00
1.000000e+00
1.000000e+00
1.000000e+00
1.000000e+00
1.000000e+00
1.000000e+00
1.000000e+00
1.000000e+00
1.000000e+00
1.000000e+00
1.000000e+00
1.000000e+00
1.000000e+00
1.000000e+00
1.000000e+00
1.000000e+00
1.000000e+00
1.000000e+00
1.000000e+00
1.000000e+00
1.000000e+00
1.000000e+00
1.000000e+00
1.000000e+00
1.000000e+00
1.000000e+00
1.000000e+00
1.000000e+00
1.000000e+00
1.000000e+00
1.000000e+00
1.000000e+00
1.000000e+00
1.000000e+00
1.000000e+00
1.000000e+00
1.000000e+00
1.000000e+00
1.000000e+00
1.000000e+00
1.000000e+00
1.000000e+00
1.000000e+00
1.000000e+00
1.000000e+00
1.000000e+00
1.000000e+00
1.000000e+00
1.000000e+00
1.000000e+00
1.000000e+00
1.000000e+00
1.000000e+00
1.000000e+00
1.000000e+00
1.000000e+00
1.000000e+00
1.000000e+00
1.000000e+00
1.000000e+00
1.000000e+00
1.000000e+00
1.000000e+00
1.000000e+00
1.000000e+00
1.000000e+00
1.000000e+00
1.000000e+00
1.000000e+00
1.000000e+00
1.000000e+00
1.000000e+00
1.000000e+00
1.000000e+00
1.000000e+00
1.000000e+00
1.000000e+00
1.000000e+00
1.000000e+00
1.000000e+00
1.000000e+00
1.000000e+00
1.000000e+00
1.000000e+00
1.000000e+00
1.000000e+00
1.000000e+00
1.000000e+00
1.000000e+00
1.000000e+00
1.000000e+00
1.000000e+00
1.000000e+00
1.000000e+00
1.000000e+00
1.000000e+00
1.000000e+00
1.000000e+00
1.000000e+00
1.000000e+00
1.000000e+00
1.000000e+00
1.000000e+00
1.000000e+00
1.000000e+00
1.000000e+00
1.000000e+00
1.000000e+00
1.000000e+00
1.000000e+00
1.000000e+00
1.000000e+00
1.000000e+00
1.000000e+00
1.000000e+00
9.999999e-01
9.999999e-01
9.999998e-01
9.999997e-01
9.999995e-01
9.999992e-01
9.999987e-01
9.999978e-01
9.999964e-01
9.999940e-01
9.999901e-01
9.999837e-01
9.999731e-01
9.999557e-01
9.999270e-01
9.998797e-01
9.998016e-01
9.996729e-01
9.994609e-01
9.991114e-01
9.985358e-01
9.975883e-01
9.960300e-01
9.934713e-01
9.892814e-01
9.824501e-01
9.713908e-01
9.536909e-01
9.258759e-01
8.833970e-01
8.212736e-01
7.359454e-01
6.283162e-01
5.062497e-01
3.834335e-01
2.738850e-01
1.861838e-01
1.218529e-01
7.762946e-02
4.856815e-02
3.003199e-02
1.843314e-02
1.126195e-02
6.861119e-03
4.172744e-03
2.535059e-03
1.539126e-03
9.340930e-04
5.667644e-04
3.438366e-04
2.085757e-04
1.265179e-04
7.674085e-05
4.654705e-05
2.823276e-05
1.712420e-05
1.038644e-05
6.299702e-06
3.820991e-06
2.317534e-06
1.405673e-06
8.525699e-07
5.171233e-07
3.136393e-07
1.902431e-07
1.153782e-07
6.999001e-08
4.244251e-08
2.575095e-08
1.561136e-08
9.475964e-09
5.741070e-09
3.488448e-09
2.110273e-09
1.285527e-09
7.748153e-10
4.749199e-10
2.837318e-10
1.765466e-10
1.032472e-10
6.663925e-11
3.700262e-11
2.608536e-11
1.276573e-11
1.106248e-11
3.966050e-12
5.446088e-12
8.322232e-13
3.302747e-12
-2.291500e-13
2.446654e-12
-5.372924e-13
2.073286e-12
-5.771494e-13
1.884604e-12
-5.254130e-13
1.770639e-12
-4.461431e-13
1.689815e-12
-3.620437e-13
1.625311e-12
-2.810530e-13
1.571132e-12
-2.056133e-13
1.524836e-12
-1.357803e-13
1.483980e-12
-7.094325e-14
1.448563e-12
-1.099121e-14
1.416978e-12
4.440892e-14
1.389278e-12
9.603429e-14
1.365019e-12
1.442735e-13
1.343703e-12
1.894040e-13
1.324996e-12
2.317591e-13
1.308620e-12
2.710054e-13
1.293909e-12
3.085310e-13
1.281308e-12
3.436695e-13
1.270428e-12
3.769762e-13
1.260991e-12
4.086731e-13
1.253275e-12
4.388712e-13
1.246281e-12
4.672929e-13
1.240508e-12
4.946044e-13
1.235623e-12
5.203060e-13
1.231848e-12
5.453971e-13
1.229072e-12
5.695444e-13
1.227130e-12
5.929701e-13
1.226241e-12
6.156187e-13
1.226297e-12
6.376566e-13
1.227074e-12
6.590839e-13
1.228406e-12
6.805112e-13
1.230627e-12
7.006618e-13
1.233125e-12
7.208123e-13
1.236566e-12
7.402967e-13
1.240230e-12
7.594481e-13
1.244671e-12
7.785439e-13
1.249667e-12
7.971956e-13
1.255052e-12
8.155698e-13
1.260658e-12
8.335554e-13
1.266764e-12
8.507084e-13
1.272649e-12
8.678058e-13
1.278866e-12
8.842371e-13
1.284972e-12
9.000578e-13
1.291134e-12
9.156564e-13
1.297351e-12
9.304779e-13
1.303790e-12
9.449663e-13
1.309897e-12
9.591772e-13
1.315892e-12
9.722778e-13
1.321832e-12
9.854895e-13
1.327549e-12
9.978129e-13
1.333211e-12
1.009970e-12
1.338818e-12
1.021849e-12
1.345035e-12
1.033673e-12
1.350808e-12
1.045053e-12
1.356582e-12
1.055989e-12
1.362133e-12
1.066036e-12
1.367462e-12
1.076139e-12
1.372680e-12
1.085909e-12
1.377676e-12
1.095068e-12
1.382450e-12
1.103617e-12
1.387279e-12
1.112277e-12
1.391887e-12
1.120160e-12
1.396272e-12
1.128153e-12
1.400824e-12
1.135370e-12
1.404654e-12
1.142586e-12
1.408540e-12
1.149025e-12
1.411982e-12
1.155298e-12
1.415423e-12
1.160905e-12
1.418921e-12
1.166678e-12
1.421807e-12
1.171896e-12
1.424694e-12
1.176725e-12
1.427525e-12
1.181111e-12
1.429856e-12
1.185441e-12
1.432576e-12
1.189604e-12
1.434630e-12
1.193268e-12
1.436629e-12
1.196432e-12
1.438460e-12
1.199485e-12
1.440015e-12
1.201927e-12
1.441292e-12
1.204370e-12
1.442457e-12
1.205758e-12
1.443012e-12
1.207145e-12
1.443567e-12
1.208034e-12
1.443567e-12
1.208644e-12
1.443512e-12
1.208811e-12
1.443290e-12
1.208866e-12
1.442568e-12
1.208200e-12
1.441847e-12
