1.184275e-12
1.417699e-12
1.182832e-12
1.416478e-12
1.181555e-12
1.414979e-12
1.179723e-12
1.413425e-12
1.177669e-12
1.411538e-12
1.175005e-12
1.409040e-12
1.171951e-12
1.406986e-12
1.168954e-12
1.404432e-12
1.165845e-12
1.402489e-12
1.162181e-12
1.399991e-12
1.158573e-12
1.397160e-12
1.154521e-12
1.394218e-12
1.150469e-12
1.391220e-12
1.145473e-12
1.387668e-12
1.140477e-12
1.384892e-12
1.135592e-12
1.381284e-12
1.130041e-12
1.378064e-12
1.124212e-12
1.373623e-12
1.118050e-12
1.369682e-12
1.111444e-12
1.365075e-12
1.104228e-12
1.360356e-12
1.096512e-12
1.355249e-12
1.088296e-12
1.350087e-12
1.080136e-12
1.344425e-12
1.071643e-12
1.339096e-12
1.062317e-12
1.333211e-12
1.052880e-12
1.327161e-12
1.042777e-12
1.320832e-12
1.032230e-12
1.314282e-12
1.021128e-12
1.307121e-12
1.009526e-12
1.300182e-12
9.979795e-13
1.292744e-12
9.856005e-13
1.285361e-12
9.723888e-13
1.277645e-12
9.593437e-13
1.269707e-12
9.456325e-13
1.261713e-12
9.314216e-13
1.253109e-12
9.164891e-13
1.244782e-12
9.012791e-13
1.236233e-12
8.856804e-13
1.227685e-12
8.698042e-13
1.219247e-12
8.532064e-13
1.210920e-12
8.363865e-13
1.202149e-12
8.188450e-13
1.193046e-12
8.008039e-13
1.184497e-12
7.821521e-13
1.175560e-12
7.633894e-13
1.167288e-12
7.441270e-13
1.158629e-12
7.239209e-13
1.150191e-12
7.034373e-13
1.141698e-12
6.822320e-13
1.133316e-12
6.605272e-13
1.125433e-12
6.388223e-13
1.117717e-12
6.158962e-13
1.110445e-12
5.931922e-13
1.104006e-12
5.703216e-13
1.098344e-12
5.467848e-13
1.093570e-12
5.228595e-13
1.089295e-12
4.986567e-13
1.085798e-12
4.737322e-13
1.082745e-12
4.481970e-13
1.081024e-12
4.217182e-13
1.079581e-12
3.945178e-13
1.079636e-12
3.668177e-13
1.080414e-12
3.376743e-13
1.082356e-12
3.076428e-13
1.085632e-12
2.768341e-13
1.090183e-12
2.446376e-13
1.096068e-12
2.112199e-13
1.103340e-12
1.760259e-13
1.112666e-12
1.391109e-13
1.124045e-12
1.007527e-13
1.137423e-12
6.061818e-14
1.153910e-12
1.831868e-14
1.172784e-12
-2.647882e-14
1.194711e-12
-7.388534e-14
1.219747e-12
-1.242895e-13
1.248890e-12
-1.785794e-13
1.281864e-12
-2.362555e-13
1.320333e-12
-2.979839e-13
1.363798e-12
-3.649858e-13
1.413814e-12
-4.371503e-13
1.470990e-12
-5.144773e-13
1.539102e-12
-5.947465e-13
1.623701e-12
-6.705192e-13
1.741385e-12
-7.187584e-13
1.933453e-12
-6.754042e-13
2.310818e-12
-3.629874e-13
3.170630e-12
7.023826e-13
5.318301e-12
3.840539e-12
1.093936e-11
1.264466e-11
2.596678e-11
3.688660e-11
6.652567e-11
1.031358e-10
1.764381e-10
2.836252e-10
4.748160e-10
7.747141e-10
1.285429e-09
2.110177e-09
3.488354e-09
5.740979e-09
9.475876e-09
1.561128e-08
2.575087e-08
4.244243e-08
6.998993e-08
1.153781e-07
1.902430e-07
3.136392e-07
5.171232e-07
8.525698e-07
1.405673e-06
2.317534e-06
3.820991e-06
6.299702e-06
1.038644e-05
1.712420e-05
2.823276e-05
4.654705e-05
7.674085e-05
1.265179e-04
2.085757e-04
3.438366e-04
5.667644e-04
9.340930e-04
1.539126e-03
2.535059e-03
4.172744e-03
6.861119e-03
1.126195e-02
1.843314e-02
3.003199e-02
4.856815e-02
7.762946e-02
1.218529e-01
1.861838e-01
2.738850e-01
3.834335e-01
5.062497e-01
6.283162e-01
7.359454e-01
8.212736e-01
8.833970e-01
9.258759e-01
9.536909e-01
9.713908e-01
9.824501e-01
9.892814e-01
9.934713e-01
9.960300e-01
9.975883e-01
9.985358e-01
9.991114e-01
9.994609e-01
9.996729e-01
9.998016e-01
9.998797e-01
9.999270e-01
9.999557e-01
9.999731e-01
9.999837e-01
9.999901e-01
9.999940e-01
9.999964e-01
9.999978e-01
9.999987e-01
9.999992e-01
9.999995e-01
9.999997e-01
9.999998e-01
9.999999e-01
9.999999e-01
1.000000e+00
1.000000e+00
1.000000e+00
1.000000e+00
1.000000e+00
1.000000e+00
1.000000e+00
1.000000e+00
1.000000e+00
1.000000e+00
1.000000e+00
1.000000e+00
1.000000e+00
1.000000e+00
1.000000e+00
1.000000e+00
1.000000e+00
1.000000e+00
1.000000e+00
1.000000e+00
1.000000e+00
1.000000e+00
1.000000e+00
1.000000e+00
1.000000e+00
1.000000e+00
1.000000e+00
1.000000e+00
1.000000e+00
1.000000e+00
1.000000e+00
1.000000e+00
1.000000e+00
1.000000e+00
1.000000e+00
1.000000e+00
1.000000e+00
1.000000e+00
1.000000e+00
1.000000e+00
1.000000e+00
1.000000e+00
1.000000e+00
1.000000e+00
1.000000e+00
1.000000e+00
1.000000e+00
1.000000e+00
1.000000e+00
1.000000e+00
1.000000e+00
1.000000e+00
1.000000e+00
1.000000e+00
1.000000e+00
1.000000e+00
1.000000e+00
1.000000e+00
1.000000e+00
1.000000e+00
1.000000e+00
1.000000e+00
1.000000e+00
1.000000e+00
1.000000e+00
1.000000e+00
1.000000e+00
1.000000e+00
1.000000e+00
1.000000e+00
1.000000e+00
1.000000e+00
1.000000e+00
1.000000e+00
1.000000e+00
1.000000e+00
1.000000e+00
1.000000e+00
1.000000e+00
1.000000e+00
1.000000e+00
1.000000e+00
1.000000e+00
1.000000e+00
1.000000e+00
1.000000e+00
1.000000e+00
1.000000e+00
1.000000e+00
1.000000e+00
1.000000e+00
1.000000e+00
1.000000e+00
1.000000e+00
1.000000e+00
1.000000e+00
1.000000e+00
1.000000e+00
1.000000e+00
1.000000e+00
1.000000e+00
1.000000e+00
1.000000e+00
1.000000e+00
1.000000e+00
1.000000e+00
1.000000e+00
1.000000e+00
1.000000e+00
1.000000e+00
1.000000e+00
1.000000e+00
1.000000e+00
1.000000e+00
1.000000e+00
1.000000e+00
1.000000e+00
1.000000e+00
1.000000e+00
1.000000e+00
1.000000e+00
1.000000e+00
1.000000e+00
1.000000e+00
1.000000e+00
1.000000e+00
1.000000e+00
1.000000e+00
1.000000e+00
1.000000e+00
1.000000e+00
1.000000e+00
1.000000e+00
1.000000e+00
1.000000e+00
1.000000e+00
1.000000e+00
1.000000e+00
1.000000e+00
1.000000e+00
1.000000e+00
1.000000e+00
1.000000e+00
1.000000e+00
1.000000e+00
1.000000e+00
1.000000e+00
1.000000e+00
1.000000e+00
1.000000e+00
1.000000e+00
1.000000e+00
1.000000e+00
1.000000e+00
1.000000e+00
1.000000e+00
1.000000e+00
1.000000e+00
1.000000e+00
1.000000e+00
1.000000e+00
1.000000e+00
1.000000e+00
1.000000e+00
1.000000e+00
1.000000e+00
1.000000e+00
1.000000e+00
1.000000e+00
1.000000e+00
1.000000e+00
1.000000e+00
1.000000e+00
1.000000e+00
1.000000e+00
1.000000e+00
1.000000e+00
1.000000e+00
1.000000e+00
1.000000e+00
1.000000e+00
1.000000e+00
1.000000e+00
1.000000e+00
1.000000e+00
1.000000e+00
1.000000e+00
1.000000e+00
1.000000e+00
1.000000e+00
1.000000e+00
1.000000e+00
1.000000e+00
1.000000e+00
1.000000e+00
1.000000e+00
1.000000e+00
1.000000e+00
1.000000e+00
1.000000e+00
1.000000e+00
1.000000e+00
1.000000e+00
1.000000e+00
1.000000e+00
1.000000e+00
1.000000e+00
1.000000e+00
1.000000e+00
1.000000e+00
1.000000e+00
1.000000e+00
1.000000e+00
1.000000e+00
1.000000e+00
1.000000e+00
1.000000e+00
1.000000e+00
1.000000e+00
1.000000e+00
1.000000e+00
1.000000e+00
1.000000e+00
1.000000e+00
1.000000e+00
1.000000e+00
1.000000e+00
1.000000e+00
1.000000e+00
1.000000e+00
1.000000e+00
1.000000e+00
1.000000e+00
1.000000e+00
1.000000e+00
1.000000e+00
1.000000e+00
1.000000e+00
1.000000e+00
1.000000e+00
1.000000e+00
1.000000e+00
1.000000e+00
1.000000e+00
1.000000e+00
1.000000e+00
1.000000e+00
1.000000e+00
1.000000e+00
1.000000e+00
1.000000e+00
1.000000e+00
1.000000e+00
1.000000e+00
1.000000e+00
1.000000e+00
1.000000e+00
1.000000e+00
1.000000e+00
1.000000e+00
1.000000e+00
1.000000e+00
1.000000e+00
1.000000e+00
1.000000e+00
1.000000e+00
1.000000e+00
1.000000e+00
1.000000e+00
1.000000e+00
1.000000e+00
1.000000e+00
1.000000e+00
1.000000e+00
1.000000e+00
1.000000e+00
1.000000e+00
1.000000e+00
1.000000e+00
1.000000e+00
1.000000e+00
1.000000e+00
1.000000e+00
1.000000e+00
1.000000e+00
1.000000e+00
1.000000e+00
1.000000e+00
1.000000e+00
1.000000e+00
1.000000e+00
1.000000e+00
1.000000e+00
1.000000e+00
1.000000e+00
1.000000e+00
1.000000e+00
1.000000e+00
1.000000e+00
1.000000e+00
1.000000e+00
1.000000e+00
1.000000e+00
1.000000e+00
1.000000e+00
1.000000e+00
1.000000e+00
1.000000e+00
1.000000e+00
1.000000e+00
1.000000e+00
1.000000e+00
1.000000e+00
1.000000e+00
1.000000e+00
1.000000e+00
1.000000e+00
1.000000e+00
1.000000e+00
1.000000e+00
1.000000e+00
1.000000e+00
1.000000e+00
1.000000e+00
1.000000e+00
1.000000e+00
1.000000e+00
1.000000e+00
1.000000e+00
1.000000e+00
1.000000e+00
1.000000e+00
1.000000e+00
1.000000e+00
1.000000e+00
1.000000e+00
1.000000e+00
1.000000e+00
1.000000e+00
1.000000e+00
1.000000e+00
1.000000e+00
1.000000e+00
1.000000e+00
1.000000e+00
1.000000e+00
1.000000e+00
1.000000e+00
1.000000e+00
1.000000e+00
1.000000e+00
1.000000e+00
1.000000e+00
1.000000e+00
1.000000e+00
1.000000e+00
1.000000e+00
1.000000e+00
1.000000e+00
1.000000e+00
1.000000e+00
1.000000e+00
1.000000e+00
1.000000e+00
1.000000e+00
1.000000e+00
1.000000e+00
1.000000e+00
1.000000e+00
1.000000e+00
1.000000e+00
1.000000e+00
1.000000e+00
1.000000e+00
1.000000e+00
1.000000e+00
1.000000e+00
1.000000e+00
1.000000e+00
1.000000e+00
1.000000e+00
1.000000e+00
1.000000e+00
1.000000e+00
1.000000e+00
1.000000e+00
1.000000e+00
1.000000e+00
1.000000e+00
1.000000e+00
1.000000e+00
1.000000e+00
1.000000e+00
1.000000e+00
1.000000e+00
1.000000e+00
1.000000e+00
1.000000e+00
1.000000e+00
1.000000e+00
1.000000e+00
1.000000e+00
1.000000e+00
1.000000e+00
1.000000e+00
1.000000e+00
1.000000e+00
1.000000e+00
1.000000e+00
1.000000e+00
1.000000e+00
1.000000e+00
1.000000e+00
1.000000e+00
1.000000e+00
1.000000e+00
1.000000e+00
1.000000e+00
1.000000e+00
1.000000e+00
1.000000e+00
1.000000e+00
1.000000e+00
1.000000e+00
1.000000e+00
1.000000e+00
1.000000e+00
1.000000e+00
1.000000e+00
1.000000e+00
1.000000e+00
1.000000e+00
1.000000e+00
1.000000e+00
1.000000e+00
1.000000e+00
1.000000e+00
1.000000e+00
1.000000e+00
1.000000e+00
1.000000e+00
1.000000e+00
1.000000e+00
1.000000e+00
1.000000e+00
1.000000e+00
1.000000e+00
1.000000e+00
1.000000e+00
1.000000e+00
1.000000e+00
1.000000e+00
1.000000e+00
1.000000e+00
1.000000e+00
1.000000e+00
1.000000e+00
1.000000e+00
1.000000e+00
1.000000e+00
1.000000e+00
1.000000e+00
1.000000e+00
1.000000e+00
1.000000e+00
1.000000e+00
1.000000e+00
1.000000e+00
1.000000e+00
1.000000e+00
1.000000e+00
1.000000e+00
1.000000e+00
1.000000e+00
1.000000e+00
1.000000e+00
1.000000e+00
1.000000e+00
1.000000e+00
1.000000e+00
1.000000e+00
1.000000e+00
1.000000e+00
1.000000e+00
1.000000e+00
1.000000e+00
1.000000e+00
1.000000e+00
1.000000e+00
1.000000e+00
1.000000e+00
1.000000e+00
1.000000e+00
1.000000e+00
1.000000e+00
1.000000e+00
1.000000e+00
9.999999e-01
9.999999e-01
9.999998e-01
9.999997e-01
9.999995e-01
9.999992e-01
9.999987e-01
9.999978e-01
9.999964e-01
9.999940e-01
9.999901e-01
9.999837e-01
9.999731e-01
9.999557e-01
9.999270e-01
9.998797e-01
9.998016e-01
9.996729e-01
9.994609e-01
9.991114e-01
9.985358e-01
9.975883e-01
9.960300e-01
9.934713e-01
9.892814e-01
9.824501e-01
9.713908e-01
9.536909e-01
9.258759e-01
8.833970e-01
8.212736e-01
7.359454e-01
6.283162e-01
5.062497e-01
3.834335e-01
2.738850e-01
1.861838e-01
1.218529e-01
7.762946e-02
4.856815e-02
3.003199e-02
1.843314e-02
1.126195e-02
6.861119e-03
4.172744e-03
2.535059e-03
1.539126e-03
9.340930e-04
5.667644e-04
3.438366e-04
2.085757e-04
1.265179e-04
7.674085e-05
4.654705e-05
2.823276e-05
1.712420e-05
1.038644e-05
6.299702e-06
3.820991e-06
2.317534e-06
1.405673e-06
8.525699e-07
5.171232e-07
3.136392e-07
1.902430e-07
1.153782e-07
6.998996e-08
4.244246e-08
2.575090e-08
1.561131e-08
9.475909e-09
5.741014e-09
3.488390e-09
2.110214e-09
1.285468e-09
7.747544e-10
4.748577e-10
2.836682e-10
1.764823e-10
1.031814e-10
6.657219e-11
3.693451e-11
2.601586e-11
1.269496e-11
1.099032e-11
3.892608e-12
5.371537e-12
7.564505e-13
3.225586e-12
-3.071987e-13
2.367662e-12
-6.175616e-13
1.992184e-12
-6.594170e-13
1.801281e-12
-6.096235e-13
1.685430e-12
-5.324630e-13
1.602107e-12
-4.503065e-13
1.536382e-12
-3.709255e-13
1.480704e-12
-2.970402e-13
1.432743e-12
-2.285949e-13
1.390499e-12
-1.652567e-13
1.353195e-12
-1.070810e-13
1.320555e-12
-5.273559e-14
1.291300e-12
-2.664535e-15
1.265599e-12
4.440892e-14
1.243061e-12
8.837375e-14
1.223188e-12
1.295075e-13
1.205758e-12
1.680323e-13
1.190437e-12
2.046696e-13
1.177169e-12
2.391420e-13
1.165401e-12
2.720602e-13
1.155631e-12
3.029244e-13
1.146749e-12
3.324563e-13
1.139810e-12
3.606004e-13
1.133538e-12
3.873568e-13
1.128597e-12
4.130585e-13
1.124600e-12
4.380385e-13
1.121769e-12
4.621858e-13
1.119771e-12
4.855560e-13
1.118661e-12
5.079825e-13
1.118383e-12
5.299650e-13
1.119327e-12
5.516143e-13
1.120770e-12
5.730416e-13
1.123546e-12
5.936363e-13
1.126710e-12
6.143419e-13
1.130540e-12
6.347145e-13
1.134981e-12
6.549761e-13
1.140366e-12
6.743495e-13
1.145861e-12
6.940559e-13
1.152634e-12
7.135958e-13
1.159239e-12
7.327472e-13
1.166789e-12
7.515655e-13
1.174061e-12
7.699397e-13
1.181832e-12
7.878143e-13
1.189271e-12
8.051892e-13
1.197153e-12
8.221201e-13
1.204814e-12
8.384404e-13
1.212697e-12
8.548717e-13
1.220524e-12
8.708034e-13
1.228517e-12
8.861800e-13
1.236566e-12
9.011680e-13
1.244671e-12
9.160450e-13
1.252498e-12
9.304779e-13
1.260769e-12
9.444667e-13
1.268374e-12
9.580114e-13
1.276368e-12
9.715562e-13
1.283973e-12
9.843237e-13
1.291911e-12
9.967027e-13
1.299350e-12
1.009082e-12
1.306677e-12
1.020795e-12
1.314004e-12
1.032063e-12
1.320721e-12
1.042888e-12
1.327438e-12
1.053435e-12
1.334044e-12
1.063594e-12
1.340650e-12
1.073641e-12
1.347311e-12
1.083023e-12
1.353528e-12
1.092348e-12
1.359357e-12
1.100786e-12
1.364575e-12
1.108891e-12
1.370182e-12
1.116607e-12
1.375178e-12
1.124101e-12
1.380507e-12
1.131539e-12
1.385336e-12
1.138367e-12
1.390277e-12
1.144751e-12
1.394496e-12
1.150913e-12
1.398548e-12
1.156297e-12
1.402378e-12
1.161626e-12
1.405487e-12
1.165734e-12
1.408262e-12
1.169786e-12
1.410871e-12
1.173395e-12
1.413203e-12
1.176503e-12
1.415257e-12
1.178946e-12
1.416645e-12
1.181388e-12
1.418143e-12
1.183276e-12
1.418921e-12
1.184719e-12
1.419864e-12
1.185163e-12
1.419642e-12
1.185330e-12
1.419531e-12
1.185330e-12
1.418865e-12
