1.214973e-12
1.448619e-12
1.213807e-12
1.447176e-12
1.212586e-12
1.446177e-12
1.210643e-12
1.444345e-12
1.209033e-12
1.442846e-12
1.206701e-12
1.441514e-12
1.204870e-12
1.440181e-12
1.202871e-12
1.438960e-12
1.200651e-12
1.437961e-12
1.198486e-12
1.436795e-12
1.196376e-12
1.435352e-12
1.193601e-12
1.434020e-12
1.190992e-12
1.433020e-12
1.188050e-12
1.431244e-12
1.185108e-12
1.429912e-12
1.181721e-12
1.428357e-12
1.177891e-12
1.426415e-12
1.173728e-12
1.423750e-12
1.169065e-12
1.421474e-12
1.163958e-12
1.418476e-12
1.158573e-12
1.415479e-12
1.152689e-12
1.412204e-12
1.146638e-12
1.408984e-12
1.140033e-12
1.405376e-12
1.133205e-12
1.401768e-12
1.125822e-12
1.397715e-12
1.118494e-12
1.393385e-12
1.109834e-12
1.388667e-12
1.101286e-12
1.384004e-12
1.091904e-12
1.378897e-12
1.082467e-12
1.373845e-12
1.072475e-12
1.368072e-12
1.061484e-12
1.362521e-12
1.050382e-12
1.356026e-12
1.038725e-12
1.349809e-12
1.025957e-12
1.342870e-12
1.013356e-12
1.335765e-12
9.997003e-13
1.328715e-12
9.858780e-13
1.321498e-12
9.716672e-13
1.314227e-12
9.567902e-13
1.307399e-12
9.418022e-13
1.300182e-12
9.265366e-13
1.292688e-12
9.101053e-13
1.285028e-12
8.931744e-13
1.277312e-12
8.756884e-13
1.269596e-12
8.578693e-13
1.261991e-12
8.393286e-13
1.254274e-12
8.200107e-13
1.246503e-12
8.001932e-13
1.238454e-12
7.795431e-13
1.230738e-12
7.581713e-13
1.223077e-12
7.366330e-13
1.215805e-12
7.145395e-13
1.209199e-12
6.918910e-13
1.202816e-12
6.691314e-13
1.197265e-12
6.454837e-13
1.192269e-12
6.214473e-13
1.187717e-12
5.969114e-13
1.183609e-12
5.713208e-13
1.180389e-12
5.455081e-13
1.178169e-12
5.184742e-13
1.176392e-12
4.909406e-13
1.175782e-12
4.622969e-13
1.175837e-12
4.325984e-13
1.177003e-12
4.018452e-13
1.179112e-12
3.700928e-13
1.182832e-12
3.366751e-13
1.187439e-12
3.022027e-13
1.193823e-12
2.656764e-13
1.202149e-12
2.281508e-13
1.212253e-12
1.885714e-13
1.224632e-12
1.470490e-13
1.239564e-12
1.034173e-13
1.257328e-12
5.756506e-14
1.277700e-12
8.548717e-15
1.301570e-12
-4.313216e-14
1.329381e-12
-9.858780e-14
1.361244e-12
-1.577072e-13
1.397882e-12
-2.211564e-13
1.439904e-12
-2.898792e-13
1.487976e-12
-3.638756e-13
1.543321e-12
-4.430345e-13
1.609379e-12
-5.256906e-13
1.692091e-12
-6.030176e-13
1.807832e-12
-6.530887e-13
1.998013e-12
-6.115108e-13
2.373379e-12
-3.012590e-13
3.231360e-12
7.622236e-13
5.377365e-12
3.898437e-12
1.099609e-11
1.270073e-11
2.602157e-11
3.694023e-11
6.657819e-11
1.031875e-10
1.764885e-10
2.836748e-10
4.748646e-10
7.747618e-10
1.285475e-09
2.110222e-09
3.488399e-09
5.741022e-09
9.475918e-09
1.561132e-08
2.575091e-08
4.244247e-08
6.998997e-08
1.153782e-07
1.902430e-07
3.136392e-07
5.171232e-07
8.525699e-07
1.405673e-06
2.317534e-06
3.820991e-06
6.299702e-06
1.038644e-05
1.712420e-05
2.823276e-05
4.654705e-05
7.674085e-05
1.265179e-04
2.085757e-04
3.438366e-04
5.667644e-04
9.340930e-04
1.539126e-03
2.535059e-03
4.172744e-03
6.861119e-03
1.126195e-02
1.843314e-02
3.003199e-02
4.856815e-02
7.762946e-02
1.218529e-01
1.861838e-01
2.738850e-01
3.834335e-01
5.062497e-01
6.283162e-01
7.359454e-01
8.212736e-01
8.833970e-01
9.258759e-01
9.536909e-01
9.713908e-01
9.824501e-01
9.892814e-01
9.934713e-01
9.960300e-01
9.975883e-01
9.985358e-01
9.991114e-01
9.994609e-01
9.996729e-01
9.998016e-01
9.998797e-01
9.999270e-01
9.999557e-01
9.999731e-01
9.999837e-01
9.999901e-01
9.999940e-01
9.999964e-01
9.999978e-01
9.999987e-01
9.999992e-01
9.999995e-01
9.999997e-01
9.999998e-01
9.999999e-01
9.999999e-01
1.000000e+00
1.000000e+00
1.000000e+00
1.000000e+00
1.000000e+00
1.000000e+00
1.000000e+00
1.000000e+00
1.000000e+00
1.000000e+00
1.000000e+00
1.000000e+00
1.000000e+00
1.000000e+00
1.000000e+00
1.000000e+00
1.000000e+00
1.000000e+00
1.000000e+00
1.000000e+00
1.000000e+00
1.000000e+00
1.000000e+00
1.000000e+00
1.000000e+00
1.000000e+00
1.000000e+00
1.000000e+00
1.000000e+00
1.000000e+00
1.000000e+00
1.000000e+00
1.000000e+00
1.000000e+00
1.000000e+00
1.000000e+00
1.000000e+00
1.000000e+00
1.000000e+00
1.000000e+00
1.000000e+00
1.000000e+00
1.000000e+00
1.000000e+00
1.000000e+00
1.000000e+00
1.000000e+00
1.000000e+00
1.000000e+00
1.000000e+00
1.000000e+00
1.000000e+00
1.000000e+00
1.000000e+00
1.000000e+00
1.000000e+00
1.000000e+00
1.000000e+00
1.000000e+00
1.000000e+00
1.000000e+00
1.000000e+00
1.000000e+00
1.000000e+00
1.000000e+00
1.000000e+00
1.000000e+00
1.000000e+00
1.000000e+00
1.000000e+00
1.000000e+00
1.000000e+00
1.000000e+00
1.000000e+00
1.000000e+00
1.000000e+00
1.000000e+00
1.000000e+00
1.000000e+00
1.000000e+00
1.000000e+00
1.000000e+00
1.000000e+00
1.000000e+00
1.000000e+00
1.000000e+00
1.000000e+00
1.000000e+00
1.000000e+00
1.000000e+00
1.000000e+00
1.000000e+00
1.000000e+00
1.000000e+00
1.000000e+00
1.000000e+00
1.000000e+00
1.000000e+00
1.000000e+00
1.000000e+00
1.000000e+00
1.000000e+00
1.000000e+00
1.000000e+00
1.000000e+00
1.000000e+00
1.000000e+00
1.000000e+00
1.000000e+00
1.000000e+00
1.000000e+00
1.000000e+00
1.000000e+00
1.000000e+00
1.000000e+00
1.000000e+00
1.000000e+00
1.000000e+00
1.000000e+00
1.000000e+00
1.000000e+00
1.000000e+00
1.000000e+00
1.000000e+00
1.000000e+00
1.000000e+00
1.000000e+00
1.000000e+00
1.000000e+00
1.000000e+00
1.000000e+00
1.000000e+00
1.000000e+00
1.000000e+00
1.000000e+00
1.000000e+00
1.000000e+00
1.000000e+00
1.000000e+00
1.000000e+00
1.000000e+00
1.000000e+00
1.000000e+00
1.000000e+00
1.000000e+00
1.000000e+00
1.000000e+00
1.000000e+00
1.000000e+00
1.000000e+00
1.000000e+00
1.000000e+00
1.000000e+00
1.000000e+00
1.000000e+00
1.000000e+00
1.000000e+00
1.000000e+00
1.000000e+00
1.000000e+00
1.000000e+00
1.000000e+00
1.000000e+00
1.000000e+00
1.000000e+00
1.000000e+00
1.000000e+00
1.000000e+00
1.000000e+00
1.000000e+00
1.000000e+00
1.000000e+00
1.000000e+00
1.000000e+00
1.000000e+00
1.000000e+00
1.000000e+00
1.000000e+00
1.000000e+00
1.000000e+00
1.000000e+00
1.000000e+00
1.000000e+00
1.000000e+00
1.000000e+00
1.000000e+00
1.000000e+00
1.000000e+00
1.000000e+00
1.000000e+00
1.000000e+00
1.000000e+00
1.000000e+00
1.000000e+00
1.000000e+00
1.000000e+00
1.000000e+00
1.000000e+00
1.000000e+00
1.000000e+00
1.000000e+00
1.000000e+00
1.000000e+00
1.000000e+00
1.000000e+00
1.000000e+00
1.000000e+00
1.000000e+00
1.000000e+00
1.000000e+00
1.000000e+00
1.000000e+00
1.000000e+00
1.000000e+00
1.000000e+00
1.000000e+00
1.000000e+00
1.000000e+00
1.000000e+00
1.000000e+00
1.000000e+00
1.000000e+00
1.000000e+00
1.000000e+00
1.000000e+00
1.000000e+00
1.000000e+00
1.000000e+00
1.000000e+00
1.000000e+00
1.000000e+00
1.000000e+00
1.000000e+00
1.000000e+00
1.000000e+00
1.000000e+00
1.000000e+00
1.000000e+00
1.000000e+00
1.000000e+00
1.000000e+00
1.000000e+00
1.000000e+00
1.000000e+00
1.000000e+00
1.000000e+00
1.000000e+00
1.000000e+00
1.000000e+00
1.000000e+00
1.000000e+00
1.000000e+00
1.000000e+00
1.000000e+00
1.000000e+00
1.000000e+00
1.000000e+00
1.000000e+00
1.000000e+00
1.000000e+00
1.000000e+00
1.000000e+00
1.000000e+00
1.000000e+00
1.000000e+00
1.000000e+00
1.000000e+00
1.000000e+00
1.000000e+00
1.000000e+00
1.000000e+00
1.000000e+00
1.000000e+00
1.000000e+00
1.000000e+00
1.000000e+00
1.000000e+00
1.000000e+00
1.000000e+00
1.000000e+00
1.000000e+00
1.000000e+00
1.000000e+00
1.000000e+00
1.000000e+00
1.000000e+00
1.000000e+00
1.000000e+00
1.000000e+00
1.000000e+00
1.000000e+00
1.000000e+00
1.000000e+00
1.000000e+00
1.000000e+00
1.000000e+00
1.000000e+00
1.000000e+00
1.000000e+00
1.000000e+00
1.000000e+00
1.000000e+00
1.000000e+00
1.000000e+00
1.000000e+00
1.000000e+00
1.000000e+00
1.000000e+00
1.000000e+00
1.000000e+00
1.000000e+00
1.000000e+00
1.000000e+00
1.000000e+00
1.000000e+00
1.000000e+00
1.000000e+00
1.000000e+00
1.000000e+00
1.000000e+00
1.000000e+00
1.000000e+00
1.000000e+00
1.000000e+00
1.000000e+00
1.000000e+00
1.000000e+00
1.000000e+00
1.000000e+00
1.000000e+00
1.000000e+00
1.000000e+00
1.000000e+00
1.000000e+00
1.000000e+00
1.000000e+00
1.000000e+00
1.000000e+00
1.000000e+00
1.000000e+00
1.000000e+00
1.000000e+00
1.000000e+00
1.000000e+00
1.000000e+00
1.000000e+00
1.000000e+00
1.000000e+00
1.000000e+00
1.000000e+00
1.000000e+00
1.000000e+00
1.000000e+00
1.000000e+00
1.000000e+00
1.000000e+00
1.000000e+00
1.000000e+00
1.000000e+00
1.000000e+00
1.000000e+00
1.000000e+00
1.000000e+00
1.000000e+00
1.000000e+00
1.000000e+00
1.000000e+00
1.000000e+00
1.000000e+00
1.000000e+00
1.000000e+00
1.000000e+00
1.000000e+00
1.000000e+00
1.000000e+00
1.000000e+00
1.000000e+00
1.000000e+00
1.000000e+00
1.000000e+00
1.000000e+00
1.000000e+00
1.000000e+00
1.000000e+00
1.000000e+00
1.000000e+00
1.000000e+00
1.000000e+00
1.000000e+00
1.000000e+00
1.000000e+00
1.000000e+00
1.000000e+00
1.000000e+00
1.000000e+00
1.000000e+00
1.000000e+00
1.000000e+00
1.000000e+00
1.000000e+00
1.000000e+00
1.000000e+00
1.000000e+00
1.000000e+00
1.000000e+00
1.000000e+00
1.000000e+00
1.000000e+00
1.000000e+00
1.000000e+00
1.000000e+00
1.000000e+00
1.000000e+00
1.000000e+00
1.000000e+00
1.000000e+00
1.000000e+00
1.000000e+00
1.000000e+00
1.000000e+00
1.000000e+00
1.000000e+00
1.000000e+00
1.000000e+00
1.000000e+00
1.000000e+00
1.000000e+00
1.000000e+00
1.000000e+00
1.000000e+00
1.000000e+00
1.000000e+00
1.000000e+00
1.000000e+00
1.000000e+00
1.000000e+00
1.000000e+00
1.000000e+00
1.000000e+00
1.000000e+00
1.000000e+00
1.000000e+00
1.000000e+00
1.000000e+00
1.000000e+00
1.000000e+00
1.000000e+00
1.000000e+00
1.000000e+00
1.000000e+00
1.000000e+00
1.000000e+00
1.000000e+00
1.000000e+00
1.000000e+00
1.000000e+00
1.000000e+00
1.000000e+00
1.000000e+00
1.000000e+00
1.000000e+00
1.000000e+00
1.000000e+00
1.000000e+00
1.000000e+00
1.000000e+00
1.000000e+00
1.000000e+00
1.000000e+00
1.000000e+00
1.000000e+00
1.000000e+00
1.000000e+00
1.000000e+00
1.000000e+00
1.000000e+00
1.000000e+00
1.000000e+00
1.000000e+00
1.000000e+00
1.000000e+00
1.000000e+00
1.000000e+00
1.000000e+00
1.000000e+00
1.000000e+00
1.000000e+00
1.000000e+00
1.000000e+00
1.000000e+00
1.000000e+00
1.000000e+00
1.000000e+00
1.000000e+00
1.000000e+00
1.000000e+00
1.000000e+00
9.999999e-01
9.999999e-01
9.999998e-01
9.999997e-01
9.999995e-01
9.999992e-01
9.999987e-01
9.999978e-01
9.999964e-01
9.999940e-01
9.999901e-01
9.999837e-01
9.999731e-01
9.999557e-01
9.999270e-01
9.998797e-01
9.998016e-01
9.996729e-01
9.994609e-01
9.991114e-01
9.985358e-01
9.975883e-01
9.960300e-01
9.934713e-01
9.892814e-01
9.824501e-01
9.713908e-01
9.536909e-01
9.258759e-01
8.833970e-01
8.212736e-01
7.359454e-01
6.283162e-01
5.062497e-01
3.834335e-01
2.738850e-01
1.861838e-01
1.218529e-01
7.762946e-02
4.856815e-02
3.003199e-02
1.843314e-02
1.126195e-02
6.861119e-03
4.172744e-03
2.535059e-03
1.539126e-03
9.340930e-04
5.667644e-04
3.438366e-04
2.085757e-04
1.265179e-04
7.674085e-05
4.654705e-05
2.823276e-05
1.712420e-05
1.038644e-05
6.299702e-06
3.820991e-06
2.317534e-06
1.405673e-06
8.525699e-07
5.171233e-07
3.136392e-07
1.902431e-07
1.153782e-07
6.999000e-08
4.244250e-08
2.575094e-08
1.561135e-08
9.475952e-09
5.741058e-09
3.488436e-09
2.110261e-09
1.285515e-09
7.748033e-10
4.749078e-10
2.837189e-10
1.765342e-10
1.032343e-10
6.662626e-11
3.698947e-11
2.607192e-11
1.275213e-11
1.104861e-11
3.952172e-12
5.431988e-12
8.179568e-13
3.288370e-12
-2.434164e-13
2.432388e-12
-5.517808e-13
2.058909e-12
-5.918044e-13
1.870060e-12
-5.400125e-13
1.755873e-12
-4.611311e-13
1.674549e-12
-3.771983e-13
1.610101e-12
-2.963185e-13
1.556255e-12
-2.206013e-13
1.509848e-12
-1.504907e-13
1.468936e-12
-8.593126e-14
1.433353e-12
-2.625677e-14
1.401934e-12
2.953193e-14
1.374345e-12
8.115730e-14
1.350198e-12
1.293965e-13
1.328881e-12
1.745826e-13
1.310285e-12
2.171596e-13
1.293965e-12
2.569056e-13
1.279865e-12
2.945977e-13
1.267597e-12
3.300693e-13
1.256939e-12
3.639311e-13
1.248002e-12
3.955725e-13
1.240230e-12
4.261036e-13
1.234068e-12
4.551359e-13
1.228628e-12
4.828360e-13
1.224465e-12
5.093703e-13
1.221079e-12
5.350165e-13
1.218914e-12
5.593304e-13
1.217360e-12
5.833667e-13
1.216527e-12
6.060152e-13
1.216915e-12
6.287193e-13
1.217915e-12
6.504242e-13
1.219636e-12
6.716849e-13
1.222245e-12
6.925016e-13
1.225409e-12
7.130962e-13
1.228906e-12
7.329692e-13
1.233069e-12
7.527867e-13
1.238176e-12
7.721046e-13
1.243394e-12
7.913115e-13
1.249334e-12
8.101853e-13
1.255662e-12
8.286150e-13
1.262157e-12
8.466006e-13
1.268485e-12
8.638645e-13
1.275202e-12
8.805179e-13
1.281641e-12
8.970047e-13
1.288081e-12
9.128254e-13
1.294798e-12
9.281464e-13
1.301403e-12
9.428569e-13
1.308120e-12
9.575674e-13
1.314837e-12
9.715562e-13
1.321387e-12
9.854895e-13
1.327993e-12
9.987011e-13
1.334377e-12
1.011857e-12
1.341094e-12
1.024236e-12
1.347589e-12
1.036671e-12
1.354250e-12
1.048606e-12
1.360412e-12
1.059930e-12
1.366796e-12
1.071032e-12
1.372569e-12
1.081690e-12
1.378619e-12
1.091571e-12
1.383837e-12
1.101397e-12
1.389000e-12
1.110223e-12
1.394052e-12
1.119160e-12
1.398770e-12
1.127431e-12
1.403488e-12
1.135425e-12
1.408484e-12
1.143197e-12
1.412814e-12
1.150691e-12
1.416922e-12
1.157519e-12
1.420641e-12
1.164180e-12
1.424472e-12
1.170009e-12
1.427802e-12
1.175671e-12
1.430911e-12
1.181333e-12
1.434408e-12
1.186384e-12
1.437295e-12
1.190936e-12
1.439404e-12
1.194989e-12
1.441847e-12
1.198541e-12
1.443456e-12
1.202038e-12
1.445288e-12
1.205092e-12
1.446843e-12
1.207479e-12
1.448008e-12
1.209977e-12
1.449174e-12
1.211975e-12
1.450173e-12
1.213418e-12
1.450617e-12
1.214917e-12
1.450950e-12
1.215583e-12
1.451061e-12
1.216360e-12
1.451339e-12
1.216471e-12
1.450839e-12
1.216360e-12
1.450340e-12
1.215750e-12
1.449618e-12
