8.623102e-13
1.095790e-12
8.612555e-13
1.094125e-12
8.590906e-13
1.092570e-12
8.569256e-13
1.090683e-12
8.550938e-13
1.088907e-12
8.524292e-13
1.086686e-12
8.493206e-13
1.084466e-12
8.466006e-13
1.082301e-12
8.433809e-13
1.080414e-12
8.402168e-13
1.077805e-12
8.364420e-13
1.075251e-12
8.327228e-13
1.072198e-12
8.286705e-13
1.069755e-12
8.243961e-13
1.066869e-12
8.196221e-13
1.063927e-12
8.148482e-13
1.060707e-12
8.095746e-13
1.057154e-12
8.038570e-13
1.053324e-12
7.976952e-13
1.049549e-12
7.913115e-13
1.045330e-12
7.849277e-13
1.041445e-12
7.778778e-13
1.036726e-12
7.701062e-13
1.032285e-12
7.626677e-13
1.027289e-12
7.545076e-13
1.022571e-12
7.461254e-13
1.017242e-12
7.367995e-13
1.011968e-12
7.276957e-13
1.006029e-12
7.183143e-13
1.000589e-12
7.084888e-13
9.949264e-13
6.977752e-13
9.889867e-13
6.873391e-13
9.828249e-13
6.757928e-13
9.764412e-13
6.645240e-13
9.696688e-13
6.520340e-13
9.631740e-13
6.395440e-13
9.563461e-13
6.271095e-13
9.499068e-13
6.142864e-13
9.432455e-13
6.005196e-13
9.368062e-13
5.873080e-13
9.302559e-13
5.732081e-13
9.239831e-13
5.590528e-13
9.174883e-13
5.438427e-13
9.111600e-13
5.290213e-13
9.044432e-13
5.134781e-13
8.983925e-13
4.978795e-13
8.923418e-13
4.809486e-13
8.862910e-13
4.645173e-13
8.804624e-13
4.470313e-13
8.744117e-13
4.294898e-13
8.689716e-13
4.110601e-13
8.637535e-13
3.925749e-13
8.587575e-13
3.738121e-13
8.547052e-13
3.547718e-13
8.510415e-13
3.347322e-13
8.478773e-13
3.155254e-13
8.453238e-13
2.950973e-13
8.436585e-13
2.747802e-13
8.427148e-13
2.534639e-13
8.427703e-13
2.322031e-13
8.432144e-13
2.102762e-13
8.450463e-13
1.877387e-13
8.477663e-13
1.643130e-13
8.514300e-13
1.404432e-13
8.560930e-13
1.150746e-13
8.617551e-13
8.920642e-14
8.685830e-13
6.195044e-14
8.771872e-13
3.369527e-14
8.871792e-13
4.385381e-15
8.990031e-13
-2.642331e-14
9.123813e-13
-5.923040e-14
9.280354e-13
-9.298118e-14
9.459655e-13
-1.290079e-13
9.667822e-13
-1.667555e-13
9.898748e-13
-2.075007e-13
1.015965e-12
-2.503553e-13
1.045497e-12
-2.964295e-13
1.079192e-12
-3.454459e-13
1.117273e-12
-3.989586e-13
1.159683e-12
-4.564127e-13
1.207534e-12
-5.192513e-13
1.261546e-12
-5.871970e-13
1.322942e-12
-6.605827e-13
1.395106e-12
-7.367440e-13
1.483869e-12
-8.081869e-13
1.606271e-12
-8.516521e-13
1.802725e-12
-8.040235e-13
2.184419e-12
-4.871659e-13
3.048450e-12
5.822565e-13
5.200618e-12
3.724909e-12
1.082545e-11
1.253281e-11
2.585709e-11
3.677902e-11
6.642009e-11
1.030325e-10
1.763367e-10
2.835261e-10
4.747191e-10
7.746190e-10
1.285336e-09
2.110086e-09
3.488265e-09
5.740892e-09
9.475791e-09
1.561119e-08
2.575078e-08
4.244235e-08
6.998985e-08
1.153781e-07
1.902429e-07
3.136391e-07
5.171231e-07
8.525698e-07
1.405673e-06
2.317534e-06
3.820991e-06
6.299702e-06
1.038644e-05
1.712420e-05
2.823276e-05
4.654705e-05
7.674085e-05
1.265179e-04
2.085757e-04
3.438366e-04
5.667644e-04
9.340930e-04
1.539126e-03
2.535059e-03
4.172744e-03
6.861119e-03
1.126195e-02
1.843314e-02
3.003199e-02
4.856815e-02
7.762946e-02
1.218529e-01
1.861838e-01
2.738850e-01
3.834335e-01
5.062497e-01
6.283162e-01
7.359454e-01
8.212736e-01
8.833970e-01
9.258759e-01
9.536909e-01
9.713908e-01
9.824501e-01
9.892814e-01
9.934713e-01
9.960300e-01
9.975883e-01
9.985358e-01
9.991114e-01
9.994609e-01
9.996729e-01
9.998016e-01
9.998797e-01
9.999270e-01
9.999557e-01
9.999731e-01
9.999837e-01
9.999901e-01
9.999940e-01
9.999964e-01
9.999978e-01
9.999987e-01
9.999992e-01
9.999995e-01
9.999997e-01
9.999998e-01
9.999999e-01
9.999999e-01
1.000000e+00
1.000000e+00
1.000000e+00
1.000000e+00
1.000000e+00
1.000000e+00
1.000000e+00
1.000000e+00
1.000000e+00
1.000000e+00
1.000000e+00
1.000000e+00
1.000000e+00
1.000000e+00
1.000000e+00
1.000000e+00
1.000000e+00
1.000000e+00
1.000000e+00
1.000000e+00
1.000000e+00
1.000000e+00
1.000000e+00
1.000000e+00
1.000000e+00
1.000000e+00
1.000000e+00
1.000000e+00
1.000000e+00
1.000000e+00
1.000000e+00
1.000000e+00
1.000000e+00
1.000000e+00
1.000000e+00
1.000000e+00
1.000000e+00
1.000000e+00
1.000000e+00
1.000000e+00
1.000000e+00
1.000000e+00
1.000000e+00
1.000000e+00
1.000000e+00
1.000000e+00
1.000000e+00
1.000000e+00
1.000000e+00
1.000000e+00
1.000000e+00
1.000000e+00
1.000000e+00
1.000000e+00
1.000000e+00
1.000000e+00
1.000000e+00
1.000000e+00
1.000000e+00
1.000000e+00
1.000000e+00
1.000000e+00
1.000000e+00
1.000000e+00
1.000000e+00
1.000000e+00
1.000000e+00
1.000000e+00
1.000000e+00
1.000000e+00
1.000000e+00
1.000000e+00
1.000000e+00
1.000000e+00
1.000000e+00
1.000000e+00
1.000000e+00
1.000000e+00
1.000000e+00
1.000000e+00
1.000000e+00
1.000000e+00
1.000000e+00
1.000000e+00
1.000000e+00
1.000000e+00
1.000000e+00
1.000000e+00
1.000000e+00
1.000000e+00
1.000000e+00
1.000000e+00
1.000000e+00
1.000000e+00
1.000000e+00
1.000000e+00
1.000000e+00
1.000000e+00
1.000000e+00
1.000000e+00
1.000000e+00
1.000000e+00
1.000000e+00
1.000000e+00
1.000000e+00
1.000000e+00
1.000000e+00
1.000000e+00
1.000000e+00
1.000000e+00
1.000000e+00
1.000000e+00
1.000000e+00
1.000000e+00
1.000000e+00
1.000000e+00
1.000000e+00
1.000000e+00
1.000000e+00
1.000000e+00
1.000000e+00
1.000000e+00
1.000000e+00
1.000000e+00
1.000000e+00
1.000000e+00
1.000000e+00
1.000000e+00
1.000000e+00
1.000000e+00
1.000000e+00
1.000000e+00
1.000000e+00
1.000000e+00
1.000000e+00
1.000000e+00
1.000000e+00
1.000000e+00
1.000000e+00
1.000000e+00
1.000000e+00
1.000000e+00
1.000000e+00
1.000000e+00
1.000000e+00
1.000000e+00
1.000000e+00
1.000000e+00
1.000000e+00
1.000000e+00
1.000000e+00
1.000000e+00
1.000000e+00
1.000000e+00
1.000000e+00
1.000000e+00
1.000000e+00
1.000000e+00
1.000000e+00
1.000000e+00
1.000000e+00
1.000000e+00
1.000000e+00
1.000000e+00
1.000000e+00
1.000000e+00
1.000000e+00
1.000000e+00
1.000000e+00
1.000000e+00
1.000000e+00
1.000000e+00
1.000000e+00
1.000000e+00
1.000000e+00
1.000000e+00
1.000000e+00
1.000000e+00
1.000000e+00
1.000000e+00
1.000000e+00
1.000000e+00
1.000000e+00
1.000000e+00
1.000000e+00
1.000000e+00
1.000000e+00
1.000000e+00
1.000000e+00
1.000000e+00
1.000000e+00
1.000000e+00
1.000000e+00
1.000000e+00
1.000000e+00
1.000000e+00
1.000000e+00
1.000000e+00
1.000000e+00
1.000000e+00
1.000000e+00
1.000000e+00
1.000000e+00
1.000000e+00
1.000000e+00
1.000000e+00
1.000000e+00
1.000000e+00
1.000000e+00
1.000000e+00
1.000000e+00
1.000000e+00
1.000000e+00
1.000000e+00
1.000000e+00
1.000000e+00
1.000000e+00
1.000000e+00
1.000000e+00
1.000000e+00
1.000000e+00
1.000000e+00
1.000000e+00
1.000000e+00
1.000000e+00
1.000000e+00
1.000000e+00
1.000000e+00
1.000000e+00
1.000000e+00
1.000000e+00
1.000000e+00
1.000000e+00
1.000000e+00
1.000000e+00
1.000000e+00
1.000000e+00
1.000000e+00
1.000000e+00
1.000000e+00
1.000000e+00
1.000000e+00
1.000000e+00
1.000000e+00
1.000000e+00
1.000000e+00
1.000000e+00
1.000000e+00
1.000000e+00
1.000000e+00
1.000000e+00
1.000000e+00
1.000000e+00
1.000000e+00
1.000000e+00
1.000000e+00
1.000000e+00
1.000000e+00
1.000000e+00
1.000000e+00
1.000000e+00
1.000000e+00
1.000000e+00
1.000000e+00
1.000000e+00
1.000000e+00
1.000000e+00
1.000000e+00
1.000000e+00
1.000000e+00
1.000000e+00
1.000000e+00
1.000000e+00
1.000000e+00
1.000000e+00
1.000000e+00
1.000000e+00
1.000000e+00
1.000000e+00
1.000000e+00
1.000000e+00
1.000000e+00
1.000000e+00
1.000000e+00
1.000000e+00
1.000000e+00
1.000000e+00
1.000000e+00
1.000000e+00
1.000000e+00
1.000000e+00
1.000000e+00
1.000000e+00
1.000000e+00
1.000000e+00
1.000000e+00
1.000000e+00
1.000000e+00
1.000000e+00
1.000000e+00
1.000000e+00
1.000000e+00
1.000000e+00
1.000000e+00
1.000000e+00
1.000000e+00
1.000000e+00
1.000000e+00
1.000000e+00
1.000000e+00
1.000000e+00
1.000000e+00
1.000000e+00
1.000000e+00
1.000000e+00
1.000000e+00
1.000000e+00
1.000000e+00
1.000000e+00
1.000000e+00
1.000000e+00
1.000000e+00
1.000000e+00
1.000000e+00
1.000000e+00
1.000000e+00
1.000000e+00
1.000000e+00
1.000000e+00
1.000000e+00
1.000000e+00
1.000000e+00
1.000000e+00
1.000000e+00
1.000000e+00
1.000000e+00
1.000000e+00
1.000000e+00
1.000000e+00
1.000000e+00
1.000000e+00
1.000000e+00
1.000000e+00
1.000000e+00
1.000000e+00
1.000000e+00
1.000000e+00
1.000000e+00
1.000000e+00
1.000000e+00
1.000000e+00
1.000000e+00
1.000000e+00
1.000000e+00
1.000000e+00
1.000000e+00
1.000000e+00
1.000000e+00
1.000000e+00
1.000000e+00
1.000000e+00
1.000000e+00
1.000000e+00
1.000000e+00
1.000000e+00
1.000000e+00
1.000000e+00
1.000000e+00
1.000000e+00
1.000000e+00
1.000000e+00
1.000000e+00
1.000000e+00
1.000000e+00
1.000000e+00
1.000000e+00
1.000000e+00
1.000000e+00
1.000000e+00
1.000000e+00
1.000000e+00
1.000000e+00
1.000000e+00
1.000000e+00
1.000000e+00
1.000000e+00
1.000000e+00
1.000000e+00
1.000000e+00
1.000000e+00
1.000000e+00
1.000000e+00
1.000000e+00
1.000000e+00
1.000000e+00
1.000000e+00
1.000000e+00
1.000000e+00
1.000000e+00
1.000000e+00
1.000000e+00
1.000000e+00
1.000000e+00
1.000000e+00
1.000000e+00
1.000000e+00
1.000000e+00
1.000000e+00
1.000000e+00
1.000000e+00
1.000000e+00
1.000000e+00
1.000000e+00
1.000000e+00
1.000000e+00
1.000000e+00
1.000000e+00
1.000000e+00
1.000000e+00
1.000000e+00
1.000000e+00
1.000000e+00
1.000000e+00
1.000000e+00
1.000000e+00
1.000000e+00
1.000000e+00
1.000000e+00
1.000000e+00
1.000000e+00
1.000000e+00
1.000000e+00
1.000000e+00
1.000000e+00
1.000000e+00
1.000000e+00
1.000000e+00
1.000000e+00
1.000000e+00
1.000000e+00
1.000000e+00
1.000000e+00
1.000000e+00
1.000000e+00
1.000000e+00
1.000000e+00
1.000000e+00
1.000000e+00
1.000000e+00
1.000000e+00
1.000000e+00
1.000000e+00
1.000000e+00
1.000000e+00
1.000000e+00
1.000000e+00
1.000000e+00
1.000000e+00
1.000000e+00
1.000000e+00
1.000000e+00
1.000000e+00
1.000000e+00
1.000000e+00
1.000000e+00
1.000000e+00
1.000000e+00
1.000000e+00
1.000000e+00
1.000000e+00
1.000000e+00
1.000000e+00
1.000000e+00
1.000000e+00
1.000000e+00
1.000000e+00
1.000000e+00
1.000000e+00
1.000000e+00
1.000000e+00
1.000000e+00
1.000000e+00
1.000000e+00
1.000000e+00
1.000000e+00
1.000000e+00
1.000000e+00
1.000000e+00
1.000000e+00
1.000000e+00
1.000000e+00
1.000000e+00
1.000000e+00
1.000000e+00
1.000000e+00
1.000000e+00
1.000000e+00
9.999999e-01
9.999999e-01
9.999998e-01
9.999997e-01
9.999995e-01
9.999992e-01
9.999987e-01
9.999978e-01
9.999964e-01
9.999940e-01
9.999901e-01
9.999837e-01
9.999731e-01
9.999557e-01
9.999270e-01
9.998797e-01
9.998016e-01
9.996729e-01
9.994609e-01
9.991114e-01
9.985358e-01
9.975883e-01
9.960300e-01
9.934713e-01
9.892814e-01
9.824501e-01
9.713908e-01
9.536909e-01
9.258759e-01
8.833970e-01
8.212736e-01
7.359454e-01
6.283162e-01
5.062497e-01
3.834335e-01
2.738850e-01
1.861838e-01
1.218529e-01
7.762946e-02
4.856815e-02
3.003199e-02
1.843314e-02
1.126195e-02
6.861119e-03
4.172744e-03
2.535059e-03
1.539126e-03
9.340930e-04
5.667644e-04
3.438366e-04
2.085757e-04
1.265179e-04
7.674085e-05
4.654705e-05
2.823276e-05
1.712420e-05
1.038644e-05
6.299702e-06
3.820991e-06
2.317534e-06
1.405673e-06
8.525698e-07
5.171232e-07
3.136391e-07
1.902430e-07
1.153781e-07
6.998988e-08
4.244238e-08
2.575082e-08
1.561123e-08
9.475824e-09
5.740927e-09
3.488302e-09
2.110124e-09
1.285374e-09
7.746593e-10
4.747607e-10
2.835688e-10
1.763808e-10
1.030780e-10
6.646683e-11
3.682732e-11
2.590650e-11
1.258327e-11
1.087697e-11
3.777534e-12
5.254241e-12
6.369905e-13
3.104295e-12
-4.304335e-13
2.241984e-12
-7.452927e-13
1.862344e-12
-7.913115e-13
1.667333e-12
-7.457923e-13
1.547096e-12
-6.724621e-13
1.459832e-12
-5.951351e-13
1.389389e-12
-5.201395e-13
1.329437e-12
-4.506395e-13
1.276701e-12
-3.863576e-13
1.230127e-12
-3.278489e-13
1.188660e-12
-2.738920e-13
1.151357e-12
-2.240430e-13
1.118161e-12
-1.778022e-13
1.088296e-12
-1.356693e-13
1.061429e-12
-9.581225e-14
1.036948e-12
-5.928591e-14
1.015021e-12
-2.475797e-14
9.952594e-13
6.994405e-15
9.776069e-13
3.724798e-14
9.614531e-13
6.583623e-14
9.474088e-13
9.287016e-14
9.346968e-13
1.182388e-13
9.234835e-13
1.423861e-13
9.133805e-13
1.648681e-13
9.039991e-13
1.869060e-13
8.957834e-13
2.074452e-13
8.890666e-13
2.274292e-13
8.833489e-13
2.470801e-13
8.785750e-13
2.660649e-13
8.747447e-13
2.843281e-13
8.718026e-13
3.023137e-13
8.698042e-13
3.197997e-13
8.689161e-13
3.374523e-13
8.683609e-13
3.542722e-13
8.688050e-13
3.713696e-13
8.700263e-13
3.883560e-13
8.723577e-13
4.052314e-13
8.752443e-13
4.216627e-13
8.786305e-13
4.383161e-13
8.824608e-13
4.543033e-13
8.867906e-13
4.702905e-13
8.910650e-13
4.855005e-13
8.958945e-13
5.005441e-13
9.008905e-13
5.156431e-13
9.064971e-13
5.303535e-13
9.117707e-13
5.443979e-13
9.177104e-13
5.586642e-13
9.232615e-13
5.723200e-13
9.293677e-13
5.859757e-13
9.351964e-13
5.987988e-13
9.415246e-13
6.118994e-13
9.475754e-13
6.249445e-13
9.541812e-13
6.375456e-13
9.606760e-13
6.494805e-13
9.671153e-13
6.617484e-13
9.737766e-13
6.730727e-13
9.801604e-13
6.850076e-13
9.864332e-13
6.957768e-13
9.929835e-13
7.064349e-13
9.990342e-13
7.171486e-13
1.005418e-12
7.274736e-13
1.011469e-12
7.369105e-13
1.017630e-12
7.469025e-13
1.023459e-12
7.560064e-13
1.029288e-12
7.647771e-13
1.034561e-12
7.729373e-13
1.039890e-12
7.810974e-13
1.044664e-12
7.888135e-13
1.050049e-12
7.968626e-13
1.055100e-12
8.034684e-13
1.059874e-12
8.107404e-13
1.064593e-12
8.170686e-13
1.068701e-12
8.234524e-13
1.072697e-12
8.288925e-13
1.076694e-12
8.343326e-13
1.080136e-12
8.395507e-13
1.083689e-12
8.439915e-13
1.086575e-12
8.475443e-13
1.089184e-12
8.515411e-13
1.091238e-12
8.544832e-13
1.093348e-12
8.573142e-13
1.094902e-12
8.592016e-13
1.096234e-12
8.610890e-13
1.096845e-12
8.624212e-13
1.097566e-12
8.633094e-13
1.097844e-12
8.635870e-13
1.097511e-12
8.634204e-13
1.097067e-12
