1.047440e-12
1.280753e-12
1.046441e-12
1.279699e-12
1.044664e-12
1.278255e-12
1.042999e-12
1.276423e-12
1.040723e-12
1.274758e-12
1.038114e-12
1.272260e-12
1.035172e-12
1.270095e-12
1.032230e-12
1.267764e-12
1.028844e-12
1.265543e-12
1.025513e-12
1.263101e-12
1.021960e-12
1.260381e-12
1.018130e-12
1.257661e-12
1.013578e-12
1.254719e-12
1.008860e-12
1.251388e-12
1.003864e-12
1.248224e-12
9.990342e-13
1.244782e-12
9.936496e-13
1.241229e-12
9.881540e-13
1.237621e-12
9.818812e-13
1.233569e-12
9.753864e-13
1.229405e-12
9.687251e-13
1.225020e-12
9.612311e-13
1.219969e-12
9.534595e-13
1.215139e-12
9.452439e-13
1.209699e-12
9.366952e-13
1.204759e-12
9.280909e-13
1.199096e-12
9.189316e-13
1.193545e-12
9.093837e-13
1.187495e-12
8.990586e-13
1.181222e-12
8.886225e-13
1.174782e-12
8.777978e-13
1.168454e-12
8.665846e-13
1.162015e-12
8.549828e-13
1.155132e-12
8.430479e-13
1.148082e-12
8.301138e-13
1.141143e-12
8.172352e-13
1.133205e-12
8.038015e-13
1.125988e-12
7.895351e-13
1.118050e-12
7.749357e-13
1.110334e-12
7.601697e-13
1.102507e-12
7.449041e-13
1.095180e-12
7.295275e-13
1.087463e-12
7.135958e-13
1.079747e-12
6.973311e-13
1.072198e-12
6.803447e-13
1.064260e-12
6.625256e-13
1.056488e-12
6.444290e-13
1.048883e-12
6.262768e-13
1.041334e-12
6.074030e-13
1.034062e-12
5.882517e-13
1.027012e-12
5.683232e-13
1.020073e-12
5.480616e-13
1.013190e-12
5.273559e-13
1.007472e-12
5.061507e-13
1.001421e-12
4.848899e-13
9.965362e-13
4.632961e-13
9.923173e-13
4.412026e-13
9.887091e-13
4.189982e-13
9.861556e-13
3.961276e-13
9.840462e-13
3.728129e-13
9.827139e-13
3.484990e-13
9.821588e-13
3.236855e-13
9.826029e-13
2.982059e-13
9.839907e-13
2.720602e-13
9.864332e-13
2.446932e-13
9.899859e-13
2.165490e-13
9.947598e-13
1.868505e-13
1.000811e-12
1.563749e-13
1.008360e-12
1.244005e-13
1.017630e-12
9.092727e-14
1.028622e-12
5.584422e-14
1.041611e-12
1.931788e-14
1.056766e-12
-1.948441e-14
1.074807e-12
-5.989653e-14
1.095624e-12
-1.028067e-13
1.119271e-12
-1.483258e-13
1.146139e-12
-1.974532e-13
1.176836e-12
-2.495781e-13
1.211919e-12
-3.055334e-13
1.251887e-12
-3.656520e-13
1.296963e-12
-4.308776e-13
1.348532e-12
-5.012102e-13
1.407818e-12
-5.770939e-13
1.477207e-12
-6.559198e-13
1.563527e-12
-7.297496e-13
1.683043e-12
-7.764345e-13
1.876721e-12
-7.313039e-13
2.255585e-12
-4.174439e-13
3.116840e-12
6.493694e-13
5.266343e-12
3.789247e-12
1.088873e-11
1.259493e-11
2.591782e-11
3.683842e-11
6.647793e-11
1.030890e-10
1.763918e-10
2.835798e-10
4.747714e-10
7.746702e-10
1.285385e-09
2.110135e-09
3.488313e-09
5.740938e-09
9.475836e-09
1.561124e-08
2.575083e-08
4.244239e-08
6.998989e-08
1.153781e-07
1.902430e-07
3.136392e-07
5.171232e-07
8.525698e-07
1.405673e-06
2.317534e-06
3.820991e-06
6.299702e-06
1.038644e-05
1.712420e-05
2.823276e-05
4.654705e-05
7.674085e-05
1.265179e-04
2.085757e-04
3.438366e-04
5.667644e-04
9.340930e-04
1.539126e-03
2.535059e-03
4.172744e-03
6.861119e-03
1.126195e-02
1.843314e-02
3.003199e-02
4.856815e-02
7.762946e-02
1.218529e-01
1.861838e-01
2.738850e-01
3.834335e-01
5.062497e-01
6.283162e-01
7.359454e-01
8.212736e-01
8.833970e-01
9.258759e-01
9.536909e-01
9.713908e-01
9.824501e-01
9.892814e-01
9.934713e-01
9.960300e-01
9.975883e-01
9.985358e-01
9.991114e-01
9.994609e-01
9.996729e-01
9.998016e-01
9.998797e-01
9.999270e-01
9.999557e-01
9.999731e-01
9.999837e-01
9.999901e-01
9.999940e-01
9.999964e-01
9.999978e-01
9.999987e-01
9.999992e-01
9.999995e-01
9.999997e-01
9.999998e-01
9.999999e-01
9.999999e-01
1.000000e+00
1.000000e+00
1.000000e+00
1.000000e+00
1.000000e+00
1.000000e+00
1.000000e+00
1.000000e+00
1.000000e+00
1.000000e+00
1.000000e+00
1.000000e+00
1.000000e+00
1.000000e+00
1.000000e+00
1.000000e+00
1.000000e+00
1.000000e+00
1.000000e+00
1.000000e+00
1.000000e+00
1.000000e+00
1.000000e+00
1.000000e+00
1.000000e+00
1.000000e+00
1.000000e+00
1.000000e+00
1.000000e+00
1.000000e+00
1.000000e+00
1.000000e+00
1.000000e+00
1.000000e+00
1.000000e+00
1.000000e+00
1.000000e+00
1.000000e+00
1.000000e+00
1.000000e+00
1.000000e+00
1.000000e+00
1.000000e+00
1.000000e+00
1.000000e+00
1.000000e+00
1.000000e+00
1.000000e+00
1.000000e+00
1.000000e+00
1.000000e+00
1.000000e+00
1.000000e+00
1.000000e+00
1.000000e+00
1.000000e+00
1.000000e+00
1.000000e+00
1.000000e+00
1.000000e+00
1.000000e+00
1.000000e+00
1.000000e+00
1.000000e+00
1.000000e+00
1.000000e+00
1.000000e+00
1.000000e+00
1.000000e+00
1.000000e+00
1.000000e+00
1.000000e+00
1.000000e+00
1.000000e+00
1.000000e+00
1.000000e+00
1.000000e+00
1.000000e+00
1.000000e+00
1.000000e+00
1.000000e+00
1.000000e+00
1.000000e+00
1.000000e+00
1.000000e+00
1.000000e+00
1.000000e+00
1.000000e+00
1.000000e+00
1.000000e+00
1.000000e+00
1.000000e+00
1.000000e+00
1.000000e+00
1.000000e+00
1.000000e+00
1.000000e+00
1.000000e+00
1.000000e+00
1.000000e+00
1.000000e+00
1.000000e+00
1.000000e+00
1.000000e+00
1.000000e+00
1.000000e+00
1.000000e+00
1.000000e+00
1.000000e+00
1.000000e+00
1.000000e+00
1.000000e+00
1.000000e+00
1.000000e+00
1.000000e+00
1.000000e+00
1.000000e+00
1.000000e+00
1.000000e+00
1.000000e+00
1.000000e+00
1.000000e+00
1.000000e+00
1.000000e+00
1.000000e+00
1.000000e+00
1.000000e+00
1.000000e+00
1.000000e+00
1.000000e+00
1.000000e+00
1.000000e+00
1.000000e+00
1.000000e+00
1.000000e+00
1.000000e+00
1.000000e+00
1.000000e+00
1.000000e+00
1.000000e+00
1.000000e+00
1.000000e+00
1.000000e+00
1.000000e+00
1.000000e+00
1.000000e+00
1.000000e+00
1.000000e+00
1.000000e+00
1.000000e+00
1.000000e+00
1.000000e+00
1.000000e+00
1.000000e+00
1.000000e+00
1.000000e+00
1.000000e+00
1.000000e+00
1.000000e+00
1.000000e+00
1.000000e+00
1.000000e+00
1.000000e+00
1.000000e+00
1.000000e+00
1.000000e+00
1.000000e+00
1.000000e+00
1.000000e+00
1.000000e+00
1.000000e+00
1.000000e+00
1.000000e+00
1.000000e+00
1.000000e+00
1.000000e+00
1.000000e+00
1.000000e+00
1.000000e+00
1.000000e+00
1.000000e+00
1.000000e+00
1.000000e+00
1.000000e+00
1.000000e+00
1.000000e+00
1.000000e+00
1.000000e+00
1.000000e+00
1.000000e+00
1.000000e+00
1.000000e+00
1.000000e+00
1.000000e+00
1.000000e+00
1.000000e+00
1.000000e+00
1.000000e+00
1.000000e+00
1.000000e+00
1.000000e+00
1.000000e+00
1.000000e+00
1.000000e+00
1.000000e+00
1.000000e+00
1.000000e+00
1.000000e+00
1.000000e+00
1.000000e+00
1.000000e+00
1.000000e+00
1.000000e+00
1.000000e+00
1.000000e+00
1.000000e+00
1.000000e+00
1.000000e+00
1.000000e+00
1.000000e+00
1.000000e+00
1.000000e+00
1.000000e+00
1.000000e+00
1.000000e+00
1.000000e+00
1.000000e+00
1.000000e+00
1.000000e+00
1.000000e+00
1.000000e+00
1.000000e+00
1.000000e+00
1.000000e+00
1.000000e+00
1.000000e+00
1.000000e+00
1.000000e+00
1.000000e+00
1.000000e+00
1.000000e+00
1.000000e+00
1.000000e+00
1.000000e+00
1.000000e+00
1.000000e+00
1.000000e+00
1.000000e+00
1.000000e+00
1.000000e+00
1.000000e+00
1.000000e+00
1.000000e+00
1.000000e+00
1.000000e+00
1.000000e+00
1.000000e+00
1.000000e+00
1.000000e+00
1.000000e+00
1.000000e+00
1.000000e+00
1.000000e+00
1.000000e+00
1.000000e+00
1.000000e+00
1.000000e+00
1.000000e+00
1.000000e+00
1.000000e+00
1.000000e+00
1.000000e+00
1.000000e+00
1.000000e+00
1.000000e+00
1.000000e+00
1.000000e+00
1.000000e+00
1.000000e+00
1.000000e+00
1.000000e+00
1.000000e+00
1.000000e+00
1.000000e+00
1.000000e+00
1.000000e+00
1.000000e+00
1.000000e+00
1.000000e+00
1.000000e+00
1.000000e+00
1.000000e+00
1.000000e+00
1.000000e+00
1.000000e+00
1.000000e+00
1.000000e+00
1.000000e+00
1.000000e+00
1.000000e+00
1.000000e+00
1.000000e+00
1.000000e+00
1.000000e+00
1.000000e+00
1.000000e+00
1.000000e+00
1.000000e+00
1.000000e+00
1.000000e+00
1.000000e+00
1.000000e+00
1.000000e+00
1.000000e+00
1.000000e+00
1.000000e+00
1.000000e+00
1.000000e+00
1.000000e+00
1.000000e+00
1.000000e+00
1.000000e+00
1.000000e+00
1.000000e+00
1.000000e+00
1.000000e+00
1.000000e+00
1.000000e+00
1.000000e+00
1.000000e+00
1.000000e+00
1.000000e+00
1.000000e+00
1.000000e+00
1.000000e+00
1.000000e+00
1.000000e+00
1.000000e+00
1.000000e+00
1.000000e+00
1.000000e+00
1.000000e+00
1.000000e+00
1.000000e+00
1.000000e+00
1.000000e+00
1.000000e+00
1.000000e+00
1.000000e+00
1.000000e+00
1.000000e+00
1.000000e+00
1.000000e+00
1.000000e+00
1.000000e+00
1.000000e+00
1.000000e+00
1.000000e+00
1.000000e+00
1.000000e+00
1.000000e+00
1.000000e+00
1.000000e+00
1.000000e+00
1.000000e+00
1.000000e+00
1.000000e+00
1.000000e+00
1.000000e+00
1.000000e+00
1.000000e+00
1.000000e+00
1.000000e+00
1.000000e+00
1.000000e+00
1.000000e+00
1.000000e+00
1.000000e+00
1.000000e+00
1.000000e+00
1.000000e+00
1.000000e+00
1.000000e+00
1.000000e+00
1.000000e+00
1.000000e+00
1.000000e+00
1.000000e+00
1.000000e+00
1.000000e+00
1.000000e+00
1.000000e+00
1.000000e+00
1.000000e+00
1.000000e+00
1.000000e+00
1.000000e+00
1.000000e+00
1.000000e+00
1.000000e+00
1.000000e+00
1.000000e+00
1.000000e+00
1.000000e+00
1.000000e+00
1.000000e+00
1.000000e+00
1.000000e+00
1.000000e+00
1.000000e+00
1.000000e+00
1.000000e+00
1.000000e+00
1.000000e+00
1.000000e+00
1.000000e+00
1.000000e+00
1.000000e+00
1.000000e+00
1.000000e+00
1.000000e+00
1.000000e+00
1.000000e+00
1.000000e+00
1.000000e+00
1.000000e+00
1.000000e+00
1.000000e+00
1.000000e+00
1.000000e+00
1.000000e+00
1.000000e+00
1.000000e+00
1.000000e+00
1.000000e+00
1.000000e+00
1.000000e+00
1.000000e+00
1.000000e+00
1.000000e+00
1.000000e+00
1.000000e+00
1.000000e+00
1.000000e+00
1.000000e+00
1.000000e+00
1.000000e+00
1.000000e+00
1.000000e+00
1.000000e+00
1.000000e+00
1.000000e+00
1.000000e+00
1.000000e+00
1.000000e+00
1.000000e+00
1.000000e+00
1.000000e+00
1.000000e+00
1.000000e+00
1.000000e+00
1.000000e+00
1.000000e+00
1.000000e+00
1.000000e+00
1.000000e+00
1.000000e+00
1.000000e+00
1.000000e+00
1.000000e+00
1.000000e+00
1.000000e+00
1.000000e+00
1.000000e+00
1.000000e+00
1.000000e+00
1.000000e+00
1.000000e+00
1.000000e+00
1.000000e+00
1.000000e+00
1.000000e+00
1.000000e+00
1.000000e+00
1.000000e+00
1.000000e+00
1.000000e+00
1.000000e+00
1.000000e+00
1.000000e+00
1.000000e+00
1.000000e+00
1.000000e+00
1.000000e+00
1.000000e+00
1.000000e+00
1.000000e+00
9.999999e-01
9.999999e-01
9.999998e-01
9.999997e-01
9.999995e-01
9.999992e-01
9.999987e-01
9.999978e-01
9.999964e-01
9.999940e-01
9.999901e-01
9.999837e-01
9.999731e-01
9.999557e-01
9.999270e-01
9.998797e-01
9.998016e-01
9.996729e-01
9.994609e-01
9.991114e-01
9.985358e-01
9.975883e-01
9.960300e-01
9.934713e-01
9.892814e-01
9.824501e-01
9.713908e-01
9.536909e-01
9.258759e-01
8.833970e-01
8.212736e-01
7.359454e-01
6.283162e-01
5.062497e-01
3.834335e-01
2.738850e-01
1.861838e-01
1.218529e-01
7.762946e-02
4.856815e-02
3.003199e-02
1.843314e-02
1.126195e-02
6.861119e-03
4.172744e-03
2.535059e-03
1.539126e-03
9.340930e-04
5.667644e-04
3.438366e-04
2.085757e-04
1.265179e-04
7.674085e-05
4.654705e-05
2.823276e-05
1.712420e-05
1.038644e-05
6.299702e-06
3.820991e-06
2.317534e-06
1.405673e-06
8.525698e-07
5.171232e-07
3.136392e-07
1.902430e-07
1.153781e-07
6.998992e-08
4.244242e-08
2.575086e-08
1.561127e-08
9.475871e-09
5.740975e-09
3.488351e-09
2.110174e-09
1.285426e-09
7.747125e-10
4.748154e-10
2.836250e-10
1.764381e-10
1.031369e-10
6.652690e-11
3.688849e-11
2.596884e-11
1.264733e-11
1.094191e-11
3.843703e-12
5.321577e-12
7.057688e-13
3.174461e-12
-3.591016e-13
2.314759e-12
-6.710188e-13
1.937617e-12
-7.143730e-13
1.745659e-12
-6.663559e-13
1.627809e-12
-5.908607e-13
1.543043e-12
-5.107026e-13
1.475209e-12
-4.331535e-13
1.417644e-12
-3.609335e-13
1.367906e-12
-2.942091e-13
1.323996e-12
-2.328138e-13
1.284972e-12
-1.760259e-13
1.250333e-12
-1.236233e-13
1.219913e-12
-7.499557e-14
1.192380e-12
-2.969847e-14
1.168066e-12
1.226796e-14
1.146305e-12
5.162537e-14
1.127154e-12
8.881784e-14
1.110334e-12
1.235123e-13
1.095235e-12
1.563194e-13
1.081857e-12
1.872391e-13
1.070144e-12
2.165490e-13
1.059763e-12
2.444711e-13
1.050826e-12
2.710054e-13
1.042888e-12
2.959855e-13
1.036060e-12
3.200773e-13
1.030454e-12
3.429479e-13
1.025902e-12
3.655964e-13
1.022127e-12
3.871903e-13
1.019740e-12
4.081735e-13
1.017852e-12
4.284351e-13
1.016964e-12
4.486411e-13
1.016853e-12
4.679590e-13
1.017797e-12
4.873324e-13
1.019518e-12
5.063172e-13
1.021738e-12
5.253020e-13
1.024902e-12
5.435652e-13
1.028566e-12
5.620504e-13
1.032896e-12
5.801470e-13
1.038114e-12
5.983547e-13
1.043277e-12
6.161183e-13
1.049438e-12
6.339929e-13
1.055878e-12
6.509238e-13
1.062150e-12
6.675771e-13
1.068701e-12
6.842305e-13
1.075640e-12
7.000511e-13
1.082134e-12
7.155387e-13
1.089073e-12
7.306378e-13
1.095735e-12
7.454037e-13
1.102785e-12
7.598921e-13
1.110001e-12
7.740475e-13
1.117328e-12
7.883694e-13
1.124489e-12
8.019696e-13
1.131872e-12
8.155698e-13
1.139200e-12
8.283929e-13
1.146416e-12
8.413825e-13
1.153799e-12
8.538725e-13
1.160960e-12
8.661960e-13
1.168177e-12
8.776868e-13
1.175171e-12
8.890666e-13
1.181832e-12
9.002799e-13
1.188660e-12
9.106049e-13
1.194878e-12
9.207635e-13
1.201206e-12
9.306445e-13
1.207368e-12
9.399703e-13
1.213751e-12
9.491852e-13
1.219302e-12
9.580114e-13
1.224854e-12
9.666157e-13
1.230627e-12
9.747203e-13
1.235734e-12
9.820478e-13
1.240674e-12
9.892642e-13
1.245504e-12
9.962586e-13
1.250111e-12
1.002975e-12
1.254608e-12
1.009248e-12
1.258826e-12
1.014910e-12
1.262490e-12
1.019962e-12
1.265821e-12
1.025124e-12
1.269207e-12
1.029288e-12
1.271760e-12
1.033229e-12
1.274369e-12
1.036726e-12
1.276534e-12
1.039835e-12
1.278644e-12
1.042610e-12
1.280309e-12
1.044942e-12
1.281641e-12
1.046663e-12
1.282474e-12
1.047773e-12
1.282974e-12
1.048328e-12
1.282752e-12
1.048495e-12
1.282641e-12
1.048328e-12
1.281975e-12
