6.274425e-13
8.607559e-13
6.262213e-13
8.593681e-13
6.245560e-13
8.581469e-13
6.227241e-13
8.566481e-13
6.205592e-13
8.547607e-13
6.185052e-13
8.526513e-13
6.158407e-13
8.514300e-13
6.134537e-13
8.493206e-13
6.106227e-13
8.476553e-13
6.078471e-13
8.456569e-13
6.049050e-13
8.439915e-13
6.017964e-13
8.419376e-13
5.982437e-13
8.398282e-13
5.947465e-13
8.373857e-13
5.906386e-13
8.355538e-13
5.864198e-13
8.326118e-13
5.819789e-13
8.301693e-13
5.773715e-13
8.270606e-13
5.720424e-13
8.246182e-13
5.668244e-13
8.214540e-13
5.608847e-13
8.180123e-13
5.551670e-13
8.142931e-13
5.485612e-13
8.112955e-13
5.420664e-13
8.074097e-13
5.352940e-13
8.038015e-13
5.282441e-13
7.999157e-13
5.205281e-13
7.959744e-13
5.129785e-13
7.921441e-13
5.043743e-13
7.877032e-13
4.962697e-13
7.833734e-13
4.870548e-13
7.794321e-13
4.783951e-13
7.747136e-13
4.686806e-13
7.698842e-13
4.589662e-13
7.649437e-13
4.484746e-13
7.604473e-13
4.378164e-13
7.555623e-13
4.267142e-13
7.502332e-13
4.152789e-13
7.451817e-13
4.032330e-13
7.402412e-13
3.913536e-13
7.351897e-13
3.786971e-13
7.303602e-13
3.662071e-13
7.253642e-13
3.528289e-13
7.207013e-13
3.394507e-13
7.158718e-13
3.252953e-13
7.112089e-13
3.110290e-13
7.063239e-13
2.959299e-13
7.019385e-13
2.809419e-13
6.973866e-13
2.646217e-13
6.929457e-13
2.486900e-13
6.886713e-13
2.318146e-13
6.853407e-13
2.147726e-13
6.820100e-13
1.974532e-13
6.787904e-13
1.798006e-13
6.762924e-13
1.613709e-13
6.749046e-13
1.432188e-13
6.737388e-13
1.241784e-13
6.734613e-13
1.054712e-13
6.739054e-13
8.576473e-14
6.752932e-13
6.594725e-14
6.776246e-13
4.501954e-14
6.805112e-13
2.370326e-14
6.841194e-13
1.665335e-15
6.893375e-13
-2.103873e-14
6.954992e-13
-4.474199e-14
7.023271e-13
-6.927792e-14
7.107648e-13
-9.509060e-14
7.208123e-13
-1.219580e-13
7.324696e-13
-1.499356e-13
7.453482e-13
-1.793010e-13
7.601142e-13
-2.103873e-13
7.776002e-13
-2.427503e-13
7.971401e-13
-2.770562e-13
8.192891e-13
-3.131384e-13
8.443801e-13
-3.516076e-13
8.727463e-13
-3.925194e-13
9.044987e-13
-4.364287e-13
9.399703e-13
-4.837242e-13
9.797718e-13
-5.351275e-13
1.024847e-12
-5.904166e-13
1.074696e-12
-6.506462e-13
1.131317e-12
-7.159273e-13
1.195433e-12
-7.865930e-13
1.270650e-12
-8.597567e-13
1.362521e-12
-9.283685e-13
1.487310e-12
-9.692247e-13
1.686373e-12
-9.187096e-13
2.070843e-12
-5.993539e-13
2.937706e-12
4.731771e-13
5.092926e-12
3.618994e-12
1.072120e-11
1.243022e-11
2.575595e-11
3.667949e-11
6.632228e-11
1.029360e-10
1.762418e-10
2.834328e-10
4.746271e-10
7.745287e-10
1.285247e-09
2.109999e-09
3.488180e-09
5.740808e-09
9.475709e-09
1.561111e-08
2.575071e-08
4.244227e-08
6.998978e-08
1.153780e-07
1.902429e-07
3.136390e-07
5.171231e-07
8.525697e-07
1.405673e-06
2.317534e-06
3.820991e-06
6.299701e-06
1.038644e-05
1.712420e-05
2.823276e-05
4.654705e-05
7.674085e-05
1.265179e-04
2.085757e-04
3.438366e-04
5.667644e-04
9.340930e-04
1.539126e-03
2.535059e-03
4.172744e-03
6.861119e-03
1.126195e-02
1.843314e-02
3.003199e-02
4.856815e-02
7.762946e-02
1.218529e-01
1.861838e-01
2.738850e-01
3.834335e-01
5.062497e-01
6.283162e-01
7.359454e-01
8.212736e-01
8.833970e-01
9.258759e-01
9.536909e-01
9.713908e-01
9.824501e-01
9.892814e-01
9.934713e-01
9.960300e-01
9.975883e-01
9.985358e-01
9.991114e-01
9.994609e-01
9.996729e-01
9.998016e-01
9.998797e-01
9.999270e-01
9.999557e-01
9.999731e-01
9.999837e-01
9.999901e-01
9.999940e-01
9.999964e-01
9.999978e-01
9.999987e-01
9.999992e-01
9.999995e-01
9.999997e-01
9.999998e-01
9.999999e-01
9.999999e-01
1.000000e+00
1.000000e+00
1.000000e+00
1.000000e+00
1.000000e+00
1.000000e+00
1.000000e+00
1.000000e+00
1.000000e+00
1.000000e+00
1.000000e+00
1.000000e+00
1.000000e+00
1.000000e+00
1.000000e+00
1.000000e+00
1.000000e+00
1.000000e+00
1.000000e+00
1.000000e+00
1.000000e+00
1.000000e+00
1.000000e+00
1.000000e+00
1.000000e+00
1.000000e+00
1.000000e+00
1.000000e+00
1.000000e+00
1.000000e+00
1.000000e+00
1.000000e+00
1.000000e+00
1.000000e+00
1.000000e+00
1.000000e+00
1.000000e+00
1.000000e+00
1.000000e+00
1.000000e+00
1.000000e+00
1.000000e+00
1.000000e+00
1.000000e+00
1.000000e+00
1.000000e+00
1.000000e+00
1.000000e+00
1.000000e+00
1.000000e+00
1.000000e+00
1.000000e+00
1.000000e+00
1.000000e+00
1.000000e+00
1.000000e+00
1.000000e+00
1.000000e+00
1.000000e+00
1.000000e+00
1.000000e+00
1.000000e+00
1.000000e+00
1.000000e+00
1.000000e+00
1.000000e+00
1.000000e+00
1.000000e+00
1.000000e+00
1.000000e+00
1.000000e+00
1.000000e+00
1.000000e+00
1.000000e+00
1.000000e+00
1.000000e+00
1.000000e+00
1.000000e+00
1.000000e+00
1.000000e+00
1.000000e+00
1.000000e+00
1.000000e+00
1.000000e+00
1.000000e+00
1.000000e+00
1.000000e+00
1.000000e+00
1.000000e+00
1.000000e+00
1.000000e+00
1.000000e+00
1.000000e+00
1.000000e+00
1.000000e+00
1.000000e+00
1.000000e+00
1.000000e+00
1.000000e+00
1.000000e+00
1.000000e+00
1.000000e+00
1.000000e+00
1.000000e+00
1.000000e+00
1.000000e+00
1.000000e+00
1.000000e+00
1.000000e+00
1.000000e+00
1.000000e+00
1.000000e+00
1.000000e+00
1.000000e+00
1.000000e+00
1.000000e+00
1.000000e+00
1.000000e+00
1.000000e+00
1.000000e+00
1.000000e+00
1.000000e+00
1.000000e+00
1.000000e+00
1.000000e+00
1.000000e+00
1.000000e+00
1.000000e+00
1.000000e+00
1.000000e+00
1.000000e+00
1.000000e+00
1.000000e+00
1.000000e+00
1.000000e+00
1.000000e+00
1.000000e+00
1.000000e+00
1.000000e+00
1.000000e+00
1.000000e+00
1.000000e+00
1.000000e+00
1.000000e+00
1.000000e+00
1.000000e+00
1.000000e+00
1.000000e+00
1.000000e+00
1.000000e+00
1.000000e+00
1.000000e+00
1.000000e+00
1.000000e+00
1.000000e+00
1.000000e+00
1.000000e+00
1.000000e+00
1.000000e+00
1.000000e+00
1.000000e+00
1.000000e+00
1.000000e+00
1.000000e+00
1.000000e+00
1.000000e+00
1.000000e+00
1.000000e+00
1.000000e+00
1.000000e+00
1.000000e+00
1.000000e+00
1.000000e+00
1.000000e+00
1.000000e+00
1.000000e+00
1.000000e+00
1.000000e+00
1.000000e+00
1.000000e+00
1.000000e+00
1.000000e+00
1.000000e+00
1.000000e+00
1.000000e+00
1.000000e+00
1.000000e+00
1.000000e+00
1.000000e+00
1.000000e+00
1.000000e+00
1.000000e+00
1.000000e+00
1.000000e+00
1.000000e+00
1.000000e+00
1.000000e+00
1.000000e+00
1.000000e+00
1.000000e+00
1.000000e+00
1.000000e+00
1.000000e+00
1.000000e+00
1.000000e+00
1.000000e+00
1.000000e+00
1.000000e+00
1.000000e+00
1.000000e+00
1.000000e+00
1.000000e+00
1.000000e+00
1.000000e+00
1.000000e+00
1.000000e+00
1.000000e+00
1.000000e+00
1.000000e+00
1.000000e+00
1.000000e+00
1.000000e+00
1.000000e+00
1.000000e+00
1.000000e+00
1.000000e+00
1.000000e+00
1.000000e+00
1.000000e+00
1.000000e+00
1.000000e+00
1.000000e+00
1.000000e+00
1.000000e+00
1.000000e+00
1.000000e+00
1.000000e+00
1.000000e+00
1.000000e+00
1.000000e+00
1.000000e+00
1.000000e+00
1.000000e+00
1.000000e+00
1.000000e+00
1.000000e+00
1.000000e+00
1.000000e+00
1.000000e+00
1.000000e+00
1.000000e+00
1.000000e+00
1.000000e+00
1.000000e+00
1.000000e+00
1.000000e+00
1.000000e+00
1.000000e+00
1.000000e+00
1.000000e+00
1.000000e+00
1.000000e+00
1.000000e+00
1.000000e+00
1.000000e+00
1.000000e+00
1.000000e+00
1.000000e+00
1.000000e+00
1.000000e+00
1.000000e+00
1.000000e+00
1.000000e+00
1.000000e+00
1.000000e+00
1.000000e+00
1.000000e+00
1.000000e+00
1.000000e+00
1.000000e+00
1.000000e+00
1.000000e+00
1.000000e+00
1.000000e+00
1.000000e+00
1.000000e+00
1.000000e+00
1.000000e+00
1.000000e+00
1.000000e+00
1.000000e+00
1.000000e+00
1.000000e+00
1.000000e+00
1.000000e+00
1.000000e+00
1.000000e+00
1.000000e+00
1.000000e+00
1.000000e+00
1.000000e+00
1.000000e+00
1.000000e+00
1.000000e+00
1.000000e+00
1.000000e+00
1.000000e+00
1.000000e+00
1.000000e+00
1.000000e+00
1.000000e+00
1.000000e+00
1.000000e+00
1.000000e+00
1.000000e+00
1.000000e+00
1.000000e+00
1.000000e+00
1.000000e+00
1.000000e+00
1.000000e+00
1.000000e+00
1.000000e+00
1.000000e+00
1.000000e+00
1.000000e+00
1.000000e+00
1.000000e+00
1.000000e+00
1.000000e+00
1.000000e+00
1.000000e+00
1.000000e+00
1.000000e+00
1.000000e+00
1.000000e+00
1.000000e+00
1.000000e+00
1.000000e+00
1.000000e+00
1.000000e+00
1.000000e+00
1.000000e+00
1.000000e+00
1.000000e+00
1.000000e+00
1.000000e+00
1.000000e+00
1.000000e+00
1.000000e+00
1.000000e+00
1.000000e+00
1.000000e+00
1.000000e+00
1.000000e+00
1.000000e+00
1.000000e+00
1.000000e+00
1.000000e+00
1.000000e+00
1.000000e+00
1.000000e+00
1.000000e+00
1.000000e+00
1.000000e+00
1.000000e+00
1.000000e+00
1.000000e+00
1.000000e+00
1.000000e+00
1.000000e+00
1.000000e+00
1.000000e+00
1.000000e+00
1.000000e+00
1.000000e+00
1.000000e+00
1.000000e+00
1.000000e+00
1.000000e+00
1.000000e+00
1.000000e+00
1.000000e+00
1.000000e+00
1.000000e+00
1.000000e+00
1.000000e+00
1.000000e+00
1.000000e+00
1.000000e+00
1.000000e+00
1.000000e+00
1.000000e+00
1.000000e+00
1.000000e+00
1.000000e+00
1.000000e+00
1.000000e+00
1.000000e+00
1.000000e+00
1.000000e+00
1.000000e+00
1.000000e+00
1.000000e+00
1.000000e+00
1.000000e+00
1.000000e+00
1.000000e+00
1.000000e+00
1.000000e+00
1.000000e+00
1.000000e+00
1.000000e+00
1.000000e+00
1.000000e+00
1.000000e+00
1.000000e+00
1.000000e+00
1.000000e+00
1.000000e+00
1.000000e+00
1.000000e+00
1.000000e+00
1.000000e+00
1.000000e+00
1.000000e+00
1.000000e+00
1.000000e+00
1.000000e+00
1.000000e+00
1.000000e+00
1.000000e+00
1.000000e+00
1.000000e+00
1.000000e+00
1.000000e+00
1.000000e+00
1.000000e+00
1.000000e+00
1.000000e+00
1.000000e+00
1.000000e+00
1.000000e+00
1.000000e+00
1.000000e+00
1.000000e+00
1.000000e+00
1.000000e+00
1.000000e+00
1.000000e+00
1.000000e+00
1.000000e+00
1.000000e+00
1.000000e+00
1.000000e+00
1.000000e+00
1.000000e+00
1.000000e+00
1.000000e+00
1.000000e+00
1.000000e+00
1.000000e+00
1.000000e+00
1.000000e+00
1.000000e+00
1.000000e+00
1.000000e+00
1.000000e+00
1.000000e+00
1.000000e+00
1.000000e+00
1.000000e+00
1.000000e+00
1.000000e+00
1.000000e+00
1.000000e+00
1.000000e+00
1.000000e+00
1.000000e+00
1.000000e+00
1.000000e+00
1.000000e+00
1.000000e+00
1.000000e+00
1.000000e+00
1.000000e+00
1.000000e+00
1.000000e+00
1.000000e+00
1.000000e+00
1.000000e+00
1.000000e+00
1.000000e+00
1.000000e+00
1.000000e+00
1.000000e+00
1.000000e+00
9.999999e-01
9.999999e-01
9.999998e-01
9.999997e-01
9.999995e-01
9.999992e-01
9.999987e-01
9.999978e-01
9.999964e-01
9.999940e-01
9.999901e-01
9.999837e-01
9.999731e-01
9.999557e-01
9.999270e-01
9.998797e-01
9.998016e-01
9.996729e-01
9.994609e-01
9.991114e-01
9.985358e-01
9.975883e-01
9.960300e-01
9.934713e-01
9.892814e-01
9.824501e-01
9.713908e-01
9.536909e-01
9.258759e-01
8.833970e-01
8.212736e-01
7.359454e-01
6.283162e-01
5.062497e-01
3.834335e-01
2.738850e-01
1.861838e-01
1.218529e-01
7.762946e-02
4.856815e-02
3.003199e-02
1.843314e-02
1.126195e-02
6.861119e-03
4.172744e-03
2.535059e-03
1.539126e-03
9.340930e-04
5.667644e-04
3.438366e-04
2.085757e-04
1.265179e-04
7.674085e-05
4.654705e-05
2.823276e-05
1.712420e-05
1.038644e-05
6.299701e-06
3.820991e-06
2.317534e-06
1.405673e-06
8.525697e-07
5.171231e-07
3.136391e-07
1.902429e-07
1.153780e-07
6.998981e-08
4.244230e-08
2.575074e-08
1.561115e-08
9.475742e-09
5.740843e-09
3.488216e-09
2.110036e-09
1.285286e-09
7.745687e-10
4.746686e-10
2.834751e-10
1.762857e-10
1.029810e-10
6.636808e-11
3.672668e-11
2.580425e-11
1.247957e-11
1.077149e-11
3.670175e-12
5.145329e-12
5.263567e-13
2.991885e-12
-5.443423e-13
2.126632e-12
-8.621992e-13
1.743883e-12
-9.112155e-13
1.546208e-12
-8.686385e-13
1.423084e-12
-7.981948e-13
1.332823e-12
-7.233103e-13
1.259826e-12
-6.510903e-13
1.197098e-12
-5.842549e-13
1.142086e-12
-5.222489e-13
1.093181e-12
-4.657386e-13
1.049660e-12
-4.140022e-13
1.010303e-12
-3.662071e-13
9.748313e-13
-3.220202e-13
9.426904e-13
-2.817746e-13
9.141021e-13
-2.441380e-13
8.876233e-13
-2.093881e-13
8.639756e-13
-1.764699e-13
8.426593e-13
-1.460498e-13
8.235634e-13
-1.170175e-13
8.062995e-13
-9.042767e-14
7.905343e-13
-6.494805e-14
7.760459e-13
-4.107825e-14
7.636114e-13
-1.837419e-14
7.519541e-13
2.997602e-15
7.413514e-13
2.348122e-14
7.320811e-13
4.296563e-14
7.242540e-13
6.189493e-14
7.173706e-13
8.032464e-14
7.110978e-13
9.808820e-14
7.058243e-13
1.148526e-13
7.019940e-13
1.316169e-13
6.984968e-13
1.477707e-13
6.959433e-13
1.639799e-13
6.944445e-13
1.798561e-13
6.937784e-13
1.957878e-13
6.937784e-13
2.111089e-13
6.944445e-13
2.265965e-13
6.954992e-13
2.415845e-13
6.977752e-13
2.565170e-13
6.999401e-13
2.710610e-13
7.028822e-13
2.857714e-13
7.058798e-13
2.997602e-13
7.097656e-13
3.135825e-13
7.133738e-13
3.269607e-13
7.169265e-13
3.401168e-13
7.205903e-13
3.527179e-13
7.250311e-13
3.650968e-13
7.288059e-13
3.771983e-13
7.331358e-13
3.892442e-13
7.379652e-13
4.007905e-13
7.425172e-13
4.123923e-13
7.473466e-13
4.232170e-13
7.518985e-13
4.342082e-13
7.565060e-13
4.445333e-13
7.615020e-13
4.550249e-13
7.662204e-13
4.649059e-13
7.708278e-13
4.747869e-13
7.754908e-13
4.838907e-13
7.803758e-13
4.931611e-13
7.850942e-13
5.020429e-13
7.897016e-13
5.109246e-13
7.942536e-13
5.192513e-13
7.994161e-13
5.276890e-13
8.038570e-13
5.355716e-13
8.083534e-13
5.435097e-13
8.126833e-13
5.507816e-13
8.171797e-13
5.580536e-13
8.213985e-13
5.647705e-13
8.255618e-13
5.713763e-13
8.292256e-13
5.774825e-13
8.333334e-13
5.836998e-13
8.368861e-13
5.891398e-13
8.404943e-13
5.948020e-13
8.434919e-13
5.996870e-13
8.471002e-13
6.043499e-13
8.499312e-13
6.086798e-13
8.522627e-13
6.126211e-13
8.543721e-13
6.156742e-13
8.569256e-13
6.187828e-13
8.583689e-13
6.213918e-13
8.599788e-13
6.240009e-13
8.611445e-13
6.256107e-13
8.621992e-13
6.274981e-13
8.629208e-13
6.278866e-13
8.631984e-13
6.285528e-13
8.628098e-13
6.284973e-13
8.628098e-13
6.283307e-13
8.621992e-13
