7.443490e-13
9.776624e-13
7.431833e-13
9.765522e-13
7.416290e-13
9.752754e-13
7.400747e-13
9.737766e-13
7.384093e-13
9.720558e-13
7.356893e-13
9.702239e-13
7.334133e-13
9.686141e-13
7.306378e-13
9.667822e-13
7.279732e-13
9.648948e-13
7.250867e-13
9.625634e-13
7.217560e-13
9.606760e-13
7.182033e-13
9.582890e-13
7.147061e-13
9.561796e-13
7.107648e-13
9.533485e-13
7.064904e-13
9.509060e-13
7.019385e-13
9.484080e-13
6.977197e-13
9.455770e-13
6.927792e-13
9.424683e-13
6.873946e-13
9.394707e-13
6.817324e-13
9.365286e-13
6.762924e-13
9.328094e-13
6.694090e-13
9.289791e-13
6.628587e-13
9.252044e-13
6.557532e-13
9.209300e-13
6.485923e-13
9.168777e-13
6.408762e-13
9.122703e-13
6.327161e-13
9.077739e-13
6.240009e-13
9.028889e-13
6.152301e-13
8.980039e-13
6.057377e-13
8.925083e-13
5.960787e-13
8.876788e-13
5.861422e-13
8.823497e-13
5.760947e-13
8.770762e-13
5.654366e-13
8.711365e-13
5.542788e-13
8.656409e-13
5.426215e-13
8.598677e-13
5.309642e-13
8.539836e-13
5.182521e-13
8.479328e-13
5.057066e-13
8.422707e-13
4.924949e-13
8.359979e-13
4.792833e-13
8.303358e-13
4.656275e-13
8.242851e-13
4.514722e-13
8.185119e-13
4.365952e-13
8.126833e-13
4.217737e-13
8.070211e-13
4.061751e-13
8.010259e-13
3.900213e-13
7.954748e-13
3.737011e-13
7.898682e-13
3.570477e-13
7.844836e-13
3.395062e-13
7.790435e-13
3.214096e-13
7.741585e-13
3.031464e-13
7.696066e-13
2.845502e-13
7.653322e-13
2.652878e-13
7.613910e-13
2.457479e-13
7.583378e-13
2.257639e-13
7.557288e-13
2.057243e-13
7.541745e-13
1.850742e-13
7.527867e-13
1.638689e-13
7.526202e-13
1.421641e-13
7.533418e-13
1.202927e-13
7.551182e-13
9.753309e-14
7.575607e-13
7.432943e-14
7.613910e-13
5.051515e-14
7.664425e-13
2.597922e-14
7.726042e-13
4.996004e-16
7.801537e-13
-2.620126e-14
7.893686e-13
-5.362377e-14
8.001932e-13
-8.210099e-14
8.125722e-13
-1.125211e-13
8.267831e-13
-1.440514e-13
8.434364e-13
-1.773026e-13
8.623657e-13
-2.121081e-13
8.837375e-13
-2.490785e-13
9.077739e-13
-2.887690e-13
9.352519e-13
-3.307910e-13
9.657275e-13
-3.755884e-13
1.000533e-12
-4.241052e-13
1.039058e-12
-4.762857e-13
1.082745e-12
-5.329071e-13
1.131928e-12
-5.940248e-13
1.187328e-12
-6.606382e-13
1.250222e-12
-7.324141e-13
1.323996e-12
-8.071877e-13
1.414702e-12
-8.765211e-13
1.538325e-12
-9.192092e-13
1.736000e-12
-8.696377e-13
2.119416e-12
-5.515588e-13
2.984835e-12
5.196399e-13
5.138556e-12
3.663625e-12
1.076478e-11
1.247336e-11
2.579831e-11
3.672063e-11
6.636258e-11
1.029759e-10
1.762809e-10
2.834709e-10
4.746645e-10
7.745654e-10
1.285283e-09
2.110034e-09
3.488214e-09
5.740842e-09
9.475742e-09
1.561115e-08
2.575074e-08
4.244230e-08
6.998981e-08
1.153780e-07
1.902429e-07
3.136391e-07
5.171231e-07
8.525697e-07
1.405673e-06
2.317534e-06
3.820991e-06
6.299701e-06
1.038644e-05
1.712420e-05
2.823276e-05
4.654705e-05
7.674085e-05
1.265179e-04
2.085757e-04
3.438366e-04
5.667644e-04
9.340930e-04
1.539126e-03
2.535059e-03
4.172744e-03
6.861119e-03
1.126195e-02
1.843314e-02
3.003199e-02
4.856815e-02
7.762946e-02
1.218529e-01
1.861838e-01
2.738850e-01
3.834335e-01
5.062497e-01
6.283162e-01
7.359454e-01
8.212736e-01
8.833970e-01
9.258759e-01
9.536909e-01
9.713908e-01
9.824501e-01
9.892814e-01
9.934713e-01
9.960300e-01
9.975883e-01
9.985358e-01
9.991114e-01
9.994609e-01
9.996729e-01
9.998016e-01
9.998797e-01
9.999270e-01
9.999557e-01
9.999731e-01
9.999837e-01
9.999901e-01
9.999940e-01
9.999964e-01
9.999978e-01
9.999987e-01
9.999992e-01
9.999995e-01
9.999997e-01
9.999998e-01
9.999999e-01
9.999999e-01
1.000000e+00
1.000000e+00
1.000000e+00
1.000000e+00
1.000000e+00
1.000000e+00
1.000000e+00
1.000000e+00
1.000000e+00
1.000000e+00
1.000000e+00
1.000000e+00
1.000000e+00
1.000000e+00
1.000000e+00
1.000000e+00
1.000000e+00
1.000000e+00
1.000000e+00
1.000000e+00
1.000000e+00
1.000000e+00
1.000000e+00
1.000000e+00
1.000000e+00
1.000000e+00
1.000000e+00
1.000000e+00
1.000000e+00
1.000000e+00
1.000000e+00
1.000000e+00
1.000000e+00
1.000000e+00
1.000000e+00
1.000000e+00
1.000000e+00
1.000000e+00
1.000000e+00
1.000000e+00
1.000000e+00
1.000000e+00
1.000000e+00
1.000000e+00
1.000000e+00
1.000000e+00
1.000000e+00
1.000000e+00
1.000000e+00
1.000000e+00
1.000000e+00
1.000000e+00
1.000000e+00
1.000000e+00
1.000000e+00
1.000000e+00
1.000000e+00
1.000000e+00
1.000000e+00
1.000000e+00
1.000000e+00
1.000000e+00
1.000000e+00
1.000000e+00
1.000000e+00
1.000000e+00
1.000000e+00
1.000000e+00
1.000000e+00
1.000000e+00
1.000000e+00
1.000000e+00
1.000000e+00
1.000000e+00
1.000000e+00
1.000000e+00
1.000000e+00
1.000000e+00
1.000000e+00
1.000000e+00
1.000000e+00
1.000000e+00
1.000000e+00
1.000000e+00
1.000000e+00
1.000000e+00
1.000000e+00
1.000000e+00
1.000000e+00
1.000000e+00
1.000000e+00
1.000000e+00
1.000000e+00
1.000000e+00
1.000000e+00
1.000000e+00
1.000000e+00
1.000000e+00
1.000000e+00
1.000000e+00
1.000000e+00
1.000000e+00
1.000000e+00
1.000000e+00
1.000000e+00
1.000000e+00
1.000000e+00
1.000000e+00
1.000000e+00
1.000000e+00
1.000000e+00
1.000000e+00
1.000000e+00
1.000000e+00
1.000000e+00
1.000000e+00
1.000000e+00
1.000000e+00
1.000000e+00
1.000000e+00
1.000000e+00
1.000000e+00
1.000000e+00
1.000000e+00
1.000000e+00
1.000000e+00
1.000000e+00
1.000000e+00
1.000000e+00
1.000000e+00
1.000000e+00
1.000000e+00
1.000000e+00
1.000000e+00
1.000000e+00
1.000000e+00
1.000000e+00
1.000000e+00
1.000000e+00
1.000000e+00
1.000000e+00
1.000000e+00
1.000000e+00
1.000000e+00
1.000000e+00
1.000000e+00
1.000000e+00
1.000000e+00
1.000000e+00
1.000000e+00
1.000000e+00
1.000000e+00
1.000000e+00
1.000000e+00
1.000000e+00
1.000000e+00
1.000000e+00
1.000000e+00
1.000000e+00
1.000000e+00
1.000000e+00
1.000000e+00
1.000000e+00
1.000000e+00
1.000000e+00
1.000000e+00
1.000000e+00
1.000000e+00
1.000000e+00
1.000000e+00
1.000000e+00
1.000000e+00
1.000000e+00
1.000000e+00
1.000000e+00
1.000000e+00
1.000000e+00
1.000000e+00
1.000000e+00
1.000000e+00
1.000000e+00
1.000000e+00
1.000000e+00
1.000000e+00
1.000000e+00
1.000000e+00
1.000000e+00
1.000000e+00
1.000000e+00
1.000000e+00
1.000000e+00
1.000000e+00
1.000000e+00
1.000000e+00
1.000000e+00
1.000000e+00
1.000000e+00
1.000000e+00
1.000000e+00
1.000000e+00
1.000000e+00
1.000000e+00
1.000000e+00
1.000000e+00
1.000000e+00
1.000000e+00
1.000000e+00
1.000000e+00
1.000000e+00
1.000000e+00
1.000000e+00
1.000000e+00
1.000000e+00
1.000000e+00
1.000000e+00
1.000000e+00
1.000000e+00
1.000000e+00
1.000000e+00
1.000000e+00
1.000000e+00
1.000000e+00
1.000000e+00
1.000000e+00
1.000000e+00
1.000000e+00
1.000000e+00
1.000000e+00
1.000000e+00
1.000000e+00
1.000000e+00
1.000000e+00
1.000000e+00
1.000000e+00
1.000000e+00
1.000000e+00
1.000000e+00
1.000000e+00
1.000000e+00
1.000000e+00
1.000000e+00
1.000000e+00
1.000000e+00
1.000000e+00
1.000000e+00
1.000000e+00
1.000000e+00
1.000000e+00
1.000000e+00
1.000000e+00
1.000000e+00
1.000000e+00
1.000000e+00
1.000000e+00
1.000000e+00
1.000000e+00
1.000000e+00
1.000000e+00
1.000000e+00
1.000000e+00
1.000000e+00
1.000000e+00
1.000000e+00
1.000000e+00
1.000000e+00
1.000000e+00
1.000000e+00
1.000000e+00
1.000000e+00
1.000000e+00
1.000000e+00
1.000000e+00
1.000000e+00
1.000000e+00
1.000000e+00
1.000000e+00
1.000000e+00
1.000000e+00
1.000000e+00
1.000000e+00
1.000000e+00
1.000000e+00
1.000000e+00
1.000000e+00
1.000000e+00
1.000000e+00
1.000000e+00
1.000000e+00
1.000000e+00
1.000000e+00
1.000000e+00
1.000000e+00
1.000000e+00
1.000000e+00
1.000000e+00
1.000000e+00
1.000000e+00
1.000000e+00
1.000000e+00
1.000000e+00
1.000000e+00
1.000000e+00
1.000000e+00
1.000000e+00
1.000000e+00
1.000000e+00
1.000000e+00
1.000000e+00
1.000000e+00
1.000000e+00
1.000000e+00
1.000000e+00
1.000000e+00
1.000000e+00
1.000000e+00
1.000000e+00
1.000000e+00
1.000000e+00
1.000000e+00
1.000000e+00
1.000000e+00
1.000000e+00
1.000000e+00
1.000000e+00
1.000000e+00
1.000000e+00
1.000000e+00
1.000000e+00
1.000000e+00
1.000000e+00
1.000000e+00
1.000000e+00
1.000000e+00
1.000000e+00
1.000000e+00
1.000000e+00
1.000000e+00
1.000000e+00
1.000000e+00
1.000000e+00
1.000000e+00
1.000000e+00
1.000000e+00
1.000000e+00
1.000000e+00
1.000000e+00
1.000000e+00
1.000000e+00
1.000000e+00
1.000000e+00
1.000000e+00
1.000000e+00
1.000000e+00
1.000000e+00
1.000000e+00
1.000000e+00
1.000000e+00
1.000000e+00
1.000000e+00
1.000000e+00
1.000000e+00
1.000000e+00
1.000000e+00
1.000000e+00
1.000000e+00
1.000000e+00
1.000000e+00
1.000000e+00
1.000000e+00
1.000000e+00
1.000000e+00
1.000000e+00
1.000000e+00
1.000000e+00
1.000000e+00
1.000000e+00
1.000000e+00
1.000000e+00
1.000000e+00
1.000000e+00
1.000000e+00
1.000000e+00
1.000000e+00
1.000000e+00
1.000000e+00
1.000000e+00
1.000000e+00
1.000000e+00
1.000000e+00
1.000000e+00
1.000000e+00
1.000000e+00
1.000000e+00
1.000000e+00
1.000000e+00
1.000000e+00
1.000000e+00
1.000000e+00
1.000000e+00
1.000000e+00
1.000000e+00
1.000000e+00
1.000000e+00
1.000000e+00
1.000000e+00
1.000000e+00
1.000000e+00
1.000000e+00
1.000000e+00
1.000000e+00
1.000000e+00
1.000000e+00
1.000000e+00
1.000000e+00
1.000000e+00
1.000000e+00
1.000000e+00
1.000000e+00
1.000000e+00
1.000000e+00
1.000000e+00
1.000000e+00
1.000000e+00
1.000000e+00
1.000000e+00
1.000000e+00
1.000000e+00
1.000000e+00
1.000000e+00
1.000000e+00
1.000000e+00
1.000000e+00
1.000000e+00
1.000000e+00
1.000000e+00
1.000000e+00
1.000000e+00
1.000000e+00
1.000000e+00
1.000000e+00
1.000000e+00
1.000000e+00
1.000000e+00
1.000000e+00
1.000000e+00
1.000000e+00
1.000000e+00
1.000000e+00
1.000000e+00
1.000000e+00
1.000000e+00
1.000000e+00
1.000000e+00
1.000000e+00
1.000000e+00
1.000000e+00
1.000000e+00
1.000000e+00
1.000000e+00
1.000000e+00
1.000000e+00
1.000000e+00
1.000000e+00
1.000000e+00
1.000000e+00
1.000000e+00
1.000000e+00
1.000000e+00
1.000000e+00
1.000000e+00
1.000000e+00
1.000000e+00
1.000000e+00
1.000000e+00
1.000000e+00
1.000000e+00
1.000000e+00
1.000000e+00
1.000000e+00
1.000000e+00
1.000000e+00
1.000000e+00
1.000000e+00
1.000000e+00
1.000000e+00
1.000000e+00
1.000000e+00
1.000000e+00
1.000000e+00
1.000000e+00
1.000000e+00
1.000000e+00
1.000000e+00
1.000000e+00
1.000000e+00
1.000000e+00
1.000000e+00
9.999999e-01
9.999999e-01
9.999998e-01
9.999997e-01
9.999995e-01
9.999992e-01
9.999987e-01
9.999978e-01
9.999964e-01
9.999940e-01
9.999901e-01
9.999837e-01
9.999731e-01
9.999557e-01
9.999270e-01
9.998797e-01
9.998016e-01
9.996729e-01
9.994609e-01
9.991114e-01
9.985358e-01
9.975883e-01
9.960300e-01
9.934713e-01
9.892814e-01
9.824501e-01
9.713908e-01
9.536909e-01
9.258759e-01
8.833970e-01
8.212736e-01
7.359454e-01
6.283162e-01
5.062497e-01
3.834335e-01
2.738850e-01
1.861838e-01
1.218529e-01
7.762946e-02
4.856815e-02
3.003199e-02
1.843314e-02
1.126195e-02
6.861119e-03
4.172744e-03
2.535059e-03
1.539126e-03
9.340930e-04
5.667644e-04
3.438366e-04
2.085757e-04
1.265179e-04
7.674085e-05
4.654705e-05
2.823276e-05
1.712420e-05
1.038644e-05
6.299702e-06
3.820991e-06
2.317534e-06
1.405673e-06
8.525698e-07
5.171231e-07
3.136391e-07
1.902429e-07
1.153780e-07
6.998984e-08
4.244233e-08
2.575077e-08
1.561118e-08
9.475774e-09
5.740876e-09
3.488250e-09
2.110071e-09
1.285322e-09
7.746057e-10
4.747061e-10
2.835138e-10
1.763251e-10
1.030214e-10
6.640932e-11
3.676859e-11
2.584732e-11
1.252354e-11
1.081624e-11
3.715583e-12
5.191736e-12
5.736522e-13
3.040068e-12
-4.954925e-13
2.175982e-12
-8.116841e-13
1.794953e-12
-8.594792e-13
1.598610e-12
-8.153478e-13
1.476985e-12
-7.437939e-13
1.388056e-12
-6.676326e-13
1.316280e-12
-5.941914e-13
1.254830e-12
-5.256906e-13
1.200984e-12
-4.629075e-13
1.153189e-12
-4.054534e-13
1.110501e-12
-3.524403e-13
1.072364e-12
-3.035350e-13
1.037948e-12
-2.589040e-13
1.006639e-12
-2.174927e-13
9.785506e-13
-1.793565e-13
9.529044e-13
-1.434963e-13
9.300338e-13
-1.103562e-13
9.090506e-13
-7.926992e-14
8.905654e-13
-5.023759e-14
8.738010e-13
-2.225997e-14
8.589796e-13
3.830269e-15
8.455459e-13
2.869927e-14
8.336665e-13
5.218048e-14
8.230638e-13
7.477352e-14
8.135714e-13
9.631185e-14
8.053558e-13
1.170175e-13
7.984724e-13
1.370570e-13
7.928103e-13
1.566525e-13
7.879253e-13
1.754152e-13
7.840395e-13
1.939560e-13
7.812084e-13
2.117195e-13
7.793766e-13
2.293721e-13
7.780443e-13
2.466916e-13
7.774892e-13
2.636225e-13
7.780998e-13
2.802758e-13
7.791545e-13
2.973177e-13
7.813750e-13
3.139156e-13
7.837619e-13
3.303469e-13
7.872036e-13
3.464451e-13
7.910339e-13
3.629319e-13
7.951972e-13
3.788636e-13
7.996936e-13
3.943512e-13
8.046896e-13
4.093947e-13
8.100742e-13
4.246603e-13
8.150147e-13
4.384826e-13
8.200662e-13
4.526934e-13
8.255618e-13
4.662382e-13
8.307244e-13
4.797829e-13
8.363865e-13
4.928835e-13
8.416601e-13
5.054290e-13
8.475443e-13
5.174750e-13
8.530399e-13
5.299650e-13
8.591461e-13
5.418443e-13
8.645862e-13
5.533907e-13
8.708034e-13
5.648260e-13
8.766321e-13
5.761502e-13
8.826828e-13
5.867529e-13
8.880674e-13
5.970779e-13
8.937295e-13
6.069034e-13
8.992806e-13
6.166734e-13
9.044432e-13
6.256662e-13
9.093837e-13
6.349365e-13
9.149348e-13
6.434298e-13
9.200973e-13
6.522005e-13
9.252599e-13
6.604162e-13
9.297008e-13
6.680767e-13
9.344747e-13
6.753487e-13
9.390821e-13
6.827316e-13
9.435785e-13
6.894485e-13
9.475754e-13
6.959433e-13
9.516832e-13
7.021606e-13
9.556800e-13
7.082668e-13
9.593437e-13
7.136514e-13
9.625079e-13
7.186474e-13
9.660606e-13
7.235323e-13
9.690027e-13
7.278622e-13
9.715007e-13
7.311929e-13
9.733880e-13
7.343570e-13
9.753864e-13
7.371881e-13
9.768297e-13
7.399081e-13
9.781065e-13
7.417955e-13
9.787171e-13
7.430723e-13
9.796608e-13
7.441825e-13
9.800494e-13
7.452372e-13
9.804380e-13
7.454592e-13
9.798828e-13
7.454037e-13
9.795498e-13
7.450152e-13
9.788281e-13
