1.168010e-12
1.401490e-12
1.166844e-12
1.399991e-12
1.164902e-12
1.398548e-12
1.163125e-12
1.396550e-12
1.160794e-12
1.394995e-12
1.158351e-12
1.392886e-12
1.155631e-12
1.390554e-12
1.152745e-12
1.388278e-12
1.149358e-12
1.386502e-12
1.146583e-12
1.384448e-12
1.143530e-12
1.382450e-12
1.139921e-12
1.379841e-12
1.135980e-12
1.377176e-12
1.131817e-12
1.374123e-12
1.126765e-12
1.370903e-12
1.121769e-12
1.367295e-12
1.116107e-12
1.363742e-12
1.110168e-12
1.359302e-12
1.103395e-12
1.355138e-12
1.096734e-12
1.350253e-12
1.089073e-12
1.345590e-12
1.081635e-12
1.340761e-12
1.073697e-12
1.335099e-12
1.065203e-12
1.329326e-12
1.055933e-12
1.323885e-12
1.047107e-12
1.317890e-12
1.037337e-12
1.311784e-12
1.027400e-12
1.305345e-12
1.016909e-12
1.298850e-12
1.006084e-12
1.292244e-12
9.947043e-13
1.285083e-12
9.829915e-13
1.277867e-12
9.705570e-13
1.270650e-12
9.582335e-13
1.263212e-12
9.450218e-13
1.255662e-12
9.315326e-13
1.247669e-12
9.174883e-13
1.240008e-12
9.032219e-13
1.231903e-12
8.884560e-13
1.223743e-12
8.736345e-13
1.215750e-12
8.578693e-13
1.208422e-12
8.427703e-13
1.200706e-12
8.268386e-13
1.193046e-12
8.103518e-13
1.185108e-12
7.930323e-13
1.177169e-12
7.756018e-13
1.169120e-12
7.571721e-13
1.161349e-12
7.387424e-13
1.153577e-12
7.194245e-13
1.146250e-12
7.001066e-13
1.138312e-12
6.792900e-13
1.130984e-12
6.586398e-13
1.123379e-12
6.370460e-13
1.116551e-12
6.151746e-13
1.110001e-12
5.928591e-13
1.103839e-12
5.698775e-13
1.098122e-12
5.463408e-13
1.093348e-12
5.229706e-13
1.089018e-12
4.984901e-13
1.085576e-12
4.737322e-13
1.083023e-12
4.483636e-13
1.081024e-12
4.219403e-13
1.080080e-12
3.949063e-13
1.079969e-12
3.671508e-13
1.080802e-12
3.382850e-13
1.083078e-12
3.086975e-13
1.086298e-12
2.775558e-13
1.091072e-12
2.455258e-13
1.096900e-12
2.121081e-13
1.104838e-12
1.773026e-13
1.114275e-12
1.407208e-13
1.125655e-12
1.026401e-13
1.139311e-12
6.233902e-14
1.155964e-12
2.048361e-14
1.175282e-12
-2.370326e-14
1.197598e-12
-7.088774e-14
1.223133e-12
-1.210143e-13
1.252554e-12
-1.746381e-13
1.285916e-12
-2.324252e-13
1.324052e-12
-2.942646e-13
1.367462e-12
-3.614331e-13
1.417366e-12
-4.338196e-13
1.474265e-12
-5.115908e-13
1.542100e-12
-5.920264e-13
1.626199e-12
-6.684098e-13
1.743605e-12
-7.167045e-13
1.935341e-12
-6.737944e-13
2.311873e-12
-3.619882e-13
3.170908e-12
7.022716e-13
5.318357e-12
3.840261e-12
1.093836e-11
1.264361e-11
2.596540e-11
3.688466e-11
6.652323e-11
1.031333e-10
1.764348e-10
2.836218e-10
4.748123e-10
7.747099e-10
1.285424e-09
2.110172e-09
3.488349e-09
5.740973e-09
9.475869e-09
1.561127e-08
2.575086e-08
4.244242e-08
6.998992e-08
1.153781e-07
1.902430e-07
3.136392e-07
5.171232e-07
8.525698e-07
1.405673e-06
2.317534e-06
3.820991e-06
6.299702e-06
1.038644e-05
1.712420e-05
2.823276e-05
4.654705e-05
7.674085e-05
1.265179e-04
2.085757e-04
3.438366e-04
5.667644e-04
9.340930e-04
1.539126e-03
2.535059e-03
4.172744e-03
6.861119e-03
1.126195e-02
1.843314e-02
3.003199e-02
4.856815e-02
7.762946e-02
1.218529e-01
1.861838e-01
2.738850e-01
3.834335e-01
5.062497e-01
6.283162e-01
7.359454e-01
8.212736e-01
8.833970e-01
9.258759e-01
9.536909e-01
9.713908e-01
9.824501e-01
9.892814e-01
9.934713e-01
9.960300e-01
9.975883e-01
9.985358e-01
9.991114e-01
9.994609e-01
9.996729e-01
9.998016e-01
9.998797e-01
9.999270e-01
9.999557e-01
9.999731e-01
9.999837e-01
9.999901e-01
9.999940e-01
9.999964e-01
9.999978e-01
9.999987e-01
9.999992e-01
9.999995e-01
9.999997e-01
9.999998e-01
9.999999e-01
9.999999e-01
1.000000e+00
1.000000e+00
1.000000e+00
1.000000e+00
1.000000e+00
1.000000e+00
1.000000e+00
1.000000e+00
1.000000e+00
1.000000e+00
1.000000e+00
1.000000e+00
1.000000e+00
1.000000e+00
1.000000e+00
1.000000e+00
1.000000e+00
1.000000e+00
1.000000e+00
1.000000e+00
1.000000e+00
1.000000e+00
1.000000e+00
1.000000e+00
1.000000e+00
1.000000e+00
1.000000e+00
1.000000e+00
1.000000e+00
1.000000e+00
1.000000e+00
1.000000e+00
1.000000e+00
1.000000e+00
1.000000e+00
1.000000e+00
1.000000e+00
1.000000e+00
1.000000e+00
1.000000e+00
1.000000e+00
1.000000e+00
1.000000e+00
1.000000e+00
1.000000e+00
1.000000e+00
1.000000e+00
1.000000e+00
1.000000e+00
1.000000e+00
1.000000e+00
1.000000e+00
1.000000e+00
1.000000e+00
1.000000e+00
1.000000e+00
1.000000e+00
1.000000e+00
1.000000e+00
1.000000e+00
1.000000e+00
1.000000e+00
1.000000e+00
1.000000e+00
1.000000e+00
1.000000e+00
1.000000e+00
1.000000e+00
1.000000e+00
1.000000e+00
1.000000e+00
1.000000e+00
1.000000e+00
1.000000e+00
1.000000e+00
1.000000e+00
1.000000e+00
1.000000e+00
1.000000e+00
1.000000e+00
1.000000e+00
1.000000e+00
1.000000e+00
1.000000e+00
1.000000e+00
1.000000e+00
1.000000e+00
1.000000e+00
1.000000e+00
1.000000e+00
1.000000e+00
1.000000e+00
1.000000e+00
1.000000e+00
1.000000e+00
1.000000e+00
1.000000e+00
1.000000e+00
1.000000e+00
1.000000e+00
1.000000e+00
1.000000e+00
1.000000e+00
1.000000e+00
1.000000e+00
1.000000e+00
1.000000e+00
1.000000e+00
1.000000e+00
1.000000e+00
1.000000e+00
1.000000e+00
1.000000e+00
1.000000e+00
1.000000e+00
1.000000e+00
1.000000e+00
1.000000e+00
1.000000e+00
1.000000e+00
1.000000e+00
1.000000e+00
1.000000e+00
1.000000e+00
1.000000e+00
1.000000e+00
1.000000e+00
1.000000e+00
1.000000e+00
1.000000e+00
1.000000e+00
1.000000e+00
1.000000e+00
1.000000e+00
1.000000e+00
1.000000e+00
1.000000e+00
1.000000e+00
1.000000e+00
1.000000e+00
1.000000e+00
1.000000e+00
1.000000e+00
1.000000e+00
1.000000e+00
1.000000e+00
1.000000e+00
1.000000e+00
1.000000e+00
1.000000e+00
1.000000e+00
1.000000e+00
1.000000e+00
1.000000e+00
1.000000e+00
1.000000e+00
1.000000e+00
1.000000e+00
1.000000e+00
1.000000e+00
1.000000e+00
1.000000e+00
1.000000e+00
1.000000e+00
1.000000e+00
1.000000e+00
1.000000e+00
1.000000e+00
1.000000e+00
1.000000e+00
1.000000e+00
1.000000e+00
1.000000e+00
1.000000e+00
1.000000e+00
1.000000e+00
1.000000e+00
1.000000e+00
1.000000e+00
1.000000e+00
1.000000e+00
1.000000e+00
1.000000e+00
1.000000e+00
1.000000e+00
1.000000e+00
1.000000e+00
1.000000e+00
1.000000e+00
1.000000e+00
1.000000e+00
1.000000e+00
1.000000e+00
1.000000e+00
1.000000e+00
1.000000e+00
1.000000e+00
1.000000e+00
1.000000e+00
1.000000e+00
1.000000e+00
1.000000e+00
1.000000e+00
1.000000e+00
1.000000e+00
1.000000e+00
1.000000e+00
1.000000e+00
1.000000e+00
1.000000e+00
1.000000e+00
1.000000e+00
1.000000e+00
1.000000e+00
1.000000e+00
1.000000e+00
1.000000e+00
1.000000e+00
1.000000e+00
1.000000e+00
1.000000e+00
1.000000e+00
1.000000e+00
1.000000e+00
1.000000e+00
1.000000e+00
1.000000e+00
1.000000e+00
1.000000e+00
1.000000e+00
1.000000e+00
1.000000e+00
1.000000e+00
1.000000e+00
1.000000e+00
1.000000e+00
1.000000e+00
1.000000e+00
1.000000e+00
1.000000e+00
1.000000e+00
1.000000e+00
1.000000e+00
1.000000e+00
1.000000e+00
1.000000e+00
1.000000e+00
1.000000e+00
1.000000e+00
1.000000e+00
1.000000e+00
1.000000e+00
1.000000e+00
1.000000e+00
1.000000e+00
1.000000e+00
1.000000e+00
1.000000e+00
1.000000e+00
1.000000e+00
1.000000e+00
1.000000e+00
1.000000e+00
1.000000e+00
1.000000e+00
1.000000e+00
1.000000e+00
1.000000e+00
1.000000e+00
1.000000e+00
1.000000e+00
1.000000e+00
1.000000e+00
1.000000e+00
1.000000e+00
1.000000e+00
1.000000e+00
1.000000e+00
1.000000e+00
1.000000e+00
1.000000e+00
1.000000e+00
1.000000e+00
1.000000e+00
1.000000e+00
1.000000e+00
1.000000e+00
1.000000e+00
1.000000e+00
1.000000e+00
1.000000e+00
1.000000e+00
1.000000e+00
1.000000e+00
1.000000e+00
1.000000e+00
1.000000e+00
1.000000e+00
1.000000e+00
1.000000e+00
1.000000e+00
1.000000e+00
1.000000e+00
1.000000e+00
1.000000e+00
1.000000e+00
1.000000e+00
1.000000e+00
1.000000e+00
1.000000e+00
1.000000e+00
1.000000e+00
1.000000e+00
1.000000e+00
1.000000e+00
1.000000e+00
1.000000e+00
1.000000e+00
1.000000e+00
1.000000e+00
1.000000e+00
1.000000e+00
1.000000e+00
1.000000e+00
1.000000e+00
1.000000e+00
1.000000e+00
1.000000e+00
1.000000e+00
1.000000e+00
1.000000e+00
1.000000e+00
1.000000e+00
1.000000e+00
1.000000e+00
1.000000e+00
1.000000e+00
1.000000e+00
1.000000e+00
1.000000e+00
1.000000e+00
1.000000e+00
1.000000e+00
1.000000e+00
1.000000e+00
1.000000e+00
1.000000e+00
1.000000e+00
1.000000e+00
1.000000e+00
1.000000e+00
1.000000e+00
1.000000e+00
1.000000e+00
1.000000e+00
1.000000e+00
1.000000e+00
1.000000e+00
1.000000e+00
1.000000e+00
1.000000e+00
1.000000e+00
1.000000e+00
1.000000e+00
1.000000e+00
1.000000e+00
1.000000e+00
1.000000e+00
1.000000e+00
1.000000e+00
1.000000e+00
1.000000e+00
1.000000e+00
1.000000e+00
1.000000e+00
1.000000e+00
1.000000e+00
1.000000e+00
1.000000e+00
1.000000e+00
1.000000e+00
1.000000e+00
1.000000e+00
1.000000e+00
1.000000e+00
1.000000e+00
1.000000e+00
1.000000e+00
1.000000e+00
1.000000e+00
1.000000e+00
1.000000e+00
1.000000e+00
1.000000e+00
1.000000e+00
1.000000e+00
1.000000e+00
1.000000e+00
1.000000e+00
1.000000e+00
1.000000e+00
1.000000e+00
1.000000e+00
1.000000e+00
1.000000e+00
1.000000e+00
1.000000e+00
1.000000e+00
1.000000e+00
1.000000e+00
1.000000e+00
1.000000e+00
1.000000e+00
1.000000e+00
1.000000e+00
1.000000e+00
1.000000e+00
1.000000e+00
1.000000e+00
1.000000e+00
1.000000e+00
1.000000e+00
1.000000e+00
1.000000e+00
1.000000e+00
1.000000e+00
1.000000e+00
1.000000e+00
1.000000e+00
1.000000e+00
1.000000e+00
1.000000e+00
1.000000e+00
1.000000e+00
1.000000e+00
1.000000e+00
1.000000e+00
1.000000e+00
1.000000e+00
1.000000e+00
1.000000e+00
1.000000e+00
1.000000e+00
1.000000e+00
1.000000e+00
1.000000e+00
1.000000e+00
1.000000e+00
1.000000e+00
1.000000e+00
1.000000e+00
1.000000e+00
1.000000e+00
1.000000e+00
1.000000e+00
1.000000e+00
1.000000e+00
1.000000e+00
1.000000e+00
1.000000e+00
1.000000e+00
1.000000e+00
1.000000e+00
1.000000e+00
1.000000e+00
1.000000e+00
1.000000e+00
1.000000e+00
1.000000e+00
1.000000e+00
1.000000e+00
1.000000e+00
1.000000e+00
1.000000e+00
1.000000e+00
1.000000e+00
1.000000e+00
1.000000e+00
1.000000e+00
1.000000e+00
1.000000e+00
1.000000e+00
1.000000e+00
1.000000e+00
1.000000e+00
1.000000e+00
1.000000e+00
1.000000e+00
1.000000e+00
1.000000e+00
1.000000e+00
1.000000e+00
1.000000e+00
1.000000e+00
1.000000e+00
1.000000e+00
1.000000e+00
9.999999e-01
9.999999e-01
9.999998e-01
9.999997e-01
9.999995e-01
9.999992e-01
9.999987e-01
9.999978e-01
9.999964e-01
9.999940e-01
9.999901e-01
9.999837e-01
9.999731e-01
9.999557e-01
9.999270e-01
9.998797e-01
9.998016e-01
9.996729e-01
9.994609e-01
9.991114e-01
9.985358e-01
9.975883e-01
9.960300e-01
9.934713e-01
9.892814e-01
9.824501e-01
9.713908e-01
9.536909e-01
9.258759e-01
8.833970e-01
8.212736e-01
7.359454e-01
6.283162e-01
5.062497e-01
3.834335e-01
2.738850e-01
1.861838e-01
1.218529e-01
7.762946e-02
4.856815e-02
3.003199e-02
1.843314e-02
1.126195e-02
6.861119e-03
4.172744e-03
2.535059e-03
1.539126e-03
9.340930e-04
5.667644e-04
3.438366e-04
2.085757e-04
1.265179e-04
7.674085e-05
4.654705e-05
2.823276e-05
1.712420e-05
1.038644e-05
6.299702e-06
3.820991e-06
2.317534e-06
1.405673e-06
8.525699e-07
5.171232e-07
3.136392e-07
1.902430e-07
1.153781e-07
6.998995e-08
4.244245e-08
2.575089e-08
1.561130e-08
9.475902e-09
5.741007e-09
3.488384e-09
2.110209e-09
1.285463e-09
7.747503e-10
4.748545e-10
2.836652e-10
1.764798e-10
1.031793e-10
6.657086e-11
3.693357e-11
2.601530e-11
1.269485e-11
1.099054e-11
3.893441e-12
5.372536e-12
7.575052e-13
3.227418e-12
-3.048672e-13
2.370160e-12
-6.147860e-13
1.995182e-12
-6.558643e-13
1.805223e-12
-6.056822e-13
1.689537e-12
-5.278555e-13
1.606715e-12
-4.457545e-13
1.540879e-12
-3.663181e-13
1.485312e-12
-2.923217e-13
1.437628e-12
-2.233769e-13
1.395217e-12
-1.605938e-13
1.358413e-12
-1.019185e-13
1.325162e-12
-4.807266e-14
1.296185e-12
2.164935e-15
1.270373e-12
4.884981e-14
1.247225e-12
9.214851e-14
1.226907e-12
1.327827e-13
1.209088e-12
1.713629e-13
1.193434e-12
2.073897e-13
1.179723e-12
2.418066e-13
1.167899e-12
2.742251e-13
1.157685e-12
3.049228e-13
1.148692e-12
3.340661e-13
1.141143e-12
3.618217e-13
1.134648e-12
3.884670e-13
1.129430e-12
4.141132e-13
1.125211e-12
4.386491e-13
1.122324e-12
4.625744e-13
1.119993e-12
4.856116e-13
1.118994e-12
5.080936e-13
1.118550e-12
5.298539e-13
1.118827e-12
5.511702e-13
1.119993e-12
5.715428e-13
1.122324e-12
5.924705e-13
1.125267e-12
6.127876e-13
1.128819e-12
6.326606e-13
1.132816e-12
6.522005e-13
1.137590e-12
6.715184e-13
1.142642e-12
6.904477e-13
1.148581e-12
7.093770e-13
1.154687e-12
7.275291e-13
1.161238e-12
7.457923e-13
1.167733e-12
7.630563e-13
1.174671e-12
7.804868e-13
1.181444e-12
7.968071e-13
1.188549e-12
8.131829e-13
1.195710e-12
8.290590e-13
1.202649e-12
8.445467e-13
1.209755e-12
8.594236e-13
1.217360e-12
8.748557e-13
1.224854e-12
8.892331e-13
1.232459e-12
9.036660e-13
1.239953e-12
9.177659e-13
1.247558e-12
9.315881e-13
1.255329e-12
9.448553e-13
1.262768e-12
9.579559e-13
1.270317e-12
9.706125e-13
1.278200e-12
9.833800e-13
1.285694e-12
9.954815e-13
1.293243e-12
1.007472e-12
1.300349e-12
1.018852e-12
1.307787e-12
1.029954e-12
1.314615e-12
1.040612e-12
1.321221e-12
1.050882e-12
1.327938e-12
1.060596e-12
1.334877e-12
1.070810e-12
1.341149e-12
1.080247e-12
1.347478e-12
1.089240e-12
1.353362e-12
1.097678e-12
1.359024e-12
1.105838e-12
1.364187e-12
1.113110e-12
1.369238e-12
1.120326e-12
1.373957e-12
1.126876e-12
1.378730e-12
1.133649e-12
1.382672e-12
1.138867e-12
1.386724e-12
1.144529e-12
1.389999e-12
1.149136e-12
1.393219e-12
1.153411e-12
1.395883e-12
1.157019e-12
1.397660e-12
1.159794e-12
1.399270e-12
1.162070e-12
1.400879e-12
1.164735e-12
1.401990e-12
1.166456e-12
1.403100e-12
1.168288e-12
1.403822e-12
1.169287e-12
1.404155e-12
1.169786e-12
1.404099e-12
1.169675e-12
1.403544e-12
1.169231e-12
1.402711e-12
