2.880354e-08
2.880313e-08
2.880098e-08
2.879802e-08
2.879331e-08
2.878779e-08
2.878052e-08
2.877245e-08
2.876263e-08
2.875200e-08
2.873962e-08
2.872644e-08
2.871152e-08
2.869579e-08
2.867832e-08
2.866004e-08
2.864002e-08
2.861920e-08
2.859664e-08
2.857328e-08
2.854818e-08
2.852229e-08
2.849466e-08
2.846624e-08
2.843607e-08
2.840513e-08
2.837244e-08
2.833898e-08
2.830377e-08
2.826780e-08
2.823008e-08
2.819160e-08
2.815137e-08
2.811040e-08
2.806767e-08
2.802420e-08
2.797899e-08
2.793304e-08
2.788534e-08
2.783692e-08
2.778675e-08
2.773586e-08
2.768322e-08
2.762988e-08
2.757478e-08
2.751899e-08
2.746145e-08
2.740323e-08
2.734325e-08
2.728260e-08
2.722020e-08
2.715714e-08
2.709232e-08
2.702685e-08
2.695963e-08
2.689178e-08
2.682217e-08
2.675194e-08
2.667995e-08
2.660735e-08
2.653300e-08
2.645805e-08
2.638134e-08
2.630406e-08
2.622501e-08
2.614541e-08
2.606403e-08
2.598212e-08
2.589844e-08
2.581423e-08
2.572825e-08
2.564177e-08
2.555351e-08
2.546477e-08
2.537424e-08
2.528326e-08
2.519048e-08
2.509727e-08
2.500226e-08
2.490683e-08
2.480961e-08
2.471199e-08
2.461257e-08
2.451278e-08
2.441117e-08
2.430922e-08
2.420545e-08
2.410137e-08
2.399546e-08
2.388926e-08
2.378121e-08
2.367292e-08
2.356277e-08
2.345239e-08
2.334015e-08
2.322772e-08
2.311341e-08
2.299895e-08
2.288259e-08
2.276611e-08
2.264773e-08
2.252925e-08
2.240886e-08
2.228842e-08
2.216604e-08
2.204364e-08
2.191930e-08
2.179498e-08
2.166869e-08
2.154248e-08
2.141427e-08
2.128617e-08
2.115606e-08
2.102612e-08
2.089412e-08
2.076235e-08
2.062851e-08
2.049493e-08
2.035925e-08
2.022390e-08
2.008641e-08
1.994931e-08
1.981003e-08
1.967120e-08
1.953017e-08
1.938964e-08
1.924686e-08
1.910467e-08
1.896018e-08
1.881634e-08
1.867015e-08
1.852470e-08
1.837685e-08
1.822981e-08
1.808032e-08
1.793173e-08
1.778061e-08
1.763049e-08
1.747778e-08
1.732617e-08
1.717189e-08
1.701881e-08
1.686298e-08
1.670847e-08
1.655112e-08
1.639521e-08
1.623636e-08
1.607908e-08
1.591875e-08
1.576015e-08
1.559836e-08
1.543846e-08
1.527524e-08
1.511408e-08
1.494945e-08
1.478706e-08
1.462105e-08
1.445747e-08
1.429009e-08
1.412537e-08
1.395664e-08
1.379082e-08
1.362076e-08
1.345387e-08
1.328251e-08
1.311460e-08
1.294194e-08
1.277307e-08
1.259913e-08
1.242936e-08
1.225417e-08
1.208357e-08
1.190718e-08
1.173587e-08
1.155839e-08
1.138663e-08
1.120837e-08
1.103671e-08
1.085849e-08
1.068837e-08
1.051240e-08
1.034760e-08
1.017995e-08
1.003058e-08
9.887760e-09
9.781214e-09
9.708141e-09
9.718671e-09
9.837514e-09
1.016679e-08
1.080973e-08
1.200573e-08
1.407582e-08
1.762785e-08
2.358007e-08
3.353618e-08
5.004401e-08
7.740758e-08
1.226117e-07
1.972926e-07
3.205050e-07
5.238058e-07
8.590705e-07
1.411994e-06
2.323679e-06
3.826966e-06
6.305517e-06
1.039212e-05
1.712976e-05
2.823825e-05
4.655256e-05
7.674650e-05
1.265239e-04
2.085824e-04
3.438446e-04
5.667747e-04
9.341071e-04
1.539147e-03
2.535090e-03
4.172793e-03
6.861197e-03
1.126207e-02
1.843334e-02
3.003231e-02
4.856866e-02
7.763025e-02
1.218540e-01
1.861855e-01
2.738872e-01
3.834361e-01
5.062524e-01
6.283187e-01
7.359475e-01
8.212752e-01
8.833982e-01
9.258767e-01
9.536913e-01
9.713911e-01
9.824503e-01
9.892815e-01
9.934714e-01
9.960300e-01
9.975883e-01
9.985358e-01
9.991114e-01
9.994609e-01
9.996729e-01
9.998016e-01
9.998796e-01
9.999270e-01
9.999557e-01
9.999731e-01
9.999837e-01
9.999901e-01
9.999940e-01
9.999963e-01
9.999978e-01
9.999986e-01
9.999992e-01
9.999995e-01
9.999997e-01
9.999998e-01
9.999999e-01
9.999999e-01
9.999999e-01
9.999999e-01
1.000000e+00
1.000000e+00
1.000000e+00
1.000000e+00
1.000000e+00
1.000000e+00
1.000000e+00
1.000000e+00
1.000000e+00
1.000000e+00
1.000000e+00
1.000000e+00
1.000000e+00
1.000000e+00
1.000000e+00
1.000000e+00
1.000000e+00
1.000000e+00
1.000000e+00
1.000000e+00
1.000000e+00
1.000000e+00
1.000000e+00
1.000000e+00
1.000000e+00
1.000000e+00
1.000000e+00
1.000000e+00
9.999999e-01
9.999999e-01
9.999999e-01
9.999999e-01
9.999999e-01
9.999999e-01
9.999999e-01
9.999999e-01
9.999999e-01
9.999999e-01
9.999999e-01
9.999999e-01
9.999999e-01
9.999999e-01
9.999999e-01
9.999999e-01
9.999999e-01
9.999999e-01
9.999999e-01
9.999999e-01
9.999999e-01
9.999999e-01
9.999999e-01
9.999999e-01
9.999999e-01
9.999999e-01
9.999999e-01
9.999999e-01
9.999999e-01
9.999999e-01
9.999999e-01
9.999999e-01
9.999999e-01
9.999999e-01
9.999999e-01
9.999999e-01
9.999999e-01
9.999999e-01
9.999999e-01
9.999999e-01
9.999999e-01
9.999999e-01
9.999999e-01
9.999999e-01
9.999999e-01
9.999999e-01
9.999999e-01
9.999999e-01
9.999999e-01
9.999999e-01
9.999999e-01
9.999999e-01
9.999999e-01
9.999999e-01
9.999999e-01
9.999999e-01
9.999999e-01
9.999999e-01
9.999999e-01
9.999999e-01
9.999999e-01
9.999999e-01
9.999999e-01
9.999999e-01
9.999999e-01
9.999999e-01
9.999999e-01
9.999999e-01
9.999999e-01
9.999999e-01
9.999999e-01
9.999999e-01
9.999999e-01
9.999999e-01
9.999999e-01
9.999999e-01
9.999999e-01
9.999999e-01
9.999999e-01
9.999999e-01
9.999999e-01
9.999999e-01
9.999999e-01
9.999999e-01
9.999999e-01
9.999999e-01
9.999999e-01
9.999999e-01
9.999999e-01
9.999999e-01
9.999999e-01
9.999999e-01
9.999999e-01
9.999999e-01
9.999999e-01
9.999999e-01
9.999999e-01
9.999999e-01
9.999999e-01
9.999999e-01
9.999999e-01
9.999999e-01
9.999999e-01
9.999999e-01
9.999999e-01
9.999999e-01
9.999999e-01
9.999999e-01
9.999999e-01
9.999999e-01
9.999999e-01
9.999999e-01
9.999999e-01
9.999999e-01
9.999999e-01
9.999999e-01
9.999999e-01
9.999999e-01
9.999999e-01
9.999999e-01
9.999999e-01
9.999999e-01
9.999999e-01
9.999999e-01
9.999999e-01
9.999999e-01
9.999999e-01
9.999999e-01
9.999999e-01
9.999999e-01
9.999999e-01
9.999999e-01
9.999999e-01
9.999999e-01
9.999999e-01
9.999999e-01
9.999999e-01
9.999999e-01
9.999999e-01
9.999999e-01
9.999999e-01
9.999999e-01
9.999999e-01
9.999999e-01
9.999999e-01
9.999999e-01
9.999999e-01
9.999999e-01
9.999999e-01
9.999999e-01
9.999999e-01
9.999999e-01
9.999999e-01
9.999999e-01
9.999999e-01
9.999999e-01
9.999999e-01
9.999999e-01
9.999999e-01
9.999999e-01
9.999999e-01
9.999999e-01
9.999999e-01
9.999999e-01
9.999999e-01
9.999999e-01
9.999999e-01
9.999999e-01
9.999999e-01
9.999999e-01
9.999999e-01
9.999999e-01
9.999999e-01
9.999999e-01
9.999999e-01
9.999999e-01
9.999999e-01
9.999999e-01
9.999999e-01
9.999999e-01
9.999999e-01
9.999999e-01
9.999999e-01
9.999999e-01
9.999999e-01
9.999999e-01
9.999999e-01
9.999999e-01
9.999999e-01
9.999999e-01
9.999999e-01
9.999999e-01
9.999999e-01
9.999999e-01
9.999999e-01
9.999999e-01
9.999999e-01
9.999999e-01
9.999999e-01
9.999999e-01
9.999999e-01
9.999999e-01
9.999999e-01
9.999999e-01
9.999999e-01
9.999999e-01
9.999999e-01
9.999999e-01
9.999999e-01
9.999999e-01
9.999999e-01
9.999999e-01
9.999999e-01
9.999999e-01
9.999999e-01
9.999999e-01
9.999999e-01
9.999999e-01
9.999999e-01
9.999999e-01
9.999999e-01
9.999999e-01
9.999999e-01
9.999999e-01
9.999999e-01
9.999999e-01
9.999999e-01
9.999999e-01
9.999999e-01
9.999999e-01
9.999999e-01
9.999999e-01
9.999999e-01
9.999999e-01
9.999999e-01
9.999999e-01
9.999999e-01
9.999999e-01
9.999999e-01
9.999999e-01
9.999999e-01
9.999999e-01
9.999999e-01
9.999999e-01
9.999999e-01
9.999999e-01
9.999999e-01
9.999999e-01
9.999999e-01
9.999999e-01
9.999999e-01
9.999999e-01
9.999999e-01
9.999999e-01
9.999999e-01
9.999999e-01
9.999999e-01
9.999999e-01
9.999999e-01
9.999999e-01
9.999999e-01
9.999999e-01
9.999999e-01
9.999999e-01
9.999999e-01
9.999999e-01
9.999999e-01
9.999999e-01
9.999999e-01
9.999999e-01
9.999999e-01
9.999999e-01
9.999999e-01
9.999999e-01
9.999999e-01
9.999999e-01
9.999999e-01
9.999999e-01
9.999999e-01
9.999999e-01
9.999999e-01
9.999999e-01
9.999999e-01
9.999999e-01
9.999999e-01
9.999999e-01
9.999999e-01
9.999999e-01
9.999999e-01
9.999999e-01
9.999999e-01
9.999999e-01
9.999999e-01
9.999999e-01
9.999999e-01
9.999999e-01
9.999999e-01
9.999999e-01
9.999999e-01
9.999999e-01
9.999999e-01
9.999999e-01
9.999999e-01
9.999999e-01
9.999999e-01
9.999999e-01
9.999999e-01
9.999999e-01
9.999999e-01
9.999999e-01
9.999999e-01
9.999999e-01
9.999999e-01
9.999999e-01
9.999999e-01
9.999999e-01
9.999999e-01
9.999999e-01
9.999999e-01
9.999999e-01
9.999999e-01
9.999999e-01
9.999999e-01
9.999999e-01
9.999999e-01
9.999999e-01
9.999999e-01
9.999999e-01
9.999999e-01
9.999999e-01
9.999999e-01
9.999999e-01
9.999999e-01
9.999999e-01
9.999999e-01
9.999999e-01
9.999999e-01
9.999999e-01
9.999999e-01
9.999999e-01
9.999999e-01
9.999999e-01
9.999999e-01
9.999999e-01
9.999999e-01
9.999999e-01
9.999999e-01
9.999999e-01
9.999999e-01
9.999999e-01
9.999999e-01
9.999999e-01
9.999999e-01
9.999999e-01
9.999999e-01
9.999999e-01
9.999999e-01
9.999999e-01
9.999999e-01
9.999999e-01
9.999999e-01
9.999999e-01
9.999999e-01
9.999999e-01
9.999999e-01
9.999999e-01
9.999999e-01
9.999999e-01
9.999999e-01
9.999999e-01
9.999999e-01
9.999999e-01
9.999999e-01
9.999999e-01
9.999999e-01
9.999999e-01
9.999999e-01
9.999999e-01
9.999999e-01
9.999999e-01
9.999999e-01
9.999999e-01
9.999999e-01
9.999999e-01
9.999999e-01
9.999999e-01
9.999999e-01
9.999999e-01
9.999999e-01
9.999999e-01
9.999999e-01
9.999999e-01
9.999999e-01
9.999999e-01
9.999999e-01
9.999999e-01
9.999999e-01
9.999999e-01
9.999999e-01
9.999999e-01
9.999999e-01
9.999999e-01
9.999999e-01
9.999999e-01
9.999999e-01
9.999999e-01
9.999999e-01
9.999999e-01
9.999999e-01
9.999999e-01
9.999999e-01
9.999999e-01
9.999999e-01
9.999999e-01
9.999999e-01
9.999999e-01
9.999999e-01
9.999999e-01
9.999999e-01
9.999999e-01
9.999999e-01
9.999999e-01
9.999999e-01
9.999999e-01
9.999999e-01
9.999999e-01
9.999999e-01
9.999999e-01
9.999999e-01
9.999999e-01
9.999999e-01
9.999999e-01
9.999999e-01
9.999999e-01
9.999999e-01
9.999999e-01
9.999999e-01
1.000000e+00
1.000000e+00
1.000000e+00
1.000000e+00
1.000000e+00
1.000000e+00
1.000000e+00
1.000000e+00
1.000000e+00
1.000000e+00
1.000000e+00
1.000000e+00
1.000000e+00
1.000000e+00
1.000000e+00
1.000000e+00
1.000000e+00
1.000000e+00
1.000000e+00
1.000000e+00
1.000000e+00
1.000000e+00
1.000000e+00
1.000000e+00
1.000000e+00
1.000000e+00
1.000000e+00
1.000000e+00
9.999999e-01
9.999999e-01
9.999999e-01
9.999999e-01
9.999998e-01
9.999997e-01
9.999995e-01
9.999992e-01
9.999986e-01
9.999978e-01
9.999963e-01
9.999940e-01
9.999901e-01
9.999837e-01
9.999731e-01
9.999557e-01
9.999270e-01
9.998796e-01
9.998016e-01
9.996729e-01
9.994609e-01
9.991114e-01
9.985358e-01
9.975883e-01
9.960300e-01
9.934714e-01
9.892815e-01
9.824503e-01
9.713911e-01
9.536913e-01
9.258767e-01
8.833982e-01
8.212752e-01
7.359475e-01
6.283187e-01
5.062524e-01
3.834361e-01
2.738872e-01
1.861855e-01
1.218540e-01
7.763025e-02
4.856866e-02
3.003231e-02
1.843334e-02
1.126207e-02
6.861197e-03
4.172793e-03
2.535090e-03
1.539147e-03
9.341071e-04
5.667747e-04
3.438446e-04
2.085824e-04
1.265239e-04
7.674650e-05
4.655256e-05
2.823825e-05
1.712976e-05
1.039212e-05
6.305517e-06
3.826966e-06
2.323679e-06
1.411994e-06
8.590705e-07
5.238058e-07
3.205050e-07
1.972926e-07
1.226117e-07
7.740759e-08
5.004402e-08
3.353619e-08
2.358008e-08
1.762786e-08
1.407583e-08
1.200573e-08
1.080973e-08
1.016680e-08
9.837522e-09
9.718679e-09
9.708149e-09
9.781223e-09
9.887769e-09
1.003059e-08
1.017996e-08
1.034761e-08
1.051241e-08
1.068838e-08
1.085850e-08
1.103672e-08
1.120838e-08
1.138664e-08
1.155841e-08
1.173588e-08
1.190719e-08
1.208358e-08
1.225418e-08
1.242937e-08
1.259914e-08
1.277308e-08
1.294195e-08
1.311461e-08
1.328252e-08
1.345389e-08
1.362077e-08
1.379083e-08
1.395666e-08
1.412539e-08
1.429011e-08
1.445749e-08
1.462106e-08
1.478708e-08
1.494947e-08
1.511409e-08
1.527526e-08
1.543847e-08
1.559837e-08
1.576016e-08
1.591877e-08
1.607910e-08
1.623637e-08
1.639522e-08
1.655113e-08
1.670849e-08
1.686299e-08
1.701882e-08
1.717190e-08
1.732618e-08
1.747779e-08
1.763051e-08
1.778062e-08
1.793174e-08
1.808033e-08
1.822982e-08
1.837686e-08
1.852471e-08
1.867016e-08
1.881635e-08
1.896019e-08
1.910468e-08
1.924687e-08
1.938965e-08
1.953017e-08
1.967121e-08
1.981004e-08
1.994931e-08
2.008642e-08
2.022390e-08
2.035926e-08
2.049494e-08
2.062851e-08
2.076236e-08
2.089413e-08
2.102612e-08
2.115606e-08
2.128618e-08
2.141427e-08
2.154248e-08
2.166870e-08
2.179499e-08
2.191930e-08
2.204365e-08
2.216604e-08
2.228842e-08
2.240886e-08
2.252925e-08
2.264773e-08
2.276611e-08
2.288259e-08
2.299895e-08
2.311342e-08
2.322772e-08
2.334015e-08
2.345239e-08
2.356277e-08
2.367292e-08
2.378121e-08
2.388926e-08
2.399546e-08
2.410137e-08
2.420545e-08
2.430922e-08
2.441117e-08
2.451278e-08
2.461257e-08
2.471199e-08
2.480961e-08
2.490683e-08
2.500226e-08
2.509726e-08
2.519048e-08
2.528325e-08
2.537424e-08
2.546477e-08
2.555351e-08
2.564177e-08
2.572825e-08
2.581423e-08
2.589844e-08
2.598212e-08
2.606403e-08
2.614541e-08
2.622501e-08
2.630406e-08
2.638134e-08
2.645805e-08
2.653300e-08
2.660735e-08
2.667995e-08
2.675194e-08
2.682217e-08
2.689178e-08
2.695963e-08
2.702685e-08
2.709232e-08
2.715714e-08
2.722020e-08
2.728260e-08
2.734325e-08
2.740323e-08
2.746145e-08
2.751899e-08
2.757478e-08
2.762988e-08
2.768322e-08
2.773586e-08
2.778675e-08
2.783692e-08
2.788534e-08
2.793304e-08
2.797899e-08
2.802421e-08
2.806767e-08
2.811040e-08
2.815137e-08
2.819160e-08
2.823008e-08
2.826780e-08
2.830377e-08
2.833898e-08
2.837244e-08
2.840513e-08
2.843607e-08
2.846624e-08
2.849466e-08
2.852229e-08
2.854818e-08
2.857329e-08
2.859664e-08
2.861921e-08
2.864002e-08
2.866004e-08
2.867832e-08
2.869579e-08
2.871152e-08
2.872645e-08
2.873963e-08
2.875200e-08
2.876263e-08
2.877245e-08
2.878052e-08
2.878779e-08
2.879331e-08
2.879802e-08
2.880098e-08
2.880313e-08
