9.802714e-13
1.213696e-12
9.788281e-13
1.212030e-12
9.768852e-13
1.210476e-12
9.749979e-13
1.208478e-12
9.723333e-13
1.206313e-12
9.696688e-13
1.203648e-12
9.665602e-13
1.201650e-12
9.637291e-13
1.199207e-12
9.604539e-13
1.197265e-12
9.570678e-13
1.194711e-12
9.533485e-13
1.192157e-12
9.496293e-13
1.189382e-12
9.452439e-13
1.186495e-12
9.410250e-13
1.183664e-12
9.363066e-13
1.180556e-12
9.315881e-13
1.177392e-12
9.262591e-13
1.174005e-12
9.208190e-13
1.170286e-12
9.147683e-13
1.166567e-12
9.083845e-13
1.162181e-12
9.011680e-13
1.157741e-12
8.938961e-13
1.152745e-12
8.859580e-13
1.147693e-12
8.781864e-13
1.142531e-12
8.696377e-13
1.137868e-12
8.612555e-13
1.132427e-12
8.524847e-13
1.127209e-12
8.431034e-13
1.121381e-12
8.331669e-13
1.115608e-12
8.234524e-13
1.109834e-12
8.129608e-13
1.104006e-12
8.025802e-13
1.097955e-12
7.914225e-13
1.091849e-12
7.798207e-13
1.085410e-12
7.675527e-13
1.078637e-12
7.550627e-13
1.071643e-12
7.418510e-13
1.064537e-12
7.283063e-13
1.057376e-12
7.143730e-13
1.050326e-12
7.002732e-13
1.043110e-12
6.855627e-13
1.035949e-12
6.704637e-13
1.028677e-12
6.548651e-13
1.021405e-12
6.388778e-13
1.013967e-12
6.222800e-13
1.006695e-12
6.054601e-13
9.995338e-13
5.878631e-13
9.924284e-13
5.703771e-13
9.854340e-13
5.519474e-13
9.787726e-13
5.330736e-13
9.721113e-13
5.134781e-13
9.655610e-13
4.938272e-13
9.592327e-13
4.733991e-13
9.536816e-13
4.528600e-13
9.482970e-13
4.317657e-13
9.438561e-13
4.105050e-13
9.396928e-13
3.887446e-13
9.365286e-13
3.667067e-13
9.339196e-13
3.441691e-13
9.322543e-13
3.212985e-13
9.315326e-13
2.975398e-13
9.314771e-13
2.736700e-13
9.327539e-13
2.484124e-13
9.348078e-13
2.231548e-13
9.377499e-13
1.964540e-13
9.422463e-13
1.687539e-13
9.476864e-13
1.399991e-13
9.544587e-13
1.102451e-13
9.627854e-13
7.893686e-14
9.728884e-13
4.640732e-14
9.843792e-13
1.221245e-14
9.984236e-13
-2.348122e-14
1.014300e-12
-6.133982e-14
1.033396e-12
-1.010858e-13
1.054601e-12
-1.433298e-13
1.079359e-12
-1.879608e-13
1.107003e-12
-2.359779e-13
1.138756e-12
-2.870482e-13
1.174894e-12
-3.421707e-13
1.215639e-12
-4.012901e-13
1.261768e-12
-4.655165e-13
1.314504e-12
-5.349610e-13
1.374512e-12
-6.096235e-13
1.445233e-12
-6.873946e-13
1.532385e-12
-7.607248e-13
1.652900e-12
-8.060774e-13
1.847633e-12
-7.598921e-13
2.227440e-12
-4.448664e-13
3.089806e-12
6.227796e-13
5.240475e-12
3.763656e-12
1.086331e-11
1.257028e-11
2.589351e-11
3.681450e-11
6.645451e-11
1.030658e-10
1.763691e-10
2.835579e-10
4.747498e-10
7.746489e-10
1.285365e-09
2.110114e-09
3.488293e-09
5.740918e-09
9.475817e-09
1.561122e-08
2.575081e-08
4.244237e-08
6.998988e-08
1.153781e-07
1.902430e-07
3.136391e-07
5.171231e-07
8.525698e-07
1.405673e-06
2.317534e-06
3.820991e-06
6.299702e-06
1.038644e-05
1.712420e-05
2.823276e-05
4.654705e-05
7.674085e-05
1.265179e-04
2.085757e-04
3.438366e-04
5.667644e-04
9.340930e-04
1.539126e-03
2.535059e-03
4.172744e-03
6.861119e-03
1.126195e-02
1.843314e-02
3.003199e-02
4.856815e-02
7.762946e-02
1.218529e-01
1.861838e-01
2.738850e-01
3.834335e-01
5.062497e-01
6.283162e-01
7.359454e-01
8.212736e-01
8.833970e-01
9.258759e-01
9.536909e-01
9.713908e-01
9.824501e-01
9.892814e-01
9.934713e-01
9.960300e-01
9.975883e-01
9.985358e-01
9.991114e-01
9.994609e-01
9.996729e-01
9.998016e-01
9.998797e-01
9.999270e-01
9.999557e-01
9.999731e-01
9.999837e-01
9.999901e-01
9.999940e-01
9.999964e-01
9.999978e-01
9.999987e-01
9.999992e-01
9.999995e-01
9.999997e-01
9.999998e-01
9.999999e-01
9.999999e-01
1.000000e+00
1.000000e+00
1.000000e+00
1.000000e+00
1.000000e+00
1.000000e+00
1.000000e+00
1.000000e+00
1.000000e+00
1.000000e+00
1.000000e+00
1.000000e+00
1.000000e+00
1.000000e+00
1.000000e+00
1.000000e+00
1.000000e+00
1.000000e+00
1.000000e+00
1.000000e+00
1.000000e+00
1.000000e+00
1.000000e+00
1.000000e+00
1.000000e+00
1.000000e+00
1.000000e+00
1.000000e+00
1.000000e+00
1.000000e+00
1.000000e+00
1.000000e+00
1.000000e+00
1.000000e+00
1.000000e+00
1.000000e+00
1.000000e+00
1.000000e+00
1.000000e+00
1.000000e+00
1.000000e+00
1.000000e+00
1.000000e+00
1.000000e+00
1.000000e+00
1.000000e+00
1.000000e+00
1.000000e+00
1.000000e+00
1.000000e+00
1.000000e+00
1.000000e+00
1.000000e+00
1.000000e+00
1.000000e+00
1.000000e+00
1.000000e+00
1.000000e+00
1.000000e+00
1.000000e+00
1.000000e+00
1.000000e+00
1.000000e+00
1.000000e+00
1.000000e+00
1.000000e+00
1.000000e+00
1.000000e+00
1.000000e+00
1.000000e+00
1.000000e+00
1.000000e+00
1.000000e+00
1.000000e+00
1.000000e+00
1.000000e+00
1.000000e+00
1.000000e+00
1.000000e+00
1.000000e+00
1.000000e+00
1.000000e+00
1.000000e+00
1.000000e+00
1.000000e+00
1.000000e+00
1.000000e+00
1.000000e+00
1.000000e+00
1.000000e+00
1.000000e+00
1.000000e+00
1.000000e+00
1.000000e+00
1.000000e+00
1.000000e+00
1.000000e+00
1.000000e+00
1.000000e+00
1.000000e+00
1.000000e+00
1.000000e+00
1.000000e+00
1.000000e+00
1.000000e+00
1.000000e+00
1.000000e+00
1.000000e+00
1.000000e+00
1.000000e+00
1.000000e+00
1.000000e+00
1.000000e+00
1.000000e+00
1.000000e+00
1.000000e+00
1.000000e+00
1.000000e+00
1.000000e+00
1.000000e+00
1.000000e+00
1.000000e+00
1.000000e+00
1.000000e+00
1.000000e+00
1.000000e+00
1.000000e+00
1.000000e+00
1.000000e+00
1.000000e+00
1.000000e+00
1.000000e+00
1.000000e+00
1.000000e+00
1.000000e+00
1.000000e+00
1.000000e+00
1.000000e+00
1.000000e+00
1.000000e+00
1.000000e+00
1.000000e+00
1.000000e+00
1.000000e+00
1.000000e+00
1.000000e+00
1.000000e+00
1.000000e+00
1.000000e+00
1.000000e+00
1.000000e+00
1.000000e+00
1.000000e+00
1.000000e+00
1.000000e+00
1.000000e+00
1.000000e+00
1.000000e+00
1.000000e+00
1.000000e+00
1.000000e+00
1.000000e+00
1.000000e+00
1.000000e+00
1.000000e+00
1.000000e+00
1.000000e+00
1.000000e+00
1.000000e+00
1.000000e+00
1.000000e+00
1.000000e+00
1.000000e+00
1.000000e+00
1.000000e+00
1.000000e+00
1.000000e+00
1.000000e+00
1.000000e+00
1.000000e+00
1.000000e+00
1.000000e+00
1.000000e+00
1.000000e+00
1.000000e+00
1.000000e+00
1.000000e+00
1.000000e+00
1.000000e+00
1.000000e+00
1.000000e+00
1.000000e+00
1.000000e+00
1.000000e+00
1.000000e+00
1.000000e+00
1.000000e+00
1.000000e+00
1.000000e+00
1.000000e+00
1.000000e+00
1.000000e+00
1.000000e+00
1.000000e+00
1.000000e+00
1.000000e+00
1.000000e+00
1.000000e+00
1.000000e+00
1.000000e+00
1.000000e+00
1.000000e+00
1.000000e+00
1.000000e+00
1.000000e+00
1.000000e+00
1.000000e+00
1.000000e+00
1.000000e+00
1.000000e+00
1.000000e+00
1.000000e+00
1.000000e+00
1.000000e+00
1.000000e+00
1.000000e+00
1.000000e+00
1.000000e+00
1.000000e+00
1.000000e+00
1.000000e+00
1.000000e+00
1.000000e+00
1.000000e+00
1.000000e+00
1.000000e+00
1.000000e+00
1.000000e+00
1.000000e+00
1.000000e+00
1.000000e+00
1.000000e+00
1.000000e+00
1.000000e+00
1.000000e+00
1.000000e+00
1.000000e+00
1.000000e+00
1.000000e+00
1.000000e+00
1.000000e+00
1.000000e+00
1.000000e+00
1.000000e+00
1.000000e+00
1.000000e+00
1.000000e+00
1.000000e+00
1.000000e+00
1.000000e+00
1.000000e+00
1.000000e+00
1.000000e+00
1.000000e+00
1.000000e+00
1.000000e+00
1.000000e+00
1.000000e+00
1.000000e+00
1.000000e+00
1.000000e+00
1.000000e+00
1.000000e+00
1.000000e+00
1.000000e+00
1.000000e+00
1.000000e+00
1.000000e+00
1.000000e+00
1.000000e+00
1.000000e+00
1.000000e+00
1.000000e+00
1.000000e+00
1.000000e+00
1.000000e+00
1.000000e+00
1.000000e+00
1.000000e+00
1.000000e+00
1.000000e+00
1.000000e+00
1.000000e+00
1.000000e+00
1.000000e+00
1.000000e+00
1.000000e+00
1.000000e+00
1.000000e+00
1.000000e+00
1.000000e+00
1.000000e+00
1.000000e+00
1.000000e+00
1.000000e+00
1.000000e+00
1.000000e+00
1.000000e+00
1.000000e+00
1.000000e+00
1.000000e+00
1.000000e+00
1.000000e+00
1.000000e+00
1.000000e+00
1.000000e+00
1.000000e+00
1.000000e+00
1.000000e+00
1.000000e+00
1.000000e+00
1.000000e+00
1.000000e+00
1.000000e+00
1.000000e+00
1.000000e+00
1.000000e+00
1.000000e+00
1.000000e+00
1.000000e+00
1.000000e+00
1.000000e+00
1.000000e+00
1.000000e+00
1.000000e+00
1.000000e+00
1.000000e+00
1.000000e+00
1.000000e+00
1.000000e+00
1.000000e+00
1.000000e+00
1.000000e+00
1.000000e+00
1.000000e+00
1.000000e+00
1.000000e+00
1.000000e+00
1.000000e+00
1.000000e+00
1.000000e+00
1.000000e+00
1.000000e+00
1.000000e+00
1.000000e+00
1.000000e+00
1.000000e+00
1.000000e+00
1.000000e+00
1.000000e+00
1.000000e+00
1.000000e+00
1.000000e+00
1.000000e+00
1.000000e+00
1.000000e+00
1.000000e+00
1.000000e+00
1.000000e+00
1.000000e+00
1.000000e+00
1.000000e+00
1.000000e+00
1.000000e+00
1.000000e+00
1.000000e+00
1.000000e+00
1.000000e+00
1.000000e+00
1.000000e+00
1.000000e+00
1.000000e+00
1.000000e+00
1.000000e+00
1.000000e+00
1.000000e+00
1.000000e+00
1.000000e+00
1.000000e+00
1.000000e+00
1.000000e+00
1.000000e+00
1.000000e+00
1.000000e+00
1.000000e+00
1.000000e+00
1.000000e+00
1.000000e+00
1.000000e+00
1.000000e+00
1.000000e+00
1.000000e+00
1.000000e+00
1.000000e+00
1.000000e+00
1.000000e+00
1.000000e+00
1.000000e+00
1.000000e+00
1.000000e+00
1.000000e+00
1.000000e+00
1.000000e+00
1.000000e+00
1.000000e+00
1.000000e+00
1.000000e+00
1.000000e+00
1.000000e+00
1.000000e+00
1.000000e+00
1.000000e+00
1.000000e+00
1.000000e+00
1.000000e+00
1.000000e+00
1.000000e+00
1.000000e+00
1.000000e+00
1.000000e+00
1.000000e+00
1.000000e+00
1.000000e+00
1.000000e+00
1.000000e+00
1.000000e+00
1.000000e+00
1.000000e+00
1.000000e+00
1.000000e+00
1.000000e+00
1.000000e+00
1.000000e+00
1.000000e+00
1.000000e+00
1.000000e+00
1.000000e+00
1.000000e+00
1.000000e+00
1.000000e+00
1.000000e+00
1.000000e+00
1.000000e+00
1.000000e+00
1.000000e+00
1.000000e+00
1.000000e+00
1.000000e+00
1.000000e+00
1.000000e+00
1.000000e+00
1.000000e+00
1.000000e+00
1.000000e+00
1.000000e+00
1.000000e+00
1.000000e+00
1.000000e+00
1.000000e+00
1.000000e+00
1.000000e+00
1.000000e+00
1.000000e+00
1.000000e+00
1.000000e+00
1.000000e+00
1.000000e+00
1.000000e+00
1.000000e+00
1.000000e+00
1.000000e+00
1.000000e+00
1.000000e+00
1.000000e+00
1.000000e+00
1.000000e+00
1.000000e+00
1.000000e+00
1.000000e+00
1.000000e+00
1.000000e+00
1.000000e+00
1.000000e+00
1.000000e+00
1.000000e+00
1.000000e+00
1.000000e+00
9.999999e-01
9.999999e-01
9.999998e-01
9.999997e-01
9.999995e-01
9.999992e-01
9.999987e-01
9.999978e-01
9.999964e-01
9.999940e-01
9.999901e-01
9.999837e-01
9.999731e-01
9.999557e-01
9.999270e-01
9.998797e-01
9.998016e-01
9.996729e-01
9.994609e-01
9.991114e-01
9.985358e-01
9.975883e-01
9.960300e-01
9.934713e-01
9.892814e-01
9.824501e-01
9.713908e-01
9.536909e-01
9.258759e-01
8.833970e-01
8.212736e-01
7.359454e-01
6.283162e-01
5.062497e-01
3.834335e-01
2.738850e-01
1.861838e-01
1.218529e-01
7.762946e-02
4.856815e-02
3.003199e-02
1.843314e-02
1.126195e-02
6.861119e-03
4.172744e-03
2.535059e-03
1.539126e-03
9.340930e-04
5.667644e-04
3.438366e-04
2.085757e-04
1.265179e-04
7.674085e-05
4.654705e-05
2.823276e-05
1.712420e-05
1.038644e-05
6.299702e-06
3.820991e-06
2.317534e-06
1.405673e-06
8.525698e-07
5.171232e-07
3.136392e-07
1.902430e-07
1.153781e-07
6.998990e-08
4.244240e-08
2.575084e-08
1.561125e-08
9.475849e-09
5.740952e-09
3.488328e-09
2.110151e-09
1.285403e-09
7.746891e-10
4.747915e-10
2.836008e-10
1.764136e-10
1.031115e-10
6.650119e-11
3.686212e-11
2.594236e-11
1.262002e-11
1.091438e-11
3.815614e-12
5.293321e-12
6.766809e-13
3.144818e-12
-3.894107e-13
2.283840e-12
-7.026602e-13
1.905753e-12
-7.470691e-13
1.712408e-12
-7.000511e-13
1.593725e-12
-6.252221e-13
1.508016e-12
-5.460632e-13
1.439238e-12
-4.692913e-13
1.380618e-12
-3.982370e-13
1.330047e-12
-3.325673e-13
1.285028e-12
-2.722267e-13
1.245115e-12
-2.164380e-13
1.209421e-12
-1.653122e-13
1.177836e-12
-1.175726e-13
1.149247e-12
-7.360779e-14
1.123990e-12
-3.236300e-14
1.101230e-12
6.106227e-15
1.081302e-12
4.218847e-14
1.063094e-12
7.588374e-14
1.047107e-12
1.079692e-13
1.032952e-12
1.379452e-13
1.020461e-12
1.669775e-13
1.009637e-12
1.937339e-13
1.000089e-12
2.198797e-13
9.914847e-13
2.445266e-13
9.844348e-13
2.678413e-13
9.781065e-13
2.904343e-13
9.731660e-13
3.123612e-13
9.689471e-13
3.332890e-13
9.657275e-13
3.538281e-13
9.632295e-13
3.737566e-13
9.621748e-13
3.934630e-13
9.616752e-13
4.125589e-13
9.622858e-13
4.314327e-13
9.633960e-13
4.501954e-13
9.656165e-13
4.689027e-13
9.683365e-13
4.869438e-13
9.717227e-13
5.052625e-13
9.758860e-13
5.231371e-13
9.806600e-13
5.411782e-13
9.859336e-13
5.584977e-13
9.918177e-13
5.759282e-13
9.975354e-13
5.926926e-13
1.003753e-12
6.090128e-13
1.009692e-12
6.245005e-13
1.015854e-12
6.400991e-13
1.022016e-12
6.549206e-13
1.028289e-12
6.697976e-13
1.034506e-12
6.839529e-13
1.041389e-12
6.981082e-13
1.047717e-12
7.118195e-13
1.054379e-12
7.251977e-13
1.060929e-12
7.382428e-13
1.067646e-12
7.513434e-13
1.074696e-12
7.637224e-13
1.081690e-12
7.764900e-13
1.088463e-12
7.886469e-13
1.095735e-12
8.004708e-13
1.102507e-12
8.119061e-13
1.109168e-12
8.229528e-13
1.115719e-12
8.334444e-13
1.121936e-12
8.437140e-13
1.127987e-12
8.537615e-13
1.134481e-12
8.635870e-13
1.140366e-12
8.730239e-13
1.146527e-12
8.821277e-13
1.152245e-12
8.907874e-13
1.158018e-12
8.994472e-13
1.163347e-12
9.073298e-13
1.168676e-12
9.153234e-13
1.173950e-12
9.226508e-13
1.179001e-12
9.301449e-13
1.183498e-12
9.366952e-13
1.188383e-12
9.430234e-13
1.192380e-12
9.484635e-13
1.196321e-12
9.540146e-13
1.199429e-12
9.585110e-13
1.202760e-12
9.628964e-13
1.205092e-12
9.664491e-13
1.207645e-12
9.698908e-13
1.209421e-12
9.726664e-13
1.211420e-12
9.752754e-13
1.212808e-12
9.773293e-13
1.214195e-12
9.792167e-13
1.214917e-12
9.802159e-13
1.215417e-12
9.812706e-13
1.215583e-12
9.812151e-13
1.215583e-12
9.813261e-13
1.214584e-12
