1.478317e-12
1.711853e-12
1.477152e-12
1.710299e-12
1.475264e-12
1.708800e-12
1.473266e-12
1.706912e-12
1.470990e-12
1.704969e-12
1.468492e-12
1.702916e-12
1.465716e-12
1.700695e-12
1.462719e-12
1.698364e-12
1.459555e-12
1.696365e-12
1.456502e-12
1.694034e-12
1.452560e-12
1.691314e-12
1.448730e-12
1.688150e-12
1.444178e-12
1.685152e-12
1.439404e-12
1.681433e-12
1.434131e-12
1.677825e-12
1.428080e-12
1.673606e-12
1.422140e-12
1.669387e-12
1.415645e-12
1.664502e-12
1.408595e-12
1.659894e-12
1.401212e-12
1.654787e-12
1.393663e-12
1.649403e-12
1.385281e-12
1.643297e-12
1.376177e-12
1.637301e-12
1.366962e-12
1.630973e-12
1.357581e-12
1.624589e-12
1.347589e-12
1.617928e-12
1.336820e-12
1.610934e-12
1.326106e-12
1.603717e-12
1.315115e-12
1.596723e-12
1.303790e-12
1.589506e-12
1.291744e-12
1.581846e-12
1.279199e-12
1.573852e-12
1.266653e-12
1.565803e-12
1.253109e-12
1.557421e-12
1.238898e-12
1.549039e-12
1.224520e-12
1.539990e-12
1.209366e-12
1.531109e-12
1.193823e-12
1.521616e-12
1.177503e-12
1.512235e-12
1.161071e-12
1.502687e-12
1.144196e-12
1.493472e-12
1.126543e-12
1.483424e-12
1.108391e-12
1.473655e-12
1.089684e-12
1.463163e-12
1.069977e-12
1.453004e-12
1.049827e-12
1.442235e-12
1.029121e-12
1.432077e-12
1.007805e-12
1.421252e-12
9.858225e-13
1.410982e-12
9.632850e-13
1.400213e-12
9.399148e-13
1.389999e-12
9.162116e-13
1.379674e-12
8.919532e-13
1.369960e-12
8.670287e-13
1.360023e-12
8.410495e-13
1.350642e-12
8.151257e-13
1.342093e-12
7.888135e-13
1.334266e-12
7.620571e-13
1.326883e-12
7.345236e-13
1.319944e-12
7.062129e-13
1.313893e-12
6.774581e-13
1.308398e-12
6.477041e-13
1.304179e-12
6.173950e-13
1.300793e-12
5.861422e-13
1.298184e-12
5.540013e-13
1.297129e-12
5.209166e-13
1.296685e-12
4.862777e-13
1.297906e-12
4.506950e-13
1.300182e-12
4.136691e-13
1.304401e-12
3.750333e-13
1.310119e-12
3.348433e-13
1.318057e-12
2.930434e-13
1.327993e-12
2.494116e-13
1.340872e-12
2.033929e-13
1.356193e-12
1.548206e-13
1.374123e-12
1.036948e-13
1.395384e-12
4.912737e-14
1.420308e-12
-8.992806e-15
1.449174e-12
-7.088774e-14
1.483202e-12
-1.376677e-13
1.522005e-12
-2.091660e-13
1.567024e-12
-2.862155e-13
1.619427e-12
-3.686496e-13
1.682654e-12
-4.539702e-13
1.762368e-12
-5.344614e-13
1.875056e-12
-5.875300e-13
2.061906e-12
-5.493939e-13
2.433942e-12
-2.424172e-13
3.288536e-12
8.176793e-13
5.431156e-12
3.950507e-12
1.104650e-11
1.274902e-11
2.606837e-11
3.698530e-11
6.662132e-11
1.032289e-10
1.765280e-10
2.837126e-10
4.749007e-10
7.747958e-10
1.285508e-09
2.110253e-09
3.488427e-09
5.741049e-09
9.475944e-09
1.561134e-08
2.575093e-08
4.244249e-08
6.998999e-08
1.153782e-07
1.902431e-07
3.136392e-07
5.171232e-07
8.525699e-07
1.405673e-06
2.317534e-06
3.820991e-06
6.299702e-06
1.038644e-05
1.712420e-05
2.823276e-05
4.654705e-05
7.674085e-05
1.265179e-04
2.085757e-04
3.438366e-04
5.667644e-04
9.340930e-04
1.539126e-03
2.535059e-03
4.172744e-03
6.861119e-03
1.126195e-02
1.843314e-02
3.003199e-02
4.856815e-02
7.762946e-02
1.218529e-01
1.861838e-01
2.738850e-01
3.834335e-01
5.062497e-01
6.283162e-01
7.359454e-01
8.212736e-01
8.833970e-01
9.258759e-01
9.536909e-01
9.713908e-01
9.824501e-01
9.892814e-01
9.934713e-01
9.960300e-01
9.975883e-01
9.985358e-01
9.991114e-01
9.994609e-01
9.996729e-01
9.998016e-01
9.998797e-01
9.999270e-01
9.999557e-01
9.999731e-01
9.999837e-01
9.999901e-01
9.999940e-01
9.999964e-01
9.999978e-01
9.999987e-01
9.999992e-01
9.999995e-01
9.999997e-01
9.999998e-01
9.999999e-01
9.999999e-01
1.000000e+00
1.000000e+00
1.000000e+00
1.000000e+00
1.000000e+00
1.000000e+00
1.000000e+00
1.000000e+00
1.000000e+00
1.000000e+00
1.000000e+00
1.000000e+00
1.000000e+00
1.000000e+00
1.000000e+00
1.000000e+00
1.000000e+00
1.000000e+00
1.000000e+00
1.000000e+00
1.000000e+00
1.000000e+00
1.000000e+00
1.000000e+00
1.000000e+00
1.000000e+00
1.000000e+00
1.000000e+00
1.000000e+00
1.000000e+00
1.000000e+00
1.000000e+00
1.000000e+00
1.000000e+00
1.000000e+00
1.000000e+00
1.000000e+00
1.000000e+00
1.000000e+00
1.000000e+00
1.000000e+00
1.000000e+00
1.000000e+00
1.000000e+00
1.000000e+00
1.000000e+00
1.000000e+00
1.000000e+00
1.000000e+00
1.000000e+00
1.000000e+00
1.000000e+00
1.000000e+00
1.000000e+00
1.000000e+00
1.000000e+00
1.000000e+00
1.000000e+00
1.000000e+00
1.000000e+00
1.000000e+00
1.000000e+00
1.000000e+00
1.000000e+00
1.000000e+00
1.000000e+00
1.000000e+00
1.000000e+00
1.000000e+00
1.000000e+00
1.000000e+00
1.000000e+00
1.000000e+00
1.000000e+00
1.000000e+00
1.000000e+00
1.000000e+00
1.000000e+00
1.000000e+00
1.000000e+00
1.000000e+00
1.000000e+00
1.000000e+00
1.000000e+00
1.000000e+00
1.000000e+00
1.000000e+00
1.000000e+00
1.000000e+00
1.000000e+00
1.000000e+00
1.000000e+00
1.000000e+00
1.000000e+00
1.000000e+00
1.000000e+00
1.000000e+00
1.000000e+00
1.000000e+00
1.000000e+00
1.000000e+00
1.000000e+00
1.000000e+00
1.000000e+00
1.000000e+00
1.000000e+00
1.000000e+00
1.000000e+00
1.000000e+00
1.000000e+00
1.000000e+00
1.000000e+00
1.000000e+00
1.000000e+00
1.000000e+00
1.000000e+00
1.000000e+00
1.000000e+00
1.000000e+00
1.000000e+00
1.000000e+00
1.000000e+00
1.000000e+00
1.000000e+00
1.000000e+00
1.000000e+00
1.000000e+00
1.000000e+00
1.000000e+00
1.000000e+00
1.000000e+00
1.000000e+00
1.000000e+00
1.000000e+00
1.000000e+00
1.000000e+00
1.000000e+00
1.000000e+00
1.000000e+00
1.000000e+00
1.000000e+00
1.000000e+00
1.000000e+00
1.000000e+00
1.000000e+00
1.000000e+00
1.000000e+00
1.000000e+00
1.000000e+00
1.000000e+00
1.000000e+00
1.000000e+00
1.000000e+00
1.000000e+00
1.000000e+00
1.000000e+00
1.000000e+00
1.000000e+00
1.000000e+00
1.000000e+00
1.000000e+00
1.000000e+00
1.000000e+00
1.000000e+00
1.000000e+00
1.000000e+00
1.000000e+00
1.000000e+00
1.000000e+00
1.000000e+00
1.000000e+00
1.000000e+00
1.000000e+00
1.000000e+00
1.000000e+00
1.000000e+00
1.000000e+00
1.000000e+00
1.000000e+00
1.000000e+00
1.000000e+00
1.000000e+00
1.000000e+00
1.000000e+00
1.000000e+00
1.000000e+00
1.000000e+00
1.000000e+00
1.000000e+00
1.000000e+00
1.000000e+00
1.000000e+00
1.000000e+00
1.000000e+00
1.000000e+00
1.000000e+00
1.000000e+00
1.000000e+00
1.000000e+00
1.000000e+00
1.000000e+00
1.000000e+00
1.000000e+00
1.000000e+00
1.000000e+00
1.000000e+00
1.000000e+00
1.000000e+00
1.000000e+00
1.000000e+00
1.000000e+00
1.000000e+00
1.000000e+00
1.000000e+00
1.000000e+00
1.000000e+00
1.000000e+00
1.000000e+00
1.000000e+00
1.000000e+00
1.000000e+00
1.000000e+00
1.000000e+00
1.000000e+00
1.000000e+00
1.000000e+00
1.000000e+00
1.000000e+00
1.000000e+00
1.000000e+00
1.000000e+00
1.000000e+00
1.000000e+00
1.000000e+00
1.000000e+00
1.000000e+00
1.000000e+00
1.000000e+00
1.000000e+00
1.000000e+00
1.000000e+00
1.000000e+00
1.000000e+00
1.000000e+00
1.000000e+00
1.000000e+00
1.000000e+00
1.000000e+00
1.000000e+00
1.000000e+00
1.000000e+00
1.000000e+00
1.000000e+00
1.000000e+00
1.000000e+00
1.000000e+00
1.000000e+00
1.000000e+00
1.000000e+00
1.000000e+00
1.000000e+00
1.000000e+00
1.000000e+00
1.000000e+00
1.000000e+00
1.000000e+00
1.000000e+00
1.000000e+00
1.000000e+00
1.000000e+00
1.000000e+00
1.000000e+00
1.000000e+00
1.000000e+00
1.000000e+00
1.000000e+00
1.000000e+00
1.000000e+00
1.000000e+00
1.000000e+00
1.000000e+00
1.000000e+00
1.000000e+00
1.000000e+00
1.000000e+00
1.000000e+00
1.000000e+00
1.000000e+00
1.000000e+00
1.000000e+00
1.000000e+00
1.000000e+00
1.000000e+00
1.000000e+00
1.000000e+00
1.000000e+00
1.000000e+00
1.000000e+00
1.000000e+00
1.000000e+00
1.000000e+00
1.000000e+00
1.000000e+00
1.000000e+00
1.000000e+00
1.000000e+00
1.000000e+00
1.000000e+00
1.000000e+00
1.000000e+00
1.000000e+00
1.000000e+00
1.000000e+00
1.000000e+00
1.000000e+00
1.000000e+00
1.000000e+00
1.000000e+00
1.000000e+00
1.000000e+00
1.000000e+00
1.000000e+00
1.000000e+00
1.000000e+00
1.000000e+00
1.000000e+00
1.000000e+00
1.000000e+00
1.000000e+00
1.000000e+00
1.000000e+00
1.000000e+00
1.000000e+00
1.000000e+00
1.000000e+00
1.000000e+00
1.000000e+00
1.000000e+00
1.000000e+00
1.000000e+00
1.000000e+00
1.000000e+00
1.000000e+00
1.000000e+00
1.000000e+00
1.000000e+00
1.000000e+00
1.000000e+00
1.000000e+00
1.000000e+00
1.000000e+00
1.000000e+00
1.000000e+00
1.000000e+00
1.000000e+00
1.000000e+00
1.000000e+00
1.000000e+00
1.000000e+00
1.000000e+00
1.000000e+00
1.000000e+00
1.000000e+00
1.000000e+00
1.000000e+00
1.000000e+00
1.000000e+00
1.000000e+00
1.000000e+00
1.000000e+00
1.000000e+00
1.000000e+00
1.000000e+00
1.000000e+00
1.000000e+00
1.000000e+00
1.000000e+00
1.000000e+00
1.000000e+00
1.000000e+00
1.000000e+00
1.000000e+00
1.000000e+00
1.000000e+00
1.000000e+00
1.000000e+00
1.000000e+00
1.000000e+00
1.000000e+00
1.000000e+00
1.000000e+00
1.000000e+00
1.000000e+00
1.000000e+00
1.000000e+00
1.000000e+00
1.000000e+00
1.000000e+00
1.000000e+00
1.000000e+00
1.000000e+00
1.000000e+00
1.000000e+00
1.000000e+00
1.000000e+00
1.000000e+00
1.000000e+00
1.000000e+00
1.000000e+00
1.000000e+00
1.000000e+00
1.000000e+00
1.000000e+00
1.000000e+00
1.000000e+00
1.000000e+00
1.000000e+00
1.000000e+00
1.000000e+00
1.000000e+00
1.000000e+00
1.000000e+00
1.000000e+00
1.000000e+00
1.000000e+00
1.000000e+00
1.000000e+00
1.000000e+00
1.000000e+00
1.000000e+00
1.000000e+00
1.000000e+00
1.000000e+00
1.000000e+00
1.000000e+00
1.000000e+00
1.000000e+00
1.000000e+00
1.000000e+00
1.000000e+00
1.000000e+00
1.000000e+00
1.000000e+00
1.000000e+00
1.000000e+00
1.000000e+00
1.000000e+00
1.000000e+00
1.000000e+00
1.000000e+00
1.000000e+00
1.000000e+00
1.000000e+00
1.000000e+00
1.000000e+00
1.000000e+00
1.000000e+00
1.000000e+00
1.000000e+00
1.000000e+00
1.000000e+00
1.000000e+00
1.000000e+00
1.000000e+00
1.000000e+00
1.000000e+00
1.000000e+00
1.000000e+00
1.000000e+00
1.000000e+00
1.000000e+00
1.000000e+00
1.000000e+00
1.000000e+00
1.000000e+00
1.000000e+00
1.000000e+00
1.000000e+00
1.000000e+00
1.000000e+00
1.000000e+00
1.000000e+00
1.000000e+00
1.000000e+00
1.000000e+00
1.000000e+00
1.000000e+00
1.000000e+00
1.000000e+00
1.000000e+00
1.000000e+00
1.000000e+00
1.000000e+00
1.000000e+00
1.000000e+00
1.000000e+00
1.000000e+00
9.999999e-01
9.999999e-01
9.999998e-01
9.999997e-01
9.999995e-01
9.999992e-01
9.999987e-01
9.999978e-01
9.999964e-01
9.999940e-01
9.999901e-01
9.999837e-01
9.999731e-01
9.999557e-01
9.999270e-01
9.998797e-01
9.998016e-01
9.996729e-01
9.994609e-01
9.991114e-01
9.985358e-01
9.975883e-01
9.960300e-01
9.934713e-01
9.892814e-01
9.824501e-01
9.713908e-01
9.536909e-01
9.258759e-01
8.833970e-01
8.212736e-01
7.359454e-01
6.283162e-01
5.062497e-01
3.834335e-01
2.738850e-01
1.861838e-01
1.218529e-01
7.762946e-02
4.856815e-02
3.003199e-02
1.843314e-02
1.126195e-02
6.861119e-03
4.172744e-03
2.535059e-03
1.539126e-03
9.340930e-04
5.667644e-04
3.438366e-04
2.085757e-04
1.265179e-04
7.674085e-05
4.654705e-05
2.823276e-05
1.712420e-05
1.038644e-05
6.299702e-06
3.820991e-06
2.317534e-06
1.405673e-06
8.525699e-07
5.171233e-07
3.136393e-07
1.902431e-07
1.153782e-07
6.999001e-08
4.244251e-08
2.575095e-08
1.561137e-08
9.475973e-09
5.741080e-09
3.488460e-09
2.110287e-09
1.285543e-09
7.748322e-10
4.749383e-10
2.837516e-10
1.765684e-10
1.032703e-10
6.666401e-11
3.702905e-11
2.611306e-11
1.279482e-11
1.109318e-11
3.998357e-12
5.479894e-12
8.675838e-13
3.339662e-12
-1.905143e-13
2.486678e-12
-4.957701e-13
2.116418e-12
-5.325185e-13
1.930900e-12
-4.776735e-13
1.820044e-12
-3.955170e-13
1.741718e-12
-3.084200e-13
1.680545e-12
-2.244316e-13
1.629363e-12
-1.458833e-13
1.586176e-12
-7.294165e-14
1.548095e-12
-5.384582e-15
1.515343e-12
5.734302e-14
1.486922e-12
1.157963e-13
1.462219e-12
1.701972e-13
1.440292e-12
2.207123e-13
1.421252e-12
2.682854e-13
1.405209e-12
3.133049e-13
1.391443e-12
3.556044e-13
1.379730e-12
3.956280e-13
1.369682e-12
4.332645e-13
1.361300e-12
4.694023e-13
1.354472e-12
5.034861e-13
1.349088e-12
5.360712e-13
1.344980e-12
5.673240e-13
1.341816e-12
5.974110e-13
1.340317e-12
6.265544e-13
1.339373e-12
6.544210e-13
1.339651e-12
6.816214e-13
1.340650e-12
7.079337e-13
1.342926e-12
7.336909e-13
1.345923e-12
7.588929e-13
1.349754e-12
7.835399e-13
1.354361e-12
8.079093e-13
1.359857e-12
8.316681e-13
1.366074e-12
8.548717e-13
1.372624e-12
8.778533e-13
1.379619e-12
9.006129e-13
1.387446e-12
9.228729e-13
1.395550e-12
9.449663e-13
1.404488e-12
9.663381e-13
1.413203e-12
9.876544e-13
1.422473e-12
1.008360e-12
1.431688e-12
1.028566e-12
1.441347e-12
1.048273e-12
1.450895e-12
1.067646e-12
1.460443e-12
1.086242e-12
1.469491e-12
1.104061e-12
1.478706e-12
1.121492e-12
1.487976e-12
1.138922e-12
1.497413e-12
1.155520e-12
1.506462e-12
1.171452e-12
1.515288e-12
1.187161e-12
1.524114e-12
1.202649e-12
1.533274e-12
1.217970e-12
1.542377e-12
1.232570e-12
1.551426e-12
1.246836e-12
1.559863e-12
1.260936e-12
1.568745e-12
1.274592e-12
1.577072e-12
1.287415e-12
1.585621e-12
1.300293e-12
1.593781e-12
1.312506e-12
1.601774e-12
1.324441e-12
1.609268e-12
1.335709e-12
1.616929e-12
1.346923e-12
1.624478e-12
1.357858e-12
1.632139e-12
1.368461e-12
1.639189e-12
1.378453e-12
1.646183e-12
1.388112e-12
1.652511e-12
1.397327e-12
1.659228e-12
1.406153e-12
1.665390e-12
1.414535e-12
1.671163e-12
1.422529e-12
1.676659e-12
1.430245e-12
1.682099e-12
1.437295e-12
1.687039e-12
1.443790e-12
1.691702e-12
1.449729e-12
1.695810e-12
1.455336e-12
1.699918e-12
1.460165e-12
1.702805e-12
1.464162e-12
1.705303e-12
1.467715e-12
1.707690e-12
1.471157e-12
1.709799e-12
1.473821e-12
1.711464e-12
1.475597e-12
1.712186e-12
1.477207e-12
1.712741e-12
1.478317e-12
1.713296e-12
1.478984e-12
1.713574e-12
1.479261e-12
1.713407e-12
1.479039e-12
1.712630e-12
