1.334488e-12
1.568190e-12
1.333322e-12
1.566525e-12
1.331768e-12
1.565414e-12
1.330325e-12
1.563749e-12
1.328049e-12
1.562195e-12
1.325329e-12
1.559308e-12
1.322276e-12
1.557088e-12
1.319167e-12
1.554756e-12
1.315892e-12
1.552980e-12
1.313005e-12
1.550537e-12
1.309508e-12
1.548317e-12
1.306011e-12
1.545819e-12
1.301903e-12
1.543154e-12
1.297462e-12
1.539713e-12
1.292799e-12
1.537104e-12
1.287914e-12
1.533940e-12
1.282696e-12
1.530387e-12
1.276701e-12
1.526057e-12
1.270317e-12
1.521783e-12
1.263656e-12
1.517064e-12
1.256106e-12
1.512290e-12
1.248002e-12
1.506462e-12
1.239397e-12
1.500744e-12
1.230571e-12
1.494749e-12
1.221301e-12
1.488920e-12
1.211864e-12
1.482592e-12
1.201983e-12
1.476264e-12
1.191991e-12
1.470046e-12
1.181610e-12
1.463385e-12
1.170619e-12
1.456557e-12
1.159295e-12
1.449729e-12
1.147582e-12
1.442679e-12
1.135647e-12
1.435574e-12
1.122824e-12
1.427913e-12
1.109890e-12
1.420253e-12
1.096456e-12
1.412481e-12
1.082245e-12
1.404432e-12
1.067035e-12
1.395328e-12
1.051770e-12
1.386447e-12
1.035727e-12
1.377898e-12
1.019573e-12
1.369516e-12
1.003475e-12
1.360800e-12
9.863221e-13
1.352196e-12
9.690582e-13
1.343536e-12
9.512391e-13
1.334766e-12
9.325873e-13
1.325662e-12
9.133250e-13
1.317058e-12
8.938406e-13
1.308231e-12
8.733569e-13
1.299294e-12
8.521517e-13
1.290024e-12
8.304468e-13
1.281197e-12
8.081313e-13
1.272371e-12
7.852052e-13
1.263878e-12
7.615020e-13
1.255107e-12
7.372436e-13
1.247558e-12
7.128742e-13
1.240508e-12
6.880607e-13
1.234512e-12
6.630807e-13
1.228628e-12
6.373235e-13
1.223799e-12
6.109557e-13
1.219358e-12
5.838108e-13
1.215805e-12
5.558887e-13
1.212808e-12
5.269118e-13
1.211031e-12
4.972134e-13
1.210143e-12
4.666267e-13
1.210476e-12
4.348744e-13
1.211420e-12
4.018452e-13
1.214195e-12
3.678169e-13
1.217915e-12
3.319012e-13
1.223355e-12
2.944867e-13
1.229850e-12
2.551848e-13
1.238676e-12
2.142175e-13
1.249778e-12
1.713629e-13
1.263545e-12
1.268430e-13
1.279699e-12
7.932544e-14
1.299238e-12
2.964295e-14
1.322054e-12
-2.348122e-14
1.348699e-12
-7.971401e-14
1.379341e-12
-1.399991e-13
1.415201e-12
-2.043921e-13
1.456169e-12
-2.741141e-13
1.503297e-12
-3.492762e-13
1.557310e-12
-4.297673e-13
1.622202e-12
-5.130896e-13
1.703693e-12
-5.921375e-13
1.818268e-12
-6.437628e-13
2.006673e-12
-6.038503e-13
2.380374e-12
-2.950418e-13
3.236633e-12
7.664980e-13
5.380918e-12
3.901102e-12
1.099765e-11
1.270140e-11
2.602174e-11
3.693967e-11
6.657674e-11
1.031852e-10
1.764854e-10
2.836706e-10
4.748596e-10
7.747557e-10
1.285468e-09
2.110215e-09
3.488390e-09
5.741013e-09
9.475908e-09
1.561131e-08
2.575089e-08
4.244245e-08
6.998995e-08
1.153782e-07
1.902430e-07
3.136392e-07
5.171232e-07
8.525699e-07
1.405673e-06
2.317534e-06
3.820991e-06
6.299702e-06
1.038644e-05
1.712420e-05
2.823276e-05
4.654705e-05
7.674085e-05
1.265179e-04
2.085757e-04
3.438366e-04
5.667644e-04
9.340930e-04
1.539126e-03
2.535059e-03
4.172744e-03
6.861119e-03
1.126195e-02
1.843314e-02
3.003199e-02
4.856815e-02
7.762946e-02
1.218529e-01
1.861838e-01
2.738850e-01
3.834335e-01
5.062497e-01
6.283162e-01
7.359454e-01
8.212736e-01
8.833970e-01
9.258759e-01
9.536909e-01
9.713908e-01
9.824501e-01
9.892814e-01
9.934713e-01
9.960300e-01
9.975883e-01
9.985358e-01
9.991114e-01
9.994609e-01
9.996729e-01
9.998016e-01
9.998797e-01
9.999270e-01
9.999557e-01
9.999731e-01
9.999837e-01
9.999901e-01
9.999940e-01
9.999964e-01
9.999978e-01
9.999987e-01
9.999992e-01
9.999995e-01
9.999997e-01
9.999998e-01
9.999999e-01
9.999999e-01
1.000000e+00
1.000000e+00
1.000000e+00
1.000000e+00
1.000000e+00
1.000000e+00
1.000000e+00
1.000000e+00
1.000000e+00
1.000000e+00
1.000000e+00
1.000000e+00
1.000000e+00
1.000000e+00
1.000000e+00
1.000000e+00
1.000000e+00
1.000000e+00
1.000000e+00
1.000000e+00
1.000000e+00
1.000000e+00
1.000000e+00
1.000000e+00
1.000000e+00
1.000000e+00
1.000000e+00
1.000000e+00
1.000000e+00
1.000000e+00
1.000000e+00
1.000000e+00
1.000000e+00
1.000000e+00
1.000000e+00
1.000000e+00
1.000000e+00
1.000000e+00
1.000000e+00
1.000000e+00
1.000000e+00
1.000000e+00
1.000000e+00
1.000000e+00
1.000000e+00
1.000000e+00
1.000000e+00
1.000000e+00
1.000000e+00
1.000000e+00
1.000000e+00
1.000000e+00
1.000000e+00
1.000000e+00
1.000000e+00
1.000000e+00
1.000000e+00
1.000000e+00
1.000000e+00
1.000000e+00
1.000000e+00
1.000000e+00
1.000000e+00
1.000000e+00
1.000000e+00
1.000000e+00
1.000000e+00
1.000000e+00
1.000000e+00
1.000000e+00
1.000000e+00
1.000000e+00
1.000000e+00
1.000000e+00
1.000000e+00
1.000000e+00
1.000000e+00
1.000000e+00
1.000000e+00
1.000000e+00
1.000000e+00
1.000000e+00
1.000000e+00
1.000000e+00
1.000000e+00
1.000000e+00
1.000000e+00
1.000000e+00
1.000000e+00
1.000000e+00
1.000000e+00
1.000000e+00
1.000000e+00
1.000000e+00
1.000000e+00
1.000000e+00
1.000000e+00
1.000000e+00
1.000000e+00
1.000000e+00
1.000000e+00
1.000000e+00
1.000000e+00
1.000000e+00
1.000000e+00
1.000000e+00
1.000000e+00
1.000000e+00
1.000000e+00
1.000000e+00
1.000000e+00
1.000000e+00
1.000000e+00
1.000000e+00
1.000000e+00
1.000000e+00
1.000000e+00
1.000000e+00
1.000000e+00
1.000000e+00
1.000000e+00
1.000000e+00
1.000000e+00
1.000000e+00
1.000000e+00
1.000000e+00
1.000000e+00
1.000000e+00
1.000000e+00
1.000000e+00
1.000000e+00
1.000000e+00
1.000000e+00
1.000000e+00
1.000000e+00
1.000000e+00
1.000000e+00
1.000000e+00
1.000000e+00
1.000000e+00
1.000000e+00
1.000000e+00
1.000000e+00
1.000000e+00
1.000000e+00
1.000000e+00
1.000000e+00
1.000000e+00
1.000000e+00
1.000000e+00
1.000000e+00
1.000000e+00
1.000000e+00
1.000000e+00
1.000000e+00
1.000000e+00
1.000000e+00
1.000000e+00
1.000000e+00
1.000000e+00
1.000000e+00
1.000000e+00
1.000000e+00
1.000000e+00
1.000000e+00
1.000000e+00
1.000000e+00
1.000000e+00
1.000000e+00
1.000000e+00
1.000000e+00
1.000000e+00
1.000000e+00
1.000000e+00
1.000000e+00
1.000000e+00
1.000000e+00
1.000000e+00
1.000000e+00
1.000000e+00
1.000000e+00
1.000000e+00
1.000000e+00
1.000000e+00
1.000000e+00
1.000000e+00
1.000000e+00
1.000000e+00
1.000000e+00
1.000000e+00
1.000000e+00
1.000000e+00
1.000000e+00
1.000000e+00
1.000000e+00
1.000000e+00
1.000000e+00
1.000000e+00
1.000000e+00
1.000000e+00
1.000000e+00
1.000000e+00
1.000000e+00
1.000000e+00
1.000000e+00
1.000000e+00
1.000000e+00
1.000000e+00
1.000000e+00
1.000000e+00
1.000000e+00
1.000000e+00
1.000000e+00
1.000000e+00
1.000000e+00
1.000000e+00
1.000000e+00
1.000000e+00
1.000000e+00
1.000000e+00
1.000000e+00
1.000000e+00
1.000000e+00
1.000000e+00
1.000000e+00
1.000000e+00
1.000000e+00
1.000000e+00
1.000000e+00
1.000000e+00
1.000000e+00
1.000000e+00
1.000000e+00
1.000000e+00
1.000000e+00
1.000000e+00
1.000000e+00
1.000000e+00
1.000000e+00
1.000000e+00
1.000000e+00
1.000000e+00
1.000000e+00
1.000000e+00
1.000000e+00
1.000000e+00
1.000000e+00
1.000000e+00
1.000000e+00
1.000000e+00
1.000000e+00
1.000000e+00
1.000000e+00
1.000000e+00
1.000000e+00
1.000000e+00
1.000000e+00
1.000000e+00
1.000000e+00
1.000000e+00
1.000000e+00
1.000000e+00
1.000000e+00
1.000000e+00
1.000000e+00
1.000000e+00
1.000000e+00
1.000000e+00
1.000000e+00
1.000000e+00
1.000000e+00
1.000000e+00
1.000000e+00
1.000000e+00
1.000000e+00
1.000000e+00
1.000000e+00
1.000000e+00
1.000000e+00
1.000000e+00
1.000000e+00
1.000000e+00
1.000000e+00
1.000000e+00
1.000000e+00
1.000000e+00
1.000000e+00
1.000000e+00
1.000000e+00
1.000000e+00
1.000000e+00
1.000000e+00
1.000000e+00
1.000000e+00
1.000000e+00
1.000000e+00
1.000000e+00
1.000000e+00
1.000000e+00
1.000000e+00
1.000000e+00
1.000000e+00
1.000000e+00
1.000000e+00
1.000000e+00
1.000000e+00
1.000000e+00
1.000000e+00
1.000000e+00
1.000000e+00
1.000000e+00
1.000000e+00
1.000000e+00
1.000000e+00
1.000000e+00
1.000000e+00
1.000000e+00
1.000000e+00
1.000000e+00
1.000000e+00
1.000000e+00
1.000000e+00
1.000000e+00
1.000000e+00
1.000000e+00
1.000000e+00
1.000000e+00
1.000000e+00
1.000000e+00
1.000000e+00
1.000000e+00
1.000000e+00
1.000000e+00
1.000000e+00
1.000000e+00
1.000000e+00
1.000000e+00
1.000000e+00
1.000000e+00
1.000000e+00
1.000000e+00
1.000000e+00
1.000000e+00
1.000000e+00
1.000000e+00
1.000000e+00
1.000000e+00
1.000000e+00
1.000000e+00
1.000000e+00
1.000000e+00
1.000000e+00
1.000000e+00
1.000000e+00
1.000000e+00
1.000000e+00
1.000000e+00
1.000000e+00
1.000000e+00
1.000000e+00
1.000000e+00
1.000000e+00
1.000000e+00
1.000000e+00
1.000000e+00
1.000000e+00
1.000000e+00
1.000000e+00
1.000000e+00
1.000000e+00
1.000000e+00
1.000000e+00
1.000000e+00
1.000000e+00
1.000000e+00
1.000000e+00
1.000000e+00
1.000000e+00
1.000000e+00
1.000000e+00
1.000000e+00
1.000000e+00
1.000000e+00
1.000000e+00
1.000000e+00
1.000000e+00
1.000000e+00
1.000000e+00
1.000000e+00
1.000000e+00
1.000000e+00
1.000000e+00
1.000000e+00
1.000000e+00
1.000000e+00
1.000000e+00
1.000000e+00
1.000000e+00
1.000000e+00
1.000000e+00
1.000000e+00
1.000000e+00
1.000000e+00
1.000000e+00
1.000000e+00
1.000000e+00
1.000000e+00
1.000000e+00
1.000000e+00
1.000000e+00
1.000000e+00
1.000000e+00
1.000000e+00
1.000000e+00
1.000000e+00
1.000000e+00
1.000000e+00
1.000000e+00
1.000000e+00
1.000000e+00
1.000000e+00
1.000000e+00
1.000000e+00
1.000000e+00
1.000000e+00
1.000000e+00
1.000000e+00
1.000000e+00
1.000000e+00
1.000000e+00
1.000000e+00
1.000000e+00
1.000000e+00
1.000000e+00
1.000000e+00
1.000000e+00
1.000000e+00
1.000000e+00
1.000000e+00
1.000000e+00
1.000000e+00
1.000000e+00
1.000000e+00
1.000000e+00
1.000000e+00
1.000000e+00
1.000000e+00
1.000000e+00
1.000000e+00
1.000000e+00
1.000000e+00
1.000000e+00
1.000000e+00
1.000000e+00
1.000000e+00
1.000000e+00
1.000000e+00
1.000000e+00
1.000000e+00
1.000000e+00
1.000000e+00
1.000000e+00
1.000000e+00
1.000000e+00
1.000000e+00
1.000000e+00
1.000000e+00
1.000000e+00
1.000000e+00
1.000000e+00
1.000000e+00
1.000000e+00
1.000000e+00
1.000000e+00
1.000000e+00
1.000000e+00
1.000000e+00
1.000000e+00
1.000000e+00
1.000000e+00
1.000000e+00
1.000000e+00
1.000000e+00
1.000000e+00
1.000000e+00
1.000000e+00
1.000000e+00
1.000000e+00
1.000000e+00
1.000000e+00
1.000000e+00
1.000000e+00
1.000000e+00
1.000000e+00
1.000000e+00
1.000000e+00
1.000000e+00
9.999999e-01
9.999999e-01
9.999998e-01
9.999997e-01
9.999995e-01
9.999992e-01
9.999987e-01
9.999978e-01
9.999964e-01
9.999940e-01
9.999901e-01
9.999837e-01
9.999731e-01
9.999557e-01
9.999270e-01
9.998797e-01
9.998016e-01
9.996729e-01
9.994609e-01
9.991114e-01
9.985358e-01
9.975883e-01
9.960300e-01
9.934713e-01
9.892814e-01
9.824501e-01
9.713908e-01
9.536909e-01
9.258759e-01
8.833970e-01
8.212736e-01
7.359454e-01
6.283162e-01
5.062497e-01
3.834335e-01
2.738850e-01
1.861838e-01
1.218529e-01
7.762946e-02
4.856815e-02
3.003199e-02
1.843314e-02
1.126195e-02
6.861119e-03
4.172744e-03
2.535059e-03
1.539126e-03
9.340930e-04
5.667644e-04
3.438366e-04
2.085757e-04
1.265179e-04
7.674085e-05
4.654705e-05
2.823276e-05
1.712420e-05
1.038644e-05
6.299702e-06
3.820991e-06
2.317534e-06
1.405673e-06
8.525699e-07
5.171232e-07
3.136392e-07
1.902431e-07
1.153782e-07
6.998998e-08
4.244248e-08
2.575092e-08
1.561134e-08
9.475939e-09
5.741045e-09
3.488424e-09
2.110250e-09
1.285505e-09
7.747942e-10
4.748993e-10
2.837119e-10
1.765280e-10
1.032290e-10
6.662199e-11
3.698586e-11
2.606904e-11
1.274991e-11
1.104694e-11
3.951062e-12
5.431711e-12
8.182344e-13
3.289369e-12
-2.416400e-13
2.434497e-12
-5.490608e-13
2.062517e-12
-5.871970e-13
1.875333e-12
-5.341283e-13
1.762757e-12
-4.535261e-13
1.682654e-12
-3.682610e-13
1.619926e-12
-2.858824e-13
1.567302e-12
-2.089995e-13
1.522171e-12
-1.378342e-13
1.482481e-12
-7.194245e-14
1.448175e-12
-1.076916e-14
1.417977e-12
4.601874e-14
1.391665e-12
9.886536e-14
1.368072e-12
1.481038e-13
1.347922e-12
1.941780e-13
1.330380e-12
2.375877e-13
1.315448e-12
2.788325e-13
1.302236e-12
3.175793e-13
1.291189e-12
3.544942e-13
1.281752e-12
3.892997e-13
1.273981e-12
4.224954e-13
1.267431e-12
4.540257e-13
1.262324e-12
4.842238e-13
1.258327e-12
5.132561e-13
1.255607e-12
5.409562e-13
1.253220e-12
5.677681e-13
1.252387e-12
5.939138e-13
1.252332e-12
6.188938e-13
1.253220e-12
6.430967e-13
1.254163e-12
6.666334e-13
1.256328e-12
6.892820e-13
1.259215e-12
7.117640e-13
1.263212e-12
7.342460e-13
1.267486e-12
7.557288e-13
1.272593e-12
7.774337e-13
1.278366e-12
7.985279e-13
1.284750e-12
8.195666e-13
1.291411e-12
8.402168e-13
1.299016e-12
8.604784e-13
1.306677e-12
8.804069e-13
1.314782e-12
8.998913e-13
1.322498e-12
9.186540e-13
1.330547e-12
9.371393e-13
1.338651e-12
9.547363e-13
1.346812e-12
9.717227e-13
1.354472e-12
9.883205e-13
1.362299e-12
1.004419e-12
1.370071e-12
1.020073e-12
1.378064e-12
1.035394e-12
1.385614e-12
1.050160e-12
1.393496e-12
1.065037e-12
1.401601e-12
1.079747e-12
1.409817e-12
1.093625e-12
1.417644e-12
1.107503e-12
1.425859e-12
1.120937e-12
1.433742e-12
1.134315e-12
1.442069e-12
1.147249e-12
1.449729e-12
1.159739e-12
1.457334e-12
1.171951e-12
1.465106e-12
1.183553e-12
1.472489e-12
1.194267e-12
1.478762e-12
1.204647e-12
1.485201e-12
1.214584e-12
1.491696e-12
1.224632e-12
1.498468e-12
1.234457e-12
1.504852e-12
1.243505e-12
1.510847e-12
1.252443e-12
1.516787e-12
1.261324e-12
1.522782e-12
1.269262e-12
1.527889e-12
1.276923e-12
1.533218e-12
1.284195e-12
1.538270e-12
1.291356e-12
1.543099e-12
1.297518e-12
1.547040e-12
1.303402e-12
1.551093e-12
1.308842e-12
1.554645e-12
1.313671e-12
1.557809e-12
1.317779e-12
1.559863e-12
1.321221e-12
1.562306e-12
1.324385e-12
1.564082e-12
1.327438e-12
1.566358e-12
1.330158e-12
1.567746e-12
1.332268e-12
1.568856e-12
1.333933e-12
1.569744e-12
1.335154e-12
1.570244e-12
1.335654e-12
1.569911e-12
1.335654e-12
1.569578e-12
1.335210e-12
1.568967e-12
