1.674327e-12
1.907918e-12
1.673439e-12
1.906808e-12
1.672107e-12
1.905476e-12
1.670220e-12
1.904310e-12
1.668665e-12
1.902645e-12
1.666389e-12
1.900757e-12
1.663836e-12
1.898925e-12
1.661005e-12
1.897149e-12
1.658507e-12
1.895373e-12
1.655565e-12
1.893208e-12
1.652400e-12
1.891154e-12
1.648626e-12
1.888489e-12
1.644851e-12
1.885991e-12
1.640355e-12
1.882938e-12
1.635581e-12
1.879552e-12
1.630418e-12
1.876166e-12
1.624867e-12
1.872280e-12
1.618816e-12
1.867895e-12
1.612099e-12
1.863565e-12
1.604827e-12
1.858402e-12
1.597666e-12
1.853240e-12
1.589173e-12
1.847578e-12
1.580347e-12
1.841804e-12
1.571521e-12
1.835532e-12
1.562306e-12
1.829759e-12
1.552591e-12
1.823097e-12
1.542322e-12
1.815936e-12
1.531164e-12
1.808942e-12
1.520228e-12
1.801670e-12
1.508516e-12
1.793898e-12
1.496359e-12
1.786349e-12
1.483591e-12
1.778300e-12
1.470546e-12
1.769807e-12
1.456835e-12
1.761036e-12
1.442402e-12
1.751932e-12
1.427136e-12
1.742606e-12
1.411760e-12
1.732892e-12
1.395328e-12
1.722789e-12
1.378453e-12
1.712852e-12
1.361189e-12
1.702194e-12
1.343370e-12
1.692146e-12
1.324829e-12
1.681155e-12
1.305789e-12
1.670275e-12
1.285749e-12
1.659117e-12
1.265654e-12
1.647682e-12
1.244282e-12
1.636080e-12
1.222467e-12
1.624700e-12
1.200151e-12
1.613043e-12
1.177114e-12
1.601497e-12
1.153244e-12
1.589673e-12
1.128597e-12
1.577571e-12
1.103062e-12
1.565803e-12
1.077305e-12
1.554368e-12
1.050660e-12
1.542821e-12
1.023348e-12
1.532163e-12
9.956480e-13
1.521339e-12
9.673928e-13
1.511957e-12
9.386381e-13
1.502409e-12
9.090506e-13
1.493639e-12
8.786860e-13
1.485367e-12
8.480994e-13
1.478373e-12
8.161805e-13
1.471268e-12
7.836509e-13
1.465772e-12
7.497336e-13
1.460831e-12
7.152612e-13
1.456890e-12
6.795120e-13
1.453893e-12
6.424306e-13
1.452283e-12
6.037393e-13
1.452172e-12
5.642709e-13
1.453615e-12
5.230261e-13
1.456446e-12
4.798384e-13
1.461553e-12
4.348188e-13
1.468381e-12
3.881895e-13
1.478151e-12
3.391731e-13
1.490141e-12
2.876588e-13
1.505296e-12
2.330913e-13
1.523504e-12
1.757483e-13
1.545486e-12
1.145195e-13
1.571354e-12
4.940492e-14
1.602107e-12
-2.009504e-14
1.637912e-12
-9.464651e-14
1.679934e-12
-1.748601e-13
1.729505e-12
-2.601253e-13
1.789457e-12
-3.486655e-13
1.866007e-12
-4.320988e-13
1.975364e-12
-4.888867e-13
2.159106e-12
-4.537482e-13
2.528033e-12
-1.499911e-13
3.379186e-12
9.068302e-13
5.518808e-12
4.036327e-12
1.113060e-11
1.283157e-11
2.614897e-11
3.706413e-11
6.669881e-11
1.033047e-10
1.766022e-10
2.837847e-10
4.749711e-10
7.748646e-10
1.285574e-09
2.110318e-09
3.488491e-09
5.741111e-09
9.476003e-09
1.561140e-08
2.575098e-08
4.244254e-08
6.999004e-08
1.153782e-07
1.902431e-07
3.136393e-07
5.171233e-07
8.525699e-07
1.405673e-06
2.317534e-06
3.820991e-06
6.299702e-06
1.038644e-05
1.712420e-05
2.823276e-05
4.654705e-05
7.674085e-05
1.265179e-04
2.085757e-04
3.438366e-04
5.667644e-04
9.340930e-04
1.539126e-03
2.535059e-03
4.172744e-03
6.861119e-03
1.126195e-02
1.843314e-02
3.003199e-02
4.856815e-02
7.762946e-02
1.218529e-01
1.861838e-01
2.738850e-01
3.834335e-01
5.062497e-01
6.283162e-01
7.359454e-01
8.212736e-01
8.833970e-01
9.258759e-01
9.536909e-01
9.713908e-01
9.824501e-01
9.892814e-01
9.934713e-01
9.960300e-01
9.975883e-01
9.985358e-01
9.991114e-01
9.994609e-01
9.996729e-01
9.998016e-01
9.998797e-01
9.999270e-01
9.999557e-01
9.999731e-01
9.999837e-01
9.999901e-01
9.999940e-01
9.999964e-01
9.999978e-01
9.999987e-01
9.999992e-01
9.999995e-01
9.999997e-01
9.999998e-01
9.999999e-01
9.999999e-01
1.000000e+00
1.000000e+00
1.000000e+00
1.000000e+00
1.000000e+00
1.000000e+00
1.000000e+00
1.000000e+00
1.000000e+00
1.000000e+00
1.000000e+00
1.000000e+00
1.000000e+00
1.000000e+00
1.000000e+00
1.000000e+00
1.000000e+00
1.000000e+00
1.000000e+00
1.000000e+00
1.000000e+00
1.000000e+00
1.000000e+00
1.000000e+00
1.000000e+00
1.000000e+00
1.000000e+00
1.000000e+00
1.000000e+00
1.000000e+00
1.000000e+00
1.000000e+00
1.000000e+00
1.000000e+00
1.000000e+00
1.000000e+00
1.000000e+00
1.000000e+00
1.000000e+00
1.000000e+00
1.000000e+00
1.000000e+00
1.000000e+00
1.000000e+00
1.000000e+00
1.000000e+00
1.000000e+00
1.000000e+00
1.000000e+00
1.000000e+00
1.000000e+00
1.000000e+00
1.000000e+00
1.000000e+00
1.000000e+00
1.000000e+00
1.000000e+00
1.000000e+00
1.000000e+00
1.000000e+00
1.000000e+00
1.000000e+00
1.000000e+00
1.000000e+00
1.000000e+00
1.000000e+00
1.000000e+00
1.000000e+00
1.000000e+00
1.000000e+00
1.000000e+00
1.000000e+00
1.000000e+00
1.000000e+00
1.000000e+00
1.000000e+00
1.000000e+00
1.000000e+00
1.000000e+00
1.000000e+00
1.000000e+00
1.000000e+00
1.000000e+00
1.000000e+00
1.000000e+00
1.000000e+00
1.000000e+00
1.000000e+00
1.000000e+00
1.000000e+00
1.000000e+00
1.000000e+00
1.000000e+00
1.000000e+00
1.000000e+00
1.000000e+00
1.000000e+00
1.000000e+00
1.000000e+00
1.000000e+00
1.000000e+00
1.000000e+00
1.000000e+00
1.000000e+00
1.000000e+00
1.000000e+00
1.000000e+00
1.000000e+00
1.000000e+00
1.000000e+00
1.000000e+00
1.000000e+00
1.000000e+00
1.000000e+00
1.000000e+00
1.000000e+00
1.000000e+00
1.000000e+00
1.000000e+00
1.000000e+00
1.000000e+00
1.000000e+00
1.000000e+00
1.000000e+00
1.000000e+00
1.000000e+00
1.000000e+00
1.000000e+00
1.000000e+00
1.000000e+00
1.000000e+00
1.000000e+00
1.000000e+00
1.000000e+00
1.000000e+00
1.000000e+00
1.000000e+00
1.000000e+00
1.000000e+00
1.000000e+00
1.000000e+00
1.000000e+00
1.000000e+00
1.000000e+00
1.000000e+00
1.000000e+00
1.000000e+00
1.000000e+00
1.000000e+00
1.000000e+00
1.000000e+00
1.000000e+00
1.000000e+00
1.000000e+00
1.000000e+00
1.000000e+00
1.000000e+00
1.000000e+00
1.000000e+00
1.000000e+00
1.000000e+00
1.000000e+00
1.000000e+00
1.000000e+00
1.000000e+00
1.000000e+00
1.000000e+00
1.000000e+00
1.000000e+00
1.000000e+00
1.000000e+00
1.000000e+00
1.000000e+00
1.000000e+00
1.000000e+00
1.000000e+00
1.000000e+00
1.000000e+00
1.000000e+00
1.000000e+00
1.000000e+00
1.000000e+00
1.000000e+00
1.000000e+00
1.000000e+00
1.000000e+00
1.000000e+00
1.000000e+00
1.000000e+00
1.000000e+00
1.000000e+00
1.000000e+00
1.000000e+00
1.000000e+00
1.000000e+00
1.000000e+00
1.000000e+00
1.000000e+00
1.000000e+00
1.000000e+00
1.000000e+00
1.000000e+00
1.000000e+00
1.000000e+00
1.000000e+00
1.000000e+00
1.000000e+00
1.000000e+00
1.000000e+00
1.000000e+00
1.000000e+00
1.000000e+00
1.000000e+00
1.000000e+00
1.000000e+00
1.000000e+00
1.000000e+00
1.000000e+00
1.000000e+00
1.000000e+00
1.000000e+00
1.000000e+00
1.000000e+00
1.000000e+00
1.000000e+00
1.000000e+00
1.000000e+00
1.000000e+00
1.000000e+00
1.000000e+00
1.000000e+00
1.000000e+00
1.000000e+00
1.000000e+00
1.000000e+00
1.000000e+00
1.000000e+00
1.000000e+00
1.000000e+00
1.000000e+00
1.000000e+00
1.000000e+00
1.000000e+00
1.000000e+00
1.000000e+00
1.000000e+00
1.000000e+00
1.000000e+00
1.000000e+00
1.000000e+00
1.000000e+00
1.000000e+00
1.000000e+00
1.000000e+00
1.000000e+00
1.000000e+00
1.000000e+00
1.000000e+00
1.000000e+00
1.000000e+00
1.000000e+00
1.000000e+00
1.000000e+00
1.000000e+00
1.000000e+00
1.000000e+00
1.000000e+00
1.000000e+00
1.000000e+00
1.000000e+00
1.000000e+00
1.000000e+00
1.000000e+00
1.000000e+00
1.000000e+00
1.000000e+00
1.000000e+00
1.000000e+00
1.000000e+00
1.000000e+00
1.000000e+00
1.000000e+00
1.000000e+00
1.000000e+00
1.000000e+00
1.000000e+00
1.000000e+00
1.000000e+00
1.000000e+00
1.000000e+00
1.000000e+00
1.000000e+00
1.000000e+00
1.000000e+00
1.000000e+00
1.000000e+00
1.000000e+00
1.000000e+00
1.000000e+00
1.000000e+00
1.000000e+00
1.000000e+00
1.000000e+00
1.000000e+00
1.000000e+00
1.000000e+00
1.000000e+00
1.000000e+00
1.000000e+00
1.000000e+00
1.000000e+00
1.000000e+00
1.000000e+00
1.000000e+00
1.000000e+00
1.000000e+00
1.000000e+00
1.000000e+00
1.000000e+00
1.000000e+00
1.000000e+00
1.000000e+00
1.000000e+00
1.000000e+00
1.000000e+00
1.000000e+00
1.000000e+00
1.000000e+00
1.000000e+00
1.000000e+00
1.000000e+00
1.000000e+00
1.000000e+00
1.000000e+00
1.000000e+00
1.000000e+00
1.000000e+00
1.000000e+00
1.000000e+00
1.000000e+00
1.000000e+00
1.000000e+00
1.000000e+00
1.000000e+00
1.000000e+00
1.000000e+00
1.000000e+00
1.000000e+00
1.000000e+00
1.000000e+00
1.000000e+00
1.000000e+00
1.000000e+00
1.000000e+00
1.000000e+00
1.000000e+00
1.000000e+00
1.000000e+00
1.000000e+00
1.000000e+00
1.000000e+00
1.000000e+00
1.000000e+00
1.000000e+00
1.000000e+00
1.000000e+00
1.000000e+00
1.000000e+00
1.000000e+00
1.000000e+00
1.000000e+00
1.000000e+00
1.000000e+00
1.000000e+00
1.000000e+00
1.000000e+00
1.000000e+00
1.000000e+00
1.000000e+00
1.000000e+00
1.000000e+00
1.000000e+00
1.000000e+00
1.000000e+00
1.000000e+00
1.000000e+00
1.000000e+00
1.000000e+00
1.000000e+00
1.000000e+00
1.000000e+00
1.000000e+00
1.000000e+00
1.000000e+00
1.000000e+00
1.000000e+00
1.000000e+00
1.000000e+00
1.000000e+00
1.000000e+00
1.000000e+00
1.000000e+00
1.000000e+00
1.000000e+00
1.000000e+00
1.000000e+00
1.000000e+00
1.000000e+00
1.000000e+00
1.000000e+00
1.000000e+00
1.000000e+00
1.000000e+00
1.000000e+00
1.000000e+00
1.000000e+00
1.000000e+00
1.000000e+00
1.000000e+00
1.000000e+00
1.000000e+00
1.000000e+00
1.000000e+00
1.000000e+00
1.000000e+00
1.000000e+00
1.000000e+00
1.000000e+00
1.000000e+00
1.000000e+00
1.000000e+00
1.000000e+00
1.000000e+00
1.000000e+00
1.000000e+00
1.000000e+00
1.000000e+00
1.000000e+00
1.000000e+00
1.000000e+00
1.000000e+00
1.000000e+00
1.000000e+00
1.000000e+00
1.000000e+00
1.000000e+00
1.000000e+00
1.000000e+00
1.000000e+00
1.000000e+00
1.000000e+00
1.000000e+00
1.000000e+00
1.000000e+00
1.000000e+00
1.000000e+00
1.000000e+00
1.000000e+00
1.000000e+00
1.000000e+00
1.000000e+00
1.000000e+00
1.000000e+00
1.000000e+00
1.000000e+00
1.000000e+00
1.000000e+00
1.000000e+00
1.000000e+00
1.000000e+00
1.000000e+00
1.000000e+00
1.000000e+00
1.000000e+00
1.000000e+00
1.000000e+00
1.000000e+00
1.000000e+00
1.000000e+00
1.000000e+00
1.000000e+00
1.000000e+00
1.000000e+00
1.000000e+00
1.000000e+00
1.000000e+00
1.000000e+00
1.000000e+00
1.000000e+00
1.000000e+00
1.000000e+00
1.000000e+00
1.000000e+00
1.000000e+00
1.000000e+00
1.000000e+00
1.000000e+00
9.999999e-01
9.999999e-01
9.999998e-01
9.999997e-01
9.999995e-01
9.999992e-01
9.999987e-01
9.999978e-01
9.999964e-01
9.999940e-01
9.999901e-01
9.999837e-01
9.999731e-01
9.999557e-01
9.999270e-01
9.998797e-01
9.998016e-01
9.996729e-01
9.994609e-01
9.991114e-01
9.985358e-01
9.975883e-01
9.960300e-01
9.934713e-01
9.892814e-01
9.824501e-01
9.713908e-01
9.536909e-01
9.258759e-01
8.833970e-01
8.212736e-01
7.359454e-01
6.283162e-01
5.062497e-01
3.834335e-01
2.738850e-01
1.861838e-01
1.218529e-01
7.762946e-02
4.856815e-02
3.003199e-02
1.843314e-02
1.126195e-02
6.861119e-03
4.172744e-03
2.535059e-03
1.539126e-03
9.340930e-04
5.667644e-04
3.438366e-04
2.085757e-04
1.265179e-04
7.674085e-05
4.654705e-05
2.823276e-05
1.712420e-05
1.038644e-05
6.299702e-06
3.820991e-06
2.317534e-06
1.405673e-06
8.525699e-07
5.171233e-07
3.136393e-07
1.902431e-07
1.153783e-07
6.999006e-08
4.244256e-08
2.575101e-08
1.561142e-08
9.476030e-09
5.741139e-09
3.488521e-09
2.110349e-09
1.285607e-09
7.748983e-10
4.750060e-10
2.838209e-10
1.766395e-10
1.033432e-10
6.673828e-11
3.710465e-11
2.619049e-11
1.287392e-11
1.117395e-11
4.080736e-12
5.563772e-12
9.531820e-13
3.426592e-12
-1.019740e-13
2.576828e-12
-4.039546e-13
2.209732e-12
-4.377609e-13
2.027600e-12
-3.792522e-13
1.919687e-12
-2.940981e-13
1.844580e-12
-2.041700e-13
1.786293e-12
-1.171285e-13
1.738387e-12
-3.536060e-14
1.698031e-12
4.063416e-14
1.663281e-12
1.112999e-13
1.633416e-12
1.768030e-13
1.607936e-12
2.383649e-13
1.586009e-12
2.955969e-13
1.567135e-12
3.492207e-13
1.551481e-12
3.997913e-13
1.537881e-12
4.475309e-13
1.527278e-12
4.927725e-13
1.518174e-12
5.355716e-13
1.511236e-12
5.762613e-13
1.505795e-12
6.155076e-13
1.502465e-12
6.527001e-13
1.499634e-12
6.885048e-13
1.498801e-12
7.225331e-13
1.498579e-12
7.553402e-13
1.499467e-12
7.871481e-13
1.500966e-12
8.175682e-13
1.503742e-12
8.469336e-13
1.507405e-12
8.759105e-13
1.511957e-12
9.037771e-13
1.516898e-12
9.309220e-13
1.522726e-12
9.574008e-13
1.529277e-12
9.837686e-13
1.536715e-12
1.009415e-12
1.544431e-12
1.034506e-12
1.552869e-12
1.059042e-12
1.561640e-12
1.083578e-12
1.571077e-12
1.107281e-12
1.580680e-12
1.130707e-12
1.590894e-12
1.153688e-12
1.601386e-12
1.176337e-12
1.611877e-12
1.198319e-12
1.622424e-12
1.219802e-12
1.633027e-12
1.240397e-12
1.643519e-12
1.260936e-12
1.653733e-12
1.280087e-12
1.663669e-12
1.298739e-12
1.673939e-12
1.317058e-12
1.683764e-12
1.335043e-12
1.694200e-12
1.352474e-12
1.703970e-12
1.369571e-12
1.713518e-12
1.385725e-12
1.723288e-12
1.402101e-12
1.733169e-12
1.417810e-12
1.742662e-12
1.433242e-12
1.752154e-12
1.447842e-12
1.761369e-12
1.462441e-12
1.770417e-12
1.476375e-12
1.779299e-12
1.489808e-12
1.787959e-12
1.502465e-12
1.796341e-12
1.515177e-12
1.804390e-12
1.526890e-12
1.811828e-12
1.538103e-12
1.819211e-12
1.548983e-12
1.826206e-12
1.559530e-12
1.833589e-12
1.569633e-12
1.839917e-12
1.579237e-12
1.846467e-12
1.588119e-12
1.852740e-12
1.597389e-12
1.858735e-12
1.605605e-12
1.864287e-12
1.613543e-12
1.869838e-12
1.621092e-12
1.875167e-12
1.628531e-12
1.880329e-12
1.635081e-12
1.884604e-12
1.641076e-12
1.888711e-12
1.646572e-12
1.892708e-12
1.651901e-12
1.896039e-12
1.656286e-12
1.898648e-12
1.660061e-12
1.901368e-12
1.663780e-12
1.903255e-12
1.666667e-12
1.905587e-12
1.669442e-12
1.906864e-12
1.671441e-12
1.907974e-12
1.672718e-12
1.908529e-12
1.674105e-12
1.909473e-12
1.674993e-12
1.909195e-12
1.675216e-12
1.909251e-12
1.674882e-12
1.908806e-12
