1.595668e-12
1.829037e-12
1.594613e-12
1.827705e-12
1.592615e-12
1.826150e-12
1.590672e-12
1.824096e-12
1.588285e-12
1.822098e-12
1.585621e-12
1.820044e-12
1.582678e-12
1.817768e-12
1.579847e-12
1.815437e-12
1.576905e-12
1.813660e-12
1.573852e-12
1.811495e-12
1.570521e-12
1.809108e-12
1.567135e-12
1.806999e-12
1.563305e-12
1.804557e-12
1.558920e-12
1.801503e-12
1.554201e-12
1.798395e-12
1.549205e-12
1.794898e-12
1.543654e-12
1.791289e-12
1.537770e-12
1.786793e-12
1.530831e-12
1.782408e-12
1.524003e-12
1.777134e-12
1.516121e-12
1.772082e-12
1.507960e-12
1.766420e-12
1.499356e-12
1.760703e-12
1.490419e-12
1.754763e-12
1.481426e-12
1.748879e-12
1.471712e-12
1.742384e-12
1.461498e-12
1.735612e-12
1.451061e-12
1.728673e-12
1.440070e-12
1.721956e-12
1.428746e-12
1.714406e-12
1.416756e-12
1.707023e-12
1.404155e-12
1.698863e-12
1.390943e-12
1.690537e-12
1.377509e-12
1.681544e-12
1.362688e-12
1.672440e-12
1.347755e-12
1.662948e-12
1.332046e-12
1.653455e-12
1.315892e-12
1.643685e-12
1.298905e-12
1.633471e-12
1.281975e-12
1.623091e-12
1.264211e-12
1.613210e-12
1.246225e-12
1.602773e-12
1.227185e-12
1.591949e-12
1.207978e-12
1.581235e-12
1.187883e-12
1.570633e-12
1.167122e-12
1.559419e-12
1.145806e-12
1.548428e-12
1.124156e-12
1.537104e-12
1.101119e-12
1.525835e-12
1.077638e-12
1.513900e-12
1.052991e-12
1.502465e-12
1.028011e-12
1.490696e-12
1.002143e-12
1.479483e-12
9.758860e-13
1.468214e-12
9.485190e-13
1.457501e-12
9.210965e-13
1.446954e-12
8.931744e-13
1.437961e-12
8.648637e-13
1.428802e-12
8.356094e-13
1.420419e-12
8.060219e-13
1.412814e-12
7.757128e-13
1.406208e-12
7.445711e-13
1.400102e-12
7.124301e-13
1.395162e-12
6.796785e-13
1.390887e-12
6.454282e-13
1.387501e-12
6.105116e-13
1.385225e-12
5.739853e-13
1.384337e-12
5.360712e-13
1.384504e-12
4.969913e-13
1.386558e-12
4.563017e-13
1.390277e-12
4.136691e-13
1.395828e-12
3.697598e-13
1.403433e-12
3.236855e-13
1.414147e-12
2.757794e-13
1.427247e-12
2.251532e-13
1.443401e-12
1.721401e-13
1.462941e-12
1.159073e-13
1.486311e-12
5.601075e-14
1.513345e-12
-8.104628e-15
1.545208e-12
-7.643886e-14
1.582123e-12
-1.497691e-13
1.625533e-12
-2.287059e-13
1.675826e-12
-3.132494e-13
1.736888e-12
-4.005685e-13
1.814215e-12
-4.835021e-13
1.924849e-12
-5.390133e-13
2.109479e-12
-5.030421e-13
2.479350e-12
-1.980083e-13
3.331779e-12
8.598677e-13
5.472622e-12
3.990808e-12
1.108569e-11
1.278744e-11
2.610612e-11
3.702233e-11
6.665746e-11
1.032642e-10
1.765628e-10
2.837464e-10
4.749336e-10
7.748280e-10
1.285539e-09
2.110283e-09
3.488457e-09
5.741078e-09
9.475971e-09
1.561137e-08
2.575095e-08
4.244251e-08
6.999001e-08
1.153782e-07
1.902431e-07
3.136393e-07
5.171233e-07
8.525699e-07
1.405673e-06
2.317534e-06
3.820991e-06
6.299702e-06
1.038644e-05
1.712420e-05
2.823276e-05
4.654705e-05
7.674085e-05
1.265179e-04
2.085757e-04
3.438366e-04
5.667644e-04
9.340930e-04
1.539126e-03
2.535059e-03
4.172744e-03
6.861119e-03
1.126195e-02
1.843314e-02
3.003199e-02
4.856815e-02
7.762946e-02
1.218529e-01
1.861838e-01
2.738850e-01
3.834335e-01
5.062497e-01
6.283162e-01
7.359454e-01
8.212736e-01
8.833970e-01
9.258759e-01
9.536909e-01
9.713908e-01
9.824501e-01
9.892814e-01
9.934713e-01
9.960300e-01
9.975883e-01
9.985358e-01
9.991114e-01
9.994609e-01
9.996729e-01
9.998016e-01
9.998797e-01
9.999270e-01
9.999557e-01
9.999731e-01
9.999837e-01
9.999901e-01
9.999940e-01
9.999964e-01
9.999978e-01
9.999987e-01
9.999992e-01
9.999995e-01
9.999997e-01
9.999998e-01
9.999999e-01
9.999999e-01
1.000000e+00
1.000000e+00
1.000000e+00
1.000000e+00
1.000000e+00
1.000000e+00
1.000000e+00
1.000000e+00
1.000000e+00
1.000000e+00
1.000000e+00
1.000000e+00
1.000000e+00
1.000000e+00
1.000000e+00
1.000000e+00
1.000000e+00
1.000000e+00
1.000000e+00
1.000000e+00
1.000000e+00
1.000000e+00
1.000000e+00
1.000000e+00
1.000000e+00
1.000000e+00
1.000000e+00
1.000000e+00
1.000000e+00
1.000000e+00
1.000000e+00
1.000000e+00
1.000000e+00
1.000000e+00
1.000000e+00
1.000000e+00
1.000000e+00
1.000000e+00
1.000000e+00
1.000000e+00
1.000000e+00
1.000000e+00
1.000000e+00
1.000000e+00
1.000000e+00
1.000000e+00
1.000000e+00
1.000000e+00
1.000000e+00
1.000000e+00
1.000000e+00
1.000000e+00
1.000000e+00
1.000000e+00
1.000000e+00
1.000000e+00
1.000000e+00
1.000000e+00
1.000000e+00
1.000000e+00
1.000000e+00
1.000000e+00
1.000000e+00
1.000000e+00
1.000000e+00
1.000000e+00
1.000000e+00
1.000000e+00
1.000000e+00
1.000000e+00
1.000000e+00
1.000000e+00
1.000000e+00
1.000000e+00
1.000000e+00
1.000000e+00
1.000000e+00
1.000000e+00
1.000000e+00
1.000000e+00
1.000000e+00
1.000000e+00
1.000000e+00
1.000000e+00
1.000000e+00
1.000000e+00
1.000000e+00
1.000000e+00
1.000000e+00
1.000000e+00
1.000000e+00
1.000000e+00
1.000000e+00
1.000000e+00
1.000000e+00
1.000000e+00
1.000000e+00
1.000000e+00
1.000000e+00
1.000000e+00
1.000000e+00
1.000000e+00
1.000000e+00
1.000000e+00
1.000000e+00
1.000000e+00
1.000000e+00
1.000000e+00
1.000000e+00
1.000000e+00
1.000000e+00
1.000000e+00
1.000000e+00
1.000000e+00
1.000000e+00
1.000000e+00
1.000000e+00
1.000000e+00
1.000000e+00
1.000000e+00
1.000000e+00
1.000000e+00
1.000000e+00
1.000000e+00
1.000000e+00
1.000000e+00
1.000000e+00
1.000000e+00
1.000000e+00
1.000000e+00
1.000000e+00
1.000000e+00
1.000000e+00
1.000000e+00
1.000000e+00
1.000000e+00
1.000000e+00
1.000000e+00
1.000000e+00
1.000000e+00
1.000000e+00
1.000000e+00
1.000000e+00
1.000000e+00
1.000000e+00
1.000000e+00
1.000000e+00
1.000000e+00
1.000000e+00
1.000000e+00
1.000000e+00
1.000000e+00
1.000000e+00
1.000000e+00
1.000000e+00
1.000000e+00
1.000000e+00
1.000000e+00
1.000000e+00
1.000000e+00
1.000000e+00
1.000000e+00
1.000000e+00
1.000000e+00
1.000000e+00
1.000000e+00
1.000000e+00
1.000000e+00
1.000000e+00
1.000000e+00
1.000000e+00
1.000000e+00
1.000000e+00
1.000000e+00
1.000000e+00
1.000000e+00
1.000000e+00
1.000000e+00
1.000000e+00
1.000000e+00
1.000000e+00
1.000000e+00
1.000000e+00
1.000000e+00
1.000000e+00
1.000000e+00
1.000000e+00
1.000000e+00
1.000000e+00
1.000000e+00
1.000000e+00
1.000000e+00
1.000000e+00
1.000000e+00
1.000000e+00
1.000000e+00
1.000000e+00
1.000000e+00
1.000000e+00
1.000000e+00
1.000000e+00
1.000000e+00
1.000000e+00
1.000000e+00
1.000000e+00
1.000000e+00
1.000000e+00
1.000000e+00
1.000000e+00
1.000000e+00
1.000000e+00
1.000000e+00
1.000000e+00
1.000000e+00
1.000000e+00
1.000000e+00
1.000000e+00
1.000000e+00
1.000000e+00
1.000000e+00
1.000000e+00
1.000000e+00
1.000000e+00
1.000000e+00
1.000000e+00
1.000000e+00
1.000000e+00
1.000000e+00
1.000000e+00
1.000000e+00
1.000000e+00
1.000000e+00
1.000000e+00
1.000000e+00
1.000000e+00
1.000000e+00
1.000000e+00
1.000000e+00
1.000000e+00
1.000000e+00
1.000000e+00
1.000000e+00
1.000000e+00
1.000000e+00
1.000000e+00
1.000000e+00
1.000000e+00
1.000000e+00
1.000000e+00
1.000000e+00
1.000000e+00
1.000000e+00
1.000000e+00
1.000000e+00
1.000000e+00
1.000000e+00
1.000000e+00
1.000000e+00
1.000000e+00
1.000000e+00
1.000000e+00
1.000000e+00
1.000000e+00
1.000000e+00
1.000000e+00
1.000000e+00
1.000000e+00
1.000000e+00
1.000000e+00
1.000000e+00
1.000000e+00
1.000000e+00
1.000000e+00
1.000000e+00
1.000000e+00
1.000000e+00
1.000000e+00
1.000000e+00
1.000000e+00
1.000000e+00
1.000000e+00
1.000000e+00
1.000000e+00
1.000000e+00
1.000000e+00
1.000000e+00
1.000000e+00
1.000000e+00
1.000000e+00
1.000000e+00
1.000000e+00
1.000000e+00
1.000000e+00
1.000000e+00
1.000000e+00
1.000000e+00
1.000000e+00
1.000000e+00
1.000000e+00
1.000000e+00
1.000000e+00
1.000000e+00
1.000000e+00
1.000000e+00
1.000000e+00
1.000000e+00
1.000000e+00
1.000000e+00
1.000000e+00
1.000000e+00
1.000000e+00
1.000000e+00
1.000000e+00
1.000000e+00
1.000000e+00
1.000000e+00
1.000000e+00
1.000000e+00
1.000000e+00
1.000000e+00
1.000000e+00
1.000000e+00
1.000000e+00
1.000000e+00
1.000000e+00
1.000000e+00
1.000000e+00
1.000000e+00
1.000000e+00
1.000000e+00
1.000000e+00
1.000000e+00
1.000000e+00
1.000000e+00
1.000000e+00
1.000000e+00
1.000000e+00
1.000000e+00
1.000000e+00
1.000000e+00
1.000000e+00
1.000000e+00
1.000000e+00
1.000000e+00
1.000000e+00
1.000000e+00
1.000000e+00
1.000000e+00
1.000000e+00
1.000000e+00
1.000000e+00
1.000000e+00
1.000000e+00
1.000000e+00
1.000000e+00
1.000000e+00
1.000000e+00
1.000000e+00
1.000000e+00
1.000000e+00
1.000000e+00
1.000000e+00
1.000000e+00
1.000000e+00
1.000000e+00
1.000000e+00
1.000000e+00
1.000000e+00
1.000000e+00
1.000000e+00
1.000000e+00
1.000000e+00
1.000000e+00
1.000000e+00
1.000000e+00
1.000000e+00
1.000000e+00
1.000000e+00
1.000000e+00
1.000000e+00
1.000000e+00
1.000000e+00
1.000000e+00
1.000000e+00
1.000000e+00
1.000000e+00
1.000000e+00
1.000000e+00
1.000000e+00
1.000000e+00
1.000000e+00
1.000000e+00
1.000000e+00
1.000000e+00
1.000000e+00
1.000000e+00
1.000000e+00
1.000000e+00
1.000000e+00
1.000000e+00
1.000000e+00
1.000000e+00
1.000000e+00
1.000000e+00
1.000000e+00
1.000000e+00
1.000000e+00
1.000000e+00
1.000000e+00
1.000000e+00
1.000000e+00
1.000000e+00
1.000000e+00
1.000000e+00
1.000000e+00
1.000000e+00
1.000000e+00
1.000000e+00
1.000000e+00
1.000000e+00
1.000000e+00
1.000000e+00
1.000000e+00
1.000000e+00
1.000000e+00
1.000000e+00
1.000000e+00
1.000000e+00
1.000000e+00
1.000000e+00
1.000000e+00
1.000000e+00
1.000000e+00
1.000000e+00
1.000000e+00
1.000000e+00
1.000000e+00
1.000000e+00
1.000000e+00
1.000000e+00
1.000000e+00
1.000000e+00
1.000000e+00
1.000000e+00
1.000000e+00
1.000000e+00
1.000000e+00
1.000000e+00
1.000000e+00
1.000000e+00
1.000000e+00
1.000000e+00
1.000000e+00
1.000000e+00
1.000000e+00
1.000000e+00
1.000000e+00
1.000000e+00
1.000000e+00
1.000000e+00
1.000000e+00
1.000000e+00
1.000000e+00
1.000000e+00
1.000000e+00
1.000000e+00
1.000000e+00
1.000000e+00
1.000000e+00
1.000000e+00
1.000000e+00
1.000000e+00
1.000000e+00
1.000000e+00
1.000000e+00
1.000000e+00
1.000000e+00
1.000000e+00
1.000000e+00
1.000000e+00
1.000000e+00
1.000000e+00
1.000000e+00
1.000000e+00
1.000000e+00
1.000000e+00
1.000000e+00
1.000000e+00
1.000000e+00
1.000000e+00
1.000000e+00
1.000000e+00
1.000000e+00
1.000000e+00
1.000000e+00
1.000000e+00
1.000000e+00
9.999999e-01
9.999999e-01
9.999998e-01
9.999997e-01
9.999995e-01
9.999992e-01
9.999987e-01
9.999978e-01
9.999964e-01
9.999940e-01
9.999901e-01
9.999837e-01
9.999731e-01
9.999557e-01
9.999270e-01
9.998797e-01
9.998016e-01
9.996729e-01
9.994609e-01
9.991114e-01
9.985358e-01
9.975883e-01
9.960300e-01
9.934713e-01
9.892814e-01
9.824501e-01
9.713908e-01
9.536909e-01
9.258759e-01
8.833970e-01
8.212736e-01
7.359454e-01
6.283162e-01
5.062497e-01
3.834335e-01
2.738850e-01
1.861838e-01
1.218529e-01
7.762946e-02
4.856815e-02
3.003199e-02
1.843314e-02
1.126195e-02
6.861119e-03
4.172744e-03
2.535059e-03
1.539126e-03
9.340930e-04
5.667644e-04
3.438366e-04
2.085757e-04
1.265179e-04
7.674085e-05
4.654705e-05
2.823276e-05
1.712420e-05
1.038644e-05
6.299702e-06
3.820991e-06
2.317534e-06
1.405673e-06
8.525699e-07
5.171233e-07
3.136393e-07
1.902431e-07
1.153782e-07
6.999004e-08
4.244254e-08
2.575098e-08
1.561140e-08
9.476001e-09
5.741109e-09
3.488490e-09
2.110317e-09
1.285574e-09
7.748645e-10
4.749716e-10
2.837856e-10
1.766030e-10
1.033057e-10
6.670031e-11
3.706613e-11
2.615130e-11
1.283351e-11
1.113287e-11
4.038880e-12
5.521195e-12
9.098278e-13
3.382850e-12
-1.463274e-13
2.531975e-12
-4.495848e-13
2.163714e-12
-4.841127e-13
1.980305e-12
-4.269918e-13
1.871836e-12
-3.424483e-13
1.795675e-12
-2.536860e-13
1.736555e-12
-1.673661e-13
1.687539e-12
-8.693046e-14
1.646072e-12
-1.199041e-14
1.609934e-12
5.728751e-14
1.579126e-12
1.220135e-13
1.552258e-12
1.820211e-13
1.529388e-12
2.384204e-13
1.509404e-12
2.906009e-13
1.492251e-12
3.399503e-13
1.477596e-12
3.866352e-13
1.465938e-12
4.309886e-13
1.456113e-12
4.729550e-13
1.448230e-12
5.132006e-13
1.442346e-12
5.516698e-13
1.438183e-12
5.884182e-13
1.435074e-12
6.231682e-13
1.433076e-12
6.564749e-13
1.432132e-12
6.882273e-13
1.431910e-12
7.191470e-13
1.432798e-12
7.487344e-13
1.434686e-12
7.775447e-13
1.437517e-12
8.056888e-13
1.441236e-12
8.328893e-13
1.445788e-12
8.593126e-13
1.451061e-12
8.855139e-13
1.456946e-12
9.112711e-13
1.464107e-12
9.366952e-13
1.471601e-12
9.617307e-13
1.479816e-12
9.864887e-13
1.489031e-12
1.010858e-12
1.498524e-12
1.034672e-12
1.508127e-12
1.057932e-12
1.518174e-12
1.080747e-12
1.528166e-12
1.103173e-12
1.538603e-12
1.124878e-12
1.548484e-12
1.145584e-12
1.558753e-12
1.166067e-12
1.568690e-12
1.185774e-12
1.578904e-12
1.204814e-12
1.588563e-12
1.223188e-12
1.598333e-12
1.241340e-12
1.607880e-12
1.259048e-12
1.617928e-12
1.276035e-12
1.627309e-12
1.292633e-12
1.636913e-12
1.309508e-12
1.646627e-12
1.325662e-12
1.656730e-12
1.341482e-12
1.666334e-12
1.356859e-12
1.675993e-12
1.371625e-12
1.684930e-12
1.385780e-12
1.693812e-12
1.399658e-12
1.702083e-12
1.412315e-12
1.710410e-12
1.424916e-12
1.718181e-12
1.436962e-12
1.725953e-12
1.448508e-12
1.733558e-12
1.459610e-12
1.740719e-12
1.470490e-12
1.747769e-12
1.481204e-12
1.755207e-12
1.491307e-12
1.762035e-12
1.500911e-12
1.768197e-12
1.510403e-12
1.774692e-12
1.519340e-12
1.781075e-12
1.527778e-12
1.786626e-12
1.535883e-12
1.792455e-12
1.543599e-12
1.797840e-12
1.550815e-12
1.802669e-12
1.557365e-12
1.806888e-12
1.563139e-12
1.811107e-12
1.568801e-12
1.814382e-12
1.573464e-12
1.817435e-12
1.577627e-12
1.819933e-12
1.581124e-12
1.822209e-12
1.584344e-12
1.823874e-12
1.587397e-12
1.826206e-12
1.590006e-12
1.827538e-12
1.592060e-12
1.828759e-12
1.593836e-12
1.829592e-12
1.595279e-12
1.830702e-12
1.596445e-12
1.830813e-12
1.596501e-12
1.830869e-12
1.596501e-12
1.830425e-12
