1.768918e-12
2.002454e-12
1.768030e-12
2.001233e-12
1.766198e-12
1.999956e-12
1.764311e-12
1.997902e-12
1.762090e-12
1.995959e-12
1.759703e-12
1.993961e-12
1.756595e-12
1.991685e-12
1.753597e-12
1.988909e-12
1.750100e-12
1.986911e-12
1.746936e-12
1.984246e-12
1.742828e-12
1.981304e-12
1.738665e-12
1.978084e-12
1.733946e-12
1.974809e-12
1.729061e-12
1.971201e-12
1.723677e-12
1.967537e-12
1.718126e-12
1.963485e-12
1.712075e-12
1.959322e-12
1.705636e-12
1.954659e-12
1.698419e-12
1.949774e-12
1.690814e-12
1.944223e-12
1.682599e-12
1.938172e-12
1.673939e-12
1.931844e-12
1.664446e-12
1.925349e-12
1.654621e-12
1.918188e-12
1.644129e-12
1.911360e-12
1.633693e-12
1.903699e-12
1.622424e-12
1.895817e-12
1.610767e-12
1.887546e-12
1.598388e-12
1.879386e-12
1.585843e-12
1.871059e-12
1.572631e-12
1.862566e-12
1.559364e-12
1.853462e-12
1.545208e-12
1.844414e-12
1.530998e-12
1.834699e-12
1.515454e-12
1.824818e-12
1.499523e-12
1.814437e-12
1.483036e-12
1.803890e-12
1.466050e-12
1.792788e-12
1.447897e-12
1.781797e-12
1.429579e-12
1.770140e-12
1.410594e-12
1.759037e-12
1.391498e-12
1.747269e-12
1.371181e-12
1.735445e-12
1.350808e-12
1.723621e-12
1.329381e-12
1.711520e-12
1.307565e-12
1.699307e-12
1.285083e-12
1.686928e-12
1.261713e-12
1.674161e-12
1.237621e-12
1.661615e-12
1.213030e-12
1.648737e-12
1.186939e-12
1.635747e-12
1.160849e-12
1.622980e-12
1.133871e-12
1.610434e-12
1.106448e-12
1.597888e-12
1.078027e-12
1.586176e-12
1.049050e-12
1.574296e-12
1.019629e-12
1.563583e-12
9.899304e-13
1.552980e-12
9.590662e-13
1.542877e-12
9.277579e-13
1.533662e-12
8.955614e-13
1.525224e-12
8.628653e-13
1.517397e-12
8.288925e-13
1.510791e-12
7.945311e-13
1.504796e-12
7.586709e-13
1.500022e-12
7.220335e-13
1.495915e-12
6.837308e-13
1.493583e-12
6.443179e-13
1.492195e-12
6.035727e-13
1.492362e-12
5.612733e-13
1.494027e-12
5.166978e-13
1.497746e-12
4.706791e-13
1.503242e-12
4.223288e-13
1.511846e-12
3.723133e-13
1.522560e-12
3.193001e-13
1.536438e-12
2.637890e-13
1.553646e-12
2.051692e-13
1.574407e-12
1.430522e-13
1.599221e-12
7.666090e-14
1.628642e-12
6.161738e-15
1.663558e-12
-6.949996e-14
1.704692e-12
-1.505462e-13
1.753042e-12
-2.371991e-13
1.811939e-12
-3.266831e-13
1.887379e-12
-4.115597e-13
1.995848e-12
-4.690137e-13
2.178313e-12
-4.352074e-13
2.546019e-12
-1.326717e-13
3.395839e-12
9.225398e-13
5.534018e-12
4.051204e-12
1.114464e-11
1.284528e-11
2.616241e-11
3.707734e-11
6.671147e-11
1.033168e-10
1.766142e-10
2.837966e-10
4.749824e-10
7.748754e-10
1.285585e-09
2.110328e-09
3.488501e-09
5.741120e-09
9.476013e-09
1.561141e-08
2.575099e-08
4.244255e-08
6.999005e-08
1.153782e-07
1.902431e-07
3.136393e-07
5.171233e-07
8.525699e-07
1.405673e-06
2.317534e-06
3.820991e-06
6.299702e-06
1.038644e-05
1.712420e-05
2.823276e-05
4.654705e-05
7.674085e-05
1.265179e-04
2.085757e-04
3.438366e-04
5.667644e-04
9.340930e-04
1.539126e-03
2.535059e-03
4.172744e-03
6.861119e-03
1.126195e-02
1.843314e-02
3.003199e-02
4.856815e-02
7.762946e-02
1.218529e-01
1.861838e-01
2.738850e-01
3.834335e-01
5.062497e-01
6.283162e-01
7.359454e-01
8.212736e-01
8.833970e-01
9.258759e-01
9.536909e-01
9.713908e-01
9.824501e-01
9.892814e-01
9.934713e-01
9.960300e-01
9.975883e-01
9.985358e-01
9.991114e-01
9.994609e-01
9.996729e-01
9.998016e-01
9.998797e-01
9.999270e-01
9.999557e-01
9.999731e-01
9.999837e-01
9.999901e-01
9.999940e-01
9.999964e-01
9.999978e-01
9.999987e-01
9.999992e-01
9.999995e-01
9.999997e-01
9.999998e-01
9.999999e-01
9.999999e-01
1.000000e+00
1.000000e+00
1.000000e+00
1.000000e+00
1.000000e+00
1.000000e+00
1.000000e+00
1.000000e+00
1.000000e+00
1.000000e+00
1.000000e+00
1.000000e+00
1.000000e+00
1.000000e+00
1.000000e+00
1.000000e+00
1.000000e+00
1.000000e+00
1.000000e+00
1.000000e+00
1.000000e+00
1.000000e+00
1.000000e+00
1.000000e+00
1.000000e+00
1.000000e+00
1.000000e+00
1.000000e+00
1.000000e+00
1.000000e+00
1.000000e+00
1.000000e+00
1.000000e+00
1.000000e+00
1.000000e+00
1.000000e+00
1.000000e+00
1.000000e+00
1.000000e+00
1.000000e+00
1.000000e+00
1.000000e+00
1.000000e+00
1.000000e+00
1.000000e+00
1.000000e+00
1.000000e+00
1.000000e+00
1.000000e+00
1.000000e+00
1.000000e+00
1.000000e+00
1.000000e+00
1.000000e+00
1.000000e+00
1.000000e+00
1.000000e+00
1.000000e+00
1.000000e+00
1.000000e+00
1.000000e+00
1.000000e+00
1.000000e+00
1.000000e+00
1.000000e+00
1.000000e+00
1.000000e+00
1.000000e+00
1.000000e+00
1.000000e+00
1.000000e+00
1.000000e+00
1.000000e+00
1.000000e+00
1.000000e+00
1.000000e+00
1.000000e+00
1.000000e+00
1.000000e+00
1.000000e+00
1.000000e+00
1.000000e+00
1.000000e+00
1.000000e+00
1.000000e+00
1.000000e+00
1.000000e+00
1.000000e+00
1.000000e+00
1.000000e+00
1.000000e+00
1.000000e+00
1.000000e+00
1.000000e+00
1.000000e+00
1.000000e+00
1.000000e+00
1.000000e+00
1.000000e+00
1.000000e+00
1.000000e+00
1.000000e+00
1.000000e+00
1.000000e+00
1.000000e+00
1.000000e+00
1.000000e+00
1.000000e+00
1.000000e+00
1.000000e+00
1.000000e+00
1.000000e+00
1.000000e+00
1.000000e+00
1.000000e+00
1.000000e+00
1.000000e+00
1.000000e+00
1.000000e+00
1.000000e+00
1.000000e+00
1.000000e+00
1.000000e+00
1.000000e+00
1.000000e+00
1.000000e+00
1.000000e+00
1.000000e+00
1.000000e+00
1.000000e+00
1.000000e+00
1.000000e+00
1.000000e+00
1.000000e+00
1.000000e+00
1.000000e+00
1.000000e+00
1.000000e+00
1.000000e+00
1.000000e+00
1.000000e+00
1.000000e+00
1.000000e+00
1.000000e+00
1.000000e+00
1.000000e+00
1.000000e+00
1.000000e+00
1.000000e+00
1.000000e+00
1.000000e+00
1.000000e+00
1.000000e+00
1.000000e+00
1.000000e+00
1.000000e+00
1.000000e+00
1.000000e+00
1.000000e+00
1.000000e+00
1.000000e+00
1.000000e+00
1.000000e+00
1.000000e+00
1.000000e+00
1.000000e+00
1.000000e+00
1.000000e+00
1.000000e+00
1.000000e+00
1.000000e+00
1.000000e+00
1.000000e+00
1.000000e+00
1.000000e+00
1.000000e+00
1.000000e+00
1.000000e+00
1.000000e+00
1.000000e+00
1.000000e+00
1.000000e+00
1.000000e+00
1.000000e+00
1.000000e+00
1.000000e+00
1.000000e+00
1.000000e+00
1.000000e+00
1.000000e+00
1.000000e+00
1.000000e+00
1.000000e+00
1.000000e+00
1.000000e+00
1.000000e+00
1.000000e+00
1.000000e+00
1.000000e+00
1.000000e+00
1.000000e+00
1.000000e+00
1.000000e+00
1.000000e+00
1.000000e+00
1.000000e+00
1.000000e+00
1.000000e+00
1.000000e+00
1.000000e+00
1.000000e+00
1.000000e+00
1.000000e+00
1.000000e+00
1.000000e+00
1.000000e+00
1.000000e+00
1.000000e+00
1.000000e+00
1.000000e+00
1.000000e+00
1.000000e+00
1.000000e+00
1.000000e+00
1.000000e+00
1.000000e+00
1.000000e+00
1.000000e+00
1.000000e+00
1.000000e+00
1.000000e+00
1.000000e+00
1.000000e+00
1.000000e+00
1.000000e+00
1.000000e+00
1.000000e+00
1.000000e+00
1.000000e+00
1.000000e+00
1.000000e+00
1.000000e+00
1.000000e+00
1.000000e+00
1.000000e+00
1.000000e+00
1.000000e+00
1.000000e+00
1.000000e+00
1.000000e+00
1.000000e+00
1.000000e+00
1.000000e+00
1.000000e+00
1.000000e+00
1.000000e+00
1.000000e+00
1.000000e+00
1.000000e+00
1.000000e+00
1.000000e+00
1.000000e+00
1.000000e+00
1.000000e+00
1.000000e+00
1.000000e+00
1.000000e+00
1.000000e+00
1.000000e+00
1.000000e+00
1.000000e+00
1.000000e+00
1.000000e+00
1.000000e+00
1.000000e+00
1.000000e+00
1.000000e+00
1.000000e+00
1.000000e+00
1.000000e+00
1.000000e+00
1.000000e+00
1.000000e+00
1.000000e+00
1.000000e+00
1.000000e+00
1.000000e+00
1.000000e+00
1.000000e+00
1.000000e+00
1.000000e+00
1.000000e+00
1.000000e+00
1.000000e+00
1.000000e+00
1.000000e+00
1.000000e+00
1.000000e+00
1.000000e+00
1.000000e+00
1.000000e+00
1.000000e+00
1.000000e+00
1.000000e+00
1.000000e+00
1.000000e+00
1.000000e+00
1.000000e+00
1.000000e+00
1.000000e+00
1.000000e+00
1.000000e+00
1.000000e+00
1.000000e+00
1.000000e+00
1.000000e+00
1.000000e+00
1.000000e+00
1.000000e+00
1.000000e+00
1.000000e+00
1.000000e+00
1.000000e+00
1.000000e+00
1.000000e+00
1.000000e+00
1.000000e+00
1.000000e+00
1.000000e+00
1.000000e+00
1.000000e+00
1.000000e+00
1.000000e+00
1.000000e+00
1.000000e+00
1.000000e+00
1.000000e+00
1.000000e+00
1.000000e+00
1.000000e+00
1.000000e+00
1.000000e+00
1.000000e+00
1.000000e+00
1.000000e+00
1.000000e+00
1.000000e+00
1.000000e+00
1.000000e+00
1.000000e+00
1.000000e+00
1.000000e+00
1.000000e+00
1.000000e+00
1.000000e+00
1.000000e+00
1.000000e+00
1.000000e+00
1.000000e+00
1.000000e+00
1.000000e+00
1.000000e+00
1.000000e+00
1.000000e+00
1.000000e+00
1.000000e+00
1.000000e+00
1.000000e+00
1.000000e+00
1.000000e+00
1.000000e+00
1.000000e+00
1.000000e+00
1.000000e+00
1.000000e+00
1.000000e+00
1.000000e+00
1.000000e+00
1.000000e+00
1.000000e+00
1.000000e+00
1.000000e+00
1.000000e+00
1.000000e+00
1.000000e+00
1.000000e+00
1.000000e+00
1.000000e+00
1.000000e+00
1.000000e+00
1.000000e+00
1.000000e+00
1.000000e+00
1.000000e+00
1.000000e+00
1.000000e+00
1.000000e+00
1.000000e+00
1.000000e+00
1.000000e+00
1.000000e+00
1.000000e+00
1.000000e+00
1.000000e+00
1.000000e+00
1.000000e+00
1.000000e+00
1.000000e+00
1.000000e+00
1.000000e+00
1.000000e+00
1.000000e+00
1.000000e+00
1.000000e+00
1.000000e+00
1.000000e+00
1.000000e+00
1.000000e+00
1.000000e+00
1.000000e+00
1.000000e+00
1.000000e+00
1.000000e+00
1.000000e+00
1.000000e+00
1.000000e+00
1.000000e+00
1.000000e+00
1.000000e+00
1.000000e+00
1.000000e+00
1.000000e+00
1.000000e+00
1.000000e+00
1.000000e+00
1.000000e+00
1.000000e+00
1.000000e+00
1.000000e+00
1.000000e+00
1.000000e+00
1.000000e+00
1.000000e+00
1.000000e+00
1.000000e+00
1.000000e+00
1.000000e+00
1.000000e+00
1.000000e+00
1.000000e+00
1.000000e+00
1.000000e+00
1.000000e+00
1.000000e+00
1.000000e+00
1.000000e+00
1.000000e+00
1.000000e+00
1.000000e+00
1.000000e+00
1.000000e+00
1.000000e+00
1.000000e+00
1.000000e+00
1.000000e+00
1.000000e+00
1.000000e+00
1.000000e+00
1.000000e+00
1.000000e+00
1.000000e+00
1.000000e+00
1.000000e+00
1.000000e+00
1.000000e+00
1.000000e+00
1.000000e+00
1.000000e+00
1.000000e+00
1.000000e+00
1.000000e+00
1.000000e+00
1.000000e+00
1.000000e+00
1.000000e+00
1.000000e+00
1.000000e+00
1.000000e+00
1.000000e+00
1.000000e+00
1.000000e+00
1.000000e+00
1.000000e+00
1.000000e+00
1.000000e+00
1.000000e+00
1.000000e+00
9.999999e-01
9.999999e-01
9.999998e-01
9.999997e-01
9.999995e-01
9.999992e-01
9.999987e-01
9.999978e-01
9.999964e-01
9.999940e-01
9.999901e-01
9.999837e-01
9.999731e-01
9.999557e-01
9.999270e-01
9.998797e-01
9.998016e-01
9.996729e-01
9.994609e-01
9.991114e-01
9.985358e-01
9.975883e-01
9.960300e-01
9.934713e-01
9.892814e-01
9.824501e-01
9.713908e-01
9.536909e-01
9.258759e-01
8.833970e-01
8.212736e-01
7.359454e-01
6.283162e-01
5.062497e-01
3.834335e-01
2.738850e-01
1.861838e-01
1.218529e-01
7.762946e-02
4.856815e-02
3.003199e-02
1.843314e-02
1.126195e-02
6.861119e-03
4.172744e-03
2.535059e-03
1.539126e-03
9.340930e-04
5.667644e-04
3.438366e-04
2.085757e-04
1.265179e-04
7.674085e-05
4.654705e-05
2.823276e-05
1.712420e-05
1.038644e-05
6.299702e-06
3.820991e-06
2.317534e-06
1.405673e-06
8.525700e-07
5.171233e-07
3.136393e-07
1.902431e-07
1.153783e-07
6.999007e-08
4.244257e-08
2.575102e-08
1.561144e-08
9.476041e-09
5.741150e-09
3.488532e-09
2.110361e-09
1.285619e-09
7.749111e-10
4.750192e-10
2.838346e-10
1.766536e-10
1.033576e-10
6.675360e-11
3.712075e-11
2.620676e-11
1.289052e-11
1.119105e-11
4.098166e-12
5.581702e-12
9.713896e-13
3.445633e-12
-8.232304e-14
2.596867e-12
-3.835265e-13
2.230938e-12
-4.157785e-13
2.050082e-12
-3.566036e-13
1.943223e-12
-2.697842e-13
1.869505e-12
-1.786904e-13
1.812384e-12
-9.053869e-14
1.765421e-12
-7.882583e-15
1.726230e-12
6.955547e-14
1.692591e-12
1.410538e-13
1.664058e-12
2.080558e-13
1.639633e-12
2.705614e-13
1.618927e-12
3.292366e-13
1.601275e-12
3.840261e-13
1.586731e-12
4.355405e-13
1.574296e-12
4.842238e-13
1.564637e-12
5.307976e-13
1.556755e-12
5.747069e-13
1.550760e-12
6.166734e-13
1.546652e-12
6.566414e-13
1.544098e-12
6.952217e-13
1.542544e-12
7.317480e-13
1.542655e-12
7.671086e-13
1.543488e-12
8.008594e-13
1.545652e-12
8.337775e-13
1.548373e-12
8.652523e-13
1.552314e-12
8.958945e-13
1.557032e-12
9.257040e-13
1.562417e-12
9.549028e-13
1.568412e-12
9.829360e-13
1.575295e-12
1.010525e-12
1.582567e-12
1.037503e-12
1.591116e-12
1.064482e-12
1.599998e-12
1.090572e-12
1.609379e-12
1.116163e-12
1.619205e-12
1.141531e-12
1.629696e-12
1.166511e-12
1.640243e-12
1.190881e-12
1.651401e-12
1.214751e-12
1.662614e-12
1.238176e-12
1.674327e-12
1.261324e-12
1.685818e-12
1.283473e-12
1.697364e-12
1.305178e-12
1.708744e-12
1.326328e-12
1.720069e-12
1.346812e-12
1.731115e-12
1.366462e-12
1.742051e-12
1.385669e-12
1.752654e-12
1.404099e-12
1.763811e-12
1.422806e-12
1.774525e-12
1.440681e-12
1.785516e-12
1.458389e-12
1.796230e-12
1.475597e-12
1.807221e-12
1.492473e-12
1.817768e-12
1.508738e-12
1.828426e-12
1.524725e-12
1.838585e-12
1.540046e-12
1.848799e-12
1.555089e-12
1.858513e-12
1.569189e-12
1.867784e-12
1.582845e-12
1.876999e-12
1.596168e-12
1.885936e-12
1.609046e-12
1.894318e-12
1.621314e-12
1.902922e-12
1.633249e-12
1.910749e-12
1.644351e-12
1.919076e-12
1.655731e-12
1.926570e-12
1.665723e-12
1.933564e-12
1.675882e-12
1.940614e-12
1.685263e-12
1.947276e-12
1.694478e-12
1.953659e-12
1.703138e-12
1.959988e-12
1.711353e-12
1.965705e-12
1.719125e-12
1.971201e-12
1.726452e-12
1.976308e-12
1.732725e-12
1.981026e-12
1.739220e-12
1.985245e-12
1.744771e-12
1.989020e-12
1.749711e-12
1.992295e-12
1.753875e-12
1.995071e-12
1.757205e-12
1.997069e-12
1.760370e-12
1.999345e-12
1.763423e-12
2.000844e-12
1.765366e-12
2.002065e-12
1.767197e-12
2.002898e-12
1.768197e-12
2.003675e-12
1.769362e-12
2.003786e-12
1.769584e-12
2.004064e-12
1.769751e-12
2.003397e-12
