1.872613e-12
2.105982e-12
1.871503e-12
2.104483e-12
1.869727e-12
2.103318e-12
1.868006e-12
2.101708e-12
1.866007e-12
2.099598e-12
1.863176e-12
2.097378e-12
1.860179e-12
2.095213e-12
1.857070e-12
2.092271e-12
1.853184e-12
2.089551e-12
1.848910e-12
2.086054e-12
1.844247e-12
2.082723e-12
1.839640e-12
2.078893e-12
1.834588e-12
2.075118e-12
1.828870e-12
2.070732e-12
1.822875e-12
2.066791e-12
1.817047e-12
2.061684e-12
1.809941e-12
2.056522e-12
1.802669e-12
2.051193e-12
1.794787e-12
2.045752e-12
1.786571e-12
2.039591e-12
1.777745e-12
2.033151e-12
1.768252e-12
2.026268e-12
1.758371e-12
2.019107e-12
1.748102e-12
2.011058e-12
1.736722e-12
2.003009e-12
1.724676e-12
1.994238e-12
1.712352e-12
1.985523e-12
1.699640e-12
1.976308e-12
1.686262e-12
1.966760e-12
1.672440e-12
1.956879e-12
1.657896e-12
1.947109e-12
1.643352e-12
1.936729e-12
1.627865e-12
1.926292e-12
1.612210e-12
1.915246e-12
1.595668e-12
1.904643e-12
1.578959e-12
1.893430e-12
1.561529e-12
1.881828e-12
1.543321e-12
1.869782e-12
1.524614e-12
1.858125e-12
1.505573e-12
1.845524e-12
1.485478e-12
1.832923e-12
1.464717e-12
1.820044e-12
1.443234e-12
1.806888e-12
1.421530e-12
1.793676e-12
1.398992e-12
1.780409e-12
1.376066e-12
1.767142e-12
1.352196e-12
1.753708e-12
1.328049e-12
1.739886e-12
1.302569e-12
1.725842e-12
1.276590e-12
1.711797e-12
1.249612e-12
1.697698e-12
1.222300e-12
1.684042e-12
1.194322e-12
1.670553e-12
1.165790e-12
1.657063e-12
1.136535e-12
1.644518e-12
1.107059e-12
1.631861e-12
1.076528e-12
1.619760e-12
1.045275e-12
1.607825e-12
1.013245e-12
1.596723e-12
9.808265e-13
1.586176e-12
9.473533e-13
1.576184e-12
9.129919e-13
1.567191e-12
8.779644e-13
1.559253e-12
8.424372e-13
1.551981e-12
8.053003e-13
1.545708e-12
7.671641e-13
1.540379e-12
7.276402e-13
1.536826e-12
6.871725e-13
1.534328e-12
6.453171e-13
1.533218e-12
6.014633e-13
1.533940e-12
5.561107e-13
1.536826e-12
5.091483e-13
1.541378e-12
4.598544e-13
1.548706e-12
4.083400e-13
1.558031e-12
3.541611e-13
1.570688e-12
2.975398e-13
1.586620e-12
2.375877e-13
1.606215e-12
1.742495e-13
1.629807e-12
1.066924e-13
1.658562e-12
3.524958e-14
1.691924e-12
-4.179990e-14
1.731448e-12
-1.242340e-13
1.778799e-12
-2.118861e-13
1.836697e-12
-3.023692e-13
1.911138e-12
-3.883560e-13
2.018385e-12
-4.469758e-13
2.199962e-12
-4.141687e-13
2.566836e-12
-1.124656e-13
3.415657e-12
9.419132e-13
5.552669e-12
4.069300e-12
1.116252e-11
1.286260e-11
2.617928e-11
3.709344e-11
6.672707e-11
1.033318e-10
1.766283e-10
2.838102e-10
4.749955e-10
7.748879e-10
1.285597e-09
2.110340e-09
3.488512e-09
5.741131e-09
9.476022e-09
1.561142e-08
2.575100e-08
4.244256e-08
6.999006e-08
1.153782e-07
1.902431e-07
3.136393e-07
5.171233e-07
8.525699e-07
1.405673e-06
2.317534e-06
3.820991e-06
6.299702e-06
1.038644e-05
1.712420e-05
2.823276e-05
4.654705e-05
7.674085e-05
1.265179e-04
2.085757e-04
3.438366e-04
5.667644e-04
9.340930e-04
1.539126e-03
2.535059e-03
4.172744e-03
6.861119e-03
1.126195e-02
1.843314e-02
3.003199e-02
4.856815e-02
7.762946e-02
1.218529e-01
1.861838e-01
2.738850e-01
3.834335e-01
5.062497e-01
6.283162e-01
7.359454e-01
8.212736e-01
8.833970e-01
9.258759e-01
9.536909e-01
9.713908e-01
9.824501e-01
9.892814e-01
9.934713e-01
9.960300e-01
9.975883e-01
9.985358e-01
9.991114e-01
9.994609e-01
9.996729e-01
9.998016e-01
9.998797e-01
9.999270e-01
9.999557e-01
9.999731e-01
9.999837e-01
9.999901e-01
9.999940e-01
9.999964e-01
9.999978e-01
9.999987e-01
9.999992e-01
9.999995e-01
9.999997e-01
9.999998e-01
9.999999e-01
9.999999e-01
1.000000e+00
1.000000e+00
1.000000e+00
1.000000e+00
1.000000e+00
1.000000e+00
1.000000e+00
1.000000e+00
1.000000e+00
1.000000e+00
1.000000e+00
1.000000e+00
1.000000e+00
1.000000e+00
1.000000e+00
1.000000e+00
1.000000e+00
1.000000e+00
1.000000e+00
1.000000e+00
1.000000e+00
1.000000e+00
1.000000e+00
1.000000e+00
1.000000e+00
1.000000e+00
1.000000e+00
1.000000e+00
1.000000e+00
1.000000e+00
1.000000e+00
1.000000e+00
1.000000e+00
1.000000e+00
1.000000e+00
1.000000e+00
1.000000e+00
1.000000e+00
1.000000e+00
1.000000e+00
1.000000e+00
1.000000e+00
1.000000e+00
1.000000e+00
1.000000e+00
1.000000e+00
1.000000e+00
1.000000e+00
1.000000e+00
1.000000e+00
1.000000e+00
1.000000e+00
1.000000e+00
1.000000e+00
1.000000e+00
1.000000e+00
1.000000e+00
1.000000e+00
1.000000e+00
1.000000e+00
1.000000e+00
1.000000e+00
1.000000e+00
1.000000e+00
1.000000e+00
1.000000e+00
1.000000e+00
1.000000e+00
1.000000e+00
1.000000e+00
1.000000e+00
1.000000e+00
1.000000e+00
1.000000e+00
1.000000e+00
1.000000e+00
1.000000e+00
1.000000e+00
1.000000e+00
1.000000e+00
1.000000e+00
1.000000e+00
1.000000e+00
1.000000e+00
1.000000e+00
1.000000e+00
1.000000e+00
1.000000e+00
1.000000e+00
1.000000e+00
1.000000e+00
1.000000e+00
1.000000e+00
1.000000e+00
1.000000e+00
1.000000e+00
1.000000e+00
1.000000e+00
1.000000e+00
1.000000e+00
1.000000e+00
1.000000e+00
1.000000e+00
1.000000e+00
1.000000e+00
1.000000e+00
1.000000e+00
1.000000e+00
1.000000e+00
1.000000e+00
1.000000e+00
1.000000e+00
1.000000e+00
1.000000e+00
1.000000e+00
1.000000e+00
1.000000e+00
1.000000e+00
1.000000e+00
1.000000e+00
1.000000e+00
1.000000e+00
1.000000e+00
1.000000e+00
1.000000e+00
1.000000e+00
1.000000e+00
1.000000e+00
1.000000e+00
1.000000e+00
1.000000e+00
1.000000e+00
1.000000e+00
1.000000e+00
1.000000e+00
1.000000e+00
1.000000e+00
1.000000e+00
1.000000e+00
1.000000e+00
1.000000e+00
1.000000e+00
1.000000e+00
1.000000e+00
1.000000e+00
1.000000e+00
1.000000e+00
1.000000e+00
1.000000e+00
1.000000e+00
1.000000e+00
1.000000e+00
1.000000e+00
1.000000e+00
1.000000e+00
1.000000e+00
1.000000e+00
1.000000e+00
1.000000e+00
1.000000e+00
1.000000e+00
1.000000e+00
1.000000e+00
1.000000e+00
1.000000e+00
1.000000e+00
1.000000e+00
1.000000e+00
1.000000e+00
1.000000e+00
1.000000e+00
1.000000e+00
1.000000e+00
1.000000e+00
1.000000e+00
1.000000e+00
1.000000e+00
1.000000e+00
1.000000e+00
1.000000e+00
1.000000e+00
1.000000e+00
1.000000e+00
1.000000e+00
1.000000e+00
1.000000e+00
1.000000e+00
1.000000e+00
1.000000e+00
1.000000e+00
1.000000e+00
1.000000e+00
1.000000e+00
1.000000e+00
1.000000e+00
1.000000e+00
1.000000e+00
1.000000e+00
1.000000e+00
1.000000e+00
1.000000e+00
1.000000e+00
1.000000e+00
1.000000e+00
1.000000e+00
1.000000e+00
1.000000e+00
1.000000e+00
1.000000e+00
1.000000e+00
1.000000e+00
1.000000e+00
1.000000e+00
1.000000e+00
1.000000e+00
1.000000e+00
1.000000e+00
1.000000e+00
1.000000e+00
1.000000e+00
1.000000e+00
1.000000e+00
1.000000e+00
1.000000e+00
1.000000e+00
1.000000e+00
1.000000e+00
1.000000e+00
1.000000e+00
1.000000e+00
1.000000e+00
1.000000e+00
1.000000e+00
1.000000e+00
1.000000e+00
1.000000e+00
1.000000e+00
1.000000e+00
1.000000e+00
1.000000e+00
1.000000e+00
1.000000e+00
1.000000e+00
1.000000e+00
1.000000e+00
1.000000e+00
1.000000e+00
1.000000e+00
1.000000e+00
1.000000e+00
1.000000e+00
1.000000e+00
1.000000e+00
1.000000e+00
1.000000e+00
1.000000e+00
1.000000e+00
1.000000e+00
1.000000e+00
1.000000e+00
1.000000e+00
1.000000e+00
1.000000e+00
1.000000e+00
1.000000e+00
1.000000e+00
1.000000e+00
1.000000e+00
1.000000e+00
1.000000e+00
1.000000e+00
1.000000e+00
1.000000e+00
1.000000e+00
1.000000e+00
1.000000e+00
1.000000e+00
1.000000e+00
1.000000e+00
1.000000e+00
1.000000e+00
1.000000e+00
1.000000e+00
1.000000e+00
1.000000e+00
1.000000e+00
1.000000e+00
1.000000e+00
1.000000e+00
1.000000e+00
1.000000e+00
1.000000e+00
1.000000e+00
1.000000e+00
1.000000e+00
1.000000e+00
1.000000e+00
1.000000e+00
1.000000e+00
1.000000e+00
1.000000e+00
1.000000e+00
1.000000e+00
1.000000e+00
1.000000e+00
1.000000e+00
1.000000e+00
1.000000e+00
1.000000e+00
1.000000e+00
1.000000e+00
1.000000e+00
1.000000e+00
1.000000e+00
1.000000e+00
1.000000e+00
1.000000e+00
1.000000e+00
1.000000e+00
1.000000e+00
1.000000e+00
1.000000e+00
1.000000e+00
1.000000e+00
1.000000e+00
1.000000e+00
1.000000e+00
1.000000e+00
1.000000e+00
1.000000e+00
1.000000e+00
1.000000e+00
1.000000e+00
1.000000e+00
1.000000e+00
1.000000e+00
1.000000e+00
1.000000e+00
1.000000e+00
1.000000e+00
1.000000e+00
1.000000e+00
1.000000e+00
1.000000e+00
1.000000e+00
1.000000e+00
1.000000e+00
1.000000e+00
1.000000e+00
1.000000e+00
1.000000e+00
1.000000e+00
1.000000e+00
1.000000e+00
1.000000e+00
1.000000e+00
1.000000e+00
1.000000e+00
1.000000e+00
1.000000e+00
1.000000e+00
1.000000e+00
1.000000e+00
1.000000e+00
1.000000e+00
1.000000e+00
1.000000e+00
1.000000e+00
1.000000e+00
1.000000e+00
1.000000e+00
1.000000e+00
1.000000e+00
1.000000e+00
1.000000e+00
1.000000e+00
1.000000e+00
1.000000e+00
1.000000e+00
1.000000e+00
1.000000e+00
1.000000e+00
1.000000e+00
1.000000e+00
1.000000e+00
1.000000e+00
1.000000e+00
1.000000e+00
1.000000e+00
1.000000e+00
1.000000e+00
1.000000e+00
1.000000e+00
1.000000e+00
1.000000e+00
1.000000e+00
1.000000e+00
1.000000e+00
1.000000e+00
1.000000e+00
1.000000e+00
1.000000e+00
1.000000e+00
1.000000e+00
1.000000e+00
1.000000e+00
1.000000e+00
1.000000e+00
1.000000e+00
1.000000e+00
1.000000e+00
1.000000e+00
1.000000e+00
1.000000e+00
1.000000e+00
1.000000e+00
1.000000e+00
1.000000e+00
1.000000e+00
1.000000e+00
1.000000e+00
1.000000e+00
1.000000e+00
1.000000e+00
1.000000e+00
1.000000e+00
1.000000e+00
1.000000e+00
1.000000e+00
1.000000e+00
1.000000e+00
1.000000e+00
1.000000e+00
1.000000e+00
1.000000e+00
1.000000e+00
1.000000e+00
1.000000e+00
1.000000e+00
1.000000e+00
1.000000e+00
1.000000e+00
1.000000e+00
1.000000e+00
1.000000e+00
1.000000e+00
1.000000e+00
1.000000e+00
1.000000e+00
1.000000e+00
1.000000e+00
1.000000e+00
1.000000e+00
1.000000e+00
1.000000e+00
1.000000e+00
1.000000e+00
1.000000e+00
1.000000e+00
1.000000e+00
1.000000e+00
1.000000e+00
1.000000e+00
1.000000e+00
1.000000e+00
1.000000e+00
1.000000e+00
1.000000e+00
1.000000e+00
1.000000e+00
1.000000e+00
1.000000e+00
1.000000e+00
1.000000e+00
1.000000e+00
1.000000e+00
1.000000e+00
1.000000e+00
1.000000e+00
1.000000e+00
1.000000e+00
1.000000e+00
1.000000e+00
1.000000e+00
1.000000e+00
1.000000e+00
1.000000e+00
1.000000e+00
1.000000e+00
1.000000e+00
1.000000e+00
1.000000e+00
1.000000e+00
1.000000e+00
1.000000e+00
1.000000e+00
1.000000e+00
9.999999e-01
9.999999e-01
9.999998e-01
9.999997e-01
9.999995e-01
9.999992e-01
9.999987e-01
9.999978e-01
9.999964e-01
9.999940e-01
9.999901e-01
9.999837e-01
9.999731e-01
9.999557e-01
9.999270e-01
9.998797e-01
9.998016e-01
9.996729e-01
9.994609e-01
9.991114e-01
9.985358e-01
9.975883e-01
9.960300e-01
9.934713e-01
9.892814e-01
9.824501e-01
9.713908e-01
9.536909e-01
9.258759e-01
8.833970e-01
8.212736e-01
7.359454e-01
6.283162e-01
5.062497e-01
3.834335e-01
2.738850e-01
1.861838e-01
1.218529e-01
7.762946e-02
4.856815e-02
3.003199e-02
1.843314e-02
1.126195e-02
6.861119e-03
4.172744e-03
2.535059e-03
1.539126e-03
9.340930e-04
5.667644e-04
3.438366e-04
2.085757e-04
1.265179e-04
7.674085e-05
4.654705e-05
2.823276e-05
1.712420e-05
1.038644e-05
6.299702e-06
3.820991e-06
2.317534e-06
1.405673e-06
8.525700e-07
5.171233e-07
3.136393e-07
1.902431e-07
1.153783e-07
6.999008e-08
4.244258e-08
2.575103e-08
1.561144e-08
9.476049e-09
5.741159e-09
3.488542e-09
2.110371e-09
1.285629e-09
7.749218e-10
4.750307e-10
2.838465e-10
1.766661e-10
1.033706e-10
6.676681e-11
3.713441e-11
2.622091e-11
1.290523e-11
1.120620e-11
4.113931e-12
5.597800e-12
9.878764e-13
3.462564e-12
-6.494805e-14
2.614908e-12
-3.652079e-13
2.249811e-12
-3.965717e-13
2.069345e-12
-3.365086e-13
1.963429e-12
-2.491340e-13
1.890377e-12
-1.573186e-13
1.834422e-12
-6.789014e-14
1.788625e-12
1.570966e-14
1.750100e-12
9.386936e-14
1.717460e-12
1.666445e-13
1.689981e-12
2.347567e-13
1.667000e-12
2.984835e-13
1.647515e-12
3.583245e-13
1.631084e-12
4.144463e-13
1.617928e-12
4.674594e-13
1.606881e-12
5.175305e-13
1.598333e-12
5.648815e-13
1.591616e-12
6.099565e-13
1.587064e-12
6.533107e-13
1.583900e-12
6.944445e-13
1.582234e-12
7.338019e-13
1.581901e-12
7.713830e-13
1.583123e-12
8.082424e-13
1.585121e-12
8.429923e-13
1.588063e-12
8.769097e-13
1.592115e-12
9.098278e-13
1.597389e-12
9.418577e-13
1.603495e-12
9.731660e-13
1.610323e-12
1.003420e-12
1.617706e-12
1.032840e-12
1.626033e-12
1.062095e-12
1.634637e-12
1.090239e-12
1.644407e-12
1.117995e-12
1.654177e-12
1.145195e-12
1.664779e-12
1.172062e-12
1.675715e-12
1.198708e-12
1.687483e-12
1.224687e-12
1.699252e-12
1.250167e-12
1.711797e-12
1.275924e-12
1.724232e-12
1.300460e-12
1.736888e-12
1.324663e-12
1.749711e-12
1.348199e-12
1.762535e-12
1.371125e-12
1.775302e-12
1.393663e-12
1.787848e-12
1.415312e-12
1.800393e-12
1.436462e-12
1.812939e-12
1.457334e-12
1.824874e-12
1.477096e-12
1.836920e-12
1.496303e-12
1.848743e-12
1.515232e-12
1.860512e-12
1.533607e-12
1.872058e-12
1.551759e-12
1.883382e-12
1.569245e-12
1.894984e-12
1.586176e-12
1.906475e-12
1.603273e-12
1.917633e-12
1.619593e-12
1.928735e-12
1.635747e-12
1.939449e-12
1.651068e-12
1.950384e-12
1.666056e-12
1.960931e-12
1.680878e-12
1.971034e-12
1.694700e-12
1.980749e-12
1.708245e-12
1.990297e-12
1.721401e-12
1.999512e-12
1.733558e-12
2.008227e-12
1.745326e-12
2.016609e-12
1.756373e-12
2.024714e-12
1.767309e-12
2.032430e-12
1.777967e-12
2.039979e-12
1.787737e-12
2.047362e-12
1.797118e-12
2.054468e-12
1.806444e-12
2.061074e-12
1.814771e-12
2.067180e-12
1.823042e-12
2.073119e-12
1.830203e-12
2.078782e-12
1.837253e-12
2.083889e-12
1.843692e-12
2.088663e-12
1.849465e-12
2.092493e-12
1.854517e-12
2.096323e-12
1.859235e-12
2.099376e-12
1.862954e-12
2.102096e-12
1.866063e-12
2.103873e-12
1.868561e-12
2.105760e-12
1.870726e-12
2.106704e-12
1.872447e-12
2.107481e-12
1.873002e-12
2.107592e-12
1.873335e-12
2.107758e-12
1.873557e-12
2.107148e-12
