1.991574e-12
2.225053e-12
1.990408e-12
2.223777e-12
1.989076e-12
2.222389e-12
1.987244e-12
2.220779e-12
1.985301e-12
2.219502e-12
1.982858e-12
2.217115e-12
1.980027e-12
2.215117e-12
1.976863e-12
2.212286e-12
1.973310e-12
2.209732e-12
1.969314e-12
2.206402e-12
1.964873e-12
2.202905e-12
1.959988e-12
2.198797e-12
1.954326e-12
2.194966e-12
1.948275e-12
2.190137e-12
1.942280e-12
2.185363e-12
1.935119e-12
2.179923e-12
1.927791e-12
2.174205e-12
1.919520e-12
2.167655e-12
1.910805e-12
2.161049e-12
1.901423e-12
2.153722e-12
1.891709e-12
2.146616e-12
1.881328e-12
2.138900e-12
1.870615e-12
2.130573e-12
1.858957e-12
2.121636e-12
1.846745e-12
2.112754e-12
1.834033e-12
2.102984e-12
1.820488e-12
2.092770e-12
1.806499e-12
2.082334e-12
1.792344e-12
2.072398e-12
1.777412e-12
2.061684e-12
1.762535e-12
2.051026e-12
1.746714e-12
2.039646e-12
1.730727e-12
2.028155e-12
1.713518e-12
2.016332e-12
1.695977e-12
2.004008e-12
1.677714e-12
1.991518e-12
1.659173e-12
1.979028e-12
1.639910e-12
1.966038e-12
1.620037e-12
1.952771e-12
1.599554e-12
1.938949e-12
1.578515e-12
1.925515e-12
1.556644e-12
1.911526e-12
1.534328e-12
1.897094e-12
1.511291e-12
1.882772e-12
1.487477e-12
1.868339e-12
1.463107e-12
1.853573e-12
1.438405e-12
1.839029e-12
1.412426e-12
1.823819e-12
1.386002e-12
1.808775e-12
1.358635e-12
1.793343e-12
1.330880e-12
1.778133e-12
1.301959e-12
1.762757e-12
1.272482e-12
1.747769e-12
1.242062e-12
1.732781e-12
1.211309e-12
1.717959e-12
1.179501e-12
1.703526e-12
1.147582e-12
1.689926e-12
1.114830e-12
1.676825e-12
1.081579e-12
1.664113e-12
1.047495e-12
1.652123e-12
1.012967e-12
1.641298e-12
9.773848e-13
1.631195e-12
9.414691e-13
1.621703e-12
9.039436e-13
1.613154e-12
8.659740e-13
1.605827e-12
8.264500e-13
1.599221e-12
7.859824e-13
1.594280e-12
7.442380e-13
1.590672e-12
7.010503e-13
1.588674e-12
6.563083e-13
1.588230e-12
6.097900e-13
1.589617e-12
5.612733e-13
1.593059e-12
5.109801e-13
1.599054e-12
4.581890e-13
1.607658e-12
4.031775e-13
1.618983e-12
3.450573e-13
1.633527e-12
2.840506e-13
1.652289e-12
2.192690e-13
1.674660e-12
1.513234e-13
1.701861e-12
7.810419e-14
1.734335e-12
-5.551115e-17
1.772860e-12
-8.393286e-14
1.818323e-12
-1.730283e-13
1.874612e-12
-2.650657e-13
1.947720e-12
-3.523848e-13
2.053691e-12
-4.123923e-13
2.233935e-12
-3.808065e-13
2.598977e-12
-8.076873e-14
3.446576e-12
9.723888e-13
5.582479e-12
4.098499e-12
1.119105e-11
1.289030e-11
2.620604e-11
3.711975e-11
6.675260e-11
1.033570e-10
1.766529e-10
2.838340e-10
4.750191e-10
7.749110e-10
1.285619e-09
2.110361e-09
3.488533e-09
5.741151e-09
9.476042e-09
1.561144e-08
2.575102e-08
4.244257e-08
6.999007e-08
1.153783e-07
1.902431e-07
3.136393e-07
5.171233e-07
8.525700e-07
1.405673e-06
2.317534e-06
3.820991e-06
6.299702e-06
1.038644e-05
1.712420e-05
2.823276e-05
4.654705e-05
7.674085e-05
1.265179e-04
2.085757e-04
3.438366e-04
5.667644e-04
9.340930e-04
1.539126e-03
2.535059e-03
4.172744e-03
6.861119e-03
1.126195e-02
1.843314e-02
3.003199e-02
4.856815e-02
7.762946e-02
1.218529e-01
1.861838e-01
2.738850e-01
3.834335e-01
5.062497e-01
6.283162e-01
7.359454e-01
8.212736e-01
8.833970e-01
9.258759e-01
9.536909e-01
9.713908e-01
9.824501e-01
9.892814e-01
9.934713e-01
9.960300e-01
9.975883e-01
9.985358e-01
9.991114e-01
9.994609e-01
9.996729e-01
9.998016e-01
9.998797e-01
9.999270e-01
9.999557e-01
9.999731e-01
9.999837e-01
9.999901e-01
9.999940e-01
9.999964e-01
9.999978e-01
9.999987e-01
9.999992e-01
9.999995e-01
9.999997e-01
9.999998e-01
9.999999e-01
9.999999e-01
1.000000e+00
1.000000e+00
1.000000e+00
1.000000e+00
1.000000e+00
1.000000e+00
1.000000e+00
1.000000e+00
1.000000e+00
1.000000e+00
1.000000e+00
1.000000e+00
1.000000e+00
1.000000e+00
1.000000e+00
1.000000e+00
1.000000e+00
1.000000e+00
1.000000e+00
1.000000e+00
1.000000e+00
1.000000e+00
1.000000e+00
1.000000e+00
1.000000e+00
1.000000e+00
1.000000e+00
1.000000e+00
1.000000e+00
1.000000e+00
1.000000e+00
1.000000e+00
1.000000e+00
1.000000e+00
1.000000e+00
1.000000e+00
1.000000e+00
1.000000e+00
1.000000e+00
1.000000e+00
1.000000e+00
1.000000e+00
1.000000e+00
1.000000e+00
1.000000e+00
1.000000e+00
1.000000e+00
1.000000e+00
1.000000e+00
1.000000e+00
1.000000e+00
1.000000e+00
1.000000e+00
1.000000e+00
1.000000e+00
1.000000e+00
1.000000e+00
1.000000e+00
1.000000e+00
1.000000e+00
1.000000e+00
1.000000e+00
1.000000e+00
1.000000e+00
1.000000e+00
1.000000e+00
1.000000e+00
1.000000e+00
1.000000e+00
1.000000e+00
1.000000e+00
1.000000e+00
1.000000e+00
1.000000e+00
1.000000e+00
1.000000e+00
1.000000e+00
1.000000e+00
1.000000e+00
1.000000e+00
1.000000e+00
1.000000e+00
1.000000e+00
1.000000e+00
1.000000e+00
1.000000e+00
1.000000e+00
1.000000e+00
1.000000e+00
1.000000e+00
1.000000e+00
1.000000e+00
1.000000e+00
1.000000e+00
1.000000e+00
1.000000e+00
1.000000e+00
1.000000e+00
1.000000e+00
1.000000e+00
1.000000e+00
1.000000e+00
1.000000e+00
1.000000e+00
1.000000e+00
1.000000e+00
1.000000e+00
1.000000e+00
1.000000e+00
1.000000e+00
1.000000e+00
1.000000e+00
1.000000e+00
1.000000e+00
1.000000e+00
1.000000e+00
1.000000e+00
1.000000e+00
1.000000e+00
1.000000e+00
1.000000e+00
1.000000e+00
1.000000e+00
1.000000e+00
1.000000e+00
1.000000e+00
1.000000e+00
1.000000e+00
1.000000e+00
1.000000e+00
1.000000e+00
1.000000e+00
1.000000e+00
1.000000e+00
1.000000e+00
1.000000e+00
1.000000e+00
1.000000e+00
1.000000e+00
1.000000e+00
1.000000e+00
1.000000e+00
1.000000e+00
1.000000e+00
1.000000e+00
1.000000e+00
1.000000e+00
1.000000e+00
1.000000e+00
1.000000e+00
1.000000e+00
1.000000e+00
1.000000e+00
1.000000e+00
1.000000e+00
1.000000e+00
1.000000e+00
1.000000e+00
1.000000e+00
1.000000e+00
1.000000e+00
1.000000e+00
1.000000e+00
1.000000e+00
1.000000e+00
1.000000e+00
1.000000e+00
1.000000e+00
1.000000e+00
1.000000e+00
1.000000e+00
1.000000e+00
1.000000e+00
1.000000e+00
1.000000e+00
1.000000e+00
1.000000e+00
1.000000e+00
1.000000e+00
1.000000e+00
1.000000e+00
1.000000e+00
1.000000e+00
1.000000e+00
1.000000e+00
1.000000e+00
1.000000e+00
1.000000e+00
1.000000e+00
1.000000e+00
1.000000e+00
1.000000e+00
1.000000e+00
1.000000e+00
1.000000e+00
1.000000e+00
1.000000e+00
1.000000e+00
1.000000e+00
1.000000e+00
1.000000e+00
1.000000e+00
1.000000e+00
1.000000e+00
1.000000e+00
1.000000e+00
1.000000e+00
1.000000e+00
1.000000e+00
1.000000e+00
1.000000e+00
1.000000e+00
1.000000e+00
1.000000e+00
1.000000e+00
1.000000e+00
1.000000e+00
1.000000e+00
1.000000e+00
1.000000e+00
1.000000e+00
1.000000e+00
1.000000e+00
1.000000e+00
1.000000e+00
1.000000e+00
1.000000e+00
1.000000e+00
1.000000e+00
1.000000e+00
1.000000e+00
1.000000e+00
1.000000e+00
1.000000e+00
1.000000e+00
1.000000e+00
1.000000e+00
1.000000e+00
1.000000e+00
1.000000e+00
1.000000e+00
1.000000e+00
1.000000e+00
1.000000e+00
1.000000e+00
1.000000e+00
1.000000e+00
1.000000e+00
1.000000e+00
1.000000e+00
1.000000e+00
1.000000e+00
1.000000e+00
1.000000e+00
1.000000e+00
1.000000e+00
1.000000e+00
1.000000e+00
1.000000e+00
1.000000e+00
1.000000e+00
1.000000e+00
1.000000e+00
1.000000e+00
1.000000e+00
1.000000e+00
1.000000e+00
1.000000e+00
1.000000e+00
1.000000e+00
1.000000e+00
1.000000e+00
1.000000e+00
1.000000e+00
1.000000e+00
1.000000e+00
1.000000e+00
1.000000e+00
1.000000e+00
1.000000e+00
1.000000e+00
1.000000e+00
1.000000e+00
1.000000e+00
1.000000e+00
1.000000e+00
1.000000e+00
1.000000e+00
1.000000e+00
1.000000e+00
1.000000e+00
1.000000e+00
1.000000e+00
1.000000e+00
1.000000e+00
1.000000e+00
1.000000e+00
1.000000e+00
1.000000e+00
1.000000e+00
1.000000e+00
1.000000e+00
1.000000e+00
1.000000e+00
1.000000e+00
1.000000e+00
1.000000e+00
1.000000e+00
1.000000e+00
1.000000e+00
1.000000e+00
1.000000e+00
1.000000e+00
1.000000e+00
1.000000e+00
1.000000e+00
1.000000e+00
1.000000e+00
1.000000e+00
1.000000e+00
1.000000e+00
1.000000e+00
1.000000e+00
1.000000e+00
1.000000e+00
1.000000e+00
1.000000e+00
1.000000e+00
1.000000e+00
1.000000e+00
1.000000e+00
1.000000e+00
1.000000e+00
1.000000e+00
1.000000e+00
1.000000e+00
1.000000e+00
1.000000e+00
1.000000e+00
1.000000e+00
1.000000e+00
1.000000e+00
1.000000e+00
1.000000e+00
1.000000e+00
1.000000e+00
1.000000e+00
1.000000e+00
1.000000e+00
1.000000e+00
1.000000e+00
1.000000e+00
1.000000e+00
1.000000e+00
1.000000e+00
1.000000e+00
1.000000e+00
1.000000e+00
1.000000e+00
1.000000e+00
1.000000e+00
1.000000e+00
1.000000e+00
1.000000e+00
1.000000e+00
1.000000e+00
1.000000e+00
1.000000e+00
1.000000e+00
1.000000e+00
1.000000e+00
1.000000e+00
1.000000e+00
1.000000e+00
1.000000e+00
1.000000e+00
1.000000e+00
1.000000e+00
1.000000e+00
1.000000e+00
1.000000e+00
1.000000e+00
1.000000e+00
1.000000e+00
1.000000e+00
1.000000e+00
1.000000e+00
1.000000e+00
1.000000e+00
1.000000e+00
1.000000e+00
1.000000e+00
1.000000e+00
1.000000e+00
1.000000e+00
1.000000e+00
1.000000e+00
1.000000e+00
1.000000e+00
1.000000e+00
1.000000e+00
1.000000e+00
1.000000e+00
1.000000e+00
1.000000e+00
1.000000e+00
1.000000e+00
1.000000e+00
1.000000e+00
1.000000e+00
1.000000e+00
1.000000e+00
1.000000e+00
1.000000e+00
1.000000e+00
1.000000e+00
1.000000e+00
1.000000e+00
1.000000e+00
1.000000e+00
1.000000e+00
1.000000e+00
1.000000e+00
1.000000e+00
1.000000e+00
1.000000e+00
1.000000e+00
1.000000e+00
1.000000e+00
1.000000e+00
1.000000e+00
1.000000e+00
1.000000e+00
1.000000e+00
1.000000e+00
1.000000e+00
1.000000e+00
1.000000e+00
1.000000e+00
1.000000e+00
1.000000e+00
1.000000e+00
1.000000e+00
1.000000e+00
1.000000e+00
1.000000e+00
1.000000e+00
1.000000e+00
1.000000e+00
1.000000e+00
1.000000e+00
1.000000e+00
1.000000e+00
1.000000e+00
1.000000e+00
1.000000e+00
1.000000e+00
1.000000e+00
1.000000e+00
1.000000e+00
1.000000e+00
1.000000e+00
1.000000e+00
1.000000e+00
1.000000e+00
1.000000e+00
1.000000e+00
1.000000e+00
1.000000e+00
1.000000e+00
1.000000e+00
1.000000e+00
1.000000e+00
1.000000e+00
1.000000e+00
1.000000e+00
1.000000e+00
1.000000e+00
1.000000e+00
1.000000e+00
1.000000e+00
1.000000e+00
1.000000e+00
1.000000e+00
1.000000e+00
1.000000e+00
1.000000e+00
1.000000e+00
1.000000e+00
1.000000e+00
1.000000e+00
1.000000e+00
1.000000e+00
1.000000e+00
1.000000e+00
1.000000e+00
1.000000e+00
9.999999e-01
9.999999e-01
9.999998e-01
9.999997e-01
9.999995e-01
9.999992e-01
9.999987e-01
9.999978e-01
9.999964e-01
9.999940e-01
9.999901e-01
9.999837e-01
9.999731e-01
9.999557e-01
9.999270e-01
9.998797e-01
9.998016e-01
9.996729e-01
9.994609e-01
9.991114e-01
9.985358e-01
9.975883e-01
9.960300e-01
9.934713e-01
9.892814e-01
9.824501e-01
9.713908e-01
9.536909e-01
9.258759e-01
8.833970e-01
8.212736e-01
7.359454e-01
6.283162e-01
5.062497e-01
3.834335e-01
2.738850e-01
1.861838e-01
1.218529e-01
7.762946e-02
4.856815e-02
3.003199e-02
1.843314e-02
1.126195e-02
6.861119e-03
4.172744e-03
2.535059e-03
1.539126e-03
9.340930e-04
5.667644e-04
3.438366e-04
2.085757e-04
1.265179e-04
7.674085e-05
4.654705e-05
2.823276e-05
1.712420e-05
1.038644e-05
6.299702e-06
3.820991e-06
2.317534e-06
1.405673e-06
8.525700e-07
5.171233e-07
3.136393e-07
1.902432e-07
1.153783e-07
6.999009e-08
4.244259e-08
2.575104e-08
1.561146e-08
9.476066e-09
5.741177e-09
3.488560e-09
2.110390e-09
1.285649e-09
7.749418e-10
4.750510e-10
2.838675e-10
1.766876e-10
1.033928e-10
6.678996e-11
3.715805e-11
2.624551e-11
1.293055e-11
1.123218e-11
4.140577e-12
5.625167e-12
1.016187e-12
3.491318e-12
-3.552714e-14
2.645217e-12
-3.341771e-13
2.281175e-12
-3.642087e-13
2.102374e-12
-3.027578e-13
1.998401e-12
-2.138290e-13
1.926903e-12
-1.198486e-13
1.872280e-12
-2.958744e-14
1.827705e-12
5.562217e-14
1.790790e-12
1.348921e-13
1.759259e-12
2.091105e-13
1.733114e-12
2.783329e-13
1.710965e-12
3.431699e-13
1.692702e-12
4.038436e-13
1.677380e-12
4.610201e-13
1.664779e-12
5.147549e-13
1.654676e-12
5.659917e-13
1.647293e-12
6.144529e-13
1.641964e-12
6.609713e-13
1.638245e-12
7.051582e-13
1.636247e-12
7.477907e-13
1.636469e-12
7.887024e-13
1.637745e-12
8.282264e-13
1.640243e-12
8.656964e-13
1.643741e-12
9.023893e-13
1.648293e-12
9.374168e-13
1.653455e-12
9.717782e-13
1.659894e-12
1.005251e-12
1.667333e-12
1.037670e-12
1.675715e-12
1.069422e-12
1.684430e-12
1.100287e-12
1.693978e-12
1.130374e-12
1.703970e-12
1.160183e-12
1.714739e-12
1.189104e-12
1.726008e-12
1.217693e-12
1.737610e-12
1.245615e-12
1.749656e-12
1.273259e-12
1.762701e-12
1.300404e-12
1.775746e-12
1.327660e-12
1.789291e-12
1.353750e-12
1.802891e-12
1.379730e-12
1.816935e-12
1.404932e-12
1.830536e-12
1.429523e-12
1.844358e-12
1.453559e-12
1.858125e-12
1.477263e-12
1.872169e-12
1.500133e-12
1.885880e-12
1.522504e-12
1.899259e-12
1.544209e-12
1.912415e-12
1.565248e-12
1.925959e-12
1.586120e-12
1.939116e-12
1.606326e-12
1.951994e-12
1.625922e-12
1.964817e-12
1.645462e-12
1.978140e-12
1.664391e-12
1.991018e-12
1.683265e-12
2.003786e-12
1.700973e-12
2.016054e-12
1.718903e-12
2.028433e-12
1.735612e-12
2.040312e-12
1.752376e-12
2.051970e-12
1.768308e-12
2.063461e-12
1.784073e-12
2.075118e-12
1.799116e-12
2.085887e-12
1.813716e-12
2.096434e-12
1.827705e-12
2.106537e-12
1.841249e-12
2.116585e-12
1.854017e-12
2.126188e-12
1.866507e-12
2.135236e-12
1.878386e-12
2.144007e-12
1.890099e-12
2.152944e-12
1.901146e-12
2.161382e-12
1.912082e-12
2.169709e-12
1.921741e-12
2.176925e-12
1.931288e-12
2.184253e-12
1.939893e-12
2.190415e-12
1.947831e-12
2.196465e-12
1.955214e-12
2.201739e-12
1.961875e-12
2.206513e-12
1.967482e-12
2.210676e-12
1.972478e-12
2.214118e-12
1.976752e-12
2.216893e-12
1.980416e-12
2.219558e-12
1.983635e-12
2.221445e-12
1.986300e-12
2.223111e-12
1.988298e-12
2.224110e-12
1.990186e-12
2.225609e-12
1.991241e-12
2.226164e-12
1.992129e-12
2.226330e-12
1.991907e-12
2.225831e-12
