1.938227e-12
2.171485e-12
1.936951e-12
2.169986e-12
1.935008e-12
2.168488e-12
1.933065e-12
2.166822e-12
1.930789e-12
2.164713e-12
1.928180e-12
2.162159e-12
1.924849e-12
2.159717e-12
1.921574e-12
2.156941e-12
1.918188e-12
2.154776e-12
1.914302e-12
2.151501e-12
1.910083e-12
2.148393e-12
1.905642e-12
2.145062e-12
1.900535e-12
2.141176e-12
1.894929e-12
2.136569e-12
1.888656e-12
2.132072e-12
1.881884e-12
2.126799e-12
1.874556e-12
2.121414e-12
1.866729e-12
2.114864e-12
1.857792e-12
2.108147e-12
1.848688e-12
2.101208e-12
1.838862e-12
2.093881e-12
1.828482e-12
2.085720e-12
1.817546e-12
2.077727e-12
1.806499e-12
2.069345e-12
1.794898e-12
2.061407e-12
1.782907e-12
2.052192e-12
1.770029e-12
2.042866e-12
1.756928e-12
2.033318e-12
1.743161e-12
2.023659e-12
1.729117e-12
2.013056e-12
1.714018e-12
2.002842e-12
1.698586e-12
1.991851e-12
1.682710e-12
1.980693e-12
1.666056e-12
1.968703e-12
1.648515e-12
1.956879e-12
1.630807e-12
1.944667e-12
1.612210e-12
1.932232e-12
1.593337e-12
1.919354e-12
1.573519e-12
1.906530e-12
1.553646e-12
1.893263e-12
1.532996e-12
1.880496e-12
1.511846e-12
1.866729e-12
1.489864e-12
1.853295e-12
1.467826e-12
1.839751e-12
1.444622e-12
1.825595e-12
1.421030e-12
1.811495e-12
1.396439e-12
1.797229e-12
1.371070e-12
1.782630e-12
1.345202e-12
1.768030e-12
1.318223e-12
1.753042e-12
1.290468e-12
1.738165e-12
1.262102e-12
1.723344e-12
1.233291e-12
1.708911e-12
1.203593e-12
1.694311e-12
1.173173e-12
1.680545e-12
1.142697e-12
1.667000e-12
1.111555e-12
1.654510e-12
1.079914e-12
1.642186e-12
1.047384e-12
1.630418e-12
1.014355e-12
1.619316e-12
9.800494e-13
1.609102e-12
9.455214e-13
1.599054e-12
9.099388e-13
1.590672e-12
8.733014e-13
1.582734e-12
8.359424e-13
1.576073e-12
7.971956e-13
1.570188e-12
7.569501e-13
1.565803e-12
7.158163e-13
1.562583e-12
6.729617e-13
1.561029e-12
6.286083e-13
1.560641e-12
5.824230e-13
1.562583e-12
5.346834e-13
1.566525e-12
4.850009e-13
1.573630e-12
4.330980e-13
1.582678e-12
3.785861e-13
1.594780e-12
3.215206e-13
1.610601e-12
2.611245e-13
1.629419e-12
1.972311e-13
1.652511e-12
1.292300e-13
1.680434e-12
5.673240e-14
1.713296e-12
-2.076117e-14
1.752765e-12
-1.036948e-13
1.798894e-12
-1.921241e-13
1.855904e-12
-2.835510e-13
1.929401e-12
-3.704259e-13
2.036094e-12
-4.298784e-13
2.216893e-12
-3.975709e-13
2.582823e-12
-9.631185e-14
3.431366e-12
9.576784e-13
5.568268e-12
4.084733e-12
1.117761e-11
1.287737e-11
2.619382e-11
3.710798e-11
6.674133e-11
1.033459e-10
1.766426e-10
2.838243e-10
4.750093e-10
7.749018e-10
1.285611e-09
2.110353e-09
3.488525e-09
5.741144e-09
9.476035e-09
1.561143e-08
2.575101e-08
4.244257e-08
6.999007e-08
1.153783e-07
1.902431e-07
3.136393e-07
5.171233e-07
8.525700e-07
1.405673e-06
2.317534e-06
3.820991e-06
6.299702e-06
1.038644e-05
1.712420e-05
2.823276e-05
4.654705e-05
7.674085e-05
1.265179e-04
2.085757e-04
3.438366e-04
5.667644e-04
9.340930e-04
1.539126e-03
2.535059e-03
4.172744e-03
6.861119e-03
1.126195e-02
1.843314e-02
3.003199e-02
4.856815e-02
7.762946e-02
1.218529e-01
1.861838e-01
2.738850e-01
3.834335e-01
5.062497e-01
6.283162e-01
7.359454e-01
8.212736e-01
8.833970e-01
9.258759e-01
9.536909e-01
9.713908e-01
9.824501e-01
9.892814e-01
9.934713e-01
9.960300e-01
9.975883e-01
9.985358e-01
9.991114e-01
9.994609e-01
9.996729e-01
9.998016e-01
9.998797e-01
9.999270e-01
9.999557e-01
9.999731e-01
9.999837e-01
9.999901e-01
9.999940e-01
9.999964e-01
9.999978e-01
9.999987e-01
9.999992e-01
9.999995e-01
9.999997e-01
9.999998e-01
9.999999e-01
9.999999e-01
1.000000e+00
1.000000e+00
1.000000e+00
1.000000e+00
1.000000e+00
1.000000e+00
1.000000e+00
1.000000e+00
1.000000e+00
1.000000e+00
1.000000e+00
1.000000e+00
1.000000e+00
1.000000e+00
1.000000e+00
1.000000e+00
1.000000e+00
1.000000e+00
1.000000e+00
1.000000e+00
1.000000e+00
1.000000e+00
1.000000e+00
1.000000e+00
1.000000e+00
1.000000e+00
1.000000e+00
1.000000e+00
1.000000e+00
1.000000e+00
1.000000e+00
1.000000e+00
1.000000e+00
1.000000e+00
1.000000e+00
1.000000e+00
1.000000e+00
1.000000e+00
1.000000e+00
1.000000e+00
1.000000e+00
1.000000e+00
1.000000e+00
1.000000e+00
1.000000e+00
1.000000e+00
1.000000e+00
1.000000e+00
1.000000e+00
1.000000e+00
1.000000e+00
1.000000e+00
1.000000e+00
1.000000e+00
1.000000e+00
1.000000e+00
1.000000e+00
1.000000e+00
1.000000e+00
1.000000e+00
1.000000e+00
1.000000e+00
1.000000e+00
1.000000e+00
1.000000e+00
1.000000e+00
1.000000e+00
1.000000e+00
1.000000e+00
1.000000e+00
1.000000e+00
1.000000e+00
1.000000e+00
1.000000e+00
1.000000e+00
1.000000e+00
1.000000e+00
1.000000e+00
1.000000e+00
1.000000e+00
1.000000e+00
1.000000e+00
1.000000e+00
1.000000e+00
1.000000e+00
1.000000e+00
1.000000e+00
1.000000e+00
1.000000e+00
1.000000e+00
1.000000e+00
1.000000e+00
1.000000e+00
1.000000e+00
1.000000e+00
1.000000e+00
1.000000e+00
1.000000e+00
1.000000e+00
1.000000e+00
1.000000e+00
1.000000e+00
1.000000e+00
1.000000e+00
1.000000e+00
1.000000e+00
1.000000e+00
1.000000e+00
1.000000e+00
1.000000e+00
1.000000e+00
1.000000e+00
1.000000e+00
1.000000e+00
1.000000e+00
1.000000e+00
1.000000e+00
1.000000e+00
1.000000e+00
1.000000e+00
1.000000e+00
1.000000e+00
1.000000e+00
1.000000e+00
1.000000e+00
1.000000e+00
1.000000e+00
1.000000e+00
1.000000e+00
1.000000e+00
1.000000e+00
1.000000e+00
1.000000e+00
1.000000e+00
1.000000e+00
1.000000e+00
1.000000e+00
1.000000e+00
1.000000e+00
1.000000e+00
1.000000e+00
1.000000e+00
1.000000e+00
1.000000e+00
1.000000e+00
1.000000e+00
1.000000e+00
1.000000e+00
1.000000e+00
1.000000e+00
1.000000e+00
1.000000e+00
1.000000e+00
1.000000e+00
1.000000e+00
1.000000e+00
1.000000e+00
1.000000e+00
1.000000e+00
1.000000e+00
1.000000e+00
1.000000e+00
1.000000e+00
1.000000e+00
1.000000e+00
1.000000e+00
1.000000e+00
1.000000e+00
1.000000e+00
1.000000e+00
1.000000e+00
1.000000e+00
1.000000e+00
1.000000e+00
1.000000e+00
1.000000e+00
1.000000e+00
1.000000e+00
1.000000e+00
1.000000e+00
1.000000e+00
1.000000e+00
1.000000e+00
1.000000e+00
1.000000e+00
1.000000e+00
1.000000e+00
1.000000e+00
1.000000e+00
1.000000e+00
1.000000e+00
1.000000e+00
1.000000e+00
1.000000e+00
1.000000e+00
1.000000e+00
1.000000e+00
1.000000e+00
1.000000e+00
1.000000e+00
1.000000e+00
1.000000e+00
1.000000e+00
1.000000e+00
1.000000e+00
1.000000e+00
1.000000e+00
1.000000e+00
1.000000e+00
1.000000e+00
1.000000e+00
1.000000e+00
1.000000e+00
1.000000e+00
1.000000e+00
1.000000e+00
1.000000e+00
1.000000e+00
1.000000e+00
1.000000e+00
1.000000e+00
1.000000e+00
1.000000e+00
1.000000e+00
1.000000e+00
1.000000e+00
1.000000e+00
1.000000e+00
1.000000e+00
1.000000e+00
1.000000e+00
1.000000e+00
1.000000e+00
1.000000e+00
1.000000e+00
1.000000e+00
1.000000e+00
1.000000e+00
1.000000e+00
1.000000e+00
1.000000e+00
1.000000e+00
1.000000e+00
1.000000e+00
1.000000e+00
1.000000e+00
1.000000e+00
1.000000e+00
1.000000e+00
1.000000e+00
1.000000e+00
1.000000e+00
1.000000e+00
1.000000e+00
1.000000e+00
1.000000e+00
1.000000e+00
1.000000e+00
1.000000e+00
1.000000e+00
1.000000e+00
1.000000e+00
1.000000e+00
1.000000e+00
1.000000e+00
1.000000e+00
1.000000e+00
1.000000e+00
1.000000e+00
1.000000e+00
1.000000e+00
1.000000e+00
1.000000e+00
1.000000e+00
1.000000e+00
1.000000e+00
1.000000e+00
1.000000e+00
1.000000e+00
1.000000e+00
1.000000e+00
1.000000e+00
1.000000e+00
1.000000e+00
1.000000e+00
1.000000e+00
1.000000e+00
1.000000e+00
1.000000e+00
1.000000e+00
1.000000e+00
1.000000e+00
1.000000e+00
1.000000e+00
1.000000e+00
1.000000e+00
1.000000e+00
1.000000e+00
1.000000e+00
1.000000e+00
1.000000e+00
1.000000e+00
1.000000e+00
1.000000e+00
1.000000e+00
1.000000e+00
1.000000e+00
1.000000e+00
1.000000e+00
1.000000e+00
1.000000e+00
1.000000e+00
1.000000e+00
1.000000e+00
1.000000e+00
1.000000e+00
1.000000e+00
1.000000e+00
1.000000e+00
1.000000e+00
1.000000e+00
1.000000e+00
1.000000e+00
1.000000e+00
1.000000e+00
1.000000e+00
1.000000e+00
1.000000e+00
1.000000e+00
1.000000e+00
1.000000e+00
1.000000e+00
1.000000e+00
1.000000e+00
1.000000e+00
1.000000e+00
1.000000e+00
1.000000e+00
1.000000e+00
1.000000e+00
1.000000e+00
1.000000e+00
1.000000e+00
1.000000e+00
1.000000e+00
1.000000e+00
1.000000e+00
1.000000e+00
1.000000e+00
1.000000e+00
1.000000e+00
1.000000e+00
1.000000e+00
1.000000e+00
1.000000e+00
1.000000e+00
1.000000e+00
1.000000e+00
1.000000e+00
1.000000e+00
1.000000e+00
1.000000e+00
1.000000e+00
1.000000e+00
1.000000e+00
1.000000e+00
1.000000e+00
1.000000e+00
1.000000e+00
1.000000e+00
1.000000e+00
1.000000e+00
1.000000e+00
1.000000e+00
1.000000e+00
1.000000e+00
1.000000e+00
1.000000e+00
1.000000e+00
1.000000e+00
1.000000e+00
1.000000e+00
1.000000e+00
1.000000e+00
1.000000e+00
1.000000e+00
1.000000e+00
1.000000e+00
1.000000e+00
1.000000e+00
1.000000e+00
1.000000e+00
1.000000e+00
1.000000e+00
1.000000e+00
1.000000e+00
1.000000e+00
1.000000e+00
1.000000e+00
1.000000e+00
1.000000e+00
1.000000e+00
1.000000e+00
1.000000e+00
1.000000e+00
1.000000e+00
1.000000e+00
1.000000e+00
1.000000e+00
1.000000e+00
1.000000e+00
1.000000e+00
1.000000e+00
1.000000e+00
1.000000e+00
1.000000e+00
1.000000e+00
1.000000e+00
1.000000e+00
1.000000e+00
1.000000e+00
1.000000e+00
1.000000e+00
1.000000e+00
1.000000e+00
1.000000e+00
1.000000e+00
1.000000e+00
1.000000e+00
1.000000e+00
1.000000e+00
1.000000e+00
1.000000e+00
1.000000e+00
1.000000e+00
1.000000e+00
1.000000e+00
1.000000e+00
1.000000e+00
1.000000e+00
1.000000e+00
1.000000e+00
1.000000e+00
1.000000e+00
1.000000e+00
1.000000e+00
1.000000e+00
1.000000e+00
1.000000e+00
1.000000e+00
1.000000e+00
1.000000e+00
1.000000e+00
1.000000e+00
1.000000e+00
1.000000e+00
1.000000e+00
1.000000e+00
1.000000e+00
1.000000e+00
1.000000e+00
1.000000e+00
1.000000e+00
1.000000e+00
1.000000e+00
1.000000e+00
1.000000e+00
1.000000e+00
1.000000e+00
1.000000e+00
1.000000e+00
1.000000e+00
1.000000e+00
1.000000e+00
1.000000e+00
1.000000e+00
1.000000e+00
1.000000e+00
1.000000e+00
1.000000e+00
1.000000e+00
1.000000e+00
1.000000e+00
1.000000e+00
1.000000e+00
1.000000e+00
1.000000e+00
1.000000e+00
1.000000e+00
1.000000e+00
1.000000e+00
1.000000e+00
1.000000e+00
1.000000e+00
1.000000e+00
1.000000e+00
1.000000e+00
9.999999e-01
9.999999e-01
9.999998e-01
9.999997e-01
9.999995e-01
9.999992e-01
9.999987e-01
9.999978e-01
9.999964e-01
9.999940e-01
9.999901e-01
9.999837e-01
9.999731e-01
9.999557e-01
9.999270e-01
9.998797e-01
9.998016e-01
9.996729e-01
9.994609e-01
9.991114e-01
9.985358e-01
9.975883e-01
9.960300e-01
9.934713e-01
9.892814e-01
9.824501e-01
9.713908e-01
9.536909e-01
9.258759e-01
8.833970e-01
8.212736e-01
7.359454e-01
6.283162e-01
5.062497e-01
3.834335e-01
2.738850e-01
1.861838e-01
1.218529e-01
7.762946e-02
4.856815e-02
3.003199e-02
1.843314e-02
1.126195e-02
6.861119e-03
4.172744e-03
2.535059e-03
1.539126e-03
9.340930e-04
5.667644e-04
3.438366e-04
2.085757e-04
1.265179e-04
7.674085e-05
4.654705e-05
2.823276e-05
1.712420e-05
1.038644e-05
6.299702e-06
3.820991e-06
2.317534e-06
1.405673e-06
8.525700e-07
5.171233e-07
3.136393e-07
1.902432e-07
1.153783e-07
6.999009e-08
4.244259e-08
2.575104e-08
1.561146e-08
9.476063e-09
5.741173e-09
3.488555e-09
2.110385e-09
1.285643e-09
7.749359e-10
4.750449e-10
2.838609e-10
1.766803e-10
1.033850e-10
6.678169e-11
3.714945e-11
2.623635e-11
1.292089e-11
1.122191e-11
4.130030e-12
5.614176e-12
1.004807e-12
3.479661e-12
-4.762857e-14
2.632561e-12
-3.471112e-13
2.268075e-12
-3.778089e-13
2.088552e-12
-3.171352e-13
1.983469e-12
-2.287615e-13
1.911304e-12
-1.359468e-13
1.855849e-12
-4.640732e-14
1.810607e-12
3.824718e-14
1.772915e-12
1.169065e-13
1.740941e-12
1.902922e-13
1.714018e-12
2.588485e-13
1.691369e-12
3.232414e-13
1.672495e-12
3.833045e-13
1.656397e-12
4.397593e-13
1.643352e-12
4.932721e-13
1.632861e-12
5.440648e-13
1.625033e-12
5.921930e-13
1.619205e-12
6.377676e-13
1.614986e-12
6.815659e-13
1.612432e-12
7.232548e-13
1.611766e-12
7.635559e-13
1.611933e-12
8.020806e-13
1.613820e-12
8.389955e-13
1.616318e-12
8.748557e-13
1.620093e-12
9.092171e-13
1.624700e-12
9.425793e-13
1.630529e-12
9.750534e-13
1.637079e-12
1.006695e-12
1.644351e-12
1.037670e-12
1.652123e-12
1.067646e-12
1.660838e-12
1.097067e-12
1.670220e-12
1.126099e-12
1.680711e-12
1.154632e-12
1.691203e-12
1.182554e-12
1.702416e-12
1.210254e-12
1.714406e-12
1.237455e-12
1.726674e-12
1.264322e-12
1.739053e-12
1.290357e-12
1.752043e-12
1.316058e-12
1.764922e-12
1.341260e-12
1.778244e-12
1.366018e-12
1.791123e-12
1.389777e-12
1.804279e-12
1.413258e-12
1.817435e-12
1.435962e-12
1.830536e-12
1.457945e-12
1.843303e-12
1.479594e-12
1.856015e-12
1.500855e-12
1.868949e-12
1.521616e-12
1.882050e-12
1.541933e-12
1.894651e-12
1.561584e-12
1.907197e-12
1.581013e-12
1.919687e-12
1.599831e-12
1.932454e-12
1.618650e-12
1.944667e-12
1.636635e-12
1.957379e-12
1.654454e-12
1.969425e-12
1.672051e-12
1.981526e-12
1.689038e-12
1.992850e-12
1.704803e-12
2.004397e-12
1.720513e-12
2.015499e-12
1.735723e-12
2.026657e-12
1.750600e-12
2.037148e-12
1.764866e-12
2.047307e-12
1.778522e-12
2.057077e-12
1.791900e-12
2.067457e-12
1.804834e-12
2.076783e-12
1.817102e-12
2.085887e-12
1.829148e-12
2.094824e-12
1.840472e-12
2.103206e-12
1.851241e-12
2.111089e-12
1.861289e-12
2.118805e-12
1.870670e-12
2.125800e-12
1.879830e-12
2.132516e-12
1.888212e-12
2.138401e-12
1.895650e-12
2.144118e-12
1.902645e-12
2.149281e-12
1.909306e-12
2.154055e-12
1.914802e-12
2.157552e-12
1.919465e-12
2.161160e-12
1.924017e-12
2.163991e-12
1.927791e-12
2.166933e-12
1.931122e-12
2.168987e-12
1.933675e-12
2.170542e-12
1.935951e-12
2.171707e-12
1.937173e-12
2.172762e-12
1.938505e-12
2.172817e-12
1.938727e-12
2.173040e-12
1.938782e-12
2.172540e-12
