2.080891e-12
2.314371e-12
2.079781e-12
2.312872e-12
2.077949e-12
2.311595e-12
2.076228e-12
2.309708e-12
2.074063e-12
2.308043e-12
2.070899e-12
2.304990e-12
2.067568e-12
2.302381e-12
2.063905e-12
2.299327e-12
2.060130e-12
2.296607e-12
2.056522e-12
2.293721e-12
2.052414e-12
2.290390e-12
2.047695e-12
2.286837e-12
2.042644e-12
2.283396e-12
2.037037e-12
2.278677e-12
2.030487e-12
2.273792e-12
2.023437e-12
2.268130e-12
2.015887e-12
2.262135e-12
2.007561e-12
2.255363e-12
1.998512e-12
2.248812e-12
1.989020e-12
2.241041e-12
1.978973e-12
2.233380e-12
1.967704e-12
2.224498e-12
1.955991e-12
2.215672e-12
1.943778e-12
2.206180e-12
1.930955e-12
2.196798e-12
1.918132e-12
2.186751e-12
1.904366e-12
2.176703e-12
1.890099e-12
2.165990e-12
1.875611e-12
2.155276e-12
1.860401e-12
2.144174e-12
1.844636e-12
2.132849e-12
1.828260e-12
2.121192e-12
1.811440e-12
2.108758e-12
1.793954e-12
2.096101e-12
1.775524e-12
2.083445e-12
1.756983e-12
2.070177e-12
1.737499e-12
2.057021e-12
1.717237e-12
2.042810e-12
1.696532e-12
2.028711e-12
1.675104e-12
2.014444e-12
1.653400e-12
2.000233e-12
1.631251e-12
1.985689e-12
1.608158e-12
1.970979e-12
1.584788e-12
1.955991e-12
1.560363e-12
1.941003e-12
1.535549e-12
1.925515e-12
1.509570e-12
1.910083e-12
1.483480e-12
1.894263e-12
1.455946e-12
1.878275e-12
1.427969e-12
1.862011e-12
1.399048e-12
1.846190e-12
1.369460e-12
1.829925e-12
1.339429e-12
1.814215e-12
1.308231e-12
1.798284e-12
1.276534e-12
1.782796e-12
1.244060e-12
1.767919e-12
1.211253e-12
1.753486e-12
1.178169e-12
1.739497e-12
1.143974e-12
1.726508e-12
1.109557e-12
1.713796e-12
1.074252e-12
1.702138e-12
1.038003e-12
1.690981e-12
1.000533e-12
1.680545e-12
9.622858e-13
1.670886e-12
9.229284e-13
1.662059e-12
8.822942e-13
1.654232e-12
8.402168e-13
1.648015e-12
7.971956e-13
1.642908e-12
7.527867e-13
1.639855e-12
7.065459e-13
1.637634e-12
6.585843e-13
1.637745e-12
6.087908e-13
1.639966e-12
5.571099e-13
1.644851e-12
5.037637e-13
1.652289e-12
4.473644e-13
1.662837e-12
3.886336e-13
1.676603e-12
3.266831e-13
1.694256e-12
2.612355e-13
1.715683e-12
1.914580e-13
1.741773e-12
1.171285e-13
1.772860e-12
3.774758e-14
1.810108e-12
-4.696243e-14
1.854683e-12
-1.372791e-13
1.910083e-12
-2.304268e-13
1.981693e-12
-3.187450e-13
2.086720e-12
-3.800293e-13
2.265854e-12
-3.493317e-13
2.630118e-12
-5.012657e-14
3.476830e-12
1.001865e-12
5.611567e-12
4.127310e-12
1.121903e-11
1.291789e-11
2.623357e-11
3.714667e-11
6.677914e-11
1.033828e-10
1.766784e-10
2.838590e-10
4.750434e-10
7.749347e-10
1.285643e-09
2.110384e-09
3.488555e-09
5.741173e-09
9.476063e-09
1.561146e-08
2.575104e-08
4.244259e-08
6.999009e-08
1.153783e-07
1.902432e-07
3.136393e-07
5.171233e-07
8.525700e-07
1.405673e-06
2.317534e-06
3.820991e-06
6.299702e-06
1.038644e-05
1.712420e-05
2.823276e-05
4.654705e-05
7.674085e-05
1.265179e-04
2.085757e-04
3.438366e-04
5.667644e-04
9.340930e-04
1.539126e-03
2.535059e-03
4.172744e-03
6.861119e-03
1.126195e-02
1.843314e-02
3.003199e-02
4.856815e-02
7.762946e-02
1.218529e-01
1.861838e-01
2.738850e-01
3.834335e-01
5.062497e-01
6.283162e-01
7.359454e-01
8.212736e-01
8.833970e-01
9.258759e-01
9.536909e-01
9.713908e-01
9.824501e-01
9.892814e-01
9.934713e-01
9.960300e-01
9.975883e-01
9.985358e-01
9.991114e-01
9.994609e-01
9.996729e-01
9.998016e-01
9.998797e-01
9.999270e-01
9.999557e-01
9.999731e-01
9.999837e-01
9.999901e-01
9.999940e-01
9.999964e-01
9.999978e-01
9.999987e-01
9.999992e-01
9.999995e-01
9.999997e-01
9.999998e-01
9.999999e-01
9.999999e-01
1.000000e+00
1.000000e+00
1.000000e+00
1.000000e+00
1.000000e+00
1.000000e+00
1.000000e+00
1.000000e+00
1.000000e+00
1.000000e+00
1.000000e+00
1.000000e+00
1.000000e+00
1.000000e+00
1.000000e+00
1.000000e+00
1.000000e+00
1.000000e+00
1.000000e+00
1.000000e+00
1.000000e+00
1.000000e+00
1.000000e+00
1.000000e+00
1.000000e+00
1.000000e+00
1.000000e+00
1.000000e+00
1.000000e+00
1.000000e+00
1.000000e+00
1.000000e+00
1.000000e+00
1.000000e+00
1.000000e+00
1.000000e+00
1.000000e+00
1.000000e+00
1.000000e+00
1.000000e+00
1.000000e+00
1.000000e+00
1.000000e+00
1.000000e+00
1.000000e+00
1.000000e+00
1.000000e+00
1.000000e+00
1.000000e+00
1.000000e+00
1.000000e+00
1.000000e+00
1.000000e+00
1.000000e+00
1.000000e+00
1.000000e+00
1.000000e+00
1.000000e+00
1.000000e+00
1.000000e+00
1.000000e+00
1.000000e+00
1.000000e+00
1.000000e+00
1.000000e+00
1.000000e+00
1.000000e+00
1.000000e+00
1.000000e+00
1.000000e+00
1.000000e+00
1.000000e+00
1.000000e+00
1.000000e+00
1.000000e+00
1.000000e+00
1.000000e+00
1.000000e+00
1.000000e+00
1.000000e+00
1.000000e+00
1.000000e+00
1.000000e+00
1.000000e+00
1.000000e+00
1.000000e+00
1.000000e+00
1.000000e+00
1.000000e+00
1.000000e+00
1.000000e+00
1.000000e+00
1.000000e+00
1.000000e+00
1.000000e+00
1.000000e+00
1.000000e+00
1.000000e+00
1.000000e+00
1.000000e+00
1.000000e+00
1.000000e+00
1.000000e+00
1.000000e+00
1.000000e+00
1.000000e+00
1.000000e+00
1.000000e+00
1.000000e+00
1.000000e+00
1.000000e+00
1.000000e+00
1.000000e+00
1.000000e+00
1.000000e+00
1.000000e+00
1.000000e+00
1.000000e+00
1.000000e+00
1.000000e+00
1.000000e+00
1.000000e+00
1.000000e+00
1.000000e+00
1.000000e+00
1.000000e+00
1.000000e+00
1.000000e+00
1.000000e+00
1.000000e+00
1.000000e+00
1.000000e+00
1.000000e+00
1.000000e+00
1.000000e+00
1.000000e+00
1.000000e+00
1.000000e+00
1.000000e+00
1.000000e+00
1.000000e+00
1.000000e+00
1.000000e+00
1.000000e+00
1.000000e+00
1.000000e+00
1.000000e+00
1.000000e+00
1.000000e+00
1.000000e+00
1.000000e+00
1.000000e+00
1.000000e+00
1.000000e+00
1.000000e+00
1.000000e+00
1.000000e+00
1.000000e+00
1.000000e+00
1.000000e+00
1.000000e+00
1.000000e+00
1.000000e+00
1.000000e+00
1.000000e+00
1.000000e+00
1.000000e+00
1.000000e+00
1.000000e+00
1.000000e+00
1.000000e+00
1.000000e+00
1.000000e+00
1.000000e+00
1.000000e+00
1.000000e+00
1.000000e+00
1.000000e+00
1.000000e+00
1.000000e+00
1.000000e+00
1.000000e+00
1.000000e+00
1.000000e+00
1.000000e+00
1.000000e+00
1.000000e+00
1.000000e+00
1.000000e+00
1.000000e+00
1.000000e+00
1.000000e+00
1.000000e+00
1.000000e+00
1.000000e+00
1.000000e+00
1.000000e+00
1.000000e+00
1.000000e+00
1.000000e+00
1.000000e+00
1.000000e+00
1.000000e+00
1.000000e+00
1.000000e+00
1.000000e+00
1.000000e+00
1.000000e+00
1.000000e+00
1.000000e+00
1.000000e+00
1.000000e+00
1.000000e+00
1.000000e+00
1.000000e+00
1.000000e+00
1.000000e+00
1.000000e+00
1.000000e+00
1.000000e+00
1.000000e+00
1.000000e+00
1.000000e+00
1.000000e+00
1.000000e+00
1.000000e+00
1.000000e+00
1.000000e+00
1.000000e+00
1.000000e+00
1.000000e+00
1.000000e+00
1.000000e+00
1.000000e+00
1.000000e+00
1.000000e+00
1.000000e+00
1.000000e+00
1.000000e+00
1.000000e+00
1.000000e+00
1.000000e+00
1.000000e+00
1.000000e+00
1.000000e+00
1.000000e+00
1.000000e+00
1.000000e+00
1.000000e+00
1.000000e+00
1.000000e+00
1.000000e+00
1.000000e+00
1.000000e+00
1.000000e+00
1.000000e+00
1.000000e+00
1.000000e+00
1.000000e+00
1.000000e+00
1.000000e+00
1.000000e+00
1.000000e+00
1.000000e+00
1.000000e+00
1.000000e+00
1.000000e+00
1.000000e+00
1.000000e+00
1.000000e+00
1.000000e+00
1.000000e+00
1.000000e+00
1.000000e+00
1.000000e+00
1.000000e+00
1.000000e+00
1.000000e+00
1.000000e+00
1.000000e+00
1.000000e+00
1.000000e+00
1.000000e+00
1.000000e+00
1.000000e+00
1.000000e+00
1.000000e+00
1.000000e+00
1.000000e+00
1.000000e+00
1.000000e+00
1.000000e+00
1.000000e+00
1.000000e+00
1.000000e+00
1.000000e+00
1.000000e+00
1.000000e+00
1.000000e+00
1.000000e+00
1.000000e+00
1.000000e+00
1.000000e+00
1.000000e+00
1.000000e+00
1.000000e+00
1.000000e+00
1.000000e+00
1.000000e+00
1.000000e+00
1.000000e+00
1.000000e+00
1.000000e+00
1.000000e+00
1.000000e+00
1.000000e+00
1.000000e+00
1.000000e+00
1.000000e+00
1.000000e+00
1.000000e+00
1.000000e+00
1.000000e+00
1.000000e+00
1.000000e+00
1.000000e+00
1.000000e+00
1.000000e+00
1.000000e+00
1.000000e+00
1.000000e+00
1.000000e+00
1.000000e+00
1.000000e+00
1.000000e+00
1.000000e+00
1.000000e+00
1.000000e+00
1.000000e+00
1.000000e+00
1.000000e+00
1.000000e+00
1.000000e+00
1.000000e+00
1.000000e+00
1.000000e+00
1.000000e+00
1.000000e+00
1.000000e+00
1.000000e+00
1.000000e+00
1.000000e+00
1.000000e+00
1.000000e+00
1.000000e+00
1.000000e+00
1.000000e+00
1.000000e+00
1.000000e+00
1.000000e+00
1.000000e+00
1.000000e+00
1.000000e+00
1.000000e+00
1.000000e+00
1.000000e+00
1.000000e+00
1.000000e+00
1.000000e+00
1.000000e+00
1.000000e+00
1.000000e+00
1.000000e+00
1.000000e+00
1.000000e+00
1.000000e+00
1.000000e+00
1.000000e+00
1.000000e+00
1.000000e+00
1.000000e+00
1.000000e+00
1.000000e+00
1.000000e+00
1.000000e+00
1.000000e+00
1.000000e+00
1.000000e+00
1.000000e+00
1.000000e+00
1.000000e+00
1.000000e+00
1.000000e+00
1.000000e+00
1.000000e+00
1.000000e+00
1.000000e+00
1.000000e+00
1.000000e+00
1.000000e+00
1.000000e+00
1.000000e+00
1.000000e+00
1.000000e+00
1.000000e+00
1.000000e+00
1.000000e+00
1.000000e+00
1.000000e+00
1.000000e+00
1.000000e+00
1.000000e+00
1.000000e+00
1.000000e+00
1.000000e+00
1.000000e+00
1.000000e+00
1.000000e+00
1.000000e+00
1.000000e+00
1.000000e+00
1.000000e+00
1.000000e+00
1.000000e+00
1.000000e+00
1.000000e+00
1.000000e+00
1.000000e+00
1.000000e+00
1.000000e+00
1.000000e+00
1.000000e+00
1.000000e+00
1.000000e+00
1.000000e+00
1.000000e+00
1.000000e+00
1.000000e+00
1.000000e+00
1.000000e+00
1.000000e+00
1.000000e+00
1.000000e+00
1.000000e+00
1.000000e+00
1.000000e+00
1.000000e+00
1.000000e+00
1.000000e+00
1.000000e+00
1.000000e+00
1.000000e+00
1.000000e+00
1.000000e+00
1.000000e+00
1.000000e+00
1.000000e+00
1.000000e+00
1.000000e+00
1.000000e+00
1.000000e+00
1.000000e+00
1.000000e+00
1.000000e+00
1.000000e+00
1.000000e+00
1.000000e+00
1.000000e+00
1.000000e+00
1.000000e+00
1.000000e+00
1.000000e+00
1.000000e+00
1.000000e+00
1.000000e+00
1.000000e+00
1.000000e+00
1.000000e+00
1.000000e+00
1.000000e+00
1.000000e+00
1.000000e+00
1.000000e+00
1.000000e+00
1.000000e+00
1.000000e+00
1.000000e+00
1.000000e+00
1.000000e+00
1.000000e+00
1.000000e+00
1.000000e+00
1.000000e+00
1.000000e+00
1.000000e+00
1.000000e+00
1.000000e+00
9.999999e-01
9.999999e-01
9.999998e-01
9.999997e-01
9.999995e-01
9.999992e-01
9.999987e-01
9.999978e-01
9.999964e-01
9.999940e-01
9.999901e-01
9.999837e-01
9.999731e-01
9.999557e-01
9.999270e-01
9.998797e-01
9.998016e-01
9.996729e-01
9.994609e-01
9.991114e-01
9.985358e-01
9.975883e-01
9.960300e-01
9.934713e-01
9.892814e-01
9.824501e-01
9.713908e-01
9.536909e-01
9.258759e-01
8.833970e-01
8.212736e-01
7.359454e-01
6.283162e-01
5.062497e-01
3.834335e-01
2.738850e-01
1.861838e-01
1.218529e-01
7.762946e-02
4.856815e-02
3.003199e-02
1.843314e-02
1.126195e-02
6.861119e-03
4.172744e-03
2.535059e-03
1.539126e-03
9.340930e-04
5.667644e-04
3.438366e-04
2.085757e-04
1.265179e-04
7.674085e-05
4.654705e-05
2.823276e-05
1.712420e-05
1.038644e-05
6.299702e-06
3.820991e-06
2.317534e-06
1.405673e-06
8.525700e-07
5.171234e-07
3.136393e-07
1.902432e-07
1.153783e-07
6.999011e-08
4.244262e-08
2.575107e-08
1.561148e-08
9.476092e-09
5.741203e-09
3.488586e-09
2.110417e-09
1.285676e-09
7.749697e-10
4.750795e-10
2.838967e-10
1.767171e-10
1.034229e-10
6.682044e-11
3.718886e-11
2.627687e-11
1.296252e-11
1.126438e-11
4.173273e-12
5.658474e-12
1.049771e-12
3.525513e-12
-7.771561e-16
2.680356e-12
-2.985945e-13
2.317591e-12
-3.274048e-13
2.139677e-12
-2.648437e-13
2.036704e-12
-1.747491e-13
1.966316e-12
-8.015810e-14
1.912637e-12
1.149081e-14
1.869338e-12
9.764412e-14
1.833367e-12
1.784128e-13
1.803058e-12
2.535194e-13
1.778189e-12
3.238521e-13
1.757094e-12
3.900213e-13
1.740108e-12
4.518053e-13
1.725786e-12
5.102030e-13
1.714462e-12
5.651590e-13
1.705858e-12
6.173950e-13
1.699418e-12
6.674661e-13
1.695366e-12
7.149281e-13
1.693201e-12
7.608358e-13
1.692535e-12
8.047452e-13
1.693867e-12
8.468781e-13
1.696310e-12
8.871792e-13
1.699807e-12
9.259260e-13
1.704081e-12
9.632850e-13
1.709410e-12
9.994783e-13
1.715683e-12
1.034450e-12
1.723288e-12
1.068923e-12
1.731448e-12
1.102396e-12
1.740663e-12
1.134703e-12
1.749934e-12
1.166456e-12
1.760425e-12
1.197431e-12
1.771361e-12
1.227907e-12
1.783240e-12
1.258271e-12
1.795508e-12
1.287748e-12
1.808387e-12
1.317058e-12
1.821709e-12
1.345757e-12
1.835865e-12
1.374179e-12
1.849743e-12
1.401768e-12
1.864175e-12
1.428746e-12
1.878331e-12
1.455336e-12
1.892930e-12
1.481482e-12
1.907308e-12
1.506739e-12
1.922074e-12
1.531497e-12
1.936340e-12
1.555922e-12
1.950939e-12
1.579181e-12
1.964873e-12
1.602107e-12
1.979250e-12
1.624367e-12
1.993072e-12
1.645961e-12
2.007117e-12
1.667555e-12
2.020828e-12
1.688261e-12
2.034706e-12
1.708855e-12
2.048139e-12
1.729117e-12
2.062128e-12
1.748712e-12
2.075506e-12
1.767919e-12
2.088885e-12
1.786460e-12
2.101874e-12
1.804723e-12
2.114642e-12
1.822320e-12
2.126965e-12
1.839140e-12
2.139178e-12
1.855904e-12
2.151057e-12
1.871892e-12
2.162881e-12
1.887157e-12
2.173872e-12
1.901979e-12
2.184697e-12
1.916078e-12
2.195077e-12
1.929734e-12
2.205347e-12
1.943223e-12
2.215117e-12
1.955713e-12
2.224665e-12
1.968203e-12
2.233769e-12
1.979861e-12
2.242928e-12
1.991074e-12
2.251421e-12
2.001677e-12
2.259415e-12
2.011669e-12
2.266853e-12
2.020994e-12
2.273737e-12
2.029765e-12
2.280065e-12
2.037814e-12
2.286504e-12
2.045142e-12
2.291611e-12
2.052025e-12
2.296718e-12
2.057465e-12
2.300549e-12
2.062628e-12
2.304046e-12
2.066569e-12
2.306877e-12
2.070455e-12
2.309375e-12
2.073786e-12
2.311595e-12
2.076228e-12
2.313483e-12
2.078449e-12
2.314371e-12
2.080336e-12
2.315648e-12
2.081502e-12
2.316036e-12
2.082001e-12
2.316036e-12
2.081668e-12
2.315370e-12
