1.195270e-08
1.195267e-08
1.195166e-08
1.195059e-08
1.194854e-08
1.194643e-08
1.194334e-08
1.194019e-08
1.193606e-08
1.193188e-08
1.192670e-08
1.192148e-08
1.191527e-08
1.190901e-08
1.190177e-08
1.189447e-08
1.188619e-08
1.187786e-08
1.186854e-08
1.185918e-08
1.184883e-08
1.183844e-08
1.182706e-08
1.181564e-08
1.180323e-08
1.179079e-08
1.177734e-08
1.176388e-08
1.174941e-08
1.173492e-08
1.171943e-08
1.170393e-08
1.168742e-08
1.167090e-08
1.165337e-08
1.163584e-08
1.161729e-08
1.159875e-08
1.157919e-08
1.155965e-08
1.153908e-08
1.151854e-08
1.149697e-08
1.147542e-08
1.145285e-08
1.143031e-08
1.140674e-08
1.138321e-08
1.135865e-08
1.133414e-08
1.130859e-08
1.128309e-08
1.125656e-08
1.123009e-08
1.120257e-08
1.117513e-08
1.114664e-08
1.111823e-08
1.108877e-08
1.105940e-08
1.102897e-08
1.099865e-08
1.096726e-08
1.093599e-08
1.090365e-08
1.087143e-08
1.083814e-08
1.080499e-08
1.077075e-08
1.073666e-08
1.070148e-08
1.066648e-08
1.063037e-08
1.059444e-08
1.055740e-08
1.052057e-08
1.048261e-08
1.044487e-08
1.040600e-08
1.036736e-08
1.032758e-08
1.028806e-08
1.024737e-08
1.020697e-08
1.016539e-08
1.012411e-08
1.008164e-08
1.003950e-08
9.996151e-09
9.953147e-09
9.908927e-09
9.865073e-09
9.819987e-09
9.775292e-09
9.729347e-09
9.683818e-09
9.637022e-09
9.590670e-09
9.543030e-09
9.495862e-09
9.447387e-09
9.399414e-09
9.350110e-09
9.301340e-09
9.251217e-09
9.201660e-09
9.150724e-09
9.100390e-09
9.048651e-09
8.997550e-09
8.945014e-09
8.893156e-09
8.839834e-09
8.787229e-09
8.733127e-09
8.679786e-09
8.624913e-09
8.570847e-09
8.515212e-09
8.460432e-09
8.404043e-09
8.348560e-09
8.291425e-09
8.235250e-09
8.177379e-09
8.120525e-09
8.061924e-09
8.004403e-09
7.945082e-09
7.886907e-09
7.826873e-09
7.768055e-09
7.707318e-09
7.647871e-09
7.586437e-09
7.526375e-09
7.464254e-09
7.403590e-09
7.340788e-09
7.279536e-09
7.216062e-09
7.154238e-09
7.090099e-09
7.027716e-09
6.962919e-09
6.899994e-09
6.834545e-09
6.771095e-09
6.705001e-09
6.641042e-09
6.574309e-09
6.509858e-09
6.442491e-09
6.377567e-09
6.309571e-09
6.244193e-09
6.175572e-09
6.109761e-09
6.040517e-09
5.974295e-09
5.904429e-09
5.837820e-09
5.767333e-09
5.700362e-09
5.629254e-09
5.561947e-09
5.490217e-09
5.422608e-09
5.350257e-09
5.282385e-09
5.209418e-09
5.141345e-09
5.067793e-09
4.999622e-09
4.925581e-09
4.857541e-09
4.783294e-09
4.715931e-09
4.642276e-09
4.577003e-09
4.506146e-09
4.446717e-09
4.384701e-09
4.341223e-09
4.304537e-09
4.304369e-09
4.337914e-09
4.455296e-09
4.681219e-09
5.117798e-09
5.868254e-09
7.171988e-09
9.350021e-09
1.301019e-08
1.907073e-08
2.913534e-08
4.575182e-08
7.322418e-08
1.185372e-07
1.933270e-07
3.166482e-07
5.200577e-07
8.554304e-07
1.408461e-06
2.320252e-06
3.823641e-06
6.302291e-06
1.038898e-05
1.712670e-05
2.823525e-05
4.654958e-05
7.674348e-05
1.265208e-04
2.085790e-04
3.438406e-04
5.667697e-04
9.341005e-04
1.539138e-03
2.535076e-03
4.172771e-03
6.861162e-03
1.126202e-02
1.843325e-02
3.003217e-02
4.856844e-02
7.762990e-02
1.218535e-01
1.861848e-01
2.738862e-01
3.834349e-01
5.062512e-01
6.283176e-01
7.359466e-01
8.212745e-01
8.833977e-01
9.258763e-01
9.536911e-01
9.713910e-01
9.824502e-01
9.892815e-01
9.934714e-01
9.960300e-01
9.975883e-01
9.985358e-01
9.991114e-01
9.994609e-01
9.996729e-01
9.998016e-01
9.998796e-01
9.999270e-01
9.999557e-01
9.999731e-01
9.999837e-01
9.999901e-01
9.999940e-01
9.999964e-01
9.999978e-01
9.999987e-01
9.999992e-01
9.999995e-01
9.999997e-01
9.999998e-01
9.999999e-01
9.999999e-01
9.999999e-01
1.000000e+00
1.000000e+00
1.000000e+00
1.000000e+00
1.000000e+00
1.000000e+00
1.000000e+00
1.000000e+00
1.000000e+00
1.000000e+00
1.000000e+00
1.000000e+00
1.000000e+00
1.000000e+00
1.000000e+00
1.000000e+00
1.000000e+00
1.000000e+00
1.000000e+00
1.000000e+00
1.000000e+00
1.000000e+00
1.000000e+00
1.000000e+00
1.000000e+00
1.000000e+00
1.000000e+00
1.000000e+00
1.000000e+00
1.000000e+00
1.000000e+00
1.000000e+00
1.000000e+00
1.000000e+00
1.000000e+00
1.000000e+00
1.000000e+00
1.000000e+00
1.000000e+00
1.000000e+00
1.000000e+00
1.000000e+00
1.000000e+00
1.000000e+00
1.000000e+00
1.000000e+00
1.000000e+00
1.000000e+00
1.000000e+00
1.000000e+00
1.000000e+00
1.000000e+00
1.000000e+00
1.000000e+00
1.000000e+00
1.000000e+00
1.000000e+00
1.000000e+00
1.000000e+00
1.000000e+00
1.000000e+00
1.000000e+00
1.000000e+00
1.000000e+00
1.000000e+00
1.000000e+00
1.000000e+00
1.000000e+00
1.000000e+00
1.000000e+00
1.000000e+00
1.000000e+00
1.000000e+00
1.000000e+00
1.000000e+00
1.000000e+00
1.000000e+00
1.000000e+00
1.000000e+00
1.000000e+00
1.000000e+00
1.000000e+00
1.000000e+00
1.000000e+00
1.000000e+00
1.000000e+00
1.000000e+00
1.000000e+00
1.000000e+00
1.000000e+00
1.000000e+00
9.999999e-01
9.999999e-01
9.999999e-01
9.999999e-01
9.999999e-01
9.999999e-01
9.999999e-01
9.999999e-01
9.999999e-01
9.999999e-01
9.999999e-01
9.999999e-01
9.999999e-01
9.999999e-01
9.999999e-01
9.999999e-01
9.999999e-01
9.999999e-01
9.999999e-01
9.999999e-01
9.999999e-01
9.999999e-01
9.999999e-01
9.999999e-01
9.999999e-01
9.999999e-01
9.999999e-01
9.999999e-01
9.999999e-01
9.999999e-01
9.999999e-01
9.999999e-01
9.999999e-01
9.999999e-01
9.999999e-01
9.999999e-01
9.999999e-01
9.999999e-01
9.999999e-01
9.999999e-01
9.999999e-01
9.999999e-01
9.999999e-01
9.999999e-01
9.999999e-01
9.999999e-01
9.999999e-01
9.999999e-01
9.999999e-01
9.999999e-01
9.999999e-01
9.999999e-01
9.999999e-01
9.999999e-01
9.999999e-01
9.999999e-01
9.999999e-01
9.999999e-01
9.999999e-01
9.999999e-01
9.999999e-01
9.999999e-01
9.999999e-01
9.999999e-01
9.999999e-01
9.999999e-01
9.999999e-01
9.999999e-01
9.999999e-01
9.999999e-01
9.999999e-01
9.999999e-01
9.999999e-01
9.999999e-01
9.999999e-01
9.999999e-01
9.999999e-01
9.999999e-01
9.999999e-01
9.999999e-01
9.999999e-01
9.999999e-01
9.999999e-01
9.999999e-01
9.999999e-01
9.999999e-01
9.999999e-01
9.999999e-01
9.999999e-01
9.999999e-01
9.999999e-01
9.999999e-01
9.999999e-01
9.999999e-01
9.999999e-01
9.999999e-01
9.999999e-01
9.999999e-01
9.999999e-01
9.999999e-01
9.999999e-01
9.999999e-01
9.999999e-01
9.999999e-01
9.999999e-01
9.999999e-01
9.999999e-01
9.999999e-01
9.999999e-01
9.999999e-01
9.999999e-01
9.999999e-01
9.999999e-01
9.999999e-01
9.999999e-01
9.999999e-01
9.999999e-01
9.999999e-01
9.999999e-01
9.999999e-01
9.999999e-01
9.999999e-01
9.999999e-01
9.999999e-01
9.999999e-01
9.999999e-01
9.999999e-01
9.999999e-01
9.999999e-01
9.999999e-01
9.999999e-01
9.999999e-01
9.999999e-01
9.999999e-01
9.999999e-01
9.999999e-01
9.999999e-01
9.999999e-01
9.999999e-01
9.999999e-01
9.999999e-01
9.999999e-01
9.999999e-01
9.999999e-01
9.999999e-01
9.999999e-01
9.999999e-01
9.999999e-01
9.999999e-01
9.999999e-01
9.999999e-01
9.999999e-01
9.999999e-01
9.999999e-01
9.999999e-01
9.999999e-01
9.999999e-01
9.999999e-01
9.999999e-01
9.999999e-01
9.999999e-01
9.999999e-01
9.999999e-01
9.999999e-01
9.999999e-01
9.999999e-01
9.999999e-01
9.999999e-01
9.999999e-01
9.999999e-01
9.999999e-01
9.999999e-01
9.999999e-01
9.999999e-01
9.999999e-01
9.999999e-01
9.999999e-01
9.999999e-01
9.999999e-01
9.999999e-01
9.999999e-01
9.999999e-01
9.999999e-01
9.999999e-01
9.999999e-01
9.999999e-01
9.999999e-01
9.999999e-01
9.999999e-01
9.999999e-01
9.999999e-01
9.999999e-01
9.999999e-01
9.999999e-01
9.999999e-01
9.999999e-01
9.999999e-01
9.999999e-01
9.999999e-01
9.999999e-01
9.999999e-01
9.999999e-01
9.999999e-01
9.999999e-01
9.999999e-01
9.999999e-01
9.999999e-01
9.999999e-01
9.999999e-01
9.999999e-01
9.999999e-01
9.999999e-01
9.999999e-01
9.999999e-01
9.999999e-01
9.999999e-01
9.999999e-01
9.999999e-01
9.999999e-01
9.999999e-01
9.999999e-01
9.999999e-01
9.999999e-01
9.999999e-01
9.999999e-01
9.999999e-01
9.999999e-01
9.999999e-01
9.999999e-01
9.999999e-01
9.999999e-01
9.999999e-01
9.999999e-01
9.999999e-01
9.999999e-01
9.999999e-01
9.999999e-01
9.999999e-01
9.999999e-01
9.999999e-01
9.999999e-01
9.999999e-01
9.999999e-01
9.999999e-01
9.999999e-01
9.999999e-01
9.999999e-01
9.999999e-01
9.999999e-01
9.999999e-01
9.999999e-01
9.999999e-01
9.999999e-01
9.999999e-01
9.999999e-01
9.999999e-01
9.999999e-01
9.999999e-01
9.999999e-01
9.999999e-01
9.999999e-01
9.999999e-01
9.999999e-01
9.999999e-01
9.999999e-01
9.999999e-01
9.999999e-01
9.999999e-01
9.999999e-01
9.999999e-01
9.999999e-01
9.999999e-01
9.999999e-01
9.999999e-01
9.999999e-01
9.999999e-01
9.999999e-01
9.999999e-01
9.999999e-01
9.999999e-01
9.999999e-01
9.999999e-01
9.999999e-01
9.999999e-01
9.999999e-01
9.999999e-01
9.999999e-01
9.999999e-01
9.999999e-01
9.999999e-01
9.999999e-01
9.999999e-01
9.999999e-01
9.999999e-01
9.999999e-01
9.999999e-01
9.999999e-01
9.999999e-01
9.999999e-01
9.999999e-01
9.999999e-01
9.999999e-01
9.999999e-01
9.999999e-01
9.999999e-01
9.999999e-01
9.999999e-01
9.999999e-01
9.999999e-01
9.999999e-01
9.999999e-01
9.999999e-01
9.999999e-01
1.000000e+00
1.000000e+00
1.000000e+00
1.000000e+00
1.000000e+00
1.000000e+00
1.000000e+00
1.000000e+00
1.000000e+00
1.000000e+00
1.000000e+00
1.000000e+00
1.000000e+00
1.000000e+00
1.000000e+00
1.000000e+00
1.000000e+00
1.000000e+00
1.000000e+00
1.000000e+00
1.000000e+00
1.000000e+00
1.000000e+00
1.000000e+00
1.000000e+00
1.000000e+00
1.000000e+00
1.000000e+00
1.000000e+00
1.000000e+00
1.000000e+00
1.000000e+00
1.000000e+00
1.000000e+00
1.000000e+00
1.000000e+00
1.000000e+00
1.000000e+00
1.000000e+00
1.000000e+00
1.000000e+00
1.000000e+00
1.000000e+00
1.000000e+00
1.000000e+00
1.000000e+00
1.000000e+00
1.000000e+00
1.000000e+00
1.000000e+00
1.000000e+00
1.000000e+00
1.000000e+00
1.000000e+00
1.000000e+00
1.000000e+00
1.000000e+00
1.000000e+00
1.000000e+00
1.000000e+00
1.000000e+00
1.000000e+00
1.000000e+00
1.000000e+00
1.000000e+00
1.000000e+00
1.000000e+00
1.000000e+00
1.000000e+00
1.000000e+00
1.000000e+00
1.000000e+00
1.000000e+00
1.000000e+00
1.000000e+00
1.000000e+00
1.000000e+00
1.000000e+00
1.000000e+00
1.000000e+00
1.000000e+00
1.000000e+00
1.000000e+00
1.000000e+00
1.000000e+00
1.000000e+00
1.000000e+00
1.000000e+00
1.000000e+00
1.000000e+00
1.000000e+00
9.999999e-01
9.999999e-01
9.999999e-01
9.999998e-01
9.999997e-01
9.999995e-01
9.999992e-01
9.999987e-01
9.999978e-01
9.999964e-01
9.999940e-01
9.999901e-01
9.999837e-01
9.999731e-01
9.999557e-01
9.999270e-01
9.998796e-01
9.998016e-01
9.996729e-01
9.994609e-01
9.991114e-01
9.985358e-01
9.975883e-01
9.960300e-01
9.934714e-01
9.892815e-01
9.824502e-01
9.713910e-01
9.536911e-01
9.258763e-01
8.833977e-01
8.212745e-01
7.359466e-01
6.283176e-01
5.062512e-01
3.834349e-01
2.738862e-01
1.861848e-01
1.218535e-01
7.762990e-02
4.856844e-02
3.003217e-02
1.843325e-02
1.126202e-02
6.861162e-03
4.172771e-03
2.535076e-03
1.539138e-03
9.341005e-04
5.667697e-04
3.438406e-04
2.085790e-04
1.265208e-04
7.674348e-05
4.654958e-05
2.823525e-05
1.712670e-05
1.038898e-05
6.302291e-06
3.823641e-06
2.320252e-06
1.408461e-06
8.554304e-07
5.200577e-07
3.166482e-07
1.933270e-07
1.185372e-07
7.322419e-08
4.575183e-08
2.913535e-08
1.907073e-08
1.301020e-08
9.350029e-09
7.171996e-09
5.868262e-09
5.117806e-09
4.681227e-09
4.455304e-09
4.337923e-09
4.304379e-09
4.304547e-09
4.341233e-09
4.384711e-09
4.446727e-09
4.506156e-09
4.577013e-09
4.642286e-09
4.715942e-09
4.783305e-09
4.857552e-09
4.925593e-09
4.999634e-09
5.067805e-09
5.141357e-09
5.209431e-09
5.282397e-09
5.350269e-09
5.422621e-09
5.490230e-09
5.561960e-09
5.629267e-09
5.700375e-09
5.767347e-09
5.837833e-09
5.904443e-09
5.974309e-09
6.040530e-09
6.109775e-09
6.175585e-09
6.244207e-09
6.309585e-09
6.377581e-09
6.442505e-09
6.509872e-09
6.574323e-09
6.641055e-09
6.705015e-09
6.771109e-09
6.834559e-09
6.900008e-09
6.962932e-09
7.027730e-09
7.090112e-09
7.154251e-09
7.216075e-09
7.279549e-09
7.340801e-09
7.403602e-09
7.464266e-09
7.526387e-09
7.586449e-09
7.647882e-09
7.707329e-09
7.768066e-09
7.826883e-09
7.886917e-09
7.945092e-09
8.004413e-09
8.061934e-09
8.120534e-09
8.177387e-09
8.235259e-09
8.291433e-09
8.348567e-09
8.404050e-09
8.460439e-09
8.515219e-09
8.570853e-09
8.624919e-09
8.679792e-09
8.733133e-09
8.787234e-09
8.839839e-09
8.893161e-09
8.945019e-09
8.997554e-09
9.048655e-09
9.100394e-09
9.150728e-09
9.201663e-09
9.251220e-09
9.301343e-09
9.350113e-09
9.399416e-09
9.447389e-09
9.495864e-09
9.543032e-09
9.590671e-09
9.637024e-09
9.683820e-09
9.729348e-09
9.775293e-09
9.819988e-09
9.865074e-09
9.908928e-09
9.953148e-09
9.996152e-09
1.003950e-08
1.008164e-08
1.012411e-08
1.016539e-08
1.020697e-08
1.024737e-08
1.028806e-08
1.032758e-08
1.036736e-08
1.040600e-08
1.044487e-08
1.048261e-08
1.052057e-08
1.055740e-08
1.059444e-08
1.063037e-08
1.066648e-08
1.070148e-08
1.073666e-08
1.077074e-08
1.080499e-08
1.083814e-08
1.087143e-08
1.090365e-08
1.093599e-08
1.096726e-08
1.099865e-08
1.102897e-08
1.105940e-08
1.108877e-08
1.111823e-08
1.114664e-08
1.117513e-08
1.120257e-08
1.123009e-08
1.125656e-08
1.128309e-08
1.130859e-08
1.133414e-08
1.135865e-08
1.138322e-08
1.140674e-08
1.143031e-08
1.145285e-08
1.147542e-08
1.149697e-08
1.151854e-08
1.153909e-08
1.155965e-08
1.157920e-08
1.159875e-08
1.161729e-08
1.163584e-08
1.165337e-08
1.167090e-08
1.168742e-08
1.170393e-08
1.171944e-08
1.173493e-08
1.174941e-08
1.176388e-08
1.177735e-08
1.179079e-08
1.180323e-08
1.181564e-08
1.182706e-08
1.183845e-08
1.184883e-08
1.185919e-08
1.186855e-08
1.187786e-08
1.188619e-08
1.189448e-08
1.190177e-08
1.190902e-08
1.191527e-08
1.192148e-08
1.192670e-08
1.193188e-08
1.193606e-08
1.194019e-08
1.194334e-08
1.194643e-08
1.194854e-08
1.195059e-08
1.195166e-08
1.195267e-08
