2.040479e-12
2.273959e-12
2.039147e-12
2.272238e-12
2.037315e-12
2.270739e-12
2.035261e-12
2.268630e-12
2.032430e-12
2.266021e-12
2.029599e-12
2.263412e-12
2.025935e-12
2.260858e-12
2.022604e-12
2.257972e-12
2.018830e-12
2.255363e-12
2.014944e-12
2.251921e-12
2.010669e-12
2.248979e-12
2.005951e-12
2.245149e-12
2.000677e-12
2.241207e-12
1.994793e-12
2.236544e-12
1.988243e-12
2.231326e-12
1.981415e-12
2.225831e-12
1.973477e-12
2.219724e-12
1.964928e-12
2.213008e-12
1.955824e-12
2.205791e-12
1.946054e-12
2.198131e-12
1.935452e-12
2.190026e-12
1.924405e-12
2.181422e-12
1.912692e-12
2.172429e-12
1.901035e-12
2.163547e-12
1.888656e-12
2.154499e-12
1.876110e-12
2.145117e-12
1.862899e-12
2.135458e-12
1.849076e-12
2.125189e-12
1.834810e-12
2.114975e-12
1.819989e-12
2.104150e-12
1.804445e-12
2.092992e-12
1.788791e-12
2.081502e-12
1.772082e-12
2.069678e-12
1.754596e-12
2.057188e-12
1.736555e-12
2.044365e-12
1.717904e-12
2.031542e-12
1.698530e-12
2.017941e-12
1.678768e-12
2.004286e-12
1.657841e-12
1.990463e-12
1.636968e-12
1.976141e-12
1.615430e-12
1.962486e-12
1.593559e-12
1.947997e-12
1.570910e-12
1.933786e-12
1.547873e-12
1.919187e-12
1.523726e-12
1.904477e-12
1.498968e-12
1.889267e-12
1.473488e-12
1.873890e-12
1.447675e-12
1.858513e-12
1.420586e-12
1.843026e-12
1.392886e-12
1.827261e-12
1.364187e-12
1.811440e-12
1.334988e-12
1.795508e-12
1.304679e-12
1.779688e-12
1.273759e-12
1.763756e-12
1.241951e-12
1.748601e-12
1.210199e-12
1.733835e-12
1.177780e-12
1.720180e-12
1.144806e-12
1.706579e-12
1.111333e-12
1.693867e-12
1.077083e-12
1.681655e-12
1.042000e-12
1.670275e-12
1.006251e-12
1.659617e-12
9.694467e-13
1.649847e-12
9.321988e-13
1.640910e-12
8.932854e-13
1.633083e-12
8.534840e-13
1.625811e-12
8.122392e-13
1.620315e-12
7.697731e-13
1.615985e-12
7.258083e-13
1.612876e-12
6.802892e-13
1.611655e-12
6.327161e-13
1.612432e-12
5.838663e-13
1.615263e-12
5.329626e-13
1.620870e-12
4.799494e-13
1.628753e-12
4.242162e-13
1.640021e-12
3.660960e-13
1.654343e-12
3.045342e-13
1.672218e-12
2.395306e-13
1.694367e-12
1.702527e-13
1.720735e-12
9.675594e-14
1.752487e-12
1.770806e-14
1.790346e-12
-6.683543e-14
1.835199e-12
-1.565414e-13
1.890876e-12
-2.492451e-13
1.962985e-12
-3.376743e-13
2.068068e-12
-3.982370e-13
2.247535e-12
-3.674838e-13
2.612299e-12
-6.744605e-14
3.459677e-12
9.851564e-13
5.595191e-12
4.111156e-12
1.120337e-11
1.290257e-11
2.621825e-11
3.713174e-11
6.676437e-11
1.033683e-10
1.766642e-10
2.838451e-10
4.750296e-10
7.749213e-10
1.285630e-09
2.110372e-09
3.488543e-09
5.741161e-09
9.476052e-09
1.561145e-08
2.575103e-08
4.244258e-08
6.999008e-08
1.153783e-07
1.902431e-07
3.136393e-07
5.171233e-07
8.525700e-07
1.405673e-06
2.317534e-06
3.820991e-06
6.299702e-06
1.038644e-05
1.712420e-05
2.823276e-05
4.654705e-05
7.674085e-05
1.265179e-04
2.085757e-04
3.438366e-04
5.667644e-04
9.340930e-04
1.539126e-03
2.535059e-03
4.172744e-03
6.861119e-03
1.126195e-02
1.843314e-02
3.003199e-02
4.856815e-02
7.762946e-02
1.218529e-01
1.861838e-01
2.738850e-01
3.834335e-01
5.062497e-01
6.283162e-01
7.359454e-01
8.212736e-01
8.833970e-01
9.258759e-01
9.536909e-01
9.713908e-01
9.824501e-01
9.892814e-01
9.934713e-01
9.960300e-01
9.975883e-01
9.985358e-01
9.991114e-01
9.994609e-01
9.996729e-01
9.998016e-01
9.998797e-01
9.999270e-01
9.999557e-01
9.999731e-01
9.999837e-01
9.999901e-01
9.999940e-01
9.999964e-01
9.999978e-01
9.999987e-01
9.999992e-01
9.999995e-01
9.999997e-01
9.999998e-01
9.999999e-01
9.999999e-01
1.000000e+00
1.000000e+00
1.000000e+00
1.000000e+00
1.000000e+00
1.000000e+00
1.000000e+00
1.000000e+00
1.000000e+00
1.000000e+00
1.000000e+00
1.000000e+00
1.000000e+00
1.000000e+00
1.000000e+00
1.000000e+00
1.000000e+00
1.000000e+00
1.000000e+00
1.000000e+00
1.000000e+00
1.000000e+00
1.000000e+00
1.000000e+00
1.000000e+00
1.000000e+00
1.000000e+00
1.000000e+00
1.000000e+00
1.000000e+00
1.000000e+00
1.000000e+00
1.000000e+00
1.000000e+00
1.000000e+00
1.000000e+00
1.000000e+00
1.000000e+00
1.000000e+00
1.000000e+00
1.000000e+00
1.000000e+00
1.000000e+00
1.000000e+00
1.000000e+00
1.000000e+00
1.000000e+00
1.000000e+00
1.000000e+00
1.000000e+00
1.000000e+00
1.000000e+00
1.000000e+00
1.000000e+00
1.000000e+00
1.000000e+00
1.000000e+00
1.000000e+00
1.000000e+00
1.000000e+00
1.000000e+00
1.000000e+00
1.000000e+00
1.000000e+00
1.000000e+00
1.000000e+00
1.000000e+00
1.000000e+00
1.000000e+00
1.000000e+00
1.000000e+00
1.000000e+00
1.000000e+00
1.000000e+00
1.000000e+00
1.000000e+00
1.000000e+00
1.000000e+00
1.000000e+00
1.000000e+00
1.000000e+00
1.000000e+00
1.000000e+00
1.000000e+00
1.000000e+00
1.000000e+00
1.000000e+00
1.000000e+00
1.000000e+00
1.000000e+00
1.000000e+00
1.000000e+00
1.000000e+00
1.000000e+00
1.000000e+00
1.000000e+00
1.000000e+00
1.000000e+00
1.000000e+00
1.000000e+00
1.000000e+00
1.000000e+00
1.000000e+00
1.000000e+00
1.000000e+00
1.000000e+00
1.000000e+00
1.000000e+00
1.000000e+00
1.000000e+00
1.000000e+00
1.000000e+00
1.000000e+00
1.000000e+00
1.000000e+00
1.000000e+00
1.000000e+00
1.000000e+00
1.000000e+00
1.000000e+00
1.000000e+00
1.000000e+00
1.000000e+00
1.000000e+00
1.000000e+00
1.000000e+00
1.000000e+00
1.000000e+00
1.000000e+00
1.000000e+00
1.000000e+00
1.000000e+00
1.000000e+00
1.000000e+00
1.000000e+00
1.000000e+00
1.000000e+00
1.000000e+00
1.000000e+00
1.000000e+00
1.000000e+00
1.000000e+00
1.000000e+00
1.000000e+00
1.000000e+00
1.000000e+00
1.000000e+00
1.000000e+00
1.000000e+00
1.000000e+00
1.000000e+00
1.000000e+00
1.000000e+00
1.000000e+00
1.000000e+00
1.000000e+00
1.000000e+00
1.000000e+00
1.000000e+00
1.000000e+00
1.000000e+00
1.000000e+00
1.000000e+00
1.000000e+00
1.000000e+00
1.000000e+00
1.000000e+00
1.000000e+00
1.000000e+00
1.000000e+00
1.000000e+00
1.000000e+00
1.000000e+00
1.000000e+00
1.000000e+00
1.000000e+00
1.000000e+00
1.000000e+00
1.000000e+00
1.000000e+00
1.000000e+00
1.000000e+00
1.000000e+00
1.000000e+00
1.000000e+00
1.000000e+00
1.000000e+00
1.000000e+00
1.000000e+00
1.000000e+00
1.000000e+00
1.000000e+00
1.000000e+00
1.000000e+00
1.000000e+00
1.000000e+00
1.000000e+00
1.000000e+00
1.000000e+00
1.000000e+00
1.000000e+00
1.000000e+00
1.000000e+00
1.000000e+00
1.000000e+00
1.000000e+00
1.000000e+00
1.000000e+00
1.000000e+00
1.000000e+00
1.000000e+00
1.000000e+00
1.000000e+00
1.000000e+00
1.000000e+00
1.000000e+00
1.000000e+00
1.000000e+00
1.000000e+00
1.000000e+00
1.000000e+00
1.000000e+00
1.000000e+00
1.000000e+00
1.000000e+00
1.000000e+00
1.000000e+00
1.000000e+00
1.000000e+00
1.000000e+00
1.000000e+00
1.000000e+00
1.000000e+00
1.000000e+00
1.000000e+00
1.000000e+00
1.000000e+00
1.000000e+00
1.000000e+00
1.000000e+00
1.000000e+00
1.000000e+00
1.000000e+00
1.000000e+00
1.000000e+00
1.000000e+00
1.000000e+00
1.000000e+00
1.000000e+00
1.000000e+00
1.000000e+00
1.000000e+00
1.000000e+00
1.000000e+00
1.000000e+00
1.000000e+00
1.000000e+00
1.000000e+00
1.000000e+00
1.000000e+00
1.000000e+00
1.000000e+00
1.000000e+00
1.000000e+00
1.000000e+00
1.000000e+00
1.000000e+00
1.000000e+00
1.000000e+00
1.000000e+00
1.000000e+00
1.000000e+00
1.000000e+00
1.000000e+00
1.000000e+00
1.000000e+00
1.000000e+00
1.000000e+00
1.000000e+00
1.000000e+00
1.000000e+00
1.000000e+00
1.000000e+00
1.000000e+00
1.000000e+00
1.000000e+00
1.000000e+00
1.000000e+00
1.000000e+00
1.000000e+00
1.000000e+00
1.000000e+00
1.000000e+00
1.000000e+00
1.000000e+00
1.000000e+00
1.000000e+00
1.000000e+00
1.000000e+00
1.000000e+00
1.000000e+00
1.000000e+00
1.000000e+00
1.000000e+00
1.000000e+00
1.000000e+00
1.000000e+00
1.000000e+00
1.000000e+00
1.000000e+00
1.000000e+00
1.000000e+00
1.000000e+00
1.000000e+00
1.000000e+00
1.000000e+00
1.000000e+00
1.000000e+00
1.000000e+00
1.000000e+00
1.000000e+00
1.000000e+00
1.000000e+00
1.000000e+00
1.000000e+00
1.000000e+00
1.000000e+00
1.000000e+00
1.000000e+00
1.000000e+00
1.000000e+00
1.000000e+00
1.000000e+00
1.000000e+00
1.000000e+00
1.000000e+00
1.000000e+00
1.000000e+00
1.000000e+00
1.000000e+00
1.000000e+00
1.000000e+00
1.000000e+00
1.000000e+00
1.000000e+00
1.000000e+00
1.000000e+00
1.000000e+00
1.000000e+00
1.000000e+00
1.000000e+00
1.000000e+00
1.000000e+00
1.000000e+00
1.000000e+00
1.000000e+00
1.000000e+00
1.000000e+00
1.000000e+00
1.000000e+00
1.000000e+00
1.000000e+00
1.000000e+00
1.000000e+00
1.000000e+00
1.000000e+00
1.000000e+00
1.000000e+00
1.000000e+00
1.000000e+00
1.000000e+00
1.000000e+00
1.000000e+00
1.000000e+00
1.000000e+00
1.000000e+00
1.000000e+00
1.000000e+00
1.000000e+00
1.000000e+00
1.000000e+00
1.000000e+00
1.000000e+00
1.000000e+00
1.000000e+00
1.000000e+00
1.000000e+00
1.000000e+00
1.000000e+00
1.000000e+00
1.000000e+00
1.000000e+00
1.000000e+00
1.000000e+00
1.000000e+00
1.000000e+00
1.000000e+00
1.000000e+00
1.000000e+00
1.000000e+00
1.000000e+00
1.000000e+00
1.000000e+00
1.000000e+00
1.000000e+00
1.000000e+00
1.000000e+00
1.000000e+00
1.000000e+00
1.000000e+00
1.000000e+00
1.000000e+00
1.000000e+00
1.000000e+00
1.000000e+00
1.000000e+00
1.000000e+00
1.000000e+00
1.000000e+00
1.000000e+00
1.000000e+00
1.000000e+00
1.000000e+00
1.000000e+00
1.000000e+00
1.000000e+00
1.000000e+00
1.000000e+00
1.000000e+00
1.000000e+00
1.000000e+00
1.000000e+00
1.000000e+00
1.000000e+00
1.000000e+00
1.000000e+00
1.000000e+00
1.000000e+00
1.000000e+00
1.000000e+00
1.000000e+00
1.000000e+00
1.000000e+00
1.000000e+00
1.000000e+00
1.000000e+00
1.000000e+00
1.000000e+00
1.000000e+00
1.000000e+00
1.000000e+00
1.000000e+00
1.000000e+00
1.000000e+00
1.000000e+00
1.000000e+00
1.000000e+00
1.000000e+00
1.000000e+00
1.000000e+00
1.000000e+00
1.000000e+00
1.000000e+00
1.000000e+00
1.000000e+00
1.000000e+00
1.000000e+00
1.000000e+00
1.000000e+00
1.000000e+00
1.000000e+00
1.000000e+00
1.000000e+00
1.000000e+00
1.000000e+00
1.000000e+00
1.000000e+00
1.000000e+00
1.000000e+00
1.000000e+00
1.000000e+00
1.000000e+00
1.000000e+00
1.000000e+00
1.000000e+00
1.000000e+00
1.000000e+00
1.000000e+00
1.000000e+00
1.000000e+00
1.000000e+00
1.000000e+00
1.000000e+00
1.000000e+00
1.000000e+00
1.000000e+00
1.000000e+00
9.999999e-01
9.999999e-01
9.999998e-01
9.999997e-01
9.999995e-01
9.999992e-01
9.999987e-01
9.999978e-01
9.999964e-01
9.999940e-01
9.999901e-01
9.999837e-01
9.999731e-01
9.999557e-01
9.999270e-01
9.998797e-01
9.998016e-01
9.996729e-01
9.994609e-01
9.991114e-01
9.985358e-01
9.975883e-01
9.960300e-01
9.934713e-01
9.892814e-01
9.824501e-01
9.713908e-01
9.536909e-01
9.258759e-01
8.833970e-01
8.212736e-01
7.359454e-01
6.283162e-01
5.062497e-01
3.834335e-01
2.738850e-01
1.861838e-01
1.218529e-01
7.762946e-02
4.856815e-02
3.003199e-02
1.843314e-02
1.126195e-02
6.861119e-03
4.172744e-03
2.535059e-03
1.539126e-03
9.340930e-04
5.667644e-04
3.438366e-04
2.085757e-04
1.265179e-04
7.674085e-05
4.654705e-05
2.823276e-05
1.712420e-05
1.038644e-05
6.299702e-06
3.820991e-06
2.317534e-06
1.405673e-06
8.525700e-07
5.171233e-07
3.136393e-07
1.902432e-07
1.153783e-07
6.999010e-08
4.244261e-08
2.575106e-08
1.561147e-08
9.476081e-09
5.741192e-09
3.488575e-09
2.110405e-09
1.285664e-09
7.749573e-10
4.750670e-10
2.838837e-10
1.767042e-10
1.034095e-10
6.680678e-11
3.717543e-11
2.626283e-11
1.294803e-11
1.124978e-11
4.158451e-12
5.643486e-12
1.034617e-12
3.510359e-12
-1.626477e-14
2.664535e-12
-3.143596e-13
2.301603e-12
-3.436140e-13
2.123468e-12
-2.813860e-13
2.019940e-12
-1.919020e-13
1.948997e-12
-9.769963e-14
1.894929e-12
-6.217249e-15
1.851186e-12
7.949197e-14
1.814937e-12
1.597056e-13
1.784239e-12
2.341460e-13
1.758649e-12
3.040346e-13
1.736999e-12
3.692047e-13
1.718847e-12
4.303224e-13
1.703693e-12
4.875544e-13
1.691702e-12
5.421219e-13
1.682432e-12
5.940248e-13
1.675882e-12
6.434853e-13
1.671219e-12
6.906697e-13
1.668665e-12
7.358003e-13
1.667333e-12
7.789880e-13
1.667888e-12
8.203438e-13
1.669609e-12
8.599788e-13
1.672440e-12
8.984480e-13
1.676326e-12
9.350298e-13
1.681155e-12
9.707790e-13
1.686762e-12
1.005307e-12
1.693756e-12
1.039113e-12
1.701472e-12
1.071643e-12
1.709632e-12
1.103673e-12
1.718903e-12
1.134703e-12
1.728728e-12
1.165568e-12
1.739275e-12
1.195710e-12
1.750877e-12
1.225742e-12
1.762590e-12
1.254719e-12
1.775524e-12
1.283862e-12
1.788236e-12
1.312339e-12
1.801836e-12
1.340039e-12
1.815548e-12
1.367351e-12
1.829425e-12
1.394329e-12
1.843525e-12
1.420419e-12
1.857792e-12
1.446010e-12
1.871836e-12
1.470990e-12
1.886213e-12
1.495526e-12
1.900091e-12
1.518841e-12
1.913802e-12
1.541933e-12
1.927514e-12
1.564082e-12
1.941280e-12
1.586453e-12
1.954992e-12
1.607992e-12
1.968981e-12
1.629419e-12
1.982525e-12
1.650069e-12
1.996125e-12
1.670164e-12
2.009171e-12
1.689870e-12
2.022604e-12
1.709077e-12
2.035594e-12
1.727618e-12
2.048695e-12
1.746270e-12
2.061296e-12
1.764144e-12
2.073675e-12
1.781131e-12
2.085554e-12
1.797673e-12
2.097267e-12
1.813882e-12
2.109035e-12
1.829259e-12
2.119915e-12
1.844302e-12
2.130685e-12
1.858402e-12
2.141287e-12
1.872780e-12
2.151668e-12
1.886491e-12
2.162270e-12
1.899869e-12
2.171763e-12
1.912637e-12
2.181588e-12
1.925016e-12
2.190803e-12
1.936784e-12
2.199685e-12
1.947831e-12
2.208178e-12
1.958378e-12
2.216005e-12
1.968703e-12
2.223666e-12
1.978140e-12
2.230938e-12
1.986855e-12
2.237543e-12
1.994960e-12
2.243594e-12
2.002620e-12
2.249034e-12
2.009060e-12
2.253919e-12
2.014944e-12
2.257805e-12
2.019662e-12
2.261580e-12
2.024492e-12
2.264799e-12
2.028433e-12
2.267964e-12
2.032152e-12
2.269962e-12
2.035039e-12
2.272238e-12
2.037426e-12
2.273626e-12
2.039424e-12
2.274902e-12
2.040534e-12
2.275458e-12
2.040923e-12
2.275291e-12
2.041423e-12
2.275014e-12
