2.176370e-12
2.409850e-12
2.175315e-12
2.408629e-12
2.173928e-12
2.407352e-12
2.171818e-12
2.405354e-12
2.169487e-12
2.402856e-12
2.165990e-12
2.400025e-12
2.162714e-12
2.397638e-12
2.159051e-12
2.394196e-12
2.154998e-12
2.391198e-12
2.150669e-12
2.387923e-12
2.146172e-12
2.384426e-12
2.140899e-12
2.379985e-12
2.135181e-12
2.375489e-12
2.128853e-12
2.370326e-12
2.122413e-12
2.365552e-12
2.114975e-12
2.359335e-12
2.107037e-12
2.353062e-12
2.098210e-12
2.346512e-12
2.089218e-12
2.339295e-12
2.079337e-12
2.331468e-12
2.068901e-12
2.322975e-12
2.057243e-12
2.314149e-12
2.045419e-12
2.305045e-12
2.032929e-12
2.295053e-12
2.019829e-12
2.285228e-12
2.005895e-12
2.274736e-12
1.991629e-12
2.263856e-12
1.976697e-12
2.252420e-12
1.961320e-12
2.240597e-12
1.945499e-12
2.229217e-12
1.929512e-12
2.217670e-12
1.912859e-12
2.205514e-12
1.895928e-12
2.192913e-12
1.877942e-12
2.180034e-12
1.859290e-12
2.166933e-12
1.840028e-12
2.153222e-12
1.820044e-12
2.138845e-12
1.798894e-12
2.124245e-12
1.777634e-12
2.109812e-12
1.755707e-12
2.094491e-12
1.733336e-12
2.079614e-12
1.709854e-12
2.064016e-12
1.686096e-12
2.048584e-12
1.661449e-12
2.032374e-12
1.636247e-12
2.016165e-12
1.610156e-12
1.999956e-12
1.583789e-12
1.983802e-12
1.556533e-12
1.967093e-12
1.528666e-12
1.950107e-12
1.499356e-12
1.933398e-12
1.469713e-12
1.916578e-12
1.439349e-12
1.899536e-12
1.407929e-12
1.882272e-12
1.375733e-12
1.865397e-12
1.342870e-12
1.848688e-12
1.309397e-12
1.832312e-12
1.275258e-12
1.816658e-12
1.240286e-12
1.801170e-12
1.204870e-12
1.786460e-12
1.168621e-12
1.772138e-12
1.131428e-12
1.758538e-12
1.093625e-12
1.746048e-12
1.055156e-12
1.734390e-12
1.015521e-12
1.723510e-12
9.751089e-13
1.713851e-12
9.335310e-13
1.704803e-12
8.903989e-13
1.697531e-12
8.459899e-13
1.691369e-12
8.004153e-13
1.686429e-12
7.528422e-13
1.683376e-12
7.037704e-13
1.682432e-12
6.527001e-13
1.683098e-12
5.999645e-13
1.686817e-12
5.447864e-13
1.692924e-12
4.871659e-13
1.702027e-12
4.268808e-13
1.714240e-12
3.633205e-13
1.730172e-12
2.964295e-13
1.750156e-12
2.255418e-13
1.775358e-12
1.498801e-13
1.805001e-12
6.938894e-14
1.841027e-12
-1.665335e-14
1.884826e-12
-1.078027e-13
1.938893e-12
-2.021716e-13
2.009615e-12
-2.917666e-13
2.113087e-12
-3.540501e-13
2.291112e-12
-3.246847e-13
2.654044e-12
-2.681189e-14
3.499312e-12
1.023792e-12
5.632772e-12
4.147516e-12
1.123901e-11
1.293698e-11
2.625200e-11
3.716427e-11
6.679585e-11
1.033988e-10
1.766935e-10
2.838736e-10
4.750573e-10
7.749483e-10
1.285655e-09
2.110396e-09
3.488567e-09
5.741184e-09
9.476074e-09
1.561147e-08
2.575105e-08
4.244260e-08
6.999010e-08
1.153783e-07
1.902432e-07
3.136393e-07
5.171233e-07
8.525700e-07
1.405673e-06
2.317534e-06
3.820991e-06
6.299702e-06
1.038644e-05
1.712420e-05
2.823276e-05
4.654705e-05
7.674085e-05
1.265179e-04
2.085757e-04
3.438366e-04
5.667644e-04
9.340930e-04
1.539126e-03
2.535059e-03
4.172744e-03
6.861119e-03
1.126195e-02
1.843314e-02
3.003199e-02
4.856815e-02
7.762946e-02
1.218529e-01
1.861838e-01
2.738850e-01
3.834335e-01
5.062497e-01
6.283162e-01
7.359454e-01
8.212736e-01
8.833970e-01
9.258759e-01
9.536909e-01
9.713908e-01
9.824501e-01
9.892814e-01
9.934713e-01
9.960300e-01
9.975883e-01
9.985358e-01
9.991114e-01
9.994609e-01
9.996729e-01
9.998016e-01
9.998797e-01
9.999270e-01
9.999557e-01
9.999731e-01
9.999837e-01
9.999901e-01
9.999940e-01
9.999964e-01
9.999978e-01
9.999987e-01
9.999992e-01
9.999995e-01
9.999997e-01
9.999998e-01
9.999999e-01
9.999999e-01
1.000000e+00
1.000000e+00
1.000000e+00
1.000000e+00
1.000000e+00
1.000000e+00
1.000000e+00
1.000000e+00
1.000000e+00
1.000000e+00
1.000000e+00
1.000000e+00
1.000000e+00
1.000000e+00
1.000000e+00
1.000000e+00
1.000000e+00
1.000000e+00
1.000000e+00
1.000000e+00
1.000000e+00
1.000000e+00
1.000000e+00
1.000000e+00
1.000000e+00
1.000000e+00
1.000000e+00
1.000000e+00
1.000000e+00
1.000000e+00
1.000000e+00
1.000000e+00
1.000000e+00
1.000000e+00
1.000000e+00
1.000000e+00
1.000000e+00
1.000000e+00
1.000000e+00
1.000000e+00
1.000000e+00
1.000000e+00
1.000000e+00
1.000000e+00
1.000000e+00
1.000000e+00
1.000000e+00
1.000000e+00
1.000000e+00
1.000000e+00
1.000000e+00
1.000000e+00
1.000000e+00
1.000000e+00
1.000000e+00
1.000000e+00
1.000000e+00
1.000000e+00
1.000000e+00
1.000000e+00
1.000000e+00
1.000000e+00
1.000000e+00
1.000000e+00
1.000000e+00
1.000000e+00
1.000000e+00
1.000000e+00
1.000000e+00
1.000000e+00
1.000000e+00
1.000000e+00
1.000000e+00
1.000000e+00
1.000000e+00
1.000000e+00
1.000000e+00
1.000000e+00
1.000000e+00
1.000000e+00
1.000000e+00
1.000000e+00
1.000000e+00
1.000000e+00
1.000000e+00
1.000000e+00
1.000000e+00
1.000000e+00
1.000000e+00
1.000000e+00
1.000000e+00
1.000000e+00
1.000000e+00
1.000000e+00
1.000000e+00
1.000000e+00
1.000000e+00
1.000000e+00
1.000000e+00
1.000000e+00
1.000000e+00
1.000000e+00
1.000000e+00
1.000000e+00
1.000000e+00
1.000000e+00
1.000000e+00
1.000000e+00
1.000000e+00
1.000000e+00
1.000000e+00
1.000000e+00
1.000000e+00
1.000000e+00
1.000000e+00
1.000000e+00
1.000000e+00
1.000000e+00
1.000000e+00
1.000000e+00
1.000000e+00
1.000000e+00
1.000000e+00
1.000000e+00
1.000000e+00
1.000000e+00
1.000000e+00
1.000000e+00
1.000000e+00
1.000000e+00
1.000000e+00
1.000000e+00
1.000000e+00
1.000000e+00
1.000000e+00
1.000000e+00
1.000000e+00
1.000000e+00
1.000000e+00
1.000000e+00
1.000000e+00
1.000000e+00
1.000000e+00
1.000000e+00
1.000000e+00
1.000000e+00
1.000000e+00
1.000000e+00
1.000000e+00
1.000000e+00
1.000000e+00
1.000000e+00
1.000000e+00
1.000000e+00
1.000000e+00
1.000000e+00
1.000000e+00
1.000000e+00
1.000000e+00
1.000000e+00
1.000000e+00
1.000000e+00
1.000000e+00
1.000000e+00
1.000000e+00
1.000000e+00
1.000000e+00
1.000000e+00
1.000000e+00
1.000000e+00
1.000000e+00
1.000000e+00
1.000000e+00
1.000000e+00
1.000000e+00
1.000000e+00
1.000000e+00
1.000000e+00
1.000000e+00
1.000000e+00
1.000000e+00
1.000000e+00
1.000000e+00
1.000000e+00
1.000000e+00
1.000000e+00
1.000000e+00
1.000000e+00
1.000000e+00
1.000000e+00
1.000000e+00
1.000000e+00
1.000000e+00
1.000000e+00
1.000000e+00
1.000000e+00
1.000000e+00
1.000000e+00
1.000000e+00
1.000000e+00
1.000000e+00
1.000000e+00
1.000000e+00
1.000000e+00
1.000000e+00
1.000000e+00
1.000000e+00
1.000000e+00
1.000000e+00
1.000000e+00
1.000000e+00
1.000000e+00
1.000000e+00
1.000000e+00
1.000000e+00
1.000000e+00
1.000000e+00
1.000000e+00
1.000000e+00
1.000000e+00
1.000000e+00
1.000000e+00
1.000000e+00
1.000000e+00
1.000000e+00
1.000000e+00
1.000000e+00
1.000000e+00
1.000000e+00
1.000000e+00
1.000000e+00
1.000000e+00
1.000000e+00
1.000000e+00
1.000000e+00
1.000000e+00
1.000000e+00
1.000000e+00
1.000000e+00
1.000000e+00
1.000000e+00
1.000000e+00
1.000000e+00
1.000000e+00
1.000000e+00
1.000000e+00
1.000000e+00
1.000000e+00
1.000000e+00
1.000000e+00
1.000000e+00
1.000000e+00
1.000000e+00
1.000000e+00
1.000000e+00
1.000000e+00
1.000000e+00
1.000000e+00
1.000000e+00
1.000000e+00
1.000000e+00
1.000000e+00
1.000000e+00
1.000000e+00
1.000000e+00
1.000000e+00
1.000000e+00
1.000000e+00
1.000000e+00
1.000000e+00
1.000000e+00
1.000000e+00
1.000000e+00
1.000000e+00
1.000000e+00
1.000000e+00
1.000000e+00
1.000000e+00
1.000000e+00
1.000000e+00
1.000000e+00
1.000000e+00
1.000000e+00
1.000000e+00
1.000000e+00
1.000000e+00
1.000000e+00
1.000000e+00
1.000000e+00
1.000000e+00
1.000000e+00
1.000000e+00
1.000000e+00
1.000000e+00
1.000000e+00
1.000000e+00
1.000000e+00
1.000000e+00
1.000000e+00
1.000000e+00
1.000000e+00
1.000000e+00
1.000000e+00
1.000000e+00
1.000000e+00
1.000000e+00
1.000000e+00
1.000000e+00
1.000000e+00
1.000000e+00
1.000000e+00
1.000000e+00
1.000000e+00
1.000000e+00
1.000000e+00
1.000000e+00
1.000000e+00
1.000000e+00
1.000000e+00
1.000000e+00
1.000000e+00
1.000000e+00
1.000000e+00
1.000000e+00
1.000000e+00
1.000000e+00
1.000000e+00
1.000000e+00
1.000000e+00
1.000000e+00
1.000000e+00
1.000000e+00
1.000000e+00
1.000000e+00
1.000000e+00
1.000000e+00
1.000000e+00
1.000000e+00
1.000000e+00
1.000000e+00
1.000000e+00
1.000000e+00
1.000000e+00
1.000000e+00
1.000000e+00
1.000000e+00
1.000000e+00
1.000000e+00
1.000000e+00
1.000000e+00
1.000000e+00
1.000000e+00
1.000000e+00
1.000000e+00
1.000000e+00
1.000000e+00
1.000000e+00
1.000000e+00
1.000000e+00
1.000000e+00
1.000000e+00
1.000000e+00
1.000000e+00
1.000000e+00
1.000000e+00
1.000000e+00
1.000000e+00
1.000000e+00
1.000000e+00
1.000000e+00
1.000000e+00
1.000000e+00
1.000000e+00
1.000000e+00
1.000000e+00
1.000000e+00
1.000000e+00
1.000000e+00
1.000000e+00
1.000000e+00
1.000000e+00
1.000000e+00
1.000000e+00
1.000000e+00
1.000000e+00
1.000000e+00
1.000000e+00
1.000000e+00
1.000000e+00
1.000000e+00
1.000000e+00
1.000000e+00
1.000000e+00
1.000000e+00
1.000000e+00
1.000000e+00
1.000000e+00
1.000000e+00
1.000000e+00
1.000000e+00
1.000000e+00
1.000000e+00
1.000000e+00
1.000000e+00
1.000000e+00
1.000000e+00
1.000000e+00
1.000000e+00
1.000000e+00
1.000000e+00
1.000000e+00
1.000000e+00
1.000000e+00
1.000000e+00
1.000000e+00
1.000000e+00
1.000000e+00
1.000000e+00
1.000000e+00
1.000000e+00
1.000000e+00
1.000000e+00
1.000000e+00
1.000000e+00
1.000000e+00
1.000000e+00
1.000000e+00
1.000000e+00
1.000000e+00
1.000000e+00
1.000000e+00
1.000000e+00
1.000000e+00
1.000000e+00
1.000000e+00
1.000000e+00
1.000000e+00
1.000000e+00
1.000000e+00
1.000000e+00
1.000000e+00
1.000000e+00
1.000000e+00
1.000000e+00
1.000000e+00
1.000000e+00
1.000000e+00
1.000000e+00
1.000000e+00
1.000000e+00
1.000000e+00
1.000000e+00
1.000000e+00
1.000000e+00
1.000000e+00
1.000000e+00
1.000000e+00
1.000000e+00
1.000000e+00
1.000000e+00
1.000000e+00
1.000000e+00
1.000000e+00
1.000000e+00
1.000000e+00
1.000000e+00
1.000000e+00
1.000000e+00
1.000000e+00
1.000000e+00
1.000000e+00
1.000000e+00
1.000000e+00
1.000000e+00
1.000000e+00
1.000000e+00
1.000000e+00
1.000000e+00
1.000000e+00
1.000000e+00
1.000000e+00
1.000000e+00
1.000000e+00
1.000000e+00
1.000000e+00
1.000000e+00
1.000000e+00
1.000000e+00
1.000000e+00
1.000000e+00
1.000000e+00
1.000000e+00
1.000000e+00
1.000000e+00
1.000000e+00
1.000000e+00
1.000000e+00
9.999999e-01
9.999999e-01
9.999998e-01
9.999997e-01
9.999995e-01
9.999992e-01
9.999987e-01
9.999978e-01
9.999964e-01
9.999940e-01
9.999901e-01
9.999837e-01
9.999731e-01
9.999557e-01
9.999270e-01
9.998797e-01
9.998016e-01
9.996729e-01
9.994609e-01
9.991114e-01
9.985358e-01
9.975883e-01
9.960300e-01
9.934713e-01
9.892814e-01
9.824501e-01
9.713908e-01
9.536909e-01
9.258759e-01
8.833970e-01
8.212736e-01
7.359454e-01
6.283162e-01
5.062497e-01
3.834335e-01
2.738850e-01
1.861838e-01
1.218529e-01
7.762946e-02
4.856815e-02
3.003199e-02
1.843314e-02
1.126195e-02
6.861119e-03
4.172744e-03
2.535059e-03
1.539126e-03
9.340930e-04
5.667644e-04
3.438366e-04
2.085757e-04
1.265179e-04
7.674085e-05
4.654705e-05
2.823276e-05
1.712420e-05
1.038644e-05
6.299702e-06
3.820991e-06
2.317534e-06
1.405673e-06
8.525700e-07
5.171234e-07
3.136394e-07
1.902432e-07
1.153783e-07
6.999012e-08
4.244263e-08
2.575108e-08
1.561150e-08
9.476103e-09
5.741216e-09
3.488599e-09
2.110431e-09
1.285691e-09
7.749855e-10
4.750961e-10
2.839138e-10
1.767351e-10
1.034416e-10
6.683959e-11
3.720907e-11
2.629763e-11
1.298395e-11
1.128686e-11
4.196365e-12
5.682232e-12
1.074585e-12
3.550882e-12
2.514655e-14
2.706946e-12
-2.712275e-13
2.345790e-12
-2.989275e-13
2.168987e-12
-2.350897e-13
2.066902e-12
-1.437739e-13
1.997957e-12
-4.785061e-14
1.945721e-12
4.507505e-14
1.903477e-12
1.327827e-13
1.868783e-12
2.145506e-13
1.840195e-12
2.911560e-13
1.816547e-12
3.630429e-13
1.797062e-12
4.301559e-13
1.780853e-12
4.933831e-13
1.768197e-12
5.530576e-13
1.758316e-12
6.095124e-13
1.750711e-12
6.632472e-13
1.745715e-12
7.142620e-13
1.742773e-12
7.630008e-13
1.741773e-12
8.096857e-13
1.742162e-12
8.544832e-13
1.744216e-12
8.976153e-13
1.747602e-12
9.391377e-13
1.752376e-12
9.791057e-13
1.758038e-12
1.017963e-12
1.764977e-12
1.055711e-12
1.772527e-12
1.092071e-12
1.781408e-12
1.127431e-12
1.790845e-12
1.162015e-12
1.800893e-12
1.195710e-12
1.811828e-12
1.228739e-12
1.823597e-12
1.261047e-12
1.835587e-12
1.292910e-12
1.848688e-12
1.323996e-12
1.862066e-12
1.354805e-12
1.876277e-12
1.384948e-12
1.890266e-12
1.414535e-12
1.905032e-12
1.443956e-12
1.920075e-12
1.472877e-12
1.935896e-12
1.501022e-12
1.950995e-12
1.528999e-12
1.966760e-12
1.555978e-12
1.982525e-12
1.582512e-12
1.998290e-12
1.608269e-12
2.013667e-12
1.633360e-12
2.028822e-12
1.657563e-12
2.043921e-12
1.681377e-12
2.058909e-12
1.704525e-12
2.073453e-12
1.726952e-12
2.088330e-12
1.748823e-12
2.102707e-12
1.770362e-12
2.117029e-12
1.791289e-12
2.130796e-12
1.811717e-12
2.144618e-12
1.831590e-12
2.158662e-12
1.851463e-12
2.172706e-12
1.870504e-12
2.186140e-12
1.889433e-12
2.199518e-12
1.907363e-12
2.212563e-12
1.925071e-12
2.225331e-12
1.942169e-12
2.237710e-12
1.958655e-12
2.249589e-12
1.974143e-12
2.261136e-12
1.989353e-12
2.272516e-12
2.004119e-12
2.283229e-12
2.018385e-12
2.294109e-12
2.031764e-12
2.304212e-12
2.045086e-12
2.314315e-12
2.057465e-12
2.323364e-12
2.069511e-12
2.332468e-12
2.080613e-12
2.341072e-12
2.091771e-12
2.349898e-12
2.102374e-12
2.357725e-12
2.112421e-12
2.365219e-12
2.121525e-12
2.372325e-12
2.130074e-12
2.379263e-12
2.138179e-12
2.384870e-12
2.145062e-12
2.389866e-12
2.150891e-12
2.394029e-12
2.155998e-12
2.397860e-12
2.160605e-12
2.400802e-12
2.164713e-12
2.403910e-12
2.168044e-12
2.406186e-12
2.171097e-12
2.408351e-12
2.173373e-12
2.409406e-12
2.175093e-12
2.410239e-12
2.176093e-12
2.410849e-12
2.176870e-12
2.411071e-12
2.176648e-12
2.410794e-12
