2.128908e-12
2.362555e-12
2.128187e-12
2.361389e-12
2.126355e-12
2.360057e-12
2.124523e-12
2.357670e-12
2.121914e-12
2.355671e-12
2.119083e-12
2.353118e-12
2.115808e-12
2.350897e-12
2.112366e-12
2.347900e-12
2.108536e-12
2.345180e-12
2.104983e-12
2.342238e-12
2.100597e-12
2.338851e-12
2.095824e-12
2.334744e-12
2.090328e-12
2.330525e-12
2.084444e-12
2.325917e-12
2.077782e-12
2.321088e-12
2.070843e-12
2.315204e-12
2.062739e-12
2.309319e-12
2.054690e-12
2.302492e-12
2.045308e-12
2.295775e-12
2.035760e-12
2.287726e-12
2.025102e-12
2.279454e-12
2.014056e-12
2.270850e-12
2.002232e-12
2.262079e-12
1.990186e-12
2.252698e-12
1.977363e-12
2.243150e-12
1.964262e-12
2.232881e-12
1.950273e-12
2.222555e-12
1.936062e-12
2.211675e-12
1.920908e-12
2.200573e-12
1.905476e-12
2.189027e-12
1.889433e-12
2.177425e-12
1.872891e-12
2.165157e-12
1.855183e-12
2.152667e-12
1.837641e-12
2.139733e-12
1.818934e-12
2.126743e-12
1.799727e-12
2.112477e-12
1.779410e-12
2.098433e-12
1.758704e-12
2.084055e-12
1.737333e-12
2.069622e-12
1.715517e-12
2.054468e-12
1.693090e-12
2.039868e-12
1.670719e-12
2.024880e-12
1.647071e-12
2.009781e-12
1.623202e-12
1.994127e-12
1.598333e-12
1.978251e-12
1.572575e-12
1.962319e-12
1.546319e-12
1.946276e-12
1.519285e-12
1.929790e-12
1.491252e-12
1.913580e-12
1.462996e-12
1.897038e-12
1.433520e-12
1.880551e-12
1.403655e-12
1.863676e-12
1.372735e-12
1.847078e-12
1.341038e-12
1.830758e-12
1.308509e-12
1.814882e-12
1.275813e-12
1.799172e-12
1.242395e-12
1.784628e-12
1.208922e-12
1.770251e-12
1.174394e-12
1.756650e-12
1.139477e-12
1.743383e-12
1.103340e-12
1.731115e-12
1.066591e-12
1.719236e-12
1.028788e-12
1.708356e-12
9.901524e-13
1.698419e-12
9.504064e-13
1.689759e-12
9.099388e-13
1.682210e-12
8.679168e-13
1.675715e-12
8.246182e-13
1.670164e-12
7.797651e-13
1.666556e-12
7.333023e-13
1.664446e-12
6.848966e-13
1.664169e-12
6.349365e-13
1.665779e-12
5.827561e-13
1.670275e-12
5.288547e-13
1.677436e-12
4.723444e-13
1.687539e-12
4.131140e-13
1.700529e-12
3.503864e-13
1.717515e-12
2.843281e-13
1.738554e-12
2.142175e-13
1.764422e-12
1.397216e-13
1.794898e-12
5.973000e-14
1.832035e-12
-2.536860e-14
1.876388e-12
-1.158518e-13
1.931122e-12
-2.095546e-13
2.002287e-12
-2.987610e-13
2.106260e-12
-3.606559e-13
2.284839e-12
-3.308465e-13
2.648326e-12
-3.236300e-14
3.494316e-12
1.018907e-12
5.628276e-12
4.143463e-12
1.123512e-11
1.293354e-11
2.624878e-11
3.716139e-11
6.679313e-11
1.033963e-10
1.766914e-10
2.838716e-10
4.750553e-10
7.749464e-10
1.285654e-09
2.110395e-09
3.488565e-09
5.741183e-09
9.476073e-09
1.561147e-08
2.575105e-08
4.244260e-08
6.999010e-08
1.153783e-07
1.902432e-07
3.136393e-07
5.171233e-07
8.525700e-07
1.405673e-06
2.317534e-06
3.820991e-06
6.299702e-06
1.038644e-05
1.712420e-05
2.823276e-05
4.654705e-05
7.674085e-05
1.265179e-04
2.085757e-04
3.438366e-04
5.667644e-04
9.340930e-04
1.539126e-03
2.535059e-03
4.172744e-03
6.861119e-03
1.126195e-02
1.843314e-02
3.003199e-02
4.856815e-02
7.762946e-02
1.218529e-01
1.861838e-01
2.738850e-01
3.834335e-01
5.062497e-01
6.283162e-01
7.359454e-01
8.212736e-01
8.833970e-01
9.258759e-01
9.536909e-01
9.713908e-01
9.824501e-01
9.892814e-01
9.934713e-01
9.960300e-01
9.975883e-01
9.985358e-01
9.991114e-01
9.994609e-01
9.996729e-01
9.998016e-01
9.998797e-01
9.999270e-01
9.999557e-01
9.999731e-01
9.999837e-01
9.999901e-01
9.999940e-01
9.999964e-01
9.999978e-01
9.999987e-01
9.999992e-01
9.999995e-01
9.999997e-01
9.999998e-01
9.999999e-01
9.999999e-01
1.000000e+00
1.000000e+00
1.000000e+00
1.000000e+00
1.000000e+00
1.000000e+00
1.000000e+00
1.000000e+00
1.000000e+00
1.000000e+00
1.000000e+00
1.000000e+00
1.000000e+00
1.000000e+00
1.000000e+00
1.000000e+00
1.000000e+00
1.000000e+00
1.000000e+00
1.000000e+00
1.000000e+00
1.000000e+00
1.000000e+00
1.000000e+00
1.000000e+00
1.000000e+00
1.000000e+00
1.000000e+00
1.000000e+00
1.000000e+00
1.000000e+00
1.000000e+00
1.000000e+00
1.000000e+00
1.000000e+00
1.000000e+00
1.000000e+00
1.000000e+00
1.000000e+00
1.000000e+00
1.000000e+00
1.000000e+00
1.000000e+00
1.000000e+00
1.000000e+00
1.000000e+00
1.000000e+00
1.000000e+00
1.000000e+00
1.000000e+00
1.000000e+00
1.000000e+00
1.000000e+00
1.000000e+00
1.000000e+00
1.000000e+00
1.000000e+00
1.000000e+00
1.000000e+00
1.000000e+00
1.000000e+00
1.000000e+00
1.000000e+00
1.000000e+00
1.000000e+00
1.000000e+00
1.000000e+00
1.000000e+00
1.000000e+00
1.000000e+00
1.000000e+00
1.000000e+00
1.000000e+00
1.000000e+00
1.000000e+00
1.000000e+00
1.000000e+00
1.000000e+00
1.000000e+00
1.000000e+00
1.000000e+00
1.000000e+00
1.000000e+00
1.000000e+00
1.000000e+00
1.000000e+00
1.000000e+00
1.000000e+00
1.000000e+00
1.000000e+00
1.000000e+00
1.000000e+00
1.000000e+00
1.000000e+00
1.000000e+00
1.000000e+00
1.000000e+00
1.000000e+00
1.000000e+00
1.000000e+00
1.000000e+00
1.000000e+00
1.000000e+00
1.000000e+00
1.000000e+00
1.000000e+00
1.000000e+00
1.000000e+00
1.000000e+00
1.000000e+00
1.000000e+00
1.000000e+00
1.000000e+00
1.000000e+00
1.000000e+00
1.000000e+00
1.000000e+00
1.000000e+00
1.000000e+00
1.000000e+00
1.000000e+00
1.000000e+00
1.000000e+00
1.000000e+00
1.000000e+00
1.000000e+00
1.000000e+00
1.000000e+00
1.000000e+00
1.000000e+00
1.000000e+00
1.000000e+00
1.000000e+00
1.000000e+00
1.000000e+00
1.000000e+00
1.000000e+00
1.000000e+00
1.000000e+00
1.000000e+00
1.000000e+00
1.000000e+00
1.000000e+00
1.000000e+00
1.000000e+00
1.000000e+00
1.000000e+00
1.000000e+00
1.000000e+00
1.000000e+00
1.000000e+00
1.000000e+00
1.000000e+00
1.000000e+00
1.000000e+00
1.000000e+00
1.000000e+00
1.000000e+00
1.000000e+00
1.000000e+00
1.000000e+00
1.000000e+00
1.000000e+00
1.000000e+00
1.000000e+00
1.000000e+00
1.000000e+00
1.000000e+00
1.000000e+00
1.000000e+00
1.000000e+00
1.000000e+00
1.000000e+00
1.000000e+00
1.000000e+00
1.000000e+00
1.000000e+00
1.000000e+00
1.000000e+00
1.000000e+00
1.000000e+00
1.000000e+00
1.000000e+00
1.000000e+00
1.000000e+00
1.000000e+00
1.000000e+00
1.000000e+00
1.000000e+00
1.000000e+00
1.000000e+00
1.000000e+00
1.000000e+00
1.000000e+00
1.000000e+00
1.000000e+00
1.000000e+00
1.000000e+00
1.000000e+00
1.000000e+00
1.000000e+00
1.000000e+00
1.000000e+00
1.000000e+00
1.000000e+00
1.000000e+00
1.000000e+00
1.000000e+00
1.000000e+00
1.000000e+00
1.000000e+00
1.000000e+00
1.000000e+00
1.000000e+00
1.000000e+00
1.000000e+00
1.000000e+00
1.000000e+00
1.000000e+00
1.000000e+00
1.000000e+00
1.000000e+00
1.000000e+00
1.000000e+00
1.000000e+00
1.000000e+00
1.000000e+00
1.000000e+00
1.000000e+00
1.000000e+00
1.000000e+00
1.000000e+00
1.000000e+00
1.000000e+00
1.000000e+00
1.000000e+00
1.000000e+00
1.000000e+00
1.000000e+00
1.000000e+00
1.000000e+00
1.000000e+00
1.000000e+00
1.000000e+00
1.000000e+00
1.000000e+00
1.000000e+00
1.000000e+00
1.000000e+00
1.000000e+00
1.000000e+00
1.000000e+00
1.000000e+00
1.000000e+00
1.000000e+00
1.000000e+00
1.000000e+00
1.000000e+00
1.000000e+00
1.000000e+00
1.000000e+00
1.000000e+00
1.000000e+00
1.000000e+00
1.000000e+00
1.000000e+00
1.000000e+00
1.000000e+00
1.000000e+00
1.000000e+00
1.000000e+00
1.000000e+00
1.000000e+00
1.000000e+00
1.000000e+00
1.000000e+00
1.000000e+00
1.000000e+00
1.000000e+00
1.000000e+00
1.000000e+00
1.000000e+00
1.000000e+00
1.000000e+00
1.000000e+00
1.000000e+00
1.000000e+00
1.000000e+00
1.000000e+00
1.000000e+00
1.000000e+00
1.000000e+00
1.000000e+00
1.000000e+00
1.000000e+00
1.000000e+00
1.000000e+00
1.000000e+00
1.000000e+00
1.000000e+00
1.000000e+00
1.000000e+00
1.000000e+00
1.000000e+00
1.000000e+00
1.000000e+00
1.000000e+00
1.000000e+00
1.000000e+00
1.000000e+00
1.000000e+00
1.000000e+00
1.000000e+00
1.000000e+00
1.000000e+00
1.000000e+00
1.000000e+00
1.000000e+00
1.000000e+00
1.000000e+00
1.000000e+00
1.000000e+00
1.000000e+00
1.000000e+00
1.000000e+00
1.000000e+00
1.000000e+00
1.000000e+00
1.000000e+00
1.000000e+00
1.000000e+00
1.000000e+00
1.000000e+00
1.000000e+00
1.000000e+00
1.000000e+00
1.000000e+00
1.000000e+00
1.000000e+00
1.000000e+00
1.000000e+00
1.000000e+00
1.000000e+00
1.000000e+00
1.000000e+00
1.000000e+00
1.000000e+00
1.000000e+00
1.000000e+00
1.000000e+00
1.000000e+00
1.000000e+00
1.000000e+00
1.000000e+00
1.000000e+00
1.000000e+00
1.000000e+00
1.000000e+00
1.000000e+00
1.000000e+00
1.000000e+00
1.000000e+00
1.000000e+00
1.000000e+00
1.000000e+00
1.000000e+00
1.000000e+00
1.000000e+00
1.000000e+00
1.000000e+00
1.000000e+00
1.000000e+00
1.000000e+00
1.000000e+00
1.000000e+00
1.000000e+00
1.000000e+00
1.000000e+00
1.000000e+00
1.000000e+00
1.000000e+00
1.000000e+00
1.000000e+00
1.000000e+00
1.000000e+00
1.000000e+00
1.000000e+00
1.000000e+00
1.000000e+00
1.000000e+00
1.000000e+00
1.000000e+00
1.000000e+00
1.000000e+00
1.000000e+00
1.000000e+00
1.000000e+00
1.000000e+00
1.000000e+00
1.000000e+00
1.000000e+00
1.000000e+00
1.000000e+00
1.000000e+00
1.000000e+00
1.000000e+00
1.000000e+00
1.000000e+00
1.000000e+00
1.000000e+00
1.000000e+00
1.000000e+00
1.000000e+00
1.000000e+00
1.000000e+00
1.000000e+00
1.000000e+00
1.000000e+00
1.000000e+00
1.000000e+00
1.000000e+00
1.000000e+00
1.000000e+00
1.000000e+00
1.000000e+00
1.000000e+00
1.000000e+00
1.000000e+00
1.000000e+00
1.000000e+00
1.000000e+00
1.000000e+00
1.000000e+00
1.000000e+00
1.000000e+00
1.000000e+00
1.000000e+00
1.000000e+00
1.000000e+00
1.000000e+00
1.000000e+00
1.000000e+00
1.000000e+00
1.000000e+00
1.000000e+00
1.000000e+00
1.000000e+00
1.000000e+00
1.000000e+00
1.000000e+00
1.000000e+00
1.000000e+00
1.000000e+00
1.000000e+00
1.000000e+00
1.000000e+00
1.000000e+00
1.000000e+00
1.000000e+00
1.000000e+00
1.000000e+00
1.000000e+00
1.000000e+00
1.000000e+00
1.000000e+00
1.000000e+00
1.000000e+00
1.000000e+00
1.000000e+00
1.000000e+00
1.000000e+00
1.000000e+00
1.000000e+00
1.000000e+00
1.000000e+00
1.000000e+00
1.000000e+00
1.000000e+00
1.000000e+00
1.000000e+00
1.000000e+00
1.000000e+00
1.000000e+00
1.000000e+00
1.000000e+00
1.000000e+00
1.000000e+00
1.000000e+00
1.000000e+00
1.000000e+00
1.000000e+00
1.000000e+00
1.000000e+00
1.000000e+00
1.000000e+00
1.000000e+00
1.000000e+00
9.999999e-01
9.999999e-01
9.999998e-01
9.999997e-01
9.999995e-01
9.999992e-01
9.999987e-01
9.999978e-01
9.999964e-01
9.999940e-01
9.999901e-01
9.999837e-01
9.999731e-01
9.999557e-01
9.999270e-01
9.998797e-01
9.998016e-01
9.996729e-01
9.994609e-01
9.991114e-01
9.985358e-01
9.975883e-01
9.960300e-01
9.934713e-01
9.892814e-01
9.824501e-01
9.713908e-01
9.536909e-01
9.258759e-01
8.833970e-01
8.212736e-01
7.359454e-01
6.283162e-01
5.062497e-01
3.834335e-01
2.738850e-01
1.861838e-01
1.218529e-01
7.762946e-02
4.856815e-02
3.003199e-02
1.843314e-02
1.126195e-02
6.861119e-03
4.172744e-03
2.535059e-03
1.539126e-03
9.340930e-04
5.667644e-04
3.438366e-04
2.085757e-04
1.265179e-04
7.674085e-05
4.654705e-05
2.823276e-05
1.712420e-05
1.038644e-05
6.299702e-06
3.820991e-06
2.317534e-06
1.405673e-06
8.525700e-07
5.171234e-07
3.136394e-07
1.902432e-07
1.153783e-07
6.999012e-08
4.244262e-08
2.575107e-08
1.561149e-08
9.476097e-09
5.741209e-09
3.488593e-09
2.110424e-09
1.285684e-09
7.749784e-10
4.750888e-10
2.839063e-10
1.767269e-10
1.034330e-10
6.683087e-11
3.719991e-11
2.628808e-11
1.297384e-11
1.127642e-11
4.185541e-12
5.671297e-12
1.062928e-12
3.539169e-12
1.354472e-14
2.695177e-12
-2.832179e-13
2.333411e-12
-3.111955e-13
2.156331e-12
-2.479128e-13
2.053635e-12
-1.573741e-13
1.983969e-12
-6.195044e-14
1.930955e-12
3.008704e-14
1.888101e-12
1.167955e-13
1.853018e-12
1.984524e-13
1.823708e-12
2.741696e-13
1.799283e-12
3.452238e-13
1.778466e-12
4.114487e-13
1.761480e-12
4.736211e-13
1.747658e-12
5.320189e-13
1.736944e-12
5.875855e-13
1.728451e-12
6.404322e-13
1.722955e-12
6.910583e-13
1.719180e-12
7.390755e-13
1.717460e-12
7.853163e-13
1.717237e-12
8.292256e-13
1.718625e-12
8.718026e-13
1.721234e-12
9.124923e-13
1.725176e-12
9.517387e-13
1.730116e-12
9.895418e-13
1.736389e-12
1.026679e-12
1.743383e-12
1.062261e-12
1.751432e-12
1.097122e-12
1.759870e-12
1.130873e-12
1.769418e-12
1.163902e-12
1.779632e-12
1.195932e-12
1.790623e-12
1.227629e-12
1.801892e-12
1.258660e-12
1.814326e-12
1.289635e-12
1.827316e-12
1.319889e-12
1.841027e-12
1.349809e-12
1.854572e-12
1.378897e-12
1.868838e-12
1.407763e-12
1.883438e-12
1.435962e-12
1.898537e-12
1.463663e-12
1.913303e-12
1.490863e-12
1.928735e-12
1.517675e-12
1.943945e-12
1.543488e-12
1.959377e-12
1.568967e-12
1.974032e-12
1.593392e-12
1.988631e-12
1.617206e-12
2.003231e-12
1.640299e-12
2.017886e-12
1.663059e-12
2.032208e-12
1.685263e-12
2.046585e-12
1.707523e-12
2.061074e-12
1.728839e-12
2.075506e-12
1.749934e-12
2.089329e-12
1.770195e-12
2.103373e-12
1.790401e-12
2.117029e-12
1.809608e-12
2.130518e-12
1.828426e-12
2.143508e-12
1.846523e-12
2.156886e-12
1.864731e-12
2.169487e-12
1.881884e-12
2.182143e-12
1.898703e-12
2.193856e-12
1.914469e-12
2.205569e-12
1.930012e-12
2.216727e-12
1.944944e-12
2.227940e-12
1.959155e-12
2.238321e-12
1.973199e-12
2.249145e-12
1.987188e-12
2.259470e-12
2.000178e-12
2.269407e-12
2.012834e-12
2.278566e-12
2.024547e-12
2.287337e-12
2.035594e-12
2.295886e-12
2.046363e-12
2.304157e-12
2.056577e-12
2.311484e-12
2.065792e-12
2.318978e-12
2.074951e-12
2.325640e-12
2.083111e-12
2.332134e-12
2.090994e-12
2.337408e-12
2.097711e-12
2.342404e-12
2.103651e-12
2.346456e-12
2.108314e-12
2.350453e-12
2.113087e-12
2.353395e-12
2.117195e-12
2.356615e-12
2.120970e-12
2.359057e-12
2.123801e-12
2.361111e-12
2.126521e-12
2.362388e-12
2.128131e-12
2.363443e-12
2.129241e-12
2.363831e-12
2.129852e-12
2.363998e-12
2.129852e-12
2.363332e-12
