2.213674e-12
2.446987e-12
2.212452e-12
2.445710e-12
2.210787e-12
2.444323e-12
2.208789e-12
2.442546e-12
2.206568e-12
2.440326e-12
2.203515e-12
2.437606e-12
2.200129e-12
2.434886e-12
2.196354e-12
2.431610e-12
2.192357e-12
2.428502e-12
2.187972e-12
2.424838e-12
2.183365e-12
2.421396e-12
2.177813e-12
2.416678e-12
2.171929e-12
2.412015e-12
2.165434e-12
2.406908e-12
2.158551e-12
2.401523e-12
2.151113e-12
2.395473e-12
2.143119e-12
2.389144e-12
2.134348e-12
2.382095e-12
2.124745e-12
2.374989e-12
2.114586e-12
2.366829e-12
2.104206e-12
2.358669e-12
2.093048e-12
2.349676e-12
2.081113e-12
2.341016e-12
2.069012e-12
2.331413e-12
2.056244e-12
2.322142e-12
2.043088e-12
2.311540e-12
2.029155e-12
2.301326e-12
2.014500e-12
2.290113e-12
1.999345e-12
2.278788e-12
1.983524e-12
2.266853e-12
1.967038e-12
2.254863e-12
1.949829e-12
2.241984e-12
1.932343e-12
2.229328e-12
1.914247e-12
2.216283e-12
1.895539e-12
2.203182e-12
1.876110e-12
2.189415e-12
1.856237e-12
2.175371e-12
1.835199e-12
2.160494e-12
1.813716e-12
2.145784e-12
1.791678e-12
2.130351e-12
1.769085e-12
2.115419e-12
1.745770e-12
2.099654e-12
1.721845e-12
2.084111e-12
1.696920e-12
2.067568e-12
1.671441e-12
2.051248e-12
1.645017e-12
2.034151e-12
1.617928e-12
2.017386e-12
1.589950e-12
2.000067e-12
1.561362e-12
1.982803e-12
1.531775e-12
1.965039e-12
1.500911e-12
1.947276e-12
1.469658e-12
1.929346e-12
1.437683e-12
1.911526e-12
1.404654e-12
1.893707e-12
1.370903e-12
1.876610e-12
1.337042e-12
1.859568e-12
1.302125e-12
1.843525e-12
1.267153e-12
1.827649e-12
1.231348e-12
1.812939e-12
1.194767e-12
1.798173e-12
1.157519e-12
1.784295e-12
1.119160e-12
1.770861e-12
1.079692e-12
1.758649e-12
1.039391e-12
1.746825e-12
9.980350e-13
1.736389e-12
9.557355e-13
1.726952e-12
9.121037e-13
1.718958e-12
8.671397e-13
1.712186e-12
8.209544e-13
1.707079e-12
7.731593e-13
1.703304e-12
7.233658e-13
1.701805e-12
6.720735e-13
1.702138e-12
6.186718e-13
1.705414e-12
5.632161e-13
1.711187e-12
5.055956e-13
1.720124e-12
4.447553e-13
1.731726e-12
3.809175e-13
1.747269e-12
3.134160e-13
1.767086e-12
2.419176e-13
1.791456e-12
1.661449e-13
1.820877e-12
8.509859e-14
1.856459e-12
-1.443290e-15
1.899481e-12
-9.342527e-14
1.953104e-12
-1.885159e-13
2.022937e-12
-2.786660e-13
2.125911e-12
-3.415601e-13
2.303269e-12
-3.128053e-13
2.666145e-12
-1.504352e-14
3.511191e-12
1.035561e-12
5.644596e-12
4.159451e-12
1.125033e-11
1.294886e-11
2.626349e-11
3.717576e-11
6.680723e-11
1.034102e-10
1.767047e-10
2.838845e-10
4.750678e-10
7.749583e-10
1.285666e-09
2.110406e-09
3.488576e-09
5.741193e-09
9.476082e-09
1.561148e-08
2.575106e-08
4.244261e-08
6.999011e-08
1.153783e-07
1.902432e-07
3.136393e-07
5.171233e-07
8.525700e-07
1.405673e-06
2.317534e-06
3.820991e-06
6.299702e-06
1.038644e-05
1.712420e-05
2.823276e-05
4.654705e-05
7.674085e-05
1.265179e-04
2.085757e-04
3.438366e-04
5.667644e-04
9.340930e-04
1.539126e-03
2.535059e-03
4.172744e-03
6.861119e-03
1.126195e-02
1.843314e-02
3.003199e-02
4.856815e-02
7.762946e-02
1.218529e-01
1.861838e-01
2.738850e-01
3.834335e-01
5.062497e-01
6.283162e-01
7.359454e-01
8.212736e-01
8.833970e-01
9.258759e-01
9.536909e-01
9.713908e-01
9.824501e-01
9.892814e-01
9.934713e-01
9.960300e-01
9.975883e-01
9.985358e-01
9.991114e-01
9.994609e-01
9.996729e-01
9.998016e-01
9.998797e-01
9.999270e-01
9.999557e-01
9.999731e-01
9.999837e-01
9.999901e-01
9.999940e-01
9.999964e-01
9.999978e-01
9.999987e-01
9.999992e-01
9.999995e-01
9.999997e-01
9.999998e-01
9.999999e-01
9.999999e-01
1.000000e+00
1.000000e+00
1.000000e+00
1.000000e+00
1.000000e+00
1.000000e+00
1.000000e+00
1.000000e+00
1.000000e+00
1.000000e+00
1.000000e+00
1.000000e+00
1.000000e+00
1.000000e+00
1.000000e+00
1.000000e+00
1.000000e+00
1.000000e+00
1.000000e+00
1.000000e+00
1.000000e+00
1.000000e+00
1.000000e+00
1.000000e+00
1.000000e+00
1.000000e+00
1.000000e+00
1.000000e+00
1.000000e+00
1.000000e+00
1.000000e+00
1.000000e+00
1.000000e+00
1.000000e+00
1.000000e+00
1.000000e+00
1.000000e+00
1.000000e+00
1.000000e+00
1.000000e+00
1.000000e+00
1.000000e+00
1.000000e+00
1.000000e+00
1.000000e+00
1.000000e+00
1.000000e+00
1.000000e+00
1.000000e+00
1.000000e+00
1.000000e+00
1.000000e+00
1.000000e+00
1.000000e+00
1.000000e+00
1.000000e+00
1.000000e+00
1.000000e+00
1.000000e+00
1.000000e+00
1.000000e+00
1.000000e+00
1.000000e+00
1.000000e+00
1.000000e+00
1.000000e+00
1.000000e+00
1.000000e+00
1.000000e+00
1.000000e+00
1.000000e+00
1.000000e+00
1.000000e+00
1.000000e+00
1.000000e+00
1.000000e+00
1.000000e+00
1.000000e+00
1.000000e+00
1.000000e+00
1.000000e+00
1.000000e+00
1.000000e+00
1.000000e+00
1.000000e+00
1.000000e+00
1.000000e+00
1.000000e+00
1.000000e+00
1.000000e+00
1.000000e+00
1.000000e+00
1.000000e+00
1.000000e+00
1.000000e+00
1.000000e+00
1.000000e+00
1.000000e+00
1.000000e+00
1.000000e+00
1.000000e+00
1.000000e+00
1.000000e+00
1.000000e+00
1.000000e+00
1.000000e+00
1.000000e+00
1.000000e+00
1.000000e+00
1.000000e+00
1.000000e+00
1.000000e+00
1.000000e+00
1.000000e+00
1.000000e+00
1.000000e+00
1.000000e+00
1.000000e+00
1.000000e+00
1.000000e+00
1.000000e+00
1.000000e+00
1.000000e+00
1.000000e+00
1.000000e+00
1.000000e+00
1.000000e+00
1.000000e+00
1.000000e+00
1.000000e+00
1.000000e+00
1.000000e+00
1.000000e+00
1.000000e+00
1.000000e+00
1.000000e+00
1.000000e+00
1.000000e+00
1.000000e+00
1.000000e+00
1.000000e+00
1.000000e+00
1.000000e+00
1.000000e+00
1.000000e+00
1.000000e+00
1.000000e+00
1.000000e+00
1.000000e+00
1.000000e+00
1.000000e+00
1.000000e+00
1.000000e+00
1.000000e+00
1.000000e+00
1.000000e+00
1.000000e+00
1.000000e+00
1.000000e+00
1.000000e+00
1.000000e+00
1.000000e+00
1.000000e+00
1.000000e+00
1.000000e+00
1.000000e+00
1.000000e+00
1.000000e+00
1.000000e+00
1.000000e+00
1.000000e+00
1.000000e+00
1.000000e+00
1.000000e+00
1.000000e+00
1.000000e+00
1.000000e+00
1.000000e+00
1.000000e+00
1.000000e+00
1.000000e+00
1.000000e+00
1.000000e+00
1.000000e+00
1.000000e+00
1.000000e+00
1.000000e+00
1.000000e+00
1.000000e+00
1.000000e+00
1.000000e+00
1.000000e+00
1.000000e+00
1.000000e+00
1.000000e+00
1.000000e+00
1.000000e+00
1.000000e+00
1.000000e+00
1.000000e+00
1.000000e+00
1.000000e+00
1.000000e+00
1.000000e+00
1.000000e+00
1.000000e+00
1.000000e+00
1.000000e+00
1.000000e+00
1.000000e+00
1.000000e+00
1.000000e+00
1.000000e+00
1.000000e+00
1.000000e+00
1.000000e+00
1.000000e+00
1.000000e+00
1.000000e+00
1.000000e+00
1.000000e+00
1.000000e+00
1.000000e+00
1.000000e+00
1.000000e+00
1.000000e+00
1.000000e+00
1.000000e+00
1.000000e+00
1.000000e+00
1.000000e+00
1.000000e+00
1.000000e+00
1.000000e+00
1.000000e+00
1.000000e+00
1.000000e+00
1.000000e+00
1.000000e+00
1.000000e+00
1.000000e+00
1.000000e+00
1.000000e+00
1.000000e+00
1.000000e+00
1.000000e+00
1.000000e+00
1.000000e+00
1.000000e+00
1.000000e+00
1.000000e+00
1.000000e+00
1.000000e+00
1.000000e+00
1.000000e+00
1.000000e+00
1.000000e+00
1.000000e+00
1.000000e+00
1.000000e+00
1.000000e+00
1.000000e+00
1.000000e+00
1.000000e+00
1.000000e+00
1.000000e+00
1.000000e+00
1.000000e+00
1.000000e+00
1.000000e+00
1.000000e+00
1.000000e+00
1.000000e+00
1.000000e+00
1.000000e+00
1.000000e+00
1.000000e+00
1.000000e+00
1.000000e+00
1.000000e+00
1.000000e+00
1.000000e+00
1.000000e+00
1.000000e+00
1.000000e+00
1.000000e+00
1.000000e+00
1.000000e+00
1.000000e+00
1.000000e+00
1.000000e+00
1.000000e+00
1.000000e+00
1.000000e+00
1.000000e+00
1.000000e+00
1.000000e+00
1.000000e+00
1.000000e+00
1.000000e+00
1.000000e+00
1.000000e+00
1.000000e+00
1.000000e+00
1.000000e+00
1.000000e+00
1.000000e+00
1.000000e+00
1.000000e+00
1.000000e+00
1.000000e+00
1.000000e+00
1.000000e+00
1.000000e+00
1.000000e+00
1.000000e+00
1.000000e+00
1.000000e+00
1.000000e+00
1.000000e+00
1.000000e+00
1.000000e+00
1.000000e+00
1.000000e+00
1.000000e+00
1.000000e+00
1.000000e+00
1.000000e+00
1.000000e+00
1.000000e+00
1.000000e+00
1.000000e+00
1.000000e+00
1.000000e+00
1.000000e+00
1.000000e+00
1.000000e+00
1.000000e+00
1.000000e+00
1.000000e+00
1.000000e+00
1.000000e+00
1.000000e+00
1.000000e+00
1.000000e+00
1.000000e+00
1.000000e+00
1.000000e+00
1.000000e+00
1.000000e+00
1.000000e+00
1.000000e+00
1.000000e+00
1.000000e+00
1.000000e+00
1.000000e+00
1.000000e+00
1.000000e+00
1.000000e+00
1.000000e+00
1.000000e+00
1.000000e+00
1.000000e+00
1.000000e+00
1.000000e+00
1.000000e+00
1.000000e+00
1.000000e+00
1.000000e+00
1.000000e+00
1.000000e+00
1.000000e+00
1.000000e+00
1.000000e+00
1.000000e+00
1.000000e+00
1.000000e+00
1.000000e+00
1.000000e+00
1.000000e+00
1.000000e+00
1.000000e+00
1.000000e+00
1.000000e+00
1.000000e+00
1.000000e+00
1.000000e+00
1.000000e+00
1.000000e+00
1.000000e+00
1.000000e+00
1.000000e+00
1.000000e+00
1.000000e+00
1.000000e+00
1.000000e+00
1.000000e+00
1.000000e+00
1.000000e+00
1.000000e+00
1.000000e+00
1.000000e+00
1.000000e+00
1.000000e+00
1.000000e+00
1.000000e+00
1.000000e+00
1.000000e+00
1.000000e+00
1.000000e+00
1.000000e+00
1.000000e+00
1.000000e+00
1.000000e+00
1.000000e+00
1.000000e+00
1.000000e+00
1.000000e+00
1.000000e+00
1.000000e+00
1.000000e+00
1.000000e+00
1.000000e+00
1.000000e+00
1.000000e+00
1.000000e+00
1.000000e+00
1.000000e+00
1.000000e+00
1.000000e+00
1.000000e+00
1.000000e+00
1.000000e+00
1.000000e+00
1.000000e+00
1.000000e+00
1.000000e+00
1.000000e+00
1.000000e+00
1.000000e+00
1.000000e+00
1.000000e+00
1.000000e+00
1.000000e+00
1.000000e+00
1.000000e+00
1.000000e+00
1.000000e+00
1.000000e+00
1.000000e+00
1.000000e+00
1.000000e+00
1.000000e+00
1.000000e+00
1.000000e+00
1.000000e+00
1.000000e+00
1.000000e+00
1.000000e+00
1.000000e+00
1.000000e+00
1.000000e+00
1.000000e+00
1.000000e+00
1.000000e+00
1.000000e+00
1.000000e+00
1.000000e+00
1.000000e+00
1.000000e+00
1.000000e+00
1.000000e+00
1.000000e+00
1.000000e+00
1.000000e+00
1.000000e+00
1.000000e+00
1.000000e+00
1.000000e+00
1.000000e+00
1.000000e+00
1.000000e+00
1.000000e+00
1.000000e+00
1.000000e+00
1.000000e+00
1.000000e+00
1.000000e+00
1.000000e+00
1.000000e+00
1.000000e+00
1.000000e+00
1.000000e+00
1.000000e+00
1.000000e+00
1.000000e+00
1.000000e+00
9.999999e-01
9.999999e-01
9.999998e-01
9.999997e-01
9.999995e-01
9.999992e-01
9.999987e-01
9.999978e-01
9.999964e-01
9.999940e-01
9.999901e-01
9.999837e-01
9.999731e-01
9.999557e-01
9.999270e-01
9.998797e-01
9.998016e-01
9.996729e-01
9.994609e-01
9.991114e-01
9.985358e-01
9.975883e-01
9.960300e-01
9.934713e-01
9.892814e-01
9.824501e-01
9.713908e-01
9.536909e-01
9.258759e-01
8.833970e-01
8.212736e-01
7.359454e-01
6.283162e-01
5.062497e-01
3.834335e-01
2.738850e-01
1.861838e-01
1.218529e-01
7.762946e-02
4.856815e-02
3.003199e-02
1.843314e-02
1.126195e-02
6.861119e-03
4.172744e-03
2.535059e-03
1.539126e-03
9.340930e-04
5.667644e-04
3.438366e-04
2.085757e-04
1.265179e-04
7.674085e-05
4.654705e-05
2.823276e-05
1.712420e-05
1.038644e-05
6.299702e-06
3.820991e-06
2.317534e-06
1.405673e-06
8.525700e-07
5.171234e-07
3.136394e-07
1.902432e-07
1.153783e-07
6.999013e-08
4.244264e-08
2.575108e-08
1.561150e-08
9.476112e-09
5.741224e-09
3.488608e-09
2.110440e-09
1.285700e-09
7.749948e-10
4.751057e-10
2.839237e-10
1.767453e-10
1.034519e-10
6.685053e-11
3.721989e-11
2.630884e-11
1.299522e-11
1.129830e-11
4.207967e-12
5.694112e-12
1.086520e-12
3.563205e-12
3.780309e-14
2.719713e-12
-2.578493e-13
2.359224e-12
-2.849943e-13
2.183143e-12
-2.205458e-13
2.081668e-12
-1.287304e-13
2.013056e-12
-3.236300e-14
1.961209e-12
6.089573e-14
1.919520e-12
1.489364e-13
1.885436e-12
2.313705e-13
1.857070e-12
3.079759e-13
1.833589e-12
3.799738e-13
1.814104e-12
4.474754e-13
1.798284e-12
5.109246e-13
1.785683e-12
5.708767e-13
1.776079e-12
6.277201e-13
1.768974e-12
6.816769e-13
1.764588e-12
7.334133e-13
1.762146e-12
7.828738e-13
1.762035e-12
8.303913e-13
1.763145e-12
8.760215e-13
1.765865e-12
9.195977e-13
1.769751e-12
9.614531e-13
1.774969e-12
1.001810e-12
1.780853e-12
1.040945e-12
1.788070e-12
1.079026e-12
1.796285e-12
1.115996e-12
1.805611e-12
1.152023e-12
1.815770e-12
1.187273e-12
1.826539e-12
1.221634e-12
1.837919e-12
1.254996e-12
1.850076e-12
1.287859e-12
1.862732e-12
1.320222e-12
1.876388e-12
1.352141e-12
1.890488e-12
1.383726e-12
1.905420e-12
1.414646e-12
1.920020e-12
1.445011e-12
1.935563e-12
1.474709e-12
1.951217e-12
1.504019e-12
1.967038e-12
1.532774e-12
1.982969e-12
1.561029e-12
1.999068e-12
1.588341e-12
2.015055e-12
1.614930e-12
2.031098e-12
1.640854e-12
2.046585e-12
1.666445e-12
2.062184e-12
1.691147e-12
2.077505e-12
1.715128e-12
2.093159e-12
1.738831e-12
2.108258e-12
1.761924e-12
2.123746e-12
1.784739e-12
2.138290e-12
1.806721e-12
2.153222e-12
1.827871e-12
2.167544e-12
1.848799e-12
2.181921e-12
1.868894e-12
2.195855e-12
1.888545e-12
2.210010e-12
1.907641e-12
2.223222e-12
1.926459e-12
2.236544e-12
1.944389e-12
2.249367e-12
1.961875e-12
2.262079e-12
1.978862e-12
2.274569e-12
1.995515e-12
2.286782e-12
2.011280e-12
2.298384e-12
2.026601e-12
2.309875e-12
2.041312e-12
2.320866e-12
2.056022e-12
2.331968e-12
2.069900e-12
2.342238e-12
2.083389e-12
2.352618e-12
2.096101e-12
2.362166e-12
2.108369e-12
2.371547e-12
2.119971e-12
2.380318e-12
2.131018e-12
2.388867e-12
2.141398e-12
2.396749e-12
2.151335e-12
2.404466e-12
2.160661e-12
2.411349e-12
2.168821e-12
2.417899e-12
2.176481e-12
2.423450e-12
2.183753e-12
2.428224e-12
2.189471e-12
2.432499e-12
2.194578e-12
2.436273e-12
2.199130e-12
2.439382e-12
2.203127e-12
2.442269e-12
2.206402e-12
2.444211e-12
2.209344e-12
2.446376e-12
2.211509e-12
2.447487e-12
2.213230e-12
2.448486e-12
2.214340e-12
2.448763e-12
2.214673e-12
2.448763e-12
2.214340e-12
2.447931e-12
