2.228218e-12
2.461642e-12
2.226663e-12
2.459921e-12
2.224720e-12
2.458478e-12
2.222778e-12
2.456424e-12
2.220502e-12
2.454037e-12
2.217115e-12
2.451095e-12
2.213563e-12
2.448208e-12
2.209677e-12
2.444933e-12
2.205569e-12
2.441825e-12
2.201239e-12
2.437883e-12
2.196132e-12
2.433997e-12
2.190637e-12
2.429668e-12
2.184974e-12
2.425393e-12
2.178813e-12
2.420175e-12
2.171929e-12
2.414902e-12
2.164657e-12
2.409239e-12
2.156719e-12
2.403078e-12
2.147948e-12
2.395806e-12
2.138401e-12
2.388700e-12
2.128575e-12
2.380707e-12
2.118250e-12
2.372769e-12
2.107148e-12
2.363720e-12
2.095157e-12
2.354783e-12
2.083167e-12
2.345679e-12
2.070677e-12
2.336298e-12
2.057521e-12
2.326139e-12
2.043476e-12
2.315648e-12
2.028933e-12
2.304712e-12
2.013778e-12
2.293221e-12
1.998068e-12
2.281286e-12
1.981526e-12
2.269407e-12
1.964706e-12
2.257139e-12
1.946943e-12
2.244149e-12
1.928679e-12
2.230549e-12
1.909417e-12
2.217226e-12
1.890044e-12
2.202960e-12
1.869838e-12
2.188805e-12
1.848854e-12
2.173650e-12
1.826927e-12
2.158829e-12
1.804557e-12
2.143064e-12
1.781630e-12
2.127742e-12
1.758094e-12
2.111811e-12
1.733724e-12
2.095768e-12
1.708744e-12
2.079448e-12
1.683098e-12
2.063183e-12
1.657008e-12
2.046308e-12
1.629641e-12
2.029266e-12
1.601941e-12
2.012168e-12
1.572964e-12
1.994627e-12
1.543432e-12
1.976863e-12
1.512845e-12
1.959322e-12
1.481537e-12
1.941225e-12
1.449785e-12
1.923850e-12
1.417144e-12
1.905975e-12
1.383338e-12
1.888822e-12
1.349365e-12
1.871947e-12
1.314671e-12
1.855849e-12
1.279532e-12
1.840139e-12
1.243672e-12
1.825207e-12
1.207257e-12
1.810940e-12
1.170397e-12
1.797340e-12
1.132372e-12
1.784350e-12
1.093237e-12
1.772249e-12
1.053435e-12
1.760925e-12
1.012079e-12
1.750600e-12
9.699463e-13
1.741274e-12
9.264811e-13
1.733724e-12
8.820167e-13
1.727229e-12
8.361645e-13
1.722178e-12
7.883694e-13
1.718625e-12
7.386869e-13
1.717182e-12
6.872836e-13
1.717515e-12
6.338263e-13
1.720568e-12
5.783152e-13
1.725731e-12
5.200285e-13
1.734168e-12
4.589662e-13
1.745881e-12
3.947953e-13
1.761369e-12
3.272382e-13
1.780742e-12
2.554623e-13
1.804890e-12
1.796341e-13
1.834366e-12
9.831025e-14
1.869893e-12
1.165734e-14
1.912526e-12
-8.060219e-14
1.965594e-12
-1.759148e-13
2.035205e-12
-2.665090e-13
2.138123e-12
-3.298473e-13
2.314648e-12
-3.015366e-13
2.676859e-12
-4.163336e-15
3.521738e-12
1.045775e-12
5.654366e-12
4.168665e-12
1.125944e-11
1.295719e-11
2.627193e-11
3.718387e-11
6.681533e-11
1.034177e-10
1.767123e-10
2.838918e-10
4.750748e-10
7.749652e-10
1.285672e-09
2.110413e-09
3.488583e-09
5.741200e-09
9.476089e-09
1.561148e-08
2.575106e-08
4.244262e-08
6.999011e-08
1.153783e-07
1.902432e-07
3.136393e-07
5.171234e-07
8.525700e-07
1.405673e-06
2.317534e-06
3.820991e-06
6.299702e-06
1.038644e-05
1.712420e-05
2.823276e-05
4.654705e-05
7.674085e-05
1.265179e-04
2.085757e-04
3.438366e-04
5.667644e-04
9.340930e-04
1.539126e-03
2.535059e-03
4.172744e-03
6.861119e-03
1.126195e-02
1.843314e-02
3.003199e-02
4.856815e-02
7.762946e-02
1.218529e-01
1.861838e-01
2.738850e-01
3.834335e-01
5.062497e-01
6.283162e-01
7.359454e-01
8.212736e-01
8.833970e-01
9.258759e-01
9.536909e-01
9.713908e-01
9.824501e-01
9.892814e-01
9.934713e-01
9.960300e-01
9.975883e-01
9.985358e-01
9.991114e-01
9.994609e-01
9.996729e-01
9.998016e-01
9.998797e-01
9.999270e-01
9.999557e-01
9.999731e-01
9.999837e-01
9.999901e-01
9.999940e-01
9.999964e-01
9.999978e-01
9.999987e-01
9.999992e-01
9.999995e-01
9.999997e-01
9.999998e-01
9.999999e-01
9.999999e-01
1.000000e+00
1.000000e+00
1.000000e+00
1.000000e+00
1.000000e+00
1.000000e+00
1.000000e+00
1.000000e+00
1.000000e+00
1.000000e+00
1.000000e+00
1.000000e+00
1.000000e+00
1.000000e+00
1.000000e+00
1.000000e+00
1.000000e+00
1.000000e+00
1.000000e+00
1.000000e+00
1.000000e+00
1.000000e+00
1.000000e+00
1.000000e+00
1.000000e+00
1.000000e+00
1.000000e+00
1.000000e+00
1.000000e+00
1.000000e+00
1.000000e+00
1.000000e+00
1.000000e+00
1.000000e+00
1.000000e+00
1.000000e+00
1.000000e+00
1.000000e+00
1.000000e+00
1.000000e+00
1.000000e+00
1.000000e+00
1.000000e+00
1.000000e+00
1.000000e+00
1.000000e+00
1.000000e+00
1.000000e+00
1.000000e+00
1.000000e+00
1.000000e+00
1.000000e+00
1.000000e+00
1.000000e+00
1.000000e+00
1.000000e+00
1.000000e+00
1.000000e+00
1.000000e+00
1.000000e+00
1.000000e+00
1.000000e+00
1.000000e+00
1.000000e+00
1.000000e+00
1.000000e+00
1.000000e+00
1.000000e+00
1.000000e+00
1.000000e+00
1.000000e+00
1.000000e+00
1.000000e+00
1.000000e+00
1.000000e+00
1.000000e+00
1.000000e+00
1.000000e+00
1.000000e+00
1.000000e+00
1.000000e+00
1.000000e+00
1.000000e+00
1.000000e+00
1.000000e+00
1.000000e+00
1.000000e+00
1.000000e+00
1.000000e+00
1.000000e+00
1.000000e+00
1.000000e+00
1.000000e+00
1.000000e+00
1.000000e+00
1.000000e+00
1.000000e+00
1.000000e+00
1.000000e+00
1.000000e+00
1.000000e+00
1.000000e+00
1.000000e+00
1.000000e+00
1.000000e+00
1.000000e+00
1.000000e+00
1.000000e+00
1.000000e+00
1.000000e+00
1.000000e+00
1.000000e+00
1.000000e+00
1.000000e+00
1.000000e+00
1.000000e+00
1.000000e+00
1.000000e+00
1.000000e+00
1.000000e+00
1.000000e+00
1.000000e+00
1.000000e+00
1.000000e+00
1.000000e+00
1.000000e+00
1.000000e+00
1.000000e+00
1.000000e+00
1.000000e+00
1.000000e+00
1.000000e+00
1.000000e+00
1.000000e+00
1.000000e+00
1.000000e+00
1.000000e+00
1.000000e+00
1.000000e+00
1.000000e+00
1.000000e+00
1.000000e+00
1.000000e+00
1.000000e+00
1.000000e+00
1.000000e+00
1.000000e+00
1.000000e+00
1.000000e+00
1.000000e+00
1.000000e+00
1.000000e+00
1.000000e+00
1.000000e+00
1.000000e+00
1.000000e+00
1.000000e+00
1.000000e+00
1.000000e+00
1.000000e+00
1.000000e+00
1.000000e+00
1.000000e+00
1.000000e+00
1.000000e+00
1.000000e+00
1.000000e+00
1.000000e+00
1.000000e+00
1.000000e+00
1.000000e+00
1.000000e+00
1.000000e+00
1.000000e+00
1.000000e+00
1.000000e+00
1.000000e+00
1.000000e+00
1.000000e+00
1.000000e+00
1.000000e+00
1.000000e+00
1.000000e+00
1.000000e+00
1.000000e+00
1.000000e+00
1.000000e+00
1.000000e+00
1.000000e+00
1.000000e+00
1.000000e+00
1.000000e+00
1.000000e+00
1.000000e+00
1.000000e+00
1.000000e+00
1.000000e+00
1.000000e+00
1.000000e+00
1.000000e+00
1.000000e+00
1.000000e+00
1.000000e+00
1.000000e+00
1.000000e+00
1.000000e+00
1.000000e+00
1.000000e+00
1.000000e+00
1.000000e+00
1.000000e+00
1.000000e+00
1.000000e+00
1.000000e+00
1.000000e+00
1.000000e+00
1.000000e+00
1.000000e+00
1.000000e+00
1.000000e+00
1.000000e+00
1.000000e+00
1.000000e+00
1.000000e+00
1.000000e+00
1.000000e+00
1.000000e+00
1.000000e+00
1.000000e+00
1.000000e+00
1.000000e+00
1.000000e+00
1.000000e+00
1.000000e+00
1.000000e+00
1.000000e+00
1.000000e+00
1.000000e+00
1.000000e+00
1.000000e+00
1.000000e+00
1.000000e+00
1.000000e+00
1.000000e+00
1.000000e+00
1.000000e+00
1.000000e+00
1.000000e+00
1.000000e+00
1.000000e+00
1.000000e+00
1.000000e+00
1.000000e+00
1.000000e+00
1.000000e+00
1.000000e+00
1.000000e+00
1.000000e+00
1.000000e+00
1.000000e+00
1.000000e+00
1.000000e+00
1.000000e+00
1.000000e+00
1.000000e+00
1.000000e+00
1.000000e+00
1.000000e+00
1.000000e+00
1.000000e+00
1.000000e+00
1.000000e+00
1.000000e+00
1.000000e+00
1.000000e+00
1.000000e+00
1.000000e+00
1.000000e+00
1.000000e+00
1.000000e+00
1.000000e+00
1.000000e+00
1.000000e+00
1.000000e+00
1.000000e+00
1.000000e+00
1.000000e+00
1.000000e+00
1.000000e+00
1.000000e+00
1.000000e+00
1.000000e+00
1.000000e+00
1.000000e+00
1.000000e+00
1.000000e+00
1.000000e+00
1.000000e+00
1.000000e+00
1.000000e+00
1.000000e+00
1.000000e+00
1.000000e+00
1.000000e+00
1.000000e+00
1.000000e+00
1.000000e+00
1.000000e+00
1.000000e+00
1.000000e+00
1.000000e+00
1.000000e+00
1.000000e+00
1.000000e+00
1.000000e+00
1.000000e+00
1.000000e+00
1.000000e+00
1.000000e+00
1.000000e+00
1.000000e+00
1.000000e+00
1.000000e+00
1.000000e+00
1.000000e+00
1.000000e+00
1.000000e+00
1.000000e+00
1.000000e+00
1.000000e+00
1.000000e+00
1.000000e+00
1.000000e+00
1.000000e+00
1.000000e+00
1.000000e+00
1.000000e+00
1.000000e+00
1.000000e+00
1.000000e+00
1.000000e+00
1.000000e+00
1.000000e+00
1.000000e+00
1.000000e+00
1.000000e+00
1.000000e+00
1.000000e+00
1.000000e+00
1.000000e+00
1.000000e+00
1.000000e+00
1.000000e+00
1.000000e+00
1.000000e+00
1.000000e+00
1.000000e+00
1.000000e+00
1.000000e+00
1.000000e+00
1.000000e+00
1.000000e+00
1.000000e+00
1.000000e+00
1.000000e+00
1.000000e+00
1.000000e+00
1.000000e+00
1.000000e+00
1.000000e+00
1.000000e+00
1.000000e+00
1.000000e+00
1.000000e+00
1.000000e+00
1.000000e+00
1.000000e+00
1.000000e+00
1.000000e+00
1.000000e+00
1.000000e+00
1.000000e+00
1.000000e+00
1.000000e+00
1.000000e+00
1.000000e+00
1.000000e+00
1.000000e+00
1.000000e+00
1.000000e+00
1.000000e+00
1.000000e+00
1.000000e+00
1.000000e+00
1.000000e+00
1.000000e+00
1.000000e+00
1.000000e+00
1.000000e+00
1.000000e+00
1.000000e+00
1.000000e+00
1.000000e+00
1.000000e+00
1.000000e+00
1.000000e+00
1.000000e+00
1.000000e+00
1.000000e+00
1.000000e+00
1.000000e+00
1.000000e+00
1.000000e+00
1.000000e+00
1.000000e+00
1.000000e+00
1.000000e+00
1.000000e+00
1.000000e+00
1.000000e+00
1.000000e+00
1.000000e+00
1.000000e+00
1.000000e+00
1.000000e+00
1.000000e+00
1.000000e+00
1.000000e+00
1.000000e+00
1.000000e+00
1.000000e+00
1.000000e+00
1.000000e+00
1.000000e+00
1.000000e+00
1.000000e+00
1.000000e+00
1.000000e+00
1.000000e+00
1.000000e+00
1.000000e+00
1.000000e+00
1.000000e+00
1.000000e+00
1.000000e+00
1.000000e+00
1.000000e+00
1.000000e+00
1.000000e+00
1.000000e+00
1.000000e+00
1.000000e+00
1.000000e+00
1.000000e+00
1.000000e+00
1.000000e+00
1.000000e+00
1.000000e+00
1.000000e+00
1.000000e+00
1.000000e+00
1.000000e+00
1.000000e+00
1.000000e+00
1.000000e+00
1.000000e+00
1.000000e+00
1.000000e+00
1.000000e+00
1.000000e+00
1.000000e+00
1.000000e+00
1.000000e+00
1.000000e+00
1.000000e+00
1.000000e+00
1.000000e+00
1.000000e+00
1.000000e+00
1.000000e+00
1.000000e+00
1.000000e+00
1.000000e+00
1.000000e+00
1.000000e+00
1.000000e+00
1.000000e+00
1.000000e+00
1.000000e+00
1.000000e+00
1.000000e+00
1.000000e+00
1.000000e+00
1.000000e+00
1.000000e+00
1.000000e+00
1.000000e+00
9.999999e-01
9.999999e-01
9.999998e-01
9.999997e-01
9.999995e-01
9.999992e-01
9.999987e-01
9.999978e-01
9.999964e-01
9.999940e-01
9.999901e-01
9.999837e-01
9.999731e-01
9.999557e-01
9.999270e-01
9.998797e-01
9.998016e-01
9.996729e-01
9.994609e-01
9.991114e-01
9.985358e-01
9.975883e-01
9.960300e-01
9.934713e-01
9.892814e-01
9.824501e-01
9.713908e-01
9.536909e-01
9.258759e-01
8.833970e-01
8.212736e-01
7.359454e-01
6.283162e-01
5.062497e-01
3.834335e-01
2.738850e-01
1.861838e-01
1.218529e-01
7.762946e-02
4.856815e-02
3.003199e-02
1.843314e-02
1.126195e-02
6.861119e-03
4.172744e-03
2.535059e-03
1.539126e-03
9.340930e-04
5.667644e-04
3.438366e-04
2.085757e-04
1.265179e-04
7.674085e-05
4.654705e-05
2.823276e-05
1.712420e-05
1.038644e-05
6.299702e-06
3.820991e-06
2.317534e-06
1.405673e-06
8.525700e-07
5.171234e-07
3.136394e-07
1.902432e-07
1.153783e-07
6.999014e-08
4.244264e-08
2.575109e-08
1.561151e-08
9.476117e-09
5.741229e-09
3.488613e-09
2.110445e-09
1.285706e-09
7.750004e-10
4.751116e-10
2.839297e-10
1.767512e-10
1.034582e-10
6.685674e-11
3.722644e-11
2.631534e-11
1.300204e-11
1.130518e-11
4.215184e-12
5.701661e-12
1.094014e-12
3.570866e-12
4.568568e-14
2.727707e-12
-2.500222e-13
2.367218e-12
-2.766676e-13
2.191802e-12
-2.118306e-13
2.090939e-12
-1.195710e-13
2.022493e-12
-2.281508e-14
1.970923e-12
7.122081e-14
1.930123e-12
1.594835e-13
1.896372e-12
2.421952e-13
1.868172e-12
3.193557e-13
1.845135e-12
3.917977e-13
1.825817e-12
4.596878e-13
1.810718e-12
5.234702e-13
1.798228e-12
5.836442e-13
1.788680e-12
6.404877e-13
1.781852e-12
6.943890e-13
1.777301e-12
7.459589e-13
1.774636e-12
7.951417e-13
1.774136e-12
8.424927e-13
1.775358e-12
8.879564e-13
1.777967e-12
9.316437e-13
1.781797e-12
9.735546e-13
1.786904e-12
1.014022e-12
1.793066e-12
1.052880e-12
1.799949e-12
1.090628e-12
1.807832e-12
1.127209e-12
1.816991e-12
1.163292e-12
1.827039e-12
1.198652e-12
1.837697e-12
1.232570e-12
1.848910e-12
1.265987e-12
1.860900e-12
1.298572e-12
1.873446e-12
1.330658e-12
1.886713e-12
1.362355e-12
1.900091e-12
1.393163e-12
1.914580e-12
1.423806e-12
1.929401e-12
1.454115e-12
1.944889e-12
1.484091e-12
1.960487e-12
1.513456e-12
1.976586e-12
1.542599e-12
1.993072e-12
1.571021e-12
2.009615e-12
1.598721e-12
2.025602e-12
1.625700e-12
2.042089e-12
1.652289e-12
2.058020e-12
1.678158e-12
2.074341e-12
1.703249e-12
2.089606e-12
1.727452e-12
2.105316e-12
1.751432e-12
2.120915e-12
1.774803e-12
2.136513e-12
1.797507e-12
2.151390e-12
1.819322e-12
2.166323e-12
1.840916e-12
2.181033e-12
1.861955e-12
2.195355e-12
1.882550e-12
2.209566e-12
1.902367e-12
2.223721e-12
1.921907e-12
2.237543e-12
1.940725e-12
2.251088e-12
1.958989e-12
2.263856e-12
1.976364e-12
2.276845e-12
1.993572e-12
2.289391e-12
2.010503e-12
2.301603e-12
2.026435e-12
2.313150e-12
2.041478e-12
2.324585e-12
2.056244e-12
2.335632e-12
2.070788e-12
2.346678e-12
2.084610e-12
2.356670e-12
2.097544e-12
2.366718e-12
2.110256e-12
2.376377e-12
2.122469e-12
2.386091e-12
2.134404e-12
2.394751e-12
2.145395e-12
2.403078e-12
2.155942e-12
2.411404e-12
2.165601e-12
2.418898e-12
2.174871e-12
2.425726e-12
2.183309e-12
2.432332e-12
2.191081e-12
2.437772e-12
2.198020e-12
2.442879e-12
2.203904e-12
2.446710e-12
2.208789e-12
2.450318e-12
2.213230e-12
2.453371e-12
2.217282e-12
2.456368e-12
2.220724e-12
2.458700e-12
2.223555e-12
2.460643e-12
2.225775e-12
2.462031e-12
2.227551e-12
2.463030e-12
2.228773e-12
2.463418e-12
2.229217e-12
2.463252e-12
2.229106e-12
2.462752e-12
