2.244149e-12
2.477851e-12
2.243594e-12
2.476686e-12
2.241818e-12
2.475464e-12
2.239875e-12
2.473355e-12
2.237543e-12
2.471467e-12
2.234712e-12
2.468747e-12
2.231326e-12
2.466194e-12
2.227885e-12
2.463141e-12
2.223721e-12
2.459810e-12
2.219114e-12
2.455980e-12
2.214284e-12
2.452372e-12
2.209122e-12
2.448097e-12
2.203238e-12
2.443656e-12
2.197242e-12
2.438494e-12
2.190026e-12
2.433054e-12
2.182809e-12
2.427170e-12
2.174483e-12
2.420675e-12
2.165990e-12
2.413958e-12
2.156497e-12
2.406852e-12
2.146783e-12
2.398859e-12
2.136125e-12
2.390810e-12
2.125189e-12
2.381983e-12
2.113421e-12
2.373102e-12
2.100986e-12
2.363276e-12
2.087885e-12
2.353284e-12
2.074285e-12
2.342571e-12
2.059852e-12
2.331857e-12
2.045086e-12
2.320588e-12
2.029488e-12
2.309153e-12
2.013723e-12
2.297107e-12
1.997180e-12
2.284950e-12
1.979861e-12
2.271905e-12
1.961709e-12
2.258638e-12
1.943168e-12
2.244649e-12
1.923350e-12
2.230716e-12
1.903144e-12
2.215783e-12
1.882161e-12
2.201073e-12
1.860845e-12
2.185530e-12
1.838418e-12
2.170042e-12
1.815659e-12
2.153944e-12
1.791900e-12
2.137734e-12
1.767808e-12
2.121192e-12
1.742884e-12
2.104705e-12
1.717404e-12
2.087885e-12
1.691147e-12
2.070899e-12
1.664613e-12
2.053802e-12
1.637190e-12
2.036593e-12
1.609157e-12
2.019107e-12
1.579958e-12
2.001455e-12
1.550371e-12
1.983747e-12
1.519840e-12
1.966205e-12
1.488754e-12
1.948497e-12
1.456890e-12
1.931288e-12
1.424583e-12
1.914136e-12
1.391609e-12
1.897371e-12
1.357969e-12
1.880884e-12
1.323663e-12
1.865008e-12
1.288747e-12
1.849410e-12
1.253109e-12
1.834755e-12
1.217026e-12
1.820655e-12
1.179945e-12
1.807332e-12
1.142308e-12
1.794453e-12
1.103728e-12
1.782963e-12
1.064149e-12
1.771916e-12
1.023293e-12
1.762035e-12
9.816592e-13
1.752987e-12
9.382495e-13
1.745548e-12
8.937850e-13
1.738776e-12
8.477663e-13
1.733891e-12
8.000267e-13
1.730227e-12
7.502332e-13
1.728562e-12
6.987744e-13
1.728895e-12
6.449841e-13
1.731559e-12
5.891954e-13
1.736611e-12
5.305756e-13
1.745104e-12
4.696799e-13
1.756706e-12
4.054534e-13
1.771916e-12
3.378409e-13
1.791234e-12
2.659539e-13
1.815270e-12
1.897926e-13
1.844525e-12
1.083023e-13
1.879608e-12
2.153833e-14
1.922573e-12
-7.061018e-14
1.975919e-12
-1.655343e-13
2.045752e-12
-2.561285e-13
2.148559e-12
-3.190226e-13
2.325695e-12
-2.904899e-13
2.687850e-12
6.494805e-15
3.532286e-12
1.056266e-12
5.664857e-12
4.179213e-12
1.126982e-11
1.296763e-11
2.628220e-11
3.719436e-11
6.682543e-11
1.034279e-10
1.767224e-10
2.839020e-10
4.750852e-10
7.749754e-10
1.285682e-09
2.110423e-09
3.488592e-09
5.741209e-09
9.476099e-09
1.561149e-08
2.575107e-08
4.244263e-08
6.999012e-08
1.153783e-07
1.902432e-07
3.136394e-07
5.171234e-07
8.525700e-07
1.405673e-06
2.317534e-06
3.820991e-06
6.299702e-06
1.038644e-05
1.712420e-05
2.823276e-05
4.654705e-05
7.674085e-05
1.265179e-04
2.085757e-04
3.438366e-04
5.667644e-04
9.340930e-04
1.539126e-03
2.535059e-03
4.172744e-03
6.861119e-03
1.126195e-02
1.843314e-02
3.003199e-02
4.856815e-02
7.762946e-02
1.218529e-01
1.861838e-01
2.738850e-01
3.834335e-01
5.062497e-01
6.283162e-01
7.359454e-01
8.212736e-01
8.833970e-01
9.258759e-01
9.536909e-01
9.713908e-01
9.824501e-01
9.892814e-01
9.934713e-01
9.960300e-01
9.975883e-01
9.985358e-01
9.991114e-01
9.994609e-01
9.996729e-01
9.998016e-01
9.998797e-01
9.999270e-01
9.999557e-01
9.999731e-01
9.999837e-01
9.999901e-01
9.999940e-01
9.999964e-01
9.999978e-01
9.999987e-01
9.999992e-01
9.999995e-01
9.999997e-01
9.999998e-01
9.999999e-01
9.999999e-01
1.000000e+00
1.000000e+00
1.000000e+00
1.000000e+00
1.000000e+00
1.000000e+00
1.000000e+00
1.000000e+00
1.000000e+00
1.000000e+00
1.000000e+00
1.000000e+00
1.000000e+00
1.000000e+00
1.000000e+00
1.000000e+00
1.000000e+00
1.000000e+00
1.000000e+00
1.000000e+00
1.000000e+00
1.000000e+00
1.000000e+00
1.000000e+00
1.000000e+00
1.000000e+00
1.000000e+00
1.000000e+00
1.000000e+00
1.000000e+00
1.000000e+00
1.000000e+00
1.000000e+00
1.000000e+00
1.000000e+00
1.000000e+00
1.000000e+00
1.000000e+00
1.000000e+00
1.000000e+00
1.000000e+00
1.000000e+00
1.000000e+00
1.000000e+00
1.000000e+00
1.000000e+00
1.000000e+00
1.000000e+00
1.000000e+00
1.000000e+00
1.000000e+00
1.000000e+00
1.000000e+00
1.000000e+00
1.000000e+00
1.000000e+00
1.000000e+00
1.000000e+00
1.000000e+00
1.000000e+00
1.000000e+00
1.000000e+00
1.000000e+00
1.000000e+00
1.000000e+00
1.000000e+00
1.000000e+00
1.000000e+00
1.000000e+00
1.000000e+00
1.000000e+00
1.000000e+00
1.000000e+00
1.000000e+00
1.000000e+00
1.000000e+00
1.000000e+00
1.000000e+00
1.000000e+00
1.000000e+00
1.000000e+00
1.000000e+00
1.000000e+00
1.000000e+00
1.000000e+00
1.000000e+00
1.000000e+00
1.000000e+00
1.000000e+00
1.000000e+00
1.000000e+00
1.000000e+00
1.000000e+00
1.000000e+00
1.000000e+00
1.000000e+00
1.000000e+00
1.000000e+00
1.000000e+00
1.000000e+00
1.000000e+00
1.000000e+00
1.000000e+00
1.000000e+00
1.000000e+00
1.000000e+00
1.000000e+00
1.000000e+00
1.000000e+00
1.000000e+00
1.000000e+00
1.000000e+00
1.000000e+00
1.000000e+00
1.000000e+00
1.000000e+00
1.000000e+00
1.000000e+00
1.000000e+00
1.000000e+00
1.000000e+00
1.000000e+00
1.000000e+00
1.000000e+00
1.000000e+00
1.000000e+00
1.000000e+00
1.000000e+00
1.000000e+00
1.000000e+00
1.000000e+00
1.000000e+00
1.000000e+00
1.000000e+00
1.000000e+00
1.000000e+00
1.000000e+00
1.000000e+00
1.000000e+00
1.000000e+00
1.000000e+00
1.000000e+00
1.000000e+00
1.000000e+00
1.000000e+00
1.000000e+00
1.000000e+00
1.000000e+00
1.000000e+00
1.000000e+00
1.000000e+00
1.000000e+00
1.000000e+00
1.000000e+00
1.000000e+00
1.000000e+00
1.000000e+00
1.000000e+00
1.000000e+00
1.000000e+00
1.000000e+00
1.000000e+00
1.000000e+00
1.000000e+00
1.000000e+00
1.000000e+00
1.000000e+00
1.000000e+00
1.000000e+00
1.000000e+00
1.000000e+00
1.000000e+00
1.000000e+00
1.000000e+00
1.000000e+00
1.000000e+00
1.000000e+00
1.000000e+00
1.000000e+00
1.000000e+00
1.000000e+00
1.000000e+00
1.000000e+00
1.000000e+00
1.000000e+00
1.000000e+00
1.000000e+00
1.000000e+00
1.000000e+00
1.000000e+00
1.000000e+00
1.000000e+00
1.000000e+00
1.000000e+00
1.000000e+00
1.000000e+00
1.000000e+00
1.000000e+00
1.000000e+00
1.000000e+00
1.000000e+00
1.000000e+00
1.000000e+00
1.000000e+00
1.000000e+00
1.000000e+00
1.000000e+00
1.000000e+00
1.000000e+00
1.000000e+00
1.000000e+00
1.000000e+00
1.000000e+00
1.000000e+00
1.000000e+00
1.000000e+00
1.000000e+00
1.000000e+00
1.000000e+00
1.000000e+00
1.000000e+00
1.000000e+00
1.000000e+00
1.000000e+00
1.000000e+00
1.000000e+00
1.000000e+00
1.000000e+00
1.000000e+00
1.000000e+00
1.000000e+00
1.000000e+00
1.000000e+00
1.000000e+00
1.000000e+00
1.000000e+00
1.000000e+00
1.000000e+00
1.000000e+00
1.000000e+00
1.000000e+00
1.000000e+00
1.000000e+00
1.000000e+00
1.000000e+00
1.000000e+00
1.000000e+00
1.000000e+00
1.000000e+00
1.000000e+00
1.000000e+00
1.000000e+00
1.000000e+00
1.000000e+00
1.000000e+00
1.000000e+00
1.000000e+00
1.000000e+00
1.000000e+00
1.000000e+00
1.000000e+00
1.000000e+00
1.000000e+00
1.000000e+00
1.000000e+00
1.000000e+00
1.000000e+00
1.000000e+00
1.000000e+00
1.000000e+00
1.000000e+00
1.000000e+00
1.000000e+00
1.000000e+00
1.000000e+00
1.000000e+00
1.000000e+00
1.000000e+00
1.000000e+00
1.000000e+00
1.000000e+00
1.000000e+00
1.000000e+00
1.000000e+00
1.000000e+00
1.000000e+00
1.000000e+00
1.000000e+00
1.000000e+00
1.000000e+00
1.000000e+00
1.000000e+00
1.000000e+00
1.000000e+00
1.000000e+00
1.000000e+00
1.000000e+00
1.000000e+00
1.000000e+00
1.000000e+00
1.000000e+00
1.000000e+00
1.000000e+00
1.000000e+00
1.000000e+00
1.000000e+00
1.000000e+00
1.000000e+00
1.000000e+00
1.000000e+00
1.000000e+00
1.000000e+00
1.000000e+00
1.000000e+00
1.000000e+00
1.000000e+00
1.000000e+00
1.000000e+00
1.000000e+00
1.000000e+00
1.000000e+00
1.000000e+00
1.000000e+00
1.000000e+00
1.000000e+00
1.000000e+00
1.000000e+00
1.000000e+00
1.000000e+00
1.000000e+00
1.000000e+00
1.000000e+00
1.000000e+00
1.000000e+00
1.000000e+00
1.000000e+00
1.000000e+00
1.000000e+00
1.000000e+00
1.000000e+00
1.000000e+00
1.000000e+00
1.000000e+00
1.000000e+00
1.000000e+00
1.000000e+00
1.000000e+00
1.000000e+00
1.000000e+00
1.000000e+00
1.000000e+00
1.000000e+00
1.000000e+00
1.000000e+00
1.000000e+00
1.000000e+00
1.000000e+00
1.000000e+00
1.000000e+00
1.000000e+00
1.000000e+00
1.000000e+00
1.000000e+00
1.000000e+00
1.000000e+00
1.000000e+00
1.000000e+00
1.000000e+00
1.000000e+00
1.000000e+00
1.000000e+00
1.000000e+00
1.000000e+00
1.000000e+00
1.000000e+00
1.000000e+00
1.000000e+00
1.000000e+00
1.000000e+00
1.000000e+00
1.000000e+00
1.000000e+00
1.000000e+00
1.000000e+00
1.000000e+00
1.000000e+00
1.000000e+00
1.000000e+00
1.000000e+00
1.000000e+00
1.000000e+00
1.000000e+00
1.000000e+00
1.000000e+00
1.000000e+00
1.000000e+00
1.000000e+00
1.000000e+00
1.000000e+00
1.000000e+00
1.000000e+00
1.000000e+00
1.000000e+00
1.000000e+00
1.000000e+00
1.000000e+00
1.000000e+00
1.000000e+00
1.000000e+00
1.000000e+00
1.000000e+00
1.000000e+00
1.000000e+00
1.000000e+00
1.000000e+00
1.000000e+00
1.000000e+00
1.000000e+00
1.000000e+00
1.000000e+00
1.000000e+00
1.000000e+00
1.000000e+00
1.000000e+00
1.000000e+00
1.000000e+00
1.000000e+00
1.000000e+00
1.000000e+00
1.000000e+00
1.000000e+00
1.000000e+00
1.000000e+00
1.000000e+00
1.000000e+00
1.000000e+00
1.000000e+00
1.000000e+00
1.000000e+00
1.000000e+00
1.000000e+00
1.000000e+00
1.000000e+00
1.000000e+00
1.000000e+00
1.000000e+00
1.000000e+00
1.000000e+00
1.000000e+00
1.000000e+00
1.000000e+00
1.000000e+00
1.000000e+00
1.000000e+00
1.000000e+00
1.000000e+00
1.000000e+00
1.000000e+00
1.000000e+00
1.000000e+00
1.000000e+00
1.000000e+00
1.000000e+00
1.000000e+00
1.000000e+00
1.000000e+00
1.000000e+00
1.000000e+00
1.000000e+00
1.000000e+00
1.000000e+00
1.000000e+00
1.000000e+00
1.000000e+00
1.000000e+00
1.000000e+00
1.000000e+00
1.000000e+00
1.000000e+00
1.000000e+00
1.000000e+00
1.000000e+00
1.000000e+00
1.000000e+00
1.000000e+00
1.000000e+00
1.000000e+00
1.000000e+00
1.000000e+00
1.000000e+00
1.000000e+00
1.000000e+00
1.000000e+00
1.000000e+00
1.000000e+00
1.000000e+00
1.000000e+00
9.999999e-01
9.999999e-01
9.999998e-01
9.999997e-01
9.999995e-01
9.999992e-01
9.999987e-01
9.999978e-01
9.999964e-01
9.999940e-01
9.999901e-01
9.999837e-01
9.999731e-01
9.999557e-01
9.999270e-01
9.998797e-01
9.998016e-01
9.996729e-01
9.994609e-01
9.991114e-01
9.985358e-01
9.975883e-01
9.960300e-01
9.934713e-01
9.892814e-01
9.824501e-01
9.713908e-01
9.536909e-01
9.258759e-01
8.833970e-01
8.212736e-01
7.359454e-01
6.283162e-01
5.062497e-01
3.834335e-01
2.738850e-01
1.861838e-01
1.218529e-01
7.762946e-02
4.856815e-02
3.003199e-02
1.843314e-02
1.126195e-02
6.861119e-03
4.172744e-03
2.535059e-03
1.539126e-03
9.340930e-04
5.667644e-04
3.438366e-04
2.085757e-04
1.265179e-04
7.674085e-05
4.654705e-05
2.823276e-05
1.712420e-05
1.038644e-05
6.299702e-06
3.820991e-06
2.317534e-06
1.405673e-06
8.525700e-07
5.171234e-07
3.136394e-07
1.902432e-07
1.153783e-07
6.999014e-08
4.244264e-08
2.575109e-08
1.561151e-08
9.476117e-09
5.741228e-09
3.488613e-09
2.110445e-09
1.285705e-09
7.749995e-10
4.751106e-10
2.839285e-10
1.767501e-10
1.034568e-10
6.685535e-11
3.722511e-11
2.631406e-11
1.300071e-11
1.130374e-11
4.213796e-12
5.700052e-12
1.092348e-12
3.569034e-12
4.385381e-14
2.725820e-12
-2.517431e-13
2.365441e-12
-2.786660e-13
2.189804e-12
-2.141065e-13
2.088496e-12
-1.217915e-13
2.020273e-12
-2.498002e-14
1.968925e-12
6.872281e-14
1.927514e-12
1.568745e-13
1.893541e-12
2.396416e-13
1.865508e-12
3.168021e-13
1.842471e-12
3.892442e-13
1.823486e-12
4.571343e-13
1.808331e-12
5.211387e-13
1.796285e-12
5.816458e-13
1.787237e-12
6.388778e-13
1.780631e-12
6.933898e-13
1.776357e-12
7.452927e-13
1.774247e-12
7.950307e-13
1.774192e-12
8.427148e-13
1.775580e-12
8.882894e-13
1.778577e-12
9.324208e-13
1.782574e-12
9.747203e-13
1.788403e-12
1.015465e-12
1.794620e-12
1.054545e-12
1.801947e-12
1.093015e-12
1.810163e-12
1.129763e-12
1.819656e-12
1.165901e-12
1.829314e-12
1.200928e-12
1.840195e-12
1.235123e-12
1.851297e-12
1.268430e-12
1.863398e-12
1.301126e-12
1.875888e-12
1.333100e-12
1.889044e-12
1.364631e-12
1.902423e-12
1.395606e-12
1.917078e-12
1.426470e-12
1.931899e-12
1.456557e-12
1.947331e-12
1.486589e-12
1.962930e-12
1.516010e-12
1.979084e-12
1.544875e-12
1.995237e-12
1.573131e-12
2.011391e-12
1.600942e-12
2.027822e-12
1.627809e-12
2.044309e-12
1.654676e-12
2.060574e-12
1.680600e-12
2.077005e-12
1.706135e-12
2.092937e-12
1.730949e-12
2.108980e-12
1.754985e-12
2.124523e-12
1.778355e-12
2.140121e-12
1.801337e-12
2.155165e-12
1.823652e-12
2.170819e-12
1.845968e-12
2.185974e-12
1.867340e-12
2.201128e-12
1.888489e-12
2.215950e-12
1.909084e-12
2.230882e-12
1.929179e-12
2.244982e-12
1.948386e-12
2.259082e-12
1.967315e-12
2.272460e-12
1.985190e-12
2.285783e-12
2.002565e-12
2.298051e-12
2.019218e-12
2.310707e-12
2.035427e-12
2.322531e-12
2.051082e-12
2.334299e-12
2.066014e-12
2.345235e-12
2.080336e-12
2.356171e-12
2.094269e-12
2.366440e-12
2.107314e-12
2.376543e-12
2.120248e-12
2.386258e-12
2.132183e-12
2.395639e-12
2.143952e-12
2.404243e-12
2.154943e-12
2.413014e-12
2.165490e-12
2.420786e-12
2.175038e-12
2.428280e-12
2.184308e-12
2.435163e-12
2.192690e-12
2.441547e-12
2.200462e-12
2.447265e-12
2.207456e-12
2.452816e-12
2.214118e-12
2.457423e-12
2.219558e-12
2.461698e-12
2.224776e-12
2.465139e-12
2.229272e-12
2.468470e-12
2.232936e-12
2.471023e-12
2.236211e-12
2.473577e-12
2.239209e-12
2.475575e-12
2.241429e-12
2.477241e-12
2.243261e-12
2.477907e-12
2.244205e-12
2.478739e-12
2.244649e-12
2.478573e-12
