2.240985e-12
2.474465e-12
2.239708e-12
2.473022e-12
2.237932e-12
2.471467e-12
2.235878e-12
2.469136e-12
2.233158e-12
2.466860e-12
2.230161e-12
2.463862e-12
2.226441e-12
2.461087e-12
2.222778e-12
2.457867e-12
2.218559e-12
2.454759e-12
2.214340e-12
2.451150e-12
2.209566e-12
2.447709e-12
2.204570e-12
2.443379e-12
2.198575e-12
2.438827e-12
2.192468e-12
2.433609e-12
2.185585e-12
2.428557e-12
2.178147e-12
2.422840e-12
2.170153e-12
2.416289e-12
2.161216e-12
2.409017e-12
2.151446e-12
2.401634e-12
2.141565e-12
2.393641e-12
2.130740e-12
2.385536e-12
2.119749e-12
2.376266e-12
2.107814e-12
2.367329e-12
2.095379e-12
2.357725e-12
2.082279e-12
2.348011e-12
2.068790e-12
2.337519e-12
2.054412e-12
2.326694e-12
2.039702e-12
2.315148e-12
2.024103e-12
2.303491e-12
2.008171e-12
2.291556e-12
1.991740e-12
2.279621e-12
1.974643e-12
2.266964e-12
1.956879e-12
2.253864e-12
1.938172e-12
2.239875e-12
1.918576e-12
2.225886e-12
1.898481e-12
2.211009e-12
1.877554e-12
2.196410e-12
1.856237e-12
2.180922e-12
1.833866e-12
2.165268e-12
1.811162e-12
2.149614e-12
1.787737e-12
2.133904e-12
1.764144e-12
2.117584e-12
1.739442e-12
2.101375e-12
1.714406e-12
2.084832e-12
1.688316e-12
2.068012e-12
1.662059e-12
2.051193e-12
1.634859e-12
2.034373e-12
1.606715e-12
2.017164e-12
1.577960e-12
1.999512e-12
1.548095e-12
1.981526e-12
1.517508e-12
1.963874e-12
1.486367e-12
1.946221e-12
1.454559e-12
1.928957e-12
1.422196e-12
1.911415e-12
1.389222e-12
1.894929e-12
1.355804e-12
1.878664e-12
1.321721e-12
1.863121e-12
1.286860e-12
1.847633e-12
1.251388e-12
1.833145e-12
1.215417e-12
1.818934e-12
1.178502e-12
1.805667e-12
1.140810e-12
1.792844e-12
1.102174e-12
1.781242e-12
1.062483e-12
1.770362e-12
1.021627e-12
1.760148e-12
9.794943e-13
1.750933e-12
9.359735e-13
1.742828e-12
8.912315e-13
1.736111e-12
8.448242e-13
1.730838e-12
7.969181e-13
1.727007e-12
7.472356e-13
1.725509e-12
6.958878e-13
1.725842e-12
6.424306e-13
1.729061e-12
5.868084e-13
1.734390e-12
5.284662e-13
1.742995e-12
4.676814e-13
1.754485e-12
4.032885e-13
1.769696e-12
3.357314e-13
1.789235e-12
2.639000e-13
1.813272e-12
1.877387e-13
1.842582e-12
1.065259e-13
1.877942e-12
1.959544e-14
1.920353e-12
-7.283063e-14
1.973366e-12
-1.678657e-13
2.043365e-12
-2.586820e-13
2.146172e-12
-3.215761e-13
2.322920e-12
-2.930989e-13
2.685185e-12
3.941292e-15
3.529843e-12
1.053879e-12
5.662582e-12
4.176881e-12
1.126771e-11
1.296518e-11
2.627976e-11
3.719169e-11
6.682288e-11
1.034253e-10
1.767196e-10
2.838992e-10
4.750822e-10
7.749726e-10
1.285679e-09
2.110420e-09
3.488590e-09
5.741206e-09
9.476096e-09
1.561149e-08
2.575107e-08
4.244262e-08
6.999012e-08
1.153783e-07
1.902432e-07
3.136394e-07
5.171234e-07
8.525700e-07
1.405673e-06
2.317534e-06
3.820991e-06
6.299702e-06
1.038644e-05
1.712420e-05
2.823276e-05
4.654705e-05
7.674085e-05
1.265179e-04
2.085757e-04
3.438366e-04
5.667644e-04
9.340930e-04
1.539126e-03
2.535059e-03
4.172744e-03
6.861119e-03
1.126195e-02
1.843314e-02
3.003199e-02
4.856815e-02
7.762946e-02
1.218529e-01
1.861838e-01
2.738850e-01
3.834335e-01
5.062497e-01
6.283162e-01
7.359454e-01
8.212736e-01
8.833970e-01
9.258759e-01
9.536909e-01
9.713908e-01
9.824501e-01
9.892814e-01
9.934713e-01
9.960300e-01
9.975883e-01
9.985358e-01
9.991114e-01
9.994609e-01
9.996729e-01
9.998016e-01
9.998797e-01
9.999270e-01
9.999557e-01
9.999731e-01
9.999837e-01
9.999901e-01
9.999940e-01
9.999964e-01
9.999978e-01
9.999987e-01
9.999992e-01
9.999995e-01
9.999997e-01
9.999998e-01
9.999999e-01
9.999999e-01
1.000000e+00
1.000000e+00
1.000000e+00
1.000000e+00
1.000000e+00
1.000000e+00
1.000000e+00
1.000000e+00
1.000000e+00
1.000000e+00
1.000000e+00
1.000000e+00
1.000000e+00
1.000000e+00
1.000000e+00
1.000000e+00
1.000000e+00
1.000000e+00
1.000000e+00
1.000000e+00
1.000000e+00
1.000000e+00
1.000000e+00
1.000000e+00
1.000000e+00
1.000000e+00
1.000000e+00
1.000000e+00
1.000000e+00
1.000000e+00
1.000000e+00
1.000000e+00
1.000000e+00
1.000000e+00
1.000000e+00
1.000000e+00
1.000000e+00
1.000000e+00
1.000000e+00
1.000000e+00
1.000000e+00
1.000000e+00
1.000000e+00
1.000000e+00
1.000000e+00
1.000000e+00
1.000000e+00
1.000000e+00
1.000000e+00
1.000000e+00
1.000000e+00
1.000000e+00
1.000000e+00
1.000000e+00
1.000000e+00
1.000000e+00
1.000000e+00
1.000000e+00
1.000000e+00
1.000000e+00
1.000000e+00
1.000000e+00
1.000000e+00
1.000000e+00
1.000000e+00
1.000000e+00
1.000000e+00
1.000000e+00
1.000000e+00
1.000000e+00
1.000000e+00
1.000000e+00
1.000000e+00
1.000000e+00
1.000000e+00
1.000000e+00
1.000000e+00
1.000000e+00
1.000000e+00
1.000000e+00
1.000000e+00
1.000000e+00
1.000000e+00
1.000000e+00
1.000000e+00
1.000000e+00
1.000000e+00
1.000000e+00
1.000000e+00
1.000000e+00
1.000000e+00
1.000000e+00
1.000000e+00
1.000000e+00
1.000000e+00
1.000000e+00
1.000000e+00
1.000000e+00
1.000000e+00
1.000000e+00
1.000000e+00
1.000000e+00
1.000000e+00
1.000000e+00
1.000000e+00
1.000000e+00
1.000000e+00
1.000000e+00
1.000000e+00
1.000000e+00
1.000000e+00
1.000000e+00
1.000000e+00
1.000000e+00
1.000000e+00
1.000000e+00
1.000000e+00
1.000000e+00
1.000000e+00
1.000000e+00
1.000000e+00
1.000000e+00
1.000000e+00
1.000000e+00
1.000000e+00
1.000000e+00
1.000000e+00
1.000000e+00
1.000000e+00
1.000000e+00
1.000000e+00
1.000000e+00
1.000000e+00
1.000000e+00
1.000000e+00
1.000000e+00
1.000000e+00
1.000000e+00
1.000000e+00
1.000000e+00
1.000000e+00
1.000000e+00
1.000000e+00
1.000000e+00
1.000000e+00
1.000000e+00
1.000000e+00
1.000000e+00
1.000000e+00
1.000000e+00
1.000000e+00
1.000000e+00
1.000000e+00
1.000000e+00
1.000000e+00
1.000000e+00
1.000000e+00
1.000000e+00
1.000000e+00
1.000000e+00
1.000000e+00
1.000000e+00
1.000000e+00
1.000000e+00
1.000000e+00
1.000000e+00
1.000000e+00
1.000000e+00
1.000000e+00
1.000000e+00
1.000000e+00
1.000000e+00
1.000000e+00
1.000000e+00
1.000000e+00
1.000000e+00
1.000000e+00
1.000000e+00
1.000000e+00
1.000000e+00
1.000000e+00
1.000000e+00
1.000000e+00
1.000000e+00
1.000000e+00
1.000000e+00
1.000000e+00
1.000000e+00
1.000000e+00
1.000000e+00
1.000000e+00
1.000000e+00
1.000000e+00
1.000000e+00
1.000000e+00
1.000000e+00
1.000000e+00
1.000000e+00
1.000000e+00
1.000000e+00
1.000000e+00
1.000000e+00
1.000000e+00
1.000000e+00
1.000000e+00
1.000000e+00
1.000000e+00
1.000000e+00
1.000000e+00
1.000000e+00
1.000000e+00
1.000000e+00
1.000000e+00
1.000000e+00
1.000000e+00
1.000000e+00
1.000000e+00
1.000000e+00
1.000000e+00
1.000000e+00
1.000000e+00
1.000000e+00
1.000000e+00
1.000000e+00
1.000000e+00
1.000000e+00
1.000000e+00
1.000000e+00
1.000000e+00
1.000000e+00
1.000000e+00
1.000000e+00
1.000000e+00
1.000000e+00
1.000000e+00
1.000000e+00
1.000000e+00
1.000000e+00
1.000000e+00
1.000000e+00
1.000000e+00
1.000000e+00
1.000000e+00
1.000000e+00
1.000000e+00
1.000000e+00
1.000000e+00
1.000000e+00
1.000000e+00
1.000000e+00
1.000000e+00
1.000000e+00
1.000000e+00
1.000000e+00
1.000000e+00
1.000000e+00
1.000000e+00
1.000000e+00
1.000000e+00
1.000000e+00
1.000000e+00
1.000000e+00
1.000000e+00
1.000000e+00
1.000000e+00
1.000000e+00
1.000000e+00
1.000000e+00
1.000000e+00
1.000000e+00
1.000000e+00
1.000000e+00
1.000000e+00
1.000000e+00
1.000000e+00
1.000000e+00
1.000000e+00
1.000000e+00
1.000000e+00
1.000000e+00
1.000000e+00
1.000000e+00
1.000000e+00
1.000000e+00
1.000000e+00
1.000000e+00
1.000000e+00
1.000000e+00
1.000000e+00
1.000000e+00
1.000000e+00
1.000000e+00
1.000000e+00
1.000000e+00
1.000000e+00
1.000000e+00
1.000000e+00
1.000000e+00
1.000000e+00
1.000000e+00
1.000000e+00
1.000000e+00
1.000000e+00
1.000000e+00
1.000000e+00
1.000000e+00
1.000000e+00
1.000000e+00
1.000000e+00
1.000000e+00
1.000000e+00
1.000000e+00
1.000000e+00
1.000000e+00
1.000000e+00
1.000000e+00
1.000000e+00
1.000000e+00
1.000000e+00
1.000000e+00
1.000000e+00
1.000000e+00
1.000000e+00
1.000000e+00
1.000000e+00
1.000000e+00
1.000000e+00
1.000000e+00
1.000000e+00
1.000000e+00
1.000000e+00
1.000000e+00
1.000000e+00
1.000000e+00
1.000000e+00
1.000000e+00
1.000000e+00
1.000000e+00
1.000000e+00
1.000000e+00
1.000000e+00
1.000000e+00
1.000000e+00
1.000000e+00
1.000000e+00
1.000000e+00
1.000000e+00
1.000000e+00
1.000000e+00
1.000000e+00
1.000000e+00
1.000000e+00
1.000000e+00
1.000000e+00
1.000000e+00
1.000000e+00
1.000000e+00
1.000000e+00
1.000000e+00
1.000000e+00
1.000000e+00
1.000000e+00
1.000000e+00
1.000000e+00
1.000000e+00
1.000000e+00
1.000000e+00
1.000000e+00
1.000000e+00
1.000000e+00
1.000000e+00
1.000000e+00
1.000000e+00
1.000000e+00
1.000000e+00
1.000000e+00
1.000000e+00
1.000000e+00
1.000000e+00
1.000000e+00
1.000000e+00
1.000000e+00
1.000000e+00
1.000000e+00
1.000000e+00
1.000000e+00
1.000000e+00
1.000000e+00
1.000000e+00
1.000000e+00
1.000000e+00
1.000000e+00
1.000000e+00
1.000000e+00
1.000000e+00
1.000000e+00
1.000000e+00
1.000000e+00
1.000000e+00
1.000000e+00
1.000000e+00
1.000000e+00
1.000000e+00
1.000000e+00
1.000000e+00
1.000000e+00
1.000000e+00
1.000000e+00
1.000000e+00
1.000000e+00
1.000000e+00
1.000000e+00
1.000000e+00
1.000000e+00
1.000000e+00
1.000000e+00
1.000000e+00
1.000000e+00
1.000000e+00
1.000000e+00
1.000000e+00
1.000000e+00
1.000000e+00
1.000000e+00
1.000000e+00
1.000000e+00
1.000000e+00
1.000000e+00
1.000000e+00
1.000000e+00
1.000000e+00
1.000000e+00
1.000000e+00
1.000000e+00
1.000000e+00
1.000000e+00
1.000000e+00
1.000000e+00
1.000000e+00
1.000000e+00
1.000000e+00
1.000000e+00
1.000000e+00
1.000000e+00
1.000000e+00
1.000000e+00
1.000000e+00
1.000000e+00
1.000000e+00
1.000000e+00
1.000000e+00
1.000000e+00
1.000000e+00
1.000000e+00
1.000000e+00
1.000000e+00
1.000000e+00
1.000000e+00
1.000000e+00
1.000000e+00
1.000000e+00
1.000000e+00
1.000000e+00
1.000000e+00
1.000000e+00
1.000000e+00
1.000000e+00
1.000000e+00
1.000000e+00
1.000000e+00
1.000000e+00
1.000000e+00
1.000000e+00
1.000000e+00
1.000000e+00
1.000000e+00
1.000000e+00
1.000000e+00
1.000000e+00
1.000000e+00
1.000000e+00
1.000000e+00
1.000000e+00
1.000000e+00
1.000000e+00
1.000000e+00
1.000000e+00
1.000000e+00
1.000000e+00
1.000000e+00
1.000000e+00
1.000000e+00
1.000000e+00
1.000000e+00
1.000000e+00
1.000000e+00
1.000000e+00
9.999999e-01
9.999999e-01
9.999998e-01
9.999997e-01
9.999995e-01
9.999992e-01
9.999987e-01
9.999978e-01
9.999964e-01
9.999940e-01
9.999901e-01
9.999837e-01
9.999731e-01
9.999557e-01
9.999270e-01
9.998797e-01
9.998016e-01
9.996729e-01
9.994609e-01
9.991114e-01
9.985358e-01
9.975883e-01
9.960300e-01
9.934713e-01
9.892814e-01
9.824501e-01
9.713908e-01
9.536909e-01
9.258759e-01
8.833970e-01
8.212736e-01
7.359454e-01
6.283162e-01
5.062497e-01
3.834335e-01
2.738850e-01
1.861838e-01
1.218529e-01
7.762946e-02
4.856815e-02
3.003199e-02
1.843314e-02
1.126195e-02
6.861119e-03
4.172744e-03
2.535059e-03
1.539126e-03
9.340930e-04
5.667644e-04
3.438366e-04
2.085757e-04
1.265179e-04
7.674085e-05
4.654705e-05
2.823276e-05
1.712420e-05
1.038644e-05
6.299702e-06
3.820991e-06
2.317534e-06
1.405673e-06
8.525700e-07
5.171234e-07
3.136394e-07
1.902432e-07
1.153783e-07
6.999014e-08
4.244264e-08
2.575109e-08
1.561151e-08
9.476116e-09
5.741228e-09
3.488613e-09
2.110444e-09
1.285705e-09
7.749988e-10
4.751098e-10
2.839278e-10
1.767492e-10
1.034560e-10
6.685463e-11
3.722450e-11
2.631334e-11
1.299993e-11
1.130301e-11
4.213241e-12
5.699885e-12
1.092237e-12
3.569256e-12
4.413137e-14
2.726208e-12
-2.512990e-13
2.365941e-12
-2.780554e-13
2.190470e-12
-2.132738e-13
2.089440e-12
-1.206812e-13
2.021439e-12
-2.370326e-14
1.970368e-12
7.011058e-14
1.929290e-12
1.587619e-13
1.895706e-12
2.414735e-13
1.867395e-12
3.186895e-13
1.844469e-12
3.911871e-13
1.825540e-12
4.591882e-13
1.810441e-12
5.232481e-13
1.798062e-12
5.836442e-13
1.789124e-12
6.409318e-13
1.782463e-12
6.953327e-13
1.778300e-12
7.470691e-13
1.775913e-12
7.965295e-13
1.775635e-12
8.439915e-13
1.776634e-12
8.894552e-13
1.779521e-12
9.333645e-13
1.783407e-12
9.754975e-13
1.789069e-12
1.016354e-12
1.795619e-12
1.055711e-12
1.803002e-12
1.093681e-12
1.810996e-12
1.130152e-12
1.819711e-12
1.166012e-12
1.829425e-12
1.200873e-12
1.840084e-12
1.235068e-12
1.851130e-12
1.268374e-12
1.863343e-12
1.301070e-12
1.875888e-12
1.333267e-12
1.889378e-12
1.364964e-12
1.903033e-12
1.396050e-12
1.917577e-12
1.427025e-12
1.932288e-12
1.457057e-12
1.947609e-12
1.486866e-12
1.963207e-12
1.516343e-12
1.979528e-12
1.545153e-12
1.995737e-12
1.573741e-12
2.012335e-12
1.601330e-12
2.028155e-12
1.628031e-12
2.044254e-12
1.654676e-12
2.060352e-12
1.680267e-12
2.076561e-12
1.705525e-12
2.092104e-12
1.730227e-12
2.107925e-12
1.754041e-12
2.123579e-12
1.777467e-12
2.139344e-12
1.800338e-12
2.154277e-12
1.822542e-12
2.169542e-12
1.844414e-12
2.184364e-12
1.865674e-12
2.199130e-12
1.886546e-12
2.213729e-12
1.907030e-12
2.228551e-12
1.926959e-12
2.242817e-12
1.946221e-12
2.256695e-12
1.964762e-12
2.270018e-12
1.982692e-12
2.283285e-12
2.000289e-12
2.295997e-12
2.016998e-12
2.308653e-12
2.033262e-12
2.320255e-12
2.048917e-12
2.332023e-12
2.064071e-12
2.343459e-12
2.078615e-12
2.354617e-12
2.092548e-12
2.364831e-12
2.105760e-12
2.374989e-12
2.118639e-12
2.384648e-12
2.130407e-12
2.393641e-12
2.142342e-12
2.402412e-12
2.153222e-12
2.411182e-12
2.163547e-12
2.419231e-12
2.173539e-12
2.426725e-12
2.182643e-12
2.433387e-12
2.190970e-12
2.440048e-12
2.198908e-12
2.445655e-12
2.205736e-12
2.451150e-12
2.212286e-12
2.455480e-12
2.217782e-12
2.459644e-12
2.222944e-12
2.463418e-12
2.227329e-12
2.466749e-12
2.231049e-12
2.468969e-12
2.234046e-12
2.471412e-12
2.236711e-12
2.472800e-12
2.238654e-12
2.474132e-12
2.240153e-12
2.474687e-12
2.240985e-12
2.475353e-12
2.241318e-12
2.475353e-12
