2.242317e-12
2.475797e-12
2.240930e-12
2.474243e-12
2.239209e-12
2.472467e-12
2.236822e-12
2.470413e-12
2.234490e-12
2.468248e-12
2.231493e-12
2.465583e-12
2.228440e-12
2.462863e-12
2.224665e-12
2.459921e-12
2.220668e-12
2.456979e-12
2.216449e-12
2.453371e-12
2.211786e-12
2.449596e-12
2.206457e-12
2.445377e-12
2.200795e-12
2.441269e-12
2.194245e-12
2.436162e-12
2.187805e-12
2.430833e-12
2.180256e-12
2.424672e-12
2.172262e-12
2.418177e-12
2.163048e-12
2.410960e-12
2.153777e-12
2.403355e-12
2.143397e-12
2.395306e-12
2.132960e-12
2.387479e-12
2.121581e-12
2.378431e-12
2.110034e-12
2.369493e-12
2.097822e-12
2.360001e-12
2.084777e-12
2.350620e-12
2.071510e-12
2.340239e-12
2.057854e-12
2.329803e-12
2.043143e-12
2.318923e-12
2.028377e-12
2.307932e-12
2.012335e-12
2.296108e-12
1.996348e-12
2.284228e-12
1.979195e-12
2.271461e-12
1.961376e-12
2.258416e-12
1.942724e-12
2.244593e-12
1.923572e-12
2.230660e-12
1.903422e-12
2.216227e-12
1.883049e-12
2.201961e-12
1.861733e-12
2.186751e-12
1.839973e-12
2.171707e-12
1.817435e-12
2.155942e-12
1.794398e-12
2.140510e-12
1.770639e-12
2.124412e-12
1.746159e-12
2.107869e-12
1.720568e-12
2.090828e-12
1.694644e-12
2.074285e-12
1.667444e-12
2.056855e-12
1.640188e-12
2.039480e-12
1.611600e-12
2.021772e-12
1.582678e-12
2.004064e-12
1.552591e-12
1.985745e-12
1.521838e-12
1.967759e-12
1.490086e-12
1.949663e-12
1.458222e-12
1.932454e-12
1.425637e-12
1.915135e-12
1.392830e-12
1.898481e-12
1.359246e-12
1.882217e-12
1.325162e-12
1.866896e-12
1.290634e-12
1.851630e-12
1.255440e-12
1.837142e-12
1.219636e-12
1.823319e-12
1.183165e-12
1.810330e-12
1.145362e-12
1.797895e-12
1.107225e-12
1.786404e-12
1.067535e-12
1.775358e-12
1.026734e-12
1.765366e-12
9.844348e-13
1.755929e-12
9.409695e-13
1.747658e-12
8.961165e-13
1.741163e-12
8.501533e-13
1.736389e-12
8.024137e-13
1.733058e-12
7.533973e-13
1.731726e-12
7.022161e-13
1.732614e-12
6.493139e-13
1.736167e-12
5.939693e-13
1.741773e-12
5.362377e-13
1.750600e-12
4.754530e-13
1.762257e-12
4.115042e-13
1.778078e-12
3.437250e-13
1.797507e-12
2.722267e-13
1.821376e-12
1.956768e-13
1.850242e-12
1.142419e-13
1.885214e-12
2.664535e-14
1.927236e-12
-6.589174e-14
1.979861e-12
-1.617595e-13
2.049028e-12
-2.524647e-13
2.151834e-12
-3.159695e-13
2.328804e-12
-2.872702e-13
2.690959e-12
9.769963e-15
3.535450e-12
1.059708e-12
5.668466e-12
4.182599e-12
1.127359e-11
1.297151e-11
2.628586e-11
3.719791e-11
6.682899e-11
1.034317e-10
1.767261e-10
2.839055e-10
4.750889e-10
7.749790e-10
1.285686e-09
2.110426e-09
3.488596e-09
5.741212e-09
9.476101e-09
1.561149e-08
2.575108e-08
4.244263e-08
6.999012e-08
1.153783e-07
1.902432e-07
3.136394e-07
5.171234e-07
8.525700e-07
1.405673e-06
2.317534e-06
3.820991e-06
6.299702e-06
1.038644e-05
1.712420e-05
2.823276e-05
4.654705e-05
7.674085e-05
1.265179e-04
2.085757e-04
3.438366e-04
5.667644e-04
9.340930e-04
1.539126e-03
2.535059e-03
4.172744e-03
6.861119e-03
1.126195e-02
1.843314e-02
3.003199e-02
4.856815e-02
7.762946e-02
1.218529e-01
1.861838e-01
2.738850e-01
3.834335e-01
5.062497e-01
6.283162e-01
7.359454e-01
8.212736e-01
8.833970e-01
9.258759e-01
9.536909e-01
9.713908e-01
9.824501e-01
9.892814e-01
9.934713e-01
9.960300e-01
9.975883e-01
9.985358e-01
9.991114e-01
9.994609e-01
9.996729e-01
9.998016e-01
9.998797e-01
9.999270e-01
9.999557e-01
9.999731e-01
9.999837e-01
9.999901e-01
9.999940e-01
9.999964e-01
9.999978e-01
9.999987e-01
9.999992e-01
9.999995e-01
9.999997e-01
9.999998e-01
9.999999e-01
9.999999e-01
1.000000e+00
1.000000e+00
1.000000e+00
1.000000e+00
1.000000e+00
1.000000e+00
1.000000e+00
1.000000e+00
1.000000e+00
1.000000e+00
1.000000e+00
1.000000e+00
1.000000e+00
1.000000e+00
1.000000e+00
1.000000e+00
1.000000e+00
1.000000e+00
1.000000e+00
1.000000e+00
1.000000e+00
1.000000e+00
1.000000e+00
1.000000e+00
1.000000e+00
1.000000e+00
1.000000e+00
1.000000e+00
1.000000e+00
1.000000e+00
1.000000e+00
1.000000e+00
1.000000e+00
1.000000e+00
1.000000e+00
1.000000e+00
1.000000e+00
1.000000e+00
1.000000e+00
1.000000e+00
1.000000e+00
1.000000e+00
1.000000e+00
1.000000e+00
1.000000e+00
1.000000e+00
1.000000e+00
1.000000e+00
1.000000e+00
1.000000e+00
1.000000e+00
1.000000e+00
1.000000e+00
1.000000e+00
1.000000e+00
1.000000e+00
1.000000e+00
1.000000e+00
1.000000e+00
1.000000e+00
1.000000e+00
1.000000e+00
1.000000e+00
1.000000e+00
1.000000e+00
1.000000e+00
1.000000e+00
1.000000e+00
1.000000e+00
1.000000e+00
1.000000e+00
1.000000e+00
1.000000e+00
1.000000e+00
1.000000e+00
1.000000e+00
1.000000e+00
1.000000e+00
1.000000e+00
1.000000e+00
1.000000e+00
1.000000e+00
1.000000e+00
1.000000e+00
1.000000e+00
1.000000e+00
1.000000e+00
1.000000e+00
1.000000e+00
1.000000e+00
1.000000e+00
1.000000e+00
1.000000e+00
1.000000e+00
1.000000e+00
1.000000e+00
1.000000e+00
1.000000e+00
1.000000e+00
1.000000e+00
1.000000e+00
1.000000e+00
1.000000e+00
1.000000e+00
1.000000e+00
1.000000e+00
1.000000e+00
1.000000e+00
1.000000e+00
1.000000e+00
1.000000e+00
1.000000e+00
1.000000e+00
1.000000e+00
1.000000e+00
1.000000e+00
1.000000e+00
1.000000e+00
1.000000e+00
1.000000e+00
1.000000e+00
1.000000e+00
1.000000e+00
1.000000e+00
1.000000e+00
1.000000e+00
1.000000e+00
1.000000e+00
1.000000e+00
1.000000e+00
1.000000e+00
1.000000e+00
1.000000e+00
1.000000e+00
1.000000e+00
1.000000e+00
1.000000e+00
1.000000e+00
1.000000e+00
1.000000e+00
1.000000e+00
1.000000e+00
1.000000e+00
1.000000e+00
1.000000e+00
1.000000e+00
1.000000e+00
1.000000e+00
1.000000e+00
1.000000e+00
1.000000e+00
1.000000e+00
1.000000e+00
1.000000e+00
1.000000e+00
1.000000e+00
1.000000e+00
1.000000e+00
1.000000e+00
1.000000e+00
1.000000e+00
1.000000e+00
1.000000e+00
1.000000e+00
1.000000e+00
1.000000e+00
1.000000e+00
1.000000e+00
1.000000e+00
1.000000e+00
1.000000e+00
1.000000e+00
1.000000e+00
1.000000e+00
1.000000e+00
1.000000e+00
1.000000e+00
1.000000e+00
1.000000e+00
1.000000e+00
1.000000e+00
1.000000e+00
1.000000e+00
1.000000e+00
1.000000e+00
1.000000e+00
1.000000e+00
1.000000e+00
1.000000e+00
1.000000e+00
1.000000e+00
1.000000e+00
1.000000e+00
1.000000e+00
1.000000e+00
1.000000e+00
1.000000e+00
1.000000e+00
1.000000e+00
1.000000e+00
1.000000e+00
1.000000e+00
1.000000e+00
1.000000e+00
1.000000e+00
1.000000e+00
1.000000e+00
1.000000e+00
1.000000e+00
1.000000e+00
1.000000e+00
1.000000e+00
1.000000e+00
1.000000e+00
1.000000e+00
1.000000e+00
1.000000e+00
1.000000e+00
1.000000e+00
1.000000e+00
1.000000e+00
1.000000e+00
1.000000e+00
1.000000e+00
1.000000e+00
1.000000e+00
1.000000e+00
1.000000e+00
1.000000e+00
1.000000e+00
1.000000e+00
1.000000e+00
1.000000e+00
1.000000e+00
1.000000e+00
1.000000e+00
1.000000e+00
1.000000e+00
1.000000e+00
1.000000e+00
1.000000e+00
1.000000e+00
1.000000e+00
1.000000e+00
1.000000e+00
1.000000e+00
1.000000e+00
1.000000e+00
1.000000e+00
1.000000e+00
1.000000e+00
1.000000e+00
1.000000e+00
1.000000e+00
1.000000e+00
1.000000e+00
1.000000e+00
1.000000e+00
1.000000e+00
1.000000e+00
1.000000e+00
1.000000e+00
1.000000e+00
1.000000e+00
1.000000e+00
1.000000e+00
1.000000e+00
1.000000e+00
1.000000e+00
1.000000e+00
1.000000e+00
1.000000e+00
1.000000e+00
1.000000e+00
1.000000e+00
1.000000e+00
1.000000e+00
1.000000e+00
1.000000e+00
1.000000e+00
1.000000e+00
1.000000e+00
1.000000e+00
1.000000e+00
1.000000e+00
1.000000e+00
1.000000e+00
1.000000e+00
1.000000e+00
1.000000e+00
1.000000e+00
1.000000e+00
1.000000e+00
1.000000e+00
1.000000e+00
1.000000e+00
1.000000e+00
1.000000e+00
1.000000e+00
1.000000e+00
1.000000e+00
1.000000e+00
1.000000e+00
1.000000e+00
1.000000e+00
1.000000e+00
1.000000e+00
1.000000e+00
1.000000e+00
1.000000e+00
1.000000e+00
1.000000e+00
1.000000e+00
1.000000e+00
1.000000e+00
1.000000e+00
1.000000e+00
1.000000e+00
1.000000e+00
1.000000e+00
1.000000e+00
1.000000e+00
1.000000e+00
1.000000e+00
1.000000e+00
1.000000e+00
1.000000e+00
1.000000e+00
1.000000e+00
1.000000e+00
1.000000e+00
1.000000e+00
1.000000e+00
1.000000e+00
1.000000e+00
1.000000e+00
1.000000e+00
1.000000e+00
1.000000e+00
1.000000e+00
1.000000e+00
1.000000e+00
1.000000e+00
1.000000e+00
1.000000e+00
1.000000e+00
1.000000e+00
1.000000e+00
1.000000e+00
1.000000e+00
1.000000e+00
1.000000e+00
1.000000e+00
1.000000e+00
1.000000e+00
1.000000e+00
1.000000e+00
1.000000e+00
1.000000e+00
1.000000e+00
1.000000e+00
1.000000e+00
1.000000e+00
1.000000e+00
1.000000e+00
1.000000e+00
1.000000e+00
1.000000e+00
1.000000e+00
1.000000e+00
1.000000e+00
1.000000e+00
1.000000e+00
1.000000e+00
1.000000e+00
1.000000e+00
1.000000e+00
1.000000e+00
1.000000e+00
1.000000e+00
1.000000e+00
1.000000e+00
1.000000e+00
1.000000e+00
1.000000e+00
1.000000e+00
1.000000e+00
1.000000e+00
1.000000e+00
1.000000e+00
1.000000e+00
1.000000e+00
1.000000e+00
1.000000e+00
1.000000e+00
1.000000e+00
1.000000e+00
1.000000e+00
1.000000e+00
1.000000e+00
1.000000e+00
1.000000e+00
1.000000e+00
1.000000e+00
1.000000e+00
1.000000e+00
1.000000e+00
1.000000e+00
1.000000e+00
1.000000e+00
1.000000e+00
1.000000e+00
1.000000e+00
1.000000e+00
1.000000e+00
1.000000e+00
1.000000e+00
1.000000e+00
1.000000e+00
1.000000e+00
1.000000e+00
1.000000e+00
1.000000e+00
1.000000e+00
1.000000e+00
1.000000e+00
1.000000e+00
1.000000e+00
1.000000e+00
1.000000e+00
1.000000e+00
1.000000e+00
1.000000e+00
1.000000e+00
1.000000e+00
1.000000e+00
1.000000e+00
1.000000e+00
1.000000e+00
1.000000e+00
1.000000e+00
1.000000e+00
1.000000e+00
1.000000e+00
1.000000e+00
1.000000e+00
1.000000e+00
1.000000e+00
1.000000e+00
1.000000e+00
1.000000e+00
1.000000e+00
1.000000e+00
1.000000e+00
1.000000e+00
1.000000e+00
1.000000e+00
1.000000e+00
1.000000e+00
1.000000e+00
1.000000e+00
1.000000e+00
1.000000e+00
1.000000e+00
1.000000e+00
1.000000e+00
1.000000e+00
1.000000e+00
1.000000e+00
1.000000e+00
1.000000e+00
1.000000e+00
1.000000e+00
1.000000e+00
1.000000e+00
1.000000e+00
1.000000e+00
1.000000e+00
1.000000e+00
1.000000e+00
1.000000e+00
1.000000e+00
1.000000e+00
1.000000e+00
1.000000e+00
1.000000e+00
1.000000e+00
1.000000e+00
1.000000e+00
1.000000e+00
1.000000e+00
1.000000e+00
1.000000e+00
1.000000e+00
1.000000e+00
1.000000e+00
1.000000e+00
9.999999e-01
9.999999e-01
9.999998e-01
9.999997e-01
9.999995e-01
9.999992e-01
9.999987e-01
9.999978e-01
9.999964e-01
9.999940e-01
9.999901e-01
9.999837e-01
9.999731e-01
9.999557e-01
9.999270e-01
9.998797e-01
9.998016e-01
9.996729e-01
9.994609e-01
9.991114e-01
9.985358e-01
9.975883e-01
9.960300e-01
9.934713e-01
9.892814e-01
9.824501e-01
9.713908e-01
9.536909e-01
9.258759e-01
8.833970e-01
8.212736e-01
7.359454e-01
6.283162e-01
5.062497e-01
3.834335e-01
2.738850e-01
1.861838e-01
1.218529e-01
7.762946e-02
4.856815e-02
3.003199e-02
1.843314e-02
1.126195e-02
6.861119e-03
4.172744e-03
2.535059e-03
1.539126e-03
9.340930e-04
5.667644e-04
3.438366e-04
2.085757e-04
1.265179e-04
7.674085e-05
4.654705e-05
2.823276e-05
1.712420e-05
1.038644e-05
6.299702e-06
3.820991e-06
2.317534e-06
1.405673e-06
8.525700e-07
5.171234e-07
3.136394e-07
1.902432e-07
1.153783e-07
6.999014e-08
4.244264e-08
2.575109e-08
1.561151e-08
9.476116e-09
5.741228e-09
3.488612e-09
2.110443e-09
1.285704e-09
7.749983e-10
4.751088e-10
2.839266e-10
1.767481e-10
1.034549e-10
6.685319e-11
3.722289e-11
2.631184e-11
1.299838e-11
1.130140e-11
4.211353e-12
5.697776e-12
1.090295e-12
3.567091e-12
4.191092e-14
2.724043e-12
-2.536304e-13
2.363443e-12
-2.806644e-13
2.187583e-12
-2.157718e-13
2.086775e-12
-1.239564e-13
2.018385e-12
-2.697842e-14
1.966871e-12
6.644685e-14
1.925349e-12
1.548206e-13
1.891487e-12
2.371991e-13
1.863065e-12
3.144707e-13
1.839862e-12
3.865241e-13
1.820766e-12
4.546918e-13
1.805778e-12
5.188072e-13
1.793843e-12
5.793699e-13
1.784684e-12
6.366019e-13
1.778189e-12
6.910583e-13
1.774414e-12
7.430723e-13
1.772138e-12
7.926992e-13
1.771805e-12
8.403833e-13
1.773248e-12
8.862910e-13
1.776412e-12
9.300338e-13
1.780409e-12
9.723333e-13
1.785627e-12
1.012690e-12
1.791678e-12
1.051548e-12
1.798728e-12
1.089240e-12
1.806444e-12
1.125822e-12
1.815048e-12
1.161182e-12
1.824763e-12
1.196321e-12
1.835476e-12
1.230405e-12
1.846800e-12
1.264100e-12
1.858902e-12
1.297074e-12
1.871892e-12
1.329603e-12
1.885880e-12
1.361633e-12
1.899869e-12
1.393219e-12
1.914580e-12
1.424139e-12
1.929679e-12
1.454725e-12
1.945666e-12
1.484812e-12
1.961764e-12
1.514733e-12
1.977862e-12
1.543654e-12
1.994016e-12
1.572187e-12
2.010503e-12
1.599720e-12
2.026546e-12
1.626976e-12
2.042810e-12
1.653067e-12
2.058798e-12
1.679212e-12
2.075395e-12
1.704581e-12
2.091327e-12
1.729450e-12
2.107259e-12
1.753431e-12
2.122857e-12
1.776912e-12
2.138845e-12
1.799672e-12
2.153777e-12
1.822098e-12
2.168710e-12
1.843636e-12
2.183476e-12
1.864897e-12
2.198408e-12
1.885325e-12
2.212674e-12
1.905642e-12
2.226996e-12
1.925071e-12
2.240708e-12
1.943889e-12
2.254141e-12
1.961986e-12
2.267020e-12
1.979639e-12
2.279676e-12
1.996514e-12
2.292055e-12
2.013223e-12
2.304545e-12
2.029044e-12
2.316092e-12
2.044587e-12
2.327472e-12
2.059353e-12
2.338629e-12
2.073952e-12
2.349898e-12
2.087830e-12
2.360334e-12
2.101153e-12
2.370271e-12
2.113698e-12
2.379485e-12
2.125911e-12
2.389144e-12
2.137179e-12
2.397915e-12
2.148670e-12
2.406630e-12
2.159106e-12
2.414513e-12
2.169043e-12
2.422285e-12
2.178313e-12
2.428946e-12
2.186862e-12
2.435607e-12
2.194467e-12
2.441491e-12
2.202016e-12
2.447376e-12
2.208678e-12
2.452261e-12
2.214895e-12
2.456813e-12
2.220168e-12
2.460754e-12
2.225053e-12
2.465028e-12
2.229439e-12
2.467915e-12
2.233269e-12
2.470746e-12
2.236378e-12
2.472855e-12
2.239153e-12
2.475020e-12
2.240930e-12
2.476019e-12
2.242484e-12
2.476741e-12
2.242817e-12
2.476575e-12
