2.242651e-12
2.476186e-12
2.241429e-12
2.474798e-12
2.239986e-12
2.473355e-12
2.237821e-12
2.471356e-12
2.235656e-12
2.469303e-12
2.232659e-12
2.466694e-12
2.229439e-12
2.464084e-12
2.225664e-12
2.460865e-12
2.221612e-12
2.457534e-12
2.216727e-12
2.453593e-12
2.211675e-12
2.449596e-12
2.206013e-12
2.445211e-12
2.200462e-12
2.440603e-12
2.193801e-12
2.435163e-12
2.187195e-12
2.430001e-12
2.179368e-12
2.423728e-12
2.171319e-12
2.417400e-12
2.162492e-12
2.410128e-12
2.153000e-12
2.402967e-12
2.142675e-12
2.395140e-12
2.132627e-12
2.387202e-12
2.121636e-12
2.378542e-12
2.110145e-12
2.369993e-12
2.098044e-12
2.360445e-12
2.085221e-12
2.350786e-12
2.071898e-12
2.340350e-12
2.057798e-12
2.329748e-12
2.042977e-12
2.318645e-12
2.028044e-12
2.307321e-12
2.012168e-12
2.295386e-12
1.995959e-12
2.283673e-12
1.978750e-12
2.270961e-12
1.960876e-12
2.257750e-12
1.942058e-12
2.243927e-12
1.922851e-12
2.230105e-12
1.902867e-12
2.215561e-12
1.882328e-12
2.201128e-12
1.860956e-12
2.185974e-12
1.839029e-12
2.170708e-12
1.816269e-12
2.154832e-12
1.793010e-12
2.139067e-12
1.769029e-12
2.122580e-12
1.744327e-12
2.106315e-12
1.718736e-12
2.089329e-12
1.692868e-12
2.072398e-12
1.666056e-12
2.055078e-12
1.638745e-12
2.038258e-12
1.610434e-12
2.020550e-12
1.581624e-12
2.002953e-12
1.551703e-12
1.985134e-12
1.521172e-12
1.967537e-12
1.489586e-12
1.949718e-12
1.458111e-12
1.932232e-12
1.425526e-12
1.915024e-12
1.392553e-12
1.898259e-12
1.359024e-12
1.881939e-12
1.324829e-12
1.866229e-12
1.289968e-12
1.850853e-12
1.254663e-12
1.836198e-12
1.218248e-12
1.821987e-12
1.181610e-12
1.808553e-12
1.143807e-12
1.795730e-12
1.105005e-12
1.784128e-12
1.065148e-12
1.772971e-12
1.024181e-12
1.762701e-12
9.822143e-13
1.753597e-12
9.388601e-13
1.745881e-12
8.939516e-13
1.739053e-12
8.479883e-13
1.734057e-12
8.001932e-13
1.730671e-12
7.507883e-13
1.729228e-12
6.993295e-13
1.729672e-12
6.463163e-13
1.732781e-12
5.904721e-13
1.737999e-12
5.321299e-13
1.746547e-12
4.710121e-13
1.758149e-12
4.071188e-13
1.773470e-12
3.392842e-13
1.792733e-12
2.678413e-13
1.816880e-12
1.912359e-13
1.845857e-12
1.097455e-13
1.880940e-12
2.275957e-14
1.923572e-12
-6.933343e-14
1.976641e-12
-1.652012e-13
2.046141e-12
-2.555733e-13
2.148948e-12
-3.188005e-13
2.325917e-12
-2.903788e-13
2.688183e-12
6.827872e-15
3.532619e-12
1.056877e-12
5.665357e-12
4.179657e-12
1.127048e-11
1.296852e-11
2.628270e-11
3.719458e-11
6.682588e-11
1.034284e-10
1.767227e-10
2.839022e-10
4.750851e-10
7.749758e-10
1.285682e-09
2.110423e-09
3.488593e-09
5.741209e-09
9.476098e-09
1.561149e-08
2.575107e-08
4.244263e-08
6.999012e-08
1.153783e-07
1.902432e-07
3.136394e-07
5.171234e-07
8.525700e-07
1.405673e-06
2.317534e-06
3.820991e-06
6.299702e-06
1.038644e-05
1.712420e-05
2.823276e-05
4.654705e-05
7.674085e-05
1.265179e-04
2.085757e-04
3.438366e-04
5.667644e-04
9.340930e-04
1.539126e-03
2.535059e-03
4.172744e-03
6.861119e-03
1.126195e-02
1.843314e-02
3.003199e-02
4.856815e-02
7.762946e-02
1.218529e-01
1.861838e-01
2.738850e-01
3.834335e-01
5.062497e-01
6.283162e-01
7.359454e-01
8.212736e-01
8.833970e-01
9.258759e-01
9.536909e-01
9.713908e-01
9.824501e-01
9.892814e-01
9.934713e-01
9.960300e-01
9.975883e-01
9.985358e-01
9.991114e-01
9.994609e-01
9.996729e-01
9.998016e-01
9.998797e-01
9.999270e-01
9.999557e-01
9.999731e-01
9.999837e-01
9.999901e-01
9.999940e-01
9.999964e-01
9.999978e-01
9.999987e-01
9.999992e-01
9.999995e-01
9.999997e-01
9.999998e-01
9.999999e-01
9.999999e-01
1.000000e+00
1.000000e+00
1.000000e+00
1.000000e+00
1.000000e+00
1.000000e+00
1.000000e+00
1.000000e+00
1.000000e+00
1.000000e+00
1.000000e+00
1.000000e+00
1.000000e+00
1.000000e+00
1.000000e+00
1.000000e+00
1.000000e+00
1.000000e+00
1.000000e+00
1.000000e+00
1.000000e+00
1.000000e+00
1.000000e+00
1.000000e+00
1.000000e+00
1.000000e+00
1.000000e+00
1.000000e+00
1.000000e+00
1.000000e+00
1.000000e+00
1.000000e+00
1.000000e+00
1.000000e+00
1.000000e+00
1.000000e+00
1.000000e+00
1.000000e+00
1.000000e+00
1.000000e+00
1.000000e+00
1.000000e+00
1.000000e+00
1.000000e+00
1.000000e+00
1.000000e+00
1.000000e+00
1.000000e+00
1.000000e+00
1.000000e+00
1.000000e+00
1.000000e+00
1.000000e+00
1.000000e+00
1.000000e+00
1.000000e+00
1.000000e+00
1.000000e+00
1.000000e+00
1.000000e+00
1.000000e+00
1.000000e+00
1.000000e+00
1.000000e+00
1.000000e+00
1.000000e+00
1.000000e+00
1.000000e+00
1.000000e+00
1.000000e+00
1.000000e+00
1.000000e+00
1.000000e+00
1.000000e+00
1.000000e+00
1.000000e+00
1.000000e+00
1.000000e+00
1.000000e+00
1.000000e+00
1.000000e+00
1.000000e+00
1.000000e+00
1.000000e+00
1.000000e+00
1.000000e+00
1.000000e+00
1.000000e+00
1.000000e+00
1.000000e+00
1.000000e+00
1.000000e+00
1.000000e+00
1.000000e+00
1.000000e+00
1.000000e+00
1.000000e+00
1.000000e+00
1.000000e+00
1.000000e+00
1.000000e+00
1.000000e+00
1.000000e+00
1.000000e+00
1.000000e+00
1.000000e+00
1.000000e+00
1.000000e+00
1.000000e+00
1.000000e+00
1.000000e+00
1.000000e+00
1.000000e+00
1.000000e+00
1.000000e+00
1.000000e+00
1.000000e+00
1.000000e+00
1.000000e+00
1.000000e+00
1.000000e+00
1.000000e+00
1.000000e+00
1.000000e+00
1.000000e+00
1.000000e+00
1.000000e+00
1.000000e+00
1.000000e+00
1.000000e+00
1.000000e+00
1.000000e+00
1.000000e+00
1.000000e+00
1.000000e+00
1.000000e+00
1.000000e+00
1.000000e+00
1.000000e+00
1.000000e+00
1.000000e+00
1.000000e+00
1.000000e+00
1.000000e+00
1.000000e+00
1.000000e+00
1.000000e+00
1.000000e+00
1.000000e+00
1.000000e+00
1.000000e+00
1.000000e+00
1.000000e+00
1.000000e+00
1.000000e+00
1.000000e+00
1.000000e+00
1.000000e+00
1.000000e+00
1.000000e+00
1.000000e+00
1.000000e+00
1.000000e+00
1.000000e+00
1.000000e+00
1.000000e+00
1.000000e+00
1.000000e+00
1.000000e+00
1.000000e+00
1.000000e+00
1.000000e+00
1.000000e+00
1.000000e+00
1.000000e+00
1.000000e+00
1.000000e+00
1.000000e+00
1.000000e+00
1.000000e+00
1.000000e+00
1.000000e+00
1.000000e+00
1.000000e+00
1.000000e+00
1.000000e+00
1.000000e+00
1.000000e+00
1.000000e+00
1.000000e+00
1.000000e+00
1.000000e+00
1.000000e+00
1.000000e+00
1.000000e+00
1.000000e+00
1.000000e+00
1.000000e+00
1.000000e+00
1.000000e+00
1.000000e+00
1.000000e+00
1.000000e+00
1.000000e+00
1.000000e+00
1.000000e+00
1.000000e+00
1.000000e+00
1.000000e+00
1.000000e+00
1.000000e+00
1.000000e+00
1.000000e+00
1.000000e+00
1.000000e+00
1.000000e+00
1.000000e+00
1.000000e+00
1.000000e+00
1.000000e+00
1.000000e+00
1.000000e+00
1.000000e+00
1.000000e+00
1.000000e+00
1.000000e+00
1.000000e+00
1.000000e+00
1.000000e+00
1.000000e+00
1.000000e+00
1.000000e+00
1.000000e+00
1.000000e+00
1.000000e+00
1.000000e+00
1.000000e+00
1.000000e+00
1.000000e+00
1.000000e+00
1.000000e+00
1.000000e+00
1.000000e+00
1.000000e+00
1.000000e+00
1.000000e+00
1.000000e+00
1.000000e+00
1.000000e+00
1.000000e+00
1.000000e+00
1.000000e+00
1.000000e+00
1.000000e+00
1.000000e+00
1.000000e+00
1.000000e+00
1.000000e+00
1.000000e+00
1.000000e+00
1.000000e+00
1.000000e+00
1.000000e+00
1.000000e+00
1.000000e+00
1.000000e+00
1.000000e+00
1.000000e+00
1.000000e+00
1.000000e+00
1.000000e+00
1.000000e+00
1.000000e+00
1.000000e+00
1.000000e+00
1.000000e+00
1.000000e+00
1.000000e+00
1.000000e+00
1.000000e+00
1.000000e+00
1.000000e+00
1.000000e+00
1.000000e+00
1.000000e+00
1.000000e+00
1.000000e+00
1.000000e+00
1.000000e+00
1.000000e+00
1.000000e+00
1.000000e+00
1.000000e+00
1.000000e+00
1.000000e+00
1.000000e+00
1.000000e+00
1.000000e+00
1.000000e+00
1.000000e+00
1.000000e+00
1.000000e+00
1.000000e+00
1.000000e+00
1.000000e+00
1.000000e+00
1.000000e+00
1.000000e+00
1.000000e+00
1.000000e+00
1.000000e+00
1.000000e+00
1.000000e+00
1.000000e+00
1.000000e+00
1.000000e+00
1.000000e+00
1.000000e+00
1.000000e+00
1.000000e+00
1.000000e+00
1.000000e+00
1.000000e+00
1.000000e+00
1.000000e+00
1.000000e+00
1.000000e+00
1.000000e+00
1.000000e+00
1.000000e+00
1.000000e+00
1.000000e+00
1.000000e+00
1.000000e+00
1.000000e+00
1.000000e+00
1.000000e+00
1.000000e+00
1.000000e+00
1.000000e+00
1.000000e+00
1.000000e+00
1.000000e+00
1.000000e+00
1.000000e+00
1.000000e+00
1.000000e+00
1.000000e+00
1.000000e+00
1.000000e+00
1.000000e+00
1.000000e+00
1.000000e+00
1.000000e+00
1.000000e+00
1.000000e+00
1.000000e+00
1.000000e+00
1.000000e+00
1.000000e+00
1.000000e+00
1.000000e+00
1.000000e+00
1.000000e+00
1.000000e+00
1.000000e+00
1.000000e+00
1.000000e+00
1.000000e+00
1.000000e+00
1.000000e+00
1.000000e+00
1.000000e+00
1.000000e+00
1.000000e+00
1.000000e+00
1.000000e+00
1.000000e+00
1.000000e+00
1.000000e+00
1.000000e+00
1.000000e+00
1.000000e+00
1.000000e+00
1.000000e+00
1.000000e+00
1.000000e+00
1.000000e+00
1.000000e+00
1.000000e+00
1.000000e+00
1.000000e+00
1.000000e+00
1.000000e+00
1.000000e+00
1.000000e+00
1.000000e+00
1.000000e+00
1.000000e+00
1.000000e+00
1.000000e+00
1.000000e+00
1.000000e+00
1.000000e+00
1.000000e+00
1.000000e+00
1.000000e+00
1.000000e+00
1.000000e+00
1.000000e+00
1.000000e+00
1.000000e+00
1.000000e+00
1.000000e+00
1.000000e+00
1.000000e+00
1.000000e+00
1.000000e+00
1.000000e+00
1.000000e+00
1.000000e+00
1.000000e+00
1.000000e+00
1.000000e+00
1.000000e+00
1.000000e+00
1.000000e+00
1.000000e+00
1.000000e+00
1.000000e+00
1.000000e+00
1.000000e+00
1.000000e+00
1.000000e+00
1.000000e+00
1.000000e+00
1.000000e+00
1.000000e+00
1.000000e+00
1.000000e+00
1.000000e+00
1.000000e+00
1.000000e+00
1.000000e+00
1.000000e+00
1.000000e+00
1.000000e+00
1.000000e+00
1.000000e+00
1.000000e+00
1.000000e+00
1.000000e+00
1.000000e+00
1.000000e+00
1.000000e+00
1.000000e+00
1.000000e+00
1.000000e+00
1.000000e+00
1.000000e+00
1.000000e+00
1.000000e+00
1.000000e+00
1.000000e+00
1.000000e+00
1.000000e+00
1.000000e+00
1.000000e+00
1.000000e+00
1.000000e+00
1.000000e+00
1.000000e+00
1.000000e+00
1.000000e+00
1.000000e+00
1.000000e+00
1.000000e+00
1.000000e+00
1.000000e+00
1.000000e+00
1.000000e+00
1.000000e+00
1.000000e+00
1.000000e+00
1.000000e+00
1.000000e+00
1.000000e+00
1.000000e+00
1.000000e+00
1.000000e+00
1.000000e+00
1.000000e+00
1.000000e+00
1.000000e+00
1.000000e+00
1.000000e+00
1.000000e+00
9.999999e-01
9.999999e-01
9.999998e-01
9.999997e-01
9.999995e-01
9.999992e-01
9.999987e-01
9.999978e-01
9.999964e-01
9.999940e-01
9.999901e-01
9.999837e-01
9.999731e-01
9.999557e-01
9.999270e-01
9.998797e-01
9.998016e-01
9.996729e-01
9.994609e-01
9.991114e-01
9.985358e-01
9.975883e-01
9.960300e-01
9.934713e-01
9.892814e-01
9.824501e-01
9.713908e-01
9.536909e-01
9.258759e-01
8.833970e-01
8.212736e-01
7.359454e-01
6.283162e-01
5.062497e-01
3.834335e-01
2.738850e-01
1.861838e-01
1.218529e-01
7.762946e-02
4.856815e-02
3.003199e-02
1.843314e-02
1.126195e-02
6.861119e-03
4.172744e-03
2.535059e-03
1.539126e-03
9.340930e-04
5.667644e-04
3.438366e-04
2.085757e-04
1.265179e-04
7.674085e-05
4.654705e-05
2.823276e-05
1.712420e-05
1.038644e-05
6.299702e-06
3.820991e-06
2.317534e-06
1.405673e-06
8.525700e-07
5.171234e-07
3.136394e-07
1.902432e-07
1.153783e-07
6.999014e-08
4.244264e-08
2.575109e-08
1.561151e-08
9.476117e-09
5.741229e-09
3.488614e-09
2.110445e-09
1.285706e-09
7.750003e-10
4.751111e-10
2.839289e-10
1.767505e-10
1.034574e-10
6.685580e-11
3.722556e-11
2.631434e-11
1.300104e-11
1.130407e-11
4.213907e-12
5.700440e-12
1.092793e-12
3.569534e-12
4.418688e-14
2.726264e-12
-2.514100e-13
2.365774e-12
-2.784439e-13
2.190081e-12
-2.136624e-13
2.088718e-12
-1.216804e-13
2.020217e-12
-2.492451e-14
1.968981e-12
6.866729e-14
1.927458e-12
1.568745e-13
1.893374e-12
2.394751e-13
1.865452e-12
3.168577e-13
1.842471e-12
3.889111e-13
1.823486e-12
4.571343e-13
1.808109e-12
5.209166e-13
1.796063e-12
5.813683e-13
1.786682e-12
6.383782e-13
1.780021e-12
6.927792e-13
1.775802e-12
7.446821e-13
1.773637e-12
7.944756e-13
1.773526e-12
8.418821e-13
1.774803e-12
8.877898e-13
1.777689e-12
9.315326e-13
1.781686e-12
9.736656e-13
1.787182e-12
1.014078e-12
1.793232e-12
1.053102e-12
1.800227e-12
1.091016e-12
1.808220e-12
1.127820e-12
1.817269e-12
1.163569e-12
1.827039e-12
1.198652e-12
1.837808e-12
1.232847e-12
1.849076e-12
1.266265e-12
1.861233e-12
1.298961e-12
1.873890e-12
1.331490e-12
1.887379e-12
1.362965e-12
1.900979e-12
1.394163e-12
1.915579e-12
1.424805e-12
1.930567e-12
1.455391e-12
1.945943e-12
1.485256e-12
1.961598e-12
1.514955e-12
1.977973e-12
1.543599e-12
1.994127e-12
1.572076e-12
2.010447e-12
1.599942e-12
2.026879e-12
1.627198e-12
2.043254e-12
1.653344e-12
2.059353e-12
1.679490e-12
2.075562e-12
1.704581e-12
2.091438e-12
1.729339e-12
2.107370e-12
1.753431e-12
2.122802e-12
1.776912e-12
2.138512e-12
1.799616e-12
2.153722e-12
1.822043e-12
2.168932e-12
1.843747e-12
2.183809e-12
1.865230e-12
2.198686e-12
1.886047e-12
2.213119e-12
1.906475e-12
2.227940e-12
1.926292e-12
2.241929e-12
1.945555e-12
2.255862e-12
1.963985e-12
2.268963e-12
1.982081e-12
2.282452e-12
1.999234e-12
2.294942e-12
2.016165e-12
2.307543e-12
2.032263e-12
2.319700e-12
2.048139e-12
2.331357e-12
2.063072e-12
2.342626e-12
2.077671e-12
2.353562e-12
2.091438e-12
2.363665e-12
2.104428e-12
2.373601e-12
2.116918e-12
2.383205e-12
2.129297e-12
2.392364e-12
2.140732e-12
2.401190e-12
2.152001e-12
2.410072e-12
2.162492e-12
2.418066e-12
2.172484e-12
2.425504e-12
2.181755e-12
2.432721e-12
2.190526e-12
2.439549e-12
2.198131e-12
2.445322e-12
2.205958e-12
2.450817e-12
2.212119e-12
2.455758e-12
2.218226e-12
2.460143e-12
2.223388e-12
2.463973e-12
2.227940e-12
2.467471e-12
2.231881e-12
2.470246e-12
2.235434e-12
2.472744e-12
2.237988e-12
2.474354e-12
2.240652e-12
2.476019e-12
2.241984e-12
2.476575e-12
2.242873e-12
2.477352e-12
2.243150e-12
2.477074e-12
