2.236877e-12
2.470357e-12
2.235767e-12
2.469192e-12
2.234435e-12
2.467859e-12
2.232270e-12
2.466027e-12
2.230105e-12
2.464140e-12
2.227329e-12
2.461364e-12
2.224276e-12
2.458811e-12
2.220446e-12
2.455702e-12
2.216449e-12
2.452649e-12
2.212286e-12
2.449208e-12
2.207401e-12
2.445155e-12
2.201905e-12
2.440714e-12
2.196354e-12
2.436662e-12
2.189970e-12
2.431721e-12
2.183476e-12
2.426337e-12
2.176093e-12
2.420508e-12
2.168099e-12
2.414347e-12
2.159495e-12
2.407297e-12
2.150280e-12
2.400302e-12
2.140399e-12
2.392808e-12
2.130129e-12
2.384815e-12
2.119194e-12
2.376321e-12
2.107980e-12
2.367828e-12
2.095768e-12
2.358225e-12
2.083056e-12
2.348899e-12
2.069733e-12
2.338518e-12
2.055689e-12
2.327472e-12
2.040534e-12
2.316314e-12
2.025435e-12
2.305045e-12
2.009559e-12
2.293110e-12
1.993128e-12
2.280731e-12
1.975975e-12
2.268075e-12
1.958100e-12
2.254918e-12
1.939504e-12
2.241374e-12
1.920353e-12
2.227607e-12
1.900313e-12
2.213396e-12
1.880052e-12
2.198908e-12
1.858680e-12
2.183698e-12
1.837031e-12
2.168654e-12
1.814382e-12
2.152944e-12
1.791234e-12
2.137235e-12
1.767420e-12
2.121081e-12
1.742773e-12
2.104594e-12
1.717237e-12
2.087663e-12
1.691480e-12
2.071066e-12
1.664613e-12
2.053802e-12
1.637357e-12
2.036538e-12
1.608935e-12
2.018774e-12
1.579903e-12
2.001399e-12
1.550038e-12
1.983691e-12
1.519895e-12
1.966205e-12
1.488698e-12
1.948608e-12
1.457279e-12
1.931677e-12
1.425027e-12
1.914635e-12
1.392386e-12
1.898370e-12
1.358968e-12
1.882161e-12
1.325273e-12
1.866951e-12
1.290912e-12
1.851852e-12
1.255884e-12
1.837253e-12
1.219636e-12
1.823430e-12
1.183165e-12
1.810385e-12
1.145306e-12
1.797729e-12
1.106948e-12
1.785960e-12
1.067146e-12
1.774747e-12
1.026346e-12
1.764811e-12
9.840462e-13
1.755596e-12
9.410250e-13
1.747935e-12
8.963386e-13
1.741607e-12
8.505419e-13
1.736944e-12
8.030243e-13
1.733502e-12
7.539525e-13
1.732281e-12
7.025491e-13
1.732781e-12
6.494250e-13
1.736111e-12
5.940248e-13
1.741718e-12
5.357936e-13
1.750045e-12
4.747314e-13
1.761757e-12
4.108380e-13
1.777523e-12
3.432254e-13
1.797007e-12
2.718936e-13
1.821043e-12
1.954548e-13
1.849965e-12
1.139089e-13
1.885159e-12
2.686740e-14
1.927625e-12
-6.539214e-14
1.980582e-12
-1.609268e-13
2.050415e-12
-2.513545e-13
2.153167e-12
-3.147482e-13
2.330192e-12
-2.859379e-13
2.692624e-12
1.110223e-14
3.537115e-12
1.061207e-12
5.669964e-12
4.184209e-12
1.127509e-11
1.297296e-11
2.628697e-11
3.719891e-11
6.683021e-11
1.034326e-10
1.767267e-10
2.839061e-10
4.750893e-10
7.749795e-10
1.285686e-09
2.110426e-09
3.488595e-09
5.741212e-09
9.476101e-09
1.561149e-08
2.575108e-08
4.244263e-08
6.999012e-08
1.153783e-07
1.902432e-07
3.136394e-07
5.171234e-07
8.525700e-07
1.405673e-06
2.317534e-06
3.820991e-06
6.299702e-06
1.038644e-05
1.712420e-05
2.823276e-05
4.654705e-05
7.674085e-05
1.265179e-04
2.085757e-04
3.438366e-04
5.667644e-04
9.340930e-04
1.539126e-03
2.535059e-03
4.172744e-03
6.861119e-03
1.126195e-02
1.843314e-02
3.003199e-02
4.856815e-02
7.762946e-02
1.218529e-01
1.861838e-01
2.738850e-01
3.834335e-01
5.062497e-01
6.283162e-01
7.359454e-01
8.212736e-01
8.833970e-01
9.258759e-01
9.536909e-01
9.713908e-01
9.824501e-01
9.892814e-01
9.934713e-01
9.960300e-01
9.975883e-01
9.985358e-01
9.991114e-01
9.994609e-01
9.996729e-01
9.998016e-01
9.998797e-01
9.999270e-01
9.999557e-01
9.999731e-01
9.999837e-01
9.999901e-01
9.999940e-01
9.999964e-01
9.999978e-01
9.999987e-01
9.999992e-01
9.999995e-01
9.999997e-01
9.999998e-01
9.999999e-01
9.999999e-01
1.000000e+00
1.000000e+00
1.000000e+00
1.000000e+00
1.000000e+00
1.000000e+00
1.000000e+00
1.000000e+00
1.000000e+00
1.000000e+00
1.000000e+00
1.000000e+00
1.000000e+00
1.000000e+00
1.000000e+00
1.000000e+00
1.000000e+00
1.000000e+00
1.000000e+00
1.000000e+00
1.000000e+00
1.000000e+00
1.000000e+00
1.000000e+00
1.000000e+00
1.000000e+00
1.000000e+00
1.000000e+00
1.000000e+00
1.000000e+00
1.000000e+00
1.000000e+00
1.000000e+00
1.000000e+00
1.000000e+00
1.000000e+00
1.000000e+00
1.000000e+00
1.000000e+00
1.000000e+00
1.000000e+00
1.000000e+00
1.000000e+00
1.000000e+00
1.000000e+00
1.000000e+00
1.000000e+00
1.000000e+00
1.000000e+00
1.000000e+00
1.000000e+00
1.000000e+00
1.000000e+00
1.000000e+00
1.000000e+00
1.000000e+00
1.000000e+00
1.000000e+00
1.000000e+00
1.000000e+00
1.000000e+00
1.000000e+00
1.000000e+00
1.000000e+00
1.000000e+00
1.000000e+00
1.000000e+00
1.000000e+00
1.000000e+00
1.000000e+00
1.000000e+00
1.000000e+00
1.000000e+00
1.000000e+00
1.000000e+00
1.000000e+00
1.000000e+00
1.000000e+00
1.000000e+00
1.000000e+00
1.000000e+00
1.000000e+00
1.000000e+00
1.000000e+00
1.000000e+00
1.000000e+00
1.000000e+00
1.000000e+00
1.000000e+00
1.000000e+00
1.000000e+00
1.000000e+00
1.000000e+00
1.000000e+00
1.000000e+00
1.000000e+00
1.000000e+00
1.000000e+00
1.000000e+00
1.000000e+00
1.000000e+00
1.000000e+00
1.000000e+00
1.000000e+00
1.000000e+00
1.000000e+00
1.000000e+00
1.000000e+00
1.000000e+00
1.000000e+00
1.000000e+00
1.000000e+00
1.000000e+00
1.000000e+00
1.000000e+00
1.000000e+00
1.000000e+00
1.000000e+00
1.000000e+00
1.000000e+00
1.000000e+00
1.000000e+00
1.000000e+00
1.000000e+00
1.000000e+00
1.000000e+00
1.000000e+00
1.000000e+00
1.000000e+00
1.000000e+00
1.000000e+00
1.000000e+00
1.000000e+00
1.000000e+00
1.000000e+00
1.000000e+00
1.000000e+00
1.000000e+00
1.000000e+00
1.000000e+00
1.000000e+00
1.000000e+00
1.000000e+00
1.000000e+00
1.000000e+00
1.000000e+00
1.000000e+00
1.000000e+00
1.000000e+00
1.000000e+00
1.000000e+00
1.000000e+00
1.000000e+00
1.000000e+00
1.000000e+00
1.000000e+00
1.000000e+00
1.000000e+00
1.000000e+00
1.000000e+00
1.000000e+00
1.000000e+00
1.000000e+00
1.000000e+00
1.000000e+00
1.000000e+00
1.000000e+00
1.000000e+00
1.000000e+00
1.000000e+00
1.000000e+00
1.000000e+00
1.000000e+00
1.000000e+00
1.000000e+00
1.000000e+00
1.000000e+00
1.000000e+00
1.000000e+00
1.000000e+00
1.000000e+00
1.000000e+00
1.000000e+00
1.000000e+00
1.000000e+00
1.000000e+00
1.000000e+00
1.000000e+00
1.000000e+00
1.000000e+00
1.000000e+00
1.000000e+00
1.000000e+00
1.000000e+00
1.000000e+00
1.000000e+00
1.000000e+00
1.000000e+00
1.000000e+00
1.000000e+00
1.000000e+00
1.000000e+00
1.000000e+00
1.000000e+00
1.000000e+00
1.000000e+00
1.000000e+00
1.000000e+00
1.000000e+00
1.000000e+00
1.000000e+00
1.000000e+00
1.000000e+00
1.000000e+00
1.000000e+00
1.000000e+00
1.000000e+00
1.000000e+00
1.000000e+00
1.000000e+00
1.000000e+00
1.000000e+00
1.000000e+00
1.000000e+00
1.000000e+00
1.000000e+00
1.000000e+00
1.000000e+00
1.000000e+00
1.000000e+00
1.000000e+00
1.000000e+00
1.000000e+00
1.000000e+00
1.000000e+00
1.000000e+00
1.000000e+00
1.000000e+00
1.000000e+00
1.000000e+00
1.000000e+00
1.000000e+00
1.000000e+00
1.000000e+00
1.000000e+00
1.000000e+00
1.000000e+00
1.000000e+00
1.000000e+00
1.000000e+00
1.000000e+00
1.000000e+00
1.000000e+00
1.000000e+00
1.000000e+00
1.000000e+00
1.000000e+00
1.000000e+00
1.000000e+00
1.000000e+00
1.000000e+00
1.000000e+00
1.000000e+00
1.000000e+00
1.000000e+00
1.000000e+00
1.000000e+00
1.000000e+00
1.000000e+00
1.000000e+00
1.000000e+00
1.000000e+00
1.000000e+00
1.000000e+00
1.000000e+00
1.000000e+00
1.000000e+00
1.000000e+00
1.000000e+00
1.000000e+00
1.000000e+00
1.000000e+00
1.000000e+00
1.000000e+00
1.000000e+00
1.000000e+00
1.000000e+00
1.000000e+00
1.000000e+00
1.000000e+00
1.000000e+00
1.000000e+00
1.000000e+00
1.000000e+00
1.000000e+00
1.000000e+00
1.000000e+00
1.000000e+00
1.000000e+00
1.000000e+00
1.000000e+00
1.000000e+00
1.000000e+00
1.000000e+00
1.000000e+00
1.000000e+00
1.000000e+00
1.000000e+00
1.000000e+00
1.000000e+00
1.000000e+00
1.000000e+00
1.000000e+00
1.000000e+00
1.000000e+00
1.000000e+00
1.000000e+00
1.000000e+00
1.000000e+00
1.000000e+00
1.000000e+00
1.000000e+00
1.000000e+00
1.000000e+00
1.000000e+00
1.000000e+00
1.000000e+00
1.000000e+00
1.000000e+00
1.000000e+00
1.000000e+00
1.000000e+00
1.000000e+00
1.000000e+00
1.000000e+00
1.000000e+00
1.000000e+00
1.000000e+00
1.000000e+00
1.000000e+00
1.000000e+00
1.000000e+00
1.000000e+00
1.000000e+00
1.000000e+00
1.000000e+00
1.000000e+00
1.000000e+00
1.000000e+00
1.000000e+00
1.000000e+00
1.000000e+00
1.000000e+00
1.000000e+00
1.000000e+00
1.000000e+00
1.000000e+00
1.000000e+00
1.000000e+00
1.000000e+00
1.000000e+00
1.000000e+00
1.000000e+00
1.000000e+00
1.000000e+00
1.000000e+00
1.000000e+00
1.000000e+00
1.000000e+00
1.000000e+00
1.000000e+00
1.000000e+00
1.000000e+00
1.000000e+00
1.000000e+00
1.000000e+00
1.000000e+00
1.000000e+00
1.000000e+00
1.000000e+00
1.000000e+00
1.000000e+00
1.000000e+00
1.000000e+00
1.000000e+00
1.000000e+00
1.000000e+00
1.000000e+00
1.000000e+00
1.000000e+00
1.000000e+00
1.000000e+00
1.000000e+00
1.000000e+00
1.000000e+00
1.000000e+00
1.000000e+00
1.000000e+00
1.000000e+00
1.000000e+00
1.000000e+00
1.000000e+00
1.000000e+00
1.000000e+00
1.000000e+00
1.000000e+00
1.000000e+00
1.000000e+00
1.000000e+00
1.000000e+00
1.000000e+00
1.000000e+00
1.000000e+00
1.000000e+00
1.000000e+00
1.000000e+00
1.000000e+00
1.000000e+00
1.000000e+00
1.000000e+00
1.000000e+00
1.000000e+00
1.000000e+00
1.000000e+00
1.000000e+00
1.000000e+00
1.000000e+00
1.000000e+00
1.000000e+00
1.000000e+00
1.000000e+00
1.000000e+00
1.000000e+00
1.000000e+00
1.000000e+00
1.000000e+00
1.000000e+00
1.000000e+00
1.000000e+00
1.000000e+00
1.000000e+00
1.000000e+00
1.000000e+00
1.000000e+00
1.000000e+00
1.000000e+00
1.000000e+00
1.000000e+00
1.000000e+00
1.000000e+00
1.000000e+00
1.000000e+00
1.000000e+00
1.000000e+00
1.000000e+00
1.000000e+00
1.000000e+00
1.000000e+00
1.000000e+00
1.000000e+00
1.000000e+00
1.000000e+00
1.000000e+00
1.000000e+00
1.000000e+00
1.000000e+00
1.000000e+00
1.000000e+00
1.000000e+00
1.000000e+00
1.000000e+00
1.000000e+00
1.000000e+00
1.000000e+00
1.000000e+00
1.000000e+00
1.000000e+00
1.000000e+00
1.000000e+00
1.000000e+00
1.000000e+00
1.000000e+00
1.000000e+00
1.000000e+00
1.000000e+00
1.000000e+00
1.000000e+00
1.000000e+00
1.000000e+00
1.000000e+00
1.000000e+00
1.000000e+00
1.000000e+00
1.000000e+00
1.000000e+00
1.000000e+00
1.000000e+00
9.999999e-01
9.999999e-01
9.999998e-01
9.999997e-01
9.999995e-01
9.999992e-01
9.999987e-01
9.999978e-01
9.999964e-01
9.999940e-01
9.999901e-01
9.999837e-01
9.999731e-01
9.999557e-01
9.999270e-01
9.998797e-01
9.998016e-01
9.996729e-01
9.994609e-01
9.991114e-01
9.985358e-01
9.975883e-01
9.960300e-01
9.934713e-01
9.892814e-01
9.824501e-01
9.713908e-01
9.536909e-01
9.258759e-01
8.833970e-01
8.212736e-01
7.359454e-01
6.283162e-01
5.062497e-01
3.834335e-01
2.738850e-01
1.861838e-01
1.218529e-01
7.762946e-02
4.856815e-02
3.003199e-02
1.843314e-02
1.126195e-02
6.861119e-03
4.172744e-03
2.535059e-03
1.539126e-03
9.340930e-04
5.667644e-04
3.438366e-04
2.085757e-04
1.265179e-04
7.674085e-05
4.654705e-05
2.823276e-05
1.712420e-05
1.038644e-05
6.299702e-06
3.820991e-06
2.317534e-06
1.405673e-06
8.525700e-07
5.171234e-07
3.136394e-07
1.902432e-07
1.153783e-07
6.999013e-08
4.244264e-08
2.575109e-08
1.561151e-08
9.476113e-09
5.741226e-09
3.488610e-09
2.110441e-09
1.285702e-09
7.749964e-10
4.751072e-10
2.839252e-10
1.767470e-10
1.034538e-10
6.685230e-11
3.722211e-11
2.631118e-11
1.299777e-11
1.130085e-11
4.210854e-12
5.697109e-12
1.089628e-12
3.566203e-12
4.091172e-14
2.723044e-12
-2.546852e-13
2.362277e-12
-2.819411e-13
2.186418e-12
-2.172706e-13
2.085165e-12
-1.255107e-13
2.016554e-12
-2.886580e-14
1.964595e-12
6.433742e-14
1.922962e-12
1.523781e-13
1.889044e-12
2.347567e-13
1.860734e-12
3.120837e-13
1.837641e-12
3.842482e-13
1.818656e-12
4.525269e-13
1.803557e-12
5.163092e-13
1.791511e-12
5.768719e-13
1.782408e-12
6.339929e-13
1.775691e-12
6.886713e-13
1.771694e-12
7.404632e-13
1.769307e-12
7.902012e-13
1.768918e-12
8.372747e-13
1.770029e-12
8.829049e-13
1.773026e-12
9.263701e-13
1.776856e-12
9.686141e-13
1.781797e-12
1.008749e-12
1.787737e-12
1.047828e-12
1.794787e-12
1.085354e-12
1.802447e-12
1.122102e-12
1.811662e-12
1.157963e-12
1.821654e-12
1.193379e-12
1.832645e-12
1.227629e-12
1.844025e-12
1.261380e-12
1.856182e-12
1.293743e-12
1.868616e-12
1.326161e-12
1.882106e-12
1.358080e-12
1.896261e-12
1.389167e-12
1.910527e-12
1.420086e-12
1.925460e-12
1.450617e-12
1.941447e-12
1.480427e-12
1.957268e-12
1.510403e-12
1.973255e-12
1.539047e-12
1.989575e-12
1.567635e-12
2.006173e-12
1.595502e-12
2.022382e-12
1.622813e-12
2.039036e-12
1.649292e-12
2.055522e-12
1.675549e-12
2.071732e-12
1.700640e-12
2.087663e-12
1.725731e-12
2.103873e-12
1.749600e-12
2.119194e-12
1.773248e-12
2.135181e-12
1.796230e-12
2.150224e-12
1.818545e-12
2.165046e-12
1.839751e-12
2.179701e-12
1.861011e-12
2.194245e-12
1.881273e-12
2.208678e-12
1.901590e-12
2.222666e-12
1.920908e-12
2.236267e-12
1.939782e-12
2.249978e-12
1.958100e-12
2.263023e-12
1.975808e-12
2.276124e-12
1.992795e-12
2.288780e-12
2.009781e-12
2.301048e-12
2.025657e-12
2.312817e-12
2.041256e-12
2.324418e-12
2.056022e-12
2.335299e-12
2.070566e-12
2.346345e-12
2.084277e-12
2.356559e-12
2.097378e-12
2.366107e-12
2.109368e-12
2.375211e-12
2.121470e-12
2.384537e-12
2.132738e-12
2.393252e-12
2.143841e-12
2.401523e-12
2.154110e-12
2.409406e-12
2.163880e-12
2.417067e-12
2.173095e-12
2.424061e-12
2.181810e-12
2.430722e-12
2.189804e-12
2.436940e-12
2.197298e-12
2.442713e-12
2.203904e-12
2.447653e-12
2.210176e-12
2.452427e-12
2.215561e-12
2.456257e-12
2.220613e-12
2.460476e-12
2.224998e-12
2.463363e-12
2.228828e-12
2.465861e-12
2.231326e-12
2.467804e-12
2.233880e-12
2.469691e-12
2.235434e-12
2.470579e-12
2.236877e-12
2.471023e-12
2.237099e-12
2.470968e-12
