2.235767e-12
2.469080e-12
2.234601e-12
2.468026e-12
2.233380e-12
2.466916e-12
2.231215e-12
2.464917e-12
2.229161e-12
2.462808e-12
2.226108e-12
2.460365e-12
2.223000e-12
2.458034e-12
2.219502e-12
2.454648e-12
2.215561e-12
2.451706e-12
2.211342e-12
2.448375e-12
2.206901e-12
2.444656e-12
2.201350e-12
2.440381e-12
2.195577e-12
2.435496e-12
2.188860e-12
2.430334e-12
2.181810e-12
2.424838e-12
2.174039e-12
2.418343e-12
2.165879e-12
2.411848e-12
2.157163e-12
2.405132e-12
2.148004e-12
2.397971e-12
2.137956e-12
2.390088e-12
2.127742e-12
2.381983e-12
2.116585e-12
2.373324e-12
2.104983e-12
2.364775e-12
2.092826e-12
2.355005e-12
2.079947e-12
2.345790e-12
2.066958e-12
2.335798e-12
2.053524e-12
2.325418e-12
2.038869e-12
2.314371e-12
2.023492e-12
2.303047e-12
2.007394e-12
2.291056e-12
1.991074e-12
2.278955e-12
1.973921e-12
2.265965e-12
1.956324e-12
2.253253e-12
1.938172e-12
2.240264e-12
1.919409e-12
2.226830e-12
1.899703e-12
2.212730e-12
1.879608e-12
2.198575e-12
1.858791e-12
2.183920e-12
1.837142e-12
2.168987e-12
1.814715e-12
2.153056e-12
1.791400e-12
2.137401e-12
1.767697e-12
2.121359e-12
1.743550e-12
2.105316e-12
1.718015e-12
2.088496e-12
1.692091e-12
2.071621e-12
1.665224e-12
2.054690e-12
1.637968e-12
2.037370e-12
1.609546e-12
2.019607e-12
1.580736e-12
2.002176e-12
1.550982e-12
1.984524e-12
1.520617e-12
1.967093e-12
1.489420e-12
1.949385e-12
1.457945e-12
1.931955e-12
1.425082e-12
1.914524e-12
1.391998e-12
1.897926e-12
1.358358e-12
1.881051e-12
1.323885e-12
1.865452e-12
1.289302e-12
1.850076e-12
1.254108e-12
1.835643e-12
1.218026e-12
1.821487e-12
1.181111e-12
1.807998e-12
1.143197e-12
1.795564e-12
1.104672e-12
1.783962e-12
1.064981e-12
1.772860e-12
1.024236e-12
1.762646e-12
9.823253e-13
1.753764e-12
9.392487e-13
1.746325e-12
8.944512e-13
1.739886e-12
8.487100e-13
1.734779e-12
8.009149e-13
1.731448e-12
7.516210e-13
1.730283e-12
7.004397e-13
1.730616e-12
6.472045e-13
1.733946e-12
5.918044e-13
1.739608e-12
5.340728e-13
1.748379e-12
4.730105e-13
1.760037e-12
4.090062e-13
1.775191e-12
3.408940e-13
1.794676e-12
2.692291e-13
1.818601e-12
1.926237e-13
1.847245e-12
1.110778e-13
1.882106e-12
2.381428e-14
1.924683e-12
-6.833423e-14
1.977529e-12
-1.641465e-13
2.047029e-12
-2.546852e-13
2.149558e-12
-3.180789e-13
2.326472e-12
-2.897127e-13
2.688849e-12
7.382983e-15
3.533285e-12
1.057376e-12
5.666023e-12
4.180434e-12
1.127126e-11
1.296940e-11
2.628364e-11
3.719569e-11
6.682699e-11
1.034295e-10
1.767240e-10
2.839033e-10
4.750866e-10
7.749770e-10
1.285684e-09
2.110424e-09
3.488594e-09
5.741211e-09
9.476100e-09
1.561149e-08
2.575107e-08
4.244263e-08
6.999012e-08
1.153783e-07
1.902432e-07
3.136394e-07
5.171234e-07
8.525700e-07
1.405673e-06
2.317534e-06
3.820991e-06
6.299702e-06
1.038644e-05
1.712420e-05
2.823276e-05
4.654705e-05
7.674085e-05
1.265179e-04
2.085757e-04
3.438366e-04
5.667644e-04
9.340930e-04
1.539126e-03
2.535059e-03
4.172744e-03
6.861119e-03
1.126195e-02
1.843314e-02
3.003199e-02
4.856815e-02
7.762946e-02
1.218529e-01
1.861838e-01
2.738850e-01
3.834335e-01
5.062497e-01
6.283162e-01
7.359454e-01
8.212736e-01
8.833970e-01
9.258759e-01
9.536909e-01
9.713908e-01
9.824501e-01
9.892814e-01
9.934713e-01
9.960300e-01
9.975883e-01
9.985358e-01
9.991114e-01
9.994609e-01
9.996729e-01
9.998016e-01
9.998797e-01
9.999270e-01
9.999557e-01
9.999731e-01
9.999837e-01
9.999901e-01
9.999940e-01
9.999964e-01
9.999978e-01
9.999987e-01
9.999992e-01
9.999995e-01
9.999997e-01
9.999998e-01
9.999999e-01
9.999999e-01
1.000000e+00
1.000000e+00
1.000000e+00
1.000000e+00
1.000000e+00
1.000000e+00
1.000000e+00
1.000000e+00
1.000000e+00
1.000000e+00
1.000000e+00
1.000000e+00
1.000000e+00
1.000000e+00
1.000000e+00
1.000000e+00
1.000000e+00
1.000000e+00
1.000000e+00
1.000000e+00
1.000000e+00
1.000000e+00
1.000000e+00
1.000000e+00
1.000000e+00
1.000000e+00
1.000000e+00
1.000000e+00
1.000000e+00
1.000000e+00
1.000000e+00
1.000000e+00
1.000000e+00
1.000000e+00
1.000000e+00
1.000000e+00
1.000000e+00
1.000000e+00
1.000000e+00
1.000000e+00
1.000000e+00
1.000000e+00
1.000000e+00
1.000000e+00
1.000000e+00
1.000000e+00
1.000000e+00
1.000000e+00
1.000000e+00
1.000000e+00
1.000000e+00
1.000000e+00
1.000000e+00
1.000000e+00
1.000000e+00
1.000000e+00
1.000000e+00
1.000000e+00
1.000000e+00
1.000000e+00
1.000000e+00
1.000000e+00
1.000000e+00
1.000000e+00
1.000000e+00
1.000000e+00
1.000000e+00
1.000000e+00
1.000000e+00
1.000000e+00
1.000000e+00
1.000000e+00
1.000000e+00
1.000000e+00
1.000000e+00
1.000000e+00
1.000000e+00
1.000000e+00
1.000000e+00
1.000000e+00
1.000000e+00
1.000000e+00
1.000000e+00
1.000000e+00
1.000000e+00
1.000000e+00
1.000000e+00
1.000000e+00
1.000000e+00
1.000000e+00
1.000000e+00
1.000000e+00
1.000000e+00
1.000000e+00
1.000000e+00
1.000000e+00
1.000000e+00
1.000000e+00
1.000000e+00
1.000000e+00
1.000000e+00
1.000000e+00
1.000000e+00
1.000000e+00
1.000000e+00
1.000000e+00
1.000000e+00
1.000000e+00
1.000000e+00
1.000000e+00
1.000000e+00
1.000000e+00
1.000000e+00
1.000000e+00
1.000000e+00
1.000000e+00
1.000000e+00
1.000000e+00
1.000000e+00
1.000000e+00
1.000000e+00
1.000000e+00
1.000000e+00
1.000000e+00
1.000000e+00
1.000000e+00
1.000000e+00
1.000000e+00
1.000000e+00
1.000000e+00
1.000000e+00
1.000000e+00
1.000000e+00
1.000000e+00
1.000000e+00
1.000000e+00
1.000000e+00
1.000000e+00
1.000000e+00
1.000000e+00
1.000000e+00
1.000000e+00
1.000000e+00
1.000000e+00
1.000000e+00
1.000000e+00
1.000000e+00
1.000000e+00
1.000000e+00
1.000000e+00
1.000000e+00
1.000000e+00
1.000000e+00
1.000000e+00
1.000000e+00
1.000000e+00
1.000000e+00
1.000000e+00
1.000000e+00
1.000000e+00
1.000000e+00
1.000000e+00
1.000000e+00
1.000000e+00
1.000000e+00
1.000000e+00
1.000000e+00
1.000000e+00
1.000000e+00
1.000000e+00
1.000000e+00
1.000000e+00
1.000000e+00
1.000000e+00
1.000000e+00
1.000000e+00
1.000000e+00
1.000000e+00
1.000000e+00
1.000000e+00
1.000000e+00
1.000000e+00
1.000000e+00
1.000000e+00
1.000000e+00
1.000000e+00
1.000000e+00
1.000000e+00
1.000000e+00
1.000000e+00
1.000000e+00
1.000000e+00
1.000000e+00
1.000000e+00
1.000000e+00
1.000000e+00
1.000000e+00
1.000000e+00
1.000000e+00
1.000000e+00
1.000000e+00
1.000000e+00
1.000000e+00
1.000000e+00
1.000000e+00
1.000000e+00
1.000000e+00
1.000000e+00
1.000000e+00
1.000000e+00
1.000000e+00
1.000000e+00
1.000000e+00
1.000000e+00
1.000000e+00
1.000000e+00
1.000000e+00
1.000000e+00
1.000000e+00
1.000000e+00
1.000000e+00
1.000000e+00
1.000000e+00
1.000000e+00
1.000000e+00
1.000000e+00
1.000000e+00
1.000000e+00
1.000000e+00
1.000000e+00
1.000000e+00
1.000000e+00
1.000000e+00
1.000000e+00
1.000000e+00
1.000000e+00
1.000000e+00
1.000000e+00
1.000000e+00
1.000000e+00
1.000000e+00
1.000000e+00
1.000000e+00
1.000000e+00
1.000000e+00
1.000000e+00
1.000000e+00
1.000000e+00
1.000000e+00
1.000000e+00
1.000000e+00
1.000000e+00
1.000000e+00
1.000000e+00
1.000000e+00
1.000000e+00
1.000000e+00
1.000000e+00
1.000000e+00
1.000000e+00
1.000000e+00
1.000000e+00
1.000000e+00
1.000000e+00
1.000000e+00
1.000000e+00
1.000000e+00
1.000000e+00
1.000000e+00
1.000000e+00
1.000000e+00
1.000000e+00
1.000000e+00
1.000000e+00
1.000000e+00
1.000000e+00
1.000000e+00
1.000000e+00
1.000000e+00
1.000000e+00
1.000000e+00
1.000000e+00
1.000000e+00
1.000000e+00
1.000000e+00
1.000000e+00
1.000000e+00
1.000000e+00
1.000000e+00
1.000000e+00
1.000000e+00
1.000000e+00
1.000000e+00
1.000000e+00
1.000000e+00
1.000000e+00
1.000000e+00
1.000000e+00
1.000000e+00
1.000000e+00
1.000000e+00
1.000000e+00
1.000000e+00
1.000000e+00
1.000000e+00
1.000000e+00
1.000000e+00
1.000000e+00
1.000000e+00
1.000000e+00
1.000000e+00
1.000000e+00
1.000000e+00
1.000000e+00
1.000000e+00
1.000000e+00
1.000000e+00
1.000000e+00
1.000000e+00
1.000000e+00
1.000000e+00
1.000000e+00
1.000000e+00
1.000000e+00
1.000000e+00
1.000000e+00
1.000000e+00
1.000000e+00
1.000000e+00
1.000000e+00
1.000000e+00
1.000000e+00
1.000000e+00
1.000000e+00
1.000000e+00
1.000000e+00
1.000000e+00
1.000000e+00
1.000000e+00
1.000000e+00
1.000000e+00
1.000000e+00
1.000000e+00
1.000000e+00
1.000000e+00
1.000000e+00
1.000000e+00
1.000000e+00
1.000000e+00
1.000000e+00
1.000000e+00
1.000000e+00
1.000000e+00
1.000000e+00
1.000000e+00
1.000000e+00
1.000000e+00
1.000000e+00
1.000000e+00
1.000000e+00
1.000000e+00
1.000000e+00
1.000000e+00
1.000000e+00
1.000000e+00
1.000000e+00
1.000000e+00
1.000000e+00
1.000000e+00
1.000000e+00
1.000000e+00
1.000000e+00
1.000000e+00
1.000000e+00
1.000000e+00
1.000000e+00
1.000000e+00
1.000000e+00
1.000000e+00
1.000000e+00
1.000000e+00
1.000000e+00
1.000000e+00
1.000000e+00
1.000000e+00
1.000000e+00
1.000000e+00
1.000000e+00
1.000000e+00
1.000000e+00
1.000000e+00
1.000000e+00
1.000000e+00
1.000000e+00
1.000000e+00
1.000000e+00
1.000000e+00
1.000000e+00
1.000000e+00
1.000000e+00
1.000000e+00
1.000000e+00
1.000000e+00
1.000000e+00
1.000000e+00
1.000000e+00
1.000000e+00
1.000000e+00
1.000000e+00
1.000000e+00
1.000000e+00
1.000000e+00
1.000000e+00
1.000000e+00
1.000000e+00
1.000000e+00
1.000000e+00
1.000000e+00
1.000000e+00
1.000000e+00
1.000000e+00
1.000000e+00
1.000000e+00
1.000000e+00
1.000000e+00
1.000000e+00
1.000000e+00
1.000000e+00
1.000000e+00
1.000000e+00
1.000000e+00
1.000000e+00
1.000000e+00
1.000000e+00
1.000000e+00
1.000000e+00
1.000000e+00
1.000000e+00
1.000000e+00
1.000000e+00
1.000000e+00
1.000000e+00
1.000000e+00
1.000000e+00
1.000000e+00
1.000000e+00
1.000000e+00
1.000000e+00
1.000000e+00
1.000000e+00
1.000000e+00
1.000000e+00
1.000000e+00
1.000000e+00
1.000000e+00
1.000000e+00
1.000000e+00
1.000000e+00
1.000000e+00
1.000000e+00
1.000000e+00
1.000000e+00
1.000000e+00
1.000000e+00
1.000000e+00
1.000000e+00
1.000000e+00
1.000000e+00
1.000000e+00
1.000000e+00
1.000000e+00
1.000000e+00
1.000000e+00
1.000000e+00
1.000000e+00
1.000000e+00
1.000000e+00
1.000000e+00
1.000000e+00
1.000000e+00
1.000000e+00
1.000000e+00
1.000000e+00
1.000000e+00
1.000000e+00
1.000000e+00
1.000000e+00
1.000000e+00
1.000000e+00
1.000000e+00
1.000000e+00
1.000000e+00
1.000000e+00
1.000000e+00
1.000000e+00
1.000000e+00
1.000000e+00
9.999999e-01
9.999999e-01
9.999998e-01
9.999997e-01
9.999995e-01
9.999992e-01
9.999987e-01
9.999978e-01
9.999964e-01
9.999940e-01
9.999901e-01
9.999837e-01
9.999731e-01
9.999557e-01
9.999270e-01
9.998797e-01
9.998016e-01
9.996729e-01
9.994609e-01
9.991114e-01
9.985358e-01
9.975883e-01
9.960300e-01
9.934713e-01
9.892814e-01
9.824501e-01
9.713908e-01
9.536909e-01
9.258759e-01
8.833970e-01
8.212736e-01
7.359454e-01
6.283162e-01
5.062497e-01
3.834335e-01
2.738850e-01
1.861838e-01
1.218529e-01
7.762946e-02
4.856815e-02
3.003199e-02
1.843314e-02
1.126195e-02
6.861119e-03
4.172744e-03
2.535059e-03
1.539126e-03
9.340930e-04
5.667644e-04
3.438366e-04
2.085757e-04
1.265179e-04
7.674085e-05
4.654705e-05
2.823276e-05
1.712420e-05
1.038644e-05
6.299702e-06
3.820991e-06
2.317534e-06
1.405673e-06
8.525700e-07
5.171234e-07
3.136394e-07
1.902432e-07
1.153783e-07
6.999014e-08
4.244264e-08
2.575109e-08
1.561151e-08
9.476116e-09
5.741229e-09
3.488613e-09
2.110444e-09
1.285705e-09
7.749991e-10
4.751099e-10
2.839277e-10
1.767493e-10
1.034560e-10
6.685430e-11
3.722389e-11
2.631279e-11
1.299932e-11
1.130246e-11
4.212408e-12
5.698497e-12
1.090850e-12
3.567535e-12
4.235501e-14
2.724265e-12
-2.529643e-13
2.363887e-12
-2.804423e-13
2.187917e-12
-2.156053e-13
2.086775e-12
-1.237344e-13
2.018496e-12
-2.692291e-14
1.966871e-12
6.639134e-14
1.925238e-12
1.547651e-13
1.891320e-12
2.370881e-13
1.863287e-12
3.144707e-13
1.840028e-12
3.866352e-13
1.821154e-12
4.547474e-13
1.805722e-12
5.184742e-13
1.793454e-12
5.787593e-13
1.784239e-12
6.357137e-13
1.777078e-12
6.897816e-13
1.772749e-12
7.416845e-13
1.770417e-12
7.913670e-13
1.770140e-12
8.384959e-13
1.771250e-12
8.840151e-13
1.773914e-12
9.276468e-13
1.778022e-12
9.698353e-13
1.783462e-12
1.010303e-12
1.789291e-12
1.049327e-12
1.796174e-12
1.086797e-12
1.803946e-12
1.123546e-12
1.813105e-12
1.159073e-12
1.822598e-12
1.194156e-12
1.833145e-12
1.227962e-12
1.844247e-12
1.261213e-12
1.856293e-12
1.294020e-12
1.868672e-12
1.326272e-12
1.882161e-12
1.358025e-12
1.896039e-12
1.389611e-12
1.910694e-12
1.420086e-12
1.925626e-12
1.450562e-12
1.940947e-12
1.480038e-12
1.956713e-12
1.509737e-12
1.972811e-12
1.538214e-12
1.988576e-12
1.566580e-12
2.004896e-12
1.594336e-12
2.021272e-12
1.621647e-12
2.037814e-12
1.647960e-12
2.053802e-12
1.674050e-12
2.069955e-12
1.699252e-12
2.085887e-12
1.724010e-12
2.102096e-12
1.747880e-12
2.117417e-12
1.771416e-12
2.133294e-12
1.794453e-12
2.148559e-12
1.816991e-12
2.163825e-12
1.838585e-12
2.178535e-12
1.859790e-12
2.193190e-12
1.880163e-12
2.207512e-12
1.900480e-12
2.221834e-12
1.919742e-12
2.235323e-12
1.938838e-12
2.248979e-12
1.957212e-12
2.262357e-12
1.975142e-12
2.275624e-12
1.992184e-12
2.287948e-12
2.009226e-12
2.300604e-12
2.025269e-12
2.312595e-12
2.040701e-12
2.324141e-12
2.055855e-12
2.334966e-12
2.070066e-12
2.345957e-12
2.084055e-12
2.356393e-12
2.097544e-12
2.366551e-12
2.109812e-12
2.375766e-12
2.122080e-12
2.384981e-12
2.133349e-12
2.393974e-12
2.144340e-12
2.402356e-12
2.154499e-12
2.409795e-12
2.164380e-12
2.417289e-12
2.173206e-12
2.424450e-12
2.182199e-12
2.431166e-12
2.189970e-12
2.437162e-12
2.197686e-12
2.442657e-12
2.203904e-12
2.447320e-12
2.209677e-12
2.451817e-12
2.214728e-12
2.455092e-12
2.219225e-12
2.458811e-12
2.223444e-12
2.461753e-12
2.227329e-12
2.464640e-12
2.230105e-12
2.466416e-12
2.232547e-12
2.468081e-12
2.234379e-12
2.469303e-12
2.235434e-12
2.470024e-12
2.235823e-12
2.469858e-12
