5.056156e-09
5.056283e-09
5.055726e-09
5.055424e-09
5.054438e-09
5.053706e-09
5.052290e-09
5.051129e-09
5.049284e-09
5.047694e-09
5.045420e-09
5.043402e-09
5.040699e-09
5.038253e-09
5.035121e-09
5.032248e-09
5.028688e-09
5.025389e-09
5.021400e-09
5.017676e-09
5.013260e-09
5.009110e-09
5.004267e-09
4.999694e-09
4.994425e-09
4.989429e-09
4.983734e-09
4.978316e-09
4.972198e-09
4.966359e-09
4.959816e-09
4.953558e-09
4.946592e-09
4.939916e-09
4.932528e-09
4.925435e-09
4.917627e-09
4.910118e-09
4.901891e-09
4.893968e-09
4.885322e-09
4.876987e-09
4.867925e-09
4.859179e-09
4.849701e-09
4.840546e-09
4.830654e-09
4.821092e-09
4.810787e-09
4.800820e-09
4.790105e-09
4.779734e-09
4.768609e-09
4.757837e-09
4.746305e-09
4.735134e-09
4.723196e-09
4.711628e-09
4.699286e-09
4.687323e-09
4.674579e-09
4.662224e-09
4.649080e-09
4.636336e-09
4.622793e-09
4.609661e-09
4.595722e-09
4.582206e-09
4.567873e-09
4.553975e-09
4.539250e-09
4.524973e-09
4.509859e-09
4.495205e-09
4.479703e-09
4.464677e-09
4.448789e-09
4.433393e-09
4.417123e-09
4.401359e-09
4.384709e-09
4.368581e-09
4.351553e-09
4.335065e-09
4.317662e-09
4.300816e-09
4.283040e-09
4.265841e-09
4.247694e-09
4.230145e-09
4.211630e-09
4.193734e-09
4.174855e-09
4.156616e-09
4.137375e-09
4.118797e-09
4.099196e-09
4.080283e-09
4.060325e-09
4.041080e-09
4.020768e-09
4.001197e-09
3.980534e-09
3.960640e-09
3.939628e-09
3.919416e-09
3.898058e-09
3.877533e-09
3.855832e-09
3.834997e-09
3.812956e-09
3.791816e-09
3.769437e-09
3.747999e-09
3.725285e-09
3.703551e-09
3.680505e-09
3.658482e-09
3.635106e-09
3.612799e-09
3.589096e-09
3.566510e-09
3.542482e-09
3.519624e-09
3.495274e-09
3.472148e-09
3.447479e-09
3.424092e-09
3.399104e-09
3.375463e-09
3.350160e-09
3.326269e-09
3.300653e-09
3.276521e-09
3.250593e-09
3.226226e-09
3.199989e-09
3.175395e-09
3.148848e-09
3.124034e-09
3.097179e-09
3.072154e-09
3.044993e-09
3.019764e-09
2.992296e-09
2.966874e-09
2.939099e-09
2.913492e-09
2.885410e-09
2.859629e-09
2.831239e-09
2.805294e-09
2.776594e-09
2.750497e-09
2.721485e-09
2.695248e-09
2.665921e-09
2.639558e-09
2.609910e-09
2.583435e-09
2.553463e-09
2.526893e-09
2.496588e-09
2.469940e-09
2.439296e-09
2.412592e-09
2.381600e-09
2.354863e-09
2.323516e-09
2.296781e-09
2.265078e-09
2.238396e-09
2.206361e-09
2.179830e-09
2.147550e-09
2.121390e-09
2.089142e-09
2.063893e-09
2.032465e-09
2.009532e-09
1.981124e-09
1.964254e-09
1.944901e-09
1.944192e-09
1.950376e-09
1.993179e-09
2.069793e-09
2.230340e-09
2.499523e-09
2.979454e-09
3.773351e-09
5.120614e-09
7.342260e-09
1.104612e-08
1.715043e-08
2.725888e-08
4.391926e-08
7.143557e-08
1.167926e-07
1.916263e-07
3.149914e-07
5.184446e-07
8.538608e-07
1.406934e-06
2.318767e-06
3.822197e-06
6.300884e-06
1.038761e-05
1.712535e-05
2.823392e-05
4.654824e-05
7.674211e-05
1.265193e-04
2.085774e-04
3.438387e-04
5.667672e-04
9.340969e-04
1.539132e-03
2.535068e-03
4.172759e-03
6.861142e-03
1.126198e-02
1.843320e-02
3.003209e-02
4.856831e-02
7.762970e-02
1.218532e-01
1.861843e-01
2.738857e-01
3.834343e-01
5.062505e-01
6.283170e-01
7.359460e-01
8.212741e-01
8.833974e-01
9.258762e-01
9.536910e-01
9.713909e-01
9.824501e-01
9.892815e-01
9.934713e-01
9.960300e-01
9.975883e-01
9.985358e-01
9.991114e-01
9.994609e-01
9.996729e-01
9.998016e-01
9.998796e-01
9.999270e-01
9.999557e-01
9.999731e-01
9.999837e-01
9.999901e-01
9.999940e-01
9.999964e-01
9.999978e-01
9.999987e-01
9.999992e-01
9.999995e-01
9.999997e-01
9.999998e-01
9.999999e-01
9.999999e-01
1.000000e+00
1.000000e+00
1.000000e+00
1.000000e+00
1.000000e+00
1.000000e+00
1.000000e+00
1.000000e+00
1.000000e+00
1.000000e+00
1.000000e+00
1.000000e+00
1.000000e+00
1.000000e+00
1.000000e+00
1.000000e+00
1.000000e+00
1.000000e+00
1.000000e+00
1.000000e+00
1.000000e+00
1.000000e+00
1.000000e+00
1.000000e+00
1.000000e+00
1.000000e+00
1.000000e+00
1.000000e+00
1.000000e+00
1.000000e+00
1.000000e+00
1.000000e+00
1.000000e+00
1.000000e+00
1.000000e+00
1.000000e+00
1.000000e+00
1.000000e+00
1.000000e+00
1.000000e+00
1.000000e+00
1.000000e+00
1.000000e+00
1.000000e+00
1.000000e+00
1.000000e+00
1.000000e+00
1.000000e+00
1.000000e+00
1.000000e+00
1.000000e+00
1.000000e+00
1.000000e+00
1.000000e+00
1.000000e+00
1.000000e+00
1.000000e+00
1.000000e+00
1.000000e+00
1.000000e+00
1.000000e+00
1.000000e+00
1.000000e+00
1.000000e+00
1.000000e+00
1.000000e+00
1.000000e+00
1.000000e+00
1.000000e+00
1.000000e+00
1.000000e+00
1.000000e+00
1.000000e+00
1.000000e+00
1.000000e+00
1.000000e+00
1.000000e+00
1.000000e+00
1.000000e+00
1.000000e+00
1.000000e+00
1.000000e+00
1.000000e+00
1.000000e+00
1.000000e+00
1.000000e+00
1.000000e+00
1.000000e+00
1.000000e+00
1.000000e+00
1.000000e+00
1.000000e+00
1.000000e+00
1.000000e+00
1.000000e+00
1.000000e+00
1.000000e+00
1.000000e+00
1.000000e+00
1.000000e+00
1.000000e+00
1.000000e+00
1.000000e+00
1.000000e+00
1.000000e+00
1.000000e+00
1.000000e+00
1.000000e+00
1.000000e+00
1.000000e+00
1.000000e+00
1.000000e+00
1.000000e+00
1.000000e+00
1.000000e+00
1.000000e+00
1.000000e+00
1.000000e+00
1.000000e+00
1.000000e+00
1.000000e+00
1.000000e+00
1.000000e+00
1.000000e+00
1.000000e+00
1.000000e+00
1.000000e+00
1.000000e+00
1.000000e+00
1.000000e+00
1.000000e+00
1.000000e+00
1.000000e+00
1.000000e+00
1.000000e+00
1.000000e+00
1.000000e+00
1.000000e+00
1.000000e+00
1.000000e+00
1.000000e+00
1.000000e+00
1.000000e+00
1.000000e+00
1.000000e+00
1.000000e+00
1.000000e+00
1.000000e+00
1.000000e+00
1.000000e+00
1.000000e+00
1.000000e+00
1.000000e+00
1.000000e+00
1.000000e+00
1.000000e+00
1.000000e+00
1.000000e+00
1.000000e+00
1.000000e+00
1.000000e+00
1.000000e+00
1.000000e+00
1.000000e+00
1.000000e+00
1.000000e+00
1.000000e+00
1.000000e+00
1.000000e+00
1.000000e+00
1.000000e+00
1.000000e+00
1.000000e+00
1.000000e+00
1.000000e+00
1.000000e+00
1.000000e+00
1.000000e+00
1.000000e+00
1.000000e+00
1.000000e+00
1.000000e+00
1.000000e+00
1.000000e+00
1.000000e+00
1.000000e+00
1.000000e+00
1.000000e+00
1.000000e+00
1.000000e+00
1.000000e+00
1.000000e+00
1.000000e+00
1.000000e+00
1.000000e+00
1.000000e+00
1.000000e+00
1.000000e+00
1.000000e+00
1.000000e+00
1.000000e+00
1.000000e+00
1.000000e+00
1.000000e+00
1.000000e+00
1.000000e+00
1.000000e+00
1.000000e+00
1.000000e+00
1.000000e+00
1.000000e+00
1.000000e+00
1.000000e+00
1.000000e+00
1.000000e+00
1.000000e+00
1.000000e+00
1.000000e+00
1.000000e+00
1.000000e+00
1.000000e+00
1.000000e+00
1.000000e+00
1.000000e+00
1.000000e+00
1.000000e+00
1.000000e+00
1.000000e+00
1.000000e+00
1.000000e+00
1.000000e+00
1.000000e+00
1.000000e+00
1.000000e+00
1.000000e+00
1.000000e+00
1.000000e+00
1.000000e+00
1.000000e+00
1.000000e+00
1.000000e+00
1.000000e+00
1.000000e+00
1.000000e+00
1.000000e+00
1.000000e+00
1.000000e+00
1.000000e+00
1.000000e+00
1.000000e+00
1.000000e+00
1.000000e+00
1.000000e+00
1.000000e+00
1.000000e+00
1.000000e+00
1.000000e+00
1.000000e+00
1.000000e+00
1.000000e+00
1.000000e+00
1.000000e+00
1.000000e+00
1.000000e+00
1.000000e+00
1.000000e+00
1.000000e+00
1.000000e+00
1.000000e+00
1.000000e+00
1.000000e+00
1.000000e+00
1.000000e+00
1.000000e+00
1.000000e+00
1.000000e+00
1.000000e+00
1.000000e+00
1.000000e+00
1.000000e+00
1.000000e+00
1.000000e+00
1.000000e+00
1.000000e+00
1.000000e+00
1.000000e+00
1.000000e+00
1.000000e+00
1.000000e+00
1.000000e+00
1.000000e+00
1.000000e+00
1.000000e+00
1.000000e+00
1.000000e+00
1.000000e+00
1.000000e+00
1.000000e+00
1.000000e+00
1.000000e+00
1.000000e+00
1.000000e+00
1.000000e+00
1.000000e+00
1.000000e+00
1.000000e+00
1.000000e+00
1.000000e+00
1.000000e+00
1.000000e+00
1.000000e+00
1.000000e+00
1.000000e+00
1.000000e+00
1.000000e+00
1.000000e+00
1.000000e+00
1.000000e+00
1.000000e+00
1.000000e+00
1.000000e+00
1.000000e+00
1.000000e+00
1.000000e+00
1.000000e+00
1.000000e+00
1.000000e+00
1.000000e+00
1.000000e+00
1.000000e+00
1.000000e+00
1.000000e+00
1.000000e+00
1.000000e+00
1.000000e+00
1.000000e+00
1.000000e+00
1.000000e+00
1.000000e+00
1.000000e+00
1.000000e+00
1.000000e+00
1.000000e+00
1.000000e+00
1.000000e+00
1.000000e+00
1.000000e+00
1.000000e+00
1.000000e+00
1.000000e+00
1.000000e+00
1.000000e+00
1.000000e+00
1.000000e+00
1.000000e+00
1.000000e+00
1.000000e+00
1.000000e+00
1.000000e+00
1.000000e+00
1.000000e+00
1.000000e+00
1.000000e+00
1.000000e+00
1.000000e+00
1.000000e+00
1.000000e+00
1.000000e+00
1.000000e+00
1.000000e+00
1.000000e+00
1.000000e+00
1.000000e+00
1.000000e+00
1.000000e+00
1.000000e+00
1.000000e+00
1.000000e+00
1.000000e+00
1.000000e+00
1.000000e+00
1.000000e+00
1.000000e+00
1.000000e+00
1.000000e+00
1.000000e+00
1.000000e+00
1.000000e+00
1.000000e+00
1.000000e+00
1.000000e+00
1.000000e+00
1.000000e+00
1.000000e+00
1.000000e+00
1.000000e+00
1.000000e+00
1.000000e+00
1.000000e+00
1.000000e+00
1.000000e+00
1.000000e+00
1.000000e+00
1.000000e+00
1.000000e+00
1.000000e+00
1.000000e+00
1.000000e+00
1.000000e+00
1.000000e+00
1.000000e+00
1.000000e+00
1.000000e+00
1.000000e+00
1.000000e+00
1.000000e+00
1.000000e+00
1.000000e+00
1.000000e+00
1.000000e+00
1.000000e+00
1.000000e+00
1.000000e+00
1.000000e+00
1.000000e+00
1.000000e+00
1.000000e+00
1.000000e+00
1.000000e+00
1.000000e+00
1.000000e+00
1.000000e+00
1.000000e+00
1.000000e+00
1.000000e+00
1.000000e+00
1.000000e+00
1.000000e+00
1.000000e+00
1.000000e+00
1.000000e+00
1.000000e+00
1.000000e+00
1.000000e+00
1.000000e+00
1.000000e+00
1.000000e+00
1.000000e+00
1.000000e+00
1.000000e+00
1.000000e+00
1.000000e+00
1.000000e+00
1.000000e+00
1.000000e+00
1.000000e+00
1.000000e+00
1.000000e+00
1.000000e+00
1.000000e+00
1.000000e+00
1.000000e+00
1.000000e+00
1.000000e+00
1.000000e+00
1.000000e+00
1.000000e+00
1.000000e+00
1.000000e+00
1.000000e+00
1.000000e+00
1.000000e+00
1.000000e+00
1.000000e+00
1.000000e+00
1.000000e+00
1.000000e+00
1.000000e+00
1.000000e+00
1.000000e+00
1.000000e+00
1.000000e+00
1.000000e+00
1.000000e+00
1.000000e+00
1.000000e+00
1.000000e+00
1.000000e+00
1.000000e+00
1.000000e+00
1.000000e+00
1.000000e+00
1.000000e+00
1.000000e+00
1.000000e+00
1.000000e+00
1.000000e+00
9.999999e-01
9.999999e-01
9.999998e-01
9.999997e-01
9.999995e-01
9.999992e-01
9.999987e-01
9.999978e-01
9.999964e-01
9.999940e-01
9.999901e-01
9.999837e-01
9.999731e-01
9.999557e-01
9.999270e-01
9.998796e-01
9.998016e-01
9.996729e-01
9.994609e-01
9.991114e-01
9.985358e-01
9.975883e-01
9.960300e-01
9.934713e-01
9.892815e-01
9.824501e-01
9.713909e-01
9.536910e-01
9.258762e-01
8.833974e-01
8.212741e-01
7.359460e-01
6.283170e-01
5.062505e-01
3.834343e-01
2.738857e-01
1.861843e-01
1.218532e-01
7.762970e-02
4.856831e-02
3.003209e-02
1.843320e-02
1.126198e-02
6.861142e-03
4.172759e-03
2.535068e-03
1.539132e-03
9.340969e-04
5.667672e-04
3.438387e-04
2.085774e-04
1.265193e-04
7.674211e-05
4.654824e-05
2.823392e-05
1.712535e-05
1.038761e-05
6.300884e-06
3.822197e-06
2.318767e-06
1.406934e-06
8.538608e-07
5.184446e-07
3.149914e-07
1.916263e-07
1.167926e-07
7.143558e-08
4.391927e-08
2.725889e-08
1.715044e-08
1.104613e-08
7.342267e-09
5.120621e-09
3.773359e-09
2.979462e-09
2.499530e-09
2.230348e-09
2.069802e-09
1.993188e-09
1.950385e-09
1.944201e-09
1.944910e-09
1.964263e-09
1.981134e-09
2.009542e-09
2.032475e-09
2.063903e-09
2.089152e-09
2.121401e-09
2.147561e-09
2.179841e-09
2.206372e-09
2.238408e-09
2.265090e-09
2.296792e-09
2.323528e-09
2.354875e-09
2.381612e-09
2.412604e-09
2.439309e-09
2.469953e-09
2.496601e-09
2.526906e-09
2.553476e-09
2.583449e-09
2.609924e-09
2.639571e-09
2.665934e-09
2.695262e-09
2.721499e-09
2.750511e-09
2.776608e-09
2.805308e-09
2.831253e-09
2.859643e-09
2.885425e-09
2.913506e-09
2.939113e-09
2.966888e-09
2.992310e-09
3.019778e-09
3.045006e-09
3.072167e-09
3.097192e-09
3.124047e-09
3.148860e-09
3.175407e-09
3.200000e-09
3.226238e-09
3.250605e-09
3.276532e-09
3.300664e-09
3.326280e-09
3.350170e-09
3.375472e-09
3.399114e-09
3.424101e-09
3.447488e-09
3.472157e-09
3.495283e-09
3.519632e-09
3.542491e-09
3.566518e-09
3.589103e-09
3.612806e-09
3.635112e-09
3.658488e-09
3.680511e-09
3.703557e-09
3.725290e-09
3.748004e-09
3.769442e-09
3.791821e-09
3.812960e-09
3.835001e-09
3.855836e-09
3.877537e-09
3.898062e-09
3.919420e-09
3.939631e-09
3.960643e-09
3.980537e-09
4.001200e-09
4.020771e-09
4.041083e-09
4.060327e-09
4.080284e-09
4.099197e-09
4.118798e-09
4.137376e-09
4.156617e-09
4.174856e-09
4.193735e-09
4.211631e-09
4.230145e-09
4.247695e-09
4.265841e-09
4.283040e-09
4.300816e-09
4.317662e-09
4.335065e-09
4.351553e-09
4.368581e-09
4.384709e-09
4.401359e-09
4.417123e-09
4.433393e-09
4.448789e-09
4.464676e-09
4.479703e-09
4.495205e-09
4.509858e-09
4.524973e-09
4.539249e-09
4.553974e-09
4.567872e-09
4.582205e-09
4.595721e-09
4.609660e-09
4.622792e-09
4.636335e-09
4.649079e-09
4.662224e-09
4.674578e-09
4.687323e-09
4.699285e-09
4.711627e-09
4.723196e-09
4.735133e-09
4.746304e-09
4.757837e-09
4.768609e-09
4.779734e-09
4.790104e-09
4.800820e-09
4.810787e-09
4.821092e-09
4.830654e-09
4.840546e-09
4.849701e-09
4.859179e-09
4.867925e-09
4.876987e-09
4.885323e-09
4.893968e-09
4.901891e-09
4.910118e-09
4.917628e-09
4.925435e-09
4.932529e-09
4.939916e-09
4.946593e-09
4.953559e-09
4.959817e-09
4.966360e-09
4.972199e-09
4.978318e-09
4.983736e-09
4.989431e-09
4.994427e-09
4.999696e-09
5.004269e-09
5.009112e-09
5.013261e-09
5.017678e-09
5.021402e-09
5.025391e-09
5.028690e-09
5.032250e-09
5.035123e-09
5.038255e-09
5.040700e-09
5.043404e-09
5.045422e-09
5.047696e-09
5.049285e-09
5.051131e-09
5.052291e-09
5.053707e-09
5.054439e-09
5.055424e-09
5.055727e-09
5.056283e-09
