2.235878e-12
2.469580e-12
2.235212e-12
2.468636e-12
2.233935e-12
2.467304e-12
2.231659e-12
2.465361e-12
2.229550e-12
2.463141e-12
2.226275e-12
2.460476e-12
2.223166e-12
2.457978e-12
2.219447e-12
2.454370e-12
2.215561e-12
2.451706e-12
2.211231e-12
2.448208e-12
2.206624e-12
2.444600e-12
2.201461e-12
2.440270e-12
2.195633e-12
2.435607e-12
2.189193e-12
2.430944e-12
2.182532e-12
2.425504e-12
2.174816e-12
2.419454e-12
2.166878e-12
2.413070e-12
2.158163e-12
2.405853e-12
2.148726e-12
2.398637e-12
2.138512e-12
2.390754e-12
2.128298e-12
2.382594e-12
2.117084e-12
2.374101e-12
2.105593e-12
2.365386e-12
2.093492e-12
2.355782e-12
2.080891e-12
2.346678e-12
2.067790e-12
2.336631e-12
2.054135e-12
2.326250e-12
2.039313e-12
2.315204e-12
2.024436e-12
2.303935e-12
2.008504e-12
2.292055e-12
1.992351e-12
2.280398e-12
1.975475e-12
2.268019e-12
1.958045e-12
2.255085e-12
1.939726e-12
2.241540e-12
1.920686e-12
2.227829e-12
1.900480e-12
2.213341e-12
1.880329e-12
2.199019e-12
1.858957e-12
2.183975e-12
1.837364e-12
2.169043e-12
1.814715e-12
2.153111e-12
1.791622e-12
2.137623e-12
1.767975e-12
2.121470e-12
1.743328e-12
2.105094e-12
1.717904e-12
2.088330e-12
1.691869e-12
2.071399e-12
1.665057e-12
2.054079e-12
1.637468e-12
2.036760e-12
1.609213e-12
2.019274e-12
1.580014e-12
2.001621e-12
1.550315e-12
1.983747e-12
1.520006e-12
1.965816e-12
1.488309e-12
1.948275e-12
1.456779e-12
1.930900e-12
1.424361e-12
1.913802e-12
1.391665e-12
1.897593e-12
1.358358e-12
1.881328e-12
1.324496e-12
1.866063e-12
1.290079e-12
1.851186e-12
1.255107e-12
1.836642e-12
1.218858e-12
1.822487e-12
1.182221e-12
1.809441e-12
1.144640e-12
1.797007e-12
1.106115e-12
1.785461e-12
1.066591e-12
1.774469e-12
1.026124e-12
1.764811e-12
9.844903e-13
1.756095e-12
9.416912e-13
1.748490e-12
8.966161e-13
1.741829e-12
8.508194e-13
1.736833e-12
8.028023e-13
1.733114e-12
7.533418e-13
1.731781e-12
7.019940e-13
1.731892e-12
6.486478e-13
1.735279e-12
5.930811e-13
1.740830e-12
5.349610e-13
1.749378e-12
4.740652e-13
1.760925e-12
4.098943e-13
1.776246e-12
3.420042e-13
1.795730e-12
2.702838e-13
1.819433e-12
1.937894e-13
1.848299e-12
1.122991e-13
1.883604e-12
2.531308e-14
1.925959e-12
-6.705747e-14
1.978917e-12
-1.628142e-13
2.048584e-12
-2.530753e-13
2.151390e-12
-3.163581e-13
2.328360e-12
-2.877698e-13
2.690792e-12
9.381385e-15
3.535172e-12
1.059375e-12
5.668022e-12
4.182654e-12
1.127354e-11
1.297135e-11
2.628558e-11
3.719747e-11
6.682876e-11
1.034312e-10
1.767255e-10
2.839047e-10
4.750881e-10
7.749783e-10
1.285685e-09
2.110425e-09
3.488595e-09
5.741212e-09
9.476101e-09
1.561149e-08
2.575108e-08
4.244263e-08
6.999012e-08
1.153783e-07
1.902432e-07
3.136394e-07
5.171234e-07
8.525700e-07
1.405673e-06
2.317534e-06
3.820991e-06
6.299702e-06
1.038644e-05
1.712420e-05
2.823276e-05
4.654705e-05
7.674085e-05
1.265179e-04
2.085757e-04
3.438366e-04
5.667644e-04
9.340930e-04
1.539126e-03
2.535059e-03
4.172744e-03
6.861119e-03
1.126195e-02
1.843314e-02
3.003199e-02
4.856815e-02
7.762946e-02
1.218529e-01
1.861838e-01
2.738850e-01
3.834335e-01
5.062497e-01
6.283162e-01
7.359454e-01
8.212736e-01
8.833970e-01
9.258759e-01
9.536909e-01
9.713908e-01
9.824501e-01
9.892814e-01
9.934713e-01
9.960300e-01
9.975883e-01
9.985358e-01
9.991114e-01
9.994609e-01
9.996729e-01
9.998016e-01
9.998797e-01
9.999270e-01
9.999557e-01
9.999731e-01
9.999837e-01
9.999901e-01
9.999940e-01
9.999964e-01
9.999978e-01
9.999987e-01
9.999992e-01
9.999995e-01
9.999997e-01
9.999998e-01
9.999999e-01
9.999999e-01
1.000000e+00
1.000000e+00
1.000000e+00
1.000000e+00
1.000000e+00
1.000000e+00
1.000000e+00
1.000000e+00
1.000000e+00
1.000000e+00
1.000000e+00
1.000000e+00
1.000000e+00
1.000000e+00
1.000000e+00
1.000000e+00
1.000000e+00
1.000000e+00
1.000000e+00
1.000000e+00
1.000000e+00
1.000000e+00
1.000000e+00
1.000000e+00
1.000000e+00
1.000000e+00
1.000000e+00
1.000000e+00
1.000000e+00
1.000000e+00
1.000000e+00
1.000000e+00
1.000000e+00
1.000000e+00
1.000000e+00
1.000000e+00
1.000000e+00
1.000000e+00
1.000000e+00
1.000000e+00
1.000000e+00
1.000000e+00
1.000000e+00
1.000000e+00
1.000000e+00
1.000000e+00
1.000000e+00
1.000000e+00
1.000000e+00
1.000000e+00
1.000000e+00
1.000000e+00
1.000000e+00
1.000000e+00
1.000000e+00
1.000000e+00
1.000000e+00
1.000000e+00
1.000000e+00
1.000000e+00
1.000000e+00
1.000000e+00
1.000000e+00
1.000000e+00
1.000000e+00
1.000000e+00
1.000000e+00
1.000000e+00
1.000000e+00
1.000000e+00
1.000000e+00
1.000000e+00
1.000000e+00
1.000000e+00
1.000000e+00
1.000000e+00
1.000000e+00
1.000000e+00
1.000000e+00
1.000000e+00
1.000000e+00
1.000000e+00
1.000000e+00
1.000000e+00
1.000000e+00
1.000000e+00
1.000000e+00
1.000000e+00
1.000000e+00
1.000000e+00
1.000000e+00
1.000000e+00
1.000000e+00
1.000000e+00
1.000000e+00
1.000000e+00
1.000000e+00
1.000000e+00
1.000000e+00
1.000000e+00
1.000000e+00
1.000000e+00
1.000000e+00
1.000000e+00
1.000000e+00
1.000000e+00
1.000000e+00
1.000000e+00
1.000000e+00
1.000000e+00
1.000000e+00
1.000000e+00
1.000000e+00
1.000000e+00
1.000000e+00
1.000000e+00
1.000000e+00
1.000000e+00
1.000000e+00
1.000000e+00
1.000000e+00
1.000000e+00
1.000000e+00
1.000000e+00
1.000000e+00
1.000000e+00
1.000000e+00
1.000000e+00
1.000000e+00
1.000000e+00
1.000000e+00
1.000000e+00
1.000000e+00
1.000000e+00
1.000000e+00
1.000000e+00
1.000000e+00
1.000000e+00
1.000000e+00
1.000000e+00
1.000000e+00
1.000000e+00
1.000000e+00
1.000000e+00
1.000000e+00
1.000000e+00
1.000000e+00
1.000000e+00
1.000000e+00
1.000000e+00
1.000000e+00
1.000000e+00
1.000000e+00
1.000000e+00
1.000000e+00
1.000000e+00
1.000000e+00
1.000000e+00
1.000000e+00
1.000000e+00
1.000000e+00
1.000000e+00
1.000000e+00
1.000000e+00
1.000000e+00
1.000000e+00
1.000000e+00
1.000000e+00
1.000000e+00
1.000000e+00
1.000000e+00
1.000000e+00
1.000000e+00
1.000000e+00
1.000000e+00
1.000000e+00
1.000000e+00
1.000000e+00
1.000000e+00
1.000000e+00
1.000000e+00
1.000000e+00
1.000000e+00
1.000000e+00
1.000000e+00
1.000000e+00
1.000000e+00
1.000000e+00
1.000000e+00
1.000000e+00
1.000000e+00
1.000000e+00
1.000000e+00
1.000000e+00
1.000000e+00
1.000000e+00
1.000000e+00
1.000000e+00
1.000000e+00
1.000000e+00
1.000000e+00
1.000000e+00
1.000000e+00
1.000000e+00
1.000000e+00
1.000000e+00
1.000000e+00
1.000000e+00
1.000000e+00
1.000000e+00
1.000000e+00
1.000000e+00
1.000000e+00
1.000000e+00
1.000000e+00
1.000000e+00
1.000000e+00
1.000000e+00
1.000000e+00
1.000000e+00
1.000000e+00
1.000000e+00
1.000000e+00
1.000000e+00
1.000000e+00
1.000000e+00
1.000000e+00
1.000000e+00
1.000000e+00
1.000000e+00
1.000000e+00
1.000000e+00
1.000000e+00
1.000000e+00
1.000000e+00
1.000000e+00
1.000000e+00
1.000000e+00
1.000000e+00
1.000000e+00
1.000000e+00
1.000000e+00
1.000000e+00
1.000000e+00
1.000000e+00
1.000000e+00
1.000000e+00
1.000000e+00
1.000000e+00
1.000000e+00
1.000000e+00
1.000000e+00
1.000000e+00
1.000000e+00
1.000000e+00
1.000000e+00
1.000000e+00
1.000000e+00
1.000000e+00
1.000000e+00
1.000000e+00
1.000000e+00
1.000000e+00
1.000000e+00
1.000000e+00
1.000000e+00
1.000000e+00
1.000000e+00
1.000000e+00
1.000000e+00
1.000000e+00
1.000000e+00
1.000000e+00
1.000000e+00
1.000000e+00
1.000000e+00
1.000000e+00
1.000000e+00
1.000000e+00
1.000000e+00
1.000000e+00
1.000000e+00
1.000000e+00
1.000000e+00
1.000000e+00
1.000000e+00
1.000000e+00
1.000000e+00
1.000000e+00
1.000000e+00
1.000000e+00
1.000000e+00
1.000000e+00
1.000000e+00
1.000000e+00
1.000000e+00
1.000000e+00
1.000000e+00
1.000000e+00
1.000000e+00
1.000000e+00
1.000000e+00
1.000000e+00
1.000000e+00
1.000000e+00
1.000000e+00
1.000000e+00
1.000000e+00
1.000000e+00
1.000000e+00
1.000000e+00
1.000000e+00
1.000000e+00
1.000000e+00
1.000000e+00
1.000000e+00
1.000000e+00
1.000000e+00
1.000000e+00
1.000000e+00
1.000000e+00
1.000000e+00
1.000000e+00
1.000000e+00
1.000000e+00
1.000000e+00
1.000000e+00
1.000000e+00
1.000000e+00
1.000000e+00
1.000000e+00
1.000000e+00
1.000000e+00
1.000000e+00
1.000000e+00
1.000000e+00
1.000000e+00
1.000000e+00
1.000000e+00
1.000000e+00
1.000000e+00
1.000000e+00
1.000000e+00
1.000000e+00
1.000000e+00
1.000000e+00
1.000000e+00
1.000000e+00
1.000000e+00
1.000000e+00
1.000000e+00
1.000000e+00
1.000000e+00
1.000000e+00
1.000000e+00
1.000000e+00
1.000000e+00
1.000000e+00
1.000000e+00
1.000000e+00
1.000000e+00
1.000000e+00
1.000000e+00
1.000000e+00
1.000000e+00
1.000000e+00
1.000000e+00
1.000000e+00
1.000000e+00
1.000000e+00
1.000000e+00
1.000000e+00
1.000000e+00
1.000000e+00
1.000000e+00
1.000000e+00
1.000000e+00
1.000000e+00
1.000000e+00
1.000000e+00
1.000000e+00
1.000000e+00
1.000000e+00
1.000000e+00
1.000000e+00
1.000000e+00
1.000000e+00
1.000000e+00
1.000000e+00
1.000000e+00
1.000000e+00
1.000000e+00
1.000000e+00
1.000000e+00
1.000000e+00
1.000000e+00
1.000000e+00
1.000000e+00
1.000000e+00
1.000000e+00
1.000000e+00
1.000000e+00
1.000000e+00
1.000000e+00
1.000000e+00
1.000000e+00
1.000000e+00
1.000000e+00
1.000000e+00
1.000000e+00
1.000000e+00
1.000000e+00
1.000000e+00
1.000000e+00
1.000000e+00
1.000000e+00
1.000000e+00
1.000000e+00
1.000000e+00
1.000000e+00
1.000000e+00
1.000000e+00
1.000000e+00
1.000000e+00
1.000000e+00
1.000000e+00
1.000000e+00
1.000000e+00
1.000000e+00
1.000000e+00
1.000000e+00
1.000000e+00
1.000000e+00
1.000000e+00
1.000000e+00
1.000000e+00
1.000000e+00
1.000000e+00
1.000000e+00
1.000000e+00
1.000000e+00
1.000000e+00
1.000000e+00
1.000000e+00
1.000000e+00
1.000000e+00
1.000000e+00
1.000000e+00
1.000000e+00
1.000000e+00
1.000000e+00
1.000000e+00
1.000000e+00
1.000000e+00
1.000000e+00
1.000000e+00
1.000000e+00
1.000000e+00
1.000000e+00
1.000000e+00
1.000000e+00
1.000000e+00
1.000000e+00
1.000000e+00
1.000000e+00
1.000000e+00
1.000000e+00
1.000000e+00
1.000000e+00
1.000000e+00
1.000000e+00
1.000000e+00
1.000000e+00
1.000000e+00
1.000000e+00
1.000000e+00
1.000000e+00
1.000000e+00
1.000000e+00
1.000000e+00
1.000000e+00
1.000000e+00
1.000000e+00
1.000000e+00
1.000000e+00
1.000000e+00
1.000000e+00
1.000000e+00
1.000000e+00
1.000000e+00
1.000000e+00
1.000000e+00
1.000000e+00
1.000000e+00
1.000000e+00
1.000000e+00
1.000000e+00
9.999999e-01
9.999999e-01
9.999998e-01
9.999997e-01
9.999995e-01
9.999992e-01
9.999987e-01
9.999978e-01
9.999964e-01
9.999940e-01
9.999901e-01
9.999837e-01
9.999731e-01
9.999557e-01
9.999270e-01
9.998797e-01
9.998016e-01
9.996729e-01
9.994609e-01
9.991114e-01
9.985358e-01
9.975883e-01
9.960300e-01
9.934713e-01
9.892814e-01
9.824501e-01
9.713908e-01
9.536909e-01
9.258759e-01
8.833970e-01
8.212736e-01
7.359454e-01
6.283162e-01
5.062497e-01
3.834335e-01
2.738850e-01
1.861838e-01
1.218529e-01
7.762946e-02
4.856815e-02
3.003199e-02
1.843314e-02
1.126195e-02
6.861119e-03
4.172744e-03
2.535059e-03
1.539126e-03
9.340930e-04
5.667644e-04
3.438366e-04
2.085757e-04
1.265179e-04
7.674085e-05
4.654705e-05
2.823276e-05
1.712420e-05
1.038644e-05
6.299702e-06
3.820991e-06
2.317534e-06
1.405673e-06
8.525700e-07
5.171234e-07
3.136394e-07
1.902432e-07
1.153783e-07
6.999014e-08
4.244264e-08
2.575109e-08
1.561151e-08
9.476117e-09
5.741229e-09
3.488613e-09
2.110445e-09
1.285705e-09
7.749998e-10
4.751105e-10
2.839284e-10
1.767498e-10
1.034567e-10
6.685502e-11
3.722467e-11
2.631362e-11
1.299999e-11
1.130285e-11
4.212630e-12
5.698664e-12
1.091072e-12
3.567702e-12
4.241052e-14
2.724265e-12
-2.534639e-13
2.363443e-12
-2.808309e-13
2.187472e-12
-2.162714e-13
2.086054e-12
-1.244560e-13
2.017442e-12
-2.797762e-14
1.965761e-12
6.561418e-14
1.924461e-12
1.537659e-13
1.890710e-12
2.365885e-13
1.862621e-12
3.140821e-13
1.839529e-12
3.862466e-13
1.820655e-12
4.545253e-13
1.805500e-12
5.185297e-13
1.793621e-12
5.790923e-13
1.784572e-12
6.363798e-13
1.777967e-12
6.908363e-13
1.773859e-12
7.428502e-13
1.771694e-12
7.923662e-13
1.771250e-12
8.394396e-13
1.772194e-12
8.849588e-13
1.774969e-12
9.287016e-13
1.778966e-12
9.707790e-13
1.784350e-12
1.011358e-12
1.790568e-12
1.050604e-12
1.797840e-12
1.088574e-12
1.805833e-12
1.125600e-12
1.814882e-12
1.161016e-12
1.824485e-12
1.195988e-12
1.834866e-12
1.229572e-12
1.845801e-12
1.262879e-12
1.857792e-12
1.295464e-12
1.869838e-12
1.327549e-12
1.883327e-12
1.359135e-12
1.897260e-12
1.390221e-12
1.911526e-12
1.420919e-12
1.926292e-12
1.451228e-12
1.941669e-12
1.480760e-12
1.957490e-12
1.510458e-12
1.973699e-12
1.539269e-12
1.989742e-12
1.567857e-12
2.006395e-12
1.595724e-12
2.022382e-12
1.622869e-12
2.038980e-12
1.649070e-12
2.055245e-12
1.675549e-12
2.071565e-12
1.700751e-12
2.087608e-12
1.725675e-12
2.103762e-12
1.749711e-12
2.119083e-12
1.773248e-12
2.135070e-12
1.796285e-12
2.150169e-12
1.818490e-12
2.165268e-12
1.839973e-12
2.179978e-12
1.861233e-12
2.194578e-12
1.881606e-12
2.208955e-12
1.901979e-12
2.223333e-12
1.921463e-12
2.237210e-12
1.940614e-12
2.251033e-12
1.958822e-12
2.264022e-12
1.976752e-12
2.276956e-12
1.993516e-12
2.289169e-12
2.010170e-12
2.301270e-12
2.025713e-12
2.312595e-12
2.041090e-12
2.324030e-12
2.055467e-12
2.334521e-12
2.069622e-12
2.345402e-12
2.083389e-12
2.355505e-12
2.096323e-12
2.365330e-12
2.108702e-12
2.374656e-12
2.120970e-12
2.383982e-12
2.132350e-12
2.392753e-12
2.143286e-12
2.401079e-12
2.153611e-12
2.409017e-12
2.163381e-12
2.416511e-12
2.172651e-12
2.423173e-12
2.181089e-12
2.429612e-12
2.188583e-12
2.435829e-12
2.196354e-12
2.441491e-12
2.202960e-12
2.446598e-12
2.209066e-12
2.451261e-12
2.214340e-12
2.455036e-12
2.219391e-12
2.458866e-12
2.223610e-12
2.461809e-12
2.227329e-12
2.464418e-12
2.229994e-12
2.466360e-12
2.232436e-12
2.468137e-12
2.234157e-12
2.469136e-12
2.235323e-12
2.469858e-12
2.235767e-12
2.470080e-12
