2.237377e-12
2.470968e-12
2.236211e-12
2.469580e-12
2.234657e-12
2.468026e-12
2.232492e-12
2.466027e-12
2.230216e-12
2.464084e-12
2.227218e-12
2.461309e-12
2.224165e-12
2.458755e-12
2.220335e-12
2.455647e-12
2.216449e-12
2.452649e-12
2.212175e-12
2.448930e-12
2.207512e-12
2.445322e-12
2.202016e-12
2.441325e-12
2.196632e-12
2.436717e-12
2.190303e-12
2.431833e-12
2.183587e-12
2.426503e-12
2.176148e-12
2.420453e-12
2.168155e-12
2.414513e-12
2.159717e-12
2.407519e-12
2.150502e-12
2.400469e-12
2.140399e-12
2.392753e-12
2.130351e-12
2.384815e-12
2.119194e-12
2.376266e-12
2.107980e-12
2.367662e-12
2.095657e-12
2.358114e-12
2.083056e-12
2.348677e-12
2.069789e-12
2.338296e-12
2.056022e-12
2.328082e-12
2.041312e-12
2.317257e-12
2.026546e-12
2.305989e-12
2.010947e-12
2.294498e-12
1.995126e-12
2.283118e-12
1.978362e-12
2.270628e-12
1.960931e-12
2.258027e-12
1.942668e-12
2.244649e-12
1.923739e-12
2.230882e-12
1.903755e-12
2.216560e-12
1.883438e-12
2.202183e-12
1.862011e-12
2.187084e-12
1.840084e-12
2.171541e-12
1.817269e-12
2.155554e-12
1.793676e-12
2.139622e-12
1.769584e-12
2.123135e-12
1.744938e-12
2.106593e-12
1.719458e-12
2.089995e-12
1.693645e-12
2.073008e-12
1.666667e-12
2.055744e-12
1.639189e-12
2.038480e-12
1.610767e-12
2.020717e-12
1.581679e-12
2.003064e-12
1.551814e-12
1.985356e-12
1.521450e-12
1.967593e-12
1.490141e-12
1.949940e-12
1.458611e-12
1.932898e-12
1.426304e-12
1.915856e-12
1.393718e-12
1.899647e-12
1.360467e-12
1.883438e-12
1.326439e-12
1.868061e-12
1.291911e-12
1.852796e-12
1.256772e-12
1.838307e-12
1.220801e-12
1.824596e-12
1.184275e-12
1.811495e-12
1.146638e-12
1.799116e-12
1.108669e-12
1.787903e-12
1.069145e-12
1.776967e-12
1.028566e-12
1.767309e-12
9.866552e-13
1.758094e-12
9.434675e-13
1.750378e-12
8.987255e-13
1.743716e-12
8.526513e-13
1.738831e-12
8.047452e-13
1.735112e-12
7.553402e-13
1.733558e-12
7.036594e-13
1.733669e-12
6.499801e-13
1.736777e-12
5.943024e-13
1.741829e-12
5.361267e-13
1.750378e-12
4.750644e-13
1.762257e-12
4.112821e-13
1.777467e-12
3.432810e-13
1.797007e-12
2.716716e-13
1.820988e-12
1.954548e-13
1.850076e-12
1.140754e-13
1.885381e-12
2.725598e-14
1.928124e-12
-6.489254e-14
1.981248e-12
-1.604272e-13
2.050748e-12
-2.509104e-13
2.153611e-12
-3.142486e-13
2.330469e-12
-2.855494e-13
2.692790e-12
1.143530e-14
3.537282e-12
1.061373e-12
5.669798e-12
4.184098e-12
1.127487e-11
1.297262e-11
2.628697e-11
3.719897e-11
6.683021e-11
1.034326e-10
1.767269e-10
2.839062e-10
4.750894e-10
7.749799e-10
1.285686e-09
2.110427e-09
3.488597e-09
5.741213e-09
9.476102e-09
1.561150e-08
2.575108e-08
4.244263e-08
6.999013e-08
1.153783e-07
1.902432e-07
3.136394e-07
5.171234e-07
8.525700e-07
1.405673e-06
2.317534e-06
3.820991e-06
6.299702e-06
1.038644e-05
1.712420e-05
2.823276e-05
4.654705e-05
7.674085e-05
1.265179e-04
2.085757e-04
3.438366e-04
5.667644e-04
9.340930e-04
1.539126e-03
2.535059e-03
4.172744e-03
6.861119e-03
1.126195e-02
1.843314e-02
3.003199e-02
4.856815e-02
7.762946e-02
1.218529e-01
1.861838e-01
2.738850e-01
3.834335e-01
5.062497e-01
6.283162e-01
7.359454e-01
8.212736e-01
8.833970e-01
9.258759e-01
9.536909e-01
9.713908e-01
9.824501e-01
9.892814e-01
9.934713e-01
9.960300e-01
9.975883e-01
9.985358e-01
9.991114e-01
9.994609e-01
9.996729e-01
9.998016e-01
9.998797e-01
9.999270e-01
9.999557e-01
9.999731e-01
9.999837e-01
9.999901e-01
9.999940e-01
9.999964e-01
9.999978e-01
9.999987e-01
9.999992e-01
9.999995e-01
9.999997e-01
9.999998e-01
9.999999e-01
9.999999e-01
1.000000e+00
1.000000e+00
1.000000e+00
1.000000e+00
1.000000e+00
1.000000e+00
1.000000e+00
1.000000e+00
1.000000e+00
1.000000e+00
1.000000e+00
1.000000e+00
1.000000e+00
1.000000e+00
1.000000e+00
1.000000e+00
1.000000e+00
1.000000e+00
1.000000e+00
1.000000e+00
1.000000e+00
1.000000e+00
1.000000e+00
1.000000e+00
1.000000e+00
1.000000e+00
1.000000e+00
1.000000e+00
1.000000e+00
1.000000e+00
1.000000e+00
1.000000e+00
1.000000e+00
1.000000e+00
1.000000e+00
1.000000e+00
1.000000e+00
1.000000e+00
1.000000e+00
1.000000e+00
1.000000e+00
1.000000e+00
1.000000e+00
1.000000e+00
1.000000e+00
1.000000e+00
1.000000e+00
1.000000e+00
1.000000e+00
1.000000e+00
1.000000e+00
1.000000e+00
1.000000e+00
1.000000e+00
1.000000e+00
1.000000e+00
1.000000e+00
1.000000e+00
1.000000e+00
1.000000e+00
1.000000e+00
1.000000e+00
1.000000e+00
1.000000e+00
1.000000e+00
1.000000e+00
1.000000e+00
1.000000e+00
1.000000e+00
1.000000e+00
1.000000e+00
1.000000e+00
1.000000e+00
1.000000e+00
1.000000e+00
1.000000e+00
1.000000e+00
1.000000e+00
1.000000e+00
1.000000e+00
1.000000e+00
1.000000e+00
1.000000e+00
1.000000e+00
1.000000e+00
1.000000e+00
1.000000e+00
1.000000e+00
1.000000e+00
1.000000e+00
1.000000e+00
1.000000e+00
1.000000e+00
1.000000e+00
1.000000e+00
1.000000e+00
1.000000e+00
1.000000e+00
1.000000e+00
1.000000e+00
1.000000e+00
1.000000e+00
1.000000e+00
1.000000e+00
1.000000e+00
1.000000e+00
1.000000e+00
1.000000e+00
1.000000e+00
1.000000e+00
1.000000e+00
1.000000e+00
1.000000e+00
1.000000e+00
1.000000e+00
1.000000e+00
1.000000e+00
1.000000e+00
1.000000e+00
1.000000e+00
1.000000e+00
1.000000e+00
1.000000e+00
1.000000e+00
1.000000e+00
1.000000e+00
1.000000e+00
1.000000e+00
1.000000e+00
1.000000e+00
1.000000e+00
1.000000e+00
1.000000e+00
1.000000e+00
1.000000e+00
1.000000e+00
1.000000e+00
1.000000e+00
1.000000e+00
1.000000e+00
1.000000e+00
1.000000e+00
1.000000e+00
1.000000e+00
1.000000e+00
1.000000e+00
1.000000e+00
1.000000e+00
1.000000e+00
1.000000e+00
1.000000e+00
1.000000e+00
1.000000e+00
1.000000e+00
1.000000e+00
1.000000e+00
1.000000e+00
1.000000e+00
1.000000e+00
1.000000e+00
1.000000e+00
1.000000e+00
1.000000e+00
1.000000e+00
1.000000e+00
1.000000e+00
1.000000e+00
1.000000e+00
1.000000e+00
1.000000e+00
1.000000e+00
1.000000e+00
1.000000e+00
1.000000e+00
1.000000e+00
1.000000e+00
1.000000e+00
1.000000e+00
1.000000e+00
1.000000e+00
1.000000e+00
1.000000e+00
1.000000e+00
1.000000e+00
1.000000e+00
1.000000e+00
1.000000e+00
1.000000e+00
1.000000e+00
1.000000e+00
1.000000e+00
1.000000e+00
1.000000e+00
1.000000e+00
1.000000e+00
1.000000e+00
1.000000e+00
1.000000e+00
1.000000e+00
1.000000e+00
1.000000e+00
1.000000e+00
1.000000e+00
1.000000e+00
1.000000e+00
1.000000e+00
1.000000e+00
1.000000e+00
1.000000e+00
1.000000e+00
1.000000e+00
1.000000e+00
1.000000e+00
1.000000e+00
1.000000e+00
1.000000e+00
1.000000e+00
1.000000e+00
1.000000e+00
1.000000e+00
1.000000e+00
1.000000e+00
1.000000e+00
1.000000e+00
1.000000e+00
1.000000e+00
1.000000e+00
1.000000e+00
1.000000e+00
1.000000e+00
1.000000e+00
1.000000e+00
1.000000e+00
1.000000e+00
1.000000e+00
1.000000e+00
1.000000e+00
1.000000e+00
1.000000e+00
1.000000e+00
1.000000e+00
1.000000e+00
1.000000e+00
1.000000e+00
1.000000e+00
1.000000e+00
1.000000e+00
1.000000e+00
1.000000e+00
1.000000e+00
1.000000e+00
1.000000e+00
1.000000e+00
1.000000e+00
1.000000e+00
1.000000e+00
1.000000e+00
1.000000e+00
1.000000e+00
1.000000e+00
1.000000e+00
1.000000e+00
1.000000e+00
1.000000e+00
1.000000e+00
1.000000e+00
1.000000e+00
1.000000e+00
1.000000e+00
1.000000e+00
1.000000e+00
1.000000e+00
1.000000e+00
1.000000e+00
1.000000e+00
1.000000e+00
1.000000e+00
1.000000e+00
1.000000e+00
1.000000e+00
1.000000e+00
1.000000e+00
1.000000e+00
1.000000e+00
1.000000e+00
1.000000e+00
1.000000e+00
1.000000e+00
1.000000e+00
1.000000e+00
1.000000e+00
1.000000e+00
1.000000e+00
1.000000e+00
1.000000e+00
1.000000e+00
1.000000e+00
1.000000e+00
1.000000e+00
1.000000e+00
1.000000e+00
1.000000e+00
1.000000e+00
1.000000e+00
1.000000e+00
1.000000e+00
1.000000e+00
1.000000e+00
1.000000e+00
1.000000e+00
1.000000e+00
1.000000e+00
1.000000e+00
1.000000e+00
1.000000e+00
1.000000e+00
1.000000e+00
1.000000e+00
1.000000e+00
1.000000e+00
1.000000e+00
1.000000e+00
1.000000e+00
1.000000e+00
1.000000e+00
1.000000e+00
1.000000e+00
1.000000e+00
1.000000e+00
1.000000e+00
1.000000e+00
1.000000e+00
1.000000e+00
1.000000e+00
1.000000e+00
1.000000e+00
1.000000e+00
1.000000e+00
1.000000e+00
1.000000e+00
1.000000e+00
1.000000e+00
1.000000e+00
1.000000e+00
1.000000e+00
1.000000e+00
1.000000e+00
1.000000e+00
1.000000e+00
1.000000e+00
1.000000e+00
1.000000e+00
1.000000e+00
1.000000e+00
1.000000e+00
1.000000e+00
1.000000e+00
1.000000e+00
1.000000e+00
1.000000e+00
1.000000e+00
1.000000e+00
1.000000e+00
1.000000e+00
1.000000e+00
1.000000e+00
1.000000e+00
1.000000e+00
1.000000e+00
1.000000e+00
1.000000e+00
1.000000e+00
1.000000e+00
1.000000e+00
1.000000e+00
1.000000e+00
1.000000e+00
1.000000e+00
1.000000e+00
1.000000e+00
1.000000e+00
1.000000e+00
1.000000e+00
1.000000e+00
1.000000e+00
1.000000e+00
1.000000e+00
1.000000e+00
1.000000e+00
1.000000e+00
1.000000e+00
1.000000e+00
1.000000e+00
1.000000e+00
1.000000e+00
1.000000e+00
1.000000e+00
1.000000e+00
1.000000e+00
1.000000e+00
1.000000e+00
1.000000e+00
1.000000e+00
1.000000e+00
1.000000e+00
1.000000e+00
1.000000e+00
1.000000e+00
1.000000e+00
1.000000e+00
1.000000e+00
1.000000e+00
1.000000e+00
1.000000e+00
1.000000e+00
1.000000e+00
1.000000e+00
1.000000e+00
1.000000e+00
1.000000e+00
1.000000e+00
1.000000e+00
1.000000e+00
1.000000e+00
1.000000e+00
1.000000e+00
1.000000e+00
1.000000e+00
1.000000e+00
1.000000e+00
1.000000e+00
1.000000e+00
1.000000e+00
1.000000e+00
1.000000e+00
1.000000e+00
1.000000e+00
1.000000e+00
1.000000e+00
1.000000e+00
1.000000e+00
1.000000e+00
1.000000e+00
1.000000e+00
1.000000e+00
1.000000e+00
1.000000e+00
1.000000e+00
1.000000e+00
1.000000e+00
1.000000e+00
1.000000e+00
1.000000e+00
1.000000e+00
1.000000e+00
1.000000e+00
1.000000e+00
1.000000e+00
1.000000e+00
1.000000e+00
1.000000e+00
1.000000e+00
1.000000e+00
1.000000e+00
1.000000e+00
1.000000e+00
1.000000e+00
1.000000e+00
1.000000e+00
1.000000e+00
1.000000e+00
1.000000e+00
1.000000e+00
1.000000e+00
1.000000e+00
1.000000e+00
1.000000e+00
1.000000e+00
1.000000e+00
1.000000e+00
1.000000e+00
1.000000e+00
1.000000e+00
1.000000e+00
1.000000e+00
1.000000e+00
1.000000e+00
1.000000e+00
1.000000e+00
1.000000e+00
1.000000e+00
1.000000e+00
1.000000e+00
1.000000e+00
1.000000e+00
1.000000e+00
1.000000e+00
9.999999e-01
9.999999e-01
9.999998e-01
9.999997e-01
9.999995e-01
9.999992e-01
9.999987e-01
9.999978e-01
9.999964e-01
9.999940e-01
9.999901e-01
9.999837e-01
9.999731e-01
9.999557e-01
9.999270e-01
9.998797e-01
9.998016e-01
9.996729e-01
9.994609e-01
9.991114e-01
9.985358e-01
9.975883e-01
9.960300e-01
9.934713e-01
9.892814e-01
9.824501e-01
9.713908e-01
9.536909e-01
9.258759e-01
8.833970e-01
8.212736e-01
7.359454e-01
6.283162e-01
5.062497e-01
3.834335e-01
2.738850e-01
1.861838e-01
1.218529e-01
7.762946e-02
4.856815e-02
3.003199e-02
1.843314e-02
1.126195e-02
6.861119e-03
4.172744e-03
2.535059e-03
1.539126e-03
9.340930e-04
5.667644e-04
3.438366e-04
2.085757e-04
1.265179e-04
7.674085e-05
4.654705e-05
2.823276e-05
1.712420e-05
1.038644e-05
6.299702e-06
3.820991e-06
2.317534e-06
1.405673e-06
8.525700e-07
5.171234e-07
3.136394e-07
1.902432e-07
1.153783e-07
6.999014e-08
4.244264e-08
2.575109e-08
1.561151e-08
9.476117e-09
5.741229e-09
3.488613e-09
2.110445e-09
1.285705e-09
7.749998e-10
4.751103e-10
2.839281e-10
1.767494e-10
1.034562e-10
6.685452e-11
3.722406e-11
2.631306e-11
1.299943e-11
1.130229e-11
4.212186e-12
5.698442e-12
1.090628e-12
3.567369e-12
4.207745e-14
2.723932e-12
-2.537970e-13
2.363110e-12
-2.808309e-13
2.187639e-12
-2.159939e-13
2.086331e-12
-1.240674e-13
2.017886e-12
-2.742251e-14
1.966483e-12
6.611378e-14
1.925016e-12
1.543765e-13
1.891154e-12
2.370326e-13
1.863232e-12
3.146372e-13
1.840084e-12
3.868017e-13
1.821321e-12
4.550804e-13
1.806333e-12
5.190848e-13
1.794176e-12
5.798140e-13
1.785350e-12
6.372125e-13
1.778799e-12
6.915024e-13
1.774636e-12
7.435164e-13
1.772305e-12
7.931433e-13
1.771916e-12
8.405499e-13
1.773304e-12
8.861800e-13
1.776135e-12
9.298118e-13
1.780243e-12
9.723333e-13
1.785683e-12
1.012856e-12
1.791955e-12
1.051992e-12
1.799227e-12
1.089850e-12
1.806943e-12
1.126488e-12
1.815603e-12
1.161848e-12
1.825318e-12
1.196654e-12
1.835754e-12
1.230405e-12
1.846634e-12
1.263767e-12
1.858458e-12
1.296130e-12
1.870726e-12
1.327938e-12
1.883993e-12
1.359413e-12
1.897260e-12
1.390443e-12
1.911638e-12
1.421030e-12
1.926792e-12
1.451617e-12
1.942224e-12
1.481315e-12
1.957989e-12
1.511069e-12
1.974254e-12
1.540046e-12
1.990408e-12
1.568579e-12
2.007006e-12
1.596445e-12
2.023270e-12
1.623701e-12
2.039702e-12
1.649902e-12
2.055744e-12
1.675993e-12
2.071954e-12
1.700973e-12
2.087663e-12
1.725731e-12
2.103873e-12
1.749823e-12
2.119360e-12
1.773359e-12
2.134959e-12
1.796230e-12
2.149891e-12
1.818379e-12
2.165157e-12
1.840084e-12
2.180145e-12
1.861622e-12
2.195022e-12
1.882217e-12
2.209621e-12
1.902922e-12
2.224332e-12
1.922518e-12
2.238154e-12
1.941503e-12
2.252087e-12
1.959988e-12
2.265077e-12
1.977751e-12
2.277845e-12
1.994516e-12
2.290279e-12
2.011225e-12
2.302381e-12
2.026934e-12
2.313705e-12
2.042144e-12
2.325140e-12
2.056688e-12
2.335743e-12
2.070732e-12
2.346456e-12
2.084166e-12
2.356115e-12
2.096934e-12
2.365663e-12
2.109202e-12
2.375211e-12
2.121303e-12
2.384426e-12
2.132794e-12
2.392864e-12
2.143841e-12
2.401634e-12
2.154110e-12
2.409628e-12
2.164213e-12
2.417455e-12
2.173706e-12
2.424727e-12
2.182809e-12
2.431610e-12
2.190581e-12
2.437828e-12
2.198242e-12
2.443379e-12
2.204847e-12
2.448319e-12
2.211009e-12
2.453038e-12
2.216172e-12
2.456813e-12
2.220890e-12
2.460476e-12
2.225053e-12
2.463252e-12
2.228606e-12
2.465861e-12
2.231382e-12
2.467915e-12
2.233880e-12
2.469525e-12
2.235545e-12
2.470579e-12
2.237266e-12
2.471356e-12
2.237543e-12
2.471467e-12
