2.233325e-12
2.466582e-12
2.232159e-12
2.465583e-12
2.230827e-12
2.464418e-12
2.228773e-12
2.462253e-12
2.226275e-12
2.459921e-12
2.223000e-12
2.456979e-12
2.219558e-12
2.454259e-12
2.215561e-12
2.450817e-12
2.211731e-12
2.448042e-12
2.207623e-12
2.444600e-12
2.202905e-12
2.440936e-12
2.197797e-12
2.436940e-12
2.192246e-12
2.432388e-12
2.185918e-12
2.427336e-12
2.179201e-12
2.422174e-12
2.171596e-12
2.416067e-12
2.163658e-12
2.409684e-12
2.154776e-12
2.402800e-12
2.145839e-12
2.396028e-12
2.136125e-12
2.388201e-12
2.125689e-12
2.380429e-12
2.114864e-12
2.371714e-12
2.103540e-12
2.363221e-12
2.091327e-12
2.353784e-12
2.079004e-12
2.344569e-12
2.065681e-12
2.334744e-12
2.052136e-12
2.324474e-12
2.037814e-12
2.313705e-12
2.022882e-12
2.302158e-12
2.007117e-12
2.290501e-12
1.990741e-12
2.278622e-12
1.973532e-12
2.265910e-12
1.955991e-12
2.253087e-12
1.937672e-12
2.239542e-12
1.918687e-12
2.226330e-12
1.898981e-12
2.212008e-12
1.878719e-12
2.197631e-12
1.857570e-12
2.182532e-12
1.835809e-12
2.167544e-12
1.812994e-12
2.151501e-12
1.790068e-12
2.136069e-12
1.766254e-12
2.119971e-12
1.741829e-12
2.103651e-12
1.716238e-12
2.086720e-12
1.690259e-12
2.069733e-12
1.663392e-12
2.052469e-12
1.636025e-12
2.035372e-12
1.607658e-12
2.017664e-12
1.578682e-12
1.999956e-12
1.548872e-12
1.982359e-12
1.518730e-12
1.965206e-12
1.487699e-12
1.947664e-12
1.456113e-12
1.930400e-12
1.423917e-12
1.913358e-12
1.391331e-12
1.897316e-12
1.357692e-12
1.880940e-12
1.324052e-12
1.865730e-12
1.289635e-12
1.850686e-12
1.254552e-12
1.836253e-12
1.218581e-12
1.822431e-12
1.182054e-12
1.809108e-12
1.144140e-12
1.796341e-12
1.105560e-12
1.784572e-12
1.065537e-12
1.773526e-12
1.024958e-12
1.763423e-12
9.830470e-13
1.754485e-12
9.399148e-13
1.747102e-12
8.952838e-13
1.740719e-12
8.495982e-13
1.735778e-12
8.019141e-13
1.732281e-12
7.526757e-13
1.731171e-12
7.012169e-13
1.731559e-12
6.483147e-13
1.735057e-12
5.929146e-13
1.740774e-12
5.347944e-13
1.749101e-12
4.737322e-13
1.760925e-12
4.097833e-13
1.776190e-12
3.420042e-13
1.795231e-12
2.701173e-13
1.819211e-12
1.935119e-13
1.848077e-12
1.121880e-13
1.883327e-12
2.514655e-14
1.926070e-12
-6.683543e-14
1.979306e-12
-1.622591e-13
2.048861e-12
-2.529088e-13
2.151612e-12
-3.160805e-13
2.328471e-12
-2.875478e-13
2.690737e-12
9.159340e-15
3.534950e-12
1.059097e-12
5.667411e-12
4.181766e-12
1.127276e-11
1.297040e-11
2.628486e-11
3.719680e-11
6.682810e-11
1.034305e-10
1.767247e-10
2.839045e-10
4.750872e-10
7.749777e-10
1.285684e-09
2.110424e-09
3.488594e-09
5.741211e-09
9.476100e-09
1.561149e-08
2.575107e-08
4.244263e-08
6.999012e-08
1.153783e-07
1.902432e-07
3.136394e-07
5.171234e-07
8.525700e-07
1.405673e-06
2.317534e-06
3.820991e-06
6.299702e-06
1.038644e-05
1.712420e-05
2.823276e-05
4.654705e-05
7.674085e-05
1.265179e-04
2.085757e-04
3.438366e-04
5.667644e-04
9.340930e-04
1.539126e-03
2.535059e-03
4.172744e-03
6.861119e-03
1.126195e-02
1.843314e-02
3.003199e-02
4.856815e-02
7.762946e-02
1.218529e-01
1.861838e-01
2.738850e-01
3.834335e-01
5.062497e-01
6.283162e-01
7.359454e-01
8.212736e-01
8.833970e-01
9.258759e-01
9.536909e-01
9.713908e-01
9.824501e-01
9.892814e-01
9.934713e-01
9.960300e-01
9.975883e-01
9.985358e-01
9.991114e-01
9.994609e-01
9.996729e-01
9.998016e-01
9.998797e-01
9.999270e-01
9.999557e-01
9.999731e-01
9.999837e-01
9.999901e-01
9.999940e-01
9.999964e-01
9.999978e-01
9.999987e-01
9.999992e-01
9.999995e-01
9.999997e-01
9.999998e-01
9.999999e-01
9.999999e-01
1.000000e+00
1.000000e+00
1.000000e+00
1.000000e+00
1.000000e+00
1.000000e+00
1.000000e+00
1.000000e+00
1.000000e+00
1.000000e+00
1.000000e+00
1.000000e+00
1.000000e+00
1.000000e+00
1.000000e+00
1.000000e+00
1.000000e+00
1.000000e+00
1.000000e+00
1.000000e+00
1.000000e+00
1.000000e+00
1.000000e+00
1.000000e+00
1.000000e+00
1.000000e+00
1.000000e+00
1.000000e+00
1.000000e+00
1.000000e+00
1.000000e+00
1.000000e+00
1.000000e+00
1.000000e+00
1.000000e+00
1.000000e+00
1.000000e+00
1.000000e+00
1.000000e+00
1.000000e+00
1.000000e+00
1.000000e+00
1.000000e+00
1.000000e+00
1.000000e+00
1.000000e+00
1.000000e+00
1.000000e+00
1.000000e+00
1.000000e+00
1.000000e+00
1.000000e+00
1.000000e+00
1.000000e+00
1.000000e+00
1.000000e+00
1.000000e+00
1.000000e+00
1.000000e+00
1.000000e+00
1.000000e+00
1.000000e+00
1.000000e+00
1.000000e+00
1.000000e+00
1.000000e+00
1.000000e+00
1.000000e+00
1.000000e+00
1.000000e+00
1.000000e+00
1.000000e+00
1.000000e+00
1.000000e+00
1.000000e+00
1.000000e+00
1.000000e+00
1.000000e+00
1.000000e+00
1.000000e+00
1.000000e+00
1.000000e+00
1.000000e+00
1.000000e+00
1.000000e+00
1.000000e+00
1.000000e+00
1.000000e+00
1.000000e+00
1.000000e+00
1.000000e+00
1.000000e+00
1.000000e+00
1.000000e+00
1.000000e+00
1.000000e+00
1.000000e+00
1.000000e+00
1.000000e+00
1.000000e+00
1.000000e+00
1.000000e+00
1.000000e+00
1.000000e+00
1.000000e+00
1.000000e+00
1.000000e+00
1.000000e+00
1.000000e+00
1.000000e+00
1.000000e+00
1.000000e+00
1.000000e+00
1.000000e+00
1.000000e+00
1.000000e+00
1.000000e+00
1.000000e+00
1.000000e+00
1.000000e+00
1.000000e+00
1.000000e+00
1.000000e+00
1.000000e+00
1.000000e+00
1.000000e+00
1.000000e+00
1.000000e+00
1.000000e+00
1.000000e+00
1.000000e+00
1.000000e+00
1.000000e+00
1.000000e+00
1.000000e+00
1.000000e+00
1.000000e+00
1.000000e+00
1.000000e+00
1.000000e+00
1.000000e+00
1.000000e+00
1.000000e+00
1.000000e+00
1.000000e+00
1.000000e+00
1.000000e+00
1.000000e+00
1.000000e+00
1.000000e+00
1.000000e+00
1.000000e+00
1.000000e+00
1.000000e+00
1.000000e+00
1.000000e+00
1.000000e+00
1.000000e+00
1.000000e+00
1.000000e+00
1.000000e+00
1.000000e+00
1.000000e+00
1.000000e+00
1.000000e+00
1.000000e+00
1.000000e+00
1.000000e+00
1.000000e+00
1.000000e+00
1.000000e+00
1.000000e+00
1.000000e+00
1.000000e+00
1.000000e+00
1.000000e+00
1.000000e+00
1.000000e+00
1.000000e+00
1.000000e+00
1.000000e+00
1.000000e+00
1.000000e+00
1.000000e+00
1.000000e+00
1.000000e+00
1.000000e+00
1.000000e+00
1.000000e+00
1.000000e+00
1.000000e+00
1.000000e+00
1.000000e+00
1.000000e+00
1.000000e+00
1.000000e+00
1.000000e+00
1.000000e+00
1.000000e+00
1.000000e+00
1.000000e+00
1.000000e+00
1.000000e+00
1.000000e+00
1.000000e+00
1.000000e+00
1.000000e+00
1.000000e+00
1.000000e+00
1.000000e+00
1.000000e+00
1.000000e+00
1.000000e+00
1.000000e+00
1.000000e+00
1.000000e+00
1.000000e+00
1.000000e+00
1.000000e+00
1.000000e+00
1.000000e+00
1.000000e+00
1.000000e+00
1.000000e+00
1.000000e+00
1.000000e+00
1.000000e+00
1.000000e+00
1.000000e+00
1.000000e+00
1.000000e+00
1.000000e+00
1.000000e+00
1.000000e+00
1.000000e+00
1.000000e+00
1.000000e+00
1.000000e+00
1.000000e+00
1.000000e+00
1.000000e+00
1.000000e+00
1.000000e+00
1.000000e+00
1.000000e+00
1.000000e+00
1.000000e+00
1.000000e+00
1.000000e+00
1.000000e+00
1.000000e+00
1.000000e+00
1.000000e+00
1.000000e+00
1.000000e+00
1.000000e+00
1.000000e+00
1.000000e+00
1.000000e+00
1.000000e+00
1.000000e+00
1.000000e+00
1.000000e+00
1.000000e+00
1.000000e+00
1.000000e+00
1.000000e+00
1.000000e+00
1.000000e+00
1.000000e+00
1.000000e+00
1.000000e+00
1.000000e+00
1.000000e+00
1.000000e+00
1.000000e+00
1.000000e+00
1.000000e+00
1.000000e+00
1.000000e+00
1.000000e+00
1.000000e+00
1.000000e+00
1.000000e+00
1.000000e+00
1.000000e+00
1.000000e+00
1.000000e+00
1.000000e+00
1.000000e+00
1.000000e+00
1.000000e+00
1.000000e+00
1.000000e+00
1.000000e+00
1.000000e+00
1.000000e+00
1.000000e+00
1.000000e+00
1.000000e+00
1.000000e+00
1.000000e+00
1.000000e+00
1.000000e+00
1.000000e+00
1.000000e+00
1.000000e+00
1.000000e+00
1.000000e+00
1.000000e+00
1.000000e+00
1.000000e+00
1.000000e+00
1.000000e+00
1.000000e+00
1.000000e+00
1.000000e+00
1.000000e+00
1.000000e+00
1.000000e+00
1.000000e+00
1.000000e+00
1.000000e+00
1.000000e+00
1.000000e+00
1.000000e+00
1.000000e+00
1.000000e+00
1.000000e+00
1.000000e+00
1.000000e+00
1.000000e+00
1.000000e+00
1.000000e+00
1.000000e+00
1.000000e+00
1.000000e+00
1.000000e+00
1.000000e+00
1.000000e+00
1.000000e+00
1.000000e+00
1.000000e+00
1.000000e+00
1.000000e+00
1.000000e+00
1.000000e+00
1.000000e+00
1.000000e+00
1.000000e+00
1.000000e+00
1.000000e+00
1.000000e+00
1.000000e+00
1.000000e+00
1.000000e+00
1.000000e+00
1.000000e+00
1.000000e+00
1.000000e+00
1.000000e+00
1.000000e+00
1.000000e+00
1.000000e+00
1.000000e+00
1.000000e+00
1.000000e+00
1.000000e+00
1.000000e+00
1.000000e+00
1.000000e+00
1.000000e+00
1.000000e+00
1.000000e+00
1.000000e+00
1.000000e+00
1.000000e+00
1.000000e+00
1.000000e+00
1.000000e+00
1.000000e+00
1.000000e+00
1.000000e+00
1.000000e+00
1.000000e+00
1.000000e+00
1.000000e+00
1.000000e+00
1.000000e+00
1.000000e+00
1.000000e+00
1.000000e+00
1.000000e+00
1.000000e+00
1.000000e+00
1.000000e+00
1.000000e+00
1.000000e+00
1.000000e+00
1.000000e+00
1.000000e+00
1.000000e+00
1.000000e+00
1.000000e+00
1.000000e+00
1.000000e+00
1.000000e+00
1.000000e+00
1.000000e+00
1.000000e+00
1.000000e+00
1.000000e+00
1.000000e+00
1.000000e+00
1.000000e+00
1.000000e+00
1.000000e+00
1.000000e+00
1.000000e+00
1.000000e+00
1.000000e+00
1.000000e+00
1.000000e+00
1.000000e+00
1.000000e+00
1.000000e+00
1.000000e+00
1.000000e+00
1.000000e+00
1.000000e+00
1.000000e+00
1.000000e+00
1.000000e+00
1.000000e+00
1.000000e+00
1.000000e+00
1.000000e+00
1.000000e+00
1.000000e+00
1.000000e+00
1.000000e+00
1.000000e+00
1.000000e+00
1.000000e+00
1.000000e+00
1.000000e+00
1.000000e+00
1.000000e+00
1.000000e+00
1.000000e+00
1.000000e+00
1.000000e+00
1.000000e+00
1.000000e+00
1.000000e+00
1.000000e+00
1.000000e+00
1.000000e+00
1.000000e+00
1.000000e+00
1.000000e+00
1.000000e+00
1.000000e+00
1.000000e+00
1.000000e+00
1.000000e+00
1.000000e+00
1.000000e+00
1.000000e+00
1.000000e+00
1.000000e+00
1.000000e+00
1.000000e+00
1.000000e+00
1.000000e+00
1.000000e+00
1.000000e+00
1.000000e+00
1.000000e+00
1.000000e+00
1.000000e+00
1.000000e+00
1.000000e+00
1.000000e+00
1.000000e+00
1.000000e+00
1.000000e+00
1.000000e+00
1.000000e+00
1.000000e+00
1.000000e+00
1.000000e+00
1.000000e+00
1.000000e+00
1.000000e+00
1.000000e+00
1.000000e+00
9.999999e-01
9.999999e-01
9.999998e-01
9.999997e-01
9.999995e-01
9.999992e-01
9.999987e-01
9.999978e-01
9.999964e-01
9.999940e-01
9.999901e-01
9.999837e-01
9.999731e-01
9.999557e-01
9.999270e-01
9.998797e-01
9.998016e-01
9.996729e-01
9.994609e-01
9.991114e-01
9.985358e-01
9.975883e-01
9.960300e-01
9.934713e-01
9.892814e-01
9.824501e-01
9.713908e-01
9.536909e-01
9.258759e-01
8.833970e-01
8.212736e-01
7.359454e-01
6.283162e-01
5.062497e-01
3.834335e-01
2.738850e-01
1.861838e-01
1.218529e-01
7.762946e-02
4.856815e-02
3.003199e-02
1.843314e-02
1.126195e-02
6.861119e-03
4.172744e-03
2.535059e-03
1.539126e-03
9.340930e-04
5.667644e-04
3.438366e-04
2.085757e-04
1.265179e-04
7.674085e-05
4.654705e-05
2.823276e-05
1.712420e-05
1.038644e-05
6.299702e-06
3.820991e-06
2.317534e-06
1.405673e-06
8.525700e-07
5.171234e-07
3.136394e-07
1.902432e-07
1.153783e-07
6.999014e-08
4.244264e-08
2.575109e-08
1.561151e-08
9.476118e-09
5.741230e-09
3.488614e-09
2.110445e-09
1.285706e-09
7.750004e-10
4.751113e-10
2.839291e-10
1.767508e-10
1.034576e-10
6.685602e-11
3.722589e-11
2.631473e-11
1.300127e-11
1.130429e-11
4.213963e-12
5.700218e-12
1.092737e-12
3.569589e-12
4.451994e-14
2.726430e-12
-2.512435e-13
2.365830e-12
-2.784994e-13
2.189804e-12
-2.139955e-13
2.088441e-12
-1.221800e-13
2.019662e-12
-2.553513e-14
1.968092e-12
6.766809e-14
1.926515e-12
1.558198e-13
1.892264e-12
2.382539e-13
1.864231e-12
3.154699e-13
1.841194e-12
3.879119e-13
1.822265e-12
4.559686e-13
1.807110e-12
5.200285e-13
1.794953e-12
5.805911e-13
1.785960e-12
6.372680e-13
1.778855e-12
6.917245e-13
1.774747e-12
7.435164e-13
1.772416e-12
7.930323e-13
1.771916e-12
8.403833e-13
1.773082e-12
8.857359e-13
1.775580e-12
9.292012e-13
1.779188e-12
9.710566e-13
1.784239e-12
1.010969e-12
1.790068e-12
1.050160e-12
1.796951e-12
1.087797e-12
1.804945e-12
1.124545e-12
1.814160e-12
1.160128e-12
1.823874e-12
1.195155e-12
1.834199e-12
1.229183e-12
1.845135e-12
1.262324e-12
1.857070e-12
1.294465e-12
1.869394e-12
1.326939e-12
1.882938e-12
1.358635e-12
1.896761e-12
1.389722e-12
1.911138e-12
1.420364e-12
1.926015e-12
1.450895e-12
1.941336e-12
1.480482e-12
1.956824e-12
1.509903e-12
1.973033e-12
1.538603e-12
1.989076e-12
1.567191e-12
2.005396e-12
1.594891e-12
2.021772e-12
1.621980e-12
2.038369e-12
1.648681e-12
2.054523e-12
1.674660e-12
2.070788e-12
1.699973e-12
2.086609e-12
1.724676e-12
2.102540e-12
1.748379e-12
2.117861e-12
1.771916e-12
2.133405e-12
1.794676e-12
2.148892e-12
1.817047e-12
2.164047e-12
1.838918e-12
2.178868e-12
1.860234e-12
2.193412e-12
1.880662e-12
2.207512e-12
1.900646e-12
2.221834e-12
1.919687e-12
2.235323e-12
1.938727e-12
2.248868e-12
1.956879e-12
2.262024e-12
1.974809e-12
2.275291e-12
1.991962e-12
2.287837e-12
2.008727e-12
2.299938e-12
2.024603e-12
2.311484e-12
2.040090e-12
2.323142e-12
2.054523e-12
2.333744e-12
2.069067e-12
2.344902e-12
2.082834e-12
2.354950e-12
2.095879e-12
2.365108e-12
2.108258e-12
2.374323e-12
2.120581e-12
2.383482e-12
2.131850e-12
2.392198e-12
2.142841e-12
2.400469e-12
2.152778e-12
2.407963e-12
2.162381e-12
2.415290e-12
2.171374e-12
2.422285e-12
2.180145e-12
2.429168e-12
2.187972e-12
2.435163e-12
2.195411e-12
2.440714e-12
2.202016e-12
2.445544e-12
2.208012e-12
2.450151e-12
2.213119e-12
2.453759e-12
2.218170e-12
2.457534e-12
2.222056e-12
2.460476e-12
2.225553e-12
2.463085e-12
2.228662e-12
2.465084e-12
2.231104e-12
2.466638e-12
2.232547e-12
2.467249e-12
2.233547e-12
2.467693e-12
2.233491e-12
2.467526e-12
