2.227662e-12
2.461364e-12
2.226441e-12
2.459921e-12
2.225220e-12
2.458478e-12
2.223111e-12
2.456702e-12
2.221057e-12
2.454703e-12
2.218004e-12
2.452094e-12
2.214728e-12
2.449430e-12
2.210843e-12
2.446265e-12
2.207068e-12
2.442935e-12
2.202571e-12
2.439604e-12
2.197909e-12
2.435940e-12
2.192579e-12
2.431944e-12
2.186917e-12
2.427281e-12
2.180534e-12
2.421841e-12
2.173595e-12
2.416456e-12
2.166045e-12
2.410627e-12
2.158052e-12
2.404299e-12
2.149114e-12
2.396972e-12
2.140010e-12
2.389922e-12
2.129963e-12
2.382317e-12
2.119971e-12
2.374545e-12
2.108980e-12
2.365885e-12
2.097378e-12
2.357226e-12
2.085332e-12
2.347900e-12
2.073064e-12
2.338463e-12
2.059575e-12
2.328360e-12
2.045808e-12
2.318146e-12
2.031375e-12
2.307488e-12
2.016720e-12
2.296274e-12
2.000955e-12
2.284395e-12
1.984635e-12
2.272571e-12
1.967593e-12
2.260192e-12
1.950273e-12
2.247202e-12
1.931788e-12
2.233769e-12
1.912859e-12
2.220113e-12
1.892930e-12
2.205847e-12
1.872724e-12
2.191358e-12
1.851297e-12
2.176204e-12
1.829259e-12
2.161105e-12
1.806499e-12
2.145228e-12
1.783573e-12
2.129408e-12
1.759426e-12
2.113143e-12
1.734946e-12
2.096989e-12
1.709743e-12
2.080336e-12
1.683931e-12
2.063627e-12
1.656952e-12
2.046141e-12
1.629641e-12
2.028933e-12
1.601441e-12
2.011669e-12
1.572575e-12
1.994238e-12
1.542988e-12
1.976586e-12
1.512901e-12
1.959266e-12
1.481815e-12
1.941836e-12
1.450562e-12
1.924849e-12
1.418310e-12
1.907918e-12
1.385558e-12
1.891431e-12
1.352030e-12
1.875167e-12
1.318334e-12
1.859679e-12
1.283640e-12
1.844747e-12
1.248501e-12
1.830369e-12
1.212808e-12
1.816713e-12
1.176170e-12
1.803446e-12
1.138589e-12
1.790790e-12
1.099953e-12
1.779188e-12
1.060374e-12
1.768252e-12
1.019740e-12
1.758316e-12
9.775514e-13
1.749156e-12
9.346968e-13
1.741718e-12
8.900658e-13
1.735168e-12
8.443246e-13
1.730449e-12
7.966405e-13
1.727007e-12
7.471246e-13
1.725731e-12
6.958323e-13
1.726175e-12
6.426526e-13
1.729228e-12
5.870304e-13
1.735001e-12
5.292433e-13
1.743772e-12
4.684031e-13
1.755707e-12
4.045653e-13
1.771028e-12
3.368972e-13
1.790290e-12
2.651768e-13
1.814382e-12
1.889044e-13
1.843581e-12
1.075251e-13
1.878830e-12
2.042810e-14
1.921241e-12
-7.149836e-14
1.974421e-12
-1.669220e-13
2.044420e-12
-2.571832e-13
2.147282e-12
-3.204104e-13
2.324529e-12
-2.917666e-13
2.686851e-12
5.273559e-15
3.531397e-12
1.055822e-12
5.664136e-12
4.178657e-12
1.126965e-11
1.296752e-11
2.628209e-11
3.719408e-11
6.682566e-11
1.034283e-10
1.767227e-10
2.839022e-10
4.750853e-10
7.749758e-10
1.285683e-09
2.110423e-09
3.488593e-09
5.741210e-09
9.476099e-09
1.561149e-08
2.575107e-08
4.244263e-08
6.999012e-08
1.153783e-07
1.902432e-07
3.136394e-07
5.171234e-07
8.525700e-07
1.405673e-06
2.317534e-06
3.820991e-06
6.299702e-06
1.038644e-05
1.712420e-05
2.823276e-05
4.654705e-05
7.674085e-05
1.265179e-04
2.085757e-04
3.438366e-04
5.667644e-04
9.340930e-04
1.539126e-03
2.535059e-03
4.172744e-03
6.861119e-03
1.126195e-02
1.843314e-02
3.003199e-02
4.856815e-02
7.762946e-02
1.218529e-01
1.861838e-01
2.738850e-01
3.834335e-01
5.062497e-01
6.283162e-01
7.359454e-01
8.212736e-01
8.833970e-01
9.258759e-01
9.536909e-01
9.713908e-01
9.824501e-01
9.892814e-01
9.934713e-01
9.960300e-01
9.975883e-01
9.985358e-01
9.991114e-01
9.994609e-01
9.996729e-01
9.998016e-01
9.998797e-01
9.999270e-01
9.999557e-01
9.999731e-01
9.999837e-01
9.999901e-01
9.999940e-01
9.999964e-01
9.999978e-01
9.999987e-01
9.999992e-01
9.999995e-01
9.999997e-01
9.999998e-01
9.999999e-01
9.999999e-01
1.000000e+00
1.000000e+00
1.000000e+00
1.000000e+00
1.000000e+00
1.000000e+00
1.000000e+00
1.000000e+00
1.000000e+00
1.000000e+00
1.000000e+00
1.000000e+00
1.000000e+00
1.000000e+00
1.000000e+00
1.000000e+00
1.000000e+00
1.000000e+00
1.000000e+00
1.000000e+00
1.000000e+00
1.000000e+00
1.000000e+00
1.000000e+00
1.000000e+00
1.000000e+00
1.000000e+00
1.000000e+00
1.000000e+00
1.000000e+00
1.000000e+00
1.000000e+00
1.000000e+00
1.000000e+00
1.000000e+00
1.000000e+00
1.000000e+00
1.000000e+00
1.000000e+00
1.000000e+00
1.000000e+00
1.000000e+00
1.000000e+00
1.000000e+00
1.000000e+00
1.000000e+00
1.000000e+00
1.000000e+00
1.000000e+00
1.000000e+00
1.000000e+00
1.000000e+00
1.000000e+00
1.000000e+00
1.000000e+00
1.000000e+00
1.000000e+00
1.000000e+00
1.000000e+00
1.000000e+00
1.000000e+00
1.000000e+00
1.000000e+00
1.000000e+00
1.000000e+00
1.000000e+00
1.000000e+00
1.000000e+00
1.000000e+00
1.000000e+00
1.000000e+00
1.000000e+00
1.000000e+00
1.000000e+00
1.000000e+00
1.000000e+00
1.000000e+00
1.000000e+00
1.000000e+00
1.000000e+00
1.000000e+00
1.000000e+00
1.000000e+00
1.000000e+00
1.000000e+00
1.000000e+00
1.000000e+00
1.000000e+00
1.000000e+00
1.000000e+00
1.000000e+00
1.000000e+00
1.000000e+00
1.000000e+00
1.000000e+00
1.000000e+00
1.000000e+00
1.000000e+00
1.000000e+00
1.000000e+00
1.000000e+00
1.000000e+00
1.000000e+00
1.000000e+00
1.000000e+00
1.000000e+00
1.000000e+00
1.000000e+00
1.000000e+00
1.000000e+00
1.000000e+00
1.000000e+00
1.000000e+00
1.000000e+00
1.000000e+00
1.000000e+00
1.000000e+00
1.000000e+00
1.000000e+00
1.000000e+00
1.000000e+00
1.000000e+00
1.000000e+00
1.000000e+00
1.000000e+00
1.000000e+00
1.000000e+00
1.000000e+00
1.000000e+00
1.000000e+00
1.000000e+00
1.000000e+00
1.000000e+00
1.000000e+00
1.000000e+00
1.000000e+00
1.000000e+00
1.000000e+00
1.000000e+00
1.000000e+00
1.000000e+00
1.000000e+00
1.000000e+00
1.000000e+00
1.000000e+00
1.000000e+00
1.000000e+00
1.000000e+00
1.000000e+00
1.000000e+00
1.000000e+00
1.000000e+00
1.000000e+00
1.000000e+00
1.000000e+00
1.000000e+00
1.000000e+00
1.000000e+00
1.000000e+00
1.000000e+00
1.000000e+00
1.000000e+00
1.000000e+00
1.000000e+00
1.000000e+00
1.000000e+00
1.000000e+00
1.000000e+00
1.000000e+00
1.000000e+00
1.000000e+00
1.000000e+00
1.000000e+00
1.000000e+00
1.000000e+00
1.000000e+00
1.000000e+00
1.000000e+00
1.000000e+00
1.000000e+00
1.000000e+00
1.000000e+00
1.000000e+00
1.000000e+00
1.000000e+00
1.000000e+00
1.000000e+00
1.000000e+00
1.000000e+00
1.000000e+00
1.000000e+00
1.000000e+00
1.000000e+00
1.000000e+00
1.000000e+00
1.000000e+00
1.000000e+00
1.000000e+00
1.000000e+00
1.000000e+00
1.000000e+00
1.000000e+00
1.000000e+00
1.000000e+00
1.000000e+00
1.000000e+00
1.000000e+00
1.000000e+00
1.000000e+00
1.000000e+00
1.000000e+00
1.000000e+00
1.000000e+00
1.000000e+00
1.000000e+00
1.000000e+00
1.000000e+00
1.000000e+00
1.000000e+00
1.000000e+00
1.000000e+00
1.000000e+00
1.000000e+00
1.000000e+00
1.000000e+00
1.000000e+00
1.000000e+00
1.000000e+00
1.000000e+00
1.000000e+00
1.000000e+00
1.000000e+00
1.000000e+00
1.000000e+00
1.000000e+00
1.000000e+00
1.000000e+00
1.000000e+00
1.000000e+00
1.000000e+00
1.000000e+00
1.000000e+00
1.000000e+00
1.000000e+00
1.000000e+00
1.000000e+00
1.000000e+00
1.000000e+00
1.000000e+00
1.000000e+00
1.000000e+00
1.000000e+00
1.000000e+00
1.000000e+00
1.000000e+00
1.000000e+00
1.000000e+00
1.000000e+00
1.000000e+00
1.000000e+00
1.000000e+00
1.000000e+00
1.000000e+00
1.000000e+00
1.000000e+00
1.000000e+00
1.000000e+00
1.000000e+00
1.000000e+00
1.000000e+00
1.000000e+00
1.000000e+00
1.000000e+00
1.000000e+00
1.000000e+00
1.000000e+00
1.000000e+00
1.000000e+00
1.000000e+00
1.000000e+00
1.000000e+00
1.000000e+00
1.000000e+00
1.000000e+00
1.000000e+00
1.000000e+00
1.000000e+00
1.000000e+00
1.000000e+00
1.000000e+00
1.000000e+00
1.000000e+00
1.000000e+00
1.000000e+00
1.000000e+00
1.000000e+00
1.000000e+00
1.000000e+00
1.000000e+00
1.000000e+00
1.000000e+00
1.000000e+00
1.000000e+00
1.000000e+00
1.000000e+00
1.000000e+00
1.000000e+00
1.000000e+00
1.000000e+00
1.000000e+00
1.000000e+00
1.000000e+00
1.000000e+00
1.000000e+00
1.000000e+00
1.000000e+00
1.000000e+00
1.000000e+00
1.000000e+00
1.000000e+00
1.000000e+00
1.000000e+00
1.000000e+00
1.000000e+00
1.000000e+00
1.000000e+00
1.000000e+00
1.000000e+00
1.000000e+00
1.000000e+00
1.000000e+00
1.000000e+00
1.000000e+00
1.000000e+00
1.000000e+00
1.000000e+00
1.000000e+00
1.000000e+00
1.000000e+00
1.000000e+00
1.000000e+00
1.000000e+00
1.000000e+00
1.000000e+00
1.000000e+00
1.000000e+00
1.000000e+00
1.000000e+00
1.000000e+00
1.000000e+00
1.000000e+00
1.000000e+00
1.000000e+00
1.000000e+00
1.000000e+00
1.000000e+00
1.000000e+00
1.000000e+00
1.000000e+00
1.000000e+00
1.000000e+00
1.000000e+00
1.000000e+00
1.000000e+00
1.000000e+00
1.000000e+00
1.000000e+00
1.000000e+00
1.000000e+00
1.000000e+00
1.000000e+00
1.000000e+00
1.000000e+00
1.000000e+00
1.000000e+00
1.000000e+00
1.000000e+00
1.000000e+00
1.000000e+00
1.000000e+00
1.000000e+00
1.000000e+00
1.000000e+00
1.000000e+00
1.000000e+00
1.000000e+00
1.000000e+00
1.000000e+00
1.000000e+00
1.000000e+00
1.000000e+00
1.000000e+00
1.000000e+00
1.000000e+00
1.000000e+00
1.000000e+00
1.000000e+00
1.000000e+00
1.000000e+00
1.000000e+00
1.000000e+00
1.000000e+00
1.000000e+00
1.000000e+00
1.000000e+00
1.000000e+00
1.000000e+00
1.000000e+00
1.000000e+00
1.000000e+00
1.000000e+00
1.000000e+00
1.000000e+00
1.000000e+00
1.000000e+00
1.000000e+00
1.000000e+00
1.000000e+00
1.000000e+00
1.000000e+00
1.000000e+00
1.000000e+00
1.000000e+00
1.000000e+00
1.000000e+00
1.000000e+00
1.000000e+00
1.000000e+00
1.000000e+00
1.000000e+00
1.000000e+00
1.000000e+00
1.000000e+00
1.000000e+00
1.000000e+00
1.000000e+00
1.000000e+00
1.000000e+00
1.000000e+00
1.000000e+00
1.000000e+00
1.000000e+00
1.000000e+00
1.000000e+00
1.000000e+00
1.000000e+00
1.000000e+00
1.000000e+00
1.000000e+00
1.000000e+00
1.000000e+00
1.000000e+00
1.000000e+00
1.000000e+00
1.000000e+00
1.000000e+00
1.000000e+00
1.000000e+00
1.000000e+00
1.000000e+00
1.000000e+00
1.000000e+00
1.000000e+00
1.000000e+00
1.000000e+00
1.000000e+00
1.000000e+00
1.000000e+00
1.000000e+00
1.000000e+00
1.000000e+00
1.000000e+00
1.000000e+00
1.000000e+00
1.000000e+00
1.000000e+00
1.000000e+00
1.000000e+00
1.000000e+00
1.000000e+00
1.000000e+00
1.000000e+00
1.000000e+00
1.000000e+00
1.000000e+00
1.000000e+00
1.000000e+00
1.000000e+00
1.000000e+00
1.000000e+00
1.000000e+00
1.000000e+00
1.000000e+00
1.000000e+00
1.000000e+00
1.000000e+00
1.000000e+00
9.999999e-01
9.999999e-01
9.999998e-01
9.999997e-01
9.999995e-01
9.999992e-01
9.999987e-01
9.999978e-01
9.999964e-01
9.999940e-01
9.999901e-01
9.999837e-01
9.999731e-01
9.999557e-01
9.999270e-01
9.998797e-01
9.998016e-01
9.996729e-01
9.994609e-01
9.991114e-01
9.985358e-01
9.975883e-01
9.960300e-01
9.934713e-01
9.892814e-01
9.824501e-01
9.713908e-01
9.536909e-01
9.258759e-01
8.833970e-01
8.212736e-01
7.359454e-01
6.283162e-01
5.062497e-01
3.834335e-01
2.738850e-01
1.861838e-01
1.218529e-01
7.762946e-02
4.856815e-02
3.003199e-02
1.843314e-02
1.126195e-02
6.861119e-03
4.172744e-03
2.535059e-03
1.539126e-03
9.340930e-04
5.667644e-04
3.438366e-04
2.085757e-04
1.265179e-04
7.674085e-05
4.654705e-05
2.823276e-05
1.712420e-05
1.038644e-05
6.299702e-06
3.820991e-06
2.317534e-06
1.405673e-06
8.525700e-07
5.171234e-07
3.136394e-07
1.902432e-07
1.153783e-07
6.999014e-08
4.244264e-08
2.575109e-08
1.561151e-08
9.476116e-09
5.741228e-09
3.488612e-09
2.110443e-09
1.285704e-09
7.749985e-10
4.751091e-10
2.839271e-10
1.767486e-10
1.034555e-10
6.685363e-11
3.722334e-11
2.631229e-11
1.299866e-11
1.130174e-11
4.211298e-12
5.697887e-12
1.090183e-12
3.566647e-12
4.124479e-14
2.723155e-12
-2.545186e-13
2.362555e-12
-2.817746e-13
2.186584e-12
-2.171596e-13
2.085221e-12
-1.257328e-13
2.016165e-12
-2.930989e-14
1.964373e-12
6.405987e-14
1.922851e-12
1.521006e-13
1.888600e-12
2.343681e-13
1.860234e-12
3.115286e-13
1.836975e-12
3.836931e-13
1.817990e-12
4.518608e-13
1.802836e-12
5.155876e-13
1.790623e-12
5.759837e-13
1.781408e-12
6.329937e-13
1.774692e-12
6.876721e-13
1.770417e-12
7.392420e-13
1.768252e-12
7.888690e-13
1.767975e-12
8.362755e-13
1.769251e-12
8.819612e-13
1.771916e-12
9.255929e-13
1.775580e-12
9.673928e-13
1.780853e-12
1.007638e-12
1.786737e-12
1.046718e-12
1.793732e-12
1.084133e-12
1.801337e-12
1.120992e-12
1.810330e-12
1.156519e-12
1.819822e-12
1.191491e-12
1.830536e-12
1.225409e-12
1.841416e-12
1.258604e-12
1.853628e-12
1.291189e-12
1.866063e-12
1.323552e-12
1.879275e-12
1.355083e-12
1.893208e-12
1.386391e-12
1.907807e-12
1.417255e-12
1.922851e-12
1.447675e-12
1.938227e-12
1.477318e-12
1.953715e-12
1.506684e-12
1.969702e-12
1.535327e-12
1.985689e-12
1.563527e-12
2.001954e-12
1.590950e-12
2.017719e-12
1.618261e-12
2.034151e-12
1.644407e-12
2.050249e-12
1.670386e-12
2.066347e-12
1.695422e-12
2.082168e-12
1.719846e-12
2.097933e-12
1.743716e-12
2.113476e-12
1.767586e-12
2.129019e-12
1.790124e-12
2.144285e-12
1.812439e-12
2.159495e-12
1.834255e-12
2.174483e-12
1.855793e-12
2.189360e-12
1.876499e-12
2.203571e-12
1.896538e-12
2.217837e-12
1.915912e-12
2.231826e-12
1.935230e-12
2.245482e-12
1.953326e-12
2.258305e-12
1.971256e-12
2.271572e-12
1.988132e-12
2.284006e-12
2.005007e-12
2.295941e-12
2.020384e-12
2.307265e-12
2.035705e-12
2.318812e-12
2.049971e-12
2.329470e-12
2.064460e-12
2.340073e-12
2.077838e-12
2.350176e-12
2.091050e-12
2.360334e-12
2.103706e-12
2.369882e-12
2.115808e-12
2.378986e-12
2.126854e-12
2.387035e-12
2.137845e-12
2.395584e-12
2.148115e-12
2.403577e-12
2.158052e-12
2.410960e-12
2.166933e-12
2.417788e-12
2.175649e-12
2.424505e-12
2.183587e-12
2.430556e-12
2.191136e-12
2.436273e-12
2.197575e-12
2.441047e-12
2.203293e-12
2.445433e-12
2.208234e-12
2.448930e-12
2.213230e-12
2.452427e-12
2.216949e-12
2.455369e-12
2.220446e-12
2.457867e-12
2.223277e-12
2.459755e-12
2.225498e-12
2.460976e-12
2.226885e-12
2.461586e-12
2.227718e-12
2.462086e-12
2.228051e-12
2.462086e-12
