2.223943e-12
2.457534e-12
2.222778e-12
2.456146e-12
2.221001e-12
2.454592e-12
2.218947e-12
2.452649e-12
2.216671e-12
2.450373e-12
2.213507e-12
2.447487e-12
2.210288e-12
2.445044e-12
2.206513e-12
2.441880e-12
2.202682e-12
2.438660e-12
2.198020e-12
2.434775e-12
2.193135e-12
2.430944e-12
2.187750e-12
2.426725e-12
2.182254e-12
2.422451e-12
2.175704e-12
2.417178e-12
2.168987e-12
2.411960e-12
2.161493e-12
2.406020e-12
2.153555e-12
2.399692e-12
2.144895e-12
2.392753e-12
2.135625e-12
2.385703e-12
2.125744e-12
2.378098e-12
2.115752e-12
2.370326e-12
2.104983e-12
2.361888e-12
2.093603e-12
2.353451e-12
2.081446e-12
2.343792e-12
2.069012e-12
2.334410e-12
2.055633e-12
2.324474e-12
2.041811e-12
2.313927e-12
2.027323e-12
2.303047e-12
2.012557e-12
2.291833e-12
1.996403e-12
2.280010e-12
1.980305e-12
2.268186e-12
1.963041e-12
2.255363e-12
1.945610e-12
2.242428e-12
1.927014e-12
2.229106e-12
1.907807e-12
2.215284e-12
1.888101e-12
2.201017e-12
1.867839e-12
2.186695e-12
1.846523e-12
2.171485e-12
1.824818e-12
2.156442e-12
1.802170e-12
2.140677e-12
1.778966e-12
2.125022e-12
1.755096e-12
2.108647e-12
1.730394e-12
2.092160e-12
1.704969e-12
2.075506e-12
1.679212e-12
2.058742e-12
1.652345e-12
2.041534e-12
1.625144e-12
2.024714e-12
1.597167e-12
2.007394e-12
1.568412e-12
1.990130e-12
1.538991e-12
1.972422e-12
1.508627e-12
1.955047e-12
1.477707e-12
1.937728e-12
1.446399e-12
1.920464e-12
1.413980e-12
1.903311e-12
1.381062e-12
1.886991e-12
1.347533e-12
1.870448e-12
1.313560e-12
1.854961e-12
1.278921e-12
1.839751e-12
1.243561e-12
1.825373e-12
1.207867e-12
1.811662e-12
1.171452e-12
1.798728e-12
1.133704e-12
1.786127e-12
1.095291e-12
1.774747e-12
1.055878e-12
1.763645e-12
1.015243e-12
1.753653e-12
9.730550e-13
1.744827e-12
9.299228e-13
1.737055e-12
8.854029e-13
1.730782e-12
8.396062e-13
1.725675e-12
7.917000e-13
1.722011e-12
7.423506e-13
1.720846e-12
6.908918e-13
1.721068e-12
6.375456e-13
1.724065e-12
5.818679e-13
1.729505e-12
5.236367e-13
1.738054e-12
4.626854e-13
1.749767e-12
3.990142e-13
1.765532e-12
3.314016e-13
1.784906e-12
2.597922e-13
1.809164e-12
1.836309e-13
1.838363e-12
1.024736e-13
1.873779e-12
1.554312e-14
1.916522e-12
-7.643886e-14
1.969924e-12
-1.714184e-13
2.040035e-12
-2.615130e-13
2.143175e-12
-3.242406e-13
2.320366e-12
-2.956524e-13
2.682965e-12
1.498801e-15
3.527512e-12
1.051714e-12
5.660250e-12
4.174716e-12
1.126577e-11
1.296352e-11
2.627798e-11
3.719003e-11
6.682133e-11
1.034243e-10
1.767187e-10
2.838981e-10
4.750812e-10
7.749716e-10
1.285678e-09
2.110419e-09
3.488588e-09
5.741205e-09
9.476094e-09
1.561149e-08
2.575107e-08
4.244262e-08
6.999012e-08
1.153783e-07
1.902432e-07
3.136394e-07
5.171234e-07
8.525700e-07
1.405673e-06
2.317534e-06
3.820991e-06
6.299702e-06
1.038644e-05
1.712420e-05
2.823276e-05
4.654705e-05
7.674085e-05
1.265179e-04
2.085757e-04
3.438366e-04
5.667644e-04
9.340930e-04
1.539126e-03
2.535059e-03
4.172744e-03
6.861119e-03
1.126195e-02
1.843314e-02
3.003199e-02
4.856815e-02
7.762946e-02
1.218529e-01
1.861838e-01
2.738850e-01
3.834335e-01
5.062497e-01
6.283162e-01
7.359454e-01
8.212736e-01
8.833970e-01
9.258759e-01
9.536909e-01
9.713908e-01
9.824501e-01
9.892814e-01
9.934713e-01
9.960300e-01
9.975883e-01
9.985358e-01
9.991114e-01
9.994609e-01
9.996729e-01
9.998016e-01
9.998797e-01
9.999270e-01
9.999557e-01
9.999731e-01
9.999837e-01
9.999901e-01
9.999940e-01
9.999964e-01
9.999978e-01
9.999987e-01
9.999992e-01
9.999995e-01
9.999997e-01
9.999998e-01
9.999999e-01
9.999999e-01
1.000000e+00
1.000000e+00
1.000000e+00
1.000000e+00
1.000000e+00
1.000000e+00
1.000000e+00
1.000000e+00
1.000000e+00
1.000000e+00
1.000000e+00
1.000000e+00
1.000000e+00
1.000000e+00
1.000000e+00
1.000000e+00
1.000000e+00
1.000000e+00
1.000000e+00
1.000000e+00
1.000000e+00
1.000000e+00
1.000000e+00
1.000000e+00
1.000000e+00
1.000000e+00
1.000000e+00
1.000000e+00
1.000000e+00
1.000000e+00
1.000000e+00
1.000000e+00
1.000000e+00
1.000000e+00
1.000000e+00
1.000000e+00
1.000000e+00
1.000000e+00
1.000000e+00
1.000000e+00
1.000000e+00
1.000000e+00
1.000000e+00
1.000000e+00
1.000000e+00
1.000000e+00
1.000000e+00
1.000000e+00
1.000000e+00
1.000000e+00
1.000000e+00
1.000000e+00
1.000000e+00
1.000000e+00
1.000000e+00
1.000000e+00
1.000000e+00
1.000000e+00
1.000000e+00
1.000000e+00
1.000000e+00
1.000000e+00
1.000000e+00
1.000000e+00
1.000000e+00
1.000000e+00
1.000000e+00
1.000000e+00
1.000000e+00
1.000000e+00
1.000000e+00
1.000000e+00
1.000000e+00
1.000000e+00
1.000000e+00
1.000000e+00
1.000000e+00
1.000000e+00
1.000000e+00
1.000000e+00
1.000000e+00
1.000000e+00
1.000000e+00
1.000000e+00
1.000000e+00
1.000000e+00
1.000000e+00
1.000000e+00
1.000000e+00
1.000000e+00
1.000000e+00
1.000000e+00
1.000000e+00
1.000000e+00
1.000000e+00
1.000000e+00
1.000000e+00
1.000000e+00
1.000000e+00
1.000000e+00
1.000000e+00
1.000000e+00
1.000000e+00
1.000000e+00
1.000000e+00
1.000000e+00
1.000000e+00
1.000000e+00
1.000000e+00
1.000000e+00
1.000000e+00
1.000000e+00
1.000000e+00
1.000000e+00
1.000000e+00
1.000000e+00
1.000000e+00
1.000000e+00
1.000000e+00
1.000000e+00
1.000000e+00
1.000000e+00
1.000000e+00
1.000000e+00
1.000000e+00
1.000000e+00
1.000000e+00
1.000000e+00
1.000000e+00
1.000000e+00
1.000000e+00
1.000000e+00
1.000000e+00
1.000000e+00
1.000000e+00
1.000000e+00
1.000000e+00
1.000000e+00
1.000000e+00
1.000000e+00
1.000000e+00
1.000000e+00
1.000000e+00
1.000000e+00
1.000000e+00
1.000000e+00
1.000000e+00
1.000000e+00
1.000000e+00
1.000000e+00
1.000000e+00
1.000000e+00
1.000000e+00
1.000000e+00
1.000000e+00
1.000000e+00
1.000000e+00
1.000000e+00
1.000000e+00
1.000000e+00
1.000000e+00
1.000000e+00
1.000000e+00
1.000000e+00
1.000000e+00
1.000000e+00
1.000000e+00
1.000000e+00
1.000000e+00
1.000000e+00
1.000000e+00
1.000000e+00
1.000000e+00
1.000000e+00
1.000000e+00
1.000000e+00
1.000000e+00
1.000000e+00
1.000000e+00
1.000000e+00
1.000000e+00
1.000000e+00
1.000000e+00
1.000000e+00
1.000000e+00
1.000000e+00
1.000000e+00
1.000000e+00
1.000000e+00
1.000000e+00
1.000000e+00
1.000000e+00
1.000000e+00
1.000000e+00
1.000000e+00
1.000000e+00
1.000000e+00
1.000000e+00
1.000000e+00
1.000000e+00
1.000000e+00
1.000000e+00
1.000000e+00
1.000000e+00
1.000000e+00
1.000000e+00
1.000000e+00
1.000000e+00
1.000000e+00
1.000000e+00
1.000000e+00
1.000000e+00
1.000000e+00
1.000000e+00
1.000000e+00
1.000000e+00
1.000000e+00
1.000000e+00
1.000000e+00
1.000000e+00
1.000000e+00
1.000000e+00
1.000000e+00
1.000000e+00
1.000000e+00
1.000000e+00
1.000000e+00
1.000000e+00
1.000000e+00
1.000000e+00
1.000000e+00
1.000000e+00
1.000000e+00
1.000000e+00
1.000000e+00
1.000000e+00
1.000000e+00
1.000000e+00
1.000000e+00
1.000000e+00
1.000000e+00
1.000000e+00
1.000000e+00
1.000000e+00
1.000000e+00
1.000000e+00
1.000000e+00
1.000000e+00
1.000000e+00
1.000000e+00
1.000000e+00
1.000000e+00
1.000000e+00
1.000000e+00
1.000000e+00
1.000000e+00
1.000000e+00
1.000000e+00
1.000000e+00
1.000000e+00
1.000000e+00
1.000000e+00
1.000000e+00
1.000000e+00
1.000000e+00
1.000000e+00
1.000000e+00
1.000000e+00
1.000000e+00
1.000000e+00
1.000000e+00
1.000000e+00
1.000000e+00
1.000000e+00
1.000000e+00
1.000000e+00
1.000000e+00
1.000000e+00
1.000000e+00
1.000000e+00
1.000000e+00
1.000000e+00
1.000000e+00
1.000000e+00
1.000000e+00
1.000000e+00
1.000000e+00
1.000000e+00
1.000000e+00
1.000000e+00
1.000000e+00
1.000000e+00
1.000000e+00
1.000000e+00
1.000000e+00
1.000000e+00
1.000000e+00
1.000000e+00
1.000000e+00
1.000000e+00
1.000000e+00
1.000000e+00
1.000000e+00
1.000000e+00
1.000000e+00
1.000000e+00
1.000000e+00
1.000000e+00
1.000000e+00
1.000000e+00
1.000000e+00
1.000000e+00
1.000000e+00
1.000000e+00
1.000000e+00
1.000000e+00
1.000000e+00
1.000000e+00
1.000000e+00
1.000000e+00
1.000000e+00
1.000000e+00
1.000000e+00
1.000000e+00
1.000000e+00
1.000000e+00
1.000000e+00
1.000000e+00
1.000000e+00
1.000000e+00
1.000000e+00
1.000000e+00
1.000000e+00
1.000000e+00
1.000000e+00
1.000000e+00
1.000000e+00
1.000000e+00
1.000000e+00
1.000000e+00
1.000000e+00
1.000000e+00
1.000000e+00
1.000000e+00
1.000000e+00
1.000000e+00
1.000000e+00
1.000000e+00
1.000000e+00
1.000000e+00
1.000000e+00
1.000000e+00
1.000000e+00
1.000000e+00
1.000000e+00
1.000000e+00
1.000000e+00
1.000000e+00
1.000000e+00
1.000000e+00
1.000000e+00
1.000000e+00
1.000000e+00
1.000000e+00
1.000000e+00
1.000000e+00
1.000000e+00
1.000000e+00
1.000000e+00
1.000000e+00
1.000000e+00
1.000000e+00
1.000000e+00
1.000000e+00
1.000000e+00
1.000000e+00
1.000000e+00
1.000000e+00
1.000000e+00
1.000000e+00
1.000000e+00
1.000000e+00
1.000000e+00
1.000000e+00
1.000000e+00
1.000000e+00
1.000000e+00
1.000000e+00
1.000000e+00
1.000000e+00
1.000000e+00
1.000000e+00
1.000000e+00
1.000000e+00
1.000000e+00
1.000000e+00
1.000000e+00
1.000000e+00
1.000000e+00
1.000000e+00
1.000000e+00
1.000000e+00
1.000000e+00
1.000000e+00
1.000000e+00
1.000000e+00
1.000000e+00
1.000000e+00
1.000000e+00
1.000000e+00
1.000000e+00
1.000000e+00
1.000000e+00
1.000000e+00
1.000000e+00
1.000000e+00
1.000000e+00
1.000000e+00
1.000000e+00
1.000000e+00
1.000000e+00
1.000000e+00
1.000000e+00
1.000000e+00
1.000000e+00
1.000000e+00
1.000000e+00
1.000000e+00
1.000000e+00
1.000000e+00
1.000000e+00
1.000000e+00
1.000000e+00
1.000000e+00
1.000000e+00
1.000000e+00
1.000000e+00
1.000000e+00
1.000000e+00
1.000000e+00
1.000000e+00
1.000000e+00
1.000000e+00
1.000000e+00
1.000000e+00
1.000000e+00
1.000000e+00
1.000000e+00
1.000000e+00
1.000000e+00
1.000000e+00
1.000000e+00
1.000000e+00
1.000000e+00
1.000000e+00
1.000000e+00
1.000000e+00
1.000000e+00
1.000000e+00
1.000000e+00
1.000000e+00
1.000000e+00
1.000000e+00
1.000000e+00
1.000000e+00
1.000000e+00
1.000000e+00
1.000000e+00
1.000000e+00
1.000000e+00
1.000000e+00
1.000000e+00
1.000000e+00
1.000000e+00
1.000000e+00
1.000000e+00
1.000000e+00
1.000000e+00
1.000000e+00
1.000000e+00
1.000000e+00
1.000000e+00
1.000000e+00
1.000000e+00
1.000000e+00
1.000000e+00
1.000000e+00
1.000000e+00
1.000000e+00
1.000000e+00
1.000000e+00
1.000000e+00
1.000000e+00
1.000000e+00
1.000000e+00
1.000000e+00
1.000000e+00
9.999999e-01
9.999999e-01
9.999998e-01
9.999997e-01
9.999995e-01
9.999992e-01
9.999987e-01
9.999978e-01
9.999964e-01
9.999940e-01
9.999901e-01
9.999837e-01
9.999731e-01
9.999557e-01
9.999270e-01
9.998797e-01
9.998016e-01
9.996729e-01
9.994609e-01
9.991114e-01
9.985358e-01
9.975883e-01
9.960300e-01
9.934713e-01
9.892814e-01
9.824501e-01
9.713908e-01
9.536909e-01
9.258759e-01
8.833970e-01
8.212736e-01
7.359454e-01
6.283162e-01
5.062497e-01
3.834335e-01
2.738850e-01
1.861838e-01
1.218529e-01
7.762946e-02
4.856815e-02
3.003199e-02
1.843314e-02
1.126195e-02
6.861119e-03
4.172744e-03
2.535059e-03
1.539126e-03
9.340930e-04
5.667644e-04
3.438366e-04
2.085757e-04
1.265179e-04
7.674085e-05
4.654705e-05
2.823276e-05
1.712420e-05
1.038644e-05
6.299702e-06
3.820991e-06
2.317534e-06
1.405673e-06
8.525700e-07
5.171234e-07
3.136394e-07
1.902432e-07
1.153783e-07
6.999014e-08
4.244264e-08
2.575109e-08
1.561151e-08
9.476118e-09
5.741230e-09
3.488614e-09
2.110445e-09
1.285706e-09
7.750001e-10
4.751108e-10
2.839287e-10
1.767503e-10
1.034571e-10
6.685541e-11
3.722500e-11
2.631373e-11
1.300043e-11
1.130340e-11
4.213074e-12
5.699441e-12
1.091627e-12
3.568257e-12
4.285461e-14
2.724709e-12
-2.530198e-13
2.363776e-12
-2.806089e-13
2.187694e-12
-2.161049e-13
2.086220e-12
-1.243450e-13
2.017553e-12
-2.775558e-14
1.965927e-12
6.566969e-14
1.924516e-12
1.539324e-13
1.890543e-12
2.363665e-13
1.862288e-12
3.135270e-13
1.839029e-12
3.856915e-13
1.819989e-12
4.535816e-13
1.804334e-12
5.171419e-13
1.791900e-12
5.772050e-13
1.782630e-12
6.339929e-13
1.775580e-12
6.883938e-13
1.771194e-12
7.400192e-13
1.768696e-12
7.891465e-13
1.768141e-12
8.365530e-13
1.769307e-12
8.821832e-13
1.772082e-12
9.256484e-13
1.775857e-12
9.676149e-13
1.781075e-12
1.007916e-12
1.786848e-12
1.046885e-12
1.793787e-12
1.084244e-12
1.801503e-12
1.120770e-12
1.810163e-12
1.156242e-12
1.819822e-12
1.191103e-12
1.830036e-12
1.224854e-12
1.840861e-12
1.257994e-12
1.852796e-12
1.290412e-12
1.865064e-12
1.322553e-12
1.878331e-12
1.353972e-12
1.891820e-12
1.384892e-12
1.905975e-12
1.415257e-12
1.920741e-12
1.445732e-12
1.936340e-12
1.475375e-12
1.951772e-12
1.504796e-12
1.967759e-12
1.533385e-12
1.983691e-12
1.561640e-12
1.999956e-12
1.589173e-12
2.015943e-12
1.616152e-12
2.032041e-12
1.642353e-12
2.048250e-12
1.668277e-12
2.064293e-12
1.693368e-12
2.079836e-12
1.717737e-12
2.095768e-12
1.741329e-12
2.110701e-12
1.764811e-12
2.126299e-12
1.787404e-12
2.141343e-12
1.809441e-12
2.156220e-12
1.830980e-12
2.170819e-12
1.852352e-12
2.185641e-12
1.872558e-12
2.199851e-12
1.892764e-12
2.214173e-12
1.911971e-12
2.227607e-12
1.931066e-12
2.241207e-12
1.949163e-12
2.254252e-12
1.966705e-12
2.266853e-12
1.983524e-12
2.279288e-12
2.000233e-12
2.291445e-12
2.015887e-12
2.302825e-12
2.031542e-12
2.314482e-12
2.046030e-12
2.325307e-12
2.060241e-12
2.335965e-12
2.073508e-12
2.345624e-12
2.086276e-12
2.355061e-12
2.098322e-12
2.364220e-12
2.110367e-12
2.373490e-12
2.121581e-12
2.382039e-12
2.132905e-12
2.390754e-12
2.143397e-12
2.398914e-12
2.153500e-12
2.406686e-12
2.162825e-12
2.413625e-12
2.171596e-12
2.420508e-12
2.179534e-12
2.426725e-12
2.187139e-12
2.432277e-12
2.193412e-12
2.436829e-12
2.199185e-12
2.441269e-12
2.204126e-12
2.444545e-12
2.208844e-12
2.448042e-12
2.212563e-12
2.450762e-12
2.216005e-12
2.453204e-12
2.218836e-12
2.455258e-12
2.221334e-12
2.456924e-12
2.222722e-12
2.457701e-12
2.223999e-12
2.458422e-12
2.224165e-12
2.458200e-12
