2.221334e-12
2.455036e-12
2.220113e-12
2.453260e-12
2.218337e-12
2.451594e-12
2.216005e-12
2.449374e-12
2.213396e-12
2.446987e-12
2.210010e-12
2.444100e-12
2.206624e-12
2.441491e-12
2.202738e-12
2.438050e-12
2.198908e-12
2.435330e-12
2.194855e-12
2.432055e-12
2.190581e-12
2.428724e-12
2.185474e-12
2.424783e-12
2.180311e-12
2.420564e-12
2.173928e-12
2.415290e-12
2.167155e-12
2.410183e-12
2.159717e-12
2.404243e-12
2.151779e-12
2.398026e-12
2.143064e-12
2.390976e-12
2.133849e-12
2.383815e-12
2.123912e-12
2.376155e-12
2.113809e-12
2.368106e-12
2.102651e-12
2.359557e-12
2.091216e-12
2.351008e-12
2.079004e-12
2.341571e-12
2.066514e-12
2.332246e-12
2.053580e-12
2.322476e-12
2.040257e-12
2.312484e-12
2.025879e-12
2.301992e-12
2.011447e-12
2.291001e-12
1.995848e-12
2.279232e-12
1.979694e-12
2.267631e-12
1.962763e-12
2.255307e-12
1.945333e-12
2.242428e-12
1.926903e-12
2.229106e-12
1.907918e-12
2.215339e-12
1.888101e-12
2.201017e-12
1.867784e-12
2.186473e-12
1.846301e-12
2.171374e-12
1.824485e-12
2.156275e-12
1.801836e-12
2.140399e-12
1.778910e-12
2.125022e-12
1.755152e-12
2.108924e-12
1.730893e-12
2.092937e-12
1.705913e-12
2.076395e-12
1.680267e-12
2.059963e-12
1.653622e-12
2.042755e-12
1.626310e-12
2.025824e-12
1.598333e-12
2.008338e-12
1.569356e-12
1.990852e-12
1.539602e-12
1.972977e-12
1.509015e-12
1.955658e-12
1.478151e-12
1.938061e-12
1.446787e-12
1.921185e-12
1.414591e-12
1.904199e-12
1.382006e-12
1.887934e-12
1.348588e-12
1.871725e-12
1.314726e-12
1.856293e-12
1.280087e-12
1.841194e-12
1.245171e-12
1.826816e-12
1.209310e-12
1.813050e-12
1.172451e-12
1.799616e-12
1.134537e-12
1.786571e-12
1.095679e-12
1.774636e-12
1.055822e-12
1.763589e-12
1.014855e-12
1.753486e-12
9.726664e-13
1.743938e-12
9.292012e-13
1.736167e-12
8.842926e-13
1.729339e-12
8.382739e-13
1.724232e-12
7.904233e-13
1.720901e-12
7.409073e-13
1.719458e-12
6.895595e-13
1.719902e-12
6.363243e-13
1.723066e-12
5.808132e-13
1.728728e-12
5.230261e-13
1.737499e-12
4.622969e-13
1.749489e-12
3.985146e-13
1.765255e-12
3.309575e-13
1.784406e-12
2.592926e-13
1.808609e-12
1.831313e-13
1.837919e-12
1.019740e-13
1.873390e-12
1.515454e-14
1.916023e-12
-7.677192e-14
1.969480e-12
-1.717515e-13
2.039702e-12
-2.617351e-13
2.142841e-12
-3.245737e-13
2.320366e-12
-2.955414e-13
2.682965e-12
1.887379e-15
3.527956e-12
1.052214e-12
5.661027e-12
4.175660e-12
1.126660e-11
1.296485e-11
2.627942e-11
3.719164e-11
6.682321e-11
1.034259e-10
1.767202e-10
2.838999e-10
4.750829e-10
7.749734e-10
1.285680e-09
2.110421e-09
3.488591e-09
5.741207e-09
9.476097e-09
1.561149e-08
2.575107e-08
4.244262e-08
6.999012e-08
1.153783e-07
1.902432e-07
3.136394e-07
5.171234e-07
8.525700e-07
1.405673e-06
2.317534e-06
3.820991e-06
6.299702e-06
1.038644e-05
1.712420e-05
2.823276e-05
4.654705e-05
7.674085e-05
1.265179e-04
2.085757e-04
3.438366e-04
5.667644e-04
9.340930e-04
1.539126e-03
2.535059e-03
4.172744e-03
6.861119e-03
1.126195e-02
1.843314e-02
3.003199e-02
4.856815e-02
7.762946e-02
1.218529e-01
1.861838e-01
2.738850e-01
3.834335e-01
5.062497e-01
6.283162e-01
7.359454e-01
8.212736e-01
8.833970e-01
9.258759e-01
9.536909e-01
9.713908e-01
9.824501e-01
9.892814e-01
9.934713e-01
9.960300e-01
9.975883e-01
9.985358e-01
9.991114e-01
9.994609e-01
9.996729e-01
9.998016e-01
9.998797e-01
9.999270e-01
9.999557e-01
9.999731e-01
9.999837e-01
9.999901e-01
9.999940e-01
9.999964e-01
9.999978e-01
9.999987e-01
9.999992e-01
9.999995e-01
9.999997e-01
9.999998e-01
9.999999e-01
9.999999e-01
1.000000e+00
1.000000e+00
1.000000e+00
1.000000e+00
1.000000e+00
1.000000e+00
1.000000e+00
1.000000e+00
1.000000e+00
1.000000e+00
1.000000e+00
1.000000e+00
1.000000e+00
1.000000e+00
1.000000e+00
1.000000e+00
1.000000e+00
1.000000e+00
1.000000e+00
1.000000e+00
1.000000e+00
1.000000e+00
1.000000e+00
1.000000e+00
1.000000e+00
1.000000e+00
1.000000e+00
1.000000e+00
1.000000e+00
1.000000e+00
1.000000e+00
1.000000e+00
1.000000e+00
1.000000e+00
1.000000e+00
1.000000e+00
1.000000e+00
1.000000e+00
1.000000e+00
1.000000e+00
1.000000e+00
1.000000e+00
1.000000e+00
1.000000e+00
1.000000e+00
1.000000e+00
1.000000e+00
1.000000e+00
1.000000e+00
1.000000e+00
1.000000e+00
1.000000e+00
1.000000e+00
1.000000e+00
1.000000e+00
1.000000e+00
1.000000e+00
1.000000e+00
1.000000e+00
1.000000e+00
1.000000e+00
1.000000e+00
1.000000e+00
1.000000e+00
1.000000e+00
1.000000e+00
1.000000e+00
1.000000e+00
1.000000e+00
1.000000e+00
1.000000e+00
1.000000e+00
1.000000e+00
1.000000e+00
1.000000e+00
1.000000e+00
1.000000e+00
1.000000e+00
1.000000e+00
1.000000e+00
1.000000e+00
1.000000e+00
1.000000e+00
1.000000e+00
1.000000e+00
1.000000e+00
1.000000e+00
1.000000e+00
1.000000e+00
1.000000e+00
1.000000e+00
1.000000e+00
1.000000e+00
1.000000e+00
1.000000e+00
1.000000e+00
1.000000e+00
1.000000e+00
1.000000e+00
1.000000e+00
1.000000e+00
1.000000e+00
1.000000e+00
1.000000e+00
1.000000e+00
1.000000e+00
1.000000e+00
1.000000e+00
1.000000e+00
1.000000e+00
1.000000e+00
1.000000e+00
1.000000e+00
1.000000e+00
1.000000e+00
1.000000e+00
1.000000e+00
1.000000e+00
1.000000e+00
1.000000e+00
1.000000e+00
1.000000e+00
1.000000e+00
1.000000e+00
1.000000e+00
1.000000e+00
1.000000e+00
1.000000e+00
1.000000e+00
1.000000e+00
1.000000e+00
1.000000e+00
1.000000e+00
1.000000e+00
1.000000e+00
1.000000e+00
1.000000e+00
1.000000e+00
1.000000e+00
1.000000e+00
1.000000e+00
1.000000e+00
1.000000e+00
1.000000e+00
1.000000e+00
1.000000e+00
1.000000e+00
1.000000e+00
1.000000e+00
1.000000e+00
1.000000e+00
1.000000e+00
1.000000e+00
1.000000e+00
1.000000e+00
1.000000e+00
1.000000e+00
1.000000e+00
1.000000e+00
1.000000e+00
1.000000e+00
1.000000e+00
1.000000e+00
1.000000e+00
1.000000e+00
1.000000e+00
1.000000e+00
1.000000e+00
1.000000e+00
1.000000e+00
1.000000e+00
1.000000e+00
1.000000e+00
1.000000e+00
1.000000e+00
1.000000e+00
1.000000e+00
1.000000e+00
1.000000e+00
1.000000e+00
1.000000e+00
1.000000e+00
1.000000e+00
1.000000e+00
1.000000e+00
1.000000e+00
1.000000e+00
1.000000e+00
1.000000e+00
1.000000e+00
1.000000e+00
1.000000e+00
1.000000e+00
1.000000e+00
1.000000e+00
1.000000e+00
1.000000e+00
1.000000e+00
1.000000e+00
1.000000e+00
1.000000e+00
1.000000e+00
1.000000e+00
1.000000e+00
1.000000e+00
1.000000e+00
1.000000e+00
1.000000e+00
1.000000e+00
1.000000e+00
1.000000e+00
1.000000e+00
1.000000e+00
1.000000e+00
1.000000e+00
1.000000e+00
1.000000e+00
1.000000e+00
1.000000e+00
1.000000e+00
1.000000e+00
1.000000e+00
1.000000e+00
1.000000e+00
1.000000e+00
1.000000e+00
1.000000e+00
1.000000e+00
1.000000e+00
1.000000e+00
1.000000e+00
1.000000e+00
1.000000e+00
1.000000e+00
1.000000e+00
1.000000e+00
1.000000e+00
1.000000e+00
1.000000e+00
1.000000e+00
1.000000e+00
1.000000e+00
1.000000e+00
1.000000e+00
1.000000e+00
1.000000e+00
1.000000e+00
1.000000e+00
1.000000e+00
1.000000e+00
1.000000e+00
1.000000e+00
1.000000e+00
1.000000e+00
1.000000e+00
1.000000e+00
1.000000e+00
1.000000e+00
1.000000e+00
1.000000e+00
1.000000e+00
1.000000e+00
1.000000e+00
1.000000e+00
1.000000e+00
1.000000e+00
1.000000e+00
1.000000e+00
1.000000e+00
1.000000e+00
1.000000e+00
1.000000e+00
1.000000e+00
1.000000e+00
1.000000e+00
1.000000e+00
1.000000e+00
1.000000e+00
1.000000e+00
1.000000e+00
1.000000e+00
1.000000e+00
1.000000e+00
1.000000e+00
1.000000e+00
1.000000e+00
1.000000e+00
1.000000e+00
1.000000e+00
1.000000e+00
1.000000e+00
1.000000e+00
1.000000e+00
1.000000e+00
1.000000e+00
1.000000e+00
1.000000e+00
1.000000e+00
1.000000e+00
1.000000e+00
1.000000e+00
1.000000e+00
1.000000e+00
1.000000e+00
1.000000e+00
1.000000e+00
1.000000e+00
1.000000e+00
1.000000e+00
1.000000e+00
1.000000e+00
1.000000e+00
1.000000e+00
1.000000e+00
1.000000e+00
1.000000e+00
1.000000e+00
1.000000e+00
1.000000e+00
1.000000e+00
1.000000e+00
1.000000e+00
1.000000e+00
1.000000e+00
1.000000e+00
1.000000e+00
1.000000e+00
1.000000e+00
1.000000e+00
1.000000e+00
1.000000e+00
1.000000e+00
1.000000e+00
1.000000e+00
1.000000e+00
1.000000e+00
1.000000e+00
1.000000e+00
1.000000e+00
1.000000e+00
1.000000e+00
1.000000e+00
1.000000e+00
1.000000e+00
1.000000e+00
1.000000e+00
1.000000e+00
1.000000e+00
1.000000e+00
1.000000e+00
1.000000e+00
1.000000e+00
1.000000e+00
1.000000e+00
1.000000e+00
1.000000e+00
1.000000e+00
1.000000e+00
1.000000e+00
1.000000e+00
1.000000e+00
1.000000e+00
1.000000e+00
1.000000e+00
1.000000e+00
1.000000e+00
1.000000e+00
1.000000e+00
1.000000e+00
1.000000e+00
1.000000e+00
1.000000e+00
1.000000e+00
1.000000e+00
1.000000e+00
1.000000e+00
1.000000e+00
1.000000e+00
1.000000e+00
1.000000e+00
1.000000e+00
1.000000e+00
1.000000e+00
1.000000e+00
1.000000e+00
1.000000e+00
1.000000e+00
1.000000e+00
1.000000e+00
1.000000e+00
1.000000e+00
1.000000e+00
1.000000e+00
1.000000e+00
1.000000e+00
1.000000e+00
1.000000e+00
1.000000e+00
1.000000e+00
1.000000e+00
1.000000e+00
1.000000e+00
1.000000e+00
1.000000e+00
1.000000e+00
1.000000e+00
1.000000e+00
1.000000e+00
1.000000e+00
1.000000e+00
1.000000e+00
1.000000e+00
1.000000e+00
1.000000e+00
1.000000e+00
1.000000e+00
1.000000e+00
1.000000e+00
1.000000e+00
1.000000e+00
1.000000e+00
1.000000e+00
1.000000e+00
1.000000e+00
1.000000e+00
1.000000e+00
1.000000e+00
1.000000e+00
1.000000e+00
1.000000e+00
1.000000e+00
1.000000e+00
1.000000e+00
1.000000e+00
1.000000e+00
1.000000e+00
1.000000e+00
1.000000e+00
1.000000e+00
1.000000e+00
1.000000e+00
1.000000e+00
1.000000e+00
1.000000e+00
1.000000e+00
1.000000e+00
1.000000e+00
1.000000e+00
1.000000e+00
1.000000e+00
1.000000e+00
1.000000e+00
1.000000e+00
1.000000e+00
1.000000e+00
1.000000e+00
1.000000e+00
1.000000e+00
1.000000e+00
1.000000e+00
1.000000e+00
1.000000e+00
1.000000e+00
1.000000e+00
1.000000e+00
1.000000e+00
1.000000e+00
1.000000e+00
1.000000e+00
1.000000e+00
1.000000e+00
1.000000e+00
1.000000e+00
1.000000e+00
1.000000e+00
1.000000e+00
1.000000e+00
1.000000e+00
1.000000e+00
1.000000e+00
1.000000e+00
1.000000e+00
1.000000e+00
1.000000e+00
1.000000e+00
1.000000e+00
1.000000e+00
1.000000e+00
1.000000e+00
1.000000e+00
1.000000e+00
1.000000e+00
1.000000e+00
1.000000e+00
1.000000e+00
1.000000e+00
1.000000e+00
9.999999e-01
9.999999e-01
9.999998e-01
9.999997e-01
9.999995e-01
9.999992e-01
9.999987e-01
9.999978e-01
9.999964e-01
9.999940e-01
9.999901e-01
9.999837e-01
9.999731e-01
9.999557e-01
9.999270e-01
9.998797e-01
9.998016e-01
9.996729e-01
9.994609e-01
9.991114e-01
9.985358e-01
9.975883e-01
9.960300e-01
9.934713e-01
9.892814e-01
9.824501e-01
9.713908e-01
9.536909e-01
9.258759e-01
8.833970e-01
8.212736e-01
7.359454e-01
6.283162e-01
5.062497e-01
3.834335e-01
2.738850e-01
1.861838e-01
1.218529e-01
7.762946e-02
4.856815e-02
3.003199e-02
1.843314e-02
1.126195e-02
6.861119e-03
4.172744e-03
2.535059e-03
1.539126e-03
9.340930e-04
5.667644e-04
3.438366e-04
2.085757e-04
1.265179e-04
7.674085e-05
4.654705e-05
2.823276e-05
1.712420e-05
1.038644e-05
6.299702e-06
3.820991e-06
2.317534e-06
1.405673e-06
8.525700e-07
5.171234e-07
3.136394e-07
1.902432e-07
1.153783e-07
6.999014e-08
4.244264e-08
2.575109e-08
1.561151e-08
9.476116e-09
5.741227e-09
3.488612e-09
2.110443e-09
1.285704e-09
7.749980e-10
4.751087e-10
2.839263e-10
1.767479e-10
1.034548e-10
6.685302e-11
3.722267e-11
2.631151e-11
1.299805e-11
1.130107e-11
4.210798e-12
5.697220e-12
1.089684e-12
3.566425e-12
4.118927e-14
2.723155e-12
-2.544076e-13
2.362610e-12
-2.815526e-13
2.186751e-12
-2.169376e-13
2.085332e-12
-1.254552e-13
2.016387e-12
-2.892131e-14
1.964706e-12
6.428191e-14
1.923073e-12
1.523781e-13
1.888878e-12
2.347011e-13
1.860290e-12
3.114731e-13
1.837031e-12
3.835265e-13
1.817824e-12
4.515832e-13
1.802614e-12
5.153655e-13
1.790346e-12
5.758727e-13
1.781297e-12
6.328271e-13
1.774358e-12
6.872281e-13
1.770084e-12
7.387424e-13
1.767808e-12
7.883139e-13
1.767420e-12
8.357759e-13
1.768641e-12
8.811840e-13
1.771083e-12
9.245937e-13
1.774692e-12
9.663936e-13
1.779632e-12
1.006584e-12
1.785572e-12
1.045275e-12
1.792289e-12
1.082689e-12
1.799616e-12
1.118938e-12
1.808331e-12
1.154243e-12
1.817546e-12
1.188993e-12
1.827649e-12
1.222356e-12
1.838418e-12
1.255274e-12
1.850242e-12
1.287692e-12
1.862288e-12
1.319611e-12
1.875611e-12
1.351141e-12
1.889267e-12
1.382339e-12
1.903810e-12
1.412870e-12
1.918576e-12
1.443290e-12
1.933897e-12
1.472822e-12
1.949052e-12
1.502021e-12
1.964984e-12
1.530498e-12
1.980804e-12
1.558587e-12
1.996903e-12
1.586009e-12
2.012723e-12
1.612876e-12
2.028988e-12
1.639022e-12
2.044698e-12
1.664835e-12
2.060518e-12
1.689371e-12
2.075784e-12
1.713851e-12
2.091716e-12
1.737388e-12
2.106815e-12
1.760647e-12
2.122136e-12
1.783185e-12
2.137179e-12
1.805889e-12
2.152667e-12
1.827594e-12
2.167655e-12
1.849076e-12
2.182365e-12
1.869505e-12
2.196410e-12
1.889600e-12
2.210787e-12
1.908751e-12
2.224498e-12
1.927736e-12
2.237988e-12
1.945777e-12
2.250811e-12
1.963374e-12
2.263689e-12
1.980194e-12
2.276013e-12
1.997069e-12
2.288281e-12
2.012668e-12
2.299716e-12
2.028266e-12
2.311373e-12
2.042921e-12
2.322087e-12
2.057299e-12
2.333134e-12
2.071121e-12
2.343514e-12
2.084610e-12
2.353673e-12
2.097100e-12
2.363165e-12
2.109313e-12
2.372436e-12
2.120581e-12
2.380984e-12
2.131684e-12
2.389478e-12
2.142064e-12
2.397360e-12
2.151834e-12
2.404965e-12
2.161160e-12
2.411960e-12
2.169542e-12
2.418676e-12
2.177536e-12
2.424616e-12
2.185141e-12
2.430445e-12
2.191580e-12
2.435108e-12
2.197797e-12
2.439882e-12
2.202794e-12
2.443434e-12
2.207678e-12
2.447043e-12
2.211564e-12
2.450040e-12
2.215450e-12
2.452705e-12
2.218170e-12
2.454759e-12
2.220613e-12
2.455980e-12
2.221667e-12
2.456257e-12
2.222222e-12
2.456368e-12
2.222111e-12
2.456035e-12
