2.218337e-12
2.451872e-12
2.217337e-12
2.450595e-12
2.215672e-12
2.449152e-12
2.213396e-12
2.446987e-12
2.211287e-12
2.444822e-12
2.208123e-12
2.442380e-12
2.204903e-12
2.439660e-12
2.201073e-12
2.436551e-12
2.197353e-12
2.433664e-12
2.193301e-12
2.430278e-12
2.188694e-12
2.426670e-12
2.183309e-12
2.422562e-12
2.177980e-12
2.418288e-12
2.171707e-12
2.413236e-12
2.164879e-12
2.407741e-12
2.157163e-12
2.401856e-12
2.149336e-12
2.395528e-12
2.140732e-12
2.388700e-12
2.131295e-12
2.381539e-12
2.121636e-12
2.373879e-12
2.111644e-12
2.366218e-12
2.100653e-12
2.358058e-12
2.089495e-12
2.349398e-12
2.077449e-12
2.340017e-12
2.064904e-12
2.330580e-12
2.051637e-12
2.320144e-12
2.037703e-12
2.309597e-12
2.022937e-12
2.298606e-12
2.008116e-12
2.287559e-12
1.992462e-12
2.275735e-12
1.976197e-12
2.264300e-12
1.959266e-12
2.251754e-12
1.941780e-12
2.238876e-12
1.923461e-12
2.225331e-12
1.904366e-12
2.211842e-12
1.884659e-12
2.197686e-12
1.864786e-12
2.183531e-12
1.843636e-12
2.168654e-12
1.821931e-12
2.153722e-12
1.799449e-12
2.137956e-12
1.776523e-12
2.122524e-12
1.752820e-12
2.106260e-12
1.728229e-12
2.089995e-12
1.702860e-12
2.073175e-12
1.676992e-12
2.056577e-12
1.650236e-12
2.039480e-12
1.623035e-12
2.022549e-12
1.594946e-12
2.005340e-12
1.566469e-12
1.988021e-12
1.536882e-12
1.970313e-12
1.506462e-12
1.952938e-12
1.475486e-12
1.935507e-12
1.444289e-12
1.918576e-12
1.412259e-12
1.902034e-12
1.379730e-12
1.885880e-12
1.346478e-12
1.869782e-12
1.312783e-12
1.854683e-12
1.278588e-12
1.839529e-12
1.243450e-12
1.824985e-12
1.207534e-12
1.811218e-12
1.170897e-12
1.798228e-12
1.133149e-12
1.785461e-12
1.094791e-12
1.773859e-12
1.054934e-12
1.762812e-12
1.014300e-12
1.752820e-12
9.722778e-13
1.743661e-12
9.288681e-13
1.735778e-12
8.840151e-13
1.729394e-12
8.383294e-13
1.724565e-12
7.908119e-13
1.721290e-12
7.413514e-13
1.720069e-12
6.900036e-13
1.720402e-12
6.368239e-13
1.723510e-12
5.813683e-13
1.729228e-12
5.236922e-13
1.737999e-12
4.629075e-13
1.750156e-12
3.992362e-13
1.765865e-12
3.317902e-13
1.785516e-12
2.601808e-13
1.809497e-12
1.838529e-13
1.838696e-12
1.029177e-13
1.874056e-12
1.593170e-14
1.916856e-12
-7.616130e-14
1.969980e-12
-1.713074e-13
2.039979e-12
-2.615685e-13
2.142841e-12
-3.247402e-13
2.320366e-12
-2.958189e-13
2.682798e-12
1.498801e-15
3.527623e-12
1.051881e-12
5.660417e-12
4.174883e-12
1.126566e-11
1.296374e-11
2.627798e-11
3.719003e-11
6.682122e-11
1.034239e-10
1.767183e-10
2.838980e-10
4.750810e-10
7.749715e-10
1.285678e-09
2.110419e-09
3.488589e-09
5.741206e-09
9.476095e-09
1.561149e-08
2.575107e-08
4.244262e-08
6.999012e-08
1.153783e-07
1.902432e-07
3.136394e-07
5.171234e-07
8.525700e-07
1.405673e-06
2.317534e-06
3.820991e-06
6.299702e-06
1.038644e-05
1.712420e-05
2.823276e-05
4.654705e-05
7.674085e-05
1.265179e-04
2.085757e-04
3.438366e-04
5.667644e-04
9.340930e-04
1.539126e-03
2.535059e-03
4.172744e-03
6.861119e-03
1.126195e-02
1.843314e-02
3.003199e-02
4.856815e-02
7.762946e-02
1.218529e-01
1.861838e-01
2.738850e-01
3.834335e-01
5.062497e-01
6.283162e-01
7.359454e-01
8.212736e-01
8.833970e-01
9.258759e-01
9.536909e-01
9.713908e-01
9.824501e-01
9.892814e-01
9.934713e-01
9.960300e-01
9.975883e-01
9.985358e-01
9.991114e-01
9.994609e-01
9.996729e-01
9.998016e-01
9.998797e-01
9.999270e-01
9.999557e-01
9.999731e-01
9.999837e-01
9.999901e-01
9.999940e-01
9.999964e-01
9.999978e-01
9.999987e-01
9.999992e-01
9.999995e-01
9.999997e-01
9.999998e-01
9.999999e-01
9.999999e-01
1.000000e+00
1.000000e+00
1.000000e+00
1.000000e+00
1.000000e+00
1.000000e+00
1.000000e+00
1.000000e+00
1.000000e+00
1.000000e+00
1.000000e+00
1.000000e+00
1.000000e+00
1.000000e+00
1.000000e+00
1.000000e+00
1.000000e+00
1.000000e+00
1.000000e+00
1.000000e+00
1.000000e+00
1.000000e+00
1.000000e+00
1.000000e+00
1.000000e+00
1.000000e+00
1.000000e+00
1.000000e+00
1.000000e+00
1.000000e+00
1.000000e+00
1.000000e+00
1.000000e+00
1.000000e+00
1.000000e+00
1.000000e+00
1.000000e+00
1.000000e+00
1.000000e+00
1.000000e+00
1.000000e+00
1.000000e+00
1.000000e+00
1.000000e+00
1.000000e+00
1.000000e+00
1.000000e+00
1.000000e+00
1.000000e+00
1.000000e+00
1.000000e+00
1.000000e+00
1.000000e+00
1.000000e+00
1.000000e+00
1.000000e+00
1.000000e+00
1.000000e+00
1.000000e+00
1.000000e+00
1.000000e+00
1.000000e+00
1.000000e+00
1.000000e+00
1.000000e+00
1.000000e+00
1.000000e+00
1.000000e+00
1.000000e+00
1.000000e+00
1.000000e+00
1.000000e+00
1.000000e+00
1.000000e+00
1.000000e+00
1.000000e+00
1.000000e+00
1.000000e+00
1.000000e+00
1.000000e+00
1.000000e+00
1.000000e+00
1.000000e+00
1.000000e+00
1.000000e+00
1.000000e+00
1.000000e+00
1.000000e+00
1.000000e+00
1.000000e+00
1.000000e+00
1.000000e+00
1.000000e+00
1.000000e+00
1.000000e+00
1.000000e+00
1.000000e+00
1.000000e+00
1.000000e+00
1.000000e+00
1.000000e+00
1.000000e+00
1.000000e+00
1.000000e+00
1.000000e+00
1.000000e+00
1.000000e+00
1.000000e+00
1.000000e+00
1.000000e+00
1.000000e+00
1.000000e+00
1.000000e+00
1.000000e+00
1.000000e+00
1.000000e+00
1.000000e+00
1.000000e+00
1.000000e+00
1.000000e+00
1.000000e+00
1.000000e+00
1.000000e+00
1.000000e+00
1.000000e+00
1.000000e+00
1.000000e+00
1.000000e+00
1.000000e+00
1.000000e+00
1.000000e+00
1.000000e+00
1.000000e+00
1.000000e+00
1.000000e+00
1.000000e+00
1.000000e+00
1.000000e+00
1.000000e+00
1.000000e+00
1.000000e+00
1.000000e+00
1.000000e+00
1.000000e+00
1.000000e+00
1.000000e+00
1.000000e+00
1.000000e+00
1.000000e+00
1.000000e+00
1.000000e+00
1.000000e+00
1.000000e+00
1.000000e+00
1.000000e+00
1.000000e+00
1.000000e+00
1.000000e+00
1.000000e+00
1.000000e+00
1.000000e+00
1.000000e+00
1.000000e+00
1.000000e+00
1.000000e+00
1.000000e+00
1.000000e+00
1.000000e+00
1.000000e+00
1.000000e+00
1.000000e+00
1.000000e+00
1.000000e+00
1.000000e+00
1.000000e+00
1.000000e+00
1.000000e+00
1.000000e+00
1.000000e+00
1.000000e+00
1.000000e+00
1.000000e+00
1.000000e+00
1.000000e+00
1.000000e+00
1.000000e+00
1.000000e+00
1.000000e+00
1.000000e+00
1.000000e+00
1.000000e+00
1.000000e+00
1.000000e+00
1.000000e+00
1.000000e+00
1.000000e+00
1.000000e+00
1.000000e+00
1.000000e+00
1.000000e+00
1.000000e+00
1.000000e+00
1.000000e+00
1.000000e+00
1.000000e+00
1.000000e+00
1.000000e+00
1.000000e+00
1.000000e+00
1.000000e+00
1.000000e+00
1.000000e+00
1.000000e+00
1.000000e+00
1.000000e+00
1.000000e+00
1.000000e+00
1.000000e+00
1.000000e+00
1.000000e+00
1.000000e+00
1.000000e+00
1.000000e+00
1.000000e+00
1.000000e+00
1.000000e+00
1.000000e+00
1.000000e+00
1.000000e+00
1.000000e+00
1.000000e+00
1.000000e+00
1.000000e+00
1.000000e+00
1.000000e+00
1.000000e+00
1.000000e+00
1.000000e+00
1.000000e+00
1.000000e+00
1.000000e+00
1.000000e+00
1.000000e+00
1.000000e+00
1.000000e+00
1.000000e+00
1.000000e+00
1.000000e+00
1.000000e+00
1.000000e+00
1.000000e+00
1.000000e+00
1.000000e+00
1.000000e+00
1.000000e+00
1.000000e+00
1.000000e+00
1.000000e+00
1.000000e+00
1.000000e+00
1.000000e+00
1.000000e+00
1.000000e+00
1.000000e+00
1.000000e+00
1.000000e+00
1.000000e+00
1.000000e+00
1.000000e+00
1.000000e+00
1.000000e+00
1.000000e+00
1.000000e+00
1.000000e+00
1.000000e+00
1.000000e+00
1.000000e+00
1.000000e+00
1.000000e+00
1.000000e+00
1.000000e+00
1.000000e+00
1.000000e+00
1.000000e+00
1.000000e+00
1.000000e+00
1.000000e+00
1.000000e+00
1.000000e+00
1.000000e+00
1.000000e+00
1.000000e+00
1.000000e+00
1.000000e+00
1.000000e+00
1.000000e+00
1.000000e+00
1.000000e+00
1.000000e+00
1.000000e+00
1.000000e+00
1.000000e+00
1.000000e+00
1.000000e+00
1.000000e+00
1.000000e+00
1.000000e+00
1.000000e+00
1.000000e+00
1.000000e+00
1.000000e+00
1.000000e+00
1.000000e+00
1.000000e+00
1.000000e+00
1.000000e+00
1.000000e+00
1.000000e+00
1.000000e+00
1.000000e+00
1.000000e+00
1.000000e+00
1.000000e+00
1.000000e+00
1.000000e+00
1.000000e+00
1.000000e+00
1.000000e+00
1.000000e+00
1.000000e+00
1.000000e+00
1.000000e+00
1.000000e+00
1.000000e+00
1.000000e+00
1.000000e+00
1.000000e+00
1.000000e+00
1.000000e+00
1.000000e+00
1.000000e+00
1.000000e+00
1.000000e+00
1.000000e+00
1.000000e+00
1.000000e+00
1.000000e+00
1.000000e+00
1.000000e+00
1.000000e+00
1.000000e+00
1.000000e+00
1.000000e+00
1.000000e+00
1.000000e+00
1.000000e+00
1.000000e+00
1.000000e+00
1.000000e+00
1.000000e+00
1.000000e+00
1.000000e+00
1.000000e+00
1.000000e+00
1.000000e+00
1.000000e+00
1.000000e+00
1.000000e+00
1.000000e+00
1.000000e+00
1.000000e+00
1.000000e+00
1.000000e+00
1.000000e+00
1.000000e+00
1.000000e+00
1.000000e+00
1.000000e+00
1.000000e+00
1.000000e+00
1.000000e+00
1.000000e+00
1.000000e+00
1.000000e+00
1.000000e+00
1.000000e+00
1.000000e+00
1.000000e+00
1.000000e+00
1.000000e+00
1.000000e+00
1.000000e+00
1.000000e+00
1.000000e+00
1.000000e+00
1.000000e+00
1.000000e+00
1.000000e+00
1.000000e+00
1.000000e+00
1.000000e+00
1.000000e+00
1.000000e+00
1.000000e+00
1.000000e+00
1.000000e+00
1.000000e+00
1.000000e+00
1.000000e+00
1.000000e+00
1.000000e+00
1.000000e+00
1.000000e+00
1.000000e+00
1.000000e+00
1.000000e+00
1.000000e+00
1.000000e+00
1.000000e+00
1.000000e+00
1.000000e+00
1.000000e+00
1.000000e+00
1.000000e+00
1.000000e+00
1.000000e+00
1.000000e+00
1.000000e+00
1.000000e+00
1.000000e+00
1.000000e+00
1.000000e+00
1.000000e+00
1.000000e+00
1.000000e+00
1.000000e+00
1.000000e+00
1.000000e+00
1.000000e+00
1.000000e+00
1.000000e+00
1.000000e+00
1.000000e+00
1.000000e+00
1.000000e+00
1.000000e+00
1.000000e+00
1.000000e+00
1.000000e+00
1.000000e+00
1.000000e+00
1.000000e+00
1.000000e+00
1.000000e+00
1.000000e+00
1.000000e+00
1.000000e+00
1.000000e+00
1.000000e+00
1.000000e+00
1.000000e+00
1.000000e+00
1.000000e+00
1.000000e+00
1.000000e+00
1.000000e+00
1.000000e+00
1.000000e+00
1.000000e+00
1.000000e+00
1.000000e+00
1.000000e+00
1.000000e+00
1.000000e+00
1.000000e+00
1.000000e+00
1.000000e+00
1.000000e+00
1.000000e+00
1.000000e+00
1.000000e+00
1.000000e+00
1.000000e+00
1.000000e+00
1.000000e+00
1.000000e+00
1.000000e+00
1.000000e+00
1.000000e+00
1.000000e+00
1.000000e+00
1.000000e+00
1.000000e+00
1.000000e+00
1.000000e+00
1.000000e+00
1.000000e+00
9.999999e-01
9.999999e-01
9.999998e-01
9.999997e-01
9.999995e-01
9.999992e-01
9.999987e-01
9.999978e-01
9.999964e-01
9.999940e-01
9.999901e-01
9.999837e-01
9.999731e-01
9.999557e-01
9.999270e-01
9.998797e-01
9.998016e-01
9.996729e-01
9.994609e-01
9.991114e-01
9.985358e-01
9.975883e-01
9.960300e-01
9.934713e-01
9.892814e-01
9.824501e-01
9.713908e-01
9.536909e-01
9.258759e-01
8.833970e-01
8.212736e-01
7.359454e-01
6.283162e-01
5.062497e-01
3.834335e-01
2.738850e-01
1.861838e-01
1.218529e-01
7.762946e-02
4.856815e-02
3.003199e-02
1.843314e-02
1.126195e-02
6.861119e-03
4.172744e-03
2.535059e-03
1.539126e-03
9.340930e-04
5.667644e-04
3.438366e-04
2.085757e-04
1.265179e-04
7.674085e-05
4.654705e-05
2.823276e-05
1.712420e-05
1.038644e-05
6.299702e-06
3.820991e-06
2.317534e-06
1.405673e-06
8.525700e-07
5.171234e-07
3.136394e-07
1.902432e-07
1.153783e-07
6.999014e-08
4.244264e-08
2.575109e-08
1.561151e-08
9.476116e-09
5.741228e-09
3.488612e-09
2.110443e-09
1.285704e-09
7.749981e-10
4.751088e-10
2.839265e-10
1.767482e-10
1.034551e-10
6.685336e-11
3.722289e-11
2.631168e-11
1.299805e-11
1.130096e-11
4.210465e-12
5.696776e-12
1.089073e-12
3.565537e-12
4.019007e-14
2.721823e-12
-2.556844e-13
2.361000e-12
-2.833289e-13
2.184752e-12
-2.190470e-13
2.083222e-12
-1.274536e-13
2.014389e-12
-3.119727e-14
1.962430e-12
6.172840e-14
1.920575e-12
1.497136e-13
1.886158e-12
2.318146e-13
1.857459e-12
3.084200e-13
1.834033e-12
3.803624e-13
1.814826e-12
4.483081e-13
1.799116e-12
5.119793e-13
1.786848e-12
5.721534e-13
1.777578e-12
6.288303e-13
1.770528e-12
6.832312e-13
1.766198e-12
7.349121e-13
1.763589e-12
7.840950e-13
1.763034e-12
8.313350e-13
1.763922e-12
8.767986e-13
1.766809e-12
9.203749e-13
1.770528e-12
9.623413e-13
1.775580e-12
1.002420e-12
1.781464e-12
1.041334e-12
1.788458e-12
1.079081e-12
1.796063e-12
1.115330e-12
1.804779e-12
1.150635e-12
1.814271e-12
1.185885e-12
1.824818e-12
1.219636e-12
1.835920e-12
1.252665e-12
1.847744e-12
1.284972e-12
1.859846e-12
1.317224e-12
1.872891e-12
1.348532e-12
1.886324e-12
1.379341e-12
1.900535e-12
1.409761e-12
1.915301e-12
1.440181e-12
1.930789e-12
1.469824e-12
1.946054e-12
1.498746e-12
1.961820e-12
1.527167e-12
1.977585e-12
1.555367e-12
1.993572e-12
1.582789e-12
2.009282e-12
1.609268e-12
2.025380e-12
1.635303e-12
2.040978e-12
1.661116e-12
2.056910e-12
1.685929e-12
2.072842e-12
1.710576e-12
2.088663e-12
1.734446e-12
2.104039e-12
1.758038e-12
2.119693e-12
1.780853e-12
2.134626e-12
1.802947e-12
2.149725e-12
1.824318e-12
2.164213e-12
1.845746e-12
2.178979e-12
1.866285e-12
2.193190e-12
1.886213e-12
2.207623e-12
1.905587e-12
2.221390e-12
1.924683e-12
2.235045e-12
1.942890e-12
2.247647e-12
1.960543e-12
2.260581e-12
1.977196e-12
2.272960e-12
1.994072e-12
2.285172e-12
2.009837e-12
2.296885e-12
2.025158e-12
2.308376e-12
2.039702e-12
2.319034e-12
2.054190e-12
2.329970e-12
2.067679e-12
2.339851e-12
2.080836e-12
2.349787e-12
2.093103e-12
2.358946e-12
2.105094e-12
2.368328e-12
2.116363e-12
2.376876e-12
2.127298e-12
2.385203e-12
2.137457e-12
2.392919e-12
2.147171e-12
2.400302e-12
2.156275e-12
2.406908e-12
2.164491e-12
2.413625e-12
2.172151e-12
2.419287e-12
2.179812e-12
2.424783e-12
2.186140e-12
2.429668e-12
2.192246e-12
2.434497e-12
2.197575e-12
2.438438e-12
2.202738e-12
2.442491e-12
2.207234e-12
2.445655e-12
2.210898e-12
2.448264e-12
2.213729e-12
2.450151e-12
2.216227e-12
2.451983e-12
2.217837e-12
2.452594e-12
2.218836e-12
2.453038e-12
2.218892e-12
2.452705e-12
