4.907774e-01
4.907774e-01
4.908138e-01
4.908864e-01
4.909950e-01
4.911392e-01
4.913183e-01
4.915317e-01
4.917785e-01
4.920578e-01
4.923684e-01
4.927091e-01
4.930786e-01
4.934754e-01
4.938980e-01
4.943446e-01
4.948136e-01
4.953030e-01
4.958110e-01
4.963354e-01
4.968744e-01
4.974257e-01
4.979872e-01
4.985566e-01
4.991316e-01
4.997102e-01
5.002898e-01
5.008684e-01
5.014434e-01
5.020128e-01
5.025743e-01
5.031256e-01
5.036646e-01
5.041890e-01
5.046970e-01
5.051864e-01
5.056554e-01
5.061020e-01
5.065246e-01
5.069214e-01
5.072909e-01
5.076316e-01
5.079422e-01
5.082215e-01
5.084683e-01
5.086817e-01
5.088608e-01
5.090050e-01
5.091136e-01
5.091862e-01
5.092226e-01
5.092226e-01
5.091862e-01
5.091136e-01
5.090050e-01
5.088608e-01
5.086817e-01
5.084683e-01
5.082215e-01
5.079422e-01
5.076316e-01
5.072909e-01
5.069214e-01
5.065246e-01
5.061020e-01
5.056554e-01
5.051864e-01
5.046970e-01
5.041890e-01
5.036646e-01
5.031256e-01
5.025743e-01
5.020128e-01
5.014434e-01
5.008684e-01
5.002898e-01
4.997102e-01
4.991316e-01
4.985566e-01
4.979872e-01
4.974257e-01
4.968744e-01
4.963354e-01
4.958110e-01
4.953030e-01
4.948136e-01
4.943446e-01
4.938980e-01
4.934754e-01
4.930786e-01
4.927091e-01
4.923684e-01
4.920578e-01
4.917785e-01
4.915317e-01
4.913183e-01
4.911392e-01
4.909950e-01
4.908864e-01
4.908138e-01
