4.887699e-01
4.887699e-01
4.888142e-01
4.889027e-01
4.890349e-01
4.892105e-01
4.894286e-01
4.896884e-01
4.899890e-01
4.903290e-01
4.907072e-01
4.911221e-01
4.915720e-01
4.920552e-01
4.925697e-01
4.931136e-01
4.936846e-01
4.942806e-01
4.948991e-01
4.955378e-01
4.961941e-01
4.968654e-01
4.975490e-01
4.982424e-01
4.989426e-01
4.996471e-01
5.003529e-01
5.010574e-01
5.017576e-01
5.024510e-01
5.031346e-01
5.038059e-01
5.044622e-01
5.051009e-01
5.057194e-01
5.063154e-01
5.068864e-01
5.074303e-01
5.079448e-01
5.084280e-01
5.088779e-01
5.092928e-01
5.096710e-01
5.100110e-01
5.103116e-01
5.105714e-01
5.107895e-01
5.109651e-01
5.110973e-01
5.111858e-01
5.112301e-01
5.112301e-01
5.111858e-01
5.110973e-01
5.109651e-01
5.107895e-01
5.105714e-01
5.103116e-01
5.100110e-01
5.096710e-01
5.092928e-01
5.088779e-01
5.084280e-01
5.079448e-01
5.074303e-01
5.068864e-01
5.063154e-01
5.057194e-01
5.051009e-01
5.044622e-01
5.038059e-01
5.031346e-01
5.024510e-01
5.017576e-01
5.010574e-01
5.003529e-01
4.996471e-01
4.989426e-01
4.982424e-01
4.975490e-01
4.968654e-01
4.961941e-01
4.955378e-01
4.948991e-01
4.942806e-01
4.936846e-01
4.931136e-01
4.925697e-01
4.920552e-01
4.915720e-01
4.911221e-01
4.907072e-01
4.903290e-01
4.899890e-01
4.896884e-01
4.894286e-01
4.892105e-01
4.890349e-01
4.889027e-01
4.888142e-01
