4.898230e-01
4.898230e-01
4.898632e-01
4.899433e-01
4.900632e-01
4.902223e-01
4.904199e-01
4.906554e-01
4.909278e-01
4.912359e-01
4.915787e-01
4.919546e-01
4.923624e-01
4.928002e-01
4.932665e-01
4.937594e-01
4.942769e-01
4.948169e-01
4.953775e-01
4.959562e-01
4.965510e-01
4.971593e-01
4.977789e-01
4.984072e-01
4.990418e-01
4.996802e-01
5.003198e-01
5.009582e-01
5.015928e-01
5.022211e-01
5.028407e-01
5.034490e-01
5.040438e-01
5.046225e-01
5.051831e-01
5.057231e-01
5.062406e-01
5.067335e-01
5.071998e-01
5.076376e-01
5.080454e-01
5.084213e-01
5.087641e-01
5.090722e-01
5.093446e-01
5.095801e-01
5.097777e-01
5.099368e-01
5.100567e-01
5.101368e-01
5.101770e-01
5.101770e-01
5.101368e-01
5.100567e-01
5.099368e-01
5.097777e-01
5.095801e-01
5.093446e-01
5.090722e-01
5.087641e-01
5.084213e-01
5.080454e-01
5.076376e-01
5.071998e-01
5.067335e-01
5.062406e-01
5.057231e-01
5.051831e-01
5.046225e-01
5.040438e-01
5.034490e-01
5.028407e-01
5.022211e-01
5.015928e-01
5.009582e-01
5.003198e-01
4.996802e-01
4.990418e-01
4.984072e-01
4.977789e-01
4.971593e-01
4.965510e-01
4.959562e-01
4.953775e-01
4.948169e-01
4.942769e-01
4.937594e-01
4.932665e-01
4.928002e-01
4.923624e-01
4.919546e-01
4.915787e-01
4.912359e-01
4.909278e-01
4.906554e-01
4.904199e-01
4.902223e-01
4.900632e-01
4.899433e-01
4.898632e-01
