7.728054e-02
7.728054e-02
7.874493e-02
8.167510e-02
8.607354e-02
9.194339e-02
9.928770e-02
1.081085e-01
1.184057e-01
1.301759e-01
1.434112e-01
1.580976e-01
1.742141e-01
1.917310e-01
2.106094e-01
2.307996e-01
2.522410e-01
2.748612e-01
2.985762e-01
3.232901e-01
3.488961e-01
3.752766e-01
4.023048e-01
4.298457e-01
4.577576e-01
4.858941e-01
5.141059e-01
5.422424e-01
5.701543e-01
5.976952e-01
6.247234e-01
6.511039e-01
6.767099e-01
7.014238e-01
7.251388e-01
7.477590e-01
7.692004e-01
7.893906e-01
8.082690e-01
8.257859e-01
8.419024e-01
8.565888e-01
8.698241e-01
8.815943e-01
8.918915e-01
9.007123e-01
9.080566e-01
9.139265e-01
9.183249e-01
9.212551e-01
9.227195e-01
9.227195e-01
9.212551e-01
9.183249e-01
9.139265e-01
9.080566e-01
9.007123e-01
8.918915e-01
8.815943e-01
8.698241e-01
8.565888e-01
8.419024e-01
8.257859e-01
8.082690e-01
7.893906e-01
7.692004e-01
7.477590e-01
7.251388e-01
7.014238e-01
6.767099e-01
6.511039e-01
6.247234e-01
5.976952e-01
5.701543e-01
5.422424e-01
5.141059e-01
4.858941e-01
4.577576e-01
4.298457e-01
4.023048e-01
3.752766e-01
3.488961e-01
3.232901e-01
2.985762e-01
2.748612e-01
2.522410e-01
2.307996e-01
2.106094e-01
1.917310e-01
1.742141e-01
1.580976e-01
1.434112e-01
1.301759e-01
1.184057e-01
1.081085e-01
9.928770e-02
9.194339e-02
8.607354e-02
8.167510e-02
7.874493e-02
