4.876078e-01
4.876078e-01
4.876567e-01
4.877543e-01
4.879003e-01
4.880940e-01
4.883347e-01
4.886214e-01
4.889530e-01
4.893282e-01
4.897456e-01
4.902034e-01
4.906999e-01
4.912331e-01
4.918008e-01
4.924010e-01
4.930311e-01
4.936887e-01
4.943713e-01
4.950760e-01
4.958002e-01
4.965410e-01
4.972954e-01
4.980605e-01
4.988332e-01
4.996106e-01
5.003894e-01
5.011668e-01
5.019395e-01
5.027046e-01
5.034590e-01
5.041998e-01
5.049240e-01
5.056287e-01
5.063113e-01
5.069689e-01
5.075990e-01
5.081992e-01
5.087669e-01
5.093001e-01
5.097966e-01
5.102544e-01
5.106718e-01
5.110470e-01
5.113786e-01
5.116653e-01
5.119060e-01
5.120997e-01
5.122457e-01
5.123433e-01
5.123922e-01
5.123922e-01
5.123433e-01
5.122457e-01
5.120997e-01
5.119060e-01
5.116653e-01
5.113786e-01
5.110470e-01
5.106718e-01
5.102544e-01
5.097966e-01
5.093001e-01
5.087669e-01
5.081992e-01
5.075990e-01
5.069689e-01
5.063113e-01
5.056287e-01
5.049240e-01
5.041998e-01
5.034590e-01
5.027046e-01
5.019395e-01
5.011668e-01
5.003894e-01
4.996106e-01
4.988332e-01
4.980605e-01
4.972954e-01
4.965410e-01
4.958002e-01
4.950760e-01
4.943713e-01
4.936887e-01
4.930311e-01
4.924010e-01
4.918008e-01
4.912331e-01
4.906999e-01
4.902034e-01
4.897456e-01
4.893282e-01
4.889530e-01
4.886214e-01
4.883347e-01
4.880940e-01
4.879003e-01
4.877543e-01
4.876567e-01
