4.931363e-01
4.931363e-01
4.931634e-01
4.932174e-01
4.932983e-01
4.934055e-01
4.935389e-01
4.936977e-01
4.938814e-01
4.940892e-01
4.943203e-01
4.945739e-01
4.948489e-01
4.951442e-01
4.954587e-01
4.957911e-01
4.961401e-01
4.965044e-01
4.968824e-01
4.972727e-01
4.976738e-01
4.980841e-01
4.985020e-01
4.989257e-01
4.993537e-01
4.997843e-01
5.002157e-01
5.006463e-01
5.010743e-01
5.014980e-01
5.019159e-01
5.023262e-01
5.027273e-01
5.031176e-01
5.034956e-01
5.038599e-01
5.042089e-01
5.045413e-01
5.048558e-01
5.051511e-01
5.054261e-01
5.056797e-01
5.059108e-01
5.061186e-01
5.063023e-01
5.064611e-01
5.065945e-01
5.067017e-01
5.067826e-01
5.068366e-01
5.068637e-01
5.068637e-01
5.068366e-01
5.067826e-01
5.067017e-01
5.065945e-01
5.064611e-01
5.063023e-01
5.061186e-01
5.059108e-01
5.056797e-01
5.054261e-01
5.051511e-01
5.048558e-01
5.045413e-01
5.042089e-01
5.038599e-01
5.034956e-01
5.031176e-01
5.027273e-01
5.023262e-01
5.019159e-01
5.014980e-01
5.010743e-01
5.006463e-01
5.002157e-01
4.997843e-01
4.993537e-01
4.989257e-01
4.985020e-01
4.980841e-01
4.976738e-01
4.972727e-01
4.968824e-01
4.965044e-01
4.961401e-01
4.957911e-01
4.954587e-01
4.951442e-01
4.948489e-01
4.945739e-01
4.943203e-01
4.940892e-01
4.938814e-01
4.936977e-01
4.935389e-01
4.934055e-01
4.932983e-01
4.932174e-01
4.931634e-01
