4.937799e-01
4.937799e-01
4.938045e-01
4.938535e-01
4.939267e-01
4.940240e-01
4.941448e-01
4.942887e-01
4.944551e-01
4.946435e-01
4.948530e-01
4.950828e-01
4.953320e-01
4.955996e-01
4.958846e-01
4.961858e-01
4.965021e-01
4.968322e-01
4.971748e-01
4.975285e-01
4.978920e-01
4.982638e-01
4.986425e-01
4.990265e-01
4.994144e-01
4.998045e-01
5.001955e-01
5.005856e-01
5.009735e-01
5.013575e-01
5.017362e-01
5.021080e-01
5.024715e-01
5.028252e-01
5.031678e-01
5.034979e-01
5.038142e-01
5.041154e-01
5.044004e-01
5.046680e-01
5.049172e-01
5.051470e-01
5.053565e-01
5.055449e-01
5.057113e-01
5.058552e-01
5.059760e-01
5.060733e-01
5.061465e-01
5.061955e-01
5.062201e-01
5.062201e-01
5.061955e-01
5.061465e-01
5.060733e-01
5.059760e-01
5.058552e-01
5.057113e-01
5.055449e-01
5.053565e-01
5.051470e-01
5.049172e-01
5.046680e-01
5.044004e-01
5.041154e-01
5.038142e-01
5.034979e-01
5.031678e-01
5.028252e-01
5.024715e-01
5.021080e-01
5.017362e-01
5.013575e-01
5.009735e-01
5.005856e-01
5.001955e-01
4.998045e-01
4.994144e-01
4.990265e-01
4.986425e-01
4.982638e-01
4.978920e-01
4.975285e-01
4.971748e-01
4.968322e-01
4.965021e-01
4.961858e-01
4.958846e-01
4.955996e-01
4.953320e-01
4.950828e-01
4.948530e-01
4.946435e-01
4.944551e-01
4.942887e-01
4.941448e-01
4.940240e-01
4.939267e-01
4.938535e-01
4.938045e-01
