4.924260e-01
4.924260e-01
4.924559e-01
4.925156e-01
4.926048e-01
4.927232e-01
4.928703e-01
4.930455e-01
4.932482e-01
4.934775e-01
4.937326e-01
4.940124e-01
4.943159e-01
4.946417e-01
4.949888e-01
4.953556e-01
4.957407e-01
4.961426e-01
4.965598e-01
4.969905e-01
4.974331e-01
4.978859e-01
4.983470e-01
4.988146e-01
4.992869e-01
4.997620e-01
5.002380e-01
5.007131e-01
5.011854e-01
5.016530e-01
5.021141e-01
5.025669e-01
5.030095e-01
5.034402e-01
5.038574e-01
5.042593e-01
5.046444e-01
5.050112e-01
5.053583e-01
5.056841e-01
5.059876e-01
5.062674e-01
5.065225e-01
5.067518e-01
5.069545e-01
5.071297e-01
5.072768e-01
5.073952e-01
5.074844e-01
5.075441e-01
5.075740e-01
5.075740e-01
5.075441e-01
5.074844e-01
5.073952e-01
5.072768e-01
5.071297e-01
5.069545e-01
5.067518e-01
5.065225e-01
5.062674e-01
5.059876e-01
5.056841e-01
5.053583e-01
5.050112e-01
5.046444e-01
5.042593e-01
5.038574e-01
5.034402e-01
5.030095e-01
5.025669e-01
5.021141e-01
5.016530e-01
5.011854e-01
5.007131e-01
5.002380e-01
4.997620e-01
4.992869e-01
4.988146e-01
4.983470e-01
4.978859e-01
4.974331e-01
4.969905e-01
4.965598e-01
4.961426e-01
4.957407e-01
4.953556e-01
4.949888e-01
4.946417e-01
4.943159e-01
4.940124e-01
4.937326e-01
4.934775e-01
4.932482e-01
4.930455e-01
4.928703e-01
4.927232e-01
4.926048e-01
4.925156e-01
4.924559e-01
