4.916422e-01
4.916422e-01
4.916752e-01
4.917411e-01
4.918395e-01
4.919701e-01
4.921325e-01
4.923258e-01
4.925495e-01
4.928026e-01
4.930840e-01
4.933928e-01
4.937277e-01
4.940873e-01
4.944702e-01
4.948749e-01
4.952999e-01
4.957435e-01
4.962038e-01
4.966791e-01
4.971675e-01
4.976671e-01
4.981759e-01
4.986919e-01
4.992131e-01
4.997373e-01
5.002627e-01
5.007869e-01
5.013081e-01
5.018241e-01
5.023329e-01
5.028325e-01
5.033209e-01
5.037962e-01
5.042565e-01
5.047001e-01
5.051251e-01
5.055298e-01
5.059127e-01
5.062723e-01
5.066072e-01
5.069160e-01
5.071974e-01
5.074505e-01
5.076742e-01
5.078675e-01
5.080299e-01
5.081605e-01
5.082589e-01
5.083248e-01
5.083578e-01
5.083578e-01
5.083248e-01
5.082589e-01
5.081605e-01
5.080299e-01
5.078675e-01
5.076742e-01
5.074505e-01
5.071974e-01
5.069160e-01
5.066072e-01
5.062723e-01
5.059127e-01
5.055298e-01
5.051251e-01
5.047001e-01
5.042565e-01
5.037962e-01
5.033209e-01
5.028325e-01
5.023329e-01
5.018241e-01
5.013081e-01
5.007869e-01
5.002627e-01
4.997373e-01
4.992131e-01
4.986919e-01
4.981759e-01
4.976671e-01
4.971675e-01
4.966791e-01
4.962038e-01
4.957435e-01
4.952999e-01
4.948749e-01
4.944702e-01
4.940873e-01
4.937277e-01
4.933928e-01
4.930840e-01
4.928026e-01
4.925495e-01
4.923258e-01
4.921325e-01
4.919701e-01
4.918395e-01
4.917411e-01
4.916752e-01
