1.137577e-01
1.137577e-01
1.151963e-01
1.180708e-01
1.223759e-01
1.281033e-01
1.352413e-01
1.437750e-01
1.536853e-01
1.649487e-01
1.775371e-01
1.914168e-01
2.065485e-01
2.228867e-01
2.403794e-01
2.589679e-01
2.785868e-01
2.991637e-01
3.206194e-01
3.428682e-01
3.658184e-01
3.893725e-01
4.134279e-01
4.378779e-01
4.626123e-01
4.875183e-01
5.124817e-01
5.373877e-01
5.621221e-01
5.865721e-01
6.106275e-01
6.341816e-01
6.571318e-01
6.793806e-01
7.008363e-01
7.214132e-01
7.410321e-01
7.596206e-01
7.771133e-01
7.934515e-01
8.085832e-01
8.224629e-01
8.350513e-01
8.463147e-01
8.562250e-01
8.647587e-01
8.718967e-01
8.776241e-01
8.819292e-01
8.848037e-01
8.862423e-01
8.862423e-01
8.848037e-01
8.819292e-01
8.776241e-01
8.718967e-01
8.647587e-01
8.562250e-01
8.463147e-01
8.350513e-01
8.224629e-01
8.085832e-01
7.934515e-01
7.771133e-01
7.596206e-01
7.410321e-01
7.214132e-01
7.008363e-01
6.793806e-01
6.571318e-01
6.341816e-01
6.106275e-01
5.865721e-01
5.621221e-01
5.373877e-01
5.124817e-01
4.875183e-01
4.626123e-01
4.378779e-01
4.134279e-01
3.893725e-01
3.658184e-01
3.428682e-01
3.206194e-01
2.991637e-01
2.785868e-01
2.589679e-01
2.403794e-01
2.228867e-01
2.065485e-01
1.914168e-01
1.775371e-01
1.649487e-01
1.536853e-01
1.437750e-01
1.352413e-01
1.281033e-01
1.223759e-01
1.180708e-01
1.151963e-01
