4.948918e-01
4.948918e-01
4.949120e-01
4.949522e-01
4.950124e-01
4.950922e-01
4.951914e-01
4.953096e-01
4.954463e-01
4.956010e-01
4.957730e-01
4.959618e-01
4.961664e-01
4.963862e-01
4.966202e-01
4.968676e-01
4.971274e-01
4.973984e-01
4.976798e-01
4.979703e-01
4.982688e-01
4.985742e-01
4.988851e-01
4.992005e-01
4.995190e-01
4.998395e-01
5.001605e-01
5.004810e-01
5.007995e-01
5.011149e-01
5.014258e-01
5.017312e-01
5.020297e-01
5.023202e-01
5.026016e-01
5.028726e-01
5.031324e-01
5.033798e-01
5.036138e-01
5.038336e-01
5.040382e-01
5.042270e-01
5.043990e-01
5.045537e-01
5.046904e-01
5.048086e-01
5.049078e-01
5.049876e-01
5.050478e-01
5.050880e-01
5.051082e-01
5.051082e-01
5.050880e-01
5.050478e-01
5.049876e-01
5.049078e-01
5.048086e-01
5.046904e-01
5.045537e-01
5.043990e-01
5.042270e-01
5.040382e-01
5.038336e-01
5.036138e-01
5.033798e-01
5.031324e-01
5.028726e-01
5.026016e-01
5.023202e-01
5.020297e-01
5.017312e-01
5.014258e-01
5.011149e-01
5.007995e-01
5.004810e-01
5.001605e-01
4.998395e-01
4.995190e-01
4.992005e-01
4.988851e-01
4.985742e-01
4.982688e-01
4.979703e-01
4.976798e-01
4.973984e-01
4.971274e-01
4.968676e-01
4.966202e-01
4.963862e-01
4.961664e-01
4.959618e-01
4.957730e-01
4.956010e-01
4.954463e-01
4.953096e-01
4.951914e-01
4.950922e-01
4.950124e-01
4.949522e-01
4.949120e-01
