4.953708e-01
4.953708e-01
4.953891e-01
4.954256e-01
4.954801e-01
4.955525e-01
4.956424e-01
4.957495e-01
4.958734e-01
4.960135e-01
4.961694e-01
4.963404e-01
4.965259e-01
4.967251e-01
4.969372e-01
4.971614e-01
4.973967e-01
4.976424e-01
4.978974e-01
4.981606e-01
4.984312e-01
4.987079e-01
4.989897e-01
4.992755e-01
4.995641e-01
4.998545e-01
5.001455e-01
5.004359e-01
5.007245e-01
5.010103e-01
5.012921e-01
5.015688e-01
5.018394e-01
5.021026e-01
5.023576e-01
5.026033e-01
5.028386e-01
5.030628e-01
5.032749e-01
5.034741e-01
5.036596e-01
5.038306e-01
5.039865e-01
5.041266e-01
5.042505e-01
5.043576e-01
5.044475e-01
5.045199e-01
5.045744e-01
5.046109e-01
5.046292e-01
5.046292e-01
5.046109e-01
5.045744e-01
5.045199e-01
5.044475e-01
5.043576e-01
5.042505e-01
5.041266e-01
5.039865e-01
5.038306e-01
5.036596e-01
5.034741e-01
5.032749e-01
5.030628e-01
5.028386e-01
5.026033e-01
5.023576e-01
5.021026e-01
5.018394e-01
5.015688e-01
5.012921e-01
5.010103e-01
5.007245e-01
5.004359e-01
5.001455e-01
4.998545e-01
4.995641e-01
4.992755e-01
4.989897e-01
4.987079e-01
4.984312e-01
4.981606e-01
4.978974e-01
4.976424e-01
4.973967e-01
4.971614e-01
4.969372e-01
4.967251e-01
4.965259e-01
4.963404e-01
4.961694e-01
4.960135e-01
4.958734e-01
4.957495e-01
4.956424e-01
4.955525e-01
4.954801e-01
4.954256e-01
4.953891e-01
