4.958050e-01
4.958050e-01
4.958215e-01
4.958546e-01
4.959040e-01
4.959695e-01
4.960510e-01
4.961481e-01
4.962603e-01
4.963874e-01
4.965286e-01
4.966836e-01
4.968517e-01
4.970322e-01
4.972244e-01
4.974276e-01
4.976409e-01
4.978635e-01
4.980945e-01
4.983331e-01
4.985783e-01
4.988290e-01
4.990844e-01
4.993434e-01
4.996050e-01
4.998682e-01
5.001318e-01
5.003950e-01
5.006566e-01
5.009156e-01
5.011710e-01
5.014217e-01
5.016669e-01
5.019055e-01
5.021365e-01
5.023591e-01
5.025724e-01
5.027756e-01
5.029678e-01
5.031483e-01
5.033164e-01
5.034714e-01
5.036126e-01
5.037397e-01
5.038519e-01
5.039490e-01
5.040305e-01
5.040960e-01
5.041454e-01
5.041785e-01
5.041950e-01
5.041950e-01
5.041785e-01
5.041454e-01
5.040960e-01
5.040305e-01
5.039490e-01
5.038519e-01
5.037397e-01
5.036126e-01
5.034714e-01
5.033164e-01
5.031483e-01
5.029678e-01
5.027756e-01
5.025724e-01
5.023591e-01
5.021365e-01
5.019055e-01
5.016669e-01
5.014217e-01
5.011710e-01
5.009156e-01
5.006566e-01
5.003950e-01
5.001318e-01
4.998682e-01
4.996050e-01
4.993434e-01
4.990844e-01
4.988290e-01
4.985783e-01
4.983331e-01
4.980945e-01
4.978635e-01
4.976409e-01
4.974276e-01
4.972244e-01
4.970322e-01
4.968517e-01
4.966836e-01
4.965286e-01
4.963874e-01
4.962603e-01
4.961481e-01
4.960510e-01
4.959695e-01
4.959040e-01
4.958546e-01
4.958215e-01
