4.943632e-01
4.943632e-01
4.943855e-01
4.944299e-01
4.944963e-01
4.945844e-01
4.946938e-01
4.948243e-01
4.949751e-01
4.951458e-01
4.953356e-01
4.955439e-01
4.957697e-01
4.960122e-01
4.962705e-01
4.965435e-01
4.968301e-01
4.971292e-01
4.974397e-01
4.977603e-01
4.980897e-01
4.984266e-01
4.987698e-01
4.991178e-01
4.994693e-01
4.998229e-01
5.001771e-01
5.005307e-01
5.008822e-01
5.012302e-01
5.015734e-01
5.019103e-01
5.022397e-01
5.025603e-01
5.028708e-01
5.031699e-01
5.034565e-01
5.037295e-01
5.039878e-01
5.042303e-01
5.044561e-01
5.046644e-01
5.048542e-01
5.050249e-01
5.051757e-01
5.053062e-01
5.054156e-01
5.055037e-01
5.055701e-01
5.056145e-01
5.056368e-01
5.056368e-01
5.056145e-01
5.055701e-01
5.055037e-01
5.054156e-01
5.053062e-01
5.051757e-01
5.050249e-01
5.048542e-01
5.046644e-01
5.044561e-01
5.042303e-01
5.039878e-01
5.037295e-01
5.034565e-01
5.031699e-01
5.028708e-01
5.025603e-01
5.022397e-01
5.019103e-01
5.015734e-01
5.012302e-01
5.008822e-01
5.005307e-01
5.001771e-01
4.998229e-01
4.994693e-01
4.991178e-01
4.987698e-01
4.984266e-01
4.980897e-01
4.977603e-01
4.974397e-01
4.971292e-01
4.968301e-01
4.965435e-01
4.962705e-01
4.960122e-01
4.957697e-01
4.955439e-01
4.953356e-01
4.951458e-01
4.949751e-01
4.948243e-01
4.946938e-01
4.945844e-01
4.944963e-01
4.944299e-01
4.943855e-01
