4.961984e-01
4.961984e-01
4.962134e-01
4.962433e-01
4.962881e-01
4.963475e-01
4.964213e-01
4.965093e-01
4.966110e-01
4.967261e-01
4.968542e-01
4.969946e-01
4.971469e-01
4.973105e-01
4.974847e-01
4.976688e-01
4.978621e-01
4.980638e-01
4.982732e-01
4.984894e-01
4.987116e-01
4.989389e-01
4.991703e-01
4.994050e-01
4.996421e-01
4.998805e-01
5.001195e-01
5.003579e-01
5.005950e-01
5.008297e-01
5.010611e-01
5.012884e-01
5.015106e-01
5.017268e-01
5.019362e-01
5.021379e-01
5.023312e-01
5.025153e-01
5.026895e-01
5.028531e-01
5.030054e-01
5.031458e-01
5.032739e-01
5.033890e-01
5.034907e-01
5.035787e-01
5.036525e-01
5.037119e-01
5.037567e-01
5.037866e-01
5.038016e-01
5.038016e-01
5.037866e-01
5.037567e-01
5.037119e-01
5.036525e-01
5.035787e-01
5.034907e-01
5.033890e-01
5.032739e-01
5.031458e-01
5.030054e-01
5.028531e-01
5.026895e-01
5.025153e-01
5.023312e-01
5.021379e-01
5.019362e-01
5.017268e-01
5.015106e-01
5.012884e-01
5.010611e-01
5.008297e-01
5.005950e-01
5.003579e-01
5.001195e-01
4.998805e-01
4.996421e-01
4.994050e-01
4.991703e-01
4.989389e-01
4.987116e-01
4.984894e-01
4.982732e-01
4.980638e-01
4.978621e-01
4.976688e-01
4.974847e-01
4.973105e-01
4.971469e-01
4.969946e-01
4.968542e-01
4.967261e-01
4.966110e-01
4.965093e-01
4.964213e-01
4.963475e-01
4.962881e-01
4.962433e-01
4.962134e-01
