4.965549e-01
4.965549e-01
4.965685e-01
4.965956e-01
4.966362e-01
4.966900e-01
4.967569e-01
4.968366e-01
4.969288e-01
4.970332e-01
4.971492e-01
4.972765e-01
4.974145e-01
4.975627e-01
4.977206e-01
4.978874e-01
4.980626e-01
4.982454e-01
4.984352e-01
4.986311e-01
4.988324e-01
4.990384e-01
4.992481e-01
4.994608e-01
4.996756e-01
4.998917e-01
5.001083e-01
5.003244e-01
5.005392e-01
5.007519e-01
5.009616e-01
5.011676e-01
5.013689e-01
5.015648e-01
5.017546e-01
5.019374e-01
5.021126e-01
5.022794e-01
5.024373e-01
5.025855e-01
5.027235e-01
5.028508e-01
5.029668e-01
5.030712e-01
5.031634e-01
5.032431e-01
5.033100e-01
5.033638e-01
5.034044e-01
5.034315e-01
5.034451e-01
5.034451e-01
5.034315e-01
5.034044e-01
5.033638e-01
5.033100e-01
5.032431e-01
5.031634e-01
5.030712e-01
5.029668e-01
5.028508e-01
5.027235e-01
5.025855e-01
5.024373e-01
5.022794e-01
5.021126e-01
5.019374e-01
5.017546e-01
5.015648e-01
5.013689e-01
5.011676e-01
5.009616e-01
5.007519e-01
5.005392e-01
5.003244e-01
5.001083e-01
4.998917e-01
4.996756e-01
4.994608e-01
4.992481e-01
4.990384e-01
4.988324e-01
4.986311e-01
4.984352e-01
4.982454e-01
4.980626e-01
4.978874e-01
4.977206e-01
4.975627e-01
4.974145e-01
4.972765e-01
4.971492e-01
4.970332e-01
4.969288e-01
4.968366e-01
4.967569e-01
4.966900e-01
4.966362e-01
4.965956e-01
4.965685e-01
