4.971707e-01
4.971707e-01
4.971819e-01
4.972042e-01
4.972375e-01
4.972817e-01
4.973367e-01
4.974021e-01
4.974778e-01
4.975635e-01
4.976588e-01
4.977633e-01
4.978767e-01
4.979984e-01
4.981280e-01
4.982651e-01
4.984089e-01
4.985591e-01
4.987149e-01
4.988758e-01
4.990411e-01
4.992103e-01
4.993825e-01
4.995572e-01
4.997336e-01
4.999111e-01
5.000889e-01
5.002664e-01
5.004428e-01
5.006175e-01
5.007897e-01
5.009589e-01
5.011242e-01
5.012851e-01
5.014409e-01
5.015911e-01
5.017349e-01
5.018720e-01
5.020016e-01
5.021233e-01
5.022367e-01
5.023412e-01
5.024365e-01
5.025222e-01
5.025979e-01
5.026633e-01
5.027183e-01
5.027625e-01
5.027958e-01
5.028181e-01
5.028293e-01
5.028293e-01
5.028181e-01
5.027958e-01
5.027625e-01
5.027183e-01
5.026633e-01
5.025979e-01
5.025222e-01
5.024365e-01
5.023412e-01
5.022367e-01
5.021233e-01
5.020016e-01
5.018720e-01
5.017349e-01
5.015911e-01
5.014409e-01
5.012851e-01
5.011242e-01
5.009589e-01
5.007897e-01
5.006175e-01
5.004428e-01
5.002664e-01
5.000889e-01
4.999111e-01
4.997336e-01
4.995572e-01
4.993825e-01
4.992103e-01
4.990411e-01
4.988758e-01
4.987149e-01
4.985591e-01
4.984089e-01
4.982651e-01
4.981280e-01
4.979984e-01
4.978767e-01
4.977633e-01
4.976588e-01
4.975635e-01
4.974778e-01
4.974021e-01
4.973367e-01
4.972817e-01
4.972375e-01
4.972042e-01
4.971819e-01
