4.968779e-01
4.968779e-01
4.968903e-01
4.969148e-01
4.969516e-01
4.970004e-01
4.970611e-01
4.971333e-01
4.972168e-01
4.973114e-01
4.974165e-01
4.975319e-01
4.976569e-01
4.977913e-01
4.979343e-01
4.980855e-01
4.982443e-01
4.984100e-01
4.985819e-01
4.987595e-01
4.989419e-01
4.991285e-01
4.993186e-01
4.995114e-01
4.997060e-01
4.999019e-01
5.000981e-01
5.002940e-01
5.004886e-01
5.006814e-01
5.008715e-01
5.010581e-01
5.012405e-01
5.014181e-01
5.015900e-01
5.017557e-01
5.019145e-01
5.020657e-01
5.022087e-01
5.023431e-01
5.024681e-01
5.025835e-01
5.026886e-01
5.027832e-01
5.028667e-01
5.029389e-01
5.029996e-01
5.030484e-01
5.030852e-01
5.031097e-01
5.031221e-01
5.031221e-01
5.031097e-01
5.030852e-01
5.030484e-01
5.029996e-01
5.029389e-01
5.028667e-01
5.027832e-01
5.026886e-01
5.025835e-01
5.024681e-01
5.023431e-01
5.022087e-01
5.020657e-01
5.019145e-01
5.017557e-01
5.015900e-01
5.014181e-01
5.012405e-01
5.010581e-01
5.008715e-01
5.006814e-01
5.004886e-01
5.002940e-01
5.000981e-01
4.999019e-01
4.997060e-01
4.995114e-01
4.993186e-01
4.991285e-01
4.989419e-01
4.987595e-01
4.985819e-01
4.984100e-01
4.982443e-01
4.980855e-01
4.979343e-01
4.977913e-01
4.976569e-01
4.975319e-01
4.974165e-01
4.973114e-01
4.972168e-01
4.971333e-01
4.970611e-01
4.970004e-01
4.969516e-01
4.969148e-01
4.968903e-01
