4.980918e-01
4.980918e-01
4.980994e-01
4.981144e-01
4.981369e-01
4.981667e-01
4.982037e-01
4.982479e-01
4.982990e-01
4.983567e-01
4.984210e-01
4.984915e-01
4.985679e-01
4.986500e-01
4.987375e-01
4.988299e-01
4.989269e-01
4.990282e-01
4.991333e-01
4.992418e-01
4.993533e-01
4.994674e-01
4.995835e-01
4.997013e-01
4.998203e-01
4.999400e-01
5.000600e-01
5.001797e-01
5.002987e-01
5.004165e-01
5.005326e-01
5.006467e-01
5.007582e-01
5.008667e-01
5.009718e-01
5.010731e-01
5.011701e-01
5.012625e-01
5.013500e-01
5.014321e-01
5.015085e-01
5.015790e-01
5.016433e-01
5.017010e-01
5.017521e-01
5.017963e-01
5.018333e-01
5.018631e-01
5.018856e-01
5.019006e-01
5.019082e-01
5.019082e-01
5.019006e-01
5.018856e-01
5.018631e-01
5.018333e-01
5.017963e-01
5.017521e-01
5.017010e-01
5.016433e-01
5.015790e-01
5.015085e-01
5.014321e-01
5.013500e-01
5.012625e-01
5.011701e-01
5.010731e-01
5.009718e-01
5.008667e-01
5.007582e-01
5.006467e-01
5.005326e-01
5.004165e-01
5.002987e-01
5.001797e-01
5.000600e-01
4.999400e-01
4.998203e-01
4.997013e-01
4.995835e-01
4.994674e-01
4.993533e-01
4.992418e-01
4.991333e-01
4.990282e-01
4.989269e-01
4.988299e-01
4.987375e-01
4.986500e-01
4.985679e-01
4.984915e-01
4.984210e-01
4.983567e-01
4.982990e-01
4.982479e-01
4.982037e-01
4.981667e-01
4.981369e-01
4.981144e-01
4.980994e-01
