4.974360e-01
4.974360e-01
4.974461e-01
4.974663e-01
4.974965e-01
4.975366e-01
4.975864e-01
4.976457e-01
4.977144e-01
4.977920e-01
4.978783e-01
4.979731e-01
4.980758e-01
4.981861e-01
4.983036e-01
4.984277e-01
4.985581e-01
4.986942e-01
4.988354e-01
4.989812e-01
4.991311e-01
4.992843e-01
4.994404e-01
4.995987e-01
4.997586e-01
4.999194e-01
5.000806e-01
5.002414e-01
5.004013e-01
5.005596e-01
5.007157e-01
5.008689e-01
5.010188e-01
5.011646e-01
5.013058e-01
5.014419e-01
5.015723e-01
5.016964e-01
5.018139e-01
5.019242e-01
5.020269e-01
5.021217e-01
5.022080e-01
5.022856e-01
5.023543e-01
5.024136e-01
5.024634e-01
5.025035e-01
5.025337e-01
5.025539e-01
5.025640e-01
5.025640e-01
5.025539e-01
5.025337e-01
5.025035e-01
5.024634e-01
5.024136e-01
5.023543e-01
5.022856e-01
5.022080e-01
5.021217e-01
5.020269e-01
5.019242e-01
5.018139e-01
5.016964e-01
5.015723e-01
5.014419e-01
5.013058e-01
5.011646e-01
5.010188e-01
5.008689e-01
5.007157e-01
5.005596e-01
5.004013e-01
5.002414e-01
5.000806e-01
4.999194e-01
4.997586e-01
4.995987e-01
4.994404e-01
4.992843e-01
4.991311e-01
4.989812e-01
4.988354e-01
4.986942e-01
4.985581e-01
4.984277e-01
4.983036e-01
4.981861e-01
4.980758e-01
4.979731e-01
4.978783e-01
4.977920e-01
4.977144e-01
4.976457e-01
4.975864e-01
4.975366e-01
4.974965e-01
4.974663e-01
4.974461e-01
