4.976765e-01
4.976765e-01
4.976856e-01
4.977039e-01
4.977313e-01
4.977676e-01
4.978128e-01
4.978665e-01
4.979287e-01
4.979991e-01
4.980773e-01
4.981631e-01
4.982562e-01
4.983562e-01
4.984627e-01
4.985752e-01
4.986933e-01
4.988166e-01
4.989446e-01
4.990768e-01
4.992125e-01
4.993514e-01
4.994929e-01
4.996363e-01
4.997812e-01
4.999270e-01
5.000730e-01
5.002188e-01
5.003637e-01
5.005071e-01
5.006486e-01
5.007875e-01
5.009232e-01
5.010554e-01
5.011834e-01
5.013067e-01
5.014248e-01
5.015373e-01
5.016438e-01
5.017438e-01
5.018369e-01
5.019227e-01
5.020009e-01
5.020713e-01
5.021335e-01
5.021872e-01
5.022324e-01
5.022687e-01
5.022961e-01
5.023144e-01
5.023235e-01
5.023235e-01
5.023144e-01
5.022961e-01
5.022687e-01
5.022324e-01
5.021872e-01
5.021335e-01
5.020713e-01
5.020009e-01
5.019227e-01
5.018369e-01
5.017438e-01
5.016438e-01
5.015373e-01
5.014248e-01
5.013067e-01
5.011834e-01
5.010554e-01
5.009232e-01
5.007875e-01
5.006486e-01
5.005071e-01
5.003637e-01
5.002188e-01
5.000730e-01
4.999270e-01
4.997812e-01
4.996363e-01
4.994929e-01
4.993514e-01
4.992125e-01
4.990768e-01
4.989446e-01
4.988166e-01
4.986933e-01
4.985752e-01
4.984627e-01
4.983562e-01
4.982562e-01
4.981631e-01
4.980773e-01
4.979991e-01
4.979287e-01
4.978665e-01
4.978128e-01
4.977676e-01
4.977313e-01
4.977039e-01
4.976856e-01
