4.978944e-01
4.978944e-01
4.979027e-01
4.979193e-01
4.979441e-01
4.979770e-01
4.980179e-01
4.980666e-01
4.981229e-01
4.981867e-01
4.982576e-01
4.983354e-01
4.984198e-01
4.985104e-01
4.986068e-01
4.987088e-01
4.988159e-01
4.989276e-01
4.990436e-01
4.991633e-01
4.992864e-01
4.994123e-01
4.995404e-01
4.996704e-01
4.998017e-01
4.999338e-01
5.000662e-01
5.001983e-01
5.003296e-01
5.004596e-01
5.005877e-01
5.007136e-01
5.008367e-01
5.009564e-01
5.010724e-01
5.011841e-01
5.012912e-01
5.013932e-01
5.014896e-01
5.015802e-01
5.016646e-01
5.017424e-01
5.018133e-01
5.018771e-01
5.019334e-01
5.019821e-01
5.020230e-01
5.020559e-01
5.020807e-01
5.020973e-01
5.021056e-01
5.021056e-01
5.020973e-01
5.020807e-01
5.020559e-01
5.020230e-01
5.019821e-01
5.019334e-01
5.018771e-01
5.018133e-01
5.017424e-01
5.016646e-01
5.015802e-01
5.014896e-01
5.013932e-01
5.012912e-01
5.011841e-01
5.010724e-01
5.009564e-01
5.008367e-01
5.007136e-01
5.005877e-01
5.004596e-01
5.003296e-01
5.001983e-01
5.000662e-01
4.999338e-01
4.998017e-01
4.996704e-01
4.995404e-01
4.994123e-01
4.992864e-01
4.991633e-01
4.990436e-01
4.989276e-01
4.988159e-01
4.987088e-01
4.986068e-01
4.985104e-01
4.984198e-01
4.983354e-01
4.982576e-01
4.981867e-01
4.981229e-01
4.980666e-01
4.980179e-01
4.979770e-01
4.979441e-01
4.979193e-01
4.979027e-01
