4.987131e-01
4.987131e-01
4.987181e-01
4.987283e-01
4.987434e-01
4.987635e-01
4.987885e-01
4.988183e-01
4.988528e-01
4.988917e-01
4.989351e-01
4.989826e-01
4.990342e-01
4.990895e-01
4.991485e-01
4.992108e-01
4.992763e-01
4.993446e-01
4.994155e-01
4.994886e-01
4.995638e-01
4.996408e-01
4.997191e-01
4.997986e-01
4.998788e-01
4.999596e-01
5.000404e-01
5.001212e-01
5.002014e-01
5.002809e-01
5.003592e-01
5.004362e-01
5.005114e-01
5.005845e-01
5.006554e-01
5.007237e-01
5.007892e-01
5.008515e-01
5.009105e-01
5.009658e-01
5.010174e-01
5.010649e-01
5.011083e-01
5.011472e-01
5.011817e-01
5.012115e-01
5.012365e-01
5.012566e-01
5.012717e-01
5.012819e-01
5.012869e-01
5.012869e-01
5.012819e-01
5.012717e-01
5.012566e-01
5.012365e-01
5.012115e-01
5.011817e-01
5.011472e-01
5.011083e-01
5.010649e-01
5.010174e-01
5.009658e-01
5.009105e-01
5.008515e-01
5.007892e-01
5.007237e-01
5.006554e-01
5.005845e-01
5.005114e-01
5.004362e-01
5.003592e-01
5.002809e-01
5.002014e-01
5.001212e-01
5.000404e-01
4.999596e-01
4.998788e-01
4.997986e-01
4.997191e-01
4.996408e-01
4.995638e-01
4.994886e-01
4.994155e-01
4.993446e-01
4.992763e-01
4.992108e-01
4.991485e-01
4.990895e-01
4.990342e-01
4.989826e-01
4.989351e-01
4.988917e-01
4.988528e-01
4.988183e-01
4.987885e-01
4.987635e-01
4.987434e-01
4.987283e-01
4.987181e-01
