4.984329e-01
4.984329e-01
4.984391e-01
4.984515e-01
4.984699e-01
4.984944e-01
4.985248e-01
4.985611e-01
4.986030e-01
4.986505e-01
4.987033e-01
4.987612e-01
4.988239e-01
4.988914e-01
4.989632e-01
4.990391e-01
4.991187e-01
4.992019e-01
4.992882e-01
4.993773e-01
4.994689e-01
4.995626e-01
4.996580e-01
4.997547e-01
4.998525e-01
4.999508e-01
5.000492e-01
5.001475e-01
5.002453e-01
5.003420e-01
5.004374e-01
5.005311e-01
5.006227e-01
5.007118e-01
5.007981e-01
5.008813e-01
5.009609e-01
5.010368e-01
5.011086e-01
5.011761e-01
5.012388e-01
5.012967e-01
5.013495e-01
5.013970e-01
5.014389e-01
5.014752e-01
5.015056e-01
5.015301e-01
5.015485e-01
5.015609e-01
5.015671e-01
5.015671e-01
5.015609e-01
5.015485e-01
5.015301e-01
5.015056e-01
5.014752e-01
5.014389e-01
5.013970e-01
5.013495e-01
5.012967e-01
5.012388e-01
5.011761e-01
5.011086e-01
5.010368e-01
5.009609e-01
5.008813e-01
5.007981e-01
5.007118e-01
5.006227e-01
5.005311e-01
5.004374e-01
5.003420e-01
5.002453e-01
5.001475e-01
5.000492e-01
4.999508e-01
4.998525e-01
4.997547e-01
4.996580e-01
4.995626e-01
4.994689e-01
4.993773e-01
4.992882e-01
4.992019e-01
4.991187e-01
4.990391e-01
4.989632e-01
4.988914e-01
4.988239e-01
4.987612e-01
4.987033e-01
4.986505e-01
4.986030e-01
4.985611e-01
4.985248e-01
4.984944e-01
4.984699e-01
4.984515e-01
4.984391e-01
