4.985799e-01
4.985799e-01
4.985855e-01
4.985967e-01
4.986134e-01
4.986356e-01
4.986632e-01
4.986960e-01
4.987340e-01
4.987770e-01
4.988249e-01
4.988773e-01
4.989342e-01
4.989953e-01
4.990604e-01
4.991292e-01
4.992014e-01
4.992767e-01
4.993550e-01
4.994357e-01
4.995187e-01
4.996036e-01
4.996901e-01
4.997777e-01
4.998663e-01
4.999554e-01
5.000446e-01
5.001337e-01
5.002223e-01
5.003099e-01
5.003964e-01
5.004813e-01
5.005643e-01
5.006450e-01
5.007233e-01
5.007986e-01
5.008708e-01
5.009396e-01
5.010047e-01
5.010658e-01
5.011227e-01
5.011751e-01
5.012230e-01
5.012660e-01
5.013040e-01
5.013368e-01
5.013644e-01
5.013866e-01
5.014033e-01
5.014145e-01
5.014201e-01
5.014201e-01
5.014145e-01
5.014033e-01
5.013866e-01
5.013644e-01
5.013368e-01
5.013040e-01
5.012660e-01
5.012230e-01
5.011751e-01
5.011227e-01
5.010658e-01
5.010047e-01
5.009396e-01
5.008708e-01
5.007986e-01
5.007233e-01
5.006450e-01
5.005643e-01
5.004813e-01
5.003964e-01
5.003099e-01
5.002223e-01
5.001337e-01
5.000446e-01
4.999554e-01
4.998663e-01
4.997777e-01
4.996901e-01
4.996036e-01
4.995187e-01
4.994357e-01
4.993550e-01
4.992767e-01
4.992014e-01
4.991292e-01
4.990604e-01
4.989953e-01
4.989342e-01
4.988773e-01
4.988249e-01
4.987770e-01
4.987340e-01
4.986960e-01
4.986632e-01
4.986356e-01
4.986134e-01
4.985967e-01
4.985855e-01
