1.486501e-01
1.486501e-01
1.500008e-01
1.526981e-01
1.567339e-01
1.620958e-01
1.687675e-01
1.767280e-01
1.859520e-01
1.964098e-01
2.080669e-01
2.208840e-01
2.348169e-01
2.498167e-01
2.658293e-01
2.827960e-01
3.006530e-01
3.193320e-01
3.387601e-01
3.588602e-01
3.795513e-01
4.007489e-01
4.223652e-01
4.443101e-01
4.664912e-01
4.888145e-01
5.111855e-01
5.335088e-01
5.556899e-01
5.776348e-01
5.992511e-01
6.204487e-01
6.411398e-01
6.612399e-01
6.806680e-01
6.993470e-01
7.172040e-01
7.341707e-01
7.501833e-01
7.651831e-01
7.791160e-01
7.919331e-01
8.035902e-01
8.140480e-01
8.232720e-01
8.312325e-01
8.379042e-01
8.432661e-01
8.473019e-01
8.499992e-01
8.513499e-01
8.513499e-01
8.499992e-01
8.473019e-01
8.432661e-01
8.379042e-01
8.312325e-01
8.232720e-01
8.140480e-01
8.035902e-01
7.919331e-01
7.791160e-01
7.651831e-01
7.501833e-01
7.341707e-01
7.172040e-01
6.993470e-01
6.806680e-01
6.612399e-01
6.411398e-01
6.204487e-01
5.992511e-01
5.776348e-01
5.556899e-01
5.335088e-01
5.111855e-01
4.888145e-01
4.664912e-01
4.443101e-01
4.223652e-01
4.007489e-01
3.795513e-01
3.588602e-01
3.387601e-01
3.193320e-01
3.006530e-01
2.827960e-01
2.658293e-01
2.498167e-01
2.348169e-01
2.208840e-01
2.080669e-01
1.964098e-01
1.859520e-01
1.767280e-01
1.687675e-01
1.620958e-01
1.567339e-01
1.526981e-01
1.500008e-01
