4.982708e-01
4.982708e-01
4.982776e-01
4.982912e-01
4.983116e-01
4.983386e-01
4.983722e-01
4.984122e-01
4.984585e-01
4.985108e-01
4.985691e-01
4.986330e-01
4.987022e-01
4.987766e-01
4.988559e-01
4.989396e-01
4.990275e-01
4.991193e-01
4.992146e-01
4.993129e-01
4.994140e-01
4.995173e-01
4.996226e-01
4.997294e-01
4.998372e-01
4.999457e-01
5.000543e-01
5.001628e-01
5.002706e-01
5.003774e-01
5.004827e-01
5.005860e-01
5.006871e-01
5.007854e-01
5.008807e-01
5.009725e-01
5.010604e-01
5.011441e-01
5.012234e-01
5.012978e-01
5.013670e-01
5.014309e-01
5.014892e-01
5.015415e-01
5.015878e-01
5.016278e-01
5.016614e-01
5.016884e-01
5.017088e-01
5.017224e-01
5.017292e-01
5.017292e-01
5.017224e-01
5.017088e-01
5.016884e-01
5.016614e-01
5.016278e-01
5.015878e-01
5.015415e-01
5.014892e-01
5.014309e-01
5.013670e-01
5.012978e-01
5.012234e-01
5.011441e-01
5.010604e-01
5.009725e-01
5.008807e-01
5.007854e-01
5.006871e-01
5.005860e-01
5.004827e-01
5.003774e-01
5.002706e-01
5.001628e-01
5.000543e-01
4.999457e-01
4.998372e-01
4.997294e-01
4.996226e-01
4.995173e-01
4.994140e-01
4.993129e-01
4.992146e-01
4.991193e-01
4.990275e-01
4.989396e-01
4.988559e-01
4.987766e-01
4.987022e-01
4.986330e-01
4.985691e-01
4.985108e-01
4.984585e-01
4.984122e-01
4.983722e-01
4.983386e-01
4.983116e-01
4.982912e-01
4.982776e-01
