4.988337e-01
4.988337e-01
4.988383e-01
4.988475e-01
4.988613e-01
4.988795e-01
4.989021e-01
4.989291e-01
4.989603e-01
4.989957e-01
4.990349e-01
4.990780e-01
4.991247e-01
4.991749e-01
4.992284e-01
4.992848e-01
4.993441e-01
4.994060e-01
4.994703e-01
4.995366e-01
4.996047e-01
4.996745e-01
4.997455e-01
4.998175e-01
4.998902e-01
4.999633e-01
5.000367e-01
5.001098e-01
5.001825e-01
5.002545e-01
5.003255e-01
5.003953e-01
5.004634e-01
5.005297e-01
5.005940e-01
5.006559e-01
5.007152e-01
5.007716e-01
5.008251e-01
5.008753e-01
5.009220e-01
5.009651e-01
5.010043e-01
5.010397e-01
5.010709e-01
5.010979e-01
5.011205e-01
5.011387e-01
5.011525e-01
5.011617e-01
5.011663e-01
5.011663e-01
5.011617e-01
5.011525e-01
5.011387e-01
5.011205e-01
5.010979e-01
5.010709e-01
5.010397e-01
5.010043e-01
5.009651e-01
5.009220e-01
5.008753e-01
5.008251e-01
5.007716e-01
5.007152e-01
5.006559e-01
5.005940e-01
5.005297e-01
5.004634e-01
5.003953e-01
5.003255e-01
5.002545e-01
5.001825e-01
5.001098e-01
5.000367e-01
4.999633e-01
4.998902e-01
4.998175e-01
4.997455e-01
4.996745e-01
4.996047e-01
4.995366e-01
4.994703e-01
4.994060e-01
4.993441e-01
4.992848e-01
4.992284e-01
4.991749e-01
4.991247e-01
4.990780e-01
4.990349e-01
4.989957e-01
4.989603e-01
4.989291e-01
4.989021e-01
4.988795e-01
4.988613e-01
4.988475e-01
4.988383e-01
