4.990422e-01
4.990422e-01
4.990460e-01
4.990535e-01
4.990648e-01
4.990798e-01
4.990984e-01
4.991206e-01
4.991462e-01
4.991752e-01
4.992074e-01
4.992428e-01
4.992812e-01
4.993224e-01
4.993663e-01
4.994127e-01
4.994614e-01
4.995122e-01
4.995650e-01
4.996194e-01
4.996754e-01
4.997327e-01
4.997910e-01
4.998501e-01
4.999098e-01
4.999699e-01
5.000301e-01
5.000902e-01
5.001499e-01
5.002090e-01
5.002673e-01
5.003246e-01
5.003806e-01
5.004350e-01
5.004878e-01
5.005386e-01
5.005873e-01
5.006337e-01
5.006776e-01
5.007188e-01
5.007572e-01
5.007926e-01
5.008248e-01
5.008538e-01
5.008794e-01
5.009016e-01
5.009202e-01
5.009352e-01
5.009465e-01
5.009540e-01
5.009578e-01
5.009578e-01
5.009540e-01
5.009465e-01
5.009352e-01
5.009202e-01
5.009016e-01
5.008794e-01
5.008538e-01
5.008248e-01
5.007926e-01
5.007572e-01
5.007188e-01
5.006776e-01
5.006337e-01
5.005873e-01
5.005386e-01
5.004878e-01
5.004350e-01
5.003806e-01
5.003246e-01
5.002673e-01
5.002090e-01
5.001499e-01
5.000902e-01
5.000301e-01
4.999699e-01
4.999098e-01
4.998501e-01
4.997910e-01
4.997327e-01
4.996754e-01
4.996194e-01
4.995650e-01
4.995122e-01
4.994614e-01
4.994127e-01
4.993663e-01
4.993224e-01
4.992812e-01
4.992428e-01
4.992074e-01
4.991752e-01
4.991462e-01
4.991206e-01
4.990984e-01
4.990798e-01
4.990648e-01
4.990535e-01
4.990460e-01
