4.991320e-01
4.991320e-01
4.991355e-01
4.991423e-01
4.991525e-01
4.991661e-01
4.991829e-01
4.992030e-01
4.992263e-01
4.992525e-01
4.992818e-01
4.993138e-01
4.993486e-01
4.993860e-01
4.994257e-01
4.994678e-01
4.995119e-01
4.995580e-01
4.996058e-01
4.996551e-01
4.997058e-01
4.997577e-01
4.998106e-01
4.998642e-01
4.999183e-01
4.999727e-01
5.000273e-01
5.000817e-01
5.001358e-01
5.001894e-01
5.002423e-01
5.002942e-01
5.003449e-01
5.003942e-01
5.004420e-01
5.004881e-01
5.005322e-01
5.005743e-01
5.006140e-01
5.006514e-01
5.006862e-01
5.007182e-01
5.007475e-01
5.007737e-01
5.007970e-01
5.008171e-01
5.008339e-01
5.008475e-01
5.008577e-01
5.008645e-01
5.008680e-01
5.008680e-01
5.008645e-01
5.008577e-01
5.008475e-01
5.008339e-01
5.008171e-01
5.007970e-01
5.007737e-01
5.007475e-01
5.007182e-01
5.006862e-01
5.006514e-01
5.006140e-01
5.005743e-01
5.005322e-01
5.004881e-01
5.004420e-01
5.003942e-01
5.003449e-01
5.002942e-01
5.002423e-01
5.001894e-01
5.001358e-01
5.000817e-01
5.000273e-01
4.999727e-01
4.999183e-01
4.998642e-01
4.998106e-01
4.997577e-01
4.997058e-01
4.996551e-01
4.996058e-01
4.995580e-01
4.995119e-01
4.994678e-01
4.994257e-01
4.993860e-01
4.993486e-01
4.993138e-01
4.992818e-01
4.992525e-01
4.992263e-01
4.992030e-01
4.991829e-01
4.991661e-01
4.991525e-01
4.991423e-01
4.991355e-01
