4.989431e-01
4.989431e-01
4.989473e-01
4.989556e-01
4.989681e-01
4.989846e-01
4.990051e-01
4.990296e-01
4.990578e-01
4.990898e-01
4.991254e-01
4.991645e-01
4.992068e-01
4.992523e-01
4.993007e-01
4.993519e-01
4.994056e-01
4.994617e-01
4.995199e-01
4.995801e-01
4.996418e-01
4.997050e-01
4.997693e-01
4.998346e-01
4.999005e-01
4.999668e-01
5.000332e-01
5.000995e-01
5.001654e-01
5.002307e-01
5.002950e-01
5.003582e-01
5.004199e-01
5.004801e-01
5.005383e-01
5.005944e-01
5.006481e-01
5.006993e-01
5.007477e-01
5.007932e-01
5.008355e-01
5.008746e-01
5.009102e-01
5.009422e-01
5.009704e-01
5.009949e-01
5.010154e-01
5.010319e-01
5.010444e-01
5.010527e-01
5.010569e-01
5.010569e-01
5.010527e-01
5.010444e-01
5.010319e-01
5.010154e-01
5.009949e-01
5.009704e-01
5.009422e-01
5.009102e-01
5.008746e-01
5.008355e-01
5.007932e-01
5.007477e-01
5.006993e-01
5.006481e-01
5.005944e-01
5.005383e-01
5.004801e-01
5.004199e-01
5.003582e-01
5.002950e-01
5.002307e-01
5.001654e-01
5.000995e-01
5.000332e-01
4.999668e-01
4.999005e-01
4.998346e-01
4.997693e-01
4.997050e-01
4.996418e-01
4.995801e-01
4.995199e-01
4.994617e-01
4.994056e-01
4.993519e-01
4.993007e-01
4.992523e-01
4.992068e-01
4.991645e-01
4.991254e-01
4.990898e-01
4.990578e-01
4.990296e-01
4.990051e-01
4.989846e-01
4.989681e-01
4.989556e-01
4.989473e-01
