4.992134e-01
4.992134e-01
4.992165e-01
4.992227e-01
4.992320e-01
4.992443e-01
4.992596e-01
4.992778e-01
4.992988e-01
4.993226e-01
4.993491e-01
4.993782e-01
4.994097e-01
4.994435e-01
4.994796e-01
4.995177e-01
4.995577e-01
4.995994e-01
4.996427e-01
4.996875e-01
4.997334e-01
4.997804e-01
4.998283e-01
4.998769e-01
4.999259e-01
4.999753e-01
5.000247e-01
5.000741e-01
5.001231e-01
5.001717e-01
5.002196e-01
5.002666e-01
5.003125e-01
5.003573e-01
5.004006e-01
5.004423e-01
5.004823e-01
5.005204e-01
5.005565e-01
5.005903e-01
5.006218e-01
5.006509e-01
5.006774e-01
5.007012e-01
5.007222e-01
5.007404e-01
5.007557e-01
5.007680e-01
5.007773e-01
5.007835e-01
5.007866e-01
5.007866e-01
5.007835e-01
5.007773e-01
5.007680e-01
5.007557e-01
5.007404e-01
5.007222e-01
5.007012e-01
5.006774e-01
5.006509e-01
5.006218e-01
5.005903e-01
5.005565e-01
5.005204e-01
5.004823e-01
5.004423e-01
5.004006e-01
5.003573e-01
5.003125e-01
5.002666e-01
5.002196e-01
5.001717e-01
5.001231e-01
5.000741e-01
5.000247e-01
4.999753e-01
4.999259e-01
4.998769e-01
4.998283e-01
4.997804e-01
4.997334e-01
4.996875e-01
4.996427e-01
4.995994e-01
4.995577e-01
4.995177e-01
4.994796e-01
4.994435e-01
4.994097e-01
4.993782e-01
4.993491e-01
4.993226e-01
4.992988e-01
4.992778e-01
4.992596e-01
4.992443e-01
4.992320e-01
4.992227e-01
4.992165e-01
