4.992872e-01
4.992872e-01
4.992900e-01
4.992956e-01
4.993040e-01
4.993152e-01
4.993290e-01
4.993455e-01
4.993646e-01
4.993862e-01
4.994102e-01
4.994365e-01
4.994651e-01
4.994957e-01
4.995284e-01
4.995629e-01
4.995991e-01
4.996370e-01
4.996762e-01
4.997168e-01
4.997584e-01
4.998010e-01
4.998444e-01
4.998884e-01
4.999329e-01
4.999776e-01
5.000224e-01
5.000671e-01
5.001116e-01
5.001556e-01
5.001990e-01
5.002416e-01
5.002832e-01
5.003238e-01
5.003630e-01
5.004009e-01
5.004371e-01
5.004716e-01
5.005043e-01
5.005349e-01
5.005635e-01
5.005898e-01
5.006138e-01
5.006354e-01
5.006545e-01
5.006710e-01
5.006848e-01
5.006960e-01
5.007044e-01
5.007100e-01
5.007128e-01
5.007128e-01
5.007100e-01
5.007044e-01
5.006960e-01
5.006848e-01
5.006710e-01
5.006545e-01
5.006354e-01
5.006138e-01
5.005898e-01
5.005635e-01
5.005349e-01
5.005043e-01
5.004716e-01
5.004371e-01
5.004009e-01
5.003630e-01
5.003238e-01
5.002832e-01
5.002416e-01
5.001990e-01
5.001556e-01
5.001116e-01
5.000671e-01
5.000224e-01
4.999776e-01
4.999329e-01
4.998884e-01
4.998444e-01
4.998010e-01
4.997584e-01
4.997168e-01
4.996762e-01
4.996370e-01
4.995991e-01
4.995629e-01
4.995284e-01
4.994957e-01
4.994651e-01
4.994365e-01
4.994102e-01
4.993862e-01
4.993646e-01
4.993455e-01
4.993290e-01
4.993152e-01
4.993040e-01
4.992956e-01
4.992900e-01
