4.993540e-01
4.993540e-01
4.993566e-01
4.993617e-01
4.993693e-01
4.993794e-01
4.993919e-01
4.994069e-01
4.994242e-01
4.994437e-01
4.994655e-01
4.994893e-01
4.995152e-01
4.995430e-01
4.995726e-01
4.996039e-01
4.996367e-01
4.996710e-01
4.997066e-01
4.997433e-01
4.997811e-01
4.998197e-01
4.998590e-01
4.998989e-01
4.999392e-01
4.999797e-01
5.000203e-01
5.000608e-01
5.001011e-01
5.001410e-01
5.001803e-01
5.002189e-01
5.002567e-01
5.002934e-01
5.003290e-01
5.003633e-01
5.003961e-01
5.004274e-01
5.004570e-01
5.004848e-01
5.005107e-01
5.005345e-01
5.005563e-01
5.005758e-01
5.005931e-01
5.006081e-01
5.006206e-01
5.006307e-01
5.006383e-01
5.006434e-01
5.006460e-01
5.006460e-01
5.006434e-01
5.006383e-01
5.006307e-01
5.006206e-01
5.006081e-01
5.005931e-01
5.005758e-01
5.005563e-01
5.005345e-01
5.005107e-01
5.004848e-01
5.004570e-01
5.004274e-01
5.003961e-01
5.003633e-01
5.003290e-01
5.002934e-01
5.002567e-01
5.002189e-01
5.001803e-01
5.001410e-01
5.001011e-01
5.000608e-01
5.000203e-01
4.999797e-01
4.999392e-01
4.998989e-01
4.998590e-01
4.998197e-01
4.997811e-01
4.997433e-01
4.997066e-01
4.996710e-01
4.996367e-01
4.996039e-01
4.995726e-01
4.995430e-01
4.995152e-01
4.994893e-01
4.994655e-01
4.994437e-01
4.994242e-01
4.994069e-01
4.993919e-01
4.993794e-01
4.993693e-01
4.993617e-01
4.993566e-01
