1.810420e-01
1.810420e-01
1.822857e-01
1.847688e-01
1.884825e-01
1.934136e-01
1.995447e-01
2.068539e-01
2.153149e-01
2.248970e-01
2.355653e-01
2.472805e-01
2.599990e-01
2.736733e-01
2.882514e-01
3.036777e-01
3.198927e-01
3.368333e-01
3.544329e-01
3.726219e-01
3.913279e-01
4.104758e-01
4.299883e-01
4.497864e-01
4.697895e-01
4.899161e-01
5.100839e-01
5.302105e-01
5.502136e-01
5.700117e-01
5.895242e-01
6.086721e-01
6.273781e-01
6.455671e-01
6.631667e-01
6.801073e-01
6.963223e-01
7.117486e-01
7.263267e-01
7.400010e-01
7.527195e-01
7.644347e-01
7.751030e-01
7.846851e-01
7.931461e-01
8.004553e-01
8.065864e-01
8.115175e-01
8.152312e-01
8.177143e-01
8.189580e-01
8.189580e-01
8.177143e-01
8.152312e-01
8.115175e-01
8.065864e-01
8.004553e-01
7.931461e-01
7.846851e-01
7.751030e-01
7.644347e-01
7.527195e-01
7.400010e-01
7.263267e-01
7.117486e-01
6.963223e-01
6.801073e-01
6.631667e-01
6.455671e-01
6.273781e-01
6.086721e-01
5.895242e-01
5.700117e-01
5.502136e-01
5.302105e-01
5.100839e-01
4.899161e-01
4.697895e-01
4.497864e-01
4.299883e-01
4.104758e-01
3.913279e-01
3.726219e-01
3.544329e-01
3.368333e-01
3.198927e-01
3.036777e-01
2.882514e-01
2.736733e-01
2.599990e-01
2.472805e-01
2.355653e-01
2.248970e-01
2.153149e-01
2.068539e-01
1.995447e-01
1.934136e-01
1.884825e-01
1.847688e-01
1.822857e-01
