4.994146e-01
4.994146e-01
4.994169e-01
4.994215e-01
4.994284e-01
4.994376e-01
4.994489e-01
4.994625e-01
4.994782e-01
4.994959e-01
4.995156e-01
4.995372e-01
4.995607e-01
4.995859e-01
4.996127e-01
4.996410e-01
4.996708e-01
4.997019e-01
4.997341e-01
4.997674e-01
4.998016e-01
4.998366e-01
4.998722e-01
4.999084e-01
4.999449e-01
4.999816e-01
5.000184e-01
5.000551e-01
5.000916e-01
5.001278e-01
5.001634e-01
5.001984e-01
5.002326e-01
5.002659e-01
5.002981e-01
5.003292e-01
5.003590e-01
5.003873e-01
5.004141e-01
5.004393e-01
5.004628e-01
5.004844e-01
5.005041e-01
5.005218e-01
5.005375e-01
5.005511e-01
5.005624e-01
5.005716e-01
5.005785e-01
5.005831e-01
5.005854e-01
5.005854e-01
5.005831e-01
5.005785e-01
5.005716e-01
5.005624e-01
5.005511e-01
5.005375e-01
5.005218e-01
5.005041e-01
5.004844e-01
5.004628e-01
5.004393e-01
5.004141e-01
5.003873e-01
5.003590e-01
5.003292e-01
5.002981e-01
5.002659e-01
5.002326e-01
5.001984e-01
5.001634e-01
5.001278e-01
5.000916e-01
5.000551e-01
5.000184e-01
4.999816e-01
4.999449e-01
4.999084e-01
4.998722e-01
4.998366e-01
4.998016e-01
4.997674e-01
4.997341e-01
4.997019e-01
4.996708e-01
4.996410e-01
4.996127e-01
4.995859e-01
4.995607e-01
4.995372e-01
4.995156e-01
4.994959e-01
4.994782e-01
4.994625e-01
4.994489e-01
4.994376e-01
4.994284e-01
4.994215e-01
4.994169e-01
