4.996052e-01
4.996052e-01
4.996068e-01
4.996099e-01
4.996145e-01
4.996207e-01
4.996284e-01
4.996375e-01
4.996481e-01
4.996600e-01
4.996733e-01
4.996879e-01
4.997037e-01
4.997207e-01
4.997388e-01
4.997579e-01
4.997780e-01
4.997989e-01
4.998207e-01
4.998431e-01
4.998662e-01
4.998898e-01
4.999138e-01
4.999382e-01
4.999628e-01
4.999876e-01
5.000124e-01
5.000372e-01
5.000618e-01
5.000862e-01
5.001102e-01
5.001338e-01
5.001569e-01
5.001793e-01
5.002011e-01
5.002220e-01
5.002421e-01
5.002612e-01
5.002793e-01
5.002963e-01
5.003121e-01
5.003267e-01
5.003400e-01
5.003519e-01
5.003625e-01
5.003716e-01
5.003793e-01
5.003855e-01
5.003901e-01
5.003932e-01
5.003948e-01
5.003948e-01
5.003932e-01
5.003901e-01
5.003855e-01
5.003793e-01
5.003716e-01
5.003625e-01
5.003519e-01
5.003400e-01
5.003267e-01
5.003121e-01
5.002963e-01
5.002793e-01
5.002612e-01
5.002421e-01
5.002220e-01
5.002011e-01
5.001793e-01
5.001569e-01
5.001338e-01
5.001102e-01
5.000862e-01
5.000618e-01
5.000372e-01
5.000124e-01
4.999876e-01
4.999628e-01
4.999382e-01
4.999138e-01
4.998898e-01
4.998662e-01
4.998431e-01
4.998207e-01
4.997989e-01
4.997780e-01
4.997579e-01
4.997388e-01
4.997207e-01
4.997037e-01
4.996879e-01
4.996733e-01
4.996600e-01
4.996481e-01
4.996375e-01
4.996284e-01
4.996207e-01
4.996145e-01
4.996099e-01
4.996068e-01
