4.995193e-01
4.995193e-01
4.995212e-01
4.995249e-01
4.995306e-01
4.995381e-01
4.995475e-01
4.995586e-01
4.995714e-01
4.995860e-01
4.996022e-01
4.996200e-01
4.996392e-01
4.996599e-01
4.996819e-01
4.997052e-01
4.997296e-01
4.997552e-01
4.997816e-01
4.998090e-01
4.998371e-01
4.998658e-01
4.998951e-01
4.999248e-01
4.999547e-01
4.999849e-01
5.000151e-01
5.000453e-01
5.000752e-01
5.001049e-01
5.001342e-01
5.001629e-01
5.001910e-01
5.002184e-01
5.002448e-01
5.002704e-01
5.002948e-01
5.003181e-01
5.003401e-01
5.003608e-01
5.003800e-01
5.003978e-01
5.004140e-01
5.004286e-01
5.004414e-01
5.004525e-01
5.004619e-01
5.004694e-01
5.004751e-01
5.004788e-01
5.004807e-01
5.004807e-01
5.004788e-01
5.004751e-01
5.004694e-01
5.004619e-01
5.004525e-01
5.004414e-01
5.004286e-01
5.004140e-01
5.003978e-01
5.003800e-01
5.003608e-01
5.003401e-01
5.003181e-01
5.002948e-01
5.002704e-01
5.002448e-01
5.002184e-01
5.001910e-01
5.001629e-01
5.001342e-01
5.001049e-01
5.000752e-01
5.000453e-01
5.000151e-01
4.999849e-01
4.999547e-01
4.999248e-01
4.998951e-01
4.998658e-01
4.998371e-01
4.998090e-01
4.997816e-01
4.997552e-01
4.997296e-01
4.997052e-01
4.996819e-01
4.996599e-01
4.996392e-01
4.996200e-01
4.996022e-01
4.995860e-01
4.995714e-01
4.995586e-01
4.995475e-01
4.995381e-01
4.995306e-01
4.995249e-01
4.995212e-01
