4.995643e-01
4.995643e-01
4.995661e-01
4.995695e-01
4.995746e-01
4.995814e-01
4.995899e-01
4.996000e-01
4.996116e-01
4.996248e-01
4.996395e-01
4.996556e-01
4.996730e-01
4.996918e-01
4.997118e-01
4.997328e-01
4.997550e-01
4.997781e-01
4.998021e-01
4.998269e-01
4.998524e-01
4.998784e-01
4.999049e-01
4.999318e-01
4.999590e-01
4.999863e-01
5.000137e-01
5.000410e-01
5.000682e-01
5.000951e-01
5.001216e-01
5.001476e-01
5.001731e-01
5.001979e-01
5.002219e-01
5.002450e-01
5.002672e-01
5.002882e-01
5.003082e-01
5.003270e-01
5.003444e-01
5.003605e-01
5.003752e-01
5.003884e-01
5.004000e-01
5.004101e-01
5.004186e-01
5.004254e-01
5.004305e-01
5.004339e-01
5.004357e-01
5.004357e-01
5.004339e-01
5.004305e-01
5.004254e-01
5.004186e-01
5.004101e-01
5.004000e-01
5.003884e-01
5.003752e-01
5.003605e-01
5.003444e-01
5.003270e-01
5.003082e-01
5.002882e-01
5.002672e-01
5.002450e-01
5.002219e-01
5.001979e-01
5.001731e-01
5.001476e-01
5.001216e-01
5.000951e-01
5.000682e-01
5.000410e-01
5.000137e-01
4.999863e-01
4.999590e-01
4.999318e-01
4.999049e-01
4.998784e-01
4.998524e-01
4.998269e-01
4.998021e-01
4.997781e-01
4.997550e-01
4.997328e-01
4.997118e-01
4.996918e-01
4.996730e-01
4.996556e-01
4.996395e-01
4.996248e-01
4.996116e-01
4.996000e-01
4.995899e-01
4.995814e-01
4.995746e-01
4.995695e-01
4.995661e-01
