4.994695e-01
4.994695e-01
4.994716e-01
4.994758e-01
4.994820e-01
4.994903e-01
4.995006e-01
4.995129e-01
4.995271e-01
4.995432e-01
4.995610e-01
4.995806e-01
4.996019e-01
4.996247e-01
4.996490e-01
4.996747e-01
4.997017e-01
4.997298e-01
4.997590e-01
4.997892e-01
4.998202e-01
4.998519e-01
4.998842e-01
4.999170e-01
4.999501e-01
4.999833e-01
5.000167e-01
5.000499e-01
5.000830e-01
5.001158e-01
5.001481e-01
5.001798e-01
5.002108e-01
5.002410e-01
5.002702e-01
5.002983e-01
5.003253e-01
5.003510e-01
5.003753e-01
5.003981e-01
5.004194e-01
5.004390e-01
5.004568e-01
5.004729e-01
5.004871e-01
5.004994e-01
5.005097e-01
5.005180e-01
5.005242e-01
5.005284e-01
5.005305e-01
5.005305e-01
5.005284e-01
5.005242e-01
5.005180e-01
5.005097e-01
5.004994e-01
5.004871e-01
5.004729e-01
5.004568e-01
5.004390e-01
5.004194e-01
5.003981e-01
5.003753e-01
5.003510e-01
5.003253e-01
5.002983e-01
5.002702e-01
5.002410e-01
5.002108e-01
5.001798e-01
5.001481e-01
5.001158e-01
5.000830e-01
5.000499e-01
5.000167e-01
4.999833e-01
4.999501e-01
4.999170e-01
4.998842e-01
4.998519e-01
4.998202e-01
4.997892e-01
4.997590e-01
4.997298e-01
4.997017e-01
4.996747e-01
4.996490e-01
4.996247e-01
4.996019e-01
4.995806e-01
4.995610e-01
4.995432e-01
4.995271e-01
4.995129e-01
4.995006e-01
4.994903e-01
4.994820e-01
4.994758e-01
4.994716e-01
