4.996422e-01
4.996422e-01
4.996436e-01
4.996464e-01
4.996507e-01
4.996563e-01
4.996632e-01
4.996715e-01
4.996811e-01
4.996919e-01
4.997039e-01
4.997172e-01
4.997315e-01
4.997469e-01
4.997633e-01
4.997806e-01
4.997988e-01
4.998178e-01
4.998375e-01
4.998578e-01
4.998787e-01
4.999001e-01
4.999219e-01
4.999440e-01
4.999663e-01
4.999888e-01
5.000112e-01
5.000337e-01
5.000560e-01
5.000781e-01
5.000999e-01
5.001213e-01
5.001422e-01
5.001625e-01
5.001822e-01
5.002012e-01
5.002194e-01
5.002367e-01
5.002531e-01
5.002685e-01
5.002828e-01
5.002961e-01
5.003081e-01
5.003189e-01
5.003285e-01
5.003368e-01
5.003437e-01
5.003493e-01
5.003536e-01
5.003564e-01
5.003578e-01
5.003578e-01
5.003564e-01
5.003536e-01
5.003493e-01
5.003437e-01
5.003368e-01
5.003285e-01
5.003189e-01
5.003081e-01
5.002961e-01
5.002828e-01
5.002685e-01
5.002531e-01
5.002367e-01
5.002194e-01
5.002012e-01
5.001822e-01
5.001625e-01
5.001422e-01
5.001213e-01
5.000999e-01
5.000781e-01
5.000560e-01
5.000337e-01
5.000112e-01
4.999888e-01
4.999663e-01
4.999440e-01
4.999219e-01
4.999001e-01
4.998787e-01
4.998578e-01
4.998375e-01
4.998178e-01
4.997988e-01
4.997806e-01
4.997633e-01
4.997469e-01
4.997315e-01
4.997172e-01
4.997039e-01
4.996919e-01
4.996811e-01
4.996715e-01
4.996632e-01
4.996563e-01
4.996507e-01
4.996464e-01
4.996436e-01
