4.997337e-01
4.997337e-01
4.997348e-01
4.997369e-01
4.997400e-01
4.997442e-01
4.997493e-01
4.997555e-01
4.997626e-01
4.997707e-01
4.997797e-01
4.997895e-01
4.998002e-01
4.998116e-01
4.998238e-01
4.998367e-01
4.998503e-01
4.998644e-01
4.998791e-01
4.998942e-01
4.999098e-01
4.999257e-01
4.999419e-01
4.999583e-01
4.999749e-01
4.999916e-01
5.000084e-01
5.000251e-01
5.000417e-01
5.000581e-01
5.000743e-01
5.000902e-01
5.001058e-01
5.001209e-01
5.001356e-01
5.001497e-01
5.001633e-01
5.001762e-01
5.001884e-01
5.001998e-01
5.002105e-01
5.002203e-01
5.002293e-01
5.002374e-01
5.002445e-01
5.002507e-01
5.002558e-01
5.002600e-01
5.002631e-01
5.002652e-01
5.002663e-01
5.002663e-01
5.002652e-01
5.002631e-01
5.002600e-01
5.002558e-01
5.002507e-01
5.002445e-01
5.002374e-01
5.002293e-01
5.002203e-01
5.002105e-01
5.001998e-01
5.001884e-01
5.001762e-01
5.001633e-01
5.001497e-01
5.001356e-01
5.001209e-01
5.001058e-01
5.000902e-01
5.000743e-01
5.000581e-01
5.000417e-01
5.000251e-01
5.000084e-01
4.999916e-01
4.999749e-01
4.999583e-01
4.999419e-01
4.999257e-01
4.999098e-01
4.998942e-01
4.998791e-01
4.998644e-01
4.998503e-01
4.998367e-01
4.998238e-01
4.998116e-01
4.998002e-01
4.997895e-01
4.997797e-01
4.997707e-01
4.997626e-01
4.997555e-01
4.997493e-01
4.997442e-01
4.997400e-01
4.997369e-01
4.997348e-01
