4.997062e-01
4.997062e-01
4.997073e-01
4.997096e-01
4.997131e-01
4.997177e-01
4.997234e-01
4.997302e-01
4.997381e-01
4.997470e-01
4.997569e-01
4.997677e-01
4.997795e-01
4.997921e-01
4.998056e-01
4.998198e-01
4.998348e-01
4.998504e-01
4.998665e-01
4.998833e-01
4.999004e-01
4.999180e-01
4.999359e-01
4.999540e-01
4.999723e-01
4.999908e-01
5.000092e-01
5.000277e-01
5.000460e-01
5.000641e-01
5.000820e-01
5.000996e-01
5.001167e-01
5.001335e-01
5.001496e-01
5.001652e-01
5.001802e-01
5.001944e-01
5.002079e-01
5.002205e-01
5.002323e-01
5.002431e-01
5.002530e-01
5.002619e-01
5.002698e-01
5.002766e-01
5.002823e-01
5.002869e-01
5.002904e-01
5.002927e-01
5.002938e-01
5.002938e-01
5.002927e-01
5.002904e-01
5.002869e-01
5.002823e-01
5.002766e-01
5.002698e-01
5.002619e-01
5.002530e-01
5.002431e-01
5.002323e-01
5.002205e-01
5.002079e-01
5.001944e-01
5.001802e-01
5.001652e-01
5.001496e-01
5.001335e-01
5.001167e-01
5.000996e-01
5.000820e-01
5.000641e-01
5.000460e-01
5.000277e-01
5.000092e-01
4.999908e-01
4.999723e-01
4.999540e-01
4.999359e-01
4.999180e-01
4.999004e-01
4.998833e-01
4.998665e-01
4.998504e-01
4.998348e-01
4.998198e-01
4.998056e-01
4.997921e-01
4.997795e-01
4.997677e-01
4.997569e-01
4.997470e-01
4.997381e-01
4.997302e-01
4.997234e-01
4.997177e-01
4.997131e-01
4.997096e-01
4.997073e-01
