4.996758e-01
4.996758e-01
4.996770e-01
4.996796e-01
4.996834e-01
4.996885e-01
4.996948e-01
4.997023e-01
4.997110e-01
4.997208e-01
4.997317e-01
4.997437e-01
4.997567e-01
4.997706e-01
4.997855e-01
4.998012e-01
4.998177e-01
4.998349e-01
4.998527e-01
4.998712e-01
4.998901e-01
4.999095e-01
4.999292e-01
4.999493e-01
4.999695e-01
4.999898e-01
5.000102e-01
5.000305e-01
5.000507e-01
5.000708e-01
5.000905e-01
5.001099e-01
5.001288e-01
5.001473e-01
5.001651e-01
5.001823e-01
5.001988e-01
5.002145e-01
5.002294e-01
5.002433e-01
5.002563e-01
5.002683e-01
5.002792e-01
5.002890e-01
5.002977e-01
5.003052e-01
5.003115e-01
5.003166e-01
5.003204e-01
5.003230e-01
5.003242e-01
5.003242e-01
5.003230e-01
5.003204e-01
5.003166e-01
5.003115e-01
5.003052e-01
5.002977e-01
5.002890e-01
5.002792e-01
5.002683e-01
5.002563e-01
5.002433e-01
5.002294e-01
5.002145e-01
5.001988e-01
5.001823e-01
5.001651e-01
5.001473e-01
5.001288e-01
5.001099e-01
5.000905e-01
5.000708e-01
5.000507e-01
5.000305e-01
5.000102e-01
4.999898e-01
4.999695e-01
4.999493e-01
4.999292e-01
4.999095e-01
4.998901e-01
4.998712e-01
4.998527e-01
4.998349e-01
4.998177e-01
4.998012e-01
4.997855e-01
4.997706e-01
4.997567e-01
4.997437e-01
4.997317e-01
4.997208e-01
4.997110e-01
4.997023e-01
4.996948e-01
4.996885e-01
4.996834e-01
4.996796e-01
4.996770e-01
