4.997587e-01
4.997587e-01
4.997597e-01
4.997616e-01
4.997644e-01
4.997682e-01
4.997729e-01
4.997784e-01
4.997849e-01
4.997922e-01
4.998003e-01
4.998092e-01
4.998189e-01
4.998293e-01
4.998403e-01
4.998520e-01
4.998643e-01
4.998771e-01
4.998904e-01
4.999041e-01
4.999182e-01
4.999326e-01
4.999473e-01
4.999622e-01
4.999773e-01
4.999924e-01
5.000076e-01
5.000227e-01
5.000378e-01
5.000527e-01
5.000674e-01
5.000818e-01
5.000959e-01
5.001096e-01
5.001229e-01
5.001357e-01
5.001480e-01
5.001597e-01
5.001707e-01
5.001811e-01
5.001908e-01
5.001997e-01
5.002078e-01
5.002151e-01
5.002216e-01
5.002271e-01
5.002318e-01
5.002356e-01
5.002384e-01
5.002403e-01
5.002413e-01
5.002413e-01
5.002403e-01
5.002384e-01
5.002356e-01
5.002318e-01
5.002271e-01
5.002216e-01
5.002151e-01
5.002078e-01
5.001997e-01
5.001908e-01
5.001811e-01
5.001707e-01
5.001597e-01
5.001480e-01
5.001357e-01
5.001229e-01
5.001096e-01
5.000959e-01
5.000818e-01
5.000674e-01
5.000527e-01
5.000378e-01
5.000227e-01
5.000076e-01
4.999924e-01
4.999773e-01
4.999622e-01
4.999473e-01
4.999326e-01
4.999182e-01
4.999041e-01
4.998904e-01
4.998771e-01
4.998643e-01
4.998520e-01
4.998403e-01
4.998293e-01
4.998189e-01
4.998092e-01
4.998003e-01
4.997922e-01
4.997849e-01
4.997784e-01
4.997729e-01
4.997682e-01
4.997644e-01
4.997616e-01
4.997597e-01
