4.997813e-01
4.997813e-01
4.997822e-01
4.997839e-01
4.997865e-01
4.997899e-01
4.997942e-01
4.997992e-01
4.998051e-01
4.998117e-01
4.998191e-01
4.998271e-01
4.998359e-01
4.998453e-01
4.998553e-01
4.998659e-01
4.998770e-01
4.998886e-01
4.999007e-01
4.999131e-01
4.999259e-01
4.999390e-01
4.999523e-01
4.999658e-01
4.999794e-01
4.999931e-01
5.000069e-01
5.000206e-01
5.000342e-01
5.000477e-01
5.000610e-01
5.000741e-01
5.000869e-01
5.000993e-01
5.001114e-01
5.001230e-01
5.001341e-01
5.001447e-01
5.001547e-01
5.001641e-01
5.001729e-01
5.001809e-01
5.001883e-01
5.001949e-01
5.002008e-01
5.002058e-01
5.002101e-01
5.002135e-01
5.002161e-01
5.002178e-01
5.002187e-01
5.002187e-01
5.002178e-01
5.002161e-01
5.002135e-01
5.002101e-01
5.002058e-01
5.002008e-01
5.001949e-01
5.001883e-01
5.001809e-01
5.001729e-01
5.001641e-01
5.001547e-01
5.001447e-01
5.001341e-01
5.001230e-01
5.001114e-01
5.000993e-01
5.000869e-01
5.000741e-01
5.000610e-01
5.000477e-01
5.000342e-01
5.000206e-01
5.000069e-01
4.999931e-01
4.999794e-01
4.999658e-01
4.999523e-01
4.999390e-01
4.999259e-01
4.999131e-01
4.999007e-01
4.998886e-01
4.998770e-01
4.998659e-01
4.998553e-01
4.998453e-01
4.998359e-01
4.998271e-01
4.998191e-01
4.998117e-01
4.998051e-01
4.997992e-01
4.997942e-01
4.997899e-01
4.997865e-01
4.997839e-01
4.997822e-01
