4.998204e-01
4.998204e-01
4.998211e-01
4.998225e-01
4.998247e-01
4.998275e-01
4.998310e-01
4.998351e-01
4.998399e-01
4.998453e-01
4.998514e-01
4.998580e-01
4.998652e-01
4.998730e-01
4.998812e-01
4.998899e-01
4.998990e-01
4.999085e-01
4.999184e-01
4.999286e-01
4.999391e-01
4.999499e-01
4.999608e-01
4.999719e-01
4.999831e-01
4.999944e-01
5.000056e-01
5.000169e-01
5.000281e-01
5.000392e-01
5.000501e-01
5.000609e-01
5.000714e-01
5.000816e-01
5.000915e-01
5.001010e-01
5.001101e-01
5.001188e-01
5.001270e-01
5.001348e-01
5.001420e-01
5.001486e-01
5.001547e-01
5.001601e-01
5.001649e-01
5.001691e-01
5.001725e-01
5.001753e-01
5.001775e-01
5.001789e-01
5.001796e-01
5.001796e-01
5.001789e-01
5.001775e-01
5.001753e-01
5.001725e-01
5.001690e-01
5.001649e-01
5.001601e-01
5.001547e-01
5.001486e-01
5.001420e-01
5.001348e-01
5.001270e-01
5.001188e-01
5.001101e-01
5.001010e-01
5.000915e-01
5.000816e-01
5.000714e-01
5.000609e-01
5.000501e-01
5.000392e-01
5.000281e-01
5.000169e-01
5.000056e-01
4.999944e-01
4.999831e-01
4.999719e-01
4.999608e-01
4.999499e-01
4.999391e-01
4.999286e-01
4.999184e-01
4.999085e-01
4.998990e-01
4.998899e-01
4.998812e-01
4.998730e-01
4.998652e-01
4.998580e-01
4.998514e-01
4.998453e-01
4.998399e-01
4.998351e-01
4.998310e-01
4.998275e-01
4.998247e-01
4.998225e-01
4.998211e-01
