4.998018e-01
4.998018e-01
4.998026e-01
4.998042e-01
4.998065e-01
4.998096e-01
4.998135e-01
4.998180e-01
4.998233e-01
4.998293e-01
4.998360e-01
4.998433e-01
4.998513e-01
4.998598e-01
4.998689e-01
4.998785e-01
4.998886e-01
4.998991e-01
4.999100e-01
4.999213e-01
4.999328e-01
4.999447e-01
4.999568e-01
4.999690e-01
4.999813e-01
4.999938e-01
5.000062e-01
5.000187e-01
5.000310e-01
5.000433e-01
5.000553e-01
5.000672e-01
5.000787e-01
5.000900e-01
5.001009e-01
5.001114e-01
5.001215e-01
5.001311e-01
5.001402e-01
5.001487e-01
5.001567e-01
5.001640e-01
5.001707e-01
5.001767e-01
5.001820e-01
5.001865e-01
5.001904e-01
5.001935e-01
5.001958e-01
5.001974e-01
5.001982e-01
5.001982e-01
5.001974e-01
5.001958e-01
5.001935e-01
5.001904e-01
5.001865e-01
5.001820e-01
5.001767e-01
5.001707e-01
5.001640e-01
5.001567e-01
5.001487e-01
5.001402e-01
5.001311e-01
5.001215e-01
5.001114e-01
5.001009e-01
5.000900e-01
5.000787e-01
5.000672e-01
5.000553e-01
5.000433e-01
5.000310e-01
5.000187e-01
5.000062e-01
4.999938e-01
4.999813e-01
4.999690e-01
4.999567e-01
4.999447e-01
4.999328e-01
4.999213e-01
4.999100e-01
4.998991e-01
4.998886e-01
4.998785e-01
4.998689e-01
4.998598e-01
4.998513e-01
4.998433e-01
4.998360e-01
4.998293e-01
4.998233e-01
4.998180e-01
4.998135e-01
4.998096e-01
4.998065e-01
4.998042e-01
4.998026e-01
