2.107197e-01
2.107197e-01
2.118550e-01
2.141215e-01
2.175105e-01
2.220094e-01
2.276012e-01
2.342648e-01
2.419750e-01
2.507025e-01
2.604141e-01
2.710726e-01
2.826371e-01
2.950630e-01
3.083021e-01
3.223030e-01
3.370111e-01
3.523685e-01
3.683149e-01
3.847873e-01
4.017203e-01
4.190467e-01
4.366973e-01
4.546016e-01
4.726879e-01
4.908838e-01
5.091162e-01
5.273121e-01
5.453984e-01
5.633027e-01
5.809533e-01
5.982797e-01
6.152127e-01
6.316851e-01
6.476315e-01
6.629889e-01
6.776970e-01
6.916979e-01
7.049370e-01
7.173629e-01
7.289274e-01
7.395859e-01
7.492975e-01
7.580250e-01
7.657352e-01
7.723988e-01
7.779906e-01
7.824895e-01
7.858785e-01
7.881450e-01
7.892803e-01
7.892803e-01
7.881450e-01
7.858785e-01
7.824895e-01
7.779906e-01
7.723988e-01
7.657352e-01
7.580250e-01
7.492975e-01
7.395859e-01
7.289274e-01
7.173629e-01
7.049370e-01
6.916979e-01
6.776970e-01
6.629889e-01
6.476315e-01
6.316851e-01
6.152127e-01
5.982797e-01
5.809533e-01
5.633027e-01
5.453984e-01
5.273121e-01
5.091162e-01
4.908838e-01
4.726879e-01
4.546016e-01
4.366973e-01
4.190467e-01
4.017203e-01
3.847873e-01
3.683149e-01
3.523685e-01
3.370111e-01
3.223030e-01
3.083021e-01
2.950630e-01
2.826371e-01
2.710726e-01
2.604141e-01
2.507025e-01
2.419750e-01
2.342648e-01
2.276012e-01
2.220094e-01
2.175105e-01
2.141215e-01
2.118550e-01
