4.998373e-01
4.998373e-01
4.998379e-01
4.998392e-01
4.998411e-01
4.998436e-01
4.998468e-01
4.998506e-01
4.998549e-01
4.998599e-01
4.998653e-01
4.998713e-01
4.998779e-01
4.998849e-01
4.998923e-01
4.999002e-01
4.999085e-01
4.999171e-01
4.999261e-01
4.999353e-01
4.999448e-01
4.999546e-01
4.999645e-01
4.999745e-01
4.999847e-01
4.999949e-01
5.000051e-01
5.000153e-01
5.000255e-01
5.000355e-01
5.000454e-01
5.000552e-01
5.000647e-01
5.000739e-01
5.000829e-01
5.000915e-01
5.000998e-01
5.001077e-01
5.001151e-01
5.001221e-01
5.001287e-01
5.001347e-01
5.001401e-01
5.001451e-01
5.001494e-01
5.001532e-01
5.001564e-01
5.001589e-01
5.001608e-01
5.001621e-01
5.001627e-01
5.001627e-01
5.001621e-01
5.001608e-01
5.001589e-01
5.001564e-01
5.001532e-01
5.001494e-01
5.001451e-01
5.001401e-01
5.001347e-01
5.001287e-01
5.001221e-01
5.001151e-01
5.001077e-01
5.000998e-01
5.000915e-01
5.000829e-01
5.000739e-01
5.000647e-01
5.000552e-01
5.000454e-01
5.000355e-01
5.000255e-01
5.000153e-01
5.000051e-01
4.999949e-01
4.999847e-01
4.999745e-01
4.999645e-01
4.999546e-01
4.999448e-01
4.999353e-01
4.999261e-01
4.999171e-01
4.999085e-01
4.999002e-01
4.998923e-01
4.998849e-01
4.998779e-01
4.998713e-01
4.998653e-01
4.998599e-01
4.998549e-01
4.998506e-01
4.998468e-01
4.998436e-01
4.998411e-01
4.998392e-01
4.998379e-01
