4.998789e-01
4.998789e-01
4.998794e-01
4.998803e-01
4.998817e-01
4.998836e-01
4.998860e-01
4.998888e-01
4.998920e-01
4.998957e-01
4.998998e-01
4.999043e-01
4.999091e-01
4.999143e-01
4.999199e-01
4.999257e-01
4.999319e-01
4.999383e-01
4.999450e-01
4.999519e-01
4.999590e-01
4.999662e-01
4.999736e-01
4.999810e-01
4.999886e-01
4.999962e-01
5.000038e-01
5.000114e-01
5.000190e-01
5.000264e-01
5.000338e-01
5.000410e-01
5.000481e-01
5.000550e-01
5.000617e-01
5.000681e-01
5.000743e-01
5.000801e-01
5.000857e-01
5.000909e-01
5.000957e-01
5.001002e-01
5.001043e-01
5.001080e-01
5.001112e-01
5.001140e-01
5.001164e-01
5.001183e-01
5.001197e-01
5.001206e-01
5.001211e-01
5.001211e-01
5.001206e-01
5.001197e-01
5.001183e-01
5.001164e-01
5.001140e-01
5.001112e-01
5.001080e-01
5.001043e-01
5.001002e-01
5.000957e-01
5.000909e-01
5.000857e-01
5.000801e-01
5.000743e-01
5.000681e-01
5.000617e-01
5.000550e-01
5.000481e-01
5.000410e-01
5.000338e-01
5.000264e-01
5.000190e-01
5.000114e-01
5.000038e-01
4.999962e-01
4.999886e-01
4.999810e-01
4.999736e-01
4.999662e-01
4.999590e-01
4.999519e-01
4.999450e-01
4.999383e-01
4.999319e-01
4.999257e-01
4.999199e-01
4.999143e-01
4.999091e-01
4.999043e-01
4.998998e-01
4.998957e-01
4.998920e-01
4.998888e-01
4.998860e-01
4.998836e-01
4.998817e-01
4.998803e-01
4.998794e-01
