4.998525e-01
4.998525e-01
4.998531e-01
4.998543e-01
4.998560e-01
4.998583e-01
4.998612e-01
4.998646e-01
4.998685e-01
4.998730e-01
4.998780e-01
4.998834e-01
4.998893e-01
4.998957e-01
4.999024e-01
4.999096e-01
4.999171e-01
4.999249e-01
4.999330e-01
4.999414e-01
4.999500e-01
4.999588e-01
4.999678e-01
4.999769e-01
4.999861e-01
4.999954e-01
5.000046e-01
5.000139e-01
5.000231e-01
5.000322e-01
5.000412e-01
5.000500e-01
5.000586e-01
5.000670e-01
5.000751e-01
5.000829e-01
5.000904e-01
5.000976e-01
5.001043e-01
5.001107e-01
5.001166e-01
5.001220e-01
5.001270e-01
5.001315e-01
5.001354e-01
5.001388e-01
5.001417e-01
5.001440e-01
5.001457e-01
5.001469e-01
5.001475e-01
5.001475e-01
5.001469e-01
5.001457e-01
5.001440e-01
5.001417e-01
5.001388e-01
5.001354e-01
5.001315e-01
5.001270e-01
5.001220e-01
5.001166e-01
5.001107e-01
5.001043e-01
5.000976e-01
5.000904e-01
5.000829e-01
5.000751e-01
5.000670e-01
5.000586e-01
5.000500e-01
5.000412e-01
5.000322e-01
5.000231e-01
5.000139e-01
5.000046e-01
4.999954e-01
4.999861e-01
4.999769e-01
4.999678e-01
4.999588e-01
4.999500e-01
4.999414e-01
4.999330e-01
4.999249e-01
4.999171e-01
4.999096e-01
4.999024e-01
4.998957e-01
4.998893e-01
4.998834e-01
4.998780e-01
4.998730e-01
4.998685e-01
4.998646e-01
4.998612e-01
4.998583e-01
4.998560e-01
4.998543e-01
4.998531e-01
