4.998663e-01
4.998663e-01
4.998669e-01
4.998679e-01
4.998695e-01
4.998716e-01
4.998742e-01
4.998773e-01
4.998809e-01
4.998849e-01
4.998894e-01
4.998943e-01
4.998997e-01
4.999054e-01
4.999116e-01
4.999180e-01
4.999248e-01
4.999319e-01
4.999393e-01
4.999469e-01
4.999547e-01
4.999627e-01
4.999708e-01
4.999791e-01
4.999874e-01
4.999958e-01
5.000042e-01
5.000126e-01
5.000209e-01
5.000292e-01
5.000373e-01
5.000453e-01
5.000531e-01
5.000607e-01
5.000681e-01
5.000752e-01
5.000820e-01
5.000884e-01
5.000946e-01
5.001003e-01
5.001057e-01
5.001106e-01
5.001151e-01
5.001191e-01
5.001227e-01
5.001258e-01
5.001284e-01
5.001305e-01
5.001321e-01
5.001331e-01
5.001337e-01
5.001337e-01
5.001331e-01
5.001321e-01
5.001305e-01
5.001284e-01
5.001258e-01
5.001227e-01
5.001191e-01
5.001151e-01
5.001106e-01
5.001057e-01
5.001003e-01
5.000946e-01
5.000884e-01
5.000820e-01
5.000752e-01
5.000681e-01
5.000607e-01
5.000531e-01
5.000453e-01
5.000373e-01
5.000292e-01
5.000209e-01
5.000126e-01
5.000042e-01
4.999958e-01
4.999874e-01
4.999791e-01
4.999708e-01
4.999627e-01
4.999547e-01
4.999469e-01
4.999393e-01
4.999319e-01
4.999248e-01
4.999180e-01
4.999116e-01
4.999054e-01
4.998997e-01
4.998943e-01
4.998894e-01
4.998849e-01
4.998809e-01
4.998773e-01
4.998742e-01
4.998716e-01
4.998695e-01
4.998679e-01
4.998669e-01
