4.999183e-01
4.999183e-01
4.999186e-01
4.999193e-01
4.999202e-01
4.999215e-01
4.999231e-01
4.999250e-01
4.999272e-01
4.999297e-01
4.999324e-01
4.999354e-01
4.999387e-01
4.999422e-01
4.999460e-01
4.999499e-01
4.999541e-01
4.999584e-01
4.999629e-01
4.999675e-01
4.999723e-01
4.999772e-01
4.999822e-01
4.999872e-01
4.999923e-01
4.999974e-01
5.000026e-01
5.000077e-01
5.000128e-01
5.000178e-01
5.000228e-01
5.000277e-01
5.000325e-01
5.000371e-01
5.000416e-01
5.000459e-01
5.000501e-01
5.000540e-01
5.000578e-01
5.000613e-01
5.000646e-01
5.000676e-01
5.000703e-01
5.000728e-01
5.000750e-01
5.000769e-01
5.000785e-01
5.000798e-01
5.000807e-01
5.000814e-01
5.000817e-01
5.000817e-01
5.000814e-01
5.000807e-01
5.000798e-01
5.000785e-01
5.000769e-01
5.000750e-01
5.000728e-01
5.000703e-01
5.000676e-01
5.000646e-01
5.000613e-01
5.000578e-01
5.000540e-01
5.000501e-01
5.000459e-01
5.000416e-01
5.000371e-01
5.000325e-01
5.000277e-01
5.000228e-01
5.000178e-01
5.000128e-01
5.000077e-01
5.000026e-01
4.999974e-01
4.999923e-01
4.999872e-01
4.999822e-01
4.999772e-01
4.999723e-01
4.999675e-01
4.999629e-01
4.999584e-01
4.999541e-01
4.999499e-01
4.999460e-01
4.999422e-01
4.999387e-01
4.999354e-01
4.999324e-01
4.999297e-01
4.999272e-01
4.999250e-01
4.999231e-01
4.999215e-01
4.999202e-01
4.999193e-01
4.999186e-01
