4.998902e-01
4.998902e-01
4.998907e-01
4.998915e-01
4.998928e-01
4.998945e-01
4.998967e-01
4.998992e-01
4.999022e-01
4.999055e-01
4.999092e-01
4.999132e-01
4.999176e-01
4.999224e-01
4.999274e-01
4.999327e-01
4.999383e-01
4.999441e-01
4.999501e-01
4.999564e-01
4.999628e-01
4.999694e-01
4.999760e-01
4.999828e-01
4.999897e-01
4.999966e-01
5.000034e-01
5.000103e-01
5.000172e-01
5.000240e-01
5.000306e-01
5.000372e-01
5.000436e-01
5.000499e-01
5.000559e-01
5.000617e-01
5.000673e-01
5.000726e-01
5.000777e-01
5.000824e-01
5.000868e-01
5.000908e-01
5.000945e-01
5.000978e-01
5.001008e-01
5.001033e-01
5.001055e-01
5.001072e-01
5.001085e-01
5.001093e-01
5.001098e-01
5.001098e-01
5.001093e-01
5.001085e-01
5.001072e-01
5.001055e-01
5.001033e-01
5.001008e-01
5.000978e-01
5.000945e-01
5.000908e-01
5.000868e-01
5.000824e-01
5.000777e-01
5.000726e-01
5.000673e-01
5.000617e-01
5.000559e-01
5.000499e-01
5.000436e-01
5.000372e-01
5.000306e-01
5.000240e-01
5.000172e-01
5.000103e-01
5.000034e-01
4.999966e-01
4.999897e-01
4.999828e-01
4.999760e-01
4.999694e-01
4.999628e-01
4.999564e-01
4.999501e-01
4.999441e-01
4.999383e-01
4.999327e-01
4.999274e-01
4.999223e-01
4.999176e-01
4.999132e-01
4.999092e-01
4.999055e-01
4.999022e-01
4.998992e-01
4.998967e-01
4.998945e-01
4.998928e-01
4.998915e-01
4.998907e-01
