4.999099e-01
4.999099e-01
4.999102e-01
4.999109e-01
4.999120e-01
4.999134e-01
4.999151e-01
4.999172e-01
4.999196e-01
4.999224e-01
4.999254e-01
4.999287e-01
4.999324e-01
4.999362e-01
4.999404e-01
4.999447e-01
4.999493e-01
4.999541e-01
4.999591e-01
4.999642e-01
4.999695e-01
4.999748e-01
4.999803e-01
4.999859e-01
4.999915e-01
4.999972e-01
5.000028e-01
5.000085e-01
5.000141e-01
5.000197e-01
5.000252e-01
5.000305e-01
5.000358e-01
5.000409e-01
5.000459e-01
5.000507e-01
5.000553e-01
5.000596e-01
5.000638e-01
5.000676e-01
5.000713e-01
5.000746e-01
5.000776e-01
5.000804e-01
5.000828e-01
5.000849e-01
5.000866e-01
5.000880e-01
5.000891e-01
5.000898e-01
5.000901e-01
5.000901e-01
5.000898e-01
5.000891e-01
5.000880e-01
5.000866e-01
5.000849e-01
5.000828e-01
5.000804e-01
5.000776e-01
5.000746e-01
5.000713e-01
5.000676e-01
5.000638e-01
5.000596e-01
5.000553e-01
5.000507e-01
5.000459e-01
5.000409e-01
5.000358e-01
5.000305e-01
5.000252e-01
5.000197e-01
5.000141e-01
5.000085e-01
5.000028e-01
4.999972e-01
4.999915e-01
4.999859e-01
4.999803e-01
4.999748e-01
4.999695e-01
4.999642e-01
4.999591e-01
4.999541e-01
4.999493e-01
4.999447e-01
4.999404e-01
4.999362e-01
4.999324e-01
4.999287e-01
4.999254e-01
4.999224e-01
4.999196e-01
4.999172e-01
4.999151e-01
4.999134e-01
4.999120e-01
4.999109e-01
4.999102e-01
