4.999329e-01
4.999329e-01
4.999332e-01
4.999337e-01
4.999345e-01
4.999355e-01
4.999369e-01
4.999384e-01
4.999402e-01
4.999422e-01
4.999445e-01
4.999470e-01
4.999497e-01
4.999525e-01
4.999556e-01
4.999589e-01
4.999623e-01
4.999658e-01
4.999695e-01
4.999733e-01
4.999773e-01
4.999813e-01
4.999854e-01
4.999895e-01
4.999937e-01
4.999979e-01
5.000021e-01
5.000063e-01
5.000105e-01
5.000146e-01
5.000187e-01
5.000227e-01
5.000267e-01
5.000305e-01
5.000342e-01
5.000377e-01
5.000411e-01
5.000444e-01
5.000475e-01
5.000503e-01
5.000530e-01
5.000555e-01
5.000578e-01
5.000598e-01
5.000616e-01
5.000631e-01
5.000645e-01
5.000655e-01
5.000663e-01
5.000668e-01
5.000671e-01
5.000671e-01
5.000668e-01
5.000663e-01
5.000655e-01
5.000645e-01
5.000631e-01
5.000616e-01
5.000598e-01
5.000578e-01
5.000555e-01
5.000530e-01
5.000503e-01
5.000475e-01
5.000444e-01
5.000411e-01
5.000377e-01
5.000342e-01
5.000305e-01
5.000267e-01
5.000227e-01
5.000187e-01
5.000146e-01
5.000105e-01
5.000063e-01
5.000021e-01
4.999979e-01
4.999937e-01
4.999895e-01
4.999854e-01
4.999813e-01
4.999773e-01
4.999733e-01
4.999695e-01
4.999658e-01
4.999623e-01
4.999589e-01
4.999556e-01
4.999525e-01
4.999497e-01
4.999470e-01
4.999445e-01
4.999422e-01
4.999402e-01
4.999384e-01
4.999369e-01
4.999355e-01
4.999345e-01
4.999337e-01
4.999332e-01
