4.999260e-01
4.999260e-01
4.999263e-01
4.999268e-01
4.999277e-01
4.999289e-01
4.999303e-01
4.999320e-01
4.999340e-01
4.999363e-01
4.999387e-01
4.999415e-01
4.999444e-01
4.999476e-01
4.999510e-01
4.999546e-01
4.999584e-01
4.999623e-01
4.999664e-01
4.999706e-01
4.999749e-01
4.999793e-01
4.999838e-01
4.999884e-01
4.999930e-01
4.999977e-01
5.000023e-01
5.000070e-01
5.000116e-01
5.000162e-01
5.000207e-01
5.000251e-01
5.000294e-01
5.000336e-01
5.000377e-01
5.000416e-01
5.000454e-01
5.000490e-01
5.000524e-01
5.000556e-01
5.000585e-01
5.000613e-01
5.000637e-01
5.000660e-01
5.000680e-01
5.000697e-01
5.000711e-01
5.000723e-01
5.000732e-01
5.000737e-01
5.000740e-01
5.000740e-01
5.000737e-01
5.000732e-01
5.000723e-01
5.000711e-01
5.000697e-01
5.000680e-01
5.000660e-01
5.000637e-01
5.000613e-01
5.000585e-01
5.000556e-01
5.000524e-01
5.000490e-01
5.000454e-01
5.000416e-01
5.000377e-01
5.000336e-01
5.000294e-01
5.000251e-01
5.000207e-01
5.000162e-01
5.000116e-01
5.000070e-01
5.000023e-01
4.999977e-01
4.999930e-01
4.999884e-01
4.999838e-01
4.999793e-01
4.999749e-01
4.999706e-01
4.999664e-01
4.999623e-01
4.999584e-01
4.999546e-01
4.999510e-01
4.999476e-01
4.999444e-01
4.999415e-01
4.999387e-01
4.999363e-01
4.999340e-01
4.999320e-01
4.999303e-01
4.999289e-01
4.999277e-01
4.999268e-01
4.999263e-01
