4.999449e-01
4.999449e-01
4.999451e-01
4.999456e-01
4.999462e-01
4.999471e-01
4.999481e-01
4.999494e-01
4.999509e-01
4.999526e-01
4.999544e-01
4.999564e-01
4.999587e-01
4.999610e-01
4.999635e-01
4.999662e-01
4.999690e-01
4.999719e-01
4.999750e-01
4.999781e-01
4.999813e-01
4.999846e-01
4.999880e-01
4.999914e-01
4.999948e-01
4.999983e-01
5.000017e-01
5.000052e-01
5.000086e-01
5.000120e-01
5.000154e-01
5.000187e-01
5.000219e-01
5.000250e-01
5.000281e-01
5.000310e-01
5.000338e-01
5.000365e-01
5.000390e-01
5.000413e-01
5.000436e-01
5.000456e-01
5.000474e-01
5.000491e-01
5.000506e-01
5.000519e-01
5.000529e-01
5.000538e-01
5.000544e-01
5.000549e-01
5.000551e-01
5.000551e-01
5.000549e-01
5.000544e-01
5.000538e-01
5.000529e-01
5.000519e-01
5.000506e-01
5.000491e-01
5.000474e-01
5.000456e-01
5.000436e-01
5.000413e-01
5.000390e-01
5.000365e-01
5.000338e-01
5.000310e-01
5.000281e-01
5.000250e-01
5.000219e-01
5.000187e-01
5.000154e-01
5.000120e-01
5.000086e-01
5.000052e-01
5.000017e-01
4.999983e-01
4.999948e-01
4.999914e-01
4.999880e-01
4.999846e-01
4.999813e-01
4.999781e-01
4.999750e-01
4.999719e-01
4.999690e-01
4.999662e-01
4.999635e-01
4.999610e-01
4.999587e-01
4.999564e-01
4.999544e-01
4.999526e-01
4.999509e-01
4.999494e-01
4.999481e-01
4.999471e-01
4.999462e-01
4.999456e-01
4.999451e-01
