4.999392e-01
4.999392e-01
4.999394e-01
4.999399e-01
4.999406e-01
4.999416e-01
4.999428e-01
4.999442e-01
4.999458e-01
4.999476e-01
4.999497e-01
4.999519e-01
4.999544e-01
4.999570e-01
4.999598e-01
4.999627e-01
4.999658e-01
4.999690e-01
4.999724e-01
4.999758e-01
4.999794e-01
4.999830e-01
4.999867e-01
4.999905e-01
4.999943e-01
4.999981e-01
5.000019e-01
5.000057e-01
5.000095e-01
5.000133e-01
5.000170e-01
5.000206e-01
5.000242e-01
5.000276e-01
5.000310e-01
5.000342e-01
5.000373e-01
5.000402e-01
5.000430e-01
5.000456e-01
5.000481e-01
5.000503e-01
5.000524e-01
5.000542e-01
5.000558e-01
5.000572e-01
5.000584e-01
5.000594e-01
5.000601e-01
5.000606e-01
5.000608e-01
5.000608e-01
5.000606e-01
5.000601e-01
5.000594e-01
5.000584e-01
5.000572e-01
5.000558e-01
5.000542e-01
5.000524e-01
5.000503e-01
5.000481e-01
5.000456e-01
5.000430e-01
5.000402e-01
5.000373e-01
5.000342e-01
5.000310e-01
5.000276e-01
5.000242e-01
5.000206e-01
5.000170e-01
5.000133e-01
5.000095e-01
5.000057e-01
5.000019e-01
4.999981e-01
4.999943e-01
4.999905e-01
4.999867e-01
4.999830e-01
4.999794e-01
4.999758e-01
4.999724e-01
4.999690e-01
4.999658e-01
4.999627e-01
4.999598e-01
4.999570e-01
4.999544e-01
4.999519e-01
4.999497e-01
4.999476e-01
4.999458e-01
4.999442e-01
4.999428e-01
4.999416e-01
4.999406e-01
4.999399e-01
4.999394e-01
