4.999501e-01
4.999501e-01
4.999503e-01
4.999507e-01
4.999513e-01
4.999520e-01
4.999530e-01
4.999542e-01
4.999555e-01
4.999570e-01
4.999587e-01
4.999605e-01
4.999625e-01
4.999647e-01
4.999670e-01
4.999694e-01
4.999719e-01
4.999746e-01
4.999773e-01
4.999802e-01
4.999831e-01
4.999861e-01
4.999891e-01
4.999922e-01
4.999953e-01
4.999984e-01
5.000016e-01
5.000047e-01
5.000078e-01
5.000109e-01
5.000139e-01
5.000169e-01
5.000198e-01
5.000227e-01
5.000254e-01
5.000281e-01
5.000306e-01
5.000330e-01
5.000353e-01
5.000375e-01
5.000395e-01
5.000413e-01
5.000430e-01
5.000445e-01
5.000458e-01
5.000470e-01
5.000480e-01
5.000487e-01
5.000493e-01
5.000497e-01
5.000499e-01
5.000499e-01
5.000497e-01
5.000493e-01
5.000487e-01
5.000480e-01
5.000470e-01
5.000458e-01
5.000445e-01
5.000430e-01
5.000413e-01
5.000395e-01
5.000375e-01
5.000353e-01
5.000330e-01
5.000306e-01
5.000281e-01
5.000254e-01
5.000227e-01
5.000198e-01
5.000169e-01
5.000139e-01
5.000109e-01
5.000078e-01
5.000047e-01
5.000016e-01
4.999984e-01
4.999953e-01
4.999922e-01
4.999891e-01
4.999861e-01
4.999831e-01
4.999802e-01
4.999773e-01
4.999746e-01
4.999719e-01
4.999694e-01
4.999670e-01
4.999647e-01
4.999625e-01
4.999605e-01
4.999587e-01
4.999570e-01
4.999555e-01
4.999542e-01
4.999530e-01
4.999520e-01
4.999513e-01
4.999507e-01
4.999503e-01
