4.999628e-01
4.999628e-01
4.999630e-01
4.999633e-01
4.999637e-01
4.999643e-01
4.999650e-01
4.999659e-01
4.999669e-01
4.999680e-01
4.999693e-01
4.999706e-01
4.999721e-01
4.999737e-01
4.999754e-01
4.999772e-01
4.999791e-01
4.999811e-01
4.999831e-01
4.999852e-01
4.999874e-01
4.999896e-01
4.999919e-01
4.999942e-01
4.999965e-01
4.999988e-01
5.000012e-01
5.000035e-01
5.000058e-01
5.000081e-01
5.000104e-01
5.000126e-01
5.000148e-01
5.000169e-01
5.000189e-01
5.000209e-01
5.000228e-01
5.000246e-01
5.000263e-01
5.000279e-01
5.000294e-01
5.000307e-01
5.000320e-01
5.000331e-01
5.000341e-01
5.000350e-01
5.000357e-01
5.000363e-01
5.000367e-01
5.000370e-01
5.000372e-01
5.000372e-01
5.000370e-01
5.000367e-01
5.000363e-01
5.000357e-01
5.000350e-01
5.000341e-01
5.000331e-01
5.000320e-01
5.000307e-01
5.000294e-01
5.000279e-01
5.000263e-01
5.000246e-01
5.000228e-01
5.000209e-01
5.000189e-01
5.000169e-01
5.000148e-01
5.000126e-01
5.000104e-01
5.000081e-01
5.000058e-01
5.000035e-01
5.000012e-01
4.999988e-01
4.999965e-01
4.999942e-01
4.999919e-01
4.999896e-01
4.999874e-01
4.999852e-01
4.999831e-01
4.999811e-01
4.999791e-01
4.999772e-01
4.999754e-01
4.999737e-01
4.999721e-01
4.999706e-01
4.999693e-01
4.999680e-01
4.999669e-01
4.999659e-01
4.999650e-01
4.999643e-01
4.999637e-01
4.999633e-01
4.999630e-01
