4.999548e-01
4.999548e-01
4.999549e-01
4.999553e-01
4.999558e-01
4.999565e-01
4.999574e-01
4.999585e-01
4.999597e-01
4.999610e-01
4.999626e-01
4.999642e-01
4.999660e-01
4.999680e-01
4.999701e-01
4.999723e-01
4.999746e-01
4.999770e-01
4.999794e-01
4.999820e-01
4.999847e-01
4.999874e-01
4.999901e-01
4.999929e-01
4.999957e-01
4.999986e-01
5.000014e-01
5.000043e-01
5.000071e-01
5.000099e-01
5.000126e-01
5.000153e-01
5.000180e-01
5.000206e-01
5.000230e-01
5.000254e-01
5.000277e-01
5.000299e-01
5.000320e-01
5.000340e-01
5.000358e-01
5.000374e-01
5.000390e-01
5.000403e-01
5.000415e-01
5.000426e-01
5.000435e-01
5.000442e-01
5.000447e-01
5.000451e-01
5.000452e-01
5.000452e-01
5.000451e-01
5.000447e-01
5.000442e-01
5.000435e-01
5.000426e-01
5.000415e-01
5.000403e-01
5.000390e-01
5.000374e-01
5.000358e-01
5.000340e-01
5.000320e-01
5.000299e-01
5.000277e-01
5.000254e-01
5.000230e-01
5.000206e-01
5.000180e-01
5.000153e-01
5.000126e-01
5.000099e-01
5.000071e-01
5.000043e-01
5.000014e-01
4.999986e-01
4.999957e-01
4.999929e-01
4.999901e-01
4.999874e-01
4.999847e-01
4.999820e-01
4.999794e-01
4.999770e-01
4.999746e-01
4.999723e-01
4.999701e-01
4.999680e-01
4.999660e-01
4.999642e-01
4.999626e-01
4.999610e-01
4.999597e-01
4.999585e-01
4.999574e-01
4.999565e-01
4.999558e-01
4.999553e-01
4.999549e-01
