4.999695e-01
4.999695e-01
4.999696e-01
4.999698e-01
4.999702e-01
4.999707e-01
4.999713e-01
4.999720e-01
4.999728e-01
4.999737e-01
4.999747e-01
4.999759e-01
4.999771e-01
4.999784e-01
4.999798e-01
4.999813e-01
4.999828e-01
4.999845e-01
4.999861e-01
4.999879e-01
4.999897e-01
4.999915e-01
4.999933e-01
4.999952e-01
4.999971e-01
4.999990e-01
5.000010e-01
5.000029e-01
5.000048e-01
5.000067e-01
5.000085e-01
5.000103e-01
5.000121e-01
5.000139e-01
5.000155e-01
5.000172e-01
5.000187e-01
5.000202e-01
5.000216e-01
5.000229e-01
5.000241e-01
5.000253e-01
5.000263e-01
5.000272e-01
5.000280e-01
5.000287e-01
5.000293e-01
5.000298e-01
5.000302e-01
5.000304e-01
5.000305e-01
5.000305e-01
5.000304e-01
5.000302e-01
5.000298e-01
5.000293e-01
5.000287e-01
5.000280e-01
5.000272e-01
5.000263e-01
5.000253e-01
5.000241e-01
5.000229e-01
5.000216e-01
5.000202e-01
5.000187e-01
5.000172e-01
5.000155e-01
5.000139e-01
5.000121e-01
5.000103e-01
5.000085e-01
5.000067e-01
5.000048e-01
5.000029e-01
5.000010e-01
4.999990e-01
4.999971e-01
4.999952e-01
4.999933e-01
4.999915e-01
4.999897e-01
4.999879e-01
4.999861e-01
4.999845e-01
4.999828e-01
4.999813e-01
4.999798e-01
4.999784e-01
4.999771e-01
4.999759e-01
4.999747e-01
4.999737e-01
4.999728e-01
4.999720e-01
4.999713e-01
4.999707e-01
4.999702e-01
4.999698e-01
4.999696e-01
