4.999723e-01
4.999723e-01
4.999725e-01
4.999727e-01
4.999730e-01
4.999734e-01
4.999740e-01
4.999746e-01
4.999753e-01
4.999762e-01
4.999771e-01
4.999781e-01
4.999792e-01
4.999804e-01
4.999817e-01
4.999830e-01
4.999844e-01
4.999859e-01
4.999874e-01
4.999890e-01
4.999906e-01
4.999923e-01
4.999940e-01
4.999957e-01
4.999974e-01
4.999991e-01
5.000009e-01
5.000026e-01
5.000043e-01
5.000060e-01
5.000077e-01
5.000094e-01
5.000110e-01
5.000126e-01
5.000141e-01
5.000156e-01
5.000170e-01
5.000183e-01
5.000196e-01
5.000208e-01
5.000219e-01
5.000229e-01
5.000238e-01
5.000247e-01
5.000254e-01
5.000260e-01
5.000266e-01
5.000270e-01
5.000273e-01
5.000275e-01
5.000277e-01
5.000277e-01
5.000275e-01
5.000273e-01
5.000270e-01
5.000266e-01
5.000260e-01
5.000254e-01
5.000247e-01
5.000238e-01
5.000229e-01
5.000219e-01
5.000208e-01
5.000196e-01
5.000183e-01
5.000170e-01
5.000156e-01
5.000141e-01
5.000126e-01
5.000110e-01
5.000094e-01
5.000077e-01
5.000060e-01
5.000043e-01
5.000026e-01
5.000009e-01
4.999991e-01
4.999974e-01
4.999957e-01
4.999940e-01
4.999923e-01
4.999906e-01
4.999890e-01
4.999874e-01
4.999859e-01
4.999844e-01
4.999830e-01
4.999817e-01
4.999804e-01
4.999792e-01
4.999781e-01
4.999771e-01
4.999762e-01
4.999753e-01
4.999746e-01
4.999740e-01
4.999734e-01
4.999730e-01
4.999727e-01
4.999725e-01
