2.623018e-01
2.623018e-01
2.632388e-01
2.651091e-01
2.679054e-01
2.716168e-01
2.762288e-01
2.817234e-01
2.880790e-01
2.952708e-01
3.032706e-01
3.120471e-01
3.215657e-01
3.317892e-01
3.426773e-01
3.541873e-01
3.662736e-01
3.788889e-01
3.919832e-01
4.055049e-01
4.194006e-01
4.336153e-01
4.480929e-01
4.627759e-01
4.776064e-01
4.925256e-01
5.074744e-01
5.223936e-01
5.372241e-01
5.519071e-01
5.663847e-01
5.805994e-01
5.944951e-01
6.080168e-01
6.211111e-01
6.337264e-01
6.458127e-01
6.573227e-01
6.682108e-01
6.784343e-01
6.879529e-01
6.967294e-01
7.047292e-01
7.119210e-01
7.182766e-01
7.237712e-01
7.283832e-01
7.320946e-01
7.348909e-01
7.367612e-01
7.376982e-01
7.376982e-01
7.367612e-01
7.348909e-01
7.320946e-01
7.283832e-01
7.237712e-01
7.182766e-01
7.119210e-01
7.047292e-01
6.967294e-01
6.879529e-01
6.784343e-01
6.682108e-01
6.573227e-01
6.458127e-01
6.337264e-01
6.211111e-01
6.080168e-01
5.944951e-01
5.805994e-01
5.663847e-01
5.519071e-01
5.372241e-01
5.223936e-01
5.074744e-01
4.925256e-01
4.776064e-01
4.627759e-01
4.480929e-01
4.336153e-01
4.194006e-01
4.055049e-01
3.919832e-01
3.788889e-01
3.662736e-01
3.541873e-01
3.426773e-01
3.317892e-01
3.215657e-01
3.120471e-01
3.032706e-01
2.952708e-01
2.880790e-01
2.817234e-01
2.762288e-01
2.716168e-01
2.679054e-01
2.651091e-01
2.632388e-01
