4.999663e-01
4.999663e-01
4.999665e-01
4.999667e-01
4.999671e-01
4.999676e-01
4.999683e-01
4.999691e-01
4.999700e-01
4.999710e-01
4.999721e-01
4.999734e-01
4.999747e-01
4.999762e-01
4.999777e-01
4.999794e-01
4.999811e-01
4.999829e-01
4.999847e-01
4.999866e-01
4.999886e-01
4.999906e-01
4.999927e-01
4.999947e-01
4.999968e-01
4.999989e-01
5.000011e-01
5.000032e-01
5.000053e-01
5.000073e-01
5.000094e-01
5.000114e-01
5.000134e-01
5.000153e-01
5.000171e-01
5.000189e-01
5.000206e-01
5.000223e-01
5.000238e-01
5.000253e-01
5.000266e-01
5.000279e-01
5.000290e-01
5.000300e-01
5.000309e-01
5.000317e-01
5.000324e-01
5.000329e-01
5.000333e-01
5.000335e-01
5.000337e-01
5.000337e-01
5.000335e-01
5.000333e-01
5.000329e-01
5.000324e-01
5.000317e-01
5.000309e-01
5.000300e-01
5.000290e-01
5.000279e-01
5.000266e-01
5.000253e-01
5.000238e-01
5.000223e-01
5.000206e-01
5.000189e-01
5.000171e-01
5.000153e-01
5.000134e-01
5.000114e-01
5.000094e-01
5.000073e-01
5.000053e-01
5.000032e-01
5.000011e-01
4.999989e-01
4.999968e-01
4.999947e-01
4.999927e-01
4.999906e-01
4.999886e-01
4.999866e-01
4.999847e-01
4.999829e-01
4.999811e-01
4.999794e-01
4.999777e-01
4.999762e-01
4.999747e-01
4.999734e-01
4.999721e-01
4.999710e-01
4.999700e-01
4.999691e-01
4.999683e-01
4.999676e-01
4.999671e-01
4.999667e-01
4.999665e-01
