7.282510e-04
7.282510e-04
8.662667e-04
1.162170e-03
1.657351e-03
2.417954e-03
3.539590e-03
5.153277e-03
7.432201e-03
1.059863e-02
1.493006e-02
2.076328e-02
2.849482e-02
3.857607e-02
5.150130e-02
6.778723e-02
8.794352e-02
1.124345e-01
1.416347e-01
1.757803e-01
2.149242e-01
2.588979e-01
3.072890e-01
3.594378e-01
4.144583e-01
4.712812e-01
5.287188e-01
5.855417e-01
6.405622e-01
6.927110e-01
7.411021e-01
7.850758e-01
8.242197e-01
8.583653e-01
8.875655e-01
9.120565e-01
9.322128e-01
9.484987e-01
9.614239e-01
9.715052e-01
9.792367e-01
9.850699e-01
9.894014e-01
9.925678e-01
9.948467e-01
9.964604e-01
9.975820e-01
9.983426e-01
9.988378e-01
9.991337e-01
9.992717e-01
9.992717e-01
9.991337e-01
9.988378e-01
9.983426e-01
9.975820e-01
9.964604e-01
9.948467e-01
9.925678e-01
9.894014e-01
9.850699e-01
9.792367e-01
9.715052e-01
9.614239e-01
9.484987e-01
9.322128e-01
9.120565e-01
8.875655e-01
8.583653e-01
8.242197e-01
7.850758e-01
7.411021e-01
6.927110e-01
6.405622e-01
5.855417e-01
5.287188e-01
4.712812e-01
4.144583e-01
3.594378e-01
3.072890e-01
2.588979e-01
2.149242e-01
1.757803e-01
1.416347e-01
1.124345e-01
8.794352e-02
6.778723e-02
5.150130e-02
3.857607e-02
2.849482e-02
2.076328e-02
1.493006e-02
1.059863e-02
7.432201e-03
5.153277e-03
3.539590e-03
2.417954e-03
1.657351e-03
1.162170e-03
8.662667e-04
