4.999749e-01
4.999749e-01
4.999750e-01
4.999752e-01
4.999755e-01
4.999759e-01
4.999764e-01
4.999770e-01
4.999777e-01
4.999784e-01
4.999793e-01
4.999802e-01
4.999812e-01
4.999823e-01
4.999834e-01
4.999846e-01
4.999859e-01
4.999872e-01
4.999886e-01
4.999900e-01
4.999915e-01
4.999930e-01
4.999945e-01
4.999961e-01
4.999976e-01
4.999992e-01
5.000008e-01
5.000024e-01
5.000039e-01
5.000055e-01
5.000070e-01
5.000085e-01
5.000100e-01
5.000114e-01
5.000128e-01
5.000141e-01
5.000154e-01
5.000166e-01
5.000177e-01
5.000188e-01
5.000198e-01
5.000207e-01
5.000216e-01
5.000223e-01
5.000230e-01
5.000236e-01
5.000241e-01
5.000245e-01
5.000248e-01
5.000250e-01
5.000251e-01
5.000251e-01
5.000250e-01
5.000248e-01
5.000245e-01
5.000241e-01
5.000236e-01
5.000230e-01
5.000223e-01
5.000216e-01
5.000207e-01
5.000198e-01
5.000188e-01
5.000177e-01
5.000166e-01
5.000154e-01
5.000141e-01
5.000128e-01
5.000114e-01
5.000100e-01
5.000085e-01
5.000070e-01
5.000055e-01
5.000039e-01
5.000024e-01
5.000008e-01
4.999992e-01
4.999976e-01
4.999961e-01
4.999945e-01
4.999930e-01
4.999915e-01
4.999900e-01
4.999886e-01
4.999872e-01
4.999859e-01
4.999846e-01
4.999834e-01
4.999823e-01
4.999812e-01
4.999802e-01
4.999793e-01
4.999784e-01
4.999777e-01
4.999770e-01
4.999764e-01
4.999759e-01
4.999755e-01
4.999752e-01
4.999750e-01
