4.999831e-01
4.999831e-01
4.999832e-01
4.999833e-01
4.999835e-01
4.999838e-01
4.999841e-01
4.999845e-01
4.999849e-01
4.999854e-01
4.999860e-01
4.999866e-01
4.999873e-01
4.999880e-01
4.999888e-01
4.999896e-01
4.999905e-01
4.999914e-01
4.999923e-01
4.999933e-01
4.999943e-01
4.999953e-01
4.999963e-01
4.999974e-01
4.999984e-01
4.999995e-01
5.000005e-01
5.000016e-01
5.000026e-01
5.000037e-01
5.000047e-01
5.000057e-01
5.000067e-01
5.000077e-01
5.000086e-01
5.000095e-01
5.000104e-01
5.000112e-01
5.000120e-01
5.000127e-01
5.000134e-01
5.000140e-01
5.000146e-01
5.000151e-01
5.000155e-01
5.000159e-01
5.000162e-01
5.000165e-01
5.000167e-01
5.000168e-01
5.000169e-01
5.000169e-01
5.000168e-01
5.000167e-01
5.000165e-01
5.000162e-01
5.000159e-01
5.000155e-01
5.000151e-01
5.000146e-01
5.000140e-01
5.000134e-01
5.000127e-01
5.000120e-01
5.000112e-01
5.000104e-01
5.000095e-01
5.000086e-01
5.000077e-01
5.000067e-01
5.000057e-01
5.000047e-01
5.000037e-01
5.000026e-01
5.000016e-01
5.000005e-01
4.999995e-01
4.999984e-01
4.999974e-01
4.999963e-01
4.999953e-01
4.999943e-01
4.999933e-01
4.999923e-01
4.999914e-01
4.999905e-01
4.999896e-01
4.999888e-01
4.999880e-01
4.999873e-01
4.999866e-01
4.999860e-01
4.999854e-01
4.999849e-01
4.999845e-01
4.999841e-01
4.999838e-01
4.999835e-01
4.999833e-01
4.999832e-01
