4.999794e-01
4.999794e-01
4.999795e-01
4.999797e-01
4.999799e-01
4.999802e-01
4.999806e-01
4.999811e-01
4.999817e-01
4.999823e-01
4.999830e-01
4.999837e-01
4.999846e-01
4.999854e-01
4.999864e-01
4.999874e-01
4.999884e-01
4.999895e-01
4.999907e-01
4.999918e-01
4.999930e-01
4.999943e-01
4.999955e-01
4.999968e-01
4.999981e-01
4.999994e-01
5.000006e-01
5.000019e-01
5.000032e-01
5.000045e-01
5.000057e-01
5.000070e-01
5.000082e-01
5.000093e-01
5.000105e-01
5.000116e-01
5.000126e-01
5.000136e-01
5.000146e-01
5.000154e-01
5.000163e-01
5.000170e-01
5.000177e-01
5.000183e-01
5.000189e-01
5.000194e-01
5.000198e-01
5.000201e-01
5.000203e-01
5.000205e-01
5.000206e-01
5.000206e-01
5.000205e-01
5.000203e-01
5.000201e-01
5.000198e-01
5.000194e-01
5.000189e-01
5.000183e-01
5.000177e-01
5.000170e-01
5.000163e-01
5.000154e-01
5.000146e-01
5.000136e-01
5.000126e-01
5.000116e-01
5.000105e-01
5.000093e-01
5.000082e-01
5.000070e-01
5.000057e-01
5.000045e-01
5.000032e-01
5.000019e-01
5.000006e-01
4.999994e-01
4.999981e-01
4.999968e-01
4.999955e-01
4.999943e-01
4.999930e-01
4.999918e-01
4.999907e-01
4.999895e-01
4.999884e-01
4.999874e-01
4.999864e-01
4.999854e-01
4.999846e-01
4.999837e-01
4.999830e-01
4.999823e-01
4.999817e-01
4.999811e-01
4.999806e-01
4.999802e-01
4.999799e-01
4.999797e-01
4.999795e-01
