4.999773e-01
4.999773e-01
4.999774e-01
4.999776e-01
4.999778e-01
4.999782e-01
4.999786e-01
4.999791e-01
4.999798e-01
4.999804e-01
4.999812e-01
4.999820e-01
4.999830e-01
4.999839e-01
4.999850e-01
4.999861e-01
4.999872e-01
4.999884e-01
4.999897e-01
4.999910e-01
4.999923e-01
4.999937e-01
4.999950e-01
4.999964e-01
4.999979e-01
4.999993e-01
5.000007e-01
5.000021e-01
5.000036e-01
5.000050e-01
5.000063e-01
5.000077e-01
5.000090e-01
5.000103e-01
5.000116e-01
5.000128e-01
5.000139e-01
5.000150e-01
5.000161e-01
5.000170e-01
5.000180e-01
5.000188e-01
5.000196e-01
5.000202e-01
5.000209e-01
5.000214e-01
5.000218e-01
5.000222e-01
5.000224e-01
5.000226e-01
5.000227e-01
5.000227e-01
5.000226e-01
5.000224e-01
5.000222e-01
5.000218e-01
5.000214e-01
5.000209e-01
5.000202e-01
5.000196e-01
5.000188e-01
5.000180e-01
5.000170e-01
5.000161e-01
5.000150e-01
5.000139e-01
5.000128e-01
5.000116e-01
5.000103e-01
5.000090e-01
5.000077e-01
5.000063e-01
5.000050e-01
5.000036e-01
5.000021e-01
5.000007e-01
4.999993e-01
4.999979e-01
4.999964e-01
4.999950e-01
4.999937e-01
4.999923e-01
4.999910e-01
4.999897e-01
4.999884e-01
4.999872e-01
4.999861e-01
4.999850e-01
4.999839e-01
4.999830e-01
4.999820e-01
4.999812e-01
4.999804e-01
4.999798e-01
4.999791e-01
4.999786e-01
4.999782e-01
4.999778e-01
4.999776e-01
4.999774e-01
