4.999814e-01
4.999814e-01
4.999814e-01
4.999816e-01
4.999818e-01
4.999821e-01
4.999824e-01
4.999829e-01
4.999834e-01
4.999839e-01
4.999846e-01
4.999853e-01
4.999860e-01
4.999868e-01
4.999877e-01
4.999886e-01
4.999895e-01
4.999905e-01
4.999915e-01
4.999926e-01
4.999937e-01
4.999948e-01
4.999959e-01
4.999971e-01
4.999982e-01
4.999994e-01
5.000006e-01
5.000018e-01
5.000029e-01
5.000041e-01
5.000052e-01
5.000063e-01
5.000074e-01
5.000085e-01
5.000095e-01
5.000105e-01
5.000114e-01
5.000123e-01
5.000132e-01
5.000140e-01
5.000147e-01
5.000154e-01
5.000161e-01
5.000166e-01
5.000171e-01
5.000176e-01
5.000179e-01
5.000182e-01
5.000184e-01
5.000186e-01
5.000187e-01
5.000187e-01
5.000186e-01
5.000184e-01
5.000182e-01
5.000179e-01
5.000176e-01
5.000171e-01
5.000166e-01
5.000161e-01
5.000154e-01
5.000147e-01
5.000140e-01
5.000132e-01
5.000123e-01
5.000114e-01
5.000105e-01
5.000095e-01
5.000085e-01
5.000074e-01
5.000063e-01
5.000052e-01
5.000041e-01
5.000029e-01
5.000018e-01
5.000006e-01
4.999994e-01
4.999982e-01
4.999971e-01
4.999959e-01
4.999948e-01
4.999937e-01
4.999926e-01
4.999915e-01
4.999905e-01
4.999895e-01
4.999886e-01
4.999877e-01
4.999868e-01
4.999860e-01
4.999853e-01
4.999846e-01
4.999839e-01
4.999834e-01
4.999829e-01
4.999824e-01
4.999821e-01
4.999818e-01
4.999816e-01
4.999814e-01
