4.999874e-01
4.999874e-01
4.999875e-01
4.999876e-01
4.999877e-01
4.999879e-01
4.999882e-01
4.999885e-01
4.999888e-01
4.999892e-01
4.999896e-01
4.999901e-01
4.999906e-01
4.999911e-01
4.999917e-01
4.999923e-01
4.999929e-01
4.999936e-01
4.999943e-01
4.999950e-01
4.999957e-01
4.999965e-01
4.999973e-01
4.999980e-01
4.999988e-01
4.999996e-01
5.000004e-01
5.000012e-01
5.000020e-01
5.000027e-01
5.000035e-01
5.000043e-01
5.000050e-01
5.000057e-01
5.000064e-01
5.000071e-01
5.000077e-01
5.000083e-01
5.000089e-01
5.000094e-01
5.000099e-01
5.000104e-01
5.000108e-01
5.000112e-01
5.000115e-01
5.000118e-01
5.000121e-01
5.000123e-01
5.000124e-01
5.000125e-01
5.000126e-01
5.000126e-01
5.000125e-01
5.000124e-01
5.000123e-01
5.000121e-01
5.000118e-01
5.000115e-01
5.000112e-01
5.000108e-01
5.000104e-01
5.000099e-01
5.000094e-01
5.000089e-01
5.000083e-01
5.000077e-01
5.000071e-01
5.000064e-01
5.000057e-01
5.000050e-01
5.000043e-01
5.000035e-01
5.000027e-01
5.000020e-01
5.000012e-01
5.000004e-01
4.999996e-01
4.999988e-01
4.999980e-01
4.999973e-01
4.999965e-01
4.999957e-01
4.999950e-01
4.999943e-01
4.999936e-01
4.999929e-01
4.999923e-01
4.999917e-01
4.999911e-01
4.999906e-01
4.999901e-01
4.999896e-01
4.999892e-01
4.999888e-01
4.999885e-01
4.999882e-01
4.999879e-01
4.999877e-01
4.999876e-01
4.999875e-01
