4.999861e-01
4.999861e-01
4.999862e-01
4.999863e-01
4.999864e-01
4.999867e-01
4.999869e-01
4.999873e-01
4.999876e-01
4.999880e-01
4.999885e-01
4.999890e-01
4.999896e-01
4.999902e-01
4.999908e-01
4.999915e-01
4.999922e-01
4.999929e-01
4.999937e-01
4.999945e-01
4.999953e-01
4.999961e-01
4.999970e-01
4.999978e-01
4.999987e-01
4.999996e-01
5.000004e-01
5.000013e-01
5.000022e-01
5.000030e-01
5.000039e-01
5.000047e-01
5.000055e-01
5.000063e-01
5.000071e-01
5.000078e-01
5.000085e-01
5.000092e-01
5.000098e-01
5.000104e-01
5.000110e-01
5.000115e-01
5.000120e-01
5.000124e-01
5.000127e-01
5.000131e-01
5.000133e-01
5.000136e-01
5.000137e-01
5.000138e-01
5.000139e-01
5.000139e-01
5.000138e-01
5.000137e-01
5.000136e-01
5.000133e-01
5.000131e-01
5.000127e-01
5.000124e-01
5.000120e-01
5.000115e-01
5.000110e-01
5.000104e-01
5.000098e-01
5.000092e-01
5.000085e-01
5.000078e-01
5.000071e-01
5.000063e-01
5.000055e-01
5.000047e-01
5.000039e-01
5.000030e-01
5.000022e-01
5.000013e-01
5.000004e-01
4.999996e-01
4.999987e-01
4.999978e-01
4.999970e-01
4.999961e-01
4.999953e-01
4.999945e-01
4.999937e-01
4.999929e-01
4.999922e-01
4.999915e-01
4.999908e-01
4.999902e-01
4.999896e-01
4.999890e-01
4.999885e-01
4.999880e-01
4.999876e-01
4.999873e-01
4.999869e-01
4.999867e-01
4.999864e-01
4.999863e-01
4.999862e-01
