2.845752e-01
2.845752e-01
2.854249e-01
2.871210e-01
2.896569e-01
2.930224e-01
2.972046e-01
3.021868e-01
3.079495e-01
3.144702e-01
3.217230e-01
3.296795e-01
3.383084e-01
3.475756e-01
3.574447e-01
3.678769e-01
3.788308e-01
3.902635e-01
4.021296e-01
4.143825e-01
4.269737e-01
4.398535e-01
4.529711e-01
4.662745e-01
4.797112e-01
4.932282e-01
5.067719e-01
5.202888e-01
5.337255e-01
5.470289e-01
5.601465e-01
5.730263e-01
5.856175e-01
5.978704e-01
6.097365e-01
6.211692e-01
6.321231e-01
6.425553e-01
6.524244e-01
6.616916e-01
6.703205e-01
6.782770e-01
6.855298e-01
6.920505e-01
6.978132e-01
7.027954e-01
7.069776e-01
7.103431e-01
7.128790e-01
7.145751e-01
7.154248e-01
7.154248e-01
7.145751e-01
7.128790e-01
7.103431e-01
7.069776e-01
7.027954e-01
6.978132e-01
6.920505e-01
6.855298e-01
6.782770e-01
6.703205e-01
6.616916e-01
6.524244e-01
6.425553e-01
6.321231e-01
6.211692e-01
6.097365e-01
5.978704e-01
5.856175e-01
5.730263e-01
5.601465e-01
5.470289e-01
5.337255e-01
5.202888e-01
5.067718e-01
4.932281e-01
4.797112e-01
4.662745e-01
4.529711e-01
4.398535e-01
4.269737e-01
4.143825e-01
4.021296e-01
3.902635e-01
3.788308e-01
3.678769e-01
3.574447e-01
3.475756e-01
3.383084e-01
3.296795e-01
3.217230e-01
3.144702e-01
3.079495e-01
3.021868e-01
2.972046e-01
2.930224e-01
2.896569e-01
2.871210e-01
2.854249e-01
