4.999886e-01
4.999886e-01
4.999886e-01
4.999887e-01
4.999889e-01
4.999890e-01
4.999893e-01
4.999895e-01
4.999898e-01
4.999902e-01
4.999906e-01
4.999910e-01
4.999914e-01
4.999919e-01
4.999925e-01
4.999930e-01
4.999936e-01
4.999942e-01
4.999948e-01
4.999955e-01
4.999961e-01
4.999968e-01
4.999975e-01
4.999982e-01
4.999989e-01
4.999996e-01
5.000004e-01
5.000011e-01
5.000018e-01
5.000025e-01
5.000032e-01
5.000039e-01
5.000045e-01
5.000052e-01
5.000058e-01
5.000064e-01
5.000070e-01
5.000075e-01
5.000081e-01
5.000086e-01
5.000090e-01
5.000094e-01
5.000098e-01
5.000102e-01
5.000105e-01
5.000107e-01
5.000110e-01
5.000111e-01
5.000113e-01
5.000114e-01
5.000114e-01
5.000114e-01
5.000114e-01
5.000113e-01
5.000111e-01
5.000110e-01
5.000107e-01
5.000105e-01
5.000102e-01
5.000098e-01
5.000094e-01
5.000090e-01
5.000086e-01
5.000081e-01
5.000075e-01
5.000070e-01
5.000064e-01
5.000058e-01
5.000052e-01
5.000045e-01
5.000039e-01
5.000032e-01
5.000025e-01
5.000018e-01
5.000011e-01
5.000004e-01
4.999996e-01
4.999989e-01
4.999982e-01
4.999975e-01
4.999968e-01
4.999961e-01
4.999955e-01
4.999948e-01
4.999942e-01
4.999936e-01
4.999930e-01
4.999925e-01
4.999919e-01
4.999914e-01
4.999910e-01
4.999906e-01
4.999902e-01
4.999898e-01
4.999895e-01
4.999893e-01
4.999890e-01
4.999889e-01
4.999887e-01
4.999886e-01
