4.999847e-01
4.999847e-01
4.999847e-01
4.999849e-01
4.999850e-01
4.999853e-01
4.999856e-01
4.999859e-01
4.999863e-01
4.999868e-01
4.999873e-01
4.999879e-01
4.999885e-01
4.999892e-01
4.999899e-01
4.999906e-01
4.999914e-01
4.999922e-01
4.999930e-01
4.999939e-01
4.999948e-01
4.999957e-01
4.999967e-01
4.999976e-01
4.999986e-01
4.999995e-01
5.000005e-01
5.000014e-01
5.000024e-01
5.000033e-01
5.000043e-01
5.000052e-01
5.000061e-01
5.000070e-01
5.000078e-01
5.000086e-01
5.000094e-01
5.000101e-01
5.000108e-01
5.000115e-01
5.000121e-01
5.000127e-01
5.000132e-01
5.000137e-01
5.000141e-01
5.000144e-01
5.000147e-01
5.000150e-01
5.000151e-01
5.000153e-01
5.000153e-01
5.000153e-01
5.000153e-01
5.000151e-01
5.000150e-01
5.000147e-01
5.000144e-01
5.000141e-01
5.000137e-01
5.000132e-01
5.000127e-01
5.000121e-01
5.000115e-01
5.000108e-01
5.000101e-01
5.000094e-01
5.000086e-01
5.000078e-01
5.000070e-01
5.000061e-01
5.000052e-01
5.000043e-01
5.000033e-01
5.000024e-01
5.000014e-01
5.000005e-01
4.999995e-01
4.999986e-01
4.999976e-01
4.999967e-01
4.999957e-01
4.999948e-01
4.999939e-01
4.999930e-01
4.999922e-01
4.999914e-01
4.999906e-01
4.999899e-01
4.999892e-01
4.999885e-01
4.999879e-01
4.999873e-01
4.999868e-01
4.999863e-01
4.999859e-01
4.999856e-01
4.999853e-01
4.999850e-01
4.999849e-01
4.999847e-01
