4.999923e-01
4.999923e-01
4.999923e-01
4.999924e-01
4.999925e-01
4.999926e-01
4.999928e-01
4.999929e-01
4.999931e-01
4.999934e-01
4.999936e-01
4.999939e-01
4.999942e-01
4.999946e-01
4.999949e-01
4.999953e-01
4.999957e-01
4.999961e-01
4.999965e-01
4.999969e-01
4.999974e-01
4.999979e-01
4.999983e-01
4.999988e-01
4.999993e-01
4.999998e-01
5.000002e-01
5.000007e-01
5.000012e-01
5.000017e-01
5.000021e-01
5.000026e-01
5.000031e-01
5.000035e-01
5.000039e-01
5.000043e-01
5.000047e-01
5.000051e-01
5.000054e-01
5.000058e-01
5.000061e-01
5.000064e-01
5.000066e-01
5.000069e-01
5.000071e-01
5.000072e-01
5.000074e-01
5.000075e-01
5.000076e-01
5.000077e-01
5.000077e-01
5.000077e-01
5.000077e-01
5.000076e-01
5.000075e-01
5.000074e-01
5.000072e-01
5.000071e-01
5.000069e-01
5.000066e-01
5.000064e-01
5.000061e-01
5.000058e-01
5.000054e-01
5.000051e-01
5.000047e-01
5.000043e-01
5.000039e-01
5.000035e-01
5.000031e-01
5.000026e-01
5.000021e-01
5.000017e-01
5.000012e-01
5.000007e-01
5.000002e-01
4.999998e-01
4.999993e-01
4.999988e-01
4.999983e-01
4.999979e-01
4.999974e-01
4.999969e-01
4.999965e-01
4.999961e-01
4.999957e-01
4.999953e-01
4.999949e-01
4.999946e-01
4.999942e-01
4.999939e-01
4.999936e-01
4.999934e-01
4.999931e-01
4.999929e-01
4.999928e-01
4.999926e-01
4.999925e-01
4.999924e-01
4.999923e-01
