4.999915e-01
4.999915e-01
4.999916e-01
4.999916e-01
4.999917e-01
4.999918e-01
4.999920e-01
4.999922e-01
4.999924e-01
4.999927e-01
4.999930e-01
4.999933e-01
4.999936e-01
4.999940e-01
4.999944e-01
4.999948e-01
4.999952e-01
4.999957e-01
4.999961e-01
4.999966e-01
4.999971e-01
4.999976e-01
4.999981e-01
4.999987e-01
4.999992e-01
4.999997e-01
5.000003e-01
5.000008e-01
5.000013e-01
5.000019e-01
5.000024e-01
5.000029e-01
5.000034e-01
5.000039e-01
5.000043e-01
5.000048e-01
5.000052e-01
5.000056e-01
5.000060e-01
5.000064e-01
5.000067e-01
5.000070e-01
5.000073e-01
5.000076e-01
5.000078e-01
5.000080e-01
5.000082e-01
5.000083e-01
5.000084e-01
5.000084e-01
5.000085e-01
5.000085e-01
5.000084e-01
5.000084e-01
5.000083e-01
5.000082e-01
5.000080e-01
5.000078e-01
5.000076e-01
5.000073e-01
5.000070e-01
5.000067e-01
5.000064e-01
5.000060e-01
5.000056e-01
5.000052e-01
5.000048e-01
5.000043e-01
5.000039e-01
5.000034e-01
5.000029e-01
5.000024e-01
5.000019e-01
5.000013e-01
5.000008e-01
5.000003e-01
4.999997e-01
4.999992e-01
4.999987e-01
4.999981e-01
4.999976e-01
4.999971e-01
4.999966e-01
4.999961e-01
4.999957e-01
4.999952e-01
4.999948e-01
4.999944e-01
4.999940e-01
4.999936e-01
4.999933e-01
4.999930e-01
4.999927e-01
4.999924e-01
4.999922e-01
4.999920e-01
4.999918e-01
4.999917e-01
4.999916e-01
4.999916e-01
