4.999943e-01
4.999943e-01
4.999943e-01
4.999943e-01
4.999944e-01
4.999945e-01
4.999946e-01
4.999947e-01
4.999949e-01
4.999951e-01
4.999953e-01
4.999955e-01
4.999957e-01
4.999960e-01
4.999962e-01
4.999965e-01
4.999968e-01
4.999971e-01
4.999974e-01
4.999977e-01
4.999981e-01
4.999984e-01
4.999988e-01
4.999991e-01
4.999995e-01
4.999998e-01
5.000002e-01
5.000005e-01
5.000009e-01
5.000012e-01
5.000016e-01
5.000019e-01
5.000023e-01
5.000026e-01
5.000029e-01
5.000032e-01
5.000035e-01
5.000038e-01
5.000040e-01
5.000043e-01
5.000045e-01
5.000047e-01
5.000049e-01
5.000051e-01
5.000053e-01
5.000054e-01
5.000055e-01
5.000056e-01
5.000057e-01
5.000057e-01
5.000057e-01
5.000057e-01
5.000057e-01
5.000057e-01
5.000056e-01
5.000055e-01
5.000054e-01
5.000053e-01
5.000051e-01
5.000049e-01
5.000047e-01
5.000045e-01
5.000043e-01
5.000040e-01
5.000038e-01
5.000035e-01
5.000032e-01
5.000029e-01
5.000026e-01
5.000023e-01
5.000019e-01
5.000016e-01
5.000012e-01
5.000009e-01
5.000005e-01
5.000002e-01
4.999998e-01
4.999995e-01
4.999991e-01
4.999988e-01
4.999984e-01
4.999981e-01
4.999977e-01
4.999974e-01
4.999971e-01
4.999968e-01
4.999965e-01
4.999962e-01
4.999960e-01
4.999957e-01
4.999955e-01
4.999953e-01
4.999951e-01
4.999949e-01
4.999947e-01
4.999946e-01
4.999945e-01
4.999944e-01
4.999943e-01
4.999943e-01
