4.999930e-01
4.999930e-01
4.999931e-01
4.999931e-01
4.999932e-01
4.999933e-01
4.999934e-01
4.999936e-01
4.999938e-01
4.999940e-01
4.999942e-01
4.999945e-01
4.999948e-01
4.999951e-01
4.999954e-01
4.999957e-01
4.999961e-01
4.999965e-01
4.999968e-01
4.999972e-01
4.999976e-01
4.999981e-01
4.999985e-01
4.999989e-01
4.999993e-01
4.999998e-01
5.000002e-01
5.000007e-01
5.000011e-01
5.000015e-01
5.000019e-01
5.000024e-01
5.000028e-01
5.000032e-01
5.000035e-01
5.000039e-01
5.000043e-01
5.000046e-01
5.000049e-01
5.000052e-01
5.000055e-01
5.000058e-01
5.000060e-01
5.000062e-01
5.000064e-01
5.000066e-01
5.000067e-01
5.000068e-01
5.000069e-01
5.000069e-01
5.000070e-01
5.000070e-01
5.000069e-01
5.000069e-01
5.000068e-01
5.000067e-01
5.000066e-01
5.000064e-01
5.000062e-01
5.000060e-01
5.000058e-01
5.000055e-01
5.000052e-01
5.000049e-01
5.000046e-01
5.000043e-01
5.000039e-01
5.000035e-01
5.000032e-01
5.000028e-01
5.000024e-01
5.000019e-01
5.000015e-01
5.000011e-01
5.000007e-01
5.000002e-01
4.999998e-01
4.999993e-01
4.999989e-01
4.999985e-01
4.999981e-01
4.999976e-01
4.999972e-01
4.999968e-01
4.999965e-01
4.999961e-01
4.999957e-01
4.999954e-01
4.999951e-01
4.999948e-01
4.999945e-01
4.999942e-01
4.999940e-01
4.999938e-01
4.999936e-01
4.999934e-01
4.999933e-01
4.999932e-01
4.999931e-01
4.999931e-01
