4.999937e-01
4.999937e-01
4.999937e-01
4.999938e-01
4.999938e-01
4.999939e-01
4.999941e-01
4.999942e-01
4.999944e-01
4.999946e-01
4.999948e-01
4.999950e-01
4.999953e-01
4.999955e-01
4.999958e-01
4.999961e-01
4.999964e-01
4.999968e-01
4.999971e-01
4.999975e-01
4.999979e-01
4.999982e-01
4.999986e-01
4.999990e-01
4.999994e-01
4.999998e-01
5.000002e-01
5.000006e-01
5.000010e-01
5.000014e-01
5.000018e-01
5.000021e-01
5.000025e-01
5.000029e-01
5.000032e-01
5.000036e-01
5.000039e-01
5.000042e-01
5.000045e-01
5.000047e-01
5.000050e-01
5.000052e-01
5.000054e-01
5.000056e-01
5.000058e-01
5.000059e-01
5.000061e-01
5.000062e-01
5.000062e-01
5.000063e-01
5.000063e-01
5.000063e-01
5.000063e-01
5.000062e-01
5.000062e-01
5.000061e-01
5.000059e-01
5.000058e-01
5.000056e-01
5.000054e-01
5.000052e-01
5.000050e-01
5.000047e-01
5.000045e-01
5.000042e-01
5.000039e-01
5.000036e-01
5.000032e-01
5.000029e-01
5.000025e-01
5.000021e-01
5.000018e-01
5.000014e-01
5.000010e-01
5.000006e-01
5.000002e-01
4.999998e-01
4.999994e-01
4.999990e-01
4.999986e-01
4.999982e-01
4.999979e-01
4.999975e-01
4.999971e-01
4.999968e-01
4.999964e-01
4.999961e-01
4.999958e-01
4.999955e-01
4.999953e-01
4.999950e-01
4.999948e-01
4.999946e-01
4.999944e-01
4.999942e-01
4.999941e-01
4.999939e-01
4.999938e-01
4.999938e-01
4.999937e-01
