4.999961e-01
4.999961e-01
4.999962e-01
4.999962e-01
4.999962e-01
4.999963e-01
4.999964e-01
4.999965e-01
4.999966e-01
4.999967e-01
4.999968e-01
4.999969e-01
4.999971e-01
4.999973e-01
4.999974e-01
4.999976e-01
4.999978e-01
4.999980e-01
4.999982e-01
4.999985e-01
4.999987e-01
4.999989e-01
4.999992e-01
4.999994e-01
4.999996e-01
4.999999e-01
5.000001e-01
5.000004e-01
5.000006e-01
5.000008e-01
5.000011e-01
5.000013e-01
5.000015e-01
5.000018e-01
5.000020e-01
5.000022e-01
5.000024e-01
5.000026e-01
5.000027e-01
5.000029e-01
5.000031e-01
5.000032e-01
5.000033e-01
5.000034e-01
5.000035e-01
5.000036e-01
5.000037e-01
5.000038e-01
5.000038e-01
5.000038e-01
5.000039e-01
5.000039e-01
5.000038e-01
5.000038e-01
5.000038e-01
5.000037e-01
5.000036e-01
5.000035e-01
5.000034e-01
5.000033e-01
5.000032e-01
5.000031e-01
5.000029e-01
5.000027e-01
5.000026e-01
5.000024e-01
5.000022e-01
5.000020e-01
5.000018e-01
5.000015e-01
5.000013e-01
5.000011e-01
5.000008e-01
5.000006e-01
5.000004e-01
5.000001e-01
4.999999e-01
4.999996e-01
4.999994e-01
4.999992e-01
4.999989e-01
4.999987e-01
4.999985e-01
4.999982e-01
4.999980e-01
4.999978e-01
4.999976e-01
4.999974e-01
4.999973e-01
4.999971e-01
4.999969e-01
4.999968e-01
4.999967e-01
4.999966e-01
4.999965e-01
4.999964e-01
4.999963e-01
4.999962e-01
4.999962e-01
4.999962e-01
