4.999965e-01
4.999965e-01
4.999965e-01
4.999965e-01
4.999966e-01
4.999966e-01
4.999967e-01
4.999968e-01
4.999969e-01
4.999970e-01
4.999971e-01
4.999972e-01
4.999974e-01
4.999975e-01
4.999977e-01
4.999979e-01
4.999980e-01
4.999982e-01
4.999984e-01
4.999986e-01
4.999988e-01
4.999990e-01
4.999992e-01
4.999995e-01
4.999997e-01
4.999999e-01
5.000001e-01
5.000003e-01
5.000005e-01
5.000008e-01
5.000010e-01
5.000012e-01
5.000014e-01
5.000016e-01
5.000018e-01
5.000020e-01
5.000021e-01
5.000023e-01
5.000025e-01
5.000026e-01
5.000028e-01
5.000029e-01
5.000030e-01
5.000031e-01
5.000032e-01
5.000033e-01
5.000034e-01
5.000034e-01
5.000035e-01
5.000035e-01
5.000035e-01
5.000035e-01
5.000035e-01
5.000035e-01
5.000034e-01
5.000034e-01
5.000033e-01
5.000032e-01
5.000031e-01
5.000030e-01
5.000029e-01
5.000028e-01
5.000026e-01
5.000025e-01
5.000023e-01
5.000021e-01
5.000020e-01
5.000018e-01
5.000016e-01
5.000014e-01
5.000012e-01
5.000010e-01
5.000008e-01
5.000005e-01
5.000003e-01
5.000001e-01
4.999999e-01
4.999997e-01
4.999995e-01
4.999992e-01
4.999990e-01
4.999988e-01
4.999986e-01
4.999984e-01
4.999982e-01
4.999980e-01
4.999979e-01
4.999977e-01
4.999975e-01
4.999974e-01
4.999972e-01
4.999971e-01
4.999970e-01
4.999969e-01
4.999968e-01
4.999967e-01
4.999966e-01
4.999966e-01
4.999965e-01
4.999965e-01
