3.047698e-01
3.047698e-01
3.055401e-01
3.070777e-01
3.093764e-01
3.124273e-01
3.162184e-01
3.207346e-01
3.259583e-01
3.318687e-01
3.384428e-01
3.456544e-01
3.534753e-01
3.618745e-01
3.708190e-01
3.802735e-01
3.902007e-01
4.005614e-01
4.113147e-01
4.224182e-01
4.338281e-01
4.454993e-01
4.573857e-01
4.694404e-01
4.816158e-01
4.938639e-01
5.061361e-01
5.183842e-01
5.305596e-01
5.426143e-01
5.545007e-01
5.661719e-01
5.775818e-01
5.886853e-01
5.994386e-01
6.097993e-01
6.197265e-01
6.291810e-01
6.381255e-01
6.465247e-01
6.543456e-01
6.615572e-01
6.681313e-01
6.740417e-01
6.792654e-01
6.837816e-01
6.875727e-01
6.906236e-01
6.929223e-01
6.944599e-01
6.952302e-01
6.952302e-01
6.944599e-01
6.929223e-01
6.906236e-01
6.875727e-01
6.837816e-01
6.792654e-01
6.740417e-01
6.681313e-01
6.615572e-01
6.543456e-01
6.465247e-01
6.381255e-01
6.291810e-01
6.197265e-01
6.097993e-01
5.994386e-01
5.886853e-01
5.775818e-01
5.661719e-01
5.545007e-01
5.426143e-01
5.305596e-01
5.183842e-01
5.061361e-01
4.938639e-01
4.816158e-01
4.694404e-01
4.573857e-01
4.454993e-01
4.338281e-01
4.224182e-01
4.113147e-01
4.005614e-01
3.902007e-01
3.802735e-01
3.708190e-01
3.618745e-01
3.534753e-01
3.456544e-01
3.384428e-01
3.318687e-01
3.259583e-01
3.207346e-01
3.162184e-01
3.124273e-01
3.093764e-01
3.070777e-01
3.055401e-01
