4.999968e-01
4.999968e-01
4.999968e-01
4.999969e-01
4.999969e-01
4.999970e-01
4.999970e-01
4.999971e-01
4.999972e-01
4.999973e-01
4.999974e-01
4.999975e-01
4.999976e-01
4.999978e-01
4.999979e-01
4.999981e-01
4.999982e-01
4.999984e-01
4.999986e-01
4.999987e-01
4.999989e-01
4.999991e-01
4.999993e-01
4.999995e-01
4.999997e-01
4.999999e-01
5.000001e-01
5.000003e-01
5.000005e-01
5.000007e-01
5.000009e-01
5.000011e-01
5.000013e-01
5.000014e-01
5.000016e-01
5.000018e-01
5.000019e-01
5.000021e-01
5.000022e-01
5.000024e-01
5.000025e-01
5.000026e-01
5.000027e-01
5.000028e-01
5.000029e-01
5.000030e-01
5.000030e-01
5.000031e-01
5.000031e-01
5.000032e-01
5.000032e-01
5.000032e-01
5.000032e-01
5.000031e-01
5.000031e-01
5.000030e-01
5.000030e-01
5.000029e-01
5.000028e-01
5.000027e-01
5.000026e-01
5.000025e-01
5.000024e-01
5.000022e-01
5.000021e-01
5.000019e-01
5.000018e-01
5.000016e-01
5.000014e-01
5.000013e-01
5.000011e-01
5.000009e-01
5.000007e-01
5.000005e-01
5.000003e-01
5.000001e-01
4.999999e-01
4.999997e-01
4.999995e-01
4.999993e-01
4.999991e-01
4.999989e-01
4.999987e-01
4.999986e-01
4.999984e-01
4.999982e-01
4.999981e-01
4.999979e-01
4.999978e-01
4.999976e-01
4.999975e-01
4.999974e-01
4.999973e-01
4.999972e-01
4.999971e-01
4.999970e-01
4.999970e-01
4.999969e-01
4.999969e-01
4.999968e-01
