4.999971e-01
4.999971e-01
4.999971e-01
4.999972e-01
4.999972e-01
4.999972e-01
4.999973e-01
4.999974e-01
4.999974e-01
4.999975e-01
4.999976e-01
4.999977e-01
4.999978e-01
4.999980e-01
4.999981e-01
4.999982e-01
4.999984e-01
4.999985e-01
4.999987e-01
4.999989e-01
4.999990e-01
4.999992e-01
4.999994e-01
4.999996e-01
4.999997e-01
4.999999e-01
5.000001e-01
5.000003e-01
5.000004e-01
5.000006e-01
5.000008e-01
5.000010e-01
5.000011e-01
5.000013e-01
5.000015e-01
5.000016e-01
5.000018e-01
5.000019e-01
5.000020e-01
5.000022e-01
5.000023e-01
5.000024e-01
5.000025e-01
5.000026e-01
5.000026e-01
5.000027e-01
5.000028e-01
5.000028e-01
5.000028e-01
5.000029e-01
5.000029e-01
5.000029e-01
5.000029e-01
5.000028e-01
5.000028e-01
5.000028e-01
5.000027e-01
5.000026e-01
5.000026e-01
5.000025e-01
5.000024e-01
5.000023e-01
5.000022e-01
5.000020e-01
5.000019e-01
5.000018e-01
5.000016e-01
5.000015e-01
5.000013e-01
5.000011e-01
5.000010e-01
5.000008e-01
5.000006e-01
5.000004e-01
5.000003e-01
5.000001e-01
4.999999e-01
4.999997e-01
4.999996e-01
4.999994e-01
4.999992e-01
4.999990e-01
4.999989e-01
4.999987e-01
4.999985e-01
4.999984e-01
4.999982e-01
4.999981e-01
4.999980e-01
4.999978e-01
4.999977e-01
4.999976e-01
4.999975e-01
4.999974e-01
4.999974e-01
4.999973e-01
4.999972e-01
4.999972e-01
4.999972e-01
4.999971e-01
