3.230749e-01
3.230749e-01
3.237730e-01
3.251666e-01
3.272501e-01
3.300153e-01
3.334512e-01
3.375445e-01
3.422788e-01
3.476356e-01
3.535937e-01
3.601296e-01
3.672176e-01
3.748296e-01
3.829357e-01
3.915038e-01
4.005002e-01
4.098894e-01
4.196343e-01
4.296964e-01
4.400361e-01
4.506124e-01
4.613838e-01
4.723076e-01
4.833407e-01
4.944396e-01
5.055604e-01
5.166593e-01
5.276924e-01
5.386162e-01
5.493876e-01
5.599639e-01
5.703036e-01
5.803657e-01
5.901106e-01
5.994998e-01
6.084962e-01
6.170643e-01
6.251704e-01
6.327824e-01
6.398704e-01
6.464063e-01
6.523644e-01
6.577212e-01
6.624555e-01
6.665488e-01
6.699847e-01
6.727499e-01
6.748334e-01
6.762270e-01
6.769251e-01
6.769251e-01
6.762270e-01
6.748334e-01
6.727499e-01
6.699847e-01
6.665488e-01
6.624555e-01
6.577212e-01
6.523644e-01
6.464063e-01
6.398704e-01
6.327824e-01
6.251704e-01
6.170643e-01
6.084962e-01
5.994998e-01
5.901106e-01
5.803657e-01
5.703036e-01
5.599639e-01
5.493876e-01
5.386162e-01
5.276924e-01
5.166593e-01
5.055604e-01
4.944396e-01
4.833407e-01
4.723076e-01
4.613838e-01
4.506124e-01
4.400361e-01
4.296964e-01
4.196343e-01
4.098894e-01
4.005002e-01
3.915038e-01
3.829357e-01
3.748296e-01
3.672176e-01
3.601296e-01
3.535937e-01
3.476356e-01
3.422788e-01
3.375445e-01
3.334512e-01
3.300153e-01
3.272501e-01
3.251666e-01
3.237730e-01
