4.999989e-01
4.999989e-01
4.999989e-01
4.999989e-01
4.999990e-01
4.999990e-01
4.999990e-01
4.999990e-01
4.999990e-01
4.999991e-01
4.999991e-01
4.999992e-01
4.999992e-01
4.999992e-01
4.999993e-01
4.999993e-01
4.999994e-01
4.999995e-01
4.999995e-01
4.999996e-01
4.999996e-01
4.999997e-01
4.999998e-01
4.999998e-01
4.999999e-01
5.000000e-01
5.000000e-01
5.000001e-01
5.000002e-01
5.000002e-01
5.000003e-01
5.000004e-01
5.000004e-01
5.000005e-01
5.000005e-01
5.000006e-01
5.000007e-01
5.000007e-01
5.000008e-01
5.000008e-01
5.000008e-01
5.000009e-01
5.000009e-01
5.000010e-01
5.000010e-01
5.000010e-01
5.000010e-01
5.000010e-01
5.000011e-01
5.000011e-01
5.000011e-01
5.000011e-01
5.000011e-01
5.000011e-01
5.000010e-01
5.000010e-01
5.000010e-01
5.000010e-01
5.000010e-01
5.000009e-01
5.000009e-01
5.000008e-01
5.000008e-01
5.000008e-01
5.000007e-01
5.000007e-01
5.000006e-01
5.000005e-01
5.000005e-01
5.000004e-01
5.000004e-01
5.000003e-01
5.000002e-01
5.000002e-01
5.000001e-01
5.000000e-01
5.000000e-01
4.999999e-01
4.999998e-01
4.999998e-01
4.999997e-01
4.999996e-01
4.999996e-01
4.999995e-01
4.999995e-01
4.999994e-01
4.999993e-01
4.999993e-01
4.999992e-01
4.999992e-01
4.999992e-01
4.999991e-01
4.999991e-01
4.999990e-01
4.999990e-01
4.999990e-01
4.999990e-01
4.999990e-01
4.999989e-01
4.999989e-01
