3.396650e-01
3.396650e-01
3.402978e-01
3.415607e-01
3.434490e-01
3.459550e-01
3.490690e-01
3.527786e-01
3.570692e-01
3.619239e-01
3.673235e-01
3.732467e-01
3.796702e-01
3.865686e-01
3.939146e-01
4.016794e-01
4.098322e-01
4.183409e-01
4.271719e-01
4.362904e-01
4.456604e-01
4.552448e-01
4.650058e-01
4.749050e-01
4.849033e-01
4.949611e-01
5.050389e-01
5.150967e-01
5.250950e-01
5.349942e-01
5.447552e-01
5.543396e-01
5.637096e-01
5.728281e-01
5.816591e-01
5.901678e-01
5.983206e-01
6.060854e-01
6.134314e-01
6.203298e-01
6.267533e-01
6.326765e-01
6.380761e-01
6.429308e-01
6.472214e-01
6.509310e-01
6.540450e-01
6.565510e-01
6.584393e-01
6.597022e-01
6.603350e-01
6.603350e-01
6.597022e-01
6.584393e-01
6.565510e-01
6.540450e-01
6.509310e-01
6.472214e-01
6.429308e-01
6.380761e-01
6.326765e-01
6.267533e-01
6.203298e-01
6.134314e-01
6.060854e-01
5.983206e-01
5.901678e-01
5.816591e-01
5.728281e-01
5.637096e-01
5.543396e-01
5.447552e-01
5.349942e-01
5.250950e-01
5.150967e-01
5.050389e-01
4.949611e-01
4.849033e-01
4.749050e-01
4.650058e-01
4.552448e-01
4.456604e-01
4.362904e-01
4.271719e-01
4.183409e-01
4.098322e-01
4.016794e-01
3.939146e-01
3.865686e-01
3.796702e-01
3.732467e-01
3.673235e-01
3.619239e-01
3.570692e-01
3.527786e-01
3.490690e-01
3.459550e-01
3.434490e-01
3.415607e-01
3.402978e-01
