4.999996e-01
4.999996e-01
4.999996e-01
4.999996e-01
4.999996e-01
4.999996e-01
4.999996e-01
4.999996e-01
4.999996e-01
4.999996e-01
4.999996e-01
4.999997e-01
4.999997e-01
4.999997e-01
4.999997e-01
4.999997e-01
4.999998e-01
4.999998e-01
4.999998e-01
4.999998e-01
4.999999e-01
4.999999e-01
4.999999e-01
4.999999e-01
5.000000e-01
5.000000e-01
5.000000e-01
5.000000e-01
5.000001e-01
5.000001e-01
5.000001e-01
5.000002e-01
5.000002e-01
5.000002e-01
5.000002e-01
5.000002e-01
5.000003e-01
5.000003e-01
5.000003e-01
5.000003e-01
5.000003e-01
5.000004e-01
5.000004e-01
5.000004e-01
5.000004e-01
5.000004e-01
5.000004e-01
5.000004e-01
5.000004e-01
5.000004e-01
5.000004e-01
5.000004e-01
5.000004e-01
5.000004e-01
5.000004e-01
5.000004e-01
5.000004e-01
5.000004e-01
5.000004e-01
5.000004e-01
5.000004e-01
5.000003e-01
5.000003e-01
5.000003e-01
5.000003e-01
5.000003e-01
5.000002e-01
5.000002e-01
5.000002e-01
5.000002e-01
5.000001e-01
5.000001e-01
5.000001e-01
5.000001e-01
5.000000e-01
5.000000e-01
5.000000e-01
5.000000e-01
4.999999e-01
4.999999e-01
4.999999e-01
4.999999e-01
4.999998e-01
4.999998e-01
4.999998e-01
4.999998e-01
4.999997e-01
4.999997e-01
4.999997e-01
4.999997e-01
4.999997e-01
4.999996e-01
4.999996e-01
4.999996e-01
4.999996e-01
4.999996e-01
4.999996e-01
4.999996e-01
4.999996e-01
4.999996e-01
