3.547002e-01
3.547002e-01
3.552736e-01
3.564182e-01
3.581294e-01
3.604005e-01
3.632225e-01
3.665843e-01
3.704727e-01
3.748722e-01
3.797655e-01
3.851334e-01
3.909546e-01
3.972061e-01
4.038634e-01
4.109000e-01
4.182884e-01
4.259992e-01
4.340020e-01
4.422654e-01
4.507566e-01
4.594422e-01
4.682878e-01
4.772586e-01
4.863192e-01
4.954337e-01
5.045663e-01
5.136808e-01
5.227414e-01
5.317122e-01
5.405578e-01
5.492434e-01
5.577346e-01
5.659980e-01
5.740008e-01
5.817116e-01
5.891000e-01
5.961366e-01
6.027939e-01
6.090454e-01
6.148666e-01
6.202345e-01
6.251278e-01
6.295273e-01
6.334157e-01
6.367775e-01
6.395995e-01
6.418706e-01
6.435818e-01
6.447264e-01
6.452998e-01
6.452998e-01
6.447264e-01
6.435818e-01
6.418706e-01
6.395995e-01
6.367775e-01
6.334157e-01
6.295273e-01
6.251278e-01
6.202345e-01
6.148666e-01
6.090454e-01
6.027939e-01
5.961366e-01
5.891000e-01
5.817116e-01
5.740008e-01
5.659980e-01
5.577346e-01
5.492434e-01
5.405578e-01
5.317122e-01
5.227414e-01
5.136808e-01
5.045663e-01
4.954337e-01
4.863192e-01
4.772586e-01
4.682878e-01
4.594422e-01
4.507566e-01
4.422654e-01
4.340020e-01
4.259992e-01
4.182884e-01
4.109000e-01
4.038634e-01
3.972061e-01
3.909546e-01
3.851334e-01
3.797655e-01
3.748722e-01
3.704727e-01
3.665843e-01
3.632225e-01
3.604005e-01
3.581294e-01
3.564182e-01
3.552736e-01
