4.999999e-01
4.999999e-01
4.999999e-01
4.999999e-01
4.999999e-01
4.999999e-01
4.999999e-01
4.999999e-01
4.999999e-01
4.999999e-01
4.999999e-01
4.999999e-01
4.999999e-01
4.999999e-01
4.999999e-01
4.999999e-01
4.999999e-01
4.999999e-01
4.999999e-01
4.999999e-01
5.000000e-01
5.000000e-01
5.000000e-01
5.000000e-01
5.000000e-01
5.000000e-01
5.000000e-01
5.000000e-01
5.000000e-01
5.000000e-01
5.000000e-01
5.000000e-01
5.000001e-01
5.000001e-01
5.000001e-01
5.000001e-01
5.000001e-01
5.000001e-01
5.000001e-01
5.000001e-01
5.000001e-01
5.000001e-01
5.000001e-01
5.000001e-01
5.000001e-01
5.000001e-01
5.000001e-01
5.000001e-01
5.000001e-01
5.000001e-01
5.000001e-01
5.000001e-01
5.000001e-01
5.000001e-01
5.000001e-01
5.000001e-01
5.000001e-01
5.000001e-01
5.000001e-01
5.000001e-01
5.000001e-01
5.000001e-01
5.000001e-01
5.000001e-01
5.000001e-01
5.000001e-01
5.000001e-01
5.000001e-01
5.000001e-01
5.000001e-01
5.000000e-01
5.000000e-01
5.000000e-01
5.000000e-01
5.000000e-01
5.000000e-01
5.000000e-01
5.000000e-01
5.000000e-01
5.000000e-01
5.000000e-01
5.000000e-01
4.999999e-01
4.999999e-01
4.999999e-01
4.999999e-01
4.999999e-01
4.999999e-01
4.999999e-01
4.999999e-01
4.999999e-01
4.999999e-01
4.999999e-01
4.999999e-01
4.999999e-01
4.999999e-01
4.999999e-01
4.999999e-01
4.999999e-01
4.999999e-01
