3.806735e-01
3.806735e-01
3.811445e-01
3.820845e-01
3.834898e-01
3.853550e-01
3.876726e-01
3.904335e-01
3.936268e-01
3.972399e-01
4.012586e-01
4.056670e-01
4.104476e-01
4.155817e-01
4.210489e-01
4.268277e-01
4.328953e-01
4.392278e-01
4.458001e-01
4.525862e-01
4.595596e-01
4.666925e-01
4.739568e-01
4.813240e-01
4.887648e-01
4.962500e-01
5.037500e-01
5.112352e-01
5.186760e-01
5.260432e-01
5.333075e-01
5.404404e-01
5.474138e-01
5.541999e-01
5.607722e-01
5.671047e-01
5.731723e-01
5.789511e-01
5.844183e-01
5.895524e-01
5.943330e-01
5.987414e-01
6.027601e-01
6.063732e-01
6.095665e-01
6.123274e-01
6.146450e-01
6.165102e-01
6.179155e-01
6.188555e-01
6.193265e-01
6.193265e-01
6.188555e-01
6.179155e-01
6.165102e-01
6.146450e-01
6.123274e-01
6.095665e-01
6.063732e-01
6.027601e-01
5.987414e-01
5.943330e-01
5.895524e-01
5.844183e-01
5.789511e-01
5.731723e-01
5.671047e-01
5.607722e-01
5.541999e-01
5.474138e-01
5.404404e-01
5.333075e-01
5.260432e-01
5.186760e-01
5.112352e-01
5.037500e-01
4.962500e-01
4.887648e-01
4.813240e-01
4.739568e-01
4.666925e-01
4.595596e-01
4.525862e-01
4.458001e-01
4.392278e-01
4.328953e-01
4.268277e-01
4.210489e-01
4.155817e-01
4.104476e-01
4.056670e-01
4.012586e-01
3.972399e-01
3.936268e-01
3.904335e-01
3.876726e-01
3.853550e-01
3.834898e-01
3.820845e-01
3.811445e-01
