3.918635e-01
3.918635e-01
3.922903e-01
3.931421e-01
3.944157e-01
3.961060e-01
3.982062e-01
4.007082e-01
4.036021e-01
4.068764e-01
4.105182e-01
4.145132e-01
4.188456e-01
4.234982e-01
4.284527e-01
4.336896e-01
4.391882e-01
4.449268e-01
4.508828e-01
4.570326e-01
4.633520e-01
4.698160e-01
4.763991e-01
4.830754e-01
4.898184e-01
4.966017e-01
5.033983e-01
5.101816e-01
5.169246e-01
5.236009e-01
5.301840e-01
5.366480e-01
5.429674e-01
5.491172e-01
5.550732e-01
5.608118e-01
5.663104e-01
5.715473e-01
5.765018e-01
5.811544e-01
5.854868e-01
5.894818e-01
5.931236e-01
5.963979e-01
5.992918e-01
6.017938e-01
6.038940e-01
6.055843e-01
6.068579e-01
6.077097e-01
6.081365e-01
6.081365e-01
6.077097e-01
6.068579e-01
6.055843e-01
6.038940e-01
6.017938e-01
5.992918e-01
5.963979e-01
5.931236e-01
5.894818e-01
5.854868e-01
5.811544e-01
5.765018e-01
5.715473e-01
5.663104e-01
5.608118e-01
5.550732e-01
5.491172e-01
5.429674e-01
5.366480e-01
5.301840e-01
5.236009e-01
5.169246e-01
5.101816e-01
5.033983e-01
4.966017e-01
4.898184e-01
4.830754e-01
4.763991e-01
4.698160e-01
4.633520e-01
4.570326e-01
4.508828e-01
4.449268e-01
4.391882e-01
4.336896e-01
4.284527e-01
4.234982e-01
4.188456e-01
4.145132e-01
4.105182e-01
4.068764e-01
4.036021e-01
4.007082e-01
3.982062e-01
3.961060e-01
3.944157e-01
3.931421e-01
3.922903e-01
