4.020042e-01
4.020042e-01
4.023909e-01
4.031629e-01
4.043170e-01
4.058488e-01
4.077521e-01
4.100195e-01
4.126420e-01
4.156092e-01
4.189095e-01
4.225299e-01
4.264559e-01
4.306723e-01
4.351622e-01
4.399080e-01
4.448910e-01
4.500914e-01
4.554888e-01
4.610619e-01
4.667887e-01
4.726465e-01
4.786123e-01
4.846625e-01
4.907732e-01
4.969204e-01
5.030796e-01
5.092268e-01
5.153375e-01
5.213877e-01
5.273535e-01
5.332113e-01
5.389381e-01
5.445112e-01
5.499086e-01
5.551090e-01
5.600920e-01
5.648378e-01
5.693277e-01
5.735441e-01
5.774701e-01
5.810905e-01
5.843908e-01
5.873580e-01
5.899805e-01
5.922479e-01
5.941512e-01
5.956830e-01
5.968371e-01
5.976091e-01
5.979958e-01
5.979958e-01
5.976091e-01
5.968371e-01
5.956830e-01
5.941512e-01
5.922479e-01
5.899805e-01
5.873580e-01
5.843908e-01
5.810905e-01
5.774701e-01
5.735441e-01
5.693277e-01
5.648378e-01
5.600920e-01
5.551090e-01
5.499086e-01
5.445112e-01
5.389381e-01
5.332113e-01
5.273535e-01
5.213877e-01
5.153375e-01
5.092268e-01
5.030796e-01
4.969204e-01
4.907732e-01
4.846625e-01
4.786123e-01
4.726465e-01
4.667887e-01
4.610619e-01
4.554888e-01
4.500914e-01
4.448910e-01
4.399080e-01
4.351622e-01
4.306723e-01
4.264559e-01
4.225299e-01
4.189095e-01
4.156092e-01
4.126420e-01
4.100195e-01
4.077521e-01
4.058488e-01
4.043170e-01
4.031629e-01
4.023909e-01
