4.111939e-01
4.111939e-01
4.115444e-01
4.122439e-01
4.132898e-01
4.146779e-01
4.164028e-01
4.184575e-01
4.208341e-01
4.235231e-01
4.265139e-01
4.297948e-01
4.333527e-01
4.371736e-01
4.412425e-01
4.455432e-01
4.500589e-01
4.547717e-01
4.596630e-01
4.647134e-01
4.699031e-01
4.752116e-01
4.806180e-01
4.861008e-01
4.916385e-01
4.972092e-01
5.027908e-01
5.083615e-01
5.138992e-01
5.193820e-01
5.247884e-01
5.300969e-01
5.352866e-01
5.403370e-01
5.452283e-01
5.499411e-01
5.544568e-01
5.587575e-01
5.628264e-01
5.666473e-01
5.702052e-01
5.734861e-01
5.764769e-01
5.791659e-01
5.815425e-01
5.835972e-01
5.853221e-01
5.867102e-01
5.877561e-01
5.884556e-01
5.888061e-01
5.888061e-01
5.884556e-01
5.877561e-01
5.867102e-01
5.853221e-01
5.835972e-01
5.815425e-01
5.791659e-01
5.764769e-01
5.734861e-01
5.702052e-01
5.666473e-01
5.628264e-01
5.587575e-01
5.544568e-01
5.499411e-01
5.452283e-01
5.403370e-01
5.352866e-01
5.300969e-01
5.247884e-01
5.193820e-01
5.138992e-01
5.083615e-01
5.027908e-01
4.972092e-01
4.916385e-01
4.861008e-01
4.806180e-01
4.752116e-01
4.699031e-01
4.647134e-01
4.596630e-01
4.547717e-01
4.500589e-01
4.455432e-01
4.412425e-01
4.371736e-01
4.333527e-01
4.297948e-01
4.265139e-01
4.235231e-01
4.208341e-01
4.184575e-01
4.164028e-01
4.146779e-01
4.132898e-01
4.122439e-01
4.115444e-01
