1.329735e-02
1.329735e-02
1.415839e-02
1.590809e-02
1.860105e-02
2.231768e-02
2.716217e-02
3.325984e-02
4.075355e-02
4.979925e-02
6.056052e-02
7.320224e-02
8.788344e-02
1.047494e-01
1.239234e-01
1.454984e-01
1.695290e-01
1.960242e-01
2.249415e-01
2.561825e-01
2.895911e-01
3.249532e-01
3.620002e-01
4.004143e-01
4.398363e-01
4.798761e-01
5.201239e-01
5.601637e-01
5.995857e-01
6.379998e-01
6.750468e-01
7.104089e-01
7.438175e-01
7.750585e-01
8.039758e-01
8.304710e-01
8.545016e-01
8.760766e-01
8.952506e-01
9.121166e-01
9.267978e-01
9.394395e-01
9.502007e-01
9.592464e-01
9.667402e-01
9.728378e-01
9.776823e-01
9.813989e-01
9.840919e-01
9.858416e-01
9.867026e-01
9.867026e-01
9.858416e-01
9.840919e-01
9.813989e-01
9.776823e-01
9.728378e-01
9.667402e-01
9.592464e-01
9.502007e-01
9.394395e-01
9.267978e-01
9.121166e-01
8.952506e-01
8.760766e-01
8.545016e-01
8.304710e-01
8.039758e-01
7.750585e-01
7.438175e-01
7.104089e-01
6.750468e-01
6.379998e-01
5.995857e-01
5.601637e-01
5.201239e-01
4.798761e-01
4.398363e-01
4.004143e-01
3.620002e-01
3.249532e-01
2.895911e-01
2.561825e-01
2.249415e-01
1.960242e-01
1.695290e-01
1.454984e-01
1.239234e-01
1.047494e-01
8.788344e-02
7.320224e-02
6.056052e-02
4.979925e-02
4.075355e-02
3.325984e-02
2.716217e-02
2.231768e-02
1.860105e-02
1.590809e-02
1.415839e-02
