4.195218e-01
4.195218e-01
4.198394e-01
4.204734e-01
4.214212e-01
4.226792e-01
4.242422e-01
4.261043e-01
4.282580e-01
4.306948e-01
4.334052e-01
4.363784e-01
4.396026e-01
4.430652e-01
4.467525e-01
4.506500e-01
4.547422e-01
4.590130e-01
4.634456e-01
4.680225e-01
4.727255e-01
4.775362e-01
4.824356e-01
4.874042e-01
4.924226e-01
4.974709e-01
5.025291e-01
5.075774e-01
5.125958e-01
5.175644e-01
5.224638e-01
5.272745e-01
5.319775e-01
5.365544e-01
5.409870e-01
5.452578e-01
5.493500e-01
5.532475e-01
5.569348e-01
5.603974e-01
5.636216e-01
5.665948e-01
5.693052e-01
5.717420e-01
5.738957e-01
5.757578e-01
5.773208e-01
5.785788e-01
5.795266e-01
5.801606e-01
5.804782e-01
5.804782e-01
5.801606e-01
5.795266e-01
5.785788e-01
5.773208e-01
5.757578e-01
5.738957e-01
5.717420e-01
5.693052e-01
5.665948e-01
5.636216e-01
5.603974e-01
5.569348e-01
5.532475e-01
5.493500e-01
5.452578e-01
5.409870e-01
5.365544e-01
5.319775e-01
5.272745e-01
5.224638e-01
5.175644e-01
5.125958e-01
5.075774e-01
5.025291e-01
4.974709e-01
4.924226e-01
4.874042e-01
4.824356e-01
4.775362e-01
4.727255e-01
4.680225e-01
4.634456e-01
4.590130e-01
4.547422e-01
4.506500e-01
4.467525e-01
4.430652e-01
4.396026e-01
4.363784e-01
4.334052e-01
4.306948e-01
4.282580e-01
4.261043e-01
4.242422e-01
4.226792e-01
4.214212e-01
4.204734e-01
4.198394e-01
