4.270688e-01
4.270688e-01
4.273566e-01
4.279311e-01
4.287901e-01
4.299300e-01
4.313465e-01
4.330340e-01
4.349857e-01
4.371940e-01
4.396502e-01
4.423446e-01
4.452665e-01
4.484044e-01
4.517459e-01
4.552779e-01
4.589863e-01
4.628567e-01
4.668736e-01
4.710212e-01
4.752832e-01
4.796428e-01
4.840827e-01
4.885854e-01
4.931332e-01
4.977080e-01
5.022920e-01
5.068668e-01
5.114146e-01
5.159173e-01
5.203572e-01
5.247168e-01
5.289788e-01
5.331264e-01
5.371433e-01
5.410137e-01
5.447221e-01
5.482541e-01
5.515956e-01
5.547335e-01
5.576554e-01
5.603498e-01
5.628060e-01
5.650143e-01
5.669660e-01
5.686535e-01
5.700700e-01
5.712099e-01
5.720689e-01
5.726434e-01
5.729312e-01
5.729312e-01
5.726434e-01
5.720689e-01
5.712099e-01
5.700700e-01
5.686535e-01
5.669660e-01
5.650143e-01
5.628060e-01
5.603498e-01
5.576554e-01
5.547335e-01
5.515956e-01
5.482541e-01
5.447221e-01
5.410137e-01
5.371433e-01
5.331264e-01
5.289788e-01
5.247168e-01
5.203572e-01
5.159173e-01
5.114146e-01
5.068668e-01
5.022920e-01
4.977080e-01
4.931332e-01
4.885854e-01
4.840827e-01
4.796428e-01
4.752832e-01
4.710212e-01
4.668736e-01
4.628567e-01
4.589863e-01
4.552779e-01
4.517459e-01
4.484044e-01
4.452665e-01
4.423446e-01
4.396502e-01
4.371940e-01
4.349857e-01
4.330340e-01
4.313465e-01
4.299300e-01
4.287901e-01
4.279311e-01
4.273566e-01
