4.339080e-01
4.339080e-01
4.341689e-01
4.346895e-01
4.354679e-01
4.365010e-01
4.377846e-01
4.393138e-01
4.410825e-01
4.430838e-01
4.453096e-01
4.477513e-01
4.503992e-01
4.532428e-01
4.562710e-01
4.594718e-01
4.628325e-01
4.663398e-01
4.699801e-01
4.737388e-01
4.776011e-01
4.815518e-01
4.855754e-01
4.896558e-01
4.937771e-01
4.979230e-01
5.020770e-01
5.062229e-01
5.103442e-01
5.144246e-01
5.184482e-01
5.223989e-01
5.262612e-01
5.300199e-01
5.336602e-01
5.371675e-01
5.405282e-01
5.437290e-01
5.467572e-01
5.496008e-01
5.522487e-01
5.546904e-01
5.569162e-01
5.589175e-01
5.606862e-01
5.622154e-01
5.634990e-01
5.645321e-01
5.653105e-01
5.658311e-01
5.660920e-01
5.660920e-01
5.658311e-01
5.653105e-01
5.645321e-01
5.634990e-01
5.622154e-01
5.606862e-01
5.589175e-01
5.569162e-01
5.546904e-01
5.522487e-01
5.496008e-01
5.467572e-01
5.437290e-01
5.405282e-01
5.371675e-01
5.336602e-01
5.300199e-01
5.262612e-01
5.223989e-01
5.184482e-01
5.144246e-01
5.103442e-01
5.062229e-01
5.020770e-01
4.979230e-01
4.937771e-01
4.896558e-01
4.855754e-01
4.815518e-01
4.776011e-01
4.737388e-01
4.699801e-01
4.663398e-01
4.628325e-01
4.594718e-01
4.562710e-01
4.532428e-01
4.503992e-01
4.477513e-01
4.453096e-01
4.430838e-01
4.410825e-01
4.393138e-01
4.377846e-01
4.365010e-01
4.354679e-01
4.346895e-01
4.341689e-01
