4.401059e-01
4.401059e-01
4.403423e-01
4.408141e-01
4.415195e-01
4.424557e-01
4.436190e-01
4.450048e-01
4.466076e-01
4.484212e-01
4.504383e-01
4.526510e-01
4.550506e-01
4.576276e-01
4.603718e-01
4.632724e-01
4.663179e-01
4.694964e-01
4.727952e-01
4.762014e-01
4.797016e-01
4.832818e-01
4.869281e-01
4.906259e-01
4.943607e-01
4.981178e-01
5.018822e-01
5.056393e-01
5.093741e-01
5.130719e-01
5.167182e-01
5.202984e-01
5.237986e-01
5.272048e-01
5.305036e-01
5.336821e-01
5.367276e-01
5.396282e-01
5.423724e-01
5.449494e-01
5.473490e-01
5.495617e-01
5.515788e-01
5.533924e-01
5.549952e-01
5.563810e-01
5.575443e-01
5.584805e-01
5.591859e-01
5.596577e-01
5.598941e-01
5.598941e-01
5.596577e-01
5.591859e-01
5.584805e-01
5.575443e-01
5.563810e-01
5.549952e-01
5.533924e-01
5.515788e-01
5.495617e-01
5.473490e-01
5.449494e-01
5.423724e-01
5.396282e-01
5.367276e-01
5.336821e-01
5.305036e-01
5.272048e-01
5.237986e-01
5.202984e-01
5.167182e-01
5.130719e-01
5.093741e-01
5.056393e-01
5.018822e-01
4.981178e-01
4.943607e-01
4.906259e-01
4.869281e-01
4.832818e-01
4.797016e-01
4.762014e-01
4.727952e-01
4.694964e-01
4.663179e-01
4.632724e-01
4.603718e-01
4.576276e-01
4.550506e-01
4.526510e-01
4.504383e-01
4.484212e-01
4.466076e-01
4.450048e-01
4.436190e-01
4.424557e-01
4.415195e-01
4.408141e-01
4.403423e-01
