4.457226e-01
4.457226e-01
4.459368e-01
4.463643e-01
4.470036e-01
4.478520e-01
4.489062e-01
4.501620e-01
4.516146e-01
4.532581e-01
4.550860e-01
4.570912e-01
4.592658e-01
4.616011e-01
4.640880e-01
4.667166e-01
4.694765e-01
4.723569e-01
4.753464e-01
4.784332e-01
4.816051e-01
4.848496e-01
4.881539e-01
4.915049e-01
4.948895e-01
4.982943e-01
5.017057e-01
5.051105e-01
5.084951e-01
5.118461e-01
5.151504e-01
5.183949e-01
5.215668e-01
5.246536e-01
5.276431e-01
5.305235e-01
5.332834e-01
5.359120e-01
5.383989e-01
5.407342e-01
5.429088e-01
5.449140e-01
5.467419e-01
5.483854e-01
5.498380e-01
5.510938e-01
5.521480e-01
5.529964e-01
5.536357e-01
5.540632e-01
5.542774e-01
5.542774e-01
5.540632e-01
5.536357e-01
5.529964e-01
5.521480e-01
5.510938e-01
5.498380e-01
5.483854e-01
5.467419e-01
5.449140e-01
5.429088e-01
5.407342e-01
5.383989e-01
5.359120e-01
5.332834e-01
5.305235e-01
5.276431e-01
5.246536e-01
5.215668e-01
5.183949e-01
5.151504e-01
5.118461e-01
5.084951e-01
5.051105e-01
5.017057e-01
4.982943e-01
4.948895e-01
4.915049e-01
4.881539e-01
4.848496e-01
4.816051e-01
4.784332e-01
4.753464e-01
4.723569e-01
4.694765e-01
4.667166e-01
4.640880e-01
4.616011e-01
4.592658e-01
4.570912e-01
4.550860e-01
4.532581e-01
4.516146e-01
4.501620e-01
4.489062e-01
4.478520e-01
4.470036e-01
4.463643e-01
4.459368e-01
