4.508125e-01
4.508125e-01
4.510066e-01
4.513941e-01
4.519734e-01
4.527423e-01
4.536976e-01
4.548357e-01
4.561520e-01
4.576414e-01
4.592979e-01
4.611151e-01
4.630857e-01
4.652020e-01
4.674557e-01
4.698378e-01
4.723389e-01
4.749492e-01
4.776583e-01
4.804557e-01
4.833301e-01
4.862704e-01
4.892648e-01
4.923016e-01
4.953688e-01
4.984542e-01
5.015458e-01
5.046312e-01
5.076984e-01
5.107352e-01
5.137296e-01
5.166699e-01
5.195443e-01
5.223417e-01
5.250508e-01
5.276611e-01
5.301622e-01
5.325443e-01
5.347980e-01
5.369143e-01
5.388849e-01
5.407021e-01
5.423586e-01
5.438480e-01
5.451643e-01
5.463024e-01
5.472577e-01
5.480266e-01
5.486059e-01
5.489934e-01
5.491875e-01
5.491875e-01
5.489934e-01
5.486059e-01
5.480266e-01
5.472577e-01
5.463024e-01
5.451643e-01
5.438480e-01
5.423586e-01
5.407021e-01
5.388849e-01
5.369143e-01
5.347980e-01
5.325443e-01
5.301622e-01
5.276611e-01
5.250508e-01
5.223417e-01
5.195443e-01
5.166699e-01
5.137296e-01
5.107352e-01
5.076984e-01
5.046312e-01
5.015458e-01
4.984542e-01
4.953688e-01
4.923016e-01
4.892648e-01
4.862704e-01
4.833301e-01
4.804557e-01
4.776583e-01
4.749492e-01
4.723389e-01
4.698378e-01
4.674557e-01
4.652020e-01
4.630857e-01
4.611151e-01
4.592979e-01
4.576414e-01
4.561520e-01
4.548357e-01
4.536976e-01
4.527423e-01
4.519734e-01
4.513941e-01
4.510066e-01
