4.554252e-01
4.554252e-01
4.556011e-01
4.559522e-01
4.564772e-01
4.571739e-01
4.580397e-01
4.590710e-01
4.602639e-01
4.616136e-01
4.631148e-01
4.647616e-01
4.665474e-01
4.684653e-01
4.705076e-01
4.726663e-01
4.749329e-01
4.772984e-01
4.797535e-01
4.822885e-01
4.848934e-01
4.875579e-01
4.902715e-01
4.930235e-01
4.958031e-01
4.985992e-01
5.014008e-01
5.041969e-01
5.069765e-01
5.097285e-01
5.124421e-01
5.151066e-01
5.177115e-01
5.202465e-01
5.227016e-01
5.250671e-01
5.273337e-01
5.294924e-01
5.315347e-01
5.334526e-01
5.352384e-01
5.368852e-01
5.383864e-01
5.397361e-01
5.409290e-01
5.419603e-01
5.428261e-01
5.435228e-01
5.440478e-01
5.443989e-01
5.445748e-01
5.445748e-01
5.443989e-01
5.440478e-01
5.435228e-01
5.428261e-01
5.419603e-01
5.409290e-01
5.397361e-01
5.383864e-01
5.368852e-01
5.352384e-01
5.334526e-01
5.315347e-01
5.294924e-01
5.273337e-01
5.250671e-01
5.227016e-01
5.202465e-01
5.177115e-01
5.151066e-01
5.124421e-01
5.097285e-01
5.069765e-01
5.041969e-01
5.014008e-01
4.985992e-01
4.958031e-01
4.930235e-01
4.902715e-01
4.875579e-01
4.848934e-01
4.822885e-01
4.797535e-01
4.772984e-01
4.749329e-01
4.726663e-01
4.705076e-01
4.684653e-01
4.665474e-01
4.647616e-01
4.631148e-01
4.616136e-01
4.602639e-01
4.590710e-01
4.580397e-01
4.571739e-01
4.564772e-01
4.559522e-01
4.556011e-01
