4.668262e-01
4.668262e-01
4.669571e-01
4.672184e-01
4.676091e-01
4.681276e-01
4.687720e-01
4.695395e-01
4.704273e-01
4.714318e-01
4.725490e-01
4.737746e-01
4.751037e-01
4.765310e-01
4.780509e-01
4.796575e-01
4.813443e-01
4.831048e-01
4.849320e-01
4.868186e-01
4.887572e-01
4.907402e-01
4.927598e-01
4.948079e-01
4.968765e-01
4.989575e-01
5.010425e-01
5.031235e-01
5.051921e-01
5.072402e-01
5.092598e-01
5.112428e-01
5.131814e-01
5.150680e-01
5.168952e-01
5.186557e-01
5.203425e-01
5.219491e-01
5.234690e-01
5.248963e-01
5.262254e-01
5.274510e-01
5.285682e-01
5.295727e-01
5.304605e-01
5.312280e-01
5.318724e-01
5.323909e-01
5.327816e-01
5.330429e-01
5.331738e-01
5.331738e-01
5.330429e-01
5.327816e-01
5.323909e-01
5.318724e-01
5.312280e-01
5.304605e-01
5.295727e-01
5.285682e-01
5.274510e-01
5.262254e-01
5.248963e-01
5.234690e-01
5.219491e-01
5.203425e-01
5.186557e-01
5.168952e-01
5.150680e-01
5.131814e-01
5.112428e-01
5.092598e-01
5.072402e-01
5.051921e-01
5.031235e-01
5.010425e-01
4.989575e-01
4.968765e-01
4.948079e-01
4.927598e-01
4.907402e-01
4.887572e-01
4.868186e-01
4.849320e-01
4.831048e-01
4.813443e-01
4.796575e-01
4.780509e-01
4.765310e-01
4.751037e-01
4.737746e-01
4.725490e-01
4.714318e-01
4.704273e-01
4.695395e-01
4.687720e-01
4.681276e-01
4.676091e-01
4.672184e-01
4.669571e-01
