4.179506e-02
4.179506e-02
4.312482e-02
4.579538e-02
4.982827e-02
5.525437e-02
6.211239e-02
7.044668e-02
8.030482e-02
9.173475e-02
1.047817e-01
1.194848e-01
1.358740e-01
1.539668e-01
1.737651e-01
1.952523e-01
2.183916e-01
2.431236e-01
2.693655e-01
2.970108e-01
3.259293e-01
3.559686e-01
3.869559e-01
4.187003e-01
4.509963e-01
4.836279e-01
5.163721e-01
5.490037e-01
5.812997e-01
6.130441e-01
6.440314e-01
6.740707e-01
7.029892e-01
7.306345e-01
7.568764e-01
7.816084e-01
8.047477e-01
8.262349e-01
8.460332e-01
8.641260e-01
8.805152e-01
8.952183e-01
9.082653e-01
9.196952e-01
9.295533e-01
9.378876e-01
9.447456e-01
9.501717e-01
9.542046e-01
9.568752e-01
9.582049e-01
9.582049e-01
9.568752e-01
9.542046e-01
9.501717e-01
9.447456e-01
9.378876e-01
9.295533e-01
9.196952e-01
9.082653e-01
8.952183e-01
8.805152e-01
8.641260e-01
8.460332e-01
8.262349e-01
8.047477e-01
7.816084e-01
7.568764e-01
7.306345e-01
7.029892e-01
6.740707e-01
6.440314e-01
6.130441e-01
5.812997e-01
5.490037e-01
5.163721e-01
4.836279e-01
4.509963e-01
4.187003e-01
3.869559e-01
3.559686e-01
3.259293e-01
2.970108e-01
2.693655e-01
2.431236e-01
2.183916e-01
1.952523e-01
1.737651e-01
1.539668e-01
1.358740e-01
1.194848e-01
1.047817e-01
9.173475e-02
8.030482e-02
7.044668e-02
6.211239e-02
5.525437e-02
4.982827e-02
4.579538e-02
4.312482e-02
