4.699371e-01
4.699371e-01
4.700557e-01
4.702926e-01
4.706466e-01
4.711165e-01
4.717004e-01
4.723960e-01
4.732005e-01
4.741108e-01
4.751233e-01
4.762339e-01
4.774383e-01
4.787318e-01
4.801092e-01
4.815651e-01
4.830938e-01
4.846892e-01
4.863450e-01
4.880547e-01
4.898115e-01
4.916086e-01
4.934387e-01
4.952948e-01
4.971694e-01
4.990552e-01
5.009448e-01
5.028306e-01
5.047052e-01
5.065613e-01
5.083914e-01
5.101885e-01
5.119453e-01
5.136550e-01
5.153108e-01
5.169062e-01
5.184349e-01
5.198908e-01
5.212682e-01
5.225617e-01
5.237661e-01
5.248767e-01
5.258892e-01
5.267995e-01
5.276040e-01
5.282996e-01
5.288835e-01
5.293534e-01
5.297074e-01
5.299443e-01
5.300629e-01
5.300629e-01
5.299443e-01
5.297074e-01
5.293534e-01
5.288835e-01
5.282996e-01
5.276040e-01
5.267995e-01
5.258892e-01
5.248767e-01
5.237661e-01
5.225617e-01
5.212682e-01
5.198908e-01
5.184349e-01
5.169062e-01
5.153108e-01
5.136550e-01
5.119453e-01
5.101885e-01
5.083914e-01
5.065613e-01
5.047052e-01
5.028306e-01
5.009448e-01
4.990552e-01
4.971694e-01
4.952948e-01
4.934387e-01
4.916086e-01
4.898115e-01
4.880547e-01
4.863450e-01
4.846892e-01
4.830938e-01
4.815651e-01
4.801092e-01
4.787318e-01
4.774383e-01
4.762339e-01
4.751233e-01
4.741108e-01
4.732005e-01
4.723960e-01
4.717004e-01
4.711165e-01
4.706466e-01
4.702926e-01
4.700557e-01
