4.727563e-01
4.727563e-01
4.728638e-01
4.730784e-01
4.733993e-01
4.738251e-01
4.743543e-01
4.749846e-01
4.757137e-01
4.765386e-01
4.774561e-01
4.784626e-01
4.795541e-01
4.807263e-01
4.819745e-01
4.832939e-01
4.846792e-01
4.861250e-01
4.876255e-01
4.891749e-01
4.907670e-01
4.923955e-01
4.940540e-01
4.957360e-01
4.974349e-01
4.991438e-01
5.008562e-01
5.025651e-01
5.042640e-01
5.059460e-01
5.076045e-01
5.092330e-01
5.108251e-01
5.123745e-01
5.138750e-01
5.153208e-01
5.167061e-01
5.180255e-01
5.192737e-01
5.204459e-01
5.215374e-01
5.225439e-01
5.234614e-01
5.242863e-01
5.250154e-01
5.256457e-01
5.261749e-01
5.266007e-01
5.269216e-01
5.271362e-01
5.272437e-01
5.272437e-01
5.271362e-01
5.269216e-01
5.266007e-01
5.261749e-01
5.256457e-01
5.250154e-01
5.242863e-01
5.234614e-01
5.225439e-01
5.215374e-01
5.204459e-01
5.192737e-01
5.180255e-01
5.167061e-01
5.153208e-01
5.138750e-01
5.123745e-01
5.108251e-01
5.092330e-01
5.076045e-01
5.059460e-01
5.042640e-01
5.025651e-01
5.008562e-01
4.991438e-01
4.974349e-01
4.957360e-01
4.940540e-01
4.923955e-01
4.907670e-01
4.891749e-01
4.876255e-01
4.861250e-01
4.846792e-01
4.832939e-01
4.819745e-01
4.807263e-01
4.795541e-01
4.784626e-01
4.774561e-01
4.765386e-01
4.757137e-01
4.749846e-01
4.743543e-01
4.738251e-01
4.733993e-01
4.730784e-01
4.728638e-01
