4.776263e-01
4.776263e-01
4.777146e-01
4.778909e-01
4.781544e-01
4.785041e-01
4.789387e-01
4.794563e-01
4.800551e-01
4.807326e-01
4.814861e-01
4.823126e-01
4.832090e-01
4.841716e-01
4.851967e-01
4.862803e-01
4.874179e-01
4.886053e-01
4.898376e-01
4.911100e-01
4.924175e-01
4.937549e-01
4.951169e-01
4.964983e-01
4.978934e-01
4.992969e-01
5.007031e-01
5.021066e-01
5.035017e-01
5.048831e-01
5.062451e-01
5.075825e-01
5.088900e-01
5.101624e-01
5.113947e-01
5.125821e-01
5.137197e-01
5.148033e-01
5.158284e-01
5.167910e-01
5.176874e-01
5.185139e-01
5.192674e-01
5.199449e-01
5.205437e-01
5.210613e-01
5.214959e-01
5.218456e-01
5.221091e-01
5.222854e-01
5.223737e-01
5.223737e-01
5.222854e-01
5.221091e-01
5.218456e-01
5.214959e-01
5.210613e-01
5.205437e-01
5.199449e-01
5.192674e-01
5.185139e-01
5.176874e-01
5.167910e-01
5.158284e-01
5.148033e-01
5.137197e-01
5.125821e-01
5.113947e-01
5.101624e-01
5.088900e-01
5.075825e-01
5.062451e-01
5.048831e-01
5.035017e-01
5.021066e-01
5.007031e-01
4.992969e-01
4.978934e-01
4.964983e-01
4.951169e-01
4.937549e-01
4.924175e-01
4.911100e-01
4.898376e-01
4.886053e-01
4.874179e-01
4.862803e-01
4.851967e-01
4.841716e-01
4.832090e-01
4.823126e-01
4.814861e-01
4.807326e-01
4.800551e-01
4.794563e-01
4.789387e-01
4.785041e-01
4.781544e-01
4.778909e-01
4.777146e-01
