4.797245e-01
4.797245e-01
4.798045e-01
4.799642e-01
4.802030e-01
4.805199e-01
4.809137e-01
4.813829e-01
4.819255e-01
4.825394e-01
4.832222e-01
4.839713e-01
4.847836e-01
4.856560e-01
4.865849e-01
4.875669e-01
4.885978e-01
4.896738e-01
4.907906e-01
4.919436e-01
4.931285e-01
4.943405e-01
4.955748e-01
4.968266e-01
4.980910e-01
4.993628e-01
5.006372e-01
5.019090e-01
5.031734e-01
5.044252e-01
5.056595e-01
5.068715e-01
5.080564e-01
5.092094e-01
5.103262e-01
5.114022e-01
5.124331e-01
5.134151e-01
5.143440e-01
5.152164e-01
5.160287e-01
5.167778e-01
5.174606e-01
5.180745e-01
5.186171e-01
5.190863e-01
5.194801e-01
5.197970e-01
5.200358e-01
5.201955e-01
5.202755e-01
5.202755e-01
5.201955e-01
5.200358e-01
5.197970e-01
5.194801e-01
5.190863e-01
5.186171e-01
5.180745e-01
5.174606e-01
5.167778e-01
5.160287e-01
5.152164e-01
5.143440e-01
5.134151e-01
5.124331e-01
5.114022e-01
5.103262e-01
5.092094e-01
5.080564e-01
5.068715e-01
5.056595e-01
5.044252e-01
5.031734e-01
5.019090e-01
5.006372e-01
4.993628e-01
4.980910e-01
4.968266e-01
4.955748e-01
4.943405e-01
4.931285e-01
4.919436e-01
4.907906e-01
4.896738e-01
4.885978e-01
4.875669e-01
4.865849e-01
4.856560e-01
4.847836e-01
4.839713e-01
4.832222e-01
4.825394e-01
4.819255e-01
4.813829e-01
4.809137e-01
4.805199e-01
4.802030e-01
4.799642e-01
4.798045e-01
