4.816258e-01
4.816258e-01
4.816984e-01
4.818431e-01
4.820595e-01
4.823467e-01
4.827036e-01
4.831287e-01
4.836204e-01
4.841768e-01
4.847956e-01
4.854744e-01
4.862105e-01
4.870011e-01
4.878430e-01
4.887328e-01
4.896671e-01
4.906422e-01
4.916542e-01
4.926991e-01
4.937729e-01
4.948712e-01
4.959898e-01
4.971242e-01
4.982700e-01
4.994226e-01
5.005774e-01
5.017300e-01
5.028758e-01
5.040102e-01
5.051288e-01
5.062271e-01
5.073009e-01
5.083458e-01
5.093578e-01
5.103329e-01
5.112672e-01
5.121570e-01
5.129989e-01
5.137895e-01
5.145256e-01
5.152044e-01
5.158232e-01
5.163796e-01
5.168713e-01
5.172964e-01
5.176533e-01
5.179405e-01
5.181569e-01
5.183016e-01
5.183742e-01
5.183742e-01
5.183016e-01
5.181569e-01
5.179405e-01
5.176533e-01
5.172964e-01
5.168713e-01
5.163796e-01
5.158232e-01
5.152044e-01
5.145256e-01
5.137895e-01
5.129989e-01
5.121570e-01
5.112672e-01
5.103329e-01
5.093578e-01
5.083458e-01
5.073009e-01
5.062271e-01
5.051288e-01
5.040102e-01
5.028758e-01
5.017300e-01
5.005774e-01
4.994226e-01
4.982700e-01
4.971242e-01
4.959898e-01
4.948712e-01
4.937729e-01
4.926991e-01
4.916542e-01
4.906422e-01
4.896671e-01
4.887328e-01
4.878430e-01
4.870011e-01
4.862105e-01
4.854744e-01
4.847956e-01
4.841768e-01
4.836204e-01
4.831287e-01
4.827036e-01
4.823467e-01
4.820595e-01
4.818431e-01
4.816984e-01
