4.833489e-01
4.833489e-01
4.834146e-01
4.835458e-01
4.837419e-01
4.840022e-01
4.843256e-01
4.847108e-01
4.851564e-01
4.856606e-01
4.862214e-01
4.868366e-01
4.875037e-01
4.882201e-01
4.889830e-01
4.897894e-01
4.906361e-01
4.915197e-01
4.924368e-01
4.933838e-01
4.943569e-01
4.953522e-01
4.963659e-01
4.973939e-01
4.984322e-01
4.994767e-01
5.005233e-01
5.015678e-01
5.026061e-01
5.036341e-01
5.046478e-01
5.056431e-01
5.066162e-01
5.075632e-01
5.084803e-01
5.093639e-01
5.102106e-01
5.110170e-01
5.117799e-01
5.124963e-01
5.131634e-01
5.137786e-01
5.143394e-01
5.148436e-01
5.152892e-01
5.156744e-01
5.159978e-01
5.162581e-01
5.164542e-01
5.165854e-01
5.166511e-01
5.166511e-01
5.165854e-01
5.164542e-01
5.162581e-01
5.159978e-01
5.156744e-01
5.152892e-01
5.148436e-01
5.143394e-01
5.137786e-01
5.131634e-01
5.124963e-01
5.117799e-01
5.110170e-01
5.102106e-01
5.093639e-01
5.084803e-01
5.075632e-01
5.066162e-01
5.056431e-01
5.046478e-01
5.036341e-01
5.026061e-01
5.015678e-01
5.005233e-01
4.994767e-01
4.984322e-01
4.973939e-01
4.963659e-01
4.953522e-01
4.943569e-01
4.933838e-01
4.924368e-01
4.915197e-01
4.906361e-01
4.897894e-01
4.889830e-01
4.882201e-01
4.875037e-01
4.868366e-01
4.862214e-01
4.856606e-01
4.851564e-01
4.847108e-01
4.843256e-01
4.840022e-01
4.837419e-01
4.835458e-01
4.834146e-01
