4.849104e-01
4.849104e-01
4.849699e-01
4.850888e-01
4.852665e-01
4.855024e-01
4.857955e-01
4.861446e-01
4.865484e-01
4.870053e-01
4.875135e-01
4.880710e-01
4.886755e-01
4.893248e-01
4.900161e-01
4.907469e-01
4.915142e-01
4.923150e-01
4.931461e-01
4.940042e-01
4.948861e-01
4.957881e-01
4.967067e-01
4.976383e-01
4.985792e-01
4.995258e-01
5.004742e-01
5.014208e-01
5.023617e-01
5.032933e-01
5.042119e-01
5.051139e-01
5.059958e-01
5.068539e-01
5.076850e-01
5.084858e-01
5.092531e-01
5.099839e-01
5.106752e-01
5.113245e-01
5.119290e-01
5.124865e-01
5.129947e-01
5.134516e-01
5.138554e-01
5.142045e-01
5.144976e-01
5.147335e-01
5.149112e-01
5.150301e-01
5.150896e-01
5.150896e-01
5.150301e-01
5.149112e-01
5.147335e-01
5.144976e-01
5.142045e-01
5.138554e-01
5.134516e-01
5.129947e-01
5.124865e-01
5.119290e-01
5.113245e-01
5.106752e-01
5.099839e-01
5.092531e-01
5.084858e-01
5.076850e-01
5.068539e-01
5.059958e-01
5.051139e-01
5.042119e-01
5.032933e-01
5.023617e-01
5.014208e-01
5.004742e-01
4.995258e-01
4.985792e-01
4.976383e-01
4.967067e-01
4.957881e-01
4.948861e-01
4.940042e-01
4.931461e-01
4.923150e-01
4.915142e-01
4.907469e-01
4.900161e-01
4.893248e-01
4.886755e-01
4.880710e-01
4.875135e-01
4.870053e-01
4.865484e-01
4.861446e-01
4.857955e-01
4.855024e-01
4.852665e-01
4.850888e-01
4.849699e-01
