4.863254e-01
4.863254e-01
4.863794e-01
4.864871e-01
4.866482e-01
4.868619e-01
4.871275e-01
4.874439e-01
4.878099e-01
4.882239e-01
4.886845e-01
4.891896e-01
4.897375e-01
4.903259e-01
4.909524e-01
4.916146e-01
4.923100e-01
4.930356e-01
4.937888e-01
4.945665e-01
4.953656e-01
4.961830e-01
4.970155e-01
4.978598e-01
4.987125e-01
4.995703e-01
5.004297e-01
5.012875e-01
5.021402e-01
5.029845e-01
5.038170e-01
5.046344e-01
5.054335e-01
5.062112e-01
5.069644e-01
5.076900e-01
5.083854e-01
5.090476e-01
5.096741e-01
5.102625e-01
5.108104e-01
5.113155e-01
5.117761e-01
5.121901e-01
5.125561e-01
5.128725e-01
5.131381e-01
5.133518e-01
5.135129e-01
5.136206e-01
5.136746e-01
5.136746e-01
5.136206e-01
5.135129e-01
5.133518e-01
5.131381e-01
5.128725e-01
5.125561e-01
5.121901e-01
5.117761e-01
5.113155e-01
5.108104e-01
5.102625e-01
5.096741e-01
5.090476e-01
5.083854e-01
5.076900e-01
5.069644e-01
5.062112e-01
5.054335e-01
5.046344e-01
5.038170e-01
5.029845e-01
5.021402e-01
5.012875e-01
5.004297e-01
4.995703e-01
4.987125e-01
4.978598e-01
4.970155e-01
4.961830e-01
4.953656e-01
4.945665e-01
4.937888e-01
4.930356e-01
4.923100e-01
4.916146e-01
4.909524e-01
4.903259e-01
4.897375e-01
4.891896e-01
4.886845e-01
4.882239e-01
4.878099e-01
4.874439e-01
4.871275e-01
4.868619e-01
4.866482e-01
4.864871e-01
4.863794e-01
