0	1	2	0	3	3	0	0	4	5	5	0	6	7	8	9	10	11	12	13	14	15	16	0	0	0	0	17	18	19	20	20	21	0	0	0	22	23	24	25	25	26	27	28	29	30	31	32	32	33	34	0	35	36	0	37	38	39	40	41	42	42	0	43	44	44	0	0	0	45	46	46	0	47	47	0	0	0	0	48	49	50	50	0	51	0	52	52	53	54	54	55	56	57	58	58	59	60	0	0	61	62	63	0	0	0	0	0	0	0	0	64	0	0	0	0	65	66	67	0	68	69	69	0	70	71	0	0	
0	0	0	72	3	3	0	0	4	4	4	4	4	0	8	8	8	8	8	8	0	0	0	0	73	0	74	17	17	17	0	20	20	20	0	0	0	0	24	0	0	26	0	0	29	29	0	32	32	32	0	75	0	36	36	36	36	36	36	36	0	0	76	43	43	43	0	0	0	0	46	46	0	0	0	77	0	0	78	48	48	48	0	79	0	0	0	0	53	53	0	0	56	56	56	56	56	56	0	80	61	61	61	0	0	0	81	81	0	0	0	0	0	0	0	0	0	66	0	82	68	68	68	0	70	70	0	0	
0	0	0	72	3	3	3	3	0	4	4	4	4	4	4	4	4	4	4	4	0	0	0	0	0	0	74	17	17	17	17	17	17	0	0	0	0	0	0	83	0	0	0	0	0	29	29	29	29	0	0	75	75	0	36	36	36	36	36	36	0	0	76	43	43	0	0	0	0	84	46	46	0	0	0	0	0	0	78	48	48	48	48	48	0	0	0	0	53	53	53	0	0	56	56	0	56	56	56	56	56	56	56	0	85	85	81	81	81	0	86	0	0	87	0	0	88	66	0	0	0	68	68	68	68	68	0	0	
0	0	0	0	3	3	3	0	89	4	4	4	0	0	4	4	0	0	4	4	4	4	4	0	0	0	0	0	17	17	0	17	17	17	0	90	90	0	0	0	91	0	0	0	0	29	29	29	29	29	29	29	29	29	29	29	29	29	29	0	0	0	76	43	0	0	0	0	92	0	46	46	46	0	0	0	0	0	0	48	48	48	48	48	0	93	93	93	53	53	53	0	0	56	0	94	56	56	0	56	56	56	56	56	56	56	56	0	81	81	0	95	95	87	87	87	0	0	0	96	96	68	68	68	68	0	97	0	
98	0	99	0	3	3	3	3	3	3	0	0	0	0	0	0	0	0	0	4	4	4	4	0	0	100	100	0	17	17	17	17	17	17	17	17	17	0	101	0	91	91	91	91	91	29	29	29	29	29	29	29	29	29	29	29	29	29	29	0	0	102	0	0	0	103	0	0	0	104	46	46	46	46	0	0	0	0	105	48	48	0	48	48	0	93	93	93	0	0	53	53	53	53	53	53	53	53	53	53	0	0	0	0	56	56	56	56	56	56	0	95	95	87	87	87	0	0	106	96	96	68	68	68	0	0	0	0	
0	0	0	0	3	3	3	3	3	0	0	0	0	0	0	107	0	0	108	4	0	4	4	0	0	100	100	100	17	17	17	0	17	17	17	17	17	17	17	17	17	0	91	91	91	29	29	29	0	0	0	29	29	29	29	29	29	29	29	0	0	102	102	0	0	0	0	0	0	104	46	46	46	0	109	0	0	0	105	48	48	0	48	0	110	0	0	93	93	93	53	0	0	53	53	53	0	53	53	53	53	0	0	0	0	56	56	0	0	0	111	95	95	87	87	87	87	0	106	96	96	68	68	0	0	0	0	0	
112	0	113	113	3	3	3	3	3	3	0	0	0	0	0	0	114	0	0	4	4	4	0	0	0	100	0	100	17	17	17	0	17	17	17	17	17	17	17	17	17	17	17	17	17	17	0	0	0	0	115	29	29	0	29	29	29	29	29	0	0	102	102	102	0	0	0	116	0	104	46	46	46	46	46	0	0	117	105	0	48	48	0	118	110	110	110	93	0	93	53	0	0	0	0	0	119	53	53	53	53	53	0	120	120	0	56	0	0	0	0	95	0	87	87	87	87	87	87	87	87	68	68	0	0	0	121	121	
0	0	113	113	3	3	3	3	3	0	0	0	0	0	0	0	0	0	0	4	4	4	0	0	0	0	122	100	17	17	17	17	17	17	17	17	17	17	17	17	17	17	17	17	17	17	0	0	0	0	0	29	29	29	29	29	29	29	29	29	0	0	102	102	0	0	0	0	123	104	46	46	46	46	0	0	0	117	105	105	48	48	48	48	0	110	110	0	0	0	0	0	0	0	0	0	0	0	53	53	53	0	124	120	120	120	56	56	0	0	0	95	95	87	87	87	87	87	0	87	0	0	0	0	0	125	121	121	
0	0	113	113	3	3	0	3	3	0	126	126	126	0	0	0	0	127	0	0	4	4	4	0	128	128	122	100	17	17	17	17	17	17	17	17	17	17	17	0	0	17	17	17	17	17	17	0	0	0	129	0	29	29	29	29	0	0	0	29	29	29	29	29	29	0	0	0	123	104	46	46	46	46	46	0	130	117	105	105	48	48	48	48	48	48	48	48	0	0	131	131	0	0	0	0	0	132	53	53	53	0	124	0	120	120	56	0	0	0	0	0	95	87	87	0	0	87	0	0	0	0	0	0	0	125	121	121	
0	0	113	113	3	3	3	3	0	133	126	126	126	126	0	134	0	127	127	0	0	4	4	4	4	4	4	4	4	4	4	4	4	4	4	4	4	4	4	4	0	17	17	17	17	17	17	17	17	17	0	135	29	29	29	29	0	0	0	29	29	29	29	29	0	0	136	0	123	0	46	46	46	46	46	46	0	117	105	105	48	48	48	48	48	0	48	48	48	0	131	131	131	0	0	0	137	132	53	53	53	53	0	0	0	0	0	0	0	138	0	139	95	87	87	87	0	0	0	0	140	0	141	141	141	125	121	121	
142	0	0	113	3	3	3	3	3	3	3	0	126	126	126	126	126	126	126	0	0	0	4	4	0	4	4	4	4	0	0	0	0	4	4	4	4	4	0	4	4	4	0	17	17	17	17	17	17	17	0	0	0	29	29	29	29	0	143	29	29	29	29	29	29	29	29	29	0	0	0	0	46	46	46	46	46	46	46	0	48	48	48	48	48	48	48	48	0	0	0	131	131	0	0	144	137	132	53	53	53	0	0	0	0	0	0	0	145	0	146	139	95	87	87	87	87	0	147	0	0	148	0	141	141	125	121	121	
0	149	149	0	3	3	3	3	3	3	3	3	3	3	3	3	3	3	3	0	0	150	4	0	151	4	4	4	4	4	0	0	152	0	0	4	4	4	4	4	4	4	0	17	0	17	0	17	17	17	0	0	0	29	29	29	29	29	29	29	29	29	29	29	29	29	29	29	29	0	0	153	46	46	46	46	46	0	0	154	48	48	48	0	48	48	48	0	155	0	156	131	131	131	131	131	131	0	0	53	53	53	53	0	0	0	157	157	0	158	146	139	95	87	0	87	87	87	87	87	87	0	159	0	0	0	0	121	
160	149	149	0	0	3	3	3	0	3	3	3	3	3	3	3	3	3	3	0	0	0	4	4	4	4	4	4	4	0	0	161	152	152	152	4	4	4	4	4	4	0	162	17	17	0	0	0	17	17	0	0	0	0	29	29	0	29	29	29	29	29	29	29	29	0	29	29	0	163	0	0	46	46	46	46	46	46	46	46	46	0	0	164	48	0	0	165	155	155	155	131	131	0	131	131	131	0	0	53	53	53	53	53	0	166	157	0	0	0	146	139	0	0	167	87	87	87	0	87	87	0	0	0	0	0	168	121	
160	0	0	0	0	0	0	0	169	3	3	3	3	3	3	3	0	3	0	0	170	0	0	0	4	4	4	0	4	4	0	161	152	152	152	4	4	4	4	4	4	4	4	0	17	17	17	0	0	17	0	0	0	171	29	29	29	29	29	29	29	0	0	29	29	29	29	29	29	0	172	172	0	46	46	46	46	46	46	46	46	46	46	46	46	46	46	46	46	46	46	46	46	0	131	131	0	0	0	0	0	53	53	53	53	53	0	0	0	173	146	0	0	174	167	87	87	0	175	87	0	176	176	0	0	0	0	121	
0	177	0	0	0	0	178	178	169	3	3	3	3	3	0	3	0	0	179	179	170	170	0	0	0	4	4	4	0	0	180	161	152	0	0	4	4	4	0	4	4	4	4	0	0	17	17	17	17	17	17	0	0	0	29	29	29	0	29	29	29	0	0	29	29	29	29	29	0	181	172	172	172	0	46	0	46	46	46	46	46	46	46	46	46	0	0	46	46	46	46	46	46	0	0	0	182	182	182	0	0	0	0	53	53	53	53	53	53	53	53	53	53	53	53	53	0	183	175	0	184	176	176	176	176	176	0	0	
185	177	0	0	0	186	178	178	169	3	3	3	3	0	187	3	3	0	179	179	170	170	0	188	0	0	4	4	0	189	0	161	152	0	0	0	0	4	4	4	4	0	0	190	190	17	17	17	17	17	0	0	0	0	29	29	0	0	0	29	29	29	29	0	29	29	29	29	29	0	172	172	0	0	0	191	46	46	46	46	46	46	46	46	46	0	0	46	46	46	46	0	0	192	0	0	182	182	182	182	182	0	0	53	0	53	53	53	53	0	53	53	53	53	53	0	0	183	175	175	0	176	176	176	176	176	0	193	
185	177	177	0	0	186	178	178	0	0	0	3	0	0	0	0	0	0	179	179	170	0	194	0	0	0	0	4	4	0	195	161	0	0	0	196	196	4	4	4	4	0	197	190	190	17	17	17	17	17	17	0	198	0	29	29	0	0	0	0	29	29	29	0	29	29	0	0	0	199	172	172	0	0	0	191	46	0	46	46	0	46	46	46	46	46	0	46	46	46	46	0	0	0	0	0	0	182	182	182	182	182	182	53	53	53	53	53	53	0	0	0	0	53	0	200	200	183	175	0	201	176	0	0	176	176	176	176	
185	177	177	0	0	186	178	178	178	0	0	3	3	0	0	0	0	0	179	179	170	170	170	170	170	170	0	4	4	4	4	4	0	0	0	196	196	4	4	4	0	0	0	190	190	17	17	17	17	17	17	17	17	17	0	29	29	0	0	0	29	29	29	29	29	29	29	0	0	199	172	172	172	0	202	191	46	46	0	0	0	0	0	46	46	46	46	46	46	46	46	46	46	0	0	203	203	0	0	182	0	182	182	53	53	0	53	53	53	53	0	0	0	0	0	200	200	183	0	204	201	176	176	176	176	176	176	176	
185	177	177	0	205	186	178	178	178	0	0	0	3	0	0	0	206	0	179	179	170	170	170	170	170	170	0	4	4	4	4	4	4	4	0	196	196	4	4	0	0	0	0	190	190	17	17	17	17	17	17	17	0	17	17	17	17	17	0	0	0	29	29	29	29	0	29	29	29	29	29	29	29	29	29	29	29	29	0	0	0	0	0	0	0	0	46	46	0	46	46	46	0	0	0	203	203	203	203	0	207	182	182	53	53	53	53	53	53	53	0	208	0	0	0	0	200	0	0	0	0	176	176	176	176	176	176	176	
185	177	0	209	205	186	0	178	0	0	0	0	3	3	0	0	0	0	0	179	170	0	170	170	170	170	170	4	4	4	4	4	0	0	0	0	196	4	4	4	0	0	210	190	190	17	0	0	0	0	0	0	0	17	17	17	17	17	17	17	17	0	29	29	0	211	29	29	29	29	29	29	29	29	29	29	29	29	29	0	0	0	0	0	0	212	46	46	46	46	46	0	213	0	0	203	203	0	203	203	203	182	182	53	53	53	53	0	0	53	53	0	0	0	214	214	200	200	0	0	0	176	176	176	176	176	176	176	
185	0	0	209	205	186	0	0	0	0	215	215	3	0	0	0	0	0	0	179	170	170	0	170	170	0	0	0	4	0	4	0	0	0	0	0	196	4	4	4	4	4	4	4	4	0	0	0	0	0	0	0	216	0	17	17	0	17	17	0	17	17	17	17	17	17	0	0	29	0	0	29	29	29	29	29	29	29	29	29	0	0	217	217	217	212	46	46	46	46	0	218	0	219	219	0	203	203	0	0	203	182	182	0	53	53	53	0	0	0	53	0	0	0	0	0	0	200	200	0	0	0	0	176	176	176	176	176	
185	0	0	0	205	186	186	0	0	0	215	215	3	3	0	0	220	220	220	179	170	170	170	170	170	0	0	0	0	0	0	0	0	221	221	221	0	0	0	0	4	0	4	4	4	4	0	0	0	222	0	223	0	224	17	17	17	17	17	17	17	17	17	17	17	0	0	0	0	0	0	0	29	29	29	29	0	29	29	29	29	0	217	217	217	212	46	46	46	0	0	0	0	219	219	219	203	203	0	0	203	182	182	182	53	53	53	0	0	225	53	0	0	0	0	0	226	0	0	0	0	0	0	0	176	176	0	176	
185	0	0	227	205	186	186	186	0	228	215	0	0	0	229	229	220	220	220	179	170	170	170	170	170	170	0	230	0	0	0	0	0	0	221	0	0	0	0	0	4	4	0	4	4	0	0	0	0	222	222	222	222	222	17	0	17	17	17	17	17	17	17	17	17	17	17	0	0	0	0	0	29	29	29	29	29	29	29	29	0	231	217	217	217	212	46	46	46	46	46	46	46	0	219	219	203	203	203	203	0	182	0	182	53	53	53	53	53	53	53	0	0	0	0	0	226	226	0	232	232	0	0	0	176	176	176	176	
185	185	185	185	0	186	186	186	186	186	0	0	0	0	0	229	220	220	220	179	170	170	170	170	0	170	170	170	0	0	0	0	0	233	0	234	0	235	235	0	0	4	4	4	4	4	0	0	236	222	222	222	222	222	17	17	17	17	17	0	0	17	17	17	0	17	17	17	0	0	0	0	29	29	29	29	29	29	29	0	237	231	217	0	0	212	0	0	0	46	46	46	46	46	46	0	203	203	203	203	0	182	0	182	53	53	0	53	53	53	53	53	0	0	0	238	226	226	0	232	232	0	0	0	176	176	0	176	
185	185	185	185	185	185	185	185	185	0	0	239	0	0	240	229	220	0	220	179	170	0	170	170	170	170	170	170	0	0	0	0	0	0	0	0	241	235	235	0	0	4	0	4	0	4	4	4	4	4	4	4	4	0	17	17	17	0	17	0	0	17	17	17	17	17	17	17	0	0	0	242	0	29	29	29	29	29	29	0	0	231	217	217	0	0	0	0	0	0	46	46	46	46	46	46	46	46	46	46	46	46	0	0	0	0	0	53	53	53	53	0	0	0	0	238	0	226	226	226	226	0	0	243	176	176	176	0	
0	185	185	185	185	185	185	185	185	0	244	239	0	0	0	0	220	0	0	179	0	245	0	0	170	170	170	0	246	246	246	0	247	0	0	0	241	235	235	0	0	0	248	4	4	4	4	4	4	4	0	0	0	0	17	17	17	17	17	0	249	0	0	0	17	17	17	17	17	0	0	0	250	29	29	29	29	29	29	0	0	231	217	0	0	0	0	251	0	0	0	46	46	46	46	46	0	0	46	0	46	46	0	252	252	0	253	53	53	0	0	0	0	254	0	0	255	226	226	226	226	0	0	243	176	176	176	176	
256	185	185	185	185	185	185	185	185	185	185	185	0	0	0	0	220	220	220	179	179	0	0	257	170	170	0	0	0	0	246	246	246	246	0	0	241	235	235	235	0	258	248	0	4	4	4	4	4	4	0	0	0	0	0	17	0	17	17	0	0	259	0	0	0	0	0	0	0	0	260	0	250	29	29	0	29	29	29	29	0	231	0	0	0	0	0	0	0	0	0	0	46	0	0	46	46	0	46	46	46	46	46	46	46	46	46	46	46	0	0	0	0	0	261	0	255	226	226	226	226	0	0	0	176	176	176	176	
256	185	185	185	185	185	185	0	0	185	185	185	185	0	0	0	220	220	220	179	179	179	179	179	0	0	0	262	0	263	246	246	0	246	246	0	0	235	0	235	235	235	0	264	4	0	0	0	4	4	4	0	0	0	265	0	266	17	17	0	0	0	0	267	267	0	268	0	0	0	260	260	250	29	29	29	29	29	29	29	29	0	269	0	270	270	270	0	0	0	271	0	0	0	0	0	46	46	46	0	0	46	46	46	46	46	46	0	0	0	0	0	0	0	0	272	255	226	226	226	226	226	0	273	176	176	176	176	
256	185	0	185	185	185	185	185	185	185	185	185	185	185	0	274	220	0	0	179	179	179	179	179	0	0	275	262	262	262	246	246	246	246	246	246	246	235	235	235	235	235	235	235	4	0	0	276	4	0	4	0	277	277	265	0	0	17	17	17	0	0	278	267	267	267	0	0	279	279	0	260	250	29	29	29	29	29	29	0	29	29	29	29	29	29	29	29	0	0	0	280	280	0	0	0	0	46	0	0	0	0	0	46	0	46	46	0	0	0	0	0	0	0	281	272	255	0	0	0	226	0	282	273	176	176	176	176	
256	0	0	0	185	185	185	185	185	185	185	185	185	185	0	0	0	0	0	179	0	0	179	179	179	0	0	262	262	262	246	0	0	0	246	246	246	235	0	0	235	235	235	235	0	0	283	276	4	4	4	4	4	4	4	0	284	0	17	17	0	0	0	0	267	0	285	285	0	279	279	260	0	29	29	29	0	29	29	29	29	29	29	29	29	29	29	29	29	0	0	0	0	0	0	0	0	46	0	286	0	0	0	0	0	46	0	0	0	0	287	0	0	0	281	272	255	255	255	0	226	226	0	273	176	176	176	176	
0	0	0	0	185	185	185	185	185	0	185	185	185	185	0	0	0	0	0	0	0	0	0	179	179	179	0	262	262	262	246	0	0	0	246	246	246	235	235	0	0	0	235	235	235	0	283	276	0	4	4	4	4	4	4	4	4	4	4	0	0	0	0	0	267	0	0	285	285	279	279	260	260	29	29	29	29	0	0	29	0	29	29	29	29	29	29	0	29	0	0	0	0	0	0	0	288	46	46	0	0	0	0	0	289	46	46	0	0	290	287	287	0	291	281	272	0	255	255	255	226	0	292	273	176	0	176	176	
293	293	293	0	185	185	0	185	185	185	185	0	0	0	0	0	0	0	0	0	0	0	294	179	179	179	179	179	179	179	179	179	179	179	179	179	179	179	0	0	0	0	0	0	0	0	283	276	276	4	0	4	4	4	4	0	4	4	0	0	0	0	295	295	267	0	0	0	0	0	279	260	260	29	29	29	29	29	0	29	29	29	29	0	29	29	29	29	0	0	0	0	0	296	296	296	288	46	46	0	0	0	0	297	289	46	46	46	0	290	287	0	298	0	0	272	272	255	255	255	226	226	226	226	0	299	176	176	
293	293	293	293	185	185	185	185	0	0	185	185	0	0	0	0	0	0	0	0	0	0	294	179	0	179	179	179	179	0	179	179	0	179	179	179	179	0	0	0	300	0	301	0	302	302	283	276	276	4	4	4	4	4	4	0	4	0	0	0	0	0	0	0	267	267	267	0	303	0	0	0	260	29	29	29	0	0	304	29	29	29	29	29	29	29	29	29	29	0	0	0	0	296	296	296	0	46	46	46	0	305	0	0	289	46	46	46	46	46	46	46	46	0	0	0	272	255	0	255	226	226	0	0	306	299	0	176	
293	293	293	293	185	185	185	185	0	0	185	185	185	0	0	0	0	0	307	307	307	0	294	0	308	179	179	179	0	309	179	179	179	0	179	179	179	179	0	0	0	0	0	0	302	302	283	276	276	4	4	4	4	4	4	4	0	310	0	0	0	0	0	0	0	0	267	267	267	267	0	0	0	29	29	29	29	29	29	29	0	29	29	29	0	29	29	29	29	29	0	311	311	296	296	0	0	46	46	46	46	46	46	0	0	0	46	46	46	0	46	46	46	46	46	46	46	46	46	46	46	46	46	46	46	46	46	46	
293	293	293	0	185	185	185	185	185	185	185	185	185	0	0	0	0	0	307	307	307	307	294	0	0	0	179	179	179	179	179	179	179	179	179	179	179	179	179	0	0	0	0	312	302	302	0	276	276	4	4	4	4	4	4	4	4	4	4	4	4	0	313	0	0	0	267	267	267	267	267	267	267	29	0	0	29	29	0	29	0	0	0	0	0	29	29	29	29	29	29	0	0	296	296	0	314	46	46	46	0	46	46	46	0	315	0	0	0	0	46	46	46	46	46	46	46	46	46	46	46	46	46	0	46	46	46	46	
0	293	293	0	0	185	185	185	185	185	185	185	0	0	316	0	0	317	307	307	307	307	294	0	0	318	179	179	179	0	179	179	179	179	179	0	0	179	179	179	0	319	319	0	302	302	302	276	276	4	4	4	4	4	4	4	0	0	0	4	4	4	4	4	0	0	0	267	267	267	267	267	267	0	320	0	0	29	0	0	0	0	0	0	0	0	29	29	0	0	0	0	321	296	296	296	296	46	46	0	0	0	0	46	0	0	0	0	0	322	0	46	46	0	0	46	0	46	46	46	0	46	0	323	46	46	0	0	
0	0	293	293	293	185	185	0	185	0	185	185	0	0	316	0	0	0	0	0	0	307	0	324	0	0	179	0	0	325	0	0	179	0	179	0	0	179	179	179	179	179	179	0	0	302	302	276	276	4	4	4	4	4	4	0	0	0	0	4	4	4	4	4	0	0	326	267	267	267	267	0	267	267	267	0	0	0	0	0	0	0	0	0	0	0	29	29	29	29	0	327	321	296	296	296	296	46	46	46	46	46	46	46	46	46	46	0	0	0	0	0	0	0	0	46	46	46	46	46	46	46	46	46	46	46	0	0	
0	328	293	293	293	185	0	329	185	0	0	0	0	0	316	316	0	0	0	0	330	307	0	0	0	0	0	0	0	0	0	331	179	179	179	179	179	179	179	179	0	179	179	179	179	179	0	276	276	4	4	4	4	4	0	0	0	0	332	4	4	4	4	0	333	333	326	267	0	267	267	267	267	267	267	0	0	0	0	0	0	334	334	334	334	334	29	29	29	29	29	29	29	29	0	296	296	46	46	46	46	46	46	46	46	46	46	0	0	0	0	0	335	0	0	0	46	46	46	46	46	46	0	46	46	0	0	0	
336	0	293	293	293	185	185	185	185	185	0	0	0	0	316	316	316	316	316	316	316	307	0	0	337	337	0	0	0	0	338	331	179	0	179	179	179	179	179	179	0	179	179	179	179	179	179	179	179	4	4	4	0	0	0	0	339	0	332	4	0	4	4	4	4	4	4	0	0	267	267	267	267	267	0	0	0	0	0	0	0	334	334	334	334	334	29	29	0	29	29	29	0	29	0	0	296	46	46	46	46	46	46	46	46	46	46	46	0	340	340	340	0	341	341	0	0	46	46	46	46	0	0	0	0	0	0	342	
336	336	293	293	0	0	185	185	185	185	185	185	185	185	185	185	185	185	185	185	185	185	185	185	185	185	185	0	343	343	0	331	0	344	179	179	179	179	179	0	0	179	0	179	0	179	179	179	179	0	4	4	4	0	0	0	0	0	0	4	4	0	4	4	4	4	4	4	4	4	0	267	267	0	0	0	345	345	345	0	0	334	334	334	334	334	29	29	0	29	29	29	29	29	0	346	0	46	46	46	46	0	46	46	46	46	46	46	0	340	340	340	340	340	340	340	340	0	46	0	0	347	0	0	0	0	348	342	
336	336	293	293	293	0	0	0	185	185	185	185	185	185	185	0	185	185	185	185	185	185	185	185	185	0	185	185	185	185	0	0	349	344	179	179	0	0	179	179	0	0	0	179	179	179	179	179	179	179	4	4	4	0	350	0	0	0	351	4	0	0	0	0	4	4	0	0	4	0	0	0	267	0	0	0	345	345	345	345	0	334	334	0	0	0	29	29	29	29	29	29	0	29	29	0	352	46	0	0	0	0	46	46	46	46	0	0	353	340	340	340	340	340	340	340	340	340	0	354	354	0	355	0	0	356	348	342	
336	336	0	293	293	293	0	0	185	185	185	185	185	185	185	185	185	185	185	0	0	185	185	0	185	185	185	185	185	0	0	0	0	0	179	179	179	179	179	179	0	357	0	179	179	179	179	0	179	179	4	4	0	0	0	0	0	358	351	4	0	0	0	0	0	0	0	0	0	0	0	359	0	360	360	360	0	345	345	345	345	0	334	0	0	0	0	0	29	29	29	29	29	29	29	0	0	0	0	0	0	361	46	46	46	0	0	0	353	340	340	0	340	340	0	340	340	340	340	0	354	354	0	0	362	356	348	342	
336	0	363	293	293	293	0	364	185	0	185	185	185	0	185	185	185	0	0	0	0	185	185	185	185	185	185	185	0	0	0	0	0	0	0	179	0	179	179	179	179	179	179	179	179	179	0	0	179	179	4	4	4	0	365	365	365	358	0	4	4	0	0	0	0	366	0	0	0	0	367	359	359	0	360	360	360	345	345	0	345	0	334	334	0	0	0	0	0	29	29	29	29	29	0	0	0	0	0	0	368	0	46	46	46	0	369	369	0	340	340	340	340	340	0	0	340	340	340	340	340	340	0	0	362	356	348	0	
0	370	363	293	293	293	293	293	185	185	185	185	185	185	185	185	0	371	0	0	0	0	0	185	185	185	185	185	0	0	0	0	0	0	0	0	0	179	179	0	179	179	0	0	179	179	0	0	0	179	0	4	4	4	4	4	4	4	4	0	0	0	0	372	372	366	0	0	373	373	367	359	359	359	359	359	359	345	0	0	0	374	334	334	0	0	0	375	375	29	29	29	29	0	376	376	376	376	0	0	368	368	46	46	0	0	0	0	0	0	340	340	340	340	340	0	0	340	340	340	340	340	0	0	362	356	348	348	
0	370	363	293	293	293	293	293	0	185	185	185	185	185	0	0	0	0	377	0	0	378	0	0	185	185	185	185	185	0	0	0	379	0	0	380	380	0	0	0	179	0	0	0	179	179	0	0	0	179	179	4	4	4	4	4	4	4	4	0	0	381	381	0	372	366	0	0	0	373	367	0	359	359	359	0	359	345	0	0	0	0	334	334	334	0	0	375	375	29	29	29	0	0	376	376	376	376	0	382	368	368	46	46	0	0	383	0	0	0	0	340	340	340	340	340	340	0	0	0	0	340	340	340	0	0	348	348	
0	0	363	293	293	293	293	293	293	185	185	0	185	185	0	384	0	0	0	0	0	0	385	0	185	185	185	185	185	0	0	0	379	379	379	0	380	0	386	0	0	0	0	0	0	0	387	0	0	179	179	4	4	4	4	4	4	4	4	4	4	4	4	4	4	4	4	0	0	373	0	0	359	0	0	0	0	0	388	0	0	0	0	0	334	0	0	375	375	29	29	29	0	0	376	376	0	376	0	0	0	368	46	0	0	0	0	0	0	0	389	0	340	340	340	0	340	340	340	340	340	340	340	340	340	340	340	340	
390	390	0	293	293	0	293	293	293	185	185	185	185	185	0	0	0	0	0	0	0	0	0	0	0	185	185	185	0	391	391	0	379	379	379	379	0	392	0	0	393	393	0	0	0	0	387	387	0	179	179	4	4	4	4	0	0	4	0	4	0	4	4	4	0	4	0	0	0	0	0	0	0	0	394	0	0	0	0	0	0	0	0	0	0	0	0	375	375	29	29	29	29	0	0	0	0	376	0	0	0	0	46	46	0	0	0	0	0	395	389	389	0	340	0	0	0	0	0	340	340	0	340	340	340	340	340	340	
390	390	0	0	293	293	293	293	293	185	185	0	185	185	185	185	185	0	0	396	0	0	0	0	0	185	185	185	185	185	185	185	185	0	0	0	397	392	392	392	392	392	0	0	0	0	0	0	0	0	179	0	4	4	4	4	4	0	0	0	0	4	4	0	0	4	4	4	0	398	0	399	0	0	0	0	0	0	0	400	0	0	0	401	401	0	0	375	375	29	29	29	29	0	0	0	402	0	403	0	0	404	46	46	0	0	0	0	0	0	0	389	389	340	0	0	0	0	405	340	340	340	340	340	340	340	340	340	
390	390	0	0	293	293	293	0	0	185	185	185	185	185	185	0	0	0	0	0	0	0	0	0	0	0	0	0	185	185	185	185	185	0	0	406	397	392	392	392	392	0	407	0	0	0	0	0	0	0	0	408	4	4	4	4	4	0	0	0	0	4	4	4	0	4	4	4	4	0	409	399	399	0	0	0	0	0	0	0	0	0	410	401	401	401	0	375	375	29	29	29	0	0	0	411	402	402	402	0	0	0	46	46	46	0	0	0	412	0	0	389	389	340	340	0	413	413	405	340	340	340	340	340	340	0	340	340	
390	390	0	0	0	0	0	414	414	185	185	185	185	185	185	0	0	415	0	0	0	0	0	0	0	0	0	0	0	0	0	185	185	0	416	406	397	392	0	392	392	0	0	0	0	417	417	0	0	0	0	408	4	4	4	4	4	4	4	4	4	4	4	0	418	0	4	4	0	0	0	0	0	0	0	0	0	419	419	0	0	420	410	401	401	401	401	375	375	29	29	0	0	0	421	411	402	0	0	0	0	0	0	0	0	0	0	0	0	0	0	389	389	340	340	340	0	413	0	0	0	340	340	340	340	0	0	340	
390	390	390	390	0	0	0	0	414	185	185	185	185	185	185	0	422	0	0	0	0	423	423	423	423	0	0	424	0	0	0	0	0	0	416	406	397	0	425	392	0	0	426	426	426	417	417	0	0	0	0	0	4	4	4	4	4	4	0	0	4	4	4	0	0	0	4	0	0	0	0	0	0	427	0	0	0	0	419	419	0	0	0	401	401	401	401	375	0	0	0	0	428	428	421	411	0	0	0	0	0	0	0	0	0	0	0	0	0	0	429	389	389	340	340	340	340	340	0	0	0	0	0	340	340	340	0	340	
390	390	390	390	390	390	0	0	0	185	185	185	0	185	185	185	185	185	0	0	430	0	423	423	0	0	431	0	0	0	0	0	0	0	416	406	397	0	0	392	392	392	392	392	392	0	417	417	417	417	417	417	4	4	0	0	4	4	0	0	4	0	0	0	0	432	4	4	0	0	0	0	0	427	0	0	433	433	419	419	0	0	0	0	0	401	401	375	0	0	0	434	428	428	421	411	0	0	0	0	0	0	0	0	0	0	435	0	0	0	429	389	389	340	340	340	340	340	0	0	0	0	436	0	0	0	0	340	
390	390	390	390	0	390	0	0	437	185	185	185	185	185	185	185	185	185	185	185	185	185	185	0	0	0	431	431	0	0	0	0	0	0	0	406	0	438	0	392	392	392	392	392	392	392	392	392	392	392	392	392	4	0	0	0	0	4	4	4	0	439	0	0	0	432	4	4	4	0	440	440	440	0	441	441	0	433	419	419	0	0	0	0	442	401	401	375	0	0	0	0	428	428	421	411	411	0	0	0	0	443	443	443	443	443	0	0	0	444	429	389	389	340	340	340	340	340	0	0	0	0	436	0	0	445	445	340	
0	390	0	0	446	390	390	390	390	185	185	185	185	0	0	0	0	0	185	185	185	0	0	447	447	447	431	431	0	0	0	0	448	448	448	406	406	406	406	392	392	392	392	392	392	392	392	392	392	392	392	392	4	4	4	0	0	0	4	4	4	0	0	0	0	0	4	4	4	4	4	4	4	4	4	4	4	4	4	4	4	0	449	449	442	401	401	375	375	0	450	450	428	428	421	411	411	411	411	411	411	411	411	411	411	411	411	411	0	0	0	389	389	340	340	0	0	340	0	0	0	0	0	0	0	0	445	340	
451	390	390	390	390	390	390	390	390	185	185	185	185	0	0	0	452	0	0	185	185	0	0	0	447	447	431	0	0	0	0	0	0	448	448	0	406	406	406	392	0	392	392	392	0	0	392	392	0	0	392	392	4	4	4	4	0	0	4	4	4	4	0	0	0	0	4	4	4	4	4	4	4	0	0	4	0	4	4	4	0	453	449	449	442	401	401	375	0	454	450	450	428	428	421	411	411	411	411	411	411	411	0	411	411	411	411	411	411	0	0	389	389	340	340	0	455	340	340	0	456	456	0	0	0	457	445	340	
451	390	0	390	390	390	390	390	390	185	185	185	185	185	0	0	452	452	0	185	185	185	185	185	0	447	431	431	0	0	458	0	0	0	448	0	0	406	0	0	459	392	392	0	460	0	0	0	0	0	0	392	4	4	0	0	0	461	4	4	4	4	0	0	0	462	4	4	4	4	4	4	0	0	0	0	463	4	4	4	4	4	4	4	4	4	0	375	375	375	375	375	375	375	375	375	0	0	411	411	411	411	411	411	411	411	411	411	411	0	0	0	0	0	0	464	455	340	0	0	456	0	465	0	0	0	445	340	
451	0	0	0	390	390	390	390	0	185	0	185	0	185	185	185	185	0	466	185	185	185	185	185	185	185	185	185	0	0	0	467	0	468	0	0	0	0	0	469	0	392	392	392	392	0	0	0	470	470	470	392	4	0	0	0	471	461	4	0	4	4	4	0	0	462	4	4	4	4	4	4	0	472	0	0	463	4	4	4	4	0	0	4	4	4	4	4	4	4	0	375	0	375	0	375	0	0	0	411	411	411	411	411	411	411	411	411	0	0	0	0	473	0	0	464	0	340	340	0	0	474	0	475	0	0	445	340	
0	0	0	476	390	390	390	390	390	185	185	185	185	185	0	185	185	0	0	185	185	185	0	185	185	0	185	185	185	0	477	467	467	467	467	0	0	478	0	469	469	392	392	392	392	0	0	479	0	470	470	392	4	0	0	0	0	0	0	480	0	4	0	0	481	462	4	4	4	4	4	4	4	4	4	0	0	4	4	0	0	0	0	4	4	4	4	4	4	4	4	4	4	0	0	0	0	0	482	0	411	411	411	411	411	411	411	0	483	0	0	0	0	0	484	0	0	340	340	340	0	0	485	475	475	475	445	340	
0	486	0	0	390	0	390	0	390	185	0	185	185	185	185	185	185	185	185	185	185	185	0	0	185	0	0	185	0	0	477	467	467	467	467	0	0	478	478	0	469	392	392	392	392	0	0	0	0	470	470	392	4	4	0	487	0	488	0	0	0	0	0	0	481	462	0	0	4	4	4	4	4	4	4	4	4	4	0	0	0	0	0	0	4	4	4	4	4	4	4	4	0	0	0	0	0	489	0	0	0	411	411	411	411	0	411	0	0	0	490	0	0	0	0	0	0	340	340	340	340	340	0	0	475	0	445	340	
491	0	0	492	0	493	390	390	0	0	494	185	185	185	0	185	185	185	0	185	185	0	495	0	185	185	185	0	0	0	0	467	467	467	0	496	496	478	0	0	469	392	392	392	392	392	0	0	0	0	0	0	0	4	4	4	4	4	0	0	0	497	497	0	0	462	0	498	4	4	4	4	0	4	4	4	4	4	4	4	4	0	0	0	4	4	4	4	0	0	4	4	4	0	0	0	0	0	499	0	0	0	411	0	0	500	0	501	501	0	0	502	0	0	0	503	503	340	340	0	340	340	340	340	340	340	340	340	
491	491	0	492	492	492	390	390	0	504	494	185	185	0	0	0	185	0	505	0	185	185	185	185	185	185	185	185	185	185	0	467	467	0	506	496	496	478	0	0	0	392	392	392	392	392	392	0	0	0	0	0	0	0	4	4	4	0	507	0	0	497	497	0	0	0	508	498	4	4	4	4	4	4	0	4	4	4	4	4	4	4	0	509	4	4	4	4	0	0	0	4	4	0	0	0	0	510	499	499	0	511	0	0	512	0	513	501	501	501	501	501	0	0	514	503	503	340	340	0	0	0	340	340	0	0	340	340	
491	0	515	492	492	492	390	390	0	0	494	185	0	516	0	0	185	185	0	517	185	185	185	185	185	0	185	185	185	185	185	185	185	185	185	185	185	185	185	0	518	0	392	392	0	392	392	392	0	0	0	0	519	0	4	4	4	4	0	520	520	497	497	0	0	0	508	0	4	4	4	4	4	4	4	0	0	4	4	4	0	4	4	4	4	4	4	4	0	0	0	4	4	4	0	0	0	510	499	499	0	511	0	521	0	0	513	501	501	501	0	501	501	501	501	501	501	340	340	340	0	0	0	340	0	0	340	340	
0	522	515	492	492	492	390	390	390	390	390	185	0	0	0	523	185	185	185	185	185	185	185	0	185	185	185	0	185	185	0	185	185	185	185	185	185	0	185	185	185	185	185	0	524	392	392	0	0	0	0	525	0	526	4	4	4	0	527	520	0	497	497	0	0	0	0	528	4	4	0	0	4	4	4	4	0	0	4	4	4	4	4	4	4	4	4	0	0	0	529	0	4	0	530	530	0	0	499	499	499	499	499	0	0	531	513	501	0	501	501	501	501	501	501	501	0	0	0	340	340	0	532	340	0	0	340	0	
0	0	515	492	0	492	0	0	390	390	390	0	0	0	0	523	185	185	185	0	0	185	185	185	185	185	185	185	185	0	0	0	185	185	185	185	185	185	185	185	185	185	185	0	524	392	0	533	0	0	0	525	525	525	4	0	4	0	0	520	520	497	497	497	497	0	534	528	4	4	0	0	4	4	4	4	4	4	4	4	4	4	4	4	4	4	4	0	535	535	0	536	4	0	530	530	0	0	499	499	499	499	499	0	0	531	513	501	0	0	0	501	501	501	501	501	0	0	0	340	340	340	340	340	0	0	0	0	
0	0	0	0	537	492	0	538	0	390	390	390	390	0	0	0	185	185	185	0	539	0	185	185	185	185	185	0	185	0	0	540	0	185	185	185	0	0	185	185	185	185	185	185	0	392	392	392	392	0	541	525	525	525	0	542	0	543	0	520	520	497	497	497	497	497	0	528	4	4	0	0	0	4	4	4	4	4	4	4	4	4	4	4	4	4	4	4	4	4	4	4	4	4	4	0	0	0	0	499	499	499	0	0	0	0	513	501	0	0	0	501	501	501	501	501	0	0	0	340	340	340	340	340	340	0	0	0	
0	0	0	544	537	492	492	0	545	0	390	390	390	390	390	390	185	185	185	185	185	185	185	185	185	185	0	546	185	185	0	540	540	185	185	185	185	185	185	185	185	185	0	0	547	392	392	392	392	392	392	392	392	392	392	392	0	543	543	520	520	497	497	497	497	497	497	0	4	4	4	0	0	0	4	0	4	4	4	0	0	0	4	4	4	4	4	0	4	4	4	0	4	4	4	0	0	0	0	0	499	499	499	0	0	0	0	0	0	0	0	0	501	0	501	501	0	0	0	0	0	0	340	340	340	340	340	0	
548	0	549	544	537	492	492	492	0	0	390	390	390	390	390	390	0	0	185	185	185	185	185	0	185	0	0	546	185	185	0	540	540	185	185	185	185	185	185	185	185	0	550	0	0	392	392	392	392	392	392	392	392	392	392	392	0	0	543	520	520	497	497	0	497	497	497	497	4	4	4	4	4	4	4	4	4	4	4	4	0	551	4	4	4	4	4	4	4	4	0	0	0	4	4	4	0	552	0	0	0	499	499	499	0	0	553	0	0	554	554	0	501	501	501	501	501	501	0	0	0	0	340	340	340	340	340	340	
548	548	548	544	0	0	492	0	555	555	0	0	0	390	390	390	0	0	0	185	185	185	185	185	0	556	0	0	185	185	185	0	540	185	185	0	0	185	185	185	185	185	185	0	557	392	392	392	392	392	0	392	392	392	392	0	0	0	0	520	520	497	0	0	0	0	497	497	0	4	4	4	4	4	4	4	4	4	4	0	558	551	0	4	4	0	4	4	0	0	0	0	559	4	0	4	4	0	0	0	0	499	0	499	499	0	0	0	0	554	0	560	0	501	501	0	501	501	0	0	0	0	340	340	0	0	0	0	
548	0	548	0	0	0	492	492	492	492	492	0	0	0	0	0	0	0	561	0	185	185	185	185	185	185	0	0	185	185	0	0	540	185	185	0	0	0	185	185	185	185	0	562	557	392	392	392	392	0	563	392	392	392	392	392	392	0	0	520	0	0	0	0	0	0	0	0	0	4	4	0	4	4	4	4	4	4	0	0	0	0	564	4	0	565	4	4	0	0	566	566	559	4	4	0	4	4	0	0	0	499	499	499	0	0	0	0	0	0	567	0	568	501	501	501	0	0	569	0	0	570	340	0	0	0	0	571	
0	572	0	0	0	0	492	492	492	492	492	0	573	0	0	0	574	574	561	561	185	185	185	0	185	185	0	0	185	185	0	0	540	185	185	185	0	0	185	185	185	185	185	185	185	185	185	185	0	0	0	392	392	0	392	392	392	392	392	0	575	575	0	0	0	0	0	0	0	4	4	4	0	4	4	0	4	4	4	0	0	576	0	0	0	0	0	4	0	0	566	566	559	4	0	0	4	4	4	0	0	499	499	499	0	0	0	577	577	577	0	0	568	501	501	501	0	0	0	0	578	570	340	0	0	0	0	0	
0	0	0	0	0	0	492	492	0	0	0	0	573	0	0	579	574	574	561	561	185	185	185	185	185	185	185	0	185	0	580	0	0	0	0	0	581	0	0	0	185	185	185	185	185	185	185	185	185	185	185	185	185	185	185	0	392	392	0	0	575	575	575	575	0	0	0	582	582	4	4	4	4	4	4	4	0	4	4	4	4	0	583	0	0	584	0	0	0	0	0	566	559	4	0	585	4	4	4	4	4	0	499	0	586	0	0	577	577	0	0	0	568	501	501	0	0	0	0	0	578	570	340	0	0	587	587	0	
0	588	0	589	0	0	0	0	0	0	0	0	573	573	0	579	574	574	561	0	185	185	185	185	185	185	185	185	0	590	0	0	0	0	0	0	0	591	0	592	185	185	185	0	0	185	185	0	0	185	185	185	185	185	185	185	185	0	0	0	575	575	575	0	593	593	593	0	582	4	4	0	0	4	4	4	4	4	4	4	0	0	0	594	594	584	0	0	595	595	595	566	559	4	4	0	4	4	0	4	0	596	0	0	0	597	0	577	577	577	0	598	568	501	501	501	0	0	0	0	0	570	0	0	599	587	0	600	
601	0	0	0	0	0	602	602	602	602	602	602	573	573	573	573	573	573	561	561	185	185	185	185	185	185	185	185	0	0	603	603	0	0	604	0	0	0	0	0	185	185	185	0	0	0	0	0	605	185	185	185	185	0	185	185	185	185	185	0	0	0	575	575	575	575	0	0	582	4	0	0	0	4	4	4	4	4	4	4	0	0	0	594	594	584	584	584	584	584	584	566	559	4	0	0	0	0	0	0	606	0	607	0	0	597	0	0	577	577	0	598	568	501	501	501	0	0	0	0	0	0	0	608	599	0	609	600	
601	0	0	0	0	0	602	602	602	602	602	602	573	0	573	573	0	0	561	561	185	0	0	185	185	185	185	0	0	0	603	0	0	0	0	0	0	0	0	610	185	0	0	0	0	0	611	611	605	185	185	185	185	185	185	185	185	185	185	185	185	0	0	0	0	0	0	612	582	4	0	0	0	0	4	4	0	4	0	4	4	0	0	0	594	584	584	0	584	584	584	566	559	4	4	0	0	0	613	0	0	614	607	0	0	0	615	615	577	577	577	577	0	501	501	501	0	0	0	0	0	0	0	608	599	599	599	599	
0	0	0	0	0	0	0	602	0	0	602	0	573	573	0	573	573	0	0	561	185	0	0	185	185	185	185	185	0	0	0	0	0	616	0	0	0	0	0	0	185	185	0	0	0	0	611	611	605	0	185	0	185	185	185	0	185	0	185	185	185	0	0	0	0	0	617	612	582	4	0	0	618	618	0	4	4	4	4	0	0	0	619	619	594	584	0	620	584	584	584	566	559	4	4	4	4	0	0	0	0	0	0	0	0	0	0	615	0	577	577	0	621	501	501	0	0	622	0	0	0	623	623	0	599	599	599	599	
0	0	624	624	624	0	0	0	0	0	0	0	573	573	573	573	573	573	573	561	185	0	0	0	185	185	185	185	185	0	0	0	0	616	616	616	0	0	0	0	185	185	0	0	0	0	611	611	0	625	0	626	0	0	0	627	0	628	185	0	185	185	0	0	0	629	617	612	582	4	4	0	618	618	618	4	4	4	4	0	0	0	619	0	594	0	0	0	584	584	584	566	559	4	4	4	4	4	0	0	0	0	0	0	0	0	630	615	615	577	577	577	577	501	0	0	631	0	0	0	632	0	0	633	599	599	599	599	
634	0	624	624	624	0	635	0	0	0	0	636	573	573	573	573	573	573	573	561	0	0	0	637	185	185	0	185	185	185	185	185	185	185	185	0	0	0	0	0	0	0	638	0	0	639	0	0	0	0	640	0	641	641	0	0	0	0	185	185	0	185	185	185	0	629	617	612	582	4	0	0	618	618	618	4	4	4	4	0	0	642	0	643	594	594	594	0	584	584	584	566	559	4	4	4	0	4	4	0	0	644	0	0	0	0	0	0	615	577	577	577	577	0	0	645	631	631	631	0	0	0	0	633	599	599	0	599	
634	634	624	624	624	624	0	646	0	0	0	636	573	573	573	0	573	573	573	0	0	0	0	0	0	185	0	185	0	185	185	185	185	185	185	0	0	0	0	0	647	647	638	638	638	0	648	0	0	649	0	650	0	641	641	641	641	641	185	185	185	185	185	185	185	0	617	612	582	4	4	4	0	618	0	4	4	4	4	4	0	0	651	643	594	0	0	0	0	0	584	566	559	4	4	4	4	0	0	0	0	644	644	644	0	0	0	0	615	577	577	577	0	0	0	645	631	631	631	0	652	652	652	0	599	0	653	599	
634	634	624	624	624	624	624	624	624	624	624	624	573	573	0	0	0	573	573	573	0	0	0	0	0	0	0	185	185	185	185	185	185	185	185	185	0	0	654	654	0	647	638	638	638	638	638	0	655	0	656	0	657	0	0	641	641	641	185	185	0	185	185	185	185	185	0	612	582	4	4	4	4	0	658	4	4	4	4	4	4	0	651	643	594	594	594	0	0	0	584	566	559	4	4	4	0	0	0	0	659	644	644	0	0	660	0	0	0	577	577	577	577	0	661	645	631	631	631	631	0	652	652	652	0	662	653	0	
634	634	624	0	0	0	624	0	624	624	624	624	573	0	0	0	0	573	0	573	0	0	663	0	0	0	664	185	185	185	185	0	185	185	185	185	0	665	654	654	654	0	638	638	638	638	638	638	638	638	0	0	0	0	666	641	641	641	185	0	667	185	185	185	185	185	185	185	185	4	4	4	4	4	4	4	4	4	4	4	4	0	651	643	594	594	0	0	0	0	584	0	559	4	4	4	0	668	0	669	0	0	0	0	670	660	660	0	0	0	0	577	577	577	577	577	577	577	577	577	0	0	0	652	652	652	0	0	
0	0	624	0	0	0	0	0	0	624	624	624	573	0	0	0	671	0	672	573	573	0	0	0	0	673	664	185	185	185	185	185	0	185	185	0	0	665	654	654	654	0	0	638	638	638	0	638	638	638	638	0	0	674	666	641	641	641	185	185	185	185	185	185	185	185	185	185	185	4	0	0	4	4	4	4	4	4	4	0	0	675	651	643	594	594	594	0	0	676	0	0	559	4	0	0	677	668	668	668	668	0	0	678	670	660	0	0	0	0	679	577	0	577	577	577	577	0	0	0	0	0	0	0	652	652	652	0	
0	0	0	0	680	680	0	0	681	624	624	624	573	573	0	682	671	671	671	573	0	0	0	0	0	0	664	0	185	185	185	185	185	185	185	0	0	665	654	654	654	0	683	638	638	638	638	638	638	0	638	0	0	674	666	641	641	641	185	0	185	0	185	185	185	0	185	185	185	0	0	0	0	0	4	4	4	4	4	4	0	675	651	643	594	594	594	0	684	0	0	0	0	4	0	0	677	668	668	668	668	668	668	668	0	660	0	685	685	685	0	0	0	0	0	577	577	0	686	686	0	687	0	0	0	0	0	688	
0	0	0	689	680	680	0	690	681	624	624	624	573	573	0	682	0	0	671	573	0	0	0	691	0	0	0	692	0	185	185	185	185	185	0	693	693	0	654	654	654	0	0	638	638	638	638	638	638	638	638	638	638	638	638	638	638	638	0	0	0	694	185	0	185	185	185	185	185	0	695	0	0	696	4	4	4	4	4	4	0	675	651	643	594	594	594	0	0	0	697	0	698	4	0	0	0	668	668	668	668	668	668	668	668	660	660	660	660	660	660	0	0	0	0	0	577	577	577	577	577	577	0	0	0	0	0	0	
0	0	0	689	680	680	680	680	680	624	624	624	0	573	573	573	0	0	671	573	0	0	0	0	699	0	0	0	0	185	185	185	0	185	185	185	185	185	185	185	0	0	700	638	638	638	638	638	638	638	638	638	638	0	0	0	0	0	701	0	0	0	185	185	185	185	185	185	0	0	695	695	695	695	4	0	4	4	0	0	0	0	0	643	594	594	0	0	0	702	697	0	698	4	4	0	0	668	668	0	668	0	668	0	668	660	0	660	660	0	0	0	0	0	0	703	577	577	577	577	577	577	0	0	0	704	704	704	
705	0	706	0	680	680	680	680	680	624	624	624	624	573	573	0	0	0	0	573	0	0	0	0	0	707	707	707	0	0	0	0	0	0	185	185	185	185	185	0	0	0	700	638	638	638	638	0	0	0	638	0	0	0	0	0	0	708	701	701	0	0	185	185	0	185	185	0	0	0	695	695	695	695	4	0	4	4	0	0	0	0	0	0	594	0	0	0	709	0	697	697	697	4	4	0	710	668	668	668	0	0	0	711	668	660	660	0	660	660	660	0	0	712	712	703	577	577	577	0	577	0	0	0	0	704	704	704	
705	705	0	713	680	680	680	680	0	624	624	624	624	573	573	573	0	0	714	573	0	715	0	0	0	707	707	707	707	0	0	0	0	716	185	185	185	185	185	185	185	0	0	0	638	638	638	0	0	0	0	717	0	0	0	0	0	708	701	0	0	718	0	185	0	185	185	185	0	0	0	695	695	695	0	719	4	0	0	720	0	0	0	721	0	0	0	0	709	709	697	697	697	4	4	4	4	0	668	0	0	0	0	0	0	660	660	660	660	660	660	660	660	660	660	660	577	0	0	722	0	0	0	0	0	0	0	704	
0	0	0	0	680	680	0	0	723	624	624	624	624	0	0	0	724	724	714	573	573	573	0	0	0	0	0	707	0	725	725	0	0	716	185	185	185	185	185	185	185	185	0	726	0	638	0	0	0	0	0	0	0	0	0	727	727	708	701	701	0	718	718	185	185	185	185	185	185	185	0	0	695	0	0	0	0	0	0	0	0	728	728	721	0	0	0	729	0	709	0	0	697	4	4	4	4	4	4	0	0	0	730	730	730	660	660	0	660	660	660	660	660	660	0	660	577	0	731	0	0	0	0	0	732	0	733	0	
0	0	734	734	680	680	0	0	723	0	624	0	624	0	0	0	724	724	0	0	573	573	573	0	0	0	0	0	0	725	725	725	0	716	185	185	185	0	0	0	0	185	185	185	0	0	0	735	0	736	0	0	737	0	738	727	727	708	701	701	701	0	718	185	185	185	185	185	185	0	0	0	0	0	0	0	0	739	0	0	740	728	728	721	721	721	0	729	729	709	709	0	697	4	4	4	4	4	4	4	4	0	730	730	730	660	660	660	660	660	0	660	660	0	741	660	577	577	0	0	0	742	0	0	732	732	732	0	
0	743	734	734	680	680	0	0	723	723	0	0	624	624	0	0	0	0	0	0	0	573	573	573	0	744	744	0	745	725	725	725	725	716	0	185	185	0	0	0	746	0	185	185	185	0	747	735	735	0	748	748	0	0	0	727	727	0	701	0	701	701	701	185	185	185	185	185	185	185	0	0	0	0	0	0	0	739	739	739	739	728	728	721	721	721	0	729	0	709	709	709	0	4	4	4	4	4	4	4	4	4	4	4	0	660	660	660	660	660	660	660	660	660	660	660	577	577	577	577	577	0	749	749	732	732	732	732	
750	743	0	734	680	0	751	751	0	723	0	0	0	624	0	0	752	0	0	0	753	573	573	573	573	573	0	754	745	725	725	725	725	716	716	185	185	185	0	755	0	756	185	185	185	0	0	735	735	735	735	735	735	0	0	0	727	727	0	0	701	701	701	185	0	185	185	185	185	185	185	185	185	0	0	0	0	739	0	739	739	728	728	721	721	721	721	721	721	709	709	709	709	0	4	4	4	4	4	0	4	4	4	0	757	0	660	660	660	660	660	0	660	660	660	660	0	577	577	577	577	0	0	749	732	732	732	0	
0	0	0	0	680	680	680	680	680	680	680	0	0	0	758	758	752	0	0	759	0	573	573	0	573	573	573	573	573	573	573	573	0	716	716	185	185	185	185	185	185	185	185	0	0	760	760	735	735	735	735	735	0	761	761	761	727	727	727	727	0	701	701	0	0	185	185	185	185	185	185	185	185	0	0	762	762	0	0	0	739	728	0	0	0	721	721	721	721	709	709	709	709	709	4	4	4	4	4	0	4	4	4	4	4	4	4	0	660	660	660	0	660	660	660	660	660	577	577	0	0	0	0	749	732	732	732	732	
0	0	0	763	680	680	680	0	680	680	680	0	764	764	758	758	0	765	765	0	0	0	573	0	573	573	573	573	573	573	573	573	573	573	573	185	0	185	185	0	185	185	185	185	185	185	185	185	185	185	185	185	185	185	185	185	185	185	185	0	766	701	701	0	0	185	185	185	185	185	185	185	185	185	0	762	762	0	0	0	739	728	0	0	0	721	721	721	721	709	709	709	709	709	4	4	4	4	0	767	4	4	4	4	4	0	4	4	4	4	0	0	660	660	660	660	660	0	577	0	0	0	0	0	732	732	732	732	
0	0	768	763	680	680	680	680	680	680	0	769	764	764	758	0	0	765	765	0	0	0	573	573	573	573	573	573	573	573	573	573	573	573	573	185	0	185	185	185	185	185	185	185	185	185	185	185	0	185	185	185	185	0	185	185	185	185	0	0	0	701	701	701	0	0	185	0	0	185	185	185	185	185	185	185	0	0	0	770	739	728	728	728	728	721	721	721	721	709	709	709	709	709	4	0	0	4	4	4	4	4	4	4	0	771	0	4	4	4	4	0	0	660	660	0	0	0	0	0	0	0	0	772	732	732	0	0	
0	773	0	763	0	680	680	0	680	680	0	769	764	764	758	0	774	765	765	0	775	775	573	573	573	573	573	573	573	0	0	573	573	573	0	185	185	185	0	185	185	0	185	185	185	185	185	0	0	0	0	185	0	776	185	185	185	0	777	0	0	701	701	701	701	701	0	0	0	0	185	185	185	185	185	185	185	0	0	770	739	0	728	728	728	721	721	721	721	709	709	709	709	709	0	0	0	0	4	4	4	4	4	0	0	0	0	0	4	4	4	4	4	4	4	0	0	0	778	0	0	0	0	0	732	732	0	0	
0	0	0	763	763	680	680	680	0	680	680	0	764	764	758	758	758	758	758	0	0	0	573	573	573	573	573	573	0	779	779	573	573	573	573	185	185	0	0	0	185	185	185	185	0	185	185	185	0	0	0	0	780	776	185	185	185	185	0	0	0	0	701	701	701	701	701	701	0	0	185	0	0	185	185	0	0	0	0	770	739	739	728	728	728	721	721	721	721	709	0	709	709	0	781	0	0	0	4	4	4	4	4	4	0	782	0	0	4	4	0	4	4	0	0	0	0	0	0	0	0	0	0	0	732	0	783	0	
784	0	0	0	763	680	680	0	785	680	680	0	0	0	758	758	758	758	0	0	0	0	0	0	573	573	573	573	573	573	573	573	573	573	573	185	185	185	185	0	0	185	185	185	185	185	185	185	185	0	0	0	780	776	185	185	185	185	185	185	0	0	0	701	701	701	701	701	701	0	0	0	786	0	185	0	0	0	787	770	739	739	728	728	728	721	0	721	721	709	709	709	709	0	781	0	788	788	4	4	0	4	4	4	0	0	789	789	4	4	4	4	0	0	790	790	790	0	0	0	0	0	0	791	0	0	0	0	
784	0	0	792	763	680	680	680	680	680	680	680	680	680	0	758	758	758	758	758	0	0	0	0	0	573	573	573	573	573	573	573	0	573	573	185	185	185	0	0	0	0	185	185	185	185	0	185	185	0	0	0	0	776	185	185	185	185	185	185	185	0	0	0	701	701	701	701	0	0	0	0	786	0	185	185	185	185	185	185	0	739	728	728	728	721	0	721	721	709	709	709	709	709	709	0	788	788	4	4	4	4	0	4	4	0	0	789	4	4	4	4	0	0	790	790	790	790	0	793	793	793	793	791	791	0	0	794	
784	0	0	0	763	0	680	680	0	0	0	680	680	680	680	680	680	680	680	680	0	0	0	0	0	0	0	573	573	573	573	573	573	573	573	185	185	0	0	0	0	0	0	185	185	185	185	185	185	185	185	185	185	185	185	0	0	0	185	185	185	185	185	185	185	185	185	0	0	0	0	0	786	0	185	185	185	185	185	185	185	185	185	185	185	185	185	185	185	185	185	185	185	185	185	0	0	788	4	0	4	4	0	0	0	0	0	789	0	4	4	0	795	0	790	790	790	0	0	793	793	0	793	791	791	791	0	794	
0	0	0	0	0	0	0	0	0	0	0	680	680	680	680	680	680	680	680	680	680	680	680	680	0	0	796	573	573	0	0	573	573	573	573	185	0	797	797	797	0	0	0	185	0	185	0	185	185	185	185	185	185	185	185	0	0	0	185	185	185	185	185	185	185	185	0	798	0	0	0	799	0	800	0	185	185	185	185	185	0	185	185	185	185	0	185	185	185	185	185	185	185	185	185	0	0	788	4	4	4	4	0	0	801	0	0	789	789	4	4	4	4	4	4	0	0	0	0	0	0	802	793	791	0	0	803	794	
0	0	804	0	0	0	0	0	0	805	805	680	680	680	680	0	0	680	680	680	680	680	0	680	0	806	796	0	0	0	0	573	573	0	573	185	0	797	797	797	0	0	0	0	0	185	0	0	0	0	185	185	0	0	0	0	0	807	185	185	185	185	0	0	0	0	808	0	809	809	809	0	810	800	800	185	185	0	0	0	0	185	185	185	185	0	0	185	185	0	0	185	185	0	0	0	811	788	4	4	4	4	4	4	4	0	812	789	789	4	4	4	4	0	0	0	0	0	0	0	0	802	793	791	791	0	0	0	
813	813	804	804	0	814	814	814	814	805	805	680	680	680	680	680	0	680	680	680	680	680	680	680	680	680	680	680	0	0	0	0	573	573	0	185	185	185	185	185	185	185	0	0	0	185	185	0	0	815	185	185	0	0	816	816	816	807	185	185	185	185	0	817	817	0	0	818	0	809	809	0	0	800	800	185	185	185	185	0	819	185	185	0	0	0	0	0	185	0	820	185	185	0	0	0	0	788	4	4	4	4	4	4	0	0	0	0	0	4	4	4	0	0	0	0	0	0	0	0	0	0	793	791	791	791	0	0	
813	813	804	804	0	814	814	814	814	805	805	680	680	0	680	680	680	680	680	680	680	680	680	680	680	680	0	680	680	680	0	821	573	573	573	185	185	185	185	0	185	185	185	0	0	185	185	185	185	185	185	0	0	822	0	816	816	807	185	185	185	185	185	185	185	185	185	0	823	809	809	0	0	0	0	185	185	185	185	0	819	185	185	0	0	824	0	825	0	0	0	185	185	0	0	826	826	788	4	4	4	4	0	4	0	0	0	0	0	4	4	0	0	827	0	0	0	0	828	828	828	828	793	791	0	791	0	829	
813	813	804	804	0	814	814	814	814	805	805	0	0	830	680	680	680	680	680	680	680	680	0	680	0	0	831	680	680	680	680	680	573	573	573	185	185	185	185	185	185	0	185	0	0	0	0	0	185	185	185	185	185	185	185	185	0	0	185	185	0	185	185	185	185	185	185	185	0	809	809	0	0	0	0	0	0	0	185	0	819	185	185	0	832	824	824	824	0	0	833	0	0	834	834	826	826	0	4	4	4	4	0	4	4	0	0	0	0	0	4	4	4	0	0	0	0	0	828	828	828	828	793	0	0	0	0	829	
813	0	0	0	0	0	814	814	0	805	805	805	0	830	680	680	680	0	680	680	680	680	0	680	680	0	0	0	680	680	680	680	573	573	573	185	185	185	185	185	0	0	0	0	0	0	0	0	0	185	185	0	185	185	0	185	0	0	185	185	185	0	185	185	185	0	0	0	835	0	0	0	0	836	0	0	0	0	0	0	0	185	185	185	0	824	0	824	824	0	0	0	0	0	834	826	0	837	4	4	0	4	0	0	4	4	0	838	0	0	0	0	0	839	0	0	0	840	0	828	828	828	0	0	0	0	841	829	
813	0	0	0	842	842	814	0	0	805	805	805	805	0	680	680	680	0	680	680	680	680	680	680	0	0	843	0	680	680	680	680	573	573	573	185	0	0	185	185	0	844	844	844	0	0	0	0	0	185	0	845	185	0	846	185	185	0	185	185	0	0	0	185	185	0	0	847	0	0	0	0	848	836	836	0	849	0	0	0	0	0	0	0	0	824	824	824	824	0	0	0	850	850	834	826	826	826	4	4	4	4	4	4	4	4	4	4	4	0	0	0	851	0	852	852	852	0	853	828	828	828	828	0	854	854	841	829	
813	813	813	813	813	813	813	813	0	0	0	0	805	805	0	680	0	0	0	680	680	0	680	0	0	855	843	0	0	0	680	680	573	573	573	0	856	856	185	185	185	185	0	0	857	0	858	0	0	0	859	845	185	185	185	185	185	185	185	0	0	0	0	0	185	0	860	847	0	0	861	861	848	836	836	0	0	0	862	0	863	0	0	0	0	824	824	824	824	0	0	0	0	0	0	0	826	826	4	0	4	4	4	0	4	4	4	4	4	4	0	0	0	864	0	852	852	0	0	828	828	828	828	828	828	828	828	828	
813	813	813	813	813	813	813	813	0	0	865	0	0	0	866	680	680	0	0	0	0	0	0	867	867	855	843	843	0	0	680	680	0	573	573	573	573	573	185	185	185	0	0	0	0	868	0	869	0	0	0	845	185	185	0	185	185	185	185	185	185	0	870	870	185	185	0	847	847	847	847	847	847	836	836	836	836	836	836	836	836	836	0	0	0	0	824	824	0	0	0	0	0	0	0	0	0	0	4	4	4	4	4	4	0	4	0	4	4	4	4	4	4	4	4	4	4	4	0	0	0	828	828	828	828	828	828	828	
813	0	813	813	813	813	813	813	813	813	813	813	813	813	813	680	680	680	0	0	0	871	871	0	867	855	843	843	0	0	0	680	680	573	573	573	573	573	185	185	185	0	0	0	0	0	872	0	0	873	0	0	185	0	874	185	185	185	185	185	0	0	870	870	0	185	185	0	847	847	847	847	847	836	836	0	0	836	836	836	0	0	0	875	875	875	824	824	824	0	876	876	0	0	0	0	877	0	0	4	4	4	0	4	4	4	0	4	4	4	4	0	4	4	4	4	4	4	0	0	0	0	828	0	828	828	828	828	
0	0	0	813	813	813	0	813	0	813	813	0	813	813	813	680	680	680	680	0	878	871	871	871	867	855	843	843	843	843	843	680	680	573	573	573	573	573	185	0	185	185	0	0	0	0	0	879	0	873	0	0	185	185	0	185	185	185	185	0	0	0	870	870	0	0	185	185	185	185	185	185	185	185	0	0	0	0	0	0	0	0	880	0	875	875	824	824	824	824	0	876	876	876	0	881	877	0	882	4	4	4	4	4	4	4	4	4	4	4	4	0	4	4	4	4	4	4	4	0	0	0	828	828	828	828	828	828	
883	883	883	813	813	0	0	0	884	813	813	813	813	813	813	680	680	680	680	680	680	680	680	680	680	0	843	843	843	843	843	680	680	573	573	0	0	0	0	0	185	185	185	185	0	0	0	0	885	873	873	873	185	185	185	185	185	185	185	185	0	0	870	870	0	0	185	185	185	185	185	185	185	0	886	0	0	0	0	0	0	887	880	880	875	875	824	824	824	824	0	876	876	876	876	0	877	877	877	4	4	4	4	4	4	4	4	4	0	4	4	4	0	4	4	4	0	4	4	0	0	0	828	828	828	828	828	828	
883	883	883	813	0	0	0	888	884	813	813	813	0	0	0	680	0	680	680	680	680	680	680	680	680	680	680	680	0	0	843	680	680	573	573	0	0	0	0	889	185	185	185	185	185	0	0	890	885	873	873	873	185	185	185	185	185	185	185	0	0	0	0	870	0	0	0	185	185	0	185	185	185	185	185	0	0	0	0	891	891	887	0	880	875	0	0	824	824	824	824	824	0	876	876	876	876	876	876	4	4	0	4	4	4	4	4	4	4	4	4	4	4	4	0	4	4	4	4	4	0	0	0	0	828	828	828	828	
883	883	0	813	0	0	0	0	0	813	813	0	0	0	0	0	0	0	0	680	680	680	680	680	680	680	680	0	0	892	843	680	680	0	0	0	0	0	0	889	185	0	185	185	185	0	0	890	885	0	0	873	0	185	185	185	185	185	0	0	0	0	0	0	0	0	893	185	0	0	185	185	185	185	0	0	0	0	0	0	891	887	0	0	0	894	894	824	824	824	0	0	0	876	876	876	876	876	876	4	0	0	4	4	4	4	4	4	4	0	4	4	4	4	4	4	0	4	0	0	0	0	0	0	828	828	828	828	
0	0	0	0	0	0	0	895	0	0	0	0	896	0	0	897	897	897	0	680	680	680	680	680	680	680	680	680	0	0	0	680	680	680	0	0	0	0	0	0	0	898	185	0	0	899	0	0	0	0	0	0	900	185	185	0	185	0	0	0	901	901	0	0	0	0	893	185	0	0	185	185	185	185	185	0	0	0	902	902	891	887	0	0	0	894	894	824	824	824	824	824	824	0	0	0	876	876	876	4	0	0	0	0	4	0	0	0	0	903	4	4	0	4	4	0	0	0	0	0	0	0	0	904	828	828	828	828	
0	905	0	0	0	0	906	0	907	907	0	908	0	0	0	897	897	897	0	0	680	680	680	0	0	0	680	680	680	0	909	680	680	680	680	0	910	910	0	0	911	898	185	185	0	0	0	0	0	0	0	0	0	185	185	185	185	0	0	0	901	901	0	912	912	912	893	0	0	913	0	185	185	185	185	0	0	914	902	902	891	0	915	0	0	0	894	824	824	824	824	824	0	916	0	0	876	876	876	4	0	0	0	0	0	0	0	0	917	903	4	4	4	4	4	4	0	0	0	0	918	0	919	904	828	828	828	0	
920	0	0	0	0	0	0	921	907	907	907	907	0	0	922	0	897	897	0	923	680	680	0	0	0	924	680	680	680	680	680	680	680	680	680	680	0	0	0	0	911	898	185	185	0	0	0	0	0	0	0	0	0	185	185	185	185	185	0	0	0	901	901	0	0	912	893	0	925	913	913	0	185	185	0	926	0	0	902	0	0	927	915	0	0	0	0	0	824	824	824	824	0	0	0	928	0	876	876	4	4	4	0	0	0	0	929	929	0	903	4	4	4	4	4	4	4	0	930	930	0	931	919	904	828	828	828	828	
920	0	932	932	0	933	933	0	0	907	907	0	0	0	922	0	897	0	934	923	0	680	680	0	0	0	680	680	680	680	680	680	680	680	680	680	680	0	0	0	0	898	185	185	0	0	0	935	935	0	0	0	936	0	185	185	185	185	185	0	937	0	0	0	0	0	0	0	925	913	0	938	185	185	0	0	0	0	0	0	0	927	915	0	0	939	0	940	0	0	0	0	0	0	941	928	928	876	876	4	4	4	0	0	0	942	929	929	0	0	4	4	4	0	4	4	0	0	0	0	943	931	919	904	828	828	828	828	
920	0	932	932	932	0	933	933	933	0	907	0	0	944	922	0	897	897	897	897	0	680	680	0	0	0	0	680	0	680	0	0	680	680	680	680	680	680	680	680	680	0	185	185	185	0	945	935	935	935	0	946	936	936	0	185	185	185	185	185	185	0	0	0	0	0	0	947	925	913	913	913	185	185	0	0	0	0	948	0	0	927	915	915	0	0	0	0	949	0	0	0	950	950	941	928	928	876	876	4	0	0	0	0	951	942	929	0	0	0	0	0	0	0	0	0	0	952	0	0	0	0	919	904	828	828	828	828	
920	920	920	920	920	0	0	933	0	0	907	907	907	0	922	922	897	897	897	0	0	680	680	0	0	0	953	680	680	680	680	680	680	680	680	680	0	680	680	680	680	680	185	185	185	185	185	185	0	935	935	0	936	936	936	185	185	185	185	185	185	185	0	954	0	0	0	947	925	0	0	913	185	185	0	0	0	0	0	0	0	0	0	0	955	955	0	0	0	0	0	0	950	950	941	928	928	0	876	4	0	956	0	0	0	942	929	0	0	0	0	0	0	0	0	0	957	0	0	0	0	0	0	904	828	828	828	0	
920	920	920	920	920	920	920	0	0	0	907	907	0	958	0	922	897	897	0	0	0	0	680	680	0	959	0	680	0	680	680	680	680	680	680	0	0	0	680	680	680	680	185	185	185	185	185	185	185	185	0	960	936	936	936	185	185	185	185	185	185	185	185	0	961	961	0	947	925	925	0	913	185	185	185	0	0	962	962	0	0	963	963	0	955	955	955	0	0	964	964	964	950	950	941	0	928	928	876	4	4	4	4	0	0	0	0	0	0	0	0	0	0	0	0	965	957	957	0	0	0	966	966	904	828	828	0	0	
0	920	920	920	920	920	920	920	0	0	907	907	907	907	907	907	897	897	0	0	0	967	680	680	680	680	680	0	0	0	0	680	0	680	680	680	0	0	0	680	680	680	185	185	0	185	185	185	0	185	185	0	936	936	936	0	185	185	185	185	185	185	185	0	961	961	961	947	925	925	0	913	185	185	185	185	185	185	0	0	968	963	0	969	955	955	0	970	970	0	964	964	950	950	0	971	928	0	876	4	4	0	0	0	0	0	0	0	972	972	0	0	0	0	0	0	0	0	0	0	0	966	966	904	828	0	0	0	
0	0	0	0	920	920	920	0	0	0	0	907	0	907	907	907	0	897	897	897	0	967	680	680	680	680	680	0	0	0	0	0	0	680	680	680	680	0	0	0	680	680	185	185	185	185	185	0	0	0	185	185	185	185	0	0	185	185	185	185	185	0	0	0	0	961	961	947	925	925	925	0	185	0	0	0	185	185	185	185	185	0	973	0	0	0	974	970	970	970	964	964	950	0	975	971	928	928	876	4	4	4	4	4	0	0	976	976	972	0	0	977	977	0	0	0	0	0	0	978	978	0	966	904	0	0	0	0	
0	0	0	0	0	0	0	979	979	979	979	0	0	907	907	907	907	897	897	897	897	897	680	680	680	0	680	680	0	0	0	0	980	680	680	680	0	0	0	981	0	680	185	0	185	185	0	0	0	982	185	185	185	185	0	0	0	185	185	185	185	0	0	0	0	961	961	947	0	925	925	925	0	0	0	983	185	185	185	185	0	0	0	0	0	984	974	970	970	970	0	0	0	0	0	971	928	928	876	0	4	4	4	4	4	4	4	4	0	0	985	977	977	0	986	0	0	0	0	978	978	978	966	904	904	0	0	0	
0	0	0	0	0	0	0	0	979	979	979	979	979	907	907	907	907	897	897	897	0	897	680	680	680	680	0	680	680	680	0	987	980	680	680	680	0	0	0	981	981	680	185	185	185	0	0	0	0	982	185	185	0	185	0	0	988	0	185	185	185	185	0	0	0	0	961	947	947	0	925	0	989	989	0	0	185	185	185	185	185	185	0	0	0	984	974	970	970	0	990	990	0	991	0	0	0	928	876	876	4	4	4	4	0	4	4	4	4	0	985	977	977	977	977	0	0	0	0	978	978	978	966	904	904	0	0	0	
992	0	993	993	0	994	0	0	979	979	979	979	979	907	907	907	907	897	897	897	897	897	680	0	0	0	0	0	680	680	680	680	680	680	680	680	680	680	680	680	680	680	185	185	185	0	0	0	0	982	185	0	995	0	996	0	0	997	185	185	185	0	998	0	0	0	0	947	947	947	925	925	0	989	0	999	185	185	185	185	185	0	0	0	0	0	0	0	970	970	970	970	970	970	970	0	0	0	876	876	0	4	4	0	1000	4	4	4	4	4	0	0	977	977	977	0	0	0	0	978	978	978	0	904	904	0	0	0	
992	992	992	992	992	992	992	0	0	979	979	979	979	907	907	907	0	897	897	897	897	897	680	0	0	0	0	1001	680	680	680	680	680	680	680	680	680	680	680	680	680	0	185	0	185	185	0	0	0	0	0	0	0	0	0	0	0	997	0	185	0	0	0	0	0	0	0	0	947	947	925	925	925	925	0	0	185	185	185	185	185	185	185	0	0	0	1002	1002	970	970	970	970	0	970	970	970	970	0	0	0	1003	4	4	4	4	0	4	4	4	0	1004	1004	977	977	977	0	0	1005	0	0	978	978	978	0	0	1006	1006	1006	
992	992	992	992	992	992	992	0	0	0	979	979	979	907	907	907	907	897	897	897	897	897	680	0	0	0	0	1001	680	680	680	680	680	680	680	0	680	680	680	680	680	680	185	185	0	0	0	1007	0	0	0	0	0	0	0	0	0	0	1008	185	0	0	0	0	0	0	0	0	947	947	925	925	925	925	925	0	185	0	185	185	185	185	185	185	185	0	0	1002	970	970	970	970	970	970	970	970	0	0	0	1009	1003	4	4	4	0	1010	4	4	4	4	4	4	4	4	4	4	0	1005	0	0	0	978	0	1011	1011	1006	1006	1006	
992	992	992	992	992	0	0	0	0	0	0	979	979	907	907	0	0	897	897	897	897	897	0	0	0	0	0	0	680	680	0	680	680	680	680	680	680	680	680	680	680	680	185	185	185	185	185	0	1012	1012	1012	1012	1012	1012	1012	0	0	1013	0	185	0	0	0	0	1014	0	0	0	947	947	925	0	925	925	0	0	185	185	185	185	0	185	185	185	185	185	185	0	970	970	970	970	970	970	970	0	1015	1015	0	0	1003	4	4	4	0	0	0	4	4	0	4	0	4	4	4	0	0	0	0	0	1016	978	0	0	1011	1006	1006	0	
992	992	992	992	0	0	0	0	0	1017	0	0	979	907	907	907	907	897	897	897	897	897	897	897	897	0	0	1018	680	680	680	0	680	680	0	680	680	680	680	680	0	680	185	185	185	185	185	185	0	1012	1012	1012	1012	1012	1012	1012	1012	1012	1012	185	185	0	0	0	1014	0	0	1019	0	947	925	0	925	0	0	0	0	0	185	185	185	185	0	185	185	185	185	0	970	970	0	970	970	970	970	0	1015	1015	0	0	0	4	4	4	0	0	0	0	4	0	4	4	4	4	0	0	1020	1020	1020	1020	1016	978	0	1021	0	1006	1006	1006	
