1.000013e-01
1.000013e-01
1.000014e-01
1.000014e-01
1.000014e-01
1.000015e-01
1.000015e-01
1.000015e-01
1.000016e-01
1.000016e-01
1.000015e-01
1.000015e-01
1.000013e-01
1.000011e-01
1.000007e-01
1.000002e-01
9.999948e-02
9.999854e-02
9.999733e-02
9.999577e-02
9.999380e-02
9.999134e-02
9.998830e-02
9.998456e-02
9.998002e-02
9.997453e-02
9.996793e-02
9.996006e-02
9.995070e-02
9.993965e-02
9.992664e-02
9.991140e-02
9.989362e-02
9.987295e-02
9.984901e-02
9.982138e-02
9.978959e-02
9.975314e-02
9.971146e-02
9.966397e-02
9.960998e-02
9.954880e-02
9.947965e-02
9.940169e-02
9.931404e-02
9.921575e-02
9.910579e-02
9.898309e-02
9.884649e-02
9.869481e-02
9.852675e-02
9.834101e-02
9.813618e-02
9.791085e-02
9.766350e-02
9.739263e-02
9.709665e-02
9.677398e-02
9.642300e-02
9.604208e-02
9.562957e-02
9.518387e-02
9.470337e-02
9.418649e-02
9.363169e-02
9.303752e-02
9.240256e-02
9.172548e-02
9.100506e-02
9.024017e-02
8.942981e-02
8.857310e-02
8.766928e-02
8.671778e-02
8.571813e-02
8.467006e-02
8.357345e-02
8.242834e-02
8.123494e-02
7.999362e-02
7.870493e-02
7.736957e-02
7.598840e-02
7.456241e-02
7.309277e-02
7.158073e-02
7.002772e-02
6.843523e-02
6.680490e-02
6.513841e-02
6.343756e-02
6.170420e-02
5.994025e-02
5.814765e-02
5.632842e-02
5.448459e-02
5.261823e-02
5.073145e-02
4.882641e-02
4.690533e-02
4.497057e-02
4.302465e-02
4.107041e-02
3.911119e-02
3.715113e-02
3.519568e-02
3.325241e-02
3.133227e-02
2.945164e-02
2.763573e-02
2.592385e-02
2.437811e-02
2.309738e-02
2.223975e-02
2.205853e-02
2.295927e-02
2.558860e-02
3.096780e-02
4.068195e-02
5.711628e-02
8.367296e-02
1.247677e-01
1.851965e-01
2.683601e-01
3.733776e-01
4.927166e-01
6.132225e-01
7.212768e-01
8.083362e-01
8.726371e-01
9.171462e-01
9.465941e-01
9.655037e-01
9.774195e-01
9.848448e-01
9.894454e-01
9.922918e-01
9.940573e-01
9.951601e-01
9.958582e-01
9.963094e-01
9.966106e-01
9.968205e-01
9.969752e-01
9.970966e-01
9.971977e-01
9.972868e-01
9.973686e-01
9.974460e-01
9.975208e-01
9.975940e-01
9.976661e-01
9.977375e-01
9.978083e-01
9.978785e-01
9.979483e-01
9.980174e-01
9.980860e-01
9.981538e-01
9.982209e-01
9.982872e-01
9.983526e-01
9.984170e-01
9.984804e-01
9.985427e-01
9.986039e-01
9.986640e-01
9.987227e-01
9.987802e-01
9.988364e-01
9.988913e-01
9.989447e-01
9.989968e-01
9.990474e-01
9.990966e-01
9.991443e-01
9.991905e-01
9.992353e-01
9.992785e-01
9.993203e-01
9.993606e-01
9.993994e-01
9.994367e-01
9.994725e-01
9.995070e-01
9.995399e-01
9.995715e-01
9.996017e-01
9.996305e-01
9.996579e-01
9.996841e-01
9.997089e-01
9.997325e-01
9.997549e-01
9.997761e-01
9.997961e-01
9.998150e-01
9.998327e-01
9.998495e-01
9.998652e-01
9.998799e-01
9.998937e-01
9.999065e-01
9.999185e-01
9.999296e-01
9.999399e-01
9.999495e-01
9.999583e-01
9.999665e-01
9.999739e-01
9.999808e-01
9.999870e-01
9.999927e-01
9.999978e-01
1.000002e+00
1.000007e+00
1.000010e+00
1.000014e+00
1.000017e+00
1.000019e+00
1.000021e+00
1.000023e+00
1.000025e+00
1.000026e+00
1.000028e+00
1.000028e+00
1.000029e+00
1.000030e+00
1.000030e+00
1.000030e+00
1.000030e+00
1.000030e+00
1.000030e+00
1.000030e+00
1.000030e+00
1.000029e+00
1.000029e+00
1.000029e+00
1.000028e+00
1.000028e+00
1.000027e+00
1.000027e+00
1.000026e+00
1.000026e+00
1.000025e+00
1.000025e+00
1.000024e+00
1.000024e+00
1.000023e+00
1.000023e+00
1.000023e+00
1.000023e+00
1.000022e+00
1.000022e+00
1.000022e+00
1.000022e+00
1.000022e+00
1.000022e+00
1.000022e+00
1.000022e+00
1.000022e+00
1.000022e+00
1.000023e+00
1.000023e+00
1.000023e+00
1.000023e+00
1.000024e+00
1.000024e+00
1.000025e+00
1.000025e+00
1.000026e+00
1.000026e+00
1.000027e+00
1.000027e+00
1.000028e+00
1.000028e+00
1.000029e+00
1.000029e+00
1.000029e+00
1.000030e+00
1.000030e+00
1.000030e+00
1.000030e+00
1.000030e+00
1.000030e+00
1.000030e+00
1.000030e+00
1.000029e+00
1.000028e+00
1.000028e+00
1.000026e+00
1.000025e+00
1.000023e+00
1.000021e+00
1.000019e+00
1.000017e+00
1.000014e+00
1.000010e+00
1.000007e+00
1.000002e+00
9.999978e-01
9.999927e-01
9.999870e-01
9.999808e-01
9.999739e-01
9.999665e-01
9.999583e-01
9.999495e-01
9.999399e-01
9.999296e-01
9.999185e-01
9.999065e-01
9.998937e-01
9.998799e-01
9.998652e-01
9.998495e-01
9.998327e-01
9.998150e-01
9.997961e-01
9.997761e-01
9.997549e-01
9.997325e-01
9.997089e-01
9.996841e-01
9.996579e-01
9.996305e-01
9.996017e-01
9.995715e-01
9.995399e-01
9.995070e-01
9.994725e-01
9.994367e-01
9.993994e-01
9.993606e-01
9.993203e-01
9.992785e-01
9.992353e-01
9.991905e-01
9.991443e-01
9.990966e-01
9.990474e-01
9.989968e-01
9.989447e-01
9.988913e-01
9.988364e-01
9.987802e-01
9.987227e-01
9.986640e-01
9.986039e-01
9.985427e-01
9.984804e-01
9.984170e-01
9.983526e-01
9.982872e-01
9.982209e-01
9.981538e-01
9.980860e-01
9.980174e-01
9.979483e-01
9.978785e-01
9.978083e-01
9.977375e-01
9.976661e-01
9.975940e-01
9.975208e-01
9.974460e-01
9.973686e-01
9.972868e-01
9.971977e-01
9.970966e-01
9.969752e-01
9.968205e-01
9.966106e-01
9.963094e-01
9.958582e-01
9.951601e-01
9.940573e-01
9.922918e-01
9.894454e-01
9.848448e-01
9.774195e-01
9.655037e-01
9.465941e-01
9.171462e-01
8.726371e-01
8.083362e-01
7.212768e-01
6.132225e-01
4.927166e-01
3.733776e-01
2.683601e-01
1.851965e-01
1.247677e-01
8.367296e-02
5.711628e-02
4.068195e-02
3.096780e-02
2.558860e-02
2.295927e-02
2.205853e-02
2.223975e-02
2.309738e-02
2.437811e-02
2.592385e-02
2.763573e-02
2.945164e-02
3.133227e-02
3.325241e-02
3.519568e-02
3.715113e-02
3.911119e-02
4.107041e-02
4.302465e-02
4.497057e-02
4.690533e-02
4.882641e-02
5.073145e-02
5.261823e-02
5.448459e-02
5.632842e-02
5.814765e-02
5.994025e-02
6.170420e-02
6.343756e-02
6.513841e-02
6.680490e-02
6.843523e-02
7.002772e-02
7.158073e-02
7.309277e-02
7.456241e-02
7.598840e-02
7.736957e-02
7.870493e-02
7.999362e-02
8.123494e-02
8.242834e-02
8.357345e-02
8.467006e-02
8.571813e-02
8.671778e-02
8.766928e-02
8.857310e-02
8.942981e-02
9.024017e-02
9.100506e-02
9.172548e-02
9.240256e-02
9.303752e-02
9.363169e-02
9.418649e-02
9.470337e-02
9.518387e-02
9.562957e-02
9.604208e-02
9.642300e-02
9.677398e-02
9.709665e-02
9.739263e-02
9.766350e-02
9.791085e-02
9.813618e-02
9.834101e-02
9.852675e-02
9.869481e-02
9.884649e-02
9.898309e-02
9.910579e-02
9.921575e-02
9.931404e-02
9.940169e-02
9.947965e-02
9.954880e-02
9.960998e-02
9.966397e-02
9.971146e-02
9.975314e-02
9.978959e-02
9.982138e-02
9.984901e-02
9.987295e-02
9.989362e-02
9.991140e-02
9.992664e-02
9.993965e-02
9.995070e-02
9.996006e-02
9.996793e-02
9.997453e-02
9.998002e-02
9.998456e-02
9.998830e-02
9.999134e-02
9.999380e-02
9.999577e-02
9.999733e-02
9.999854e-02
9.999948e-02
1.000002e-01
1.000007e-01
1.000011e-01
1.000013e-01
1.000015e-01
1.000015e-01
1.000016e-01
1.000016e-01
1.000015e-01
1.000015e-01
1.000015e-01
1.000014e-01
1.000014e-01
1.000014e-01
