9.999943e-02
9.999943e-02
9.999926e-02
9.999892e-02
9.999839e-02
9.999767e-02
9.999672e-02
9.999553e-02
9.999405e-02
9.999224e-02
9.999006e-02
9.998745e-02
9.998434e-02
9.998066e-02
9.997633e-02
9.997124e-02
9.996529e-02
9.995835e-02
9.995030e-02
9.994097e-02
9.993020e-02
9.991780e-02
9.990357e-02
9.988727e-02
9.986865e-02
9.984744e-02
9.982333e-02
9.979599e-02
9.976506e-02
9.973014e-02
9.969082e-02
9.964663e-02
9.959707e-02
9.954161e-02
9.947967e-02
9.941062e-02
9.933383e-02
9.924857e-02
9.915410e-02
9.904963e-02
9.893432e-02
9.880729e-02
9.866760e-02
9.851430e-02
9.834635e-02
9.816271e-02
9.796229e-02
9.774394e-02
9.750650e-02
9.724878e-02
9.696957e-02
9.666761e-02
9.634165e-02
9.599044e-02
9.561270e-02
9.520718e-02
9.477262e-02
9.430780e-02
9.381150e-02
9.328258e-02
9.271991e-02
9.212241e-02
9.148908e-02
9.081899e-02
9.011128e-02
8.936516e-02
8.857996e-02
8.775509e-02
8.689007e-02
8.598453e-02
8.503820e-02
8.405095e-02
8.302275e-02
8.195369e-02
8.084399e-02
7.969398e-02
7.850411e-02
7.727495e-02
7.600716e-02
7.470154e-02
7.335897e-02
7.198042e-02
7.056697e-02
6.911975e-02
6.764001e-02
6.612902e-02
6.458814e-02
6.301878e-02
6.142238e-02
5.980044e-02
5.815446e-02
5.648599e-02
5.479659e-02
5.308783e-02
5.136130e-02
4.961859e-02
4.786132e-02
4.609112e-02
4.430967e-02
4.251873e-02
4.072016e-02
3.891606e-02
3.710885e-02
3.530153e-02
3.349803e-02
3.170372e-02
2.992642e-02
2.817776e-02
2.647560e-02
2.484780e-02
2.333837e-02
2.201736e-02
2.099693e-02
2.045705e-02
2.068677e-02
2.214932e-02
2.558274e-02
3.214935e-02
4.364175e-02
6.272587e-02
9.312431e-02
1.394828e-01
2.064500e-01
2.965159e-01
4.070053e-01
5.284025e-01
6.467237e-01
7.493482e-01
8.297412e-01
8.878447e-01
9.274413e-01
9.533600e-01
9.698845e-01
9.802476e-01
9.866839e-01
9.906618e-01
9.931175e-01
9.946371e-01
9.955836e-01
9.961803e-01
9.965639e-01
9.968179e-01
9.969934e-01
9.971213e-01
9.972204e-01
9.973023e-01
9.973740e-01
9.974395e-01
9.975015e-01
9.975614e-01
9.976201e-01
9.976782e-01
9.977359e-01
9.977933e-01
9.978506e-01
9.979078e-01
9.979647e-01
9.980214e-01
9.980779e-01
9.981341e-01
9.981899e-01
9.982453e-01
9.983002e-01
9.983546e-01
9.984084e-01
9.984616e-01
9.985141e-01
9.985659e-01
9.986169e-01
9.986672e-01
9.987166e-01
9.987652e-01
9.988129e-01
9.988596e-01
9.989055e-01
9.989503e-01
9.989941e-01
9.990370e-01
9.990788e-01
9.991195e-01
9.991593e-01
9.991979e-01
9.992355e-01
9.992720e-01
9.993074e-01
9.993418e-01
9.993750e-01
9.994072e-01
9.994384e-01
9.994684e-01
9.994975e-01
9.995254e-01
9.995524e-01
9.995783e-01
9.996032e-01
9.996271e-01
9.996501e-01
9.996720e-01
9.996931e-01
9.997132e-01
9.997324e-01
9.997508e-01
9.997683e-01
9.997849e-01
9.998007e-01
9.998158e-01
9.998301e-01
9.998436e-01
9.998564e-01
9.998685e-01
9.998799e-01
9.998907e-01
9.999009e-01
9.999104e-01
9.999194e-01
9.999278e-01
9.999357e-01
9.999431e-01
9.999500e-01
9.999564e-01
9.999624e-01
9.999680e-01
9.999731e-01
9.999779e-01
9.999824e-01
9.999865e-01
9.999902e-01
9.999937e-01
9.999969e-01
9.999998e-01
1.000002e+00
1.000005e+00
1.000007e+00
1.000009e+00
1.000011e+00
1.000013e+00
1.000014e+00
1.000015e+00
1.000017e+00
1.000018e+00
1.000019e+00
1.000019e+00
1.000020e+00
1.000021e+00
1.000021e+00
1.000022e+00
1.000022e+00
1.000023e+00
1.000023e+00
1.000023e+00
1.000024e+00
1.000024e+00
1.000024e+00
1.000024e+00
1.000024e+00
1.000024e+00
1.000024e+00
1.000024e+00
1.000024e+00
1.000024e+00
1.000024e+00
1.000024e+00
1.000024e+00
1.000024e+00
1.000023e+00
1.000023e+00
1.000023e+00
1.000022e+00
1.000022e+00
1.000021e+00
1.000021e+00
1.000020e+00
1.000019e+00
1.000019e+00
1.000018e+00
1.000017e+00
1.000015e+00
1.000014e+00
1.000013e+00
1.000011e+00
1.000009e+00
1.000007e+00
1.000005e+00
1.000002e+00
9.999998e-01
9.999969e-01
9.999937e-01
9.999902e-01
9.999865e-01
9.999824e-01
9.999779e-01
9.999731e-01
9.999680e-01
9.999624e-01
9.999564e-01
9.999500e-01
9.999431e-01
9.999357e-01
9.999278e-01
9.999194e-01
9.999104e-01
9.999009e-01
9.998907e-01
9.998799e-01
9.998685e-01
9.998564e-01
9.998436e-01
9.998301e-01
9.998158e-01
9.998007e-01
9.997849e-01
9.997683e-01
9.997508e-01
9.997324e-01
9.997132e-01
9.996931e-01
9.996720e-01
9.996501e-01
9.996271e-01
9.996032e-01
9.995783e-01
9.995524e-01
9.995254e-01
9.994975e-01
9.994684e-01
9.994384e-01
9.994072e-01
9.993750e-01
9.993418e-01
9.993074e-01
9.992720e-01
9.992355e-01
9.991979e-01
9.991593e-01
9.991195e-01
9.990788e-01
9.990370e-01
9.989941e-01
9.989503e-01
9.989055e-01
9.988596e-01
9.988129e-01
9.987652e-01
9.987166e-01
9.986672e-01
9.986169e-01
9.985659e-01
9.985141e-01
9.984616e-01
9.984084e-01
9.983546e-01
9.983002e-01
9.982453e-01
9.981899e-01
9.981341e-01
9.980779e-01
9.980214e-01
9.979647e-01
9.979078e-01
9.978506e-01
9.977933e-01
9.977359e-01
9.976782e-01
9.976201e-01
9.975614e-01
9.975015e-01
9.974395e-01
9.973740e-01
9.973023e-01
9.972204e-01
9.971213e-01
9.969934e-01
9.968179e-01
9.965639e-01
9.961803e-01
9.955836e-01
9.946371e-01
9.931175e-01
9.906618e-01
9.866839e-01
9.802476e-01
9.698845e-01
9.533600e-01
9.274413e-01
8.878447e-01
8.297412e-01
7.493482e-01
6.467237e-01
5.284025e-01
4.070053e-01
2.965159e-01
2.064500e-01
1.394828e-01
9.312431e-02
6.272587e-02
4.364175e-02
3.214935e-02
2.558274e-02
2.214932e-02
2.068677e-02
2.045705e-02
2.099693e-02
2.201736e-02
2.333837e-02
2.484780e-02
2.647560e-02
2.817776e-02
2.992642e-02
3.170372e-02
3.349803e-02
3.530153e-02
3.710885e-02
3.891606e-02
4.072016e-02
4.251873e-02
4.430967e-02
4.609112e-02
4.786132e-02
4.961859e-02
5.136130e-02
5.308783e-02
5.479659e-02
5.648599e-02
5.815446e-02
5.980044e-02
6.142238e-02
6.301878e-02
6.458814e-02
6.612902e-02
6.764001e-02
6.911975e-02
7.056697e-02
7.198042e-02
7.335897e-02
7.470154e-02
7.600716e-02
7.727495e-02
7.850411e-02
7.969398e-02
8.084399e-02
8.195369e-02
8.302275e-02
8.405095e-02
8.503820e-02
8.598453e-02
8.689007e-02
8.775509e-02
8.857996e-02
8.936516e-02
9.011128e-02
9.081899e-02
9.148908e-02
9.212241e-02
9.271991e-02
9.328258e-02
9.381150e-02
9.430780e-02
9.477262e-02
9.520718e-02
9.561270e-02
9.599044e-02
9.634165e-02
9.666761e-02
9.696957e-02
9.724878e-02
9.750650e-02
9.774394e-02
9.796229e-02
9.816271e-02
9.834635e-02
9.851430e-02
9.866760e-02
9.880729e-02
9.893432e-02
9.904963e-02
9.915410e-02
9.924857e-02
9.933383e-02
9.941062e-02
9.947967e-02
9.954161e-02
9.959707e-02
9.964663e-02
9.969082e-02
9.973014e-02
9.976506e-02
9.979599e-02
9.982333e-02
9.984744e-02
9.986865e-02
9.988727e-02
9.990357e-02
9.991780e-02
9.993020e-02
9.994097e-02
9.995030e-02
9.995835e-02
9.996529e-02
9.997124e-02
9.997633e-02
9.998066e-02
9.998434e-02
9.998745e-02
9.999006e-02
9.999224e-02
9.999405e-02
9.999553e-02
9.999672e-02
9.999767e-02
9.999839e-02
9.999892e-02
9.999926e-02
