9.997486e-02
9.997486e-02
9.997414e-02
9.997270e-02
9.997050e-02
9.996751e-02
9.996370e-02
9.995899e-02
9.995333e-02
9.994663e-02
9.993879e-02
9.992971e-02
9.991925e-02
9.990729e-02
9.989365e-02
9.987818e-02
9.986067e-02
9.984092e-02
9.981869e-02
9.979375e-02
9.976580e-02
9.973455e-02
9.969969e-02
9.966087e-02
9.961770e-02
9.956979e-02
9.951671e-02
9.945799e-02
9.939315e-02
9.932167e-02
9.924297e-02
9.915649e-02
9.906158e-02
9.895761e-02
9.884387e-02
9.871965e-02
9.858418e-02
9.843668e-02
9.827631e-02
9.810224e-02
9.791358e-02
9.770942e-02
9.748882e-02
9.725082e-02
9.699446e-02
9.671873e-02
9.642263e-02
9.610515e-02
9.576527e-02
9.540197e-02
9.501423e-02
9.460107e-02
9.416148e-02
9.369452e-02
9.319924e-02
9.267474e-02
9.212017e-02
9.153470e-02
9.091757e-02
9.026808e-02
8.958558e-02
8.886949e-02
8.811931e-02
8.733461e-02
8.651503e-02
8.566033e-02
8.477030e-02
8.384487e-02
8.288404e-02
8.188788e-02
8.085657e-02
7.979040e-02
7.868970e-02
7.755492e-02
7.638659e-02
7.518532e-02
7.395179e-02
7.268675e-02
7.139103e-02
7.006553e-02
6.871120e-02
6.732904e-02
6.592010e-02
6.448548e-02
6.302632e-02
6.154378e-02
6.003906e-02
5.851337e-02
5.696796e-02
5.540406e-02
5.382293e-02
5.222584e-02
5.061405e-02
4.898882e-02
4.735141e-02
4.570311e-02
4.404519e-02
4.237895e-02
4.070576e-02
3.902704e-02
3.734437e-02
3.565957e-02
3.397484e-02
3.229302e-02
3.061800e-02
2.895532e-02
2.731322e-02
2.570429e-02
2.414812e-02
2.267559e-02
2.133585e-02
2.020756e-02
1.941706e-02
1.916760e-02
1.978600e-02
2.179609e-02
2.603131e-02
3.379944e-02
4.710317e-02
6.888264e-02
1.031494e-01
1.546965e-01
2.278743e-01
3.240922e-01
4.388703e-01
5.610408e-01
6.763305e-01
7.734271e-01
8.476745e-01
9.003682e-01
9.358190e-01
9.588226e-01
9.734042e-01
9.825138e-01
9.881569e-01
9.916377e-01
9.937829e-01
9.951082e-01
9.959319e-01
9.964496e-01
9.967811e-01
9.969994e-01
9.971491e-01
9.972573e-01
9.973405e-01
9.974087e-01
9.974680e-01
9.975220e-01
9.975730e-01
9.976223e-01
9.976708e-01
9.977187e-01
9.977665e-01
9.978143e-01
9.978620e-01
9.979098e-01
9.979575e-01
9.980053e-01
9.980531e-01
9.981007e-01
9.981483e-01
9.981957e-01
9.982429e-01
9.982898e-01
9.983364e-01
9.983828e-01
9.984287e-01
9.984743e-01
9.985194e-01
9.985641e-01
9.986082e-01
9.986518e-01
9.986949e-01
9.987373e-01
9.987791e-01
9.988203e-01
9.988608e-01
9.989007e-01
9.989398e-01
9.989782e-01
9.990158e-01
9.990527e-01
9.990888e-01
9.991242e-01
9.991587e-01
9.991925e-01
9.992254e-01
9.992575e-01
9.992888e-01
9.993193e-01
9.993490e-01
9.993778e-01
9.994058e-01
9.994330e-01
9.994594e-01
9.994850e-01
9.995098e-01
9.995337e-01
9.995569e-01
9.995793e-01
9.996009e-01
9.996218e-01
9.996419e-01
9.996613e-01
9.996799e-01
9.996979e-01
9.997151e-01
9.997317e-01
9.997475e-01
9.997627e-01
9.997773e-01
9.997913e-01
9.998046e-01
9.998173e-01
9.998295e-01
9.998411e-01
9.998521e-01
9.998627e-01
9.998727e-01
9.998822e-01
9.998912e-01
9.998998e-01
9.999079e-01
9.999156e-01
9.999228e-01
9.999297e-01
9.999362e-01
9.999423e-01
9.999481e-01
9.999535e-01
9.999586e-01
9.999634e-01
9.999679e-01
9.999721e-01
9.999760e-01
9.999796e-01
9.999830e-01
9.999862e-01
9.999892e-01
9.999919e-01
9.999944e-01
9.999967e-01
9.999989e-01
1.000001e+00
1.000003e+00
1.000004e+00
1.000006e+00
1.000007e+00
1.000008e+00
1.000009e+00
1.000010e+00
1.000011e+00
1.000011e+00
1.000012e+00
1.000012e+00
1.000013e+00
1.000013e+00
1.000013e+00
1.000013e+00
1.000012e+00
1.000012e+00
1.000011e+00
1.000011e+00
1.000010e+00
1.000009e+00
1.000008e+00
1.000007e+00
1.000006e+00
1.000004e+00
1.000003e+00
1.000001e+00
9.999989e-01
9.999967e-01
9.999944e-01
9.999919e-01
9.999892e-01
9.999862e-01
9.999830e-01
9.999796e-01
9.999760e-01
9.999721e-01
9.999679e-01
9.999634e-01
9.999586e-01
9.999535e-01
9.999481e-01
9.999423e-01
9.999362e-01
9.999297e-01
9.999228e-01
9.999156e-01
9.999079e-01
9.998998e-01
9.998912e-01
9.998822e-01
9.998727e-01
9.998627e-01
9.998521e-01
9.998411e-01
9.998295e-01
9.998173e-01
9.998046e-01
9.997913e-01
9.997773e-01
9.997627e-01
9.997475e-01
9.997317e-01
9.997151e-01
9.996979e-01
9.996799e-01
9.996613e-01
9.996419e-01
9.996218e-01
9.996009e-01
9.995793e-01
9.995569e-01
9.995337e-01
9.995098e-01
9.994850e-01
9.994594e-01
9.994330e-01
9.994058e-01
9.993778e-01
9.993490e-01
9.993193e-01
9.992888e-01
9.992575e-01
9.992254e-01
9.991925e-01
9.991587e-01
9.991242e-01
9.990888e-01
9.990527e-01
9.990158e-01
9.989782e-01
9.989398e-01
9.989007e-01
9.988608e-01
9.988203e-01
9.987791e-01
9.987373e-01
9.986949e-01
9.986518e-01
9.986082e-01
9.985641e-01
9.985194e-01
9.984743e-01
9.984287e-01
9.983828e-01
9.983364e-01
9.982898e-01
9.982429e-01
9.981957e-01
9.981483e-01
9.981007e-01
9.980531e-01
9.980053e-01
9.979575e-01
9.979098e-01
9.978620e-01
9.978143e-01
9.977665e-01
9.977187e-01
9.976708e-01
9.976223e-01
9.975730e-01
9.975220e-01
9.974680e-01
9.974087e-01
9.973405e-01
9.972573e-01
9.971491e-01
9.969994e-01
9.967811e-01
9.964496e-01
9.959319e-01
9.951082e-01
9.937829e-01
9.916377e-01
9.881569e-01
9.825138e-01
9.734042e-01
9.588226e-01
9.358190e-01
9.003682e-01
8.476745e-01
7.734271e-01
6.763305e-01
5.610408e-01
4.388703e-01
3.240922e-01
2.278743e-01
1.546965e-01
1.031494e-01
6.888264e-02
4.710317e-02
3.379944e-02
2.603131e-02
2.179609e-02
1.978600e-02
1.916760e-02
1.941706e-02
2.020756e-02
2.133585e-02
2.267559e-02
2.414812e-02
2.570429e-02
2.731322e-02
2.895532e-02
3.061800e-02
3.229302e-02
3.397484e-02
3.565957e-02
3.734437e-02
3.902704e-02
4.070576e-02
4.237895e-02
4.404519e-02
4.570311e-02
4.735141e-02
4.898882e-02
5.061405e-02
5.222584e-02
5.382293e-02
5.540406e-02
5.696796e-02
5.851337e-02
6.003906e-02
6.154378e-02
6.302632e-02
6.448548e-02
6.592010e-02
6.732904e-02
6.871120e-02
7.006553e-02
7.139103e-02
7.268675e-02
7.395179e-02
7.518532e-02
7.638659e-02
7.755492e-02
7.868970e-02
7.979040e-02
8.085657e-02
8.188788e-02
8.288404e-02
8.384487e-02
8.477030e-02
8.566033e-02
8.651503e-02
8.733461e-02
8.811931e-02
8.886949e-02
8.958558e-02
9.026808e-02
9.091757e-02
9.153470e-02
9.212017e-02
9.267474e-02
9.319924e-02
9.369452e-02
9.416148e-02
9.460107e-02
9.501423e-02
9.540197e-02
9.576527e-02
9.610515e-02
9.642263e-02
9.671873e-02
9.699446e-02
9.725082e-02
9.748882e-02
9.770942e-02
9.791358e-02
9.810224e-02
9.827631e-02
9.843668e-02
9.858418e-02
9.871965e-02
9.884387e-02
9.895761e-02
9.906158e-02
9.915649e-02
9.924297e-02
9.932167e-02
9.939315e-02
9.945799e-02
9.951671e-02
9.956979e-02
9.961770e-02
9.966087e-02
9.969969e-02
9.973455e-02
9.976580e-02
9.979375e-02
9.981869e-02
9.984092e-02
9.986067e-02
9.987818e-02
9.989365e-02
9.990729e-02
9.991925e-02
9.992971e-02
9.993879e-02
9.994663e-02
9.995333e-02
9.995899e-02
9.996370e-02
9.996751e-02
9.997050e-02
9.997270e-02
9.997414e-02
