9.989735e-02
9.989735e-02
9.989564e-02
9.989219e-02
9.988698e-02
9.987996e-02
9.987105e-02
9.986017e-02
9.984721e-02
9.983206e-02
9.981457e-02
9.979458e-02
9.977192e-02
9.974638e-02
9.971774e-02
9.968577e-02
9.965019e-02
9.961073e-02
9.956707e-02
9.951888e-02
9.946581e-02
9.940746e-02
9.934344e-02
9.927331e-02
9.919661e-02
9.911285e-02
9.902152e-02
9.892209e-02
9.881398e-02
9.869659e-02
9.856931e-02
9.843150e-02
9.828248e-02
9.812155e-02
9.794799e-02
9.776106e-02
9.756001e-02
9.734404e-02
9.711236e-02
9.686417e-02
9.659862e-02
9.631490e-02
9.601215e-02
9.568955e-02
9.534624e-02
9.498139e-02
9.459418e-02
9.418378e-02
9.374940e-02
9.329025e-02
9.280559e-02
9.229468e-02
9.175685e-02
9.119143e-02
9.059782e-02
8.997545e-02
8.932381e-02
8.864244e-02
8.793094e-02
8.718897e-02
8.641625e-02
8.561256e-02
8.477776e-02
8.391177e-02
8.301459e-02
8.208627e-02
8.112695e-02
8.013682e-02
7.911618e-02
7.806534e-02
7.698472e-02
7.587479e-02
7.473608e-02
7.356918e-02
7.237473e-02
7.115345e-02
6.990607e-02
6.863339e-02
6.733625e-02
6.601552e-02
6.467210e-02
6.330695e-02
6.192101e-02
6.051527e-02
5.909074e-02
5.764843e-02
5.618936e-02
5.471458e-02
5.322512e-02
5.172203e-02
5.020633e-02
4.867906e-02
4.714126e-02
4.559397e-02
4.403819e-02
4.247498e-02
4.090537e-02
3.933044e-02
3.775132e-02
3.616922e-02
3.458554e-02
3.300191e-02
3.142044e-02
2.984393e-02
2.827634e-02
2.672350e-02
2.519425e-02
2.370228e-02
2.226912e-02
2.092899e-02
1.973658e-02
1.877976e-02
1.819997e-02
1.822511e-02
1.922191e-02
2.177784e-02
2.682583e-02
3.582364e-02
5.098618e-02
7.551979e-02
1.136902e-01
1.703526e-01
2.494146e-01
3.510715e-01
4.690897e-01
5.909998e-01
7.026849e-01
7.943119e-01
8.629210e-01
9.108638e-01
9.427719e-01
9.633275e-01
9.762954e-01
9.843717e-01
9.893639e-01
9.924385e-01
9.943309e-01
9.954984e-01
9.962229e-01
9.966773e-01
9.969674e-01
9.971577e-01
9.972874e-01
9.973805e-01
9.974517e-01
9.975096e-01
9.975597e-01
9.976053e-01
9.976482e-01
9.976897e-01
9.977305e-01
9.977710e-01
9.978114e-01
9.978518e-01
9.978923e-01
9.979330e-01
9.979737e-01
9.980146e-01
9.980555e-01
9.980966e-01
9.981376e-01
9.981786e-01
9.982196e-01
9.982604e-01
9.983012e-01
9.983418e-01
9.983823e-01
9.984225e-01
9.984625e-01
9.985022e-01
9.985416e-01
9.985807e-01
9.986195e-01
9.986578e-01
9.986958e-01
9.987333e-01
9.987704e-01
9.988070e-01
9.988432e-01
9.988788e-01
9.989139e-01
9.989484e-01
9.989824e-01
9.990159e-01
9.990487e-01
9.990810e-01
9.991126e-01
9.991437e-01
9.991741e-01
9.992039e-01
9.992330e-01
9.992615e-01
9.992894e-01
9.993166e-01
9.993432e-01
9.993691e-01
9.993944e-01
9.994190e-01
9.994430e-01
9.994663e-01
9.994889e-01
9.995110e-01
9.995324e-01
9.995531e-01
9.995732e-01
9.995927e-01
9.996116e-01
9.996299e-01
9.996476e-01
9.996647e-01
9.996812e-01
9.996971e-01
9.997125e-01
9.997273e-01
9.997416e-01
9.997554e-01
9.997686e-01
9.997813e-01
9.997935e-01
9.998052e-01
9.998164e-01
9.998272e-01
9.998375e-01
9.998473e-01
9.998568e-01
9.998658e-01
9.998743e-01
9.998825e-01
9.998903e-01
9.998977e-01
9.999048e-01
9.999115e-01
9.999178e-01
9.999238e-01
9.999295e-01
9.999348e-01
9.999399e-01
9.999446e-01
9.999491e-01
9.999532e-01
9.999571e-01
9.999608e-01
9.999641e-01
9.999672e-01
9.999701e-01
9.999727e-01
9.999750e-01
9.999772e-01
9.999791e-01
9.999808e-01
9.999823e-01
9.999835e-01
9.999846e-01
9.999854e-01
9.999860e-01
9.999864e-01
9.999866e-01
9.999866e-01
9.999864e-01
9.999860e-01
9.999854e-01
9.999846e-01
9.999835e-01
9.999823e-01
9.999808e-01
9.999791e-01
9.999772e-01
9.999750e-01
9.999727e-01
9.999701e-01
9.999672e-01
9.999641e-01
9.999608e-01
9.999571e-01
9.999532e-01
9.999491e-01
9.999446e-01
9.999399e-01
9.999348e-01
9.999295e-01
9.999238e-01
9.999178e-01
9.999115e-01
9.999048e-01
9.998977e-01
9.998903e-01
9.998825e-01
9.998743e-01
9.998658e-01
9.998568e-01
9.998473e-01
9.998375e-01
9.998272e-01
9.998164e-01
9.998052e-01
9.997935e-01
9.997813e-01
9.997686e-01
9.997554e-01
9.997416e-01
9.997273e-01
9.997125e-01
9.996971e-01
9.996812e-01
9.996647e-01
9.996476e-01
9.996299e-01
9.996116e-01
9.995927e-01
9.995732e-01
9.995531e-01
9.995324e-01
9.995110e-01
9.994889e-01
9.994663e-01
9.994430e-01
9.994190e-01
9.993944e-01
9.993691e-01
9.993432e-01
9.993166e-01
9.992894e-01
9.992615e-01
9.992330e-01
9.992039e-01
9.991741e-01
9.991437e-01
9.991126e-01
9.990810e-01
9.990487e-01
9.990159e-01
9.989824e-01
9.989484e-01
9.989139e-01
9.988788e-01
9.988432e-01
9.988070e-01
9.987704e-01
9.987333e-01
9.986958e-01
9.986578e-01
9.986195e-01
9.985807e-01
9.985416e-01
9.985022e-01
9.984625e-01
9.984225e-01
9.983823e-01
9.983418e-01
9.983012e-01
9.982604e-01
9.982196e-01
9.981786e-01
9.981376e-01
9.980966e-01
9.980555e-01
9.980146e-01
9.979737e-01
9.979330e-01
9.978923e-01
9.978518e-01
9.978114e-01
9.977710e-01
9.977305e-01
9.976897e-01
9.976482e-01
9.976053e-01
9.975597e-01
9.975096e-01
9.974517e-01
9.973805e-01
9.972874e-01
9.971577e-01
9.969674e-01
9.966773e-01
9.962229e-01
9.954984e-01
9.943309e-01
9.924385e-01
9.893639e-01
9.843717e-01
9.762954e-01
9.633275e-01
9.427719e-01
9.108638e-01
8.629210e-01
7.943119e-01
7.026849e-01
5.909998e-01
4.690897e-01
3.510715e-01
2.494146e-01
1.703526e-01
1.136902e-01
7.551979e-02
5.098618e-02
3.582364e-02
2.682583e-02
2.177784e-02
1.922191e-02
1.822511e-02
1.819997e-02
1.877976e-02
1.973658e-02
2.092899e-02
2.226912e-02
2.370228e-02
2.519425e-02
2.672350e-02
2.827634e-02
2.984393e-02
3.142044e-02
3.300191e-02
3.458554e-02
3.616922e-02
3.775132e-02
3.933044e-02
4.090537e-02
4.247498e-02
4.403819e-02
4.559397e-02
4.714126e-02
4.867906e-02
5.020633e-02
5.172203e-02
5.322512e-02
5.471458e-02
5.618936e-02
5.764843e-02
5.909074e-02
6.051527e-02
6.192101e-02
6.330695e-02
6.467210e-02
6.601552e-02
6.733625e-02
6.863339e-02
6.990607e-02
7.115345e-02
7.237473e-02
7.356918e-02
7.473608e-02
7.587479e-02
7.698472e-02
7.806534e-02
7.911618e-02
8.013682e-02
8.112695e-02
8.208627e-02
8.301459e-02
8.391177e-02
8.477776e-02
8.561256e-02
8.641625e-02
8.718897e-02
8.793094e-02
8.864244e-02
8.932381e-02
8.997545e-02
9.059782e-02
9.119143e-02
9.175685e-02
9.229468e-02
9.280559e-02
9.329025e-02
9.374940e-02
9.418378e-02
9.459418e-02
9.498139e-02
9.534624e-02
9.568955e-02
9.601215e-02
9.631490e-02
9.659862e-02
9.686417e-02
9.711236e-02
9.734404e-02
9.756001e-02
9.776106e-02
9.794799e-02
9.812155e-02
9.828248e-02
9.843150e-02
9.856931e-02
9.869659e-02
9.881398e-02
9.892209e-02
9.902152e-02
9.911285e-02
9.919661e-02
9.927331e-02
9.934344e-02
9.940746e-02
9.946581e-02
9.951888e-02
9.956707e-02
9.961073e-02
9.965019e-02
9.968577e-02
9.971774e-02
9.974638e-02
9.977192e-02
9.979458e-02
9.981457e-02
9.983206e-02
9.984721e-02
9.986017e-02
9.987105e-02
9.987996e-02
9.988698e-02
9.989219e-02
9.989564e-02
