9.973408e-02
9.973408e-02
9.973096e-02
9.972470e-02
9.971525e-02
9.970255e-02
9.968651e-02
9.966703e-02
9.964398e-02
9.961720e-02
9.958652e-02
9.955175e-02
9.951266e-02
9.946902e-02
9.942055e-02
9.936698e-02
9.930799e-02
9.924324e-02
9.917238e-02
9.909502e-02
9.901076e-02
9.891917e-02
9.881980e-02
9.871216e-02
9.859576e-02
9.847008e-02
9.833457e-02
9.818867e-02
9.803180e-02
9.786334e-02
9.768268e-02
9.748917e-02
9.728216e-02
9.706098e-02
9.682495e-02
9.657338e-02
9.630556e-02
9.602079e-02
9.571837e-02
9.539758e-02
9.505772e-02
9.469808e-02
9.431798e-02
9.391674e-02
9.349369e-02
9.304817e-02
9.257958e-02
9.208729e-02
9.157076e-02
9.102942e-02
9.046277e-02
8.987036e-02
8.925174e-02
8.860653e-02
8.793440e-02
8.723505e-02
8.650824e-02
8.575379e-02
8.497156e-02
8.416147e-02
8.332350e-02
8.245768e-02
8.156410e-02
8.064289e-02
7.969428e-02
7.871849e-02
7.771586e-02
7.668674e-02
7.563154e-02
7.455073e-02
7.344481e-02
7.231434e-02
7.115991e-02
6.998216e-02
6.878176e-02
6.755941e-02
6.631585e-02
6.505184e-02
6.376817e-02
6.246564e-02
6.114508e-02
5.980734e-02
5.845326e-02
5.708372e-02
5.569957e-02
5.430170e-02
5.289098e-02
5.146830e-02
5.003452e-02
4.859051e-02
4.713714e-02
4.567528e-02
4.420577e-02
4.272947e-02
4.124723e-02
3.975991e-02
3.826838e-02
3.677355e-02
3.527638e-02
3.377796e-02
3.227954e-02
3.078269e-02
2.928945e-02
2.780266e-02
2.632646e-02
2.486704e-02
2.343394e-02
2.204211e-02
2.071521e-02
1.949105e-02
1.843026e-02
1.763051e-02
1.724927e-02
1.754056e-02
1.891313e-02
2.202131e-02
2.790167e-02
3.816636e-02
5.524395e-02
8.259702e-02
1.247072e-01
1.864032e-01
2.710151e-01
3.774254e-01
4.977487e-01
6.185656e-01
7.262722e-01
8.125827e-01
8.760321e-01
9.197807e-01
9.486312e-01
9.671039e-01
9.787116e-01
9.859218e-01
9.903709e-01
9.931075e-01
9.947902e-01
9.958271e-01
9.964698e-01
9.968723e-01
9.971286e-01
9.972962e-01
9.974100e-01
9.974912e-01
9.975530e-01
9.976030e-01
9.976461e-01
9.976852e-01
9.977220e-01
9.977575e-01
9.977925e-01
9.978272e-01
9.978619e-01
9.978967e-01
9.979316e-01
9.979667e-01
9.980020e-01
9.980374e-01
9.980730e-01
9.981087e-01
9.981445e-01
9.981804e-01
9.982164e-01
9.982523e-01
9.982882e-01
9.983241e-01
9.983600e-01
9.983957e-01
9.984314e-01
9.984668e-01
9.985022e-01
9.985373e-01
9.985722e-01
9.986069e-01
9.986413e-01
9.986755e-01
9.987094e-01
9.987429e-01
9.987761e-01
9.988090e-01
9.988415e-01
9.988736e-01
9.989053e-01
9.989365e-01
9.989674e-01
9.989978e-01
9.990278e-01
9.990573e-01
9.990863e-01
9.991149e-01
9.991430e-01
9.991705e-01
9.991976e-01
9.992241e-01
9.992502e-01
9.992757e-01
9.993006e-01
9.993251e-01
9.993490e-01
9.993724e-01
9.993952e-01
9.994176e-01
9.994393e-01
9.994606e-01
9.994813e-01
9.995015e-01
9.995211e-01
9.995402e-01
9.995588e-01
9.995769e-01
9.995944e-01
9.996115e-01
9.996280e-01
9.996440e-01
9.996596e-01
9.996746e-01
9.996892e-01
9.997032e-01
9.997168e-01
9.997299e-01
9.997426e-01
9.997548e-01
9.997666e-01
9.997779e-01
9.997888e-01
9.997993e-01
9.998093e-01
9.998190e-01
9.998282e-01
9.998370e-01
9.998455e-01
9.998536e-01
9.998612e-01
9.998686e-01
9.998755e-01
9.998821e-01
9.998884e-01
9.998943e-01
9.998999e-01
9.999051e-01
9.999101e-01
9.999147e-01
9.999190e-01
9.999230e-01
9.999266e-01
9.999300e-01
9.999331e-01
9.999359e-01
9.999384e-01
9.999406e-01
9.999425e-01
9.999442e-01
9.999456e-01
9.999467e-01
9.999475e-01
9.999480e-01
9.999483e-01
9.999483e-01
9.999480e-01
9.999475e-01
9.999467e-01
9.999456e-01
9.999442e-01
9.999425e-01
9.999406e-01
9.999384e-01
9.999359e-01
9.999331e-01
9.999300e-01
9.999266e-01
9.999230e-01
9.999190e-01
9.999147e-01
9.999101e-01
9.999051e-01
9.998999e-01
9.998943e-01
9.998884e-01
9.998821e-01
9.998755e-01
9.998686e-01
9.998612e-01
9.998536e-01
9.998455e-01
9.998370e-01
9.998282e-01
9.998190e-01
9.998093e-01
9.997993e-01
9.997888e-01
9.997779e-01
9.997666e-01
9.997548e-01
9.997426e-01
9.997299e-01
9.997168e-01
9.997032e-01
9.996892e-01
9.996746e-01
9.996596e-01
9.996440e-01
9.996280e-01
9.996115e-01
9.995944e-01
9.995769e-01
9.995588e-01
9.995402e-01
9.995211e-01
9.995015e-01
9.994813e-01
9.994606e-01
9.994393e-01
9.994176e-01
9.993952e-01
9.993724e-01
9.993490e-01
9.993251e-01
9.993006e-01
9.992757e-01
9.992502e-01
9.992241e-01
9.991976e-01
9.991705e-01
9.991430e-01
9.991149e-01
9.990863e-01
9.990573e-01
9.990278e-01
9.989978e-01
9.989674e-01
9.989365e-01
9.989053e-01
9.988736e-01
9.988415e-01
9.988090e-01
9.987761e-01
9.987429e-01
9.987094e-01
9.986755e-01
9.986413e-01
9.986069e-01
9.985722e-01
9.985373e-01
9.985022e-01
9.984668e-01
9.984314e-01
9.983957e-01
9.983600e-01
9.983241e-01
9.982882e-01
9.982523e-01
9.982164e-01
9.981804e-01
9.981445e-01
9.981087e-01
9.980730e-01
9.980374e-01
9.980020e-01
9.979667e-01
9.979316e-01
9.978967e-01
9.978619e-01
9.978272e-01
9.977925e-01
9.977575e-01
9.977220e-01
9.976852e-01
9.976461e-01
9.976030e-01
9.975530e-01
9.974912e-01
9.974100e-01
9.972962e-01
9.971286e-01
9.968723e-01
9.964698e-01
9.958271e-01
9.947902e-01
9.931075e-01
9.903709e-01
9.859218e-01
9.787116e-01
9.671039e-01
9.486312e-01
9.197807e-01
8.760321e-01
8.125827e-01
7.262722e-01
6.185656e-01
4.977487e-01
3.774254e-01
2.710151e-01
1.864032e-01
1.247072e-01
8.259702e-02
5.524395e-02
3.816636e-02
2.790167e-02
2.202131e-02
1.891313e-02
1.754056e-02
1.724927e-02
1.763051e-02
1.843026e-02
1.949105e-02
2.071521e-02
2.204211e-02
2.343394e-02
2.486704e-02
2.632646e-02
2.780266e-02
2.928945e-02
3.078269e-02
3.227954e-02
3.377796e-02
3.527638e-02
3.677355e-02
3.826838e-02
3.975991e-02
4.124723e-02
4.272947e-02
4.420577e-02
4.567528e-02
4.713714e-02
4.859051e-02
5.003452e-02
5.146830e-02
5.289098e-02
5.430170e-02
5.569957e-02
5.708372e-02
5.845326e-02
5.980734e-02
6.114508e-02
6.246564e-02
6.376817e-02
6.505184e-02
6.631585e-02
6.755941e-02
6.878176e-02
6.998216e-02
7.115991e-02
7.231434e-02
7.344481e-02
7.455073e-02
7.563154e-02
7.668674e-02
7.771586e-02
7.871849e-02
7.969428e-02
8.064289e-02
8.156410e-02
8.245768e-02
8.332350e-02
8.416147e-02
8.497156e-02
8.575379e-02
8.650824e-02
8.723505e-02
8.793440e-02
8.860653e-02
8.925174e-02
8.987036e-02
9.046277e-02
9.102942e-02
9.157076e-02
9.208729e-02
9.257958e-02
9.304817e-02
9.349369e-02
9.391674e-02
9.431798e-02
9.469808e-02
9.505772e-02
9.539758e-02
9.571837e-02
9.602079e-02
9.630556e-02
9.657338e-02
9.682495e-02
9.706098e-02
9.728216e-02
9.748917e-02
9.768268e-02
9.786334e-02
9.803180e-02
9.818867e-02
9.833457e-02
9.847008e-02
9.859576e-02
9.871216e-02
9.881980e-02
9.891917e-02
9.901076e-02
9.909502e-02
9.917238e-02
9.924324e-02
9.930799e-02
9.936698e-02
9.942055e-02
9.946902e-02
9.951266e-02
9.955175e-02
9.958652e-02
9.961720e-02
9.964398e-02
9.966703e-02
9.968651e-02
9.970255e-02
9.971525e-02
9.972470e-02
9.973096e-02
