9.945655e-02
9.945655e-02
9.945171e-02
9.944201e-02
9.942740e-02
9.940781e-02
9.938314e-02
9.935327e-02
9.931807e-02
9.927735e-02
9.923094e-02
9.917861e-02
9.912013e-02
9.905523e-02
9.898363e-02
9.890503e-02
9.881908e-02
9.872545e-02
9.862374e-02
9.851357e-02
9.839452e-02
9.826614e-02
9.812798e-02
9.797957e-02
9.782040e-02
9.764996e-02
9.746773e-02
9.727316e-02
9.706570e-02
9.684478e-02
9.660982e-02
9.636023e-02
9.609543e-02
9.581482e-02
9.551779e-02
9.520375e-02
9.487210e-02
9.452225e-02
9.415361e-02
9.376562e-02
9.335770e-02
9.292931e-02
9.247993e-02
9.200903e-02
9.151614e-02
9.100079e-02
9.046255e-02
8.990102e-02
8.931583e-02
8.870665e-02
8.807318e-02
8.741515e-02
8.673237e-02
8.602463e-02
8.529183e-02
8.453386e-02
8.375069e-02
8.294233e-02
8.210881e-02
8.125023e-02
8.036675e-02
7.945854e-02
7.852584e-02
7.756892e-02
7.658810e-02
7.558375e-02
7.455626e-02
7.350607e-02
7.243366e-02
7.133953e-02
7.022424e-02
6.908834e-02
6.793244e-02
6.675717e-02
6.556317e-02
6.435112e-02
6.312169e-02
6.187560e-02
6.061357e-02
5.933631e-02
5.804457e-02
5.673909e-02
5.542063e-02
5.408993e-02
5.274775e-02
5.139484e-02
5.003196e-02
4.865984e-02
4.727923e-02
4.589086e-02
4.449548e-02
4.309379e-02
4.168652e-02
4.027438e-02
3.885809e-02
3.743838e-02
3.601599e-02
3.459171e-02
3.316640e-02
3.174103e-02
3.031678e-02
2.889518e-02
2.747828e-02
2.606902e-02
2.467173e-02
2.329308e-02
2.194338e-02
2.063896e-02
1.940580e-02
1.828552e-02
1.734511e-02
1.669263e-02
1.650257e-02
1.705650e-02
1.880749e-02
2.247992e-02
2.921826e-02
4.079323e-02
5.984758e-02
9.008788e-02
1.361694e-01
2.028042e-01
2.926195e-01
4.031218e-01
5.249165e-01
6.439729e-01
7.474745e-01
8.286783e-01
8.874113e-01
9.274401e-01
9.536298e-01
9.703117e-01
9.807588e-01
9.872338e-01
9.912233e-01
9.936746e-01
9.951805e-01
9.961078e-01
9.966820e-01
9.970411e-01
9.972694e-01
9.974182e-01
9.975190e-01
9.975907e-01
9.976449e-01
9.976886e-01
9.977262e-01
9.977602e-01
9.977922e-01
9.978231e-01
9.978535e-01
9.978837e-01
9.979139e-01
9.979442e-01
9.979747e-01
9.980054e-01
9.980363e-01
9.980674e-01
9.980987e-01
9.981302e-01
9.981617e-01
9.981935e-01
9.982253e-01
9.982571e-01
9.982891e-01
9.983211e-01
9.983530e-01
9.983850e-01
9.984169e-01
9.984488e-01
9.984806e-01
9.985123e-01
9.985439e-01
9.985754e-01
9.986066e-01
9.986378e-01
9.986687e-01
9.986994e-01
9.987299e-01
9.987602e-01
9.987902e-01
9.988199e-01
9.988493e-01
9.988784e-01
9.989073e-01
9.989357e-01
9.989639e-01
9.989917e-01
9.990191e-01
9.990462e-01
9.990729e-01
9.990992e-01
9.991251e-01
9.991506e-01
9.991757e-01
9.992004e-01
9.992246e-01
9.992484e-01
9.992718e-01
9.992947e-01
9.993172e-01
9.993393e-01
9.993609e-01
9.993820e-01
9.994027e-01
9.994229e-01
9.994427e-01
9.994620e-01
9.994809e-01
9.994993e-01
9.995172e-01
9.995347e-01
9.995518e-01
9.995683e-01
9.995845e-01
9.996002e-01
9.996154e-01
9.996302e-01
9.996446e-01
9.996585e-01
9.996719e-01
9.996850e-01
9.996976e-01
9.997098e-01
9.997216e-01
9.997330e-01
9.997439e-01
9.997545e-01
9.997646e-01
9.997744e-01
9.997837e-01
9.997927e-01
9.998013e-01
9.998094e-01
9.998173e-01
9.998247e-01
9.998318e-01
9.998385e-01
9.998448e-01
9.998508e-01
9.998565e-01
9.998617e-01
9.998667e-01
9.998713e-01
9.998755e-01
9.998794e-01
9.998830e-01
9.998863e-01
9.998892e-01
9.998918e-01
9.998940e-01
9.998960e-01
9.998976e-01
9.998988e-01
9.998998e-01
9.999004e-01
9.999008e-01
9.999008e-01
9.999004e-01
9.998998e-01
9.998988e-01
9.998976e-01
9.998960e-01
9.998940e-01
9.998918e-01
9.998892e-01
9.998863e-01
9.998830e-01
9.998794e-01
9.998755e-01
9.998713e-01
9.998667e-01
9.998617e-01
9.998565e-01
9.998508e-01
9.998448e-01
9.998385e-01
9.998318e-01
9.998247e-01
9.998173e-01
9.998094e-01
9.998013e-01
9.997927e-01
9.997837e-01
9.997744e-01
9.997646e-01
9.997545e-01
9.997439e-01
9.997330e-01
9.997216e-01
9.997098e-01
9.996976e-01
9.996850e-01
9.996719e-01
9.996585e-01
9.996446e-01
9.996302e-01
9.996154e-01
9.996002e-01
9.995845e-01
9.995683e-01
9.995518e-01
9.995347e-01
9.995172e-01
9.994993e-01
9.994809e-01
9.994620e-01
9.994427e-01
9.994229e-01
9.994027e-01
9.993820e-01
9.993609e-01
9.993393e-01
9.993172e-01
9.992947e-01
9.992718e-01
9.992484e-01
9.992246e-01
9.992004e-01
9.991757e-01
9.991506e-01
9.991251e-01
9.990992e-01
9.990729e-01
9.990462e-01
9.990191e-01
9.989917e-01
9.989639e-01
9.989357e-01
9.989073e-01
9.988784e-01
9.988493e-01
9.988199e-01
9.987902e-01
9.987602e-01
9.987299e-01
9.986994e-01
9.986687e-01
9.986378e-01
9.986066e-01
9.985754e-01
9.985439e-01
9.985123e-01
9.984806e-01
9.984488e-01
9.984169e-01
9.983850e-01
9.983530e-01
9.983211e-01
9.982891e-01
9.982571e-01
9.982253e-01
9.981935e-01
9.981617e-01
9.981302e-01
9.980987e-01
9.980674e-01
9.980363e-01
9.980054e-01
9.979747e-01
9.979442e-01
9.979139e-01
9.978837e-01
9.978535e-01
9.978231e-01
9.977922e-01
9.977602e-01
9.977262e-01
9.976886e-01
9.976449e-01
9.975907e-01
9.975190e-01
9.974182e-01
9.972694e-01
9.970411e-01
9.966820e-01
9.961078e-01
9.951805e-01
9.936746e-01
9.912233e-01
9.872338e-01
9.807588e-01
9.703117e-01
9.536298e-01
9.274401e-01
8.874113e-01
8.286783e-01
7.474745e-01
6.439729e-01
5.249165e-01
4.031218e-01
2.926195e-01
2.028042e-01
1.361694e-01
9.008788e-02
5.984758e-02
4.079323e-02
2.921826e-02
2.247992e-02
1.880749e-02
1.705650e-02
1.650257e-02
1.669263e-02
1.734511e-02
1.828552e-02
1.940580e-02
2.063896e-02
2.194338e-02
2.329308e-02
2.467173e-02
2.606902e-02
2.747828e-02
2.889518e-02
3.031678e-02
3.174103e-02
3.316640e-02
3.459171e-02
3.601599e-02
3.743838e-02
3.885809e-02
4.027438e-02
4.168652e-02
4.309379e-02
4.449548e-02
4.589086e-02
4.727923e-02
4.865984e-02
5.003196e-02
5.139484e-02
5.274775e-02
5.408993e-02
5.542063e-02
5.673909e-02
5.804457e-02
5.933631e-02
6.061357e-02
6.187560e-02
6.312169e-02
6.435112e-02
6.556317e-02
6.675717e-02
6.793244e-02
6.908834e-02
7.022424e-02
7.133953e-02
7.243366e-02
7.350607e-02
7.455626e-02
7.558375e-02
7.658810e-02
7.756892e-02
7.852584e-02
7.945854e-02
8.036675e-02
8.125023e-02
8.210881e-02
8.294233e-02
8.375069e-02
8.453386e-02
8.529183e-02
8.602463e-02
8.673237e-02
8.741515e-02
8.807318e-02
8.870665e-02
8.931583e-02
8.990102e-02
9.046255e-02
9.100079e-02
9.151614e-02
9.200903e-02
9.247993e-02
9.292931e-02
9.335770e-02
9.376562e-02
9.415361e-02
9.452225e-02
9.487210e-02
9.520375e-02
9.551779e-02
9.581482e-02
9.609543e-02
9.636023e-02
9.660982e-02
9.684478e-02
9.706570e-02
9.727316e-02
9.746773e-02
9.764996e-02
9.782040e-02
9.797957e-02
9.812798e-02
9.826614e-02
9.839452e-02
9.851357e-02
9.862374e-02
9.872545e-02
9.881908e-02
9.890503e-02
9.898363e-02
9.905523e-02
9.912013e-02
9.917861e-02
9.923094e-02
9.927735e-02
9.931807e-02
9.935327e-02
9.938314e-02
9.940781e-02
9.942740e-02
9.944201e-02
9.945171e-02
