1.000000e-01
1.000000e-01
1.000000e-01
1.000000e-01
1.000000e-01
1.000000e-01
1.000000e-01
1.000000e-01
1.000000e-01
1.000000e-01
1.000000e-01
1.000000e-01
1.000000e-01
1.000000e-01
1.000000e-01
1.000000e-01
1.000000e-01
1.000000e-01
1.000000e-01
1.000000e-01
1.000000e-01
1.000000e-01
1.000000e-01
1.000000e-01
1.000000e-01
1.000000e-01
9.999999e-02
9.999999e-02
9.999999e-02
9.999998e-02
9.999998e-02
9.999998e-02
9.999998e-02
9.999997e-02
9.999998e-02
9.999998e-02
9.999999e-02
1.000000e-01
1.000000e-01
1.000001e-01
1.000001e-01
1.000002e-01
1.000002e-01
1.000003e-01
1.000003e-01
1.000004e-01
1.000004e-01
1.000004e-01
1.000004e-01
1.000003e-01
1.000002e-01
9.999992e-02
9.999959e-02
9.999914e-02
9.999857e-02
9.999787e-02
9.999704e-02
9.999612e-02
9.999512e-02
9.999411e-02
9.999317e-02
9.999241e-02
9.999198e-02
9.999206e-02
9.999287e-02
9.999466e-02
9.999770e-02
1.000023e-01
1.000088e-01
1.000175e-01
1.000287e-01
1.000425e-01
1.000591e-01
1.000785e-01
1.001004e-01
1.001244e-01
1.001494e-01
1.001744e-01
1.001975e-01
1.002163e-01
1.002277e-01
1.002279e-01
1.002122e-01
1.001749e-01
1.001093e-01
1.000077e-01
9.986127e-02
9.966028e-02
9.939391e-02
9.905054e-02
9.861779e-02
9.808279e-02
9.743237e-02
9.665338e-02
9.573299e-02
9.465903e-02
9.342034e-02
9.200714e-02
9.041137e-02
8.862695e-02
8.665012e-02
8.447959e-02
8.211679e-02
7.956591e-02
7.683411e-02
7.393161e-02
7.087194e-02
6.767236e-02
6.435457e-02
6.094607e-02
5.748239e-02
5.401079e-02
5.059647e-02
4.733247e-02
4.435581e-02
4.187320e-02
4.020194e-02
3.983403e-02
4.153444e-02
4.648570e-02
5.648513e-02
7.417364e-02
1.032008e-01
1.480789e-01
2.132828e-01
3.011782e-01
4.091661e-01
5.280888e-01
6.444442e-01
7.459106e-01
8.259257e-01
8.841972e-01
9.242539e-01
9.507474e-01
9.678660e-01
9.788015e-01
9.857758e-01
9.902559e-01
9.931805e-01
9.951381e-01
9.964933e-01
9.974701e-01
9.982053e-01
9.987822e-01
9.992512e-01
9.996431e-01
9.999765e-01
1.000263e+00
1.000510e+00
1.000722e+00
1.000902e+00
1.001053e+00
1.001177e+00
1.001276e+00
1.001352e+00
1.001407e+00
1.001441e+00
1.001458e+00
1.001459e+00
1.001445e+00
1.001419e+00
1.001382e+00
1.001336e+00
1.001282e+00
1.001223e+00
1.001158e+00
1.001091e+00
1.001021e+00
1.000950e+00
1.000880e+00
1.000810e+00
1.000741e+00
1.000675e+00
1.000611e+00
1.000551e+00
1.000493e+00
1.000440e+00
1.000390e+00
1.000344e+00
1.000301e+00
1.000263e+00
1.000228e+00
1.000196e+00
1.000168e+00
1.000143e+00
1.000121e+00
1.000101e+00
1.000084e+00
1.000070e+00
1.000057e+00
1.000047e+00
1.000038e+00
1.000030e+00
1.000024e+00
1.000018e+00
1.000014e+00
1.000011e+00
1.000008e+00
1.000006e+00
1.000004e+00
1.000003e+00
1.000002e+00
1.000001e+00
1.000000e+00
1.000000e+00
9.999997e-01
9.999996e-01
9.999995e-01
9.999995e-01
9.999995e-01
9.999995e-01
9.999996e-01
9.999996e-01
9.999997e-01
9.999997e-01
9.999998e-01
9.999998e-01
9.999999e-01
9.999999e-01
9.999999e-01
1.000000e+00
1.000000e+00
1.000000e+00
1.000000e+00
1.000000e+00
1.000000e+00
1.000000e+00
1.000000e+00
1.000000e+00
1.000000e+00
1.000000e+00
1.000000e+00
1.000000e+00
1.000000e+00
1.000000e+00
1.000000e+00
1.000000e+00
1.000000e+00
1.000000e+00
1.000000e+00
1.000000e+00
1.000000e+00
1.000000e+00
1.000000e+00
1.000000e+00
1.000000e+00
1.000000e+00
1.000000e+00
1.000000e+00
1.000000e+00
1.000000e+00
1.000000e+00
1.000000e+00
1.000000e+00
1.000000e+00
1.000000e+00
1.000000e+00
1.000000e+00
1.000000e+00
1.000000e+00
1.000000e+00
1.000000e+00
1.000000e+00
1.000000e+00
1.000000e+00
1.000000e+00
1.000000e+00
1.000000e+00
1.000000e+00
1.000000e+00
1.000000e+00
1.000000e+00
1.000000e+00
1.000000e+00
1.000000e+00
1.000000e+00
1.000000e+00
1.000000e+00
1.000000e+00
1.000000e+00
1.000000e+00
1.000000e+00
1.000000e+00
1.000000e+00
1.000000e+00
1.000000e+00
1.000000e+00
1.000000e+00
1.000000e+00
1.000000e+00
1.000000e+00
1.000000e+00
1.000000e+00
1.000000e+00
9.999999e-01
9.999999e-01
9.999999e-01
9.999998e-01
9.999998e-01
9.999997e-01
9.999997e-01
9.999996e-01
9.999996e-01
9.999995e-01
9.999995e-01
9.999995e-01
9.999995e-01
9.999996e-01
9.999997e-01
1.000000e+00
1.000000e+00
1.000001e+00
1.000002e+00
1.000003e+00
1.000004e+00
1.000006e+00
1.000008e+00
1.000011e+00
1.000014e+00
1.000018e+00
1.000024e+00
1.000030e+00
1.000038e+00
1.000047e+00
1.000057e+00
1.000070e+00
1.000084e+00
1.000101e+00
1.000121e+00
1.000143e+00
1.000168e+00
1.000196e+00
1.000228e+00
1.000263e+00
1.000301e+00
1.000344e+00
1.000390e+00
1.000440e+00
1.000493e+00
1.000551e+00
1.000611e+00
1.000675e+00
1.000741e+00
1.000810e+00
1.000880e+00
1.000950e+00
1.001021e+00
1.001091e+00
1.001158e+00
1.001223e+00
1.001282e+00
1.001336e+00
1.001382e+00
1.001419e+00
1.001445e+00
1.001459e+00
1.001458e+00
1.001441e+00
1.001407e+00
1.001352e+00
1.001276e+00
1.001177e+00
1.001053e+00
1.000902e+00
1.000722e+00
1.000510e+00
1.000263e+00
9.999765e-01
9.996431e-01
9.992512e-01
9.987822e-01
9.982053e-01
9.974701e-01
9.964933e-01
9.951381e-01
9.931805e-01
9.902559e-01
9.857758e-01
9.788015e-01
9.678660e-01
9.507474e-01
9.242539e-01
8.841972e-01
8.259257e-01
7.459106e-01
6.444442e-01
5.280888e-01
4.091661e-01
3.011782e-01
2.132828e-01
1.480789e-01
1.032008e-01
7.417364e-02
5.648513e-02
4.648570e-02
4.153444e-02
3.983403e-02
4.020194e-02
4.187320e-02
4.435581e-02
4.733247e-02
5.059647e-02
5.401079e-02
5.748239e-02
6.094607e-02
6.435457e-02
6.767236e-02
7.087194e-02
7.393161e-02
7.683411e-02
7.956591e-02
8.211679e-02
8.447959e-02
8.665012e-02
8.862695e-02
9.041137e-02
9.200714e-02
9.342034e-02
9.465903e-02
9.573299e-02
9.665338e-02
9.743237e-02
9.808279e-02
9.861779e-02
9.905054e-02
9.939391e-02
9.966028e-02
9.986127e-02
1.000077e-01
1.001093e-01
1.001749e-01
1.002122e-01
1.002279e-01
1.002277e-01
1.002163e-01
1.001975e-01
1.001744e-01
1.001494e-01
1.001244e-01
1.001004e-01
1.000785e-01
1.000591e-01
1.000425e-01
1.000287e-01
1.000175e-01
1.000088e-01
1.000023e-01
9.999770e-02
9.999466e-02
9.999287e-02
9.999206e-02
9.999198e-02
9.999241e-02
9.999317e-02
9.999411e-02
9.999512e-02
9.999612e-02
9.999704e-02
9.999787e-02
9.999857e-02
9.999914e-02
9.999959e-02
9.999992e-02
1.000002e-01
1.000003e-01
1.000004e-01
1.000004e-01
1.000004e-01
1.000004e-01
1.000003e-01
1.000003e-01
1.000002e-01
1.000002e-01
1.000001e-01
1.000001e-01
1.000000e-01
1.000000e-01
9.999999e-02
9.999998e-02
9.999998e-02
9.999997e-02
9.999998e-02
9.999998e-02
9.999998e-02
9.999998e-02
9.999999e-02
9.999999e-02
9.999999e-02
1.000000e-01
1.000000e-01
1.000000e-01
1.000000e-01
1.000000e-01
1.000000e-01
1.000000e-01
1.000000e-01
1.000000e-01
1.000000e-01
1.000000e-01
1.000000e-01
1.000000e-01
1.000000e-01
1.000000e-01
1.000000e-01
1.000000e-01
1.000000e-01
1.000000e-01
1.000000e-01
1.000000e-01
1.000000e-01
1.000000e-01
1.000000e-01
