1.000000e-01
1.000000e-01
1.000000e-01
1.000000e-01
1.000000e-01
1.000000e-01
1.000000e-01
1.000000e-01
1.000000e-01
1.000000e-01
1.000000e-01
1.000000e-01
1.000000e-01
1.000000e-01
1.000000e-01
1.000000e-01
1.000000e-01
1.000000e-01
1.000000e-01
1.000000e-01
1.000000e-01
1.000000e-01
1.000000e-01
1.000000e-01
9.999998e-02
9.999995e-02
9.999991e-02
9.999985e-02
9.999979e-02
9.999972e-02
9.999963e-02
9.999953e-02
9.999943e-02
9.999932e-02
9.999921e-02
9.999910e-02
9.999901e-02
9.999895e-02
9.999894e-02
9.999898e-02
9.999911e-02
9.999934e-02
9.999972e-02
1.000003e-01
1.000010e-01
1.000020e-01
1.000033e-01
1.000049e-01
1.000069e-01
1.000093e-01
1.000121e-01
1.000153e-01
1.000189e-01
1.000230e-01
1.000274e-01
1.000320e-01
1.000366e-01
1.000412e-01
1.000453e-01
1.000486e-01
1.000505e-01
1.000506e-01
1.000480e-01
1.000419e-01
1.000311e-01
1.000143e-01
9.999011e-02
9.995665e-02
9.991193e-02
9.985364e-02
9.977916e-02
9.968557e-02
9.956962e-02
9.942772e-02
9.925598e-02
9.905016e-02
9.880573e-02
9.851788e-02
9.818153e-02
9.779143e-02
9.734214e-02
9.682812e-02
9.624382e-02
9.558374e-02
9.484247e-02
9.401485e-02
9.309600e-02
9.208146e-02
9.096722e-02
8.974984e-02
8.842651e-02
8.699513e-02
8.545434e-02
8.380356e-02
8.204305e-02
8.017388e-02
7.819794e-02
7.611793e-02
7.393734e-02
7.166040e-02
6.929208e-02
6.683805e-02
6.430472e-02
6.169924e-02
5.902970e-02
5.630530e-02
5.353685e-02
5.073746e-02
4.792381e-02
4.511806e-02
4.235112e-02
3.966773e-02
3.713477e-02
3.485452e-02
3.298588e-02
3.177833e-02
3.162545e-02
3.314813e-02
3.731996e-02
4.564541e-02
6.038597e-02
8.477792e-02
1.230661e-01
1.799817e-01
2.591620e-01
3.604270e-01
4.772593e-01
5.972465e-01
7.066930e-01
7.962717e-01
8.633253e-01
9.102519e-01
9.415833e-01
9.618676e-01
9.747578e-01
9.828717e-01
9.879683e-01
9.911845e-01
9.932387e-01
9.945782e-01
9.954792e-01
9.961111e-01
9.965772e-01
9.969408e-01
9.972398e-01
9.974974e-01
9.977274e-01
9.979381e-01
9.981344e-01
9.983190e-01
9.984937e-01
9.986593e-01
9.988162e-01
9.989648e-01
9.991051e-01
9.992371e-01
9.993610e-01
9.994768e-01
9.995846e-01
9.996844e-01
9.997764e-01
9.998608e-01
9.999377e-01
1.000007e+00
1.000070e+00
1.000126e+00
1.000176e+00
1.000219e+00
1.000257e+00
1.000289e+00
1.000316e+00
1.000338e+00
1.000355e+00
1.000368e+00
1.000378e+00
1.000384e+00
1.000387e+00
1.000387e+00
1.000384e+00
1.000379e+00
1.000373e+00
1.000364e+00
1.000354e+00
1.000343e+00
1.000330e+00
1.000317e+00
1.000303e+00
1.000289e+00
1.000275e+00
1.000260e+00
1.000246e+00
1.000231e+00
1.000217e+00
1.000203e+00
1.000189e+00
1.000176e+00
1.000163e+00
1.000150e+00
1.000139e+00
1.000127e+00
1.000117e+00
1.000107e+00
1.000097e+00
1.000089e+00
1.000080e+00
1.000073e+00
1.000066e+00
1.000059e+00
1.000053e+00
1.000047e+00
1.000042e+00
1.000038e+00
1.000033e+00
1.000030e+00
1.000026e+00
1.000023e+00
1.000020e+00
1.000018e+00
1.000015e+00
1.000013e+00
1.000012e+00
1.000010e+00
1.000009e+00
1.000007e+00
1.000006e+00
1.000005e+00
1.000005e+00
1.000004e+00
1.000003e+00
1.000003e+00
1.000002e+00
1.000002e+00
1.000002e+00
1.000001e+00
1.000001e+00
1.000001e+00
1.000001e+00
1.000001e+00
1.000000e+00
1.000000e+00
1.000000e+00
1.000000e+00
1.000000e+00
1.000000e+00
1.000000e+00
1.000000e+00
1.000000e+00
1.000000e+00
1.000000e+00
1.000000e+00
1.000000e+00
1.000000e+00
1.000000e+00
1.000000e+00
1.000000e+00
1.000000e+00
1.000000e+00
1.000000e+00
1.000000e+00
1.000000e+00
1.000000e+00
1.000000e+00
1.000000e+00
1.000000e+00
1.000000e+00
1.000000e+00
1.000000e+00
1.000000e+00
1.000000e+00
1.000000e+00
1.000000e+00
1.000000e+00
1.000000e+00
1.000000e+00
1.000000e+00
1.000000e+00
1.000001e+00
1.000001e+00
1.000001e+00
1.000001e+00
1.000001e+00
1.000002e+00
1.000002e+00
1.000002e+00
1.000003e+00
1.000003e+00
1.000004e+00
1.000005e+00
1.000005e+00
1.000006e+00
1.000007e+00
1.000009e+00
1.000010e+00
1.000012e+00
1.000013e+00
1.000015e+00
1.000018e+00
1.000020e+00
1.000023e+00
1.000026e+00
1.000030e+00
1.000033e+00
1.000038e+00
1.000042e+00
1.000047e+00
1.000053e+00
1.000059e+00
1.000066e+00
1.000073e+00
1.000080e+00
1.000089e+00
1.000097e+00
1.000107e+00
1.000117e+00
1.000127e+00
1.000139e+00
1.000150e+00
1.000163e+00
1.000176e+00
1.000189e+00
1.000203e+00
1.000217e+00
1.000231e+00
1.000246e+00
1.000260e+00
1.000275e+00
1.000289e+00
1.000303e+00
1.000317e+00
1.000330e+00
1.000343e+00
1.000354e+00
1.000364e+00
1.000373e+00
1.000379e+00
1.000384e+00
1.000387e+00
1.000387e+00
1.000384e+00
1.000378e+00
1.000368e+00
1.000355e+00
1.000338e+00
1.000316e+00
1.000289e+00
1.000257e+00
1.000219e+00
1.000176e+00
1.000126e+00
1.000070e+00
1.000007e+00
9.999377e-01
9.998608e-01
9.997764e-01
9.996844e-01
9.995846e-01
9.994768e-01
9.993610e-01
9.992371e-01
9.991051e-01
9.989648e-01
9.988162e-01
9.986593e-01
9.984937e-01
9.983190e-01
9.981344e-01
9.979381e-01
9.977274e-01
9.974974e-01
9.972398e-01
9.969408e-01
9.965772e-01
9.961111e-01
9.954792e-01
9.945782e-01
9.932387e-01
9.911845e-01
9.879683e-01
9.828717e-01
9.747578e-01
9.618676e-01
9.415833e-01
9.102519e-01
8.633253e-01
7.962717e-01
7.066930e-01
5.972465e-01
4.772593e-01
3.604270e-01
2.591620e-01
1.799817e-01
1.230661e-01
8.477792e-02
6.038597e-02
4.564541e-02
3.731996e-02
3.314813e-02
3.162545e-02
3.177833e-02
3.298588e-02
3.485452e-02
3.713477e-02
3.966773e-02
4.235112e-02
4.511806e-02
4.792381e-02
5.073746e-02
5.353685e-02
5.630530e-02
5.902970e-02
6.169924e-02
6.430472e-02
6.683805e-02
6.929208e-02
7.166040e-02
7.393734e-02
7.611793e-02
7.819794e-02
8.017388e-02
8.204305e-02
8.380356e-02
8.545434e-02
8.699513e-02
8.842651e-02
8.974984e-02
9.096722e-02
9.208146e-02
9.309600e-02
9.401485e-02
9.484247e-02
9.558374e-02
9.624382e-02
9.682812e-02
9.734214e-02
9.779143e-02
9.818153e-02
9.851788e-02
9.880573e-02
9.905016e-02
9.925598e-02
9.942772e-02
9.956962e-02
9.968557e-02
9.977916e-02
9.985364e-02
9.991193e-02
9.995665e-02
9.999011e-02
1.000143e-01
1.000311e-01
1.000419e-01
1.000480e-01
1.000506e-01
1.000505e-01
1.000486e-01
1.000453e-01
1.000412e-01
1.000366e-01
1.000320e-01
1.000274e-01
1.000230e-01
1.000189e-01
1.000153e-01
1.000121e-01
1.000093e-01
1.000069e-01
1.000049e-01
1.000033e-01
1.000020e-01
1.000010e-01
1.000003e-01
9.999972e-02
9.999934e-02
9.999911e-02
9.999898e-02
9.999894e-02
9.999895e-02
9.999901e-02
9.999910e-02
9.999921e-02
9.999932e-02
9.999943e-02
9.999953e-02
9.999963e-02
9.999972e-02
9.999979e-02
9.999985e-02
9.999991e-02
9.999995e-02
9.999998e-02
1.000000e-01
1.000000e-01
1.000000e-01
1.000000e-01
1.000000e-01
1.000000e-01
1.000000e-01
1.000000e-01
1.000000e-01
1.000000e-01
1.000000e-01
1.000000e-01
1.000000e-01
1.000000e-01
1.000000e-01
1.000000e-01
1.000000e-01
1.000000e-01
1.000000e-01
1.000000e-01
1.000000e-01
1.000000e-01
