9.999999e-02
9.999999e-02
9.999999e-02
9.999999e-02
9.999998e-02
9.999997e-02
9.999996e-02
9.999995e-02
9.999994e-02
9.999992e-02
9.999990e-02
9.999988e-02
9.999986e-02
9.999984e-02
9.999982e-02
9.999981e-02
9.999980e-02
9.999980e-02
9.999981e-02
9.999983e-02
9.999987e-02
9.999993e-02
1.000000e-01
1.000002e-01
1.000003e-01
1.000005e-01
1.000008e-01
1.000012e-01
1.000016e-01
1.000021e-01
1.000026e-01
1.000033e-01
1.000041e-01
1.000050e-01
1.000059e-01
1.000070e-01
1.000081e-01
1.000093e-01
1.000105e-01
1.000116e-01
1.000126e-01
1.000135e-01
1.000140e-01
1.000141e-01
1.000136e-01
1.000123e-01
1.000099e-01
1.000061e-01
1.000007e-01
9.999309e-02
9.998288e-02
9.996949e-02
9.995227e-02
9.993048e-02
9.990326e-02
9.986965e-02
9.982858e-02
9.977884e-02
9.971907e-02
9.964778e-02
9.956333e-02
9.946393e-02
9.934762e-02
9.921227e-02
9.905560e-02
9.887519e-02
9.866843e-02
9.843258e-02
9.816477e-02
9.786201e-02
9.752120e-02
9.713915e-02
9.671262e-02
9.623836e-02
9.571309e-02
9.513358e-02
9.449667e-02
9.379929e-02
9.303855e-02
9.221170e-02
9.131625e-02
9.034995e-02
8.931085e-02
8.819730e-02
8.700804e-02
8.574216e-02
8.439914e-02
8.297887e-02
8.148166e-02
7.990820e-02
7.825963e-02
7.653745e-02
7.474355e-02
7.288018e-02
7.094993e-02
6.895571e-02
6.690069e-02
6.478833e-02
6.262233e-02
6.040660e-02
5.814533e-02
5.584295e-02
5.350423e-02
5.113440e-02
4.873935e-02
4.632601e-02
4.390290e-02
4.148111e-02
3.907578e-02
3.670856e-02
3.441151e-02
3.223340e-02
3.024985e-02
2.857955e-02
2.741038e-02
2.704092e-02
2.794584e-02
3.087652e-02
3.700990e-02
4.815227e-02
6.697730e-02
9.719956e-02
1.434261e-01
2.102231e-01
2.999624e-01
4.098706e-01
5.304399e-01
6.478308e-01
7.496174e-01
8.293908e-01
8.871111e-01
9.265127e-01
9.523613e-01
9.688897e-01
9.792970e-01
9.857981e-01
9.898508e-01
9.923859e-01
9.939867e-01
9.950149e-01
9.956931e-01
9.961577e-01
9.964920e-01
9.967467e-01
9.969526e-01
9.971285e-01
9.972854e-01
9.974303e-01
9.975671e-01
9.976981e-01
9.978247e-01
9.979476e-01
9.980671e-01
9.981834e-01
9.982966e-01
9.984066e-01
9.985133e-01
9.986166e-01
9.987165e-01
9.988129e-01
9.989056e-01
9.989947e-01
9.990800e-01
9.991616e-01
9.992394e-01
9.993135e-01
9.993838e-01
9.994503e-01
9.995132e-01
9.995724e-01
9.996280e-01
9.996800e-01
9.997286e-01
9.997738e-01
9.998158e-01
9.998546e-01
9.998903e-01
9.999230e-01
9.999529e-01
9.999801e-01
1.000005e+00
1.000027e+00
1.000046e+00
1.000064e+00
1.000079e+00
1.000093e+00
1.000104e+00
1.000114e+00
1.000122e+00
1.000129e+00
1.000134e+00
1.000138e+00
1.000141e+00
1.000143e+00
1.000144e+00
1.000144e+00
1.000143e+00
1.000141e+00
1.000139e+00
1.000136e+00
1.000133e+00
1.000130e+00
1.000126e+00
1.000122e+00
1.000117e+00
1.000113e+00
1.000108e+00
1.000104e+00
1.000099e+00
1.000094e+00
1.000089e+00
1.000085e+00
1.000080e+00
1.000075e+00
1.000071e+00
1.000067e+00
1.000063e+00
1.000059e+00
1.000055e+00
1.000051e+00
1.000047e+00
1.000044e+00
1.000041e+00
1.000038e+00
1.000035e+00
1.000032e+00
1.000030e+00
1.000027e+00
1.000025e+00
1.000023e+00
1.000021e+00
1.000019e+00
1.000017e+00
1.000016e+00
1.000014e+00
1.000013e+00
1.000012e+00
1.000011e+00
1.000010e+00
1.000009e+00
1.000008e+00
1.000007e+00
1.000006e+00
1.000006e+00
1.000005e+00
1.000005e+00
1.000004e+00
1.000004e+00
1.000003e+00
1.000003e+00
1.000003e+00
1.000003e+00
1.000002e+00
1.000002e+00
1.000002e+00
1.000002e+00
1.000002e+00
1.000002e+00
1.000002e+00
1.000002e+00
1.000002e+00
1.000002e+00
1.000003e+00
1.000003e+00
1.000003e+00
1.000003e+00
1.000004e+00
1.000004e+00
1.000005e+00
1.000005e+00
1.000006e+00
1.000006e+00
1.000007e+00
1.000008e+00
1.000009e+00
1.000010e+00
1.000011e+00
1.000012e+00
1.000013e+00
1.000014e+00
1.000016e+00
1.000017e+00
1.000019e+00
1.000021e+00
1.000023e+00
1.000025e+00
1.000027e+00
1.000030e+00
1.000032e+00
1.000035e+00
1.000038e+00
1.000041e+00
1.000044e+00
1.000047e+00
1.000051e+00
1.000055e+00
1.000059e+00
1.000063e+00
1.000067e+00
1.000071e+00
1.000075e+00
1.000080e+00
1.000085e+00
1.000089e+00
1.000094e+00
1.000099e+00
1.000104e+00
1.000108e+00
1.000113e+00
1.000117e+00
1.000122e+00
1.000126e+00
1.000130e+00
1.000133e+00
1.000136e+00
1.000139e+00
1.000141e+00
1.000143e+00
1.000144e+00
1.000144e+00
1.000143e+00
1.000141e+00
1.000138e+00
1.000134e+00
1.000129e+00
1.000122e+00
1.000114e+00
1.000104e+00
1.000093e+00
1.000079e+00
1.000064e+00
1.000046e+00
1.000027e+00
1.000005e+00
9.999801e-01
9.999529e-01
9.999230e-01
9.998903e-01
9.998546e-01
9.998158e-01
9.997738e-01
9.997286e-01
9.996800e-01
9.996280e-01
9.995724e-01
9.995132e-01
9.994503e-01
9.993838e-01
9.993135e-01
9.992394e-01
9.991616e-01
9.990800e-01
9.989947e-01
9.989056e-01
9.988129e-01
9.987165e-01
9.986166e-01
9.985133e-01
9.984066e-01
9.982966e-01
9.981834e-01
9.980671e-01
9.979476e-01
9.978247e-01
9.976981e-01
9.975671e-01
9.974303e-01
9.972854e-01
9.971285e-01
9.969526e-01
9.967467e-01
9.964920e-01
9.961577e-01
9.956931e-01
9.950149e-01
9.939867e-01
9.923859e-01
9.898508e-01
9.857981e-01
9.792970e-01
9.688897e-01
9.523613e-01
9.265127e-01
8.871111e-01
8.293908e-01
7.496174e-01
6.478308e-01
5.304399e-01
4.098706e-01
2.999624e-01
2.102231e-01
1.434261e-01
9.719956e-02
6.697730e-02
4.815227e-02
3.700990e-02
3.087652e-02
2.794584e-02
2.704092e-02
2.741038e-02
2.857955e-02
3.024985e-02
3.223340e-02
3.441151e-02
3.670856e-02
3.907578e-02
4.148111e-02
4.390290e-02
4.632601e-02
4.873935e-02
5.113440e-02
5.350423e-02
5.584295e-02
5.814533e-02
6.040660e-02
6.262233e-02
6.478833e-02
6.690069e-02
6.895571e-02
7.094993e-02
7.288018e-02
7.474355e-02
7.653745e-02
7.825963e-02
7.990820e-02
8.148166e-02
8.297887e-02
8.439914e-02
8.574216e-02
8.700804e-02
8.819730e-02
8.931085e-02
9.034995e-02
9.131625e-02
9.221170e-02
9.303855e-02
9.379929e-02
9.449667e-02
9.513358e-02
9.571309e-02
9.623836e-02
9.671262e-02
9.713915e-02
9.752120e-02
9.786201e-02
9.816477e-02
9.843258e-02
9.866843e-02
9.887519e-02
9.905560e-02
9.921227e-02
9.934762e-02
9.946393e-02
9.956333e-02
9.964778e-02
9.971907e-02
9.977884e-02
9.982858e-02
9.986965e-02
9.990326e-02
9.993048e-02
9.995227e-02
9.996949e-02
9.998288e-02
9.999309e-02
1.000007e-01
1.000061e-01
1.000099e-01
1.000123e-01
1.000136e-01
1.000141e-01
1.000140e-01
1.000135e-01
1.000126e-01
1.000116e-01
1.000105e-01
1.000093e-01
1.000081e-01
1.000070e-01
1.000059e-01
1.000050e-01
1.000041e-01
1.000033e-01
1.000026e-01
1.000021e-01
1.000016e-01
1.000012e-01
1.000008e-01
1.000005e-01
1.000003e-01
1.000002e-01
1.000000e-01
9.999993e-02
9.999987e-02
9.999983e-02
9.999981e-02
9.999980e-02
9.999980e-02
9.999981e-02
9.999982e-02
9.999984e-02
9.999986e-02
9.999988e-02
9.999990e-02
9.999992e-02
9.999994e-02
9.999995e-02
9.999996e-02
9.999997e-02
9.999998e-02
9.999999e-02
9.999999e-02
