9.999994e-02
9.999994e-02
9.999995e-02
9.999997e-02
1.000000e-01
1.000000e-01
1.000001e-01
1.000002e-01
1.000002e-01
1.000003e-01
1.000005e-01
1.000006e-01
1.000008e-01
1.000010e-01
1.000012e-01
1.000014e-01
1.000017e-01
1.000020e-01
1.000023e-01
1.000026e-01
1.000030e-01
1.000033e-01
1.000036e-01
1.000039e-01
1.000042e-01
1.000043e-01
1.000044e-01
1.000042e-01
1.000039e-01
1.000033e-01
1.000023e-01
1.000008e-01
9.999877e-02
9.999601e-02
9.999239e-02
9.998771e-02
9.998177e-02
9.997432e-02
9.996509e-02
9.995375e-02
9.993995e-02
9.992327e-02
9.990326e-02
9.987939e-02
9.985110e-02
9.981774e-02
9.977860e-02
9.973290e-02
9.967976e-02
9.961824e-02
9.954732e-02
9.946586e-02
9.937266e-02
9.926641e-02
9.914569e-02
9.900903e-02
9.885480e-02
9.868134e-02
9.848685e-02
9.826948e-02
9.802726e-02
9.775819e-02
9.746018e-02
9.713108e-02
9.676872e-02
9.637090e-02
9.593539e-02
9.545997e-02
9.494246e-02
9.438071e-02
9.377263e-02
9.311621e-02
9.240956e-02
9.165090e-02
9.083859e-02
8.997117e-02
8.904735e-02
8.806603e-02
8.702636e-02
8.592766e-02
8.476953e-02
8.355179e-02
8.227452e-02
8.093803e-02
7.954290e-02
7.808994e-02
7.658020e-02
7.501495e-02
7.339568e-02
7.172410e-02
7.000208e-02
6.823167e-02
6.641508e-02
6.455467e-02
6.265289e-02
6.071232e-02
5.873563e-02
5.672557e-02
5.468501e-02
5.261689e-02
5.052429e-02
4.841048e-02
4.627901e-02
4.413387e-02
4.197979e-02
3.982260e-02
3.767001e-02
3.553266e-02
3.342593e-02
3.137281e-02
2.940853e-02
2.758800e-02
2.599782e-02
2.477558e-02
2.414084e-02
2.444429e-02
2.624488e-02
3.042710e-02
3.837102e-02
5.217550e-02
7.489295e-02
1.106288e-01
1.641680e-01
2.396167e-01
3.378049e-01
4.534718e-01
5.749250e-01
6.880516e-01
7.822761e-01
8.537272e-01
9.041534e-01
9.379701e-01
9.598850e-01
9.737805e-01
9.824772e-01
9.878837e-01
9.912388e-01
9.933268e-01
9.946367e-01
9.954706e-01
9.960139e-01
9.963804e-01
9.966393e-01
9.968329e-01
9.969868e-01
9.971166e-01
9.972317e-01
9.973377e-01
9.974382e-01
9.975350e-01
9.976293e-01
9.977218e-01
9.978127e-01
9.979023e-01
9.979906e-01
9.980776e-01
9.981632e-01
9.982473e-01
9.983298e-01
9.984108e-01
9.984900e-01
9.985674e-01
9.986429e-01
9.987165e-01
9.987881e-01
9.988577e-01
9.989251e-01
9.989904e-01
9.990535e-01
9.991145e-01
9.991732e-01
9.992297e-01
9.992840e-01
9.993360e-01
9.993859e-01
9.994335e-01
9.994789e-01
9.995222e-01
9.995634e-01
9.996025e-01
9.996395e-01
9.996745e-01
9.997075e-01
9.997386e-01
9.997678e-01
9.997952e-01
9.998208e-01
9.998447e-01
9.998670e-01
9.998877e-01
9.999068e-01
9.999245e-01
9.999408e-01
9.999557e-01
9.999693e-01
9.999818e-01
9.999930e-01
1.000003e+00
1.000012e+00
1.000020e+00
1.000028e+00
1.000034e+00
1.000040e+00
1.000044e+00
1.000049e+00
1.000052e+00
1.000055e+00
1.000057e+00
1.000059e+00
1.000060e+00
1.000061e+00
1.000062e+00
1.000062e+00
1.000062e+00
1.000061e+00
1.000061e+00
1.000060e+00
1.000059e+00
1.000057e+00
1.000056e+00
1.000054e+00
1.000053e+00
1.000051e+00
1.000049e+00
1.000047e+00
1.000046e+00
1.000044e+00
1.000042e+00
1.000040e+00
1.000038e+00
1.000036e+00
1.000035e+00
1.000033e+00
1.000031e+00
1.000030e+00
1.000028e+00
1.000027e+00
1.000025e+00
1.000024e+00
1.000022e+00
1.000021e+00
1.000020e+00
1.000019e+00
1.000018e+00
1.000017e+00
1.000016e+00
1.000015e+00
1.000014e+00
1.000014e+00
1.000013e+00
1.000013e+00
1.000012e+00
1.000012e+00
1.000011e+00
1.000011e+00
1.000011e+00
1.000011e+00
1.000011e+00
1.000011e+00
1.000011e+00
1.000011e+00
1.000012e+00
1.000012e+00
1.000013e+00
1.000013e+00
1.000014e+00
1.000014e+00
1.000015e+00
1.000016e+00
1.000017e+00
1.000018e+00
1.000019e+00
1.000020e+00
1.000021e+00
1.000022e+00
1.000024e+00
1.000025e+00
1.000027e+00
1.000028e+00
1.000030e+00
1.000031e+00
1.000033e+00
1.000035e+00
1.000036e+00
1.000038e+00
1.000040e+00
1.000042e+00
1.000044e+00
1.000046e+00
1.000047e+00
1.000049e+00
1.000051e+00
1.000053e+00
1.000054e+00
1.000056e+00
1.000057e+00
1.000059e+00
1.000060e+00
1.000061e+00
1.000061e+00
1.000062e+00
1.000062e+00
1.000062e+00
1.000061e+00
1.000060e+00
1.000059e+00
1.000057e+00
1.000055e+00
1.000052e+00
1.000049e+00
1.000044e+00
1.000040e+00
1.000034e+00
1.000028e+00
1.000020e+00
1.000012e+00
1.000003e+00
9.999930e-01
9.999818e-01
9.999693e-01
9.999557e-01
9.999408e-01
9.999245e-01
9.999068e-01
9.998877e-01
9.998670e-01
9.998447e-01
9.998208e-01
9.997952e-01
9.997678e-01
9.997386e-01
9.997075e-01
9.996745e-01
9.996395e-01
9.996025e-01
9.995634e-01
9.995222e-01
9.994789e-01
9.994335e-01
9.993859e-01
9.993360e-01
9.992840e-01
9.992297e-01
9.991732e-01
9.991145e-01
9.990535e-01
9.989904e-01
9.989251e-01
9.988577e-01
9.987881e-01
9.987165e-01
9.986429e-01
9.985674e-01
9.984900e-01
9.984108e-01
9.983298e-01
9.982473e-01
9.981632e-01
9.980776e-01
9.979906e-01
9.979023e-01
9.978127e-01
9.977218e-01
9.976293e-01
9.975350e-01
9.974382e-01
9.973377e-01
9.972317e-01
9.971166e-01
9.969868e-01
9.968329e-01
9.966393e-01
9.963804e-01
9.960139e-01
9.954706e-01
9.946367e-01
9.933268e-01
9.912388e-01
9.878837e-01
9.824772e-01
9.737805e-01
9.598850e-01
9.379701e-01
9.041534e-01
8.537272e-01
7.822761e-01
6.880516e-01
5.749250e-01
4.534718e-01
3.378049e-01
2.396167e-01
1.641680e-01
1.106288e-01
7.489295e-02
5.217550e-02
3.837102e-02
3.042710e-02
2.624488e-02
2.444429e-02
2.414084e-02
2.477558e-02
2.599782e-02
2.758800e-02
2.940853e-02
3.137281e-02
3.342593e-02
3.553266e-02
3.767001e-02
3.982260e-02
4.197979e-02
4.413387e-02
4.627901e-02
4.841048e-02
5.052429e-02
5.261689e-02
5.468501e-02
5.672557e-02
5.873563e-02
6.071232e-02
6.265289e-02
6.455467e-02
6.641508e-02
6.823167e-02
7.000208e-02
7.172410e-02
7.339568e-02
7.501495e-02
7.658020e-02
7.808994e-02
7.954290e-02
8.093803e-02
8.227452e-02
8.355179e-02
8.476953e-02
8.592766e-02
8.702636e-02
8.806603e-02
8.904735e-02
8.997117e-02
9.083859e-02
9.165090e-02
9.240956e-02
9.311621e-02
9.377263e-02
9.438071e-02
9.494246e-02
9.545997e-02
9.593539e-02
9.637090e-02
9.676872e-02
9.713108e-02
9.746018e-02
9.775819e-02
9.802726e-02
9.826948e-02
9.848685e-02
9.868134e-02
9.885480e-02
9.900903e-02
9.914569e-02
9.926641e-02
9.937266e-02
9.946586e-02
9.954732e-02
9.961824e-02
9.967976e-02
9.973290e-02
9.977860e-02
9.981774e-02
9.985110e-02
9.987939e-02
9.990326e-02
9.992327e-02
9.993995e-02
9.995375e-02
9.996509e-02
9.997432e-02
9.998177e-02
9.998771e-02
9.999239e-02
9.999601e-02
9.999877e-02
1.000008e-01
1.000023e-01
1.000033e-01
1.000039e-01
1.000042e-01
1.000044e-01
1.000043e-01
1.000042e-01
1.000039e-01
1.000036e-01
1.000033e-01
1.000030e-01
1.000026e-01
1.000023e-01
1.000020e-01
1.000017e-01
1.000014e-01
1.000012e-01
1.000010e-01
1.000008e-01
1.000006e-01
1.000005e-01
1.000003e-01
1.000002e-01
1.000002e-01
1.000001e-01
1.000000e-01
1.000000e-01
9.999997e-02
9.999995e-02
